########################################
# legofit: estimate population history #
#       version 2.3.4-4-g53f8760       #
########################################

# Program was compiled: Sep 21 2021 14:36:42
# Program was run: Thu Sep 23 11:11:41 2021

# cmd: legofit -1 -d 0 -t 32 --ptsPerDim 3 --stateOut b1boot25.state --tol 3e-6 -S 5000 af2.lgo ../../chrX/boot_chrX/boot25.opf
# Stage nOptItr nSimReps
#     0    5000        0
# algorithm          : deterministic
# ignoring probs <=  : 0
# Branch length floor: 0
# DE strategy        : 2
#    F               : 0.3
#    CR              : 0.8
#    tolerance       : 3e-06
# nthreads           : 32
# lgo input file     : af2.lgo
# site pat input file: ../../chrX/boot_chrX/boot25.opf
# free parameters    : 14
# points in DE swarm : 42
# output state file  : b1boot25.state
# Including singleton site patterns.
# cost function      : KL
Initial parameter values
Fixed:
      zero = 0
       one = 1
    Tbecnw = 75200
Free:
       pc1 = 0
       pc2 = 0
       pc3 = 0
       pc4 = 0
       pc5 = 0
       pc6 = 0
       pc7 = 0
       pc8 = 0
       pc9 = 0
      pc10 = 0
      pc11 = 0
      pc12 = 0
      pc13 = 0
      pc14 = 0
Constrained:
   Tgbecnw = 98129.1
     Tecnw = 24938.3
       Tnw = 21647.4
       Tec = 10848.9
     twoNb = 186413
     twoNc = 371264
     twoNw = 2.41907e+06
    twoNec = 106547
    twoNnw = 14030.3
  twoNecnw = 69331.9
  twoNbecnw = 11635.8
  twoNgbecnw = 119092
         m = 0.277213
        m6 = 3.35942e-06
        Ta = 37600
        Tf = 10823.7
DiffEv reached_goal. cost=2.76771e-03 spread=2.82748e-06
Fitted parameter values
Free:
       pc1 = 0.0530195
       pc2 = -3.90097
       pc3 = -1.30322
       pc4 = -2.08984
       pc5 = -1.61018
       pc6 = -1.79757
       pc7 = 1.07303
       pc8 = -1.01177
       pc9 = -0.511308
      pc10 = 0.0937653
      pc11 = 0.153508
      pc12 = 0.0477655
      pc13 = -0.0350907
      pc14 = -0.0344257
Constrained:
   Tgbecnw = 86903.3
     Tecnw = 23092.5
       Tnw = 21522.6
       Tec = 10771.5
     twoNb = 251922
     twoNc = 700536
     twoNw = 713253
    twoNec = 93539.3
    twoNnw = 6388.36
  twoNecnw = 70227
  twoNbecnw = 5760.33
  twoNgbecnw = 142534
         m = 0.230008
        m6 = 1.11394e-05
        Ta = 37600
        Tf = 10761.3
#       SitePat  BranchLen
              b 121162.1659330
              e 46290.0074534
              c 46289.8578183
              n 43835.0563039
              w 43835.0509542
            b:e 1338.4331501
            b:c 1338.4218001
            b:n 1125.4191232
            b:w 1125.4188290
            e:c 11547.0172517
            e:n 4365.2112510
            e:w 4365.2098049
            c:n 4365.2467434
            c:w 4365.2520931
            n:w 12954.8359304
          b:e:c 1439.4396030
          b:e:n 638.2958283
          b:e:w 638.2955152
          b:c:n 638.2952739
          b:c:w 638.2955681
          b:n:w 1425.7611561
          e:c:n 4304.4015512
          e:c:w 4304.4029974
          e:n:w 5351.4266751
          c:n:w 5351.4985296
        b:e:c:n 1238.6773092
        b:e:c:w 1238.6776223
        b:e:n:w 1465.3584859
        b:c:n:w 1465.3703374
        e:c:n:w 48391.4710361
