########################################
# legofit: estimate population history #
#       version 2.3.4-4-g53f8760       #
########################################

# Program was compiled: Sep 21 2021 14:36:42
# Program was run: Thu Sep 23 11:12:01 2021

# cmd: legofit -1 -d 0 -t 32 --ptsPerDim 3 --stateOut b1boot40.state --tol 3e-6 -S 5000 af2.lgo ../../chrX/boot_chrX/boot40.opf
# Stage nOptItr nSimReps
#     0    5000        0
# algorithm          : deterministic
# ignoring probs <=  : 0
# Branch length floor: 0
# DE strategy        : 2
#    F               : 0.3
#    CR              : 0.8
#    tolerance       : 3e-06
# nthreads           : 32
# lgo input file     : af2.lgo
# site pat input file: ../../chrX/boot_chrX/boot40.opf
# free parameters    : 14
# points in DE swarm : 42
# output state file  : b1boot40.state
# Including singleton site patterns.
# cost function      : KL
Initial parameter values
Fixed:
      zero = 0
       one = 1
    Tbecnw = 75200
Free:
       pc1 = 0
       pc2 = 0
       pc3 = 0
       pc4 = 0
       pc5 = 0
       pc6 = 0
       pc7 = 0
       pc8 = 0
       pc9 = 0
      pc10 = 0
      pc11 = 0
      pc12 = 0
      pc13 = 0
      pc14 = 0
Constrained:
   Tgbecnw = 98129.1
     Tecnw = 24938.3
       Tnw = 21647.4
       Tec = 10848.9
     twoNb = 186413
     twoNc = 371264
     twoNw = 2.41907e+06
    twoNec = 106547
    twoNnw = 14030.3
  twoNecnw = 69331.9
  twoNbecnw = 11635.8
  twoNgbecnw = 119092
         m = 0.277213
        m6 = 3.35942e-06
        Ta = 37600
        Tf = 10823.7
DiffEv reached_goal. cost=2.59755e-03 spread=2.95762e-06
Fitted parameter values
Free:
       pc1 = 0.394707
       pc2 = -3.94801
       pc3 = 0.0988958
       pc4 = -1.44997
       pc5 = 0.637305
       pc6 = -1.62362
       pc7 = 1.18545
       pc8 = 0.0736166
       pc9 = -0.758187
      pc10 = 0.560035
      pc11 = 0.0220387
      pc12 = 0.0293096
      pc13 = 0.00288889
      pc14 = -0.0101225
Constrained:
   Tgbecnw = 88055.2
     Tecnw = 23335.8
       Tnw = 21590.2
       Tec = 10819.4
     twoNb = 424299
     twoNc = 628991
     twoNw = 1.93004e+06
    twoNec = 99261.5
    twoNnw = 7095.08
  twoNecnw = 66413.4
  twoNbecnw = 6276.16
  twoNgbecnw = 144925
         m = 0.211873
        m6 = 3.97835e-06
        Ta = 37600
        Tf = 10795.1
#       SitePat  BranchLen
              b 120038.4835430
              e 45934.2800276
              c 45934.2288182
              n 43362.5066665
              w 43362.5059671
            b:e 1325.8639508
            b:c 1325.8600273
            b:n 1104.8363632
            b:w 1104.8363247
            e:c 11238.2648029
            e:n 4344.5352983
            e:w 4344.5351062
            c:n 4344.5479592
            c:w 4344.5486586
            n:w 12707.1986573
          b:e:c 1405.1945734
          b:e:n 629.8199806
          b:e:w 629.8199398
          b:c:n 629.8198607
          b:c:w 629.8198992
          b:n:w 1392.0819291
          e:c:n 4310.5639922
          e:c:w 4310.5641843
          e:n:w 5413.3658418
          c:n:w 5413.3908379
        b:e:c:n 1207.7473457
        b:e:c:w 1207.7473865
        b:e:n:w 1441.8836136
        b:c:n:w 1441.8876975
        e:c:n:w 47771.5163914
