########################################
# legofit: estimate population history #
#       version 2.3.4-4-g53f8760       #
########################################

# Program was compiled: Sep 21 2021 14:36:42
# Program was run: Thu Sep 23 11:11:26 2021

# cmd: legofit -1 -d 0 -t 32 --ptsPerDim 3 --stateOut b1boot11.state --tol 3e-6 -S 5000 af2.lgo ../../chrX/boot_chrX/boot11.opf
# Stage nOptItr nSimReps
#     0    5000        0
# algorithm          : deterministic
# ignoring probs <=  : 0
# Branch length floor: 0
# DE strategy        : 2
#    F               : 0.3
#    CR              : 0.8
#    tolerance       : 3e-06
# nthreads           : 32
# lgo input file     : af2.lgo
# site pat input file: ../../chrX/boot_chrX/boot11.opf
# free parameters    : 14
# points in DE swarm : 42
# output state file  : b1boot11.state
# Including singleton site patterns.
# cost function      : KL
Initial parameter values
Fixed:
      zero = 0
       one = 1
    Tbecnw = 75200
Free:
       pc1 = 0
       pc2 = 0
       pc3 = 0
       pc4 = 0
       pc5 = 0
       pc6 = 0
       pc7 = 0
       pc8 = 0
       pc9 = 0
      pc10 = 0
      pc11 = 0
      pc12 = 0
      pc13 = 0
      pc14 = 0
Constrained:
   Tgbecnw = 98129.1
     Tecnw = 24938.3
       Tnw = 21647.4
       Tec = 10848.9
     twoNb = 186413
     twoNc = 371264
     twoNw = 2.41907e+06
    twoNec = 106547
    twoNnw = 14030.3
  twoNecnw = 69331.9
  twoNbecnw = 11635.8
  twoNgbecnw = 119092
         m = 0.277213
        m6 = 3.35942e-06
        Ta = 37600
        Tf = 10823.7
DiffEv reached_goal. cost=2.74148e-03 spread=2.84991e-06
Fitted parameter values
Free:
       pc1 = 0.0283967
       pc2 = -3.92602
       pc3 = -1.49959
       pc4 = -2.08477
       pc5 = -1.85096
       pc6 = -1.79961
       pc7 = 1.42285
       pc8 = -1.47814
       pc9 = -0.0513074
      pc10 = 0.232794
      pc11 = -0.00813538
      pc12 = 0.00423844
      pc13 = -0.0371784
      pc14 = -0.00219839
Constrained:
   Tgbecnw = 87592.5
     Tecnw = 22959.9
       Tnw = 21148.7
       Tec = 10614
     twoNb = 246900
     twoNc = 620683
     twoNw = 719486
    twoNec = 89062.5
    twoNnw = 7378.42
  twoNecnw = 70880.6
  twoNbecnw = 6111.97
  twoNgbecnw = 141148
         m = 0.234567
        m6 = 1.18685e-05
        Ta = 37600
        Tf = 10574.3
#       SitePat  BranchLen
              b 121713.4110949
              e 46130.1026539
              c 46129.9417699
              n 43869.0560551
              w 43869.0504477
            b:e 1336.1980070
            b:c 1336.1858699
            b:n 1136.1808668
            b:w 1136.1805597
            e:c 11822.6501370
            e:n 4363.0500713
            e:w 4363.0485610
            c:n 4363.0884686
            c:w 4363.0940761
            n:w 13099.9423098
          b:e:c 1455.7174041
          b:e:n 637.3215995
          b:e:w 637.3212728
          b:c:n 637.3210158
          b:c:w 637.3213229
          b:n:w 1442.9401540
          e:c:n 4359.1469443
          e:c:w 4359.1484546
          e:n:w 5342.7860014
          c:n:w 5342.8629729
        b:e:c:n 1249.4773808
        b:e:c:w 1249.4777075
        b:e:n:w 1462.2596840
        b:c:n:w 1462.2723547
        e:c:n:w 48761.8804151
