########################################
# legofit: estimate population history #
#       version 2.3.4-4-g53f8760       #
########################################

# Program was compiled: Sep 21 2021 14:36:42
# Program was run: Thu Sep 23 11:11:53 2021

# cmd: legofit -1 -d 0 -t 32 --ptsPerDim 3 --stateOut b1boot35.state --tol 3e-6 -S 5000 af2.lgo ../../chrX/boot_chrX/boot35.opf
# Stage nOptItr nSimReps
#     0    5000        0
# algorithm          : deterministic
# ignoring probs <=  : 0
# Branch length floor: 0
# DE strategy        : 2
#    F               : 0.3
#    CR              : 0.8
#    tolerance       : 3e-06
# nthreads           : 32
# lgo input file     : af2.lgo
# site pat input file: ../../chrX/boot_chrX/boot35.opf
# free parameters    : 14
# points in DE swarm : 42
# output state file  : b1boot35.state
# Including singleton site patterns.
# cost function      : KL
Initial parameter values
Fixed:
      zero = 0
       one = 1
    Tbecnw = 75200
Free:
       pc1 = 0
       pc2 = 0
       pc3 = 0
       pc4 = 0
       pc5 = 0
       pc6 = 0
       pc7 = 0
       pc8 = 0
       pc9 = 0
      pc10 = 0
      pc11 = 0
      pc12 = 0
      pc13 = 0
      pc14 = 0
Constrained:
   Tgbecnw = 98129.1
     Tecnw = 24938.3
       Tnw = 21647.4
       Tec = 10848.9
     twoNb = 186413
     twoNc = 371264
     twoNw = 2.41907e+06
    twoNec = 106547
    twoNnw = 14030.3
  twoNecnw = 69331.9
  twoNbecnw = 11635.8
  twoNgbecnw = 119092
         m = 0.277213
        m6 = 3.35942e-06
        Ta = 37600
        Tf = 10823.7
DiffEv reached_goal. cost=2.84632e-03 spread=2.20239e-06
Fitted parameter values
Free:
       pc1 = -0.535065
       pc2 = -3.97944
       pc3 = -1.43561
       pc4 = -0.575977
       pc5 = -0.920553
       pc6 = -1.34454
       pc7 = 1.41862
       pc8 = -0.657394
       pc9 = -0.80609
      pc10 = -0.0503723
      pc11 = 0.256102
      pc12 = 0.165373
      pc13 = 0.0750128
      pc14 = 0.0211436
Constrained:
   Tgbecnw = 85733.1
     Tecnw = 23299
       Tnw = 22523.3
       Tec = 11358.5
     twoNb = 223543
     twoNc = 457428
     twoNw = 2.41362e+06
    twoNec = 93221.6
    twoNnw = 3329.58
  twoNecnw = 69943
  twoNbecnw = 5170.2
  twoNgbecnw = 142305
         m = 0.235694
        m6 = 8.09924e-06
        Ta = 37600
        Tf = 11261.6
#       SitePat  BranchLen
              b 121230.2978195
              e 46411.0227992
              c 46410.9227681
              n 44248.4950818
              w 44248.4938846
            b:e 1306.0864721
            b:c 1306.0789077
            b:n 1112.7988638
            b:w 1112.7987979
            e:c 11264.5072620
            e:n 4394.6164699
            e:w 4394.6161425
            c:n 4394.6418209
            c:w 4394.6430181
            n:w 12466.8294759
          b:e:c 1388.7024784
          b:e:n 635.1054285
          b:e:w 635.1053584
          b:c:n 635.1051879
          b:c:w 635.1052538
          b:n:w 1376.1460878
          e:c:n 4288.2181114
          e:c:w 4288.2184387
          e:n:w 5248.3504593
          c:n:w 5248.3982637
        b:e:c:n 1226.3492007
        b:e:c:w 1226.3492709
        b:e:n:w 1432.1855306
        b:c:n:w 1432.1934403
        e:c:n:w 48550.9746757
