########################################
# legofit: estimate population history #
#       version 2.3.4-4-g53f8760       #
########################################

# Program was compiled: Sep 21 2021 14:36:42
# Program was run: Thu Sep 23 11:11:47 2021

# cmd: legofit -1 -d 0 -t 32 --ptsPerDim 3 --stateOut b1boot33.state --tol 3e-6 -S 5000 af2.lgo ../../chrX/boot_chrX/boot33.opf
# Stage nOptItr nSimReps
#     0    5000        0
# algorithm          : deterministic
# ignoring probs <=  : 0
# Branch length floor: 0
# DE strategy        : 2
#    F               : 0.3
#    CR              : 0.8
#    tolerance       : 3e-06
# nthreads           : 32
# lgo input file     : af2.lgo
# site pat input file: ../../chrX/boot_chrX/boot33.opf
# free parameters    : 14
# points in DE swarm : 42
# output state file  : b1boot33.state
# Including singleton site patterns.
# cost function      : KL
Initial parameter values
Fixed:
      zero = 0
       one = 1
    Tbecnw = 75200
Free:
       pc1 = 0
       pc2 = 0
       pc3 = 0
       pc4 = 0
       pc5 = 0
       pc6 = 0
       pc7 = 0
       pc8 = 0
       pc9 = 0
      pc10 = 0
      pc11 = 0
      pc12 = 0
      pc13 = 0
      pc14 = 0
Constrained:
   Tgbecnw = 98129.1
     Tecnw = 24938.3
       Tnw = 21647.4
       Tec = 10848.9
     twoNb = 186413
     twoNc = 371264
     twoNw = 2.41907e+06
    twoNec = 106547
    twoNnw = 14030.3
  twoNecnw = 69331.9
  twoNbecnw = 11635.8
  twoNgbecnw = 119092
         m = 0.277213
        m6 = 3.35942e-06
        Ta = 37600
        Tf = 10823.7
DiffEv reached_goal. cost=2.72037e-03 spread=2.58175e-06
Fitted parameter values
Free:
       pc1 = -1.33211
       pc2 = -3.99378
       pc3 = -1.36533
       pc4 = -1.30912
       pc5 = -1.31651
       pc6 = -0.960795
       pc7 = 1.38828
       pc8 = -0.747787
       pc9 = -0.220823
      pc10 = -0.100452
      pc11 = 0.0170492
      pc12 = 0.0278437
      pc13 = 0.0321412
      pc14 = 0.0364999
Constrained:
   Tgbecnw = 90101.9
     Tecnw = 23335.3
       Tnw = 22698.5
       Tec = 11438
     twoNb = 186640
     twoNc = 478149
     twoNw = 1.16196e+06
    twoNec = 88074.5
    twoNnw = 2510.48
  twoNecnw = 70419.8
  twoNbecnw = 7145.22
  twoNgbecnw = 146433
         m = 0.228666
        m6 = 8.58515e-06
        Ta = 37600
        Tf = 11349.2
#       SitePat  BranchLen
              b 123091.5196792
              e 46610.6144428
              c 46610.4986733
              n 44129.2522372
              w 44129.2496117
            b:e 1360.2261863
            b:c 1360.2171413
            b:n 1136.4837990
            b:w 1136.4836508
            e:c 11731.0138196
            e:n 4349.0901455
            e:w 4349.0894211
            c:n 4349.1178876
            c:w 4349.1205131
            n:w 13119.0922592
          b:e:c 1474.6412667
          b:e:n 640.2678013
          b:e:w 640.2676438
          b:c:n 640.2674565
          b:c:w 640.2676047
          b:n:w 1460.6952851
          e:c:n 4332.4123378
          e:c:w 4332.4130622
          e:n:w 5425.6114263
          c:n:w 5425.6683618
        b:e:c:n 1247.2322178
        b:e:c:w 1247.2323753
        b:e:n:w 1484.9115025
        b:c:n:w 1484.9209315
        e:c:n:w 49820.6108928
