########################################
# legofit: estimate population history #
#       version 2.3.4-4-g53f8760       #
########################################

# Program was compiled: Sep 21 2021 14:36:42
# Program was run: Thu Sep 23 11:11:26 2021

# cmd: legofit -1 -d 0 -t 32 --ptsPerDim 3 --stateOut b1boot14.state --tol 3e-6 -S 5000 af2.lgo ../../chrX/boot_chrX/boot14.opf
# Stage nOptItr nSimReps
#     0    5000        0
# algorithm          : deterministic
# ignoring probs <=  : 0
# Branch length floor: 0
# DE strategy        : 2
#    F               : 0.3
#    CR              : 0.8
#    tolerance       : 3e-06
# nthreads           : 32
# lgo input file     : af2.lgo
# site pat input file: ../../chrX/boot_chrX/boot14.opf
# free parameters    : 14
# points in DE swarm : 42
# output state file  : b1boot14.state
# Including singleton site patterns.
# cost function      : KL
Initial parameter values
Fixed:
      zero = 0
       one = 1
    Tbecnw = 75200
Free:
       pc1 = 0
       pc2 = 0
       pc3 = 0
       pc4 = 0
       pc5 = 0
       pc6 = 0
       pc7 = 0
       pc8 = 0
       pc9 = 0
      pc10 = 0
      pc11 = 0
      pc12 = 0
      pc13 = 0
      pc14 = 0
Constrained:
   Tgbecnw = 98129.1
     Tecnw = 24938.3
       Tnw = 21647.4
       Tec = 10848.9
     twoNb = 186413
     twoNc = 371264
     twoNw = 2.41907e+06
    twoNec = 106547
    twoNnw = 14030.3
  twoNecnw = 69331.9
  twoNbecnw = 11635.8
  twoNgbecnw = 119092
         m = 0.277213
        m6 = 3.35942e-06
        Ta = 37600
        Tf = 10823.7
DiffEv reached_goal. cost=2.50909e-03 spread=2.91702e-06
Fitted parameter values
Free:
       pc1 = -0.522793
       pc2 = -3.91626
       pc3 = -1.06686
       pc4 = 0.212484
       pc5 = 0.72237
       pc6 = -1.83714
       pc7 = 1.29527
       pc8 = -0.512538
       pc9 = -0.321524
      pc10 = 0.643482
      pc11 = 0.0521931
      pc12 = 0.0888522
      pc13 = 0.0753274
      pc14 = 0.0315971
Constrained:
   Tgbecnw = 88132
     Tecnw = 23382.3
       Tnw = 22423.9
       Tec = 11301.4
     twoNb = 358862
     twoNc = 498993
     twoNw = 4.35673e+06
    twoNec = 91079.5
    twoNnw = 3967.4
  twoNecnw = 67802
  twoNbecnw = 6430.59
  twoNgbecnw = 135473
         m = 0.232462
        m6 = 4.74604e-06
        Ta = 37600
        Tf = 11211.9
#       SitePat  BranchLen
              b 120399.5890198
              e 46055.8912742
              c 46055.8316877
              n 43848.3952582
              w 43848.3948754
            b:e 1291.2316006
            b:c 1291.2271003
            b:n 1094.2435181
            b:w 1094.2434972
            e:c 11423.9542882
            e:n 4344.5034395
            e:w 4344.5033336
            c:n 4344.5184612
            c:w 4344.5188440
            n:w 12632.6219909
          b:e:c 1383.8792216
          b:e:n 617.5450746
          b:e:w 617.5450525
          b:c:n 617.5449599
          b:c:w 617.5449808
          b:n:w 1372.1397593
          e:c:n 4334.9364887
          e:c:w 4334.9365945
          e:n:w 5333.7207259
          c:n:w 5333.7497803
        b:e:c:n 1196.2585841
        b:e:c:w 1196.2586062
        b:e:n:w 1404.9815569
        b:c:n:w 1404.9862435
        e:c:n:w 47719.0729344
