########################################
# legofit: estimate population history #
#       version 2.3.4-4-g53f8760       #
########################################

# Program was compiled: Sep 21 2021 14:36:42
# Program was run: Thu Sep 23 11:11:35 2021

# cmd: legofit -1 -d 0 -t 32 --ptsPerDim 3 --stateOut b1boot18.state --tol 3e-6 -S 5000 af2.lgo ../../chrX/boot_chrX/boot18.opf
# Stage nOptItr nSimReps
#     0    5000        0
# algorithm          : deterministic
# ignoring probs <=  : 0
# Branch length floor: 0
# DE strategy        : 2
#    F               : 0.3
#    CR              : 0.8
#    tolerance       : 3e-06
# nthreads           : 32
# lgo input file     : af2.lgo
# site pat input file: ../../chrX/boot_chrX/boot18.opf
# free parameters    : 14
# points in DE swarm : 42
# output state file  : b1boot18.state
# Including singleton site patterns.
# cost function      : KL
Initial parameter values
Fixed:
      zero = 0
       one = 1
    Tbecnw = 75200
Free:
       pc1 = 0
       pc2 = 0
       pc3 = 0
       pc4 = 0
       pc5 = 0
       pc6 = 0
       pc7 = 0
       pc8 = 0
       pc9 = 0
      pc10 = 0
      pc11 = 0
      pc12 = 0
      pc13 = 0
      pc14 = 0
Constrained:
   Tgbecnw = 98129.1
     Tecnw = 24938.3
       Tnw = 21647.4
       Tec = 10848.9
     twoNb = 186413
     twoNc = 371264
     twoNw = 2.41907e+06
    twoNec = 106547
    twoNnw = 14030.3
  twoNecnw = 69331.9
  twoNbecnw = 11635.8
  twoNgbecnw = 119092
         m = 0.277213
        m6 = 3.35942e-06
        Ta = 37600
        Tf = 10823.7
DiffEv reached_goal. cost=2.92966e-03 spread=2.71457e-06
Fitted parameter values
Free:
       pc1 = -0.804586
       pc2 = -3.98338
       pc3 = -1.25567
       pc4 = -1.44626
       pc5 = -1.38455
       pc6 = -1.87851
       pc7 = 0.784136
       pc8 = 0.0688421
       pc9 = -1.02688
      pc10 = 0.303041
      pc11 = 0.163957
      pc12 = 0.0475094
      pc13 = 0.0311007
      pc14 = -0.0438897
Constrained:
   Tgbecnw = 87809
     Tecnw = 23204.3
       Tnw = 22969
       Tec = 11489.6
     twoNb = 239669
     twoNc = 671744
     twoNw = 1.18881e+06
    twoNec = 96547.5
    twoNnw = 1022.2
  twoNecnw = 68441.3
  twoNbecnw = 6259.84
  twoNgbecnw = 139920
         m = 0.229038
        m6 = 1.04117e-05
        Ta = 37600
        Tf = 11484.5
#       SitePat  BranchLen
              b 120980.1478352
              e 46356.3500250
              c 46356.2227338
              n 44096.1797283
              w 44096.1765901
            b:e 1334.1484268
            b:c 1334.1385758
            b:n 1129.6636882
            b:w 1129.6635101
            e:c 11092.8939516
            e:n 4472.5797785
            e:w 4472.5788943
            c:n 4472.6105869
            c:w 4472.6137251
            n:w 12337.7712624
          b:e:c 1394.0087773
          b:e:n 649.6352471
          b:e:w 649.6350582
          b:c:n 649.6348518
          b:c:w 649.6350299
          b:n:w 1381.5398551
          e:c:n 4361.4793106
          e:c:w 4361.4801949
          e:n:w 5376.6798361
          c:n:w 5376.7414880
        b:e:c:n 1238.1634065
        b:e:c:w 1238.1635954
        b:e:n:w 1455.1071880
        b:c:n:w 1455.1174625
        e:c:n:w 48215.4988177
