########################################
# legofit: estimate population history #
#       version 2.3.4-4-g53f8760       #
########################################

# Program was compiled: Sep 21 2021 14:36:42
# Program was run: Thu Sep 23 11:11:35 2021

# cmd: legofit -1 -d 0 -t 32 --ptsPerDim 3 --stateOut b1boot21.state --tol 3e-6 -S 5000 af2.lgo ../../chrX/boot_chrX/boot21.opf
# Stage nOptItr nSimReps
#     0    5000        0
# algorithm          : deterministic
# ignoring probs <=  : 0
# Branch length floor: 0
# DE strategy        : 2
#    F               : 0.3
#    CR              : 0.8
#    tolerance       : 3e-06
# nthreads           : 32
# lgo input file     : af2.lgo
# site pat input file: ../../chrX/boot_chrX/boot21.opf
# free parameters    : 14
# points in DE swarm : 42
# output state file  : b1boot21.state
# Including singleton site patterns.
# cost function      : KL
Initial parameter values
Fixed:
      zero = 0
       one = 1
    Tbecnw = 75200
Free:
       pc1 = 0
       pc2 = 0
       pc3 = 0
       pc4 = 0
       pc5 = 0
       pc6 = 0
       pc7 = 0
       pc8 = 0
       pc9 = 0
      pc10 = 0
      pc11 = 0
      pc12 = 0
      pc13 = 0
      pc14 = 0
Constrained:
   Tgbecnw = 98129.1
     Tecnw = 24938.3
       Tnw = 21647.4
       Tec = 10848.9
     twoNb = 186413
     twoNc = 371264
     twoNw = 2.41907e+06
    twoNec = 106547
    twoNnw = 14030.3
  twoNecnw = 69331.9
  twoNbecnw = 11635.8
  twoNgbecnw = 119092
         m = 0.277213
        m6 = 3.35942e-06
        Ta = 37600
        Tf = 10823.7
DiffEv reached_goal. cost=2.80145e-03 spread=2.56295e-06
Fitted parameter values
Free:
       pc1 = -1.00451
       pc2 = -3.97047
       pc3 = -1.70113
       pc4 = -1.13611
       pc5 = -1.76902
       pc6 = -1.08441
       pc7 = 1.6106
       pc8 = -0.287431
       pc9 = -0.260167
      pc10 = 0.392988
      pc11 = 0.124773
      pc12 = 0.0701466
      pc13 = 0.0415113
      pc14 = 0.00479073
Constrained:
   Tgbecnw = 87979.5
     Tecnw = 23131
       Tnw = 22754.3
       Tec = 11439.9
     twoNb = 165778
     twoNc = 400372
     twoNw = 891308
    twoNec = 89162.5
    twoNnw = 1524.28
  twoNecnw = 69775.2
  twoNbecnw = 6373.13
  twoNgbecnw = 135534
         m = 0.236084
        m6 = 9.35427e-06
        Ta = 37600
        Tf = 11377.2
#       SitePat  BranchLen
              b 120730.0865976
              e 46331.5129635
              c 46331.3899426
              n 43922.7299678
              w 43922.7262619
            b:e 1320.9936012
            b:c 1320.9842066
            b:n 1107.5561956
            b:w 1107.5559898
            e:c 11498.5313056
            e:n 4366.3674552
            e:w 4366.3664255
            c:n 4366.3964922
            c:w 4366.4001981
            n:w 12839.7185344
          b:e:c 1417.1203443
          b:e:n 627.6066160
          b:e:w 627.6063974
          b:c:n 627.6062042
          b:c:w 627.6064101
          b:n:w 1403.9273196
          e:c:n 4312.4155105
          e:c:w 4312.4165402
          e:n:w 5379.9220290
          c:n:w 5379.9822404
        b:e:c:n 1214.8129481
        b:e:c:w 1214.8131667
        b:e:n:w 1441.4339965
        b:c:n:w 1441.4437902
        e:c:n:w 47799.2344842
