########################################
# legofit: estimate population history #
#       version 2.3.4-4-g53f8760       #
########################################

# Program was compiled: Sep 21 2021 14:36:42
# Program was run: Thu Sep 23 11:11:47 2021

# cmd: legofit -1 -d 0 -t 32 --ptsPerDim 3 --stateOut b1boot32.state --tol 3e-6 -S 5000 af2.lgo ../../chrX/boot_chrX/boot32.opf
# Stage nOptItr nSimReps
#     0    5000        0
# algorithm          : deterministic
# ignoring probs <=  : 0
# Branch length floor: 0
# DE strategy        : 2
#    F               : 0.3
#    CR              : 0.8
#    tolerance       : 3e-06
# nthreads           : 32
# lgo input file     : af2.lgo
# site pat input file: ../../chrX/boot_chrX/boot32.opf
# free parameters    : 14
# points in DE swarm : 42
# output state file  : b1boot32.state
# Including singleton site patterns.
# cost function      : KL
Initial parameter values
Fixed:
      zero = 0
       one = 1
    Tbecnw = 75200
Free:
       pc1 = 0
       pc2 = 0
       pc3 = 0
       pc4 = 0
       pc5 = 0
       pc6 = 0
       pc7 = 0
       pc8 = 0
       pc9 = 0
      pc10 = 0
      pc11 = 0
      pc12 = 0
      pc13 = 0
      pc14 = 0
Constrained:
   Tgbecnw = 98129.1
     Tecnw = 24938.3
       Tnw = 21647.4
       Tec = 10848.9
     twoNb = 186413
     twoNc = 371264
     twoNw = 2.41907e+06
    twoNec = 106547
    twoNnw = 14030.3
  twoNecnw = 69331.9
  twoNbecnw = 11635.8
  twoNgbecnw = 119092
         m = 0.277213
        m6 = 3.35942e-06
        Ta = 37600
        Tf = 10823.7
DiffEv reached_goal. cost=2.61531e-03 spread=2.91781e-06
Fitted parameter values
Free:
       pc1 = -1.54883
       pc2 = -2.61185
       pc3 = -1.04203
       pc4 = -0.107741
       pc5 = -1.90677
       pc6 = -1.9973
       pc7 = 1.29053
       pc8 = 0.495766
       pc9 = 0.217691
      pc10 = -0.249054
      pc11 = 0.218279
      pc12 = 0.0386829
      pc13 = 0.0199206
      pc14 = -0.038116
Constrained:
   Tgbecnw = 89966.1
     Tecnw = 24140.3
       Tnw = 23475.3
       Tec = 11745.5
     twoNb = 206819
     twoNc = 272653
     twoNw = 1.66269e+06
    twoNec = 90671.1
    twoNnw = 2695.12
  twoNecnw = 67926.5
  twoNbecnw = 7585.07
  twoNgbecnw = 127986
         m = 0.251925
        m6 = 1.23887e-05
        Ta = 37600
        Tf = 11737.6
#       SitePat  BranchLen
              b 121980.8771905
              e 46752.3510603
              c 46752.1916034
              n 44594.6309165
              w 44594.6281869
            b:e 1330.1691917
            b:c 1330.1567502
            b:n 1125.8220398
            b:w 1125.8218867
            e:c 11635.7830968
            e:n 4326.0474184
            e:w 4326.0466600
            c:n 4326.0860983
            c:w 4326.0888279
            n:w 12781.0349363
          b:e:c 1437.8019599
          b:e:n 630.5635532
          b:e:w 630.5633913
          b:c:n 630.5631475
          b:c:w 630.5633006
          b:n:w 1425.9623929
          e:c:n 4375.7389397
          e:c:w 4375.7396981
          e:n:w 5388.0899551
          c:n:w 5388.1685641
        b:e:c:n 1227.5879776
        b:e:c:w 1227.5881396
        b:e:n:w 1443.7621644
        b:c:n:w 1443.7751023
        e:c:n:w 48513.7449821
