########################################
# legofit: estimate population history #
#       version 2.3.4-4-g53f8760       #
########################################

# Program was compiled: Sep 21 2021 14:36:42
# Program was run: Thu Sep 23 11:11:09 2021

# cmd: legofit -1 -d 0 -t 32 --ptsPerDim 3 --stateOut b1boot1.state --tol 3e-6 -S 5000 af2.lgo ../../chrX/boot_chrX/boot1.opf
# Stage nOptItr nSimReps
#     0    5000        0
# algorithm          : deterministic
# ignoring probs <=  : 0
# Branch length floor: 0
# DE strategy        : 2
#    F               : 0.3
#    CR              : 0.8
#    tolerance       : 3e-06
# nthreads           : 32
# lgo input file     : af2.lgo
# site pat input file: ../../chrX/boot_chrX/boot1.opf
# free parameters    : 14
# points in DE swarm : 42
# output state file  : b1boot1.state
# Including singleton site patterns.
# cost function      : KL
Initial parameter values
Fixed:
      zero = 0
       one = 1
    Tbecnw = 75200
Free:
       pc1 = 0
       pc2 = 0
       pc3 = 0
       pc4 = 0
       pc5 = 0
       pc6 = 0
       pc7 = 0
       pc8 = 0
       pc9 = 0
      pc10 = 0
      pc11 = 0
      pc12 = 0
      pc13 = 0
      pc14 = 0
Constrained:
   Tgbecnw = 98129.1
     Tecnw = 24938.3
       Tnw = 21647.4
       Tec = 10848.9
     twoNb = 186413
     twoNc = 371264
     twoNw = 2.41907e+06
    twoNec = 106547
    twoNnw = 14030.3
  twoNecnw = 69331.9
  twoNbecnw = 11635.8
  twoNgbecnw = 119092
         m = 0.277213
        m6 = 3.35942e-06
        Ta = 37600
        Tf = 10823.7
DiffEv reached_goal. cost=2.85062e-03 spread=2.43375e-06
Fitted parameter values
Free:
       pc1 = 0.463587
       pc2 = -3.97867
       pc3 = -1.42274
       pc4 = -2.11041
       pc5 = -0.607654
       pc6 = -1.6665
       pc7 = 1.39757
       pc8 = -1.27366
       pc9 = -0.448295
      pc10 = 0.0366693
      pc11 = 0.384404
      pc12 = 0.138843
      pc13 = -0.0151762
      pc14 = -0.0337558
Constrained:
   Tgbecnw = 84842.7
     Tecnw = 23094.8
       Tnw = 21168.7
       Tec = 10608.2
     twoNb = 334566
     twoNc = 735326
     twoNw = 1.22178e+06
    twoNec = 92469.8
    twoNnw = 7908.73
  twoNecnw = 70897.2
  twoNbecnw = 4829.12
  twoNgbecnw = 142321
         m = 0.22565
        m6 = 8.08416e-06
        Ta = 37600
        Tf = 10584.4
#       SitePat  BranchLen
              b 119795.3369011
              e 46247.2821022
              c 46247.1749507
              n 43926.4254427
              w 43926.4231830
            b:e 1353.6712357
            b:c 1353.6630163
            b:n 1147.7343728
            b:w 1147.7342475
            e:c 11630.6253205
            e:n 4348.0992150
            e:w 4348.0986122
            c:n 4348.1258690
            c:w 4348.1281287
            n:w 12960.7078055
          b:e:c 1467.5859884
          b:e:n 649.1497534
          b:e:w 649.1496197
          b:c:n 649.1494326
          b:c:w 649.1495579
          b:n:w 1453.7063338
          e:c:n 4296.4752086
          e:c:w 4296.4758114
          e:n:w 5287.1717480
          c:n:w 5287.2227290
        b:e:c:n 1268.8428726
        b:e:c:w 1268.8430064
        b:e:n:w 1488.6511089
        b:c:n:w 1488.6597109
        e:c:n:w 47230.9055551
