########################################
# legofit: estimate population history #
#       version 2.3.4-4-g53f8760       #
########################################

# Program was compiled: Sep 21 2021 14:36:42
# Program was run: Thu Sep 23 11:12:01 2021

# cmd: legofit -1 -d 0 -t 32 --ptsPerDim 3 --stateOut b1boot45.state --tol 3e-6 -S 5000 af2.lgo ../../chrX/boot_chrX/boot45.opf
# Stage nOptItr nSimReps
#     0    5000        0
# algorithm          : deterministic
# ignoring probs <=  : 0
# Branch length floor: 0
# DE strategy        : 2
#    F               : 0.3
#    CR              : 0.8
#    tolerance       : 3e-06
# nthreads           : 32
# lgo input file     : af2.lgo
# site pat input file: ../../chrX/boot_chrX/boot45.opf
# free parameters    : 14
# points in DE swarm : 42
# output state file  : b1boot45.state
# Including singleton site patterns.
# cost function      : KL
Initial parameter values
Fixed:
      zero = 0
       one = 1
    Tbecnw = 75200
Free:
       pc1 = 0
       pc2 = 0
       pc3 = 0
       pc4 = 0
       pc5 = 0
       pc6 = 0
       pc7 = 0
       pc8 = 0
       pc9 = 0
      pc10 = 0
      pc11 = 0
      pc12 = 0
      pc13 = 0
      pc14 = 0
Constrained:
   Tgbecnw = 98129.1
     Tecnw = 24938.3
       Tnw = 21647.4
       Tec = 10848.9
     twoNb = 186413
     twoNc = 371264
     twoNw = 2.41907e+06
    twoNec = 106547
    twoNnw = 14030.3
  twoNecnw = 69331.9
  twoNbecnw = 11635.8
  twoNgbecnw = 119092
         m = 0.277213
        m6 = 3.35942e-06
        Ta = 37600
        Tf = 10823.7
DiffEv reached_goal. cost=2.60014e-03 spread=2.88781e-06
Fitted parameter values
Free:
       pc1 = 0.534023
       pc2 = -3.92811
       pc3 = -1.24305
       pc4 = -0.83743
       pc5 = -1.31763
       pc6 = -1.76422
       pc7 = 1.66215
       pc8 = -0.761032
       pc9 = -0.303425
      pc10 = 0.502033
      pc11 = 0.157352
      pc12 = 0.119297
      pc13 = 0.0203672
      pc14 = -0.0187581
Constrained:
   Tgbecnw = 84371.1
     Tecnw = 23053
       Tnw = 21344.9
       Tec = 10711.9
     twoNb = 253858
     twoNc = 426111
     twoNw = 1.9938e+06
    twoNec = 92853.5
    twoNnw = 7244.51
  twoNecnw = 68910
  twoNbecnw = 4696.39
  twoNgbecnw = 134048
         m = 0.238132
        m6 = 9.549e-06
        Ta = 37600
        Tf = 10672.5
#       SitePat  BranchLen
              b 119312.3802843
              e 45831.5164893
              c 45831.3961898
              n 43700.5166017
              w 43700.5149677
            b:e 1294.1692991
            b:c 1294.1603296
            b:n 1106.4401895
            b:w 1106.4401012
            e:c 11416.0471626
            e:n 4356.6476158
            e:w 4356.6471738
            c:n 4356.6780803
            c:w 4356.6797143
            n:w 12607.3941202
          b:e:c 1389.0406289
          b:e:n 626.0924520
          b:e:w 626.0923581
          b:c:n 626.0921612
          b:c:w 626.0922496
          b:n:w 1377.0936942
          e:c:n 4314.9114823
          e:c:w 4314.9119243
          e:n:w 5254.4766534
          c:n:w 5254.5339478
        b:e:c:n 1216.7003105
        b:e:c:w 1216.7004045
        b:e:n:w 1416.3672767
        b:c:n:w 1416.3766456
        e:c:n:w 47019.9171537
