########################################
# legofit: estimate population history #
#       version 2.3.4-4-g53f8760       #
########################################

# Program was compiled: Sep 21 2021 14:36:42
# Program was run: Thu Sep 23 11:11:17 2021

# cmd: legofit -1 -d 0 -t 32 --ptsPerDim 3 --stateOut b1boot7.state --tol 3e-6 -S 5000 af2.lgo ../../chrX/boot_chrX/boot7.opf
# Stage nOptItr nSimReps
#     0    5000        0
# algorithm          : deterministic
# ignoring probs <=  : 0
# Branch length floor: 0
# DE strategy        : 2
#    F               : 0.3
#    CR              : 0.8
#    tolerance       : 3e-06
# nthreads           : 32
# lgo input file     : af2.lgo
# site pat input file: ../../chrX/boot_chrX/boot7.opf
# free parameters    : 14
# points in DE swarm : 42
# output state file  : b1boot7.state
# Including singleton site patterns.
# cost function      : KL
Initial parameter values
Fixed:
      zero = 0
       one = 1
    Tbecnw = 75200
Free:
       pc1 = 0
       pc2 = 0
       pc3 = 0
       pc4 = 0
       pc5 = 0
       pc6 = 0
       pc7 = 0
       pc8 = 0
       pc9 = 0
      pc10 = 0
      pc11 = 0
      pc12 = 0
      pc13 = 0
      pc14 = 0
Constrained:
   Tgbecnw = 98129.1
     Tecnw = 24938.3
       Tnw = 21647.4
       Tec = 10848.9
     twoNb = 186413
     twoNc = 371264
     twoNw = 2.41907e+06
    twoNec = 106547
    twoNnw = 14030.3
  twoNecnw = 69331.9
  twoNbecnw = 11635.8
  twoNgbecnw = 119092
         m = 0.277213
        m6 = 3.35942e-06
        Ta = 37600
        Tf = 10823.7
DiffEv reached_goal. cost=2.81814e-03 spread=2.92836e-06
Fitted parameter values
Free:
       pc1 = -0.458502
       pc2 = -3.6343
       pc3 = -1.92664
       pc4 = -1.99271
       pc5 = -1.23262
       pc6 = -0.638365
       pc7 = 1.14529
       pc8 = -0.825628
       pc9 = 0.203693
      pc10 = 0.262725
      pc11 = 0.237244
      pc12 = 0.0695053
      pc13 = 0.0323019
      pc14 = -0.00610688
Constrained:
   Tgbecnw = 88995.1
     Tecnw = 23229.2
       Tnw = 21906.9
       Tec = 11002.2
     twoNb = 172018
     twoNc = 654905
     twoNw = 345076
    twoNec = 88113.3
    twoNnw = 5744.27
  twoNecnw = 71256.7
  twoNbecnw = 6939.88
  twoNgbecnw = 133875
         m = 0.236131
        m6 = 7.21482e-06
        Ta = 37600
        Tf = 10953.4
#       SitePat  BranchLen
              b 120759.4995067
              e 46435.7850988
              c 46435.6887756
              n 44617.6652980
              w 44617.6579352
            b:e 1341.9547217
            b:c 1341.9474400
            b:n 1167.5090316
            b:w 1167.5086209
            e:c 11796.1360485
            e:n 4446.6713949
            e:w 4446.6693901
            c:n 4446.6922082
            c:w 4446.6995710
            n:w 12762.6083020
          b:e:c 1452.6686983
          b:e:n 654.2731279
          b:e:w 654.2726914
          b:c:n 654.2725436
          b:c:w 654.2729543
          b:n:w 1441.6925643
          e:c:n 4446.9643334
          e:c:w 4446.9663382
          e:n:w 5298.5457384
          c:n:w 5298.5910674
        b:e:c:n 1282.1380315
        b:e:c:w 1282.1384680
        b:e:n:w 1467.5528366
        b:c:n:w 1467.5604398
        e:c:n:w 47336.5247589
