########################################
# legofit: estimate population history #
#            version 2.3.3             #
########################################

# Program was compiled: Sep 12 2021 17:54:39
# Program was run: Mon Sep 20 05:30:25 2021

# cmd: legofit -1 -d 0 -t 56 --ptsPerDim 3 --stateOut b1boot48.state --tol 3e-6 -S 5000 abcde2.lgo ../../chrX/boot_chrX/boot48.opf
# Stage nOptItr nSimReps
#     0    5000        0
# algorithm          : deterministic
# ignoring probs <=  : 0
# Branch length floor: 0
# DE strategy        : 2
#    F               : 0.3
#    CR              : 0.8
#    tolerance       : 3e-06
# nthreads           : 56
# lgo input file     : abcde2.lgo
# site pat input file: ../../chrX/boot_chrX/boot48.opf
# free parameters    : 19
# points in DE swarm : 57
# output state file  : b1boot48.state
# Including singleton site patterns.
# cost function      : KL
Initial parameter values
Fixed:
      zero = 0
       one = 1
    Tbecnw = 75200
Free:
       pc1 = 0
       pc2 = 0
       pc3 = 0
       pc4 = 0
       pc5 = 0
       pc6 = 0
       pc7 = 0
       pc8 = 0
       pc9 = 0
      pc10 = 0
      pc11 = 0
      pc12 = 0
      pc13 = 0
      pc14 = 0
      pc15 = 0
      pc16 = 0
      pc17 = 0
      pc18 = 0
      pc19 = 0
Constrained:
   Tgbecnw = 206673
     Tecnw = 28823.7
       Tnw = 22078.7
       Tec = 11179.9
     twoNb = 1.87097e+06
     twoNe = 10142.7
     twoNc = 2.45908e+06
     twoNn = 1.15469e+06
     twoNw = 1.2624e+07
    twoNec = 76445.1
    twoNnw = 18470
  twoNecnw = 60257.6
  twoNbecnw = 22265.4
  twoNgbecnw = 355464
         m = 0.0760529
        m2 = 0.0280014
        m3 = 0.235293
        m4 = 5.00124e-07
        m5 = 0.112247
        Tb = 20001.8
        Ta = 47600.9
        Tc = 11039.3
        Td = 5519.67
        Te = 2759.83
DiffEv reached_goal. cost=1.82054e-03 spread=2.52810e-06
Fitted parameter values
Free:
       pc1 = 1.14589
       pc2 = 1.4196
       pc3 = 0.995371
       pc4 = -1.02473
       pc5 = 0.541985
       pc6 = -0.151337
       pc7 = -0.276332
       pc8 = 0.352154
       pc9 = -0.102172
      pc10 = -0.614805
      pc11 = -1.39412
      pc12 = -1.69389
      pc13 = -0.996649
      pc14 = 0.309204
      pc15 = -0.189113
      pc16 = 0.150132
      pc17 = 0.303486
      pc18 = -0.180882
      pc19 = -0.0590488
Constrained:
   Tgbecnw = 139710
     Tecnw = 28170.5
       Tnw = 20495.8
       Tec = 10631.6
     twoNb = 1.71182e+06
     twoNe = 22205.3
     twoNc = 4.52014e+06
     twoNn = 984866
     twoNw = 1.23372e+07
    twoNec = 77769.4
    twoNnw = 22734.9
  twoNecnw = 57091.9
  twoNbecnw = 17482
  twoNgbecnw = 364416
         m = 0.0674628
        m2 = 0.0291213
        m3 = 0.21367
        m4 = 4.92493e-07
        m5 = 0.119389
        Tb = 19401.1
        Ta = 47300.5
        Tc = 10247.9
        Td = 5123.95
        Te = 2561.97
#       SitePat  BranchLen
              b 121153.1502431
              e 45696.8266871
              c 47609.2855180
              n 43411.9093120
              w 45773.2553481
            b:e 1284.9250731
            b:c 1438.8410885
            b:n 1010.2670649
            b:w 1125.8417500
            e:c 11596.5734596
            e:n 4935.2265701
            e:w 4364.9910410
            c:n 4679.0205692
            c:w 3694.4090505
            n:w 12240.6212507
          b:e:c 1296.2894304
          b:e:n 566.3043709
          b:e:w 600.8639886
          b:c:n 588.8227968
          b:c:w 581.5505982
          b:n:w 1344.1462218
          e:c:n 4950.6162340
          e:c:w 4014.7531569
          e:n:w 5851.1788728
          c:n:w 4937.8004414
        b:e:c:n 1179.0898823
        b:e:c:w 1165.5918962
        b:e:n:w 2037.6406397
        b:c:n:w 1808.2271650
        e:c:n:w 47640.6810439
