########################################
# legofit: estimate population history #
#            version 2.3.3             #
########################################

# Program was compiled: Sep 12 2021 17:54:39
# Program was run: Mon Sep 20 01:27:23 2021

# cmd: legofit -1 -d 0 -t 56 --ptsPerDim 3 --stateOut b1boot5.state --tol 3e-6 -S 5000 abcde2.lgo ../../chrX/boot_chrX/boot5.opf
# Stage nOptItr nSimReps
#     0    5000        0
# algorithm          : deterministic
# ignoring probs <=  : 0
# Branch length floor: 0
# DE strategy        : 2
#    F               : 0.3
#    CR              : 0.8
#    tolerance       : 3e-06
# nthreads           : 56
# lgo input file     : abcde2.lgo
# site pat input file: ../../chrX/boot_chrX/boot5.opf
# free parameters    : 19
# points in DE swarm : 57
# output state file  : b1boot5.state
# Including singleton site patterns.
# cost function      : KL
Initial parameter values
Fixed:
      zero = 0
       one = 1
    Tbecnw = 75200
Free:
       pc1 = 0
       pc2 = 0
       pc3 = 0
       pc4 = 0
       pc5 = 0
       pc6 = 0
       pc7 = 0
       pc8 = 0
       pc9 = 0
      pc10 = 0
      pc11 = 0
      pc12 = 0
      pc13 = 0
      pc14 = 0
      pc15 = 0
      pc16 = 0
      pc17 = 0
      pc18 = 0
      pc19 = 0
Constrained:
   Tgbecnw = 206673
     Tecnw = 28823.7
       Tnw = 22078.7
       Tec = 11179.9
     twoNb = 1.87097e+06
     twoNe = 10142.7
     twoNc = 2.45908e+06
     twoNn = 1.15469e+06
     twoNw = 1.2624e+07
    twoNec = 76445.1
    twoNnw = 18470
  twoNecnw = 60257.6
  twoNbecnw = 22265.4
  twoNgbecnw = 355464
         m = 0.0760529
        m2 = 0.0280014
        m3 = 0.235293
        m4 = 5.00124e-07
        m5 = 0.112247
        Tb = 20001.8
        Ta = 47600.9
        Tc = 11039.3
        Td = 5519.67
        Te = 2759.83
DiffEv reached_goal. cost=1.79624e-03 spread=2.88269e-06
Fitted parameter values
Free:
       pc1 = -1.31585
       pc2 = -0.109805
       pc3 = 0.721297
       pc4 = -0.186226
       pc5 = -0.222531
       pc6 = 0.822924
       pc7 = 0.828897
       pc8 = -0.0173799
       pc9 = 0.113691
      pc10 = -0.149573
      pc11 = -0.458688
      pc12 = -0.258395
      pc13 = -0.847191
      pc14 = -0.310817
      pc15 = 0.875071
      pc16 = 0.639744
      pc17 = 0.194658
      pc18 = 4.51302e-05
      pc19 = -0.0604369
Constrained:
   Tgbecnw = 151487
     Tecnw = 28144.6
       Tnw = 22206
       Tec = 11343
     twoNb = 2.53603e+06
     twoNe = 8365.6
     twoNc = 557215
     twoNn = 355673
     twoNw = 7.9275e+06
    twoNec = 71217.3
    twoNnw = 15726.8
  twoNecnw = 60519.8
  twoNbecnw = 19230.3
  twoNgbecnw = 371540
         m = 0.0651587
        m2 = 0.0272762
        m3 = 0.24237
        m4 = 9.53554e-07
        m5 = 0.113748
        Tb = 19743.8
        Ta = 47471.9
        Tc = 11103
        Td = 5551.49
        Te = 2775.74
#       SitePat  BranchLen
              b 121336.3673618
              e 45926.0429718
              c 47947.5906520
              n 43460.5980552
              w 46409.1765392
            b:e 1249.4421631
            b:c 1405.1398403
            b:n 982.5562359
            b:w 1135.5729710
            e:c 11967.8735360
            e:n 5093.9359747
            e:w 4328.9235388
            c:n 4789.9072532
            c:w 3648.8461839
            n:w 12595.2454992
          b:e:c 1307.3775370
          b:e:n 555.3513473
          b:e:w 591.1092483
          b:c:n 576.8250222
          b:c:w 573.6142349
          b:n:w 1359.4952120
          e:c:n 5104.4845873
          e:c:w 3916.4251152
          e:n:w 5875.9440296
          c:n:w 4906.8332539
        b:e:c:n 1178.7439463
        b:e:c:w 1138.7346199
        b:e:n:w 1982.4754537
        b:c:n:w 1754.4682740
        e:c:n:w 46910.4095207
