########################################
# legofit: estimate population history #
#            version 2.3.3             #
########################################

# Program was compiled: Sep 12 2021 17:54:39
# Program was run: Mon Sep 20 01:48:42 2021

# cmd: legofit -1 -d 0 -t 56 --ptsPerDim 3 --stateOut b1boot7.state --tol 3e-6 -S 5000 abcde2.lgo ../../chrX/boot_chrX/boot7.opf
# Stage nOptItr nSimReps
#     0    5000        0
# algorithm          : deterministic
# ignoring probs <=  : 0
# Branch length floor: 0
# DE strategy        : 2
#    F               : 0.3
#    CR              : 0.8
#    tolerance       : 3e-06
# nthreads           : 56
# lgo input file     : abcde2.lgo
# site pat input file: ../../chrX/boot_chrX/boot7.opf
# free parameters    : 19
# points in DE swarm : 57
# output state file  : b1boot7.state
# Including singleton site patterns.
# cost function      : KL
Initial parameter values
Fixed:
      zero = 0
       one = 1
    Tbecnw = 75200
Free:
       pc1 = 0
       pc2 = 0
       pc3 = 0
       pc4 = 0
       pc5 = 0
       pc6 = 0
       pc7 = 0
       pc8 = 0
       pc9 = 0
      pc10 = 0
      pc11 = 0
      pc12 = 0
      pc13 = 0
      pc14 = 0
      pc15 = 0
      pc16 = 0
      pc17 = 0
      pc18 = 0
      pc19 = 0
Constrained:
   Tgbecnw = 206673
     Tecnw = 28823.7
       Tnw = 22078.7
       Tec = 11179.9
     twoNb = 1.87097e+06
     twoNe = 10142.7
     twoNc = 2.45908e+06
     twoNn = 1.15469e+06
     twoNw = 1.2624e+07
    twoNec = 76445.1
    twoNnw = 18470
  twoNecnw = 60257.6
  twoNbecnw = 22265.4
  twoNgbecnw = 355464
         m = 0.0760529
        m2 = 0.0280014
        m3 = 0.235293
        m4 = 5.00124e-07
        m5 = 0.112247
        Tb = 20001.8
        Ta = 47600.9
        Tc = 11039.3
        Td = 5519.67
        Te = 2759.83
DiffEv reached_goal. cost=1.80179e-03 spread=2.83189e-06
Fitted parameter values
Free:
       pc1 = -0.0340367
       pc2 = 1.14958
       pc3 = 0.357426
       pc4 = -0.00934483
       pc5 = -1.10195
       pc6 = 0.855427
       pc7 = 1.2592
       pc8 = 1.32806
       pc9 = 1.16551
      pc10 = -0.502057
      pc11 = 0.260354
      pc12 = 0.377153
      pc13 = -0.36098
      pc14 = -0.426099
      pc15 = 0.510086
      pc16 = 0.33976
      pc17 = 0.118078
      pc18 = -0.16771
      pc19 = -0.0551456
Constrained:
   Tgbecnw = 150166
     Tecnw = 28747.1
       Tnw = 21193.4
       Tec = 10928.5
     twoNb = 4.45569e+06
     twoNe = 14414.6
     twoNc = 2.94163e+06
     twoNn = 950812
     twoNw = 1.32919e+07
    twoNec = 74647.9
    twoNnw = 20949.7
  twoNecnw = 61010.4
  twoNbecnw = 19957.2
  twoNgbecnw = 308808
         m = 0.081939
        m2 = 0.0282068
        m3 = 0.24217
        m4 = 1.05362e-06
        m5 = 0.112914
        Tb = 19837.8
        Ta = 47518.9
        Tc = 10596.7
        Td = 5298.34
        Te = 2649.17
#       SitePat  BranchLen
              b 123656.4191548
              e 46533.2979659
              c 48494.4303882
              n 44203.3185770
              w 47196.0051916
            b:e 1288.8751806
            b:c 1441.2810420
            b:n 1029.2326713
            b:w 1187.2583465
            e:c 12160.0404245
            e:n 5159.5745845
            e:w 4394.8119689
            c:n 4887.8042787
            c:w 3702.2242648
            n:w 12657.9162562
          b:e:c 1341.0032382
          b:e:n 577.3521520
          b:e:w 616.6331732
          b:c:n 600.6104490
          b:c:w 596.4701526
          b:n:w 1401.7178762
          e:c:n 5201.9362559
          e:c:w 4001.5654972
          e:n:w 5842.9096215
          c:n:w 4919.8398624
        b:e:c:n 1230.3188131
        b:e:c:w 1195.1792341
        b:e:n:w 2060.1726485
        b:c:n:w 1830.9668360
        e:c:n:w 48449.8204103
