########################################
# legofit: estimate population history #
#            version 2.3.3             #
########################################

# Program was compiled: Sep 12 2021 17:54:39
# Program was run: Mon Sep 20 00:33:54 2021

# cmd: legofit -1 -d 0 -t 56 --ptsPerDim 3 --stateOut b1boot3.state --tol 3e-6 -S 5000 abcde2.lgo ../../chrX/boot_chrX/boot3.opf
# Stage nOptItr nSimReps
#     0    5000        0
# algorithm          : deterministic
# ignoring probs <=  : 0
# Branch length floor: 0
# DE strategy        : 2
#    F               : 0.3
#    CR              : 0.8
#    tolerance       : 3e-06
# nthreads           : 56
# lgo input file     : abcde2.lgo
# site pat input file: ../../chrX/boot_chrX/boot3.opf
# free parameters    : 19
# points in DE swarm : 57
# output state file  : b1boot3.state
# Including singleton site patterns.
# cost function      : KL
Initial parameter values
Fixed:
      zero = 0
       one = 1
    Tbecnw = 75200
Free:
       pc1 = 0
       pc2 = 0
       pc3 = 0
       pc4 = 0
       pc5 = 0
       pc6 = 0
       pc7 = 0
       pc8 = 0
       pc9 = 0
      pc10 = 0
      pc11 = 0
      pc12 = 0
      pc13 = 0
      pc14 = 0
      pc15 = 0
      pc16 = 0
      pc17 = 0
      pc18 = 0
      pc19 = 0
Constrained:
   Tgbecnw = 206673
     Tecnw = 28823.7
       Tnw = 22078.7
       Tec = 11179.9
     twoNb = 1.87097e+06
     twoNe = 10142.7
     twoNc = 2.45908e+06
     twoNn = 1.15469e+06
     twoNw = 1.2624e+07
    twoNec = 76445.1
    twoNnw = 18470
  twoNecnw = 60257.6
  twoNbecnw = 22265.4
  twoNgbecnw = 355464
         m = 0.0760529
        m2 = 0.0280014
        m3 = 0.235293
        m4 = 5.00124e-07
        m5 = 0.112247
        Tb = 20001.8
        Ta = 47600.9
        Tc = 11039.3
        Td = 5519.67
        Te = 2759.83
DiffEv reached_goal. cost=1.80713e-03 spread=2.84380e-06
Fitted parameter values
Free:
       pc1 = -1.89703
       pc2 = 1.31441
       pc3 = 0.39233
       pc4 = -0.0671909
       pc5 = -0.115784
       pc6 = 1.46158
       pc7 = 0.251618
       pc8 = 1.16741
       pc9 = 0.554672
      pc10 = 1.06614
      pc11 = 0.320764
      pc12 = 0.223104
      pc13 = -0.744747
      pc14 = -0.291382
      pc15 = 0.398567
      pc16 = -0.00509158
      pc17 = -0.00530646
      pc18 = -0.212232
      pc19 = -0.0876486
Constrained:
   Tgbecnw = 136610
     Tecnw = 28443.6
       Tnw = 22615.8
       Tec = 11789.4
     twoNb = 2.99682e+06
     twoNe = 37453
     twoNc = 3.7743e+06
     twoNn = 276738
     twoNw = 1.46734e+07
    twoNec = 71182
    twoNnw = 15265.7
  twoNecnw = 61276.1
  twoNbecnw = 18023
  twoNgbecnw = 254688
         m = 0.101842
        m2 = 0.0268571
        m3 = 0.250858
        m4 = 8.67469e-07
        m5 = 0.112852
        Tb = 20116.5
        Ta = 47658.3
        Tc = 11307.9
        Td = 5653.94
        Te = 2826.97
#       SitePat  BranchLen
              b 123262.6535408
              e 46447.2692902
              c 48324.3361366
              n 43909.4684599
              w 46825.7166815
            b:e 1279.9551111
            b:c 1432.2085819
            b:n 994.8168937
            b:w 1141.6415761
            e:c 11946.3720863
            e:n 5023.9367793
            e:w 4353.2676994
            c:n 4861.2132933
            c:w 3641.9776499
            n:w 12586.8744718
          b:e:c 1317.2027738
          b:e:n 557.7915722
          b:e:w 601.1624854
          b:c:n 586.2780168
          b:c:w 574.8762093
          b:n:w 1368.7228912
          e:c:n 5092.5042397
          e:c:w 3920.6474059
          e:n:w 5878.4872624
          c:n:w 4940.9125178
        b:e:c:n 1190.7901458
        b:e:c:w 1157.5097652
        b:e:n:w 1995.0324891
        b:c:n:w 1775.1002524
        e:c:n:w 48473.8134961
