########################################
# legofit: estimate population history #
#            version 2.3.3             #
########################################

# Program was compiled: Sep 12 2021 17:54:39
# Program was run: Mon Sep 20 03:47:13 2021

# cmd: legofit -1 -d 0 -t 56 --ptsPerDim 3 --stateOut b1boot18.state --tol 3e-6 -S 5000 abcde2.lgo ../../chrX/boot_chrX/boot18.opf
# Stage nOptItr nSimReps
#     0    5000        0
# algorithm          : deterministic
# ignoring probs <=  : 0
# Branch length floor: 0
# DE strategy        : 2
#    F               : 0.3
#    CR              : 0.8
#    tolerance       : 3e-06
# nthreads           : 56
# lgo input file     : abcde2.lgo
# site pat input file: ../../chrX/boot_chrX/boot18.opf
# free parameters    : 19
# points in DE swarm : 57
# output state file  : b1boot18.state
# Including singleton site patterns.
# cost function      : KL
Initial parameter values
Fixed:
      zero = 0
       one = 1
    Tbecnw = 75200
Free:
       pc1 = 0
       pc2 = 0
       pc3 = 0
       pc4 = 0
       pc5 = 0
       pc6 = 0
       pc7 = 0
       pc8 = 0
       pc9 = 0
      pc10 = 0
      pc11 = 0
      pc12 = 0
      pc13 = 0
      pc14 = 0
      pc15 = 0
      pc16 = 0
      pc17 = 0
      pc18 = 0
      pc19 = 0
Constrained:
   Tgbecnw = 206673
     Tecnw = 28823.7
       Tnw = 22078.7
       Tec = 11179.9
     twoNb = 1.87097e+06
     twoNe = 10142.7
     twoNc = 2.45908e+06
     twoNn = 1.15469e+06
     twoNw = 1.2624e+07
    twoNec = 76445.1
    twoNnw = 18470
  twoNecnw = 60257.6
  twoNbecnw = 22265.4
  twoNgbecnw = 355464
         m = 0.0760529
        m2 = 0.0280014
        m3 = 0.235293
        m4 = 5.00124e-07
        m5 = 0.112247
        Tb = 20001.8
        Ta = 47600.9
        Tc = 11039.3
        Td = 5519.67
        Te = 2759.83
DiffEv reached_goal. cost=1.79197e-03 spread=2.35023e-06
Fitted parameter values
Free:
       pc1 = -1.82652
       pc2 = 0.121895
       pc3 = -0.023726
       pc4 = 1.59207
       pc5 = -0.573887
       pc6 = 1.17671
       pc7 = -0.0691965
       pc8 = 1.04271
       pc9 = -0.0588118
      pc10 = -0.137229
      pc11 = -0.815274
      pc12 = -0.155867
      pc13 = -0.904174
      pc14 = 0.336088
      pc15 = 0.385339
      pc16 = 0.152292
      pc17 = 0.433473
      pc18 = -0.132582
      pc19 = -0.0237758
Constrained:
   Tgbecnw = 150589
     Tecnw = 28282
       Tnw = 23544.2
       Tec = 12084.7
     twoNb = 2.61115e+06
     twoNe = 7910.48
     twoNc = 4.42655e+06
     twoNn = 1.15528e+06
     twoNw = 1.22673e+07
    twoNec = 72612.4
    twoNnw = 12399.8
  twoNecnw = 59871.7
  twoNbecnw = 18951.9
  twoNgbecnw = 390883
         m = 0.0678161
        m2 = 0.0287863
        m3 = 0.261042
        m4 = 8.37118e-07
        m5 = 0.116123
        Tb = 20183.4
        Ta = 47691.7
        Tc = 11772.1
        Td = 5886.04
        Te = 2943.02
#       SitePat  BranchLen
              b 123686.2090361
              e 46315.3281290
              c 48452.6866030
              n 43630.4593786
              w 46648.5951683
            b:e 1267.1423782
            b:c 1432.7742126
            b:n 980.6787688
            b:w 1134.2850748
            e:c 11478.0439591
            e:n 5224.8630382
            e:w 4364.8804490
            c:n 4836.0880963
            c:w 3700.7803554
            n:w 12199.0204793
          b:e:c 1282.1473431
          b:e:n 566.9063602
          b:e:w 601.9587642
          b:c:n 585.2858382
          b:c:w 589.7133593
          b:n:w 1338.5548652
          e:c:n 5078.9101223
          e:c:w 3876.2879747
          e:n:w 5944.5238995
          c:n:w 4940.0322306
        b:e:c:n 1178.2308638
        b:e:c:w 1164.9213563
        b:e:n:w 2092.3484728
        b:c:n:w 1840.5907802
        e:c:n:w 49305.2545054
