########################################
# legofit: estimate population history #
#            version 2.3.3             #
########################################

# Program was compiled: Sep 12 2021 17:54:39
# Program was run: Mon Sep 20 04:56:08 2021

# cmd: legofit -1 -d 0 -t 56 --ptsPerDim 3 --stateOut b1boot39.state --tol 3e-6 -S 5000 abcde2.lgo ../../chrX/boot_chrX/boot39.opf
# Stage nOptItr nSimReps
#     0    5000        0
# algorithm          : deterministic
# ignoring probs <=  : 0
# Branch length floor: 0
# DE strategy        : 2
#    F               : 0.3
#    CR              : 0.8
#    tolerance       : 3e-06
# nthreads           : 56
# lgo input file     : abcde2.lgo
# site pat input file: ../../chrX/boot_chrX/boot39.opf
# free parameters    : 19
# points in DE swarm : 57
# output state file  : b1boot39.state
# Including singleton site patterns.
# cost function      : KL
Initial parameter values
Fixed:
      zero = 0
       one = 1
    Tbecnw = 75200
Free:
       pc1 = 0
       pc2 = 0
       pc3 = 0
       pc4 = 0
       pc5 = 0
       pc6 = 0
       pc7 = 0
       pc8 = 0
       pc9 = 0
      pc10 = 0
      pc11 = 0
      pc12 = 0
      pc13 = 0
      pc14 = 0
      pc15 = 0
      pc16 = 0
      pc17 = 0
      pc18 = 0
      pc19 = 0
Constrained:
   Tgbecnw = 206673
     Tecnw = 28823.7
       Tnw = 22078.7
       Tec = 11179.9
     twoNb = 1.87097e+06
     twoNe = 10142.7
     twoNc = 2.45908e+06
     twoNn = 1.15469e+06
     twoNw = 1.2624e+07
    twoNec = 76445.1
    twoNnw = 18470
  twoNecnw = 60257.6
  twoNbecnw = 22265.4
  twoNgbecnw = 355464
         m = 0.0760529
        m2 = 0.0280014
        m3 = 0.235293
        m4 = 5.00124e-07
        m5 = 0.112247
        Tb = 20001.8
        Ta = 47600.9
        Tc = 11039.3
        Td = 5519.67
        Te = 2759.83
DiffEv reached_goal. cost=1.85024e-03 spread=2.28760e-06
Fitted parameter values
Free:
       pc1 = -2.28653
       pc2 = 1.9495
       pc3 = 0.598337
       pc4 = -0.293329
       pc5 = 0.650152
       pc6 = 0.549721
       pc7 = -1.78173
       pc8 = 0.568687
       pc9 = 1.16264
      pc10 = -1.50417
      pc11 = -0.351552
      pc12 = -1.2909
      pc13 = -0.95388
      pc14 = 0.29427
      pc15 = 0.757481
      pc16 = 0.153101
      pc17 = 0.0212967
      pc18 = -0.233401
      pc19 = -0.0348657
Constrained:
   Tgbecnw = 127801
     Tecnw = 27372
       Tnw = 22187.6
       Tec = 11478.2
     twoNb = 1.84332e+06
     twoNe = 26067.7
     twoNc = 7.11537e+06
     twoNn = 2.91719e+06
     twoNw = 7.45658e+06
    twoNec = 70256.6
    twoNnw = 14433.5
  twoNecnw = 60585.5
  twoNbecnw = 15392.4
  twoNgbecnw = 294558
         m = 0.0920353
        m2 = 0.0278552
        m3 = 0.231126
        m4 = 1.45351e-06
        m5 = 0.110109
        Tb = 19425.1
        Ta = 47312.5
        Tc = 11093.8
        Td = 5546.89
        Te = 2773.44
#       SitePat  BranchLen
              b 122271.3985562
              e 45662.3557976
              c 47444.8040850
              n 43219.0214835
              w 45789.2694066
            b:e 1258.7290876
            b:c 1401.9375279
            b:n 971.3450432
            b:w 1092.7433643
            e:c 11686.1097225
            e:n 4932.3551166
            e:w 4313.6193021
            c:n 4734.3621950
            c:w 3671.2675553
            n:w 12319.2451173
          b:e:c 1271.7306466
          b:e:n 545.4342267
          b:e:w 582.2016272
          b:c:n 568.7405827
          b:c:w 561.9448071
          b:n:w 1320.3970428
          e:c:n 4945.9054961
          e:c:w 3918.9913278
          e:n:w 5789.7920968
          c:n:w 4913.6975514
        b:e:c:n 1150.8378953
        b:e:c:w 1137.9647047
        b:e:n:w 1997.1604323
        b:c:n:w 1784.8933568
        e:c:n:w 48724.2716685
