########################################
# legofit: estimate population history #
#            version 2.3.3             #
########################################

# Program was compiled: Sep 12 2021 17:54:39
# Program was run: Mon Sep 20 04:42:36 2021

# cmd: legofit -1 -d 0 -t 56 --ptsPerDim 3 --stateOut b1boot30.state --tol 3e-6 -S 5000 abcde2.lgo ../../chrX/boot_chrX/boot30.opf
# Stage nOptItr nSimReps
#     0    5000        0
# algorithm          : deterministic
# ignoring probs <=  : 0
# Branch length floor: 0
# DE strategy        : 2
#    F               : 0.3
#    CR              : 0.8
#    tolerance       : 3e-06
# nthreads           : 56
# lgo input file     : abcde2.lgo
# site pat input file: ../../chrX/boot_chrX/boot30.opf
# free parameters    : 19
# points in DE swarm : 57
# output state file  : b1boot30.state
# Including singleton site patterns.
# cost function      : KL
Initial parameter values
Fixed:
      zero = 0
       one = 1
    Tbecnw = 75200
Free:
       pc1 = 0
       pc2 = 0
       pc3 = 0
       pc4 = 0
       pc5 = 0
       pc6 = 0
       pc7 = 0
       pc8 = 0
       pc9 = 0
      pc10 = 0
      pc11 = 0
      pc12 = 0
      pc13 = 0
      pc14 = 0
      pc15 = 0
      pc16 = 0
      pc17 = 0
      pc18 = 0
      pc19 = 0
Constrained:
   Tgbecnw = 206673
     Tecnw = 28823.7
       Tnw = 22078.7
       Tec = 11179.9
     twoNb = 1.87097e+06
     twoNe = 10142.7
     twoNc = 2.45908e+06
     twoNn = 1.15469e+06
     twoNw = 1.2624e+07
    twoNec = 76445.1
    twoNnw = 18470
  twoNecnw = 60257.6
  twoNbecnw = 22265.4
  twoNgbecnw = 355464
         m = 0.0760529
        m2 = 0.0280014
        m3 = 0.235293
        m4 = 5.00124e-07
        m5 = 0.112247
        Tb = 20001.8
        Ta = 47600.9
        Tc = 11039.3
        Td = 5519.67
        Te = 2759.83
DiffEv reached_goal. cost=1.80574e-03 spread=2.47729e-06
Fitted parameter values
Free:
       pc1 = -1.14207
       pc2 = 1.65146
       pc3 = 0.925969
       pc4 = 0.174835
       pc5 = -0.289352
       pc6 = 0.45306
       pc7 = -0.42931
       pc8 = 1.0674
       pc9 = 0.583566
      pc10 = -0.64849
      pc11 = -0.424856
      pc12 = -1.17989
      pc13 = -0.552131
      pc14 = -0.135598
      pc15 = 0.459173
      pc16 = 0.216593
      pc17 = 0.0075114
      pc18 = -0.100481
      pc19 = -0.0498857
Constrained:
   Tgbecnw = 139063
     Tecnw = 27925.9
       Tnw = 21814.3
       Tec = 11199.9
     twoNb = 2.86113e+06
     twoNe = 16753.6
     twoNc = 6.17793e+06
     twoNn = 1.61177e+06
     twoNw = 1.56749e+07
    twoNec = 70943.6
    twoNnw = 16594.4
  twoNecnw = 59895.9
  twoNbecnw = 17103.9
  twoNgbecnw = 335530
         m = 0.0804511
        m2 = 0.0279932
        m3 = 0.234136
        m4 = 7.66609e-07
        m5 = 0.113826
        Tb = 19562.9
        Ta = 47381.4
        Tc = 10907.2
        Td = 5453.58
        Te = 2726.79
#       SitePat  BranchLen
              b 123066.9028020
              e 45695.8253784
              c 47592.7599728
              n 43272.9665632
              w 45998.0456304
            b:e 1214.6880128
            b:c 1360.3479086
            b:n 948.8799484
            b:w 1081.5358962
            e:c 11866.7047490
            e:n 4946.3524967
            e:w 4284.3632336
            c:n 4725.8532674
            c:w 3606.8925594
            n:w 12452.6573830
          b:e:c 1254.4988904
          b:e:n 530.5167151
          b:e:w 569.3061982
          b:c:n 554.0072367
          b:c:w 548.5517860
          b:n:w 1312.5673697
          e:c:n 4990.6197496
          e:c:w 3892.7041412
          e:n:w 5784.0291011
          c:n:w 4859.8449591
        b:e:c:n 1128.2684449
        b:e:c:w 1116.0650206
        b:e:n:w 1990.5555910
        b:c:n:w 1767.3790166
        e:c:n:w 49179.5733048
