########################################
# legofit: estimate population history #
#            version 2.3.3             #
########################################

# Program was compiled: Sep 12 2021 17:54:39
# Program was run: Mon Sep 20 04:02:43 2021

# cmd: legofit -1 -d 0 -t 56 --ptsPerDim 3 --stateOut b1boot22.state --tol 3e-6 -S 5000 abcde2.lgo ../../chrX/boot_chrX/boot22.opf
# Stage nOptItr nSimReps
#     0    5000        0
# algorithm          : deterministic
# ignoring probs <=  : 0
# Branch length floor: 0
# DE strategy        : 2
#    F               : 0.3
#    CR              : 0.8
#    tolerance       : 3e-06
# nthreads           : 56
# lgo input file     : abcde2.lgo
# site pat input file: ../../chrX/boot_chrX/boot22.opf
# free parameters    : 19
# points in DE swarm : 57
# output state file  : b1boot22.state
# Including singleton site patterns.
# cost function      : KL
Initial parameter values
Fixed:
      zero = 0
       one = 1
    Tbecnw = 75200
Free:
       pc1 = 0
       pc2 = 0
       pc3 = 0
       pc4 = 0
       pc5 = 0
       pc6 = 0
       pc7 = 0
       pc8 = 0
       pc9 = 0
      pc10 = 0
      pc11 = 0
      pc12 = 0
      pc13 = 0
      pc14 = 0
      pc15 = 0
      pc16 = 0
      pc17 = 0
      pc18 = 0
      pc19 = 0
Constrained:
   Tgbecnw = 206673
     Tecnw = 28823.7
       Tnw = 22078.7
       Tec = 11179.9
     twoNb = 1.87097e+06
     twoNe = 10142.7
     twoNc = 2.45908e+06
     twoNn = 1.15469e+06
     twoNw = 1.2624e+07
    twoNec = 76445.1
    twoNnw = 18470
  twoNecnw = 60257.6
  twoNbecnw = 22265.4
  twoNgbecnw = 355464
         m = 0.0760529
        m2 = 0.0280014
        m3 = 0.235293
        m4 = 5.00124e-07
        m5 = 0.112247
        Tb = 20001.8
        Ta = 47600.9
        Tc = 11039.3
        Td = 5519.67
        Te = 2759.83
DiffEv reached_goal. cost=1.74962e-03 spread=2.85004e-06
Fitted parameter values
Free:
       pc1 = -2.35719
       pc2 = 1.80558
       pc3 = 0.986342
       pc4 = -0.181769
       pc5 = -0.559038
       pc6 = -0.487535
       pc7 = -1.79879
       pc8 = 0.133655
       pc9 = -0.230509
      pc10 = 0.416046
      pc11 = -1.14334
      pc12 = -1.63189
      pc13 = -0.391074
      pc14 = -0.209304
      pc15 = 0.803344
      pc16 = 0.349164
      pc17 = 0.127451
      pc18 = -0.157267
      pc19 = -0.0527269
Constrained:
   Tgbecnw = 128927
     Tecnw = 27536.3
       Tnw = 22314.8
       Tec = 11496.2
     twoNb = 987176
     twoNe = 12162.9
     twoNc = 5.70255e+06
     twoNn = 1.93221e+06
     twoNw = 2.6684e+07
    twoNec = 68263.4
    twoNnw = 13635.9
  twoNecnw = 61158.9
  twoNbecnw = 15379.1
  twoNgbecnw = 321648
         m = 0.0803383
        m2 = 0.0268338
        m3 = 0.231914
        m4 = 5.65821e-07
        m5 = 0.120988
        Tb = 19516.3
        Ta = 47358.1
        Tc = 11157.4
        Td = 5578.69
        Te = 2789.35
#       SitePat  BranchLen
              b 120738.3441037
              e 45405.6096187
              c 47517.4134787
              n 42901.9700026
              w 45658.7049430
            b:e 1280.6686089
            b:c 1453.6572760
            b:n 975.5297485
            b:w 1107.2859826
            e:c 11814.4277583
            e:n 4983.8151608
            e:w 4297.9254674
            c:n 4678.6805985
            c:w 3590.3111841
            n:w 12579.7293651
          b:e:c 1317.9180019
          b:e:n 550.6892038
          b:e:w 585.5886518
          b:c:n 574.1298565
          b:c:w 567.2623687
          b:n:w 1355.7375902
          e:c:n 4944.1837933
          e:c:w 3842.5853371
          e:n:w 5904.6868947
          c:n:w 4867.7869841
        b:e:c:n 1170.5582154
        b:e:c:w 1129.8926853
        b:e:n:w 1981.3102563
        b:c:n:w 1741.0520953
        e:c:n:w 47319.7651695
