########################################
# legofit: estimate population history #
#            version 2.3.3             #
########################################

# Program was compiled: Sep 12 2021 17:54:39
# Program was run: Sun Sep 19 23:45:49 2021

# cmd: legofit -1 -d 0 -t 56 --ptsPerDim 3 --stateOut b1boot1.state --tol 3e-6 -S 5000 abcde2.lgo ../../chrX/boot_chrX/boot1.opf
# Stage nOptItr nSimReps
#     0    5000        0
# algorithm          : deterministic
# ignoring probs <=  : 0
# Branch length floor: 0
# DE strategy        : 2
#    F               : 0.3
#    CR              : 0.8
#    tolerance       : 3e-06
# nthreads           : 56
# lgo input file     : abcde2.lgo
# site pat input file: ../../chrX/boot_chrX/boot1.opf
# free parameters    : 19
# points in DE swarm : 57
# output state file  : b1boot1.state
# Including singleton site patterns.
# cost function      : KL
Initial parameter values
Fixed:
      zero = 0
       one = 1
    Tbecnw = 75200
Free:
       pc1 = 0
       pc2 = 0
       pc3 = 0
       pc4 = 0
       pc5 = 0
       pc6 = 0
       pc7 = 0
       pc8 = 0
       pc9 = 0
      pc10 = 0
      pc11 = 0
      pc12 = 0
      pc13 = 0
      pc14 = 0
      pc15 = 0
      pc16 = 0
      pc17 = 0
      pc18 = 0
      pc19 = 0
Constrained:
   Tgbecnw = 206673
     Tecnw = 28823.7
       Tnw = 22078.7
       Tec = 11179.9
     twoNb = 1.87097e+06
     twoNe = 10142.7
     twoNc = 2.45908e+06
     twoNn = 1.15469e+06
     twoNw = 1.2624e+07
    twoNec = 76445.1
    twoNnw = 18470
  twoNecnw = 60257.6
  twoNbecnw = 22265.4
  twoNgbecnw = 355464
         m = 0.0760529
        m2 = 0.0280014
        m3 = 0.235293
        m4 = 5.00124e-07
        m5 = 0.112247
        Tb = 20001.8
        Ta = 47600.9
        Tc = 11039.3
        Td = 5519.67
        Te = 2759.83
DiffEv reached_goal. cost=1.84476e-03 spread=2.89341e-06
Fitted parameter values
Free:
       pc1 = -3.04714
       pc2 = 1.04746
       pc3 = 1.14454
       pc4 = -1.16113
       pc5 = -1.00122
       pc6 = -0.19805
       pc7 = -0.392079
       pc8 = 1.06231
       pc9 = 1.14809
      pc10 = 0.0148879
      pc11 = -1.12581
      pc12 = -1.31515
      pc13 = -0.989412
      pc14 = -0.551892
      pc15 = 0.25
      pc16 = 0.157465
      pc17 = 0.406226
      pc18 = -0.433624
      pc19 = -0.22989
Constrained:
   Tgbecnw = 130556
     Tecnw = 27634.3
       Tnw = 22709.3
       Tec = 12091.2
     twoNb = 2.67359e+06
     twoNe = 28437.3
     twoNc = 3.22351e+06
     twoNn = 1.29363e+06
     twoNw = 2.47248e+07
    twoNec = 65005.6
    twoNnw = 12973.7
  twoNecnw = 61770.2
  twoNbecnw = 15600.5
  twoNgbecnw = 348465
         m = 0.0753606
        m2 = 0.0276372
        m3 = 0.223688
        m4 = 1.69872e-06
        m5 = 0.119249
        Tb = 19862.7
        Ta = 47531.4
        Tc = 11354.7
        Td = 5677.33
        Te = 2838.66
#       SitePat  BranchLen
              b 121443.1482360
              e 45750.8437573
              c 47827.6008649
              n 43257.3553518
              w 45929.6714914
            b:e 1284.1286150
            b:c 1453.0702868
            b:n 1001.7174251
            b:w 1145.4351146
            e:c 11967.4633498
            e:n 4944.5378586
            e:w 4283.3266167
            c:n 4652.6592028
            c:w 3591.4621602
            n:w 12684.2637380
          b:e:c 1366.5184514
          b:e:n 565.3335774
          b:e:w 602.7865198
          b:c:n 589.0932481
          b:c:w 583.9155062
          b:n:w 1417.3709538
          e:c:n 4956.6176088
          e:c:w 3868.4354585
          e:n:w 5888.8857788
          c:n:w 4869.6219659
        b:e:c:n 1209.6466889
        b:e:c:w 1171.9281303
        b:e:n:w 2070.9296478
        b:c:n:w 1823.3491179
        e:c:n:w 47796.9896230
