########################################
# legofit: estimate population history #
#            version 2.3.3             #
########################################

# Program was compiled: Sep 12 2021 17:54:39
# Program was run: Mon Sep 20 04:39:04 2021

# cmd: legofit -1 -d 0 -t 56 --ptsPerDim 3 --stateOut b1boot29.state --tol 3e-6 -S 5000 abcde2.lgo ../../chrX/boot_chrX/boot29.opf
# Stage nOptItr nSimReps
#     0    5000        0
# algorithm          : deterministic
# ignoring probs <=  : 0
# Branch length floor: 0
# DE strategy        : 2
#    F               : 0.3
#    CR              : 0.8
#    tolerance       : 3e-06
# nthreads           : 56
# lgo input file     : abcde2.lgo
# site pat input file: ../../chrX/boot_chrX/boot29.opf
# free parameters    : 19
# points in DE swarm : 57
# output state file  : b1boot29.state
# Including singleton site patterns.
# cost function      : KL
Initial parameter values
Fixed:
      zero = 0
       one = 1
    Tbecnw = 75200
Free:
       pc1 = 0
       pc2 = 0
       pc3 = 0
       pc4 = 0
       pc5 = 0
       pc6 = 0
       pc7 = 0
       pc8 = 0
       pc9 = 0
      pc10 = 0
      pc11 = 0
      pc12 = 0
      pc13 = 0
      pc14 = 0
      pc15 = 0
      pc16 = 0
      pc17 = 0
      pc18 = 0
      pc19 = 0
Constrained:
   Tgbecnw = 206673
     Tecnw = 28823.7
       Tnw = 22078.7
       Tec = 11179.9
     twoNb = 1.87097e+06
     twoNe = 10142.7
     twoNc = 2.45908e+06
     twoNn = 1.15469e+06
     twoNw = 1.2624e+07
    twoNec = 76445.1
    twoNnw = 18470
  twoNecnw = 60257.6
  twoNbecnw = 22265.4
  twoNgbecnw = 355464
         m = 0.0760529
        m2 = 0.0280014
        m3 = 0.235293
        m4 = 5.00124e-07
        m5 = 0.112247
        Tb = 20001.8
        Ta = 47600.9
        Tc = 11039.3
        Td = 5519.67
        Te = 2759.83
DiffEv reached_goal. cost=1.78289e-03 spread=2.12862e-06
Fitted parameter values
Free:
       pc1 = 3.06215
       pc2 = 1.94507
       pc3 = -0.125573
       pc4 = 1.33432
       pc5 = 0.543186
       pc6 = 1.12189
       pc7 = -1.21827
       pc8 = 0.39838
       pc9 = 0.572656
      pc10 = 0.472869
      pc11 = -0.577828
      pc12 = -0.596741
      pc13 = -0.839493
      pc14 = -0.166075
      pc15 = -0.470576
      pc16 = -0.0299857
      pc17 = 0.0601733
      pc18 = 0.0608552
      pc19 = -0.019046
Constrained:
   Tgbecnw = 142968
     Tecnw = 29474.4
       Tnw = 19756.6
       Tec = 10139.7
     twoNb = 1.49604e+06
     twoNe = 12140.9
     twoNc = 8.71257e+06
     twoNn = 960647
     twoNw = 1.55718e+07
    twoNec = 81976.9
    twoNnw = 27179.9
  twoNecnw = 55553.6
  twoNbecnw = 18857.9
  twoNgbecnw = 282316
         m = 0.0889927
        m2 = 0.0293053
        m3 = 0.245464
        m4 = 6.0431e-07
        m5 = 0.111569
        Tb = 19807.1
        Ta = 47503.5
        Tc = 9878.32
        Td = 4939.16
        Te = 2469.58
#       SitePat  BranchLen
              b 123031.1059414
              e 45965.2356844
              c 47859.6284729
              n 43601.0568445
              w 46517.7687937
            b:e 1250.6444494
            b:c 1396.9278627
            b:n 968.9202152
            b:w 1100.9114710
            e:c 11748.7809942
            e:n 5022.5138464
            e:w 4269.6058660
            c:n 4757.8290242
            c:w 3591.7575229
            n:w 12301.6323429
          b:e:c 1245.0482761
          b:e:n 539.4813343
          b:e:w 575.8227450
          b:c:n 561.1702016
          b:c:w 557.0180141
          b:n:w 1298.4759730
          e:c:n 5086.8532342
          e:c:w 3941.8063888
          e:n:w 5763.9277086
          c:n:w 4879.0368316
        b:e:c:n 1141.6516879
        b:e:c:w 1124.7856451
        b:e:n:w 1969.7450875
        b:c:n:w 1753.6087659
        e:c:n:w 48869.4149654
