########################################
# legofit: estimate population history #
#            version 2.3.3             #
########################################

# Program was compiled: Sep 12 2021 17:54:39
# Program was run: Mon Sep 20 04:16:34 2021

# cmd: legofit -1 -d 0 -t 56 --ptsPerDim 3 --stateOut b1boot24.state --tol 3e-6 -S 5000 abcde2.lgo ../../chrX/boot_chrX/boot24.opf
# Stage nOptItr nSimReps
#     0    5000        0
# algorithm          : deterministic
# ignoring probs <=  : 0
# Branch length floor: 0
# DE strategy        : 2
#    F               : 0.3
#    CR              : 0.8
#    tolerance       : 3e-06
# nthreads           : 56
# lgo input file     : abcde2.lgo
# site pat input file: ../../chrX/boot_chrX/boot24.opf
# free parameters    : 19
# points in DE swarm : 57
# output state file  : b1boot24.state
# Including singleton site patterns.
# cost function      : KL
Initial parameter values
Fixed:
      zero = 0
       one = 1
    Tbecnw = 75200
Free:
       pc1 = 0
       pc2 = 0
       pc3 = 0
       pc4 = 0
       pc5 = 0
       pc6 = 0
       pc7 = 0
       pc8 = 0
       pc9 = 0
      pc10 = 0
      pc11 = 0
      pc12 = 0
      pc13 = 0
      pc14 = 0
      pc15 = 0
      pc16 = 0
      pc17 = 0
      pc18 = 0
      pc19 = 0
Constrained:
   Tgbecnw = 206673
     Tecnw = 28823.7
       Tnw = 22078.7
       Tec = 11179.9
     twoNb = 1.87097e+06
     twoNe = 10142.7
     twoNc = 2.45908e+06
     twoNn = 1.15469e+06
     twoNw = 1.2624e+07
    twoNec = 76445.1
    twoNnw = 18470
  twoNecnw = 60257.6
  twoNbecnw = 22265.4
  twoNgbecnw = 355464
         m = 0.0760529
        m2 = 0.0280014
        m3 = 0.235293
        m4 = 5.00124e-07
        m5 = 0.112247
        Tb = 20001.8
        Ta = 47600.9
        Tc = 11039.3
        Td = 5519.67
        Te = 2759.83
DiffEv reached_goal. cost=1.82499e-03 spread=2.50836e-06
Fitted parameter values
Free:
       pc1 = -2.74524
       pc2 = 1.22132
       pc3 = -0.407624
       pc4 = 0.797735
       pc5 = -0.930379
       pc6 = 0.650576
       pc7 = 0.690431
       pc8 = 0.960145
       pc9 = 1.65689
      pc10 = 0.416618
      pc11 = -0.11739
      pc12 = -0.10438
      pc13 = -0.410558
      pc14 = -0.28687
      pc15 = 0.0242155
      pc16 = -0.227451
      pc17 = 0.0518267
      pc18 = -0.286027
      pc19 = -0.0490832
Constrained:
   Tgbecnw = 138654
     Tecnw = 28298.5
       Tnw = 23411.7
       Tec = 12141.5
     twoNb = 3.45397e+06
     twoNe = 16178.2
     twoNc = 2.9714e+06
     twoNn = 1.14088e+06
     twoNw = 2.36051e+07
    twoNec = 68950.9
    twoNnw = 12965.6
  twoNecnw = 62102.5
  twoNbecnw = 18487.1
  twoNgbecnw = 256054
         m = 0.102838
        m2 = 0.0290175
        m3 = 0.250865
        m4 = 1.34147e-06
        m5 = 0.108083
        Tb = 20220
        Ta = 47710
        Tc = 11705.9
        Td = 5852.93
        Te = 2926.47
#       SitePat  BranchLen
              b 124038.1447572
              e 46653.0005613
              c 48567.1347782
              n 44124.2706713
              w 47157.1582973
            b:e 1306.7505314
            b:c 1460.9374550
            b:n 1011.5069356
            b:w 1165.6283189
            e:c 11998.4147457
            e:n 5145.9762324
            e:w 4338.9852945
            c:n 4865.5232216
            c:w 3697.3815502
            n:w 12555.7043836
          b:e:c 1335.0429333
          b:e:n 571.3826920
          b:e:w 608.8624348
          b:c:n 592.5072224
          b:c:w 591.7396007
          b:n:w 1393.7177642
          e:c:n 5163.0992175
          e:c:w 3943.8627368
          e:n:w 5898.5964183
          c:n:w 4976.1201999
        b:e:c:n 1213.9647027
        b:e:c:w 1184.6127419
        b:e:n:w 2077.9716774
        b:c:n:w 1850.1817810
        e:c:n:w 48962.4289545
