########################################
# legofit: estimate population history #
#            version 2.3.3             #
########################################

# Program was compiled: Sep 12 2021 17:54:39
# Program was run: Mon Sep 20 03:47:41 2021

# cmd: legofit -1 -d 0 -t 56 --ptsPerDim 3 --stateOut b1boot19.state --tol 3e-6 -S 5000 abcde2.lgo ../../chrX/boot_chrX/boot19.opf
# Stage nOptItr nSimReps
#     0    5000        0
# algorithm          : deterministic
# ignoring probs <=  : 0
# Branch length floor: 0
# DE strategy        : 2
#    F               : 0.3
#    CR              : 0.8
#    tolerance       : 3e-06
# nthreads           : 56
# lgo input file     : abcde2.lgo
# site pat input file: ../../chrX/boot_chrX/boot19.opf
# free parameters    : 19
# points in DE swarm : 57
# output state file  : b1boot19.state
# Including singleton site patterns.
# cost function      : KL
Initial parameter values
Fixed:
      zero = 0
       one = 1
    Tbecnw = 75200
Free:
       pc1 = 0
       pc2 = 0
       pc3 = 0
       pc4 = 0
       pc5 = 0
       pc6 = 0
       pc7 = 0
       pc8 = 0
       pc9 = 0
      pc10 = 0
      pc11 = 0
      pc12 = 0
      pc13 = 0
      pc14 = 0
      pc15 = 0
      pc16 = 0
      pc17 = 0
      pc18 = 0
      pc19 = 0
Constrained:
   Tgbecnw = 206673
     Tecnw = 28823.7
       Tnw = 22078.7
       Tec = 11179.9
     twoNb = 1.87097e+06
     twoNe = 10142.7
     twoNc = 2.45908e+06
     twoNn = 1.15469e+06
     twoNw = 1.2624e+07
    twoNec = 76445.1
    twoNnw = 18470
  twoNecnw = 60257.6
  twoNbecnw = 22265.4
  twoNgbecnw = 355464
         m = 0.0760529
        m2 = 0.0280014
        m3 = 0.235293
        m4 = 5.00124e-07
        m5 = 0.112247
        Tb = 20001.8
        Ta = 47600.9
        Tc = 11039.3
        Td = 5519.67
        Te = 2759.83
DiffEv reached_goal. cost=1.71382e-03 spread=2.02156e-06
Fitted parameter values
Free:
       pc1 = -2.42454
       pc2 = 1.23926
       pc3 = 1.24179
       pc4 = 0.749506
       pc5 = 0.974425
       pc6 = 0.781697
       pc7 = -1.17607
       pc8 = 0.589933
       pc9 = 1.19646
      pc10 = -1.03593
      pc11 = 0.464945
      pc12 = -0.807488
      pc13 = -0.741648
      pc14 = -0.774704
      pc15 = 0.925792
      pc16 = 0.302175
      pc17 = 0.541171
      pc18 = -0.222694
      pc19 = -0.173347
Constrained:
   Tgbecnw = 129612
     Tecnw = 27871.7
       Tnw = 22221.9
       Tec = 11729.4
     twoNb = 2.26114e+06
     twoNe = 22407
     twoNc = 6.5196e+06
     twoNn = 2.25559e+06
     twoNw = 7.66127e+06
    twoNec = 67643.9
    twoNnw = 14013.8
  twoNecnw = 61016.4
  twoNbecnw = 15066.6
  twoNgbecnw = 357695
         m = 0.0743562
        m2 = 0.0265529
        m3 = 0.24162
        m4 = 1.14017e-06
        m5 = 0.0997802
        Tb = 19800.5
        Ta = 47500.3
        Tc = 11111
        Td = 5555.48
        Te = 2777.74
#       SitePat  BranchLen
              b 121180.5856389
              e 45616.7508912
              c 47464.4318255
              n 42803.7465250
              w 45772.2844950
            b:e 1245.4056009
            b:c 1388.6553281
            b:n 950.8561194
            b:w 1104.8630721
            e:c 12015.4792391
            e:n 4908.4935701
            e:w 4109.9784220
            c:n 4619.5126243
            c:w 3504.5424298
            n:w 12837.9460301
          b:e:c 1328.9286568
          b:e:n 538.5232171
          b:e:w 572.1569068
          b:c:n 557.5907898
          b:c:w 557.9646769
          b:n:w 1378.1699042
          e:c:n 4950.4875586
          e:c:w 3751.6195912
          e:n:w 5734.4664970
          c:n:w 4840.6167397
        b:e:c:n 1165.6417550
        b:e:c:w 1121.4426021
        b:e:n:w 1980.8625989
        b:c:n:w 1773.3232752
        e:c:n:w 47804.7331894
