########################################
# legofit: estimate population history #
#            version 2.3.3             #
########################################

# Program was compiled: Sep 12 2021 17:54:39
# Program was run: Mon Sep 20 04:47:37 2021

# cmd: legofit -1 -d 0 -t 56 --ptsPerDim 3 --stateOut b1boot33.state --tol 3e-6 -S 5000 abcde2.lgo ../../chrX/boot_chrX/boot33.opf
# Stage nOptItr nSimReps
#     0    5000        0
# algorithm          : deterministic
# ignoring probs <=  : 0
# Branch length floor: 0
# DE strategy        : 2
#    F               : 0.3
#    CR              : 0.8
#    tolerance       : 3e-06
# nthreads           : 56
# lgo input file     : abcde2.lgo
# site pat input file: ../../chrX/boot_chrX/boot33.opf
# free parameters    : 19
# points in DE swarm : 57
# output state file  : b1boot33.state
# Including singleton site patterns.
# cost function      : KL
Initial parameter values
Fixed:
      zero = 0
       one = 1
    Tbecnw = 75200
Free:
       pc1 = 0
       pc2 = 0
       pc3 = 0
       pc4 = 0
       pc5 = 0
       pc6 = 0
       pc7 = 0
       pc8 = 0
       pc9 = 0
      pc10 = 0
      pc11 = 0
      pc12 = 0
      pc13 = 0
      pc14 = 0
      pc15 = 0
      pc16 = 0
      pc17 = 0
      pc18 = 0
      pc19 = 0
Constrained:
   Tgbecnw = 206673
     Tecnw = 28823.7
       Tnw = 22078.7
       Tec = 11179.9
     twoNb = 1.87097e+06
     twoNe = 10142.7
     twoNc = 2.45908e+06
     twoNn = 1.15469e+06
     twoNw = 1.2624e+07
    twoNec = 76445.1
    twoNnw = 18470
  twoNecnw = 60257.6
  twoNbecnw = 22265.4
  twoNgbecnw = 355464
         m = 0.0760529
        m2 = 0.0280014
        m3 = 0.235293
        m4 = 5.00124e-07
        m5 = 0.112247
        Tb = 20001.8
        Ta = 47600.9
        Tc = 11039.3
        Td = 5519.67
        Te = 2759.83
DiffEv reached_goal. cost=1.83752e-03 spread=2.77631e-06
Fitted parameter values
Free:
       pc1 = -2.36608
       pc2 = 0.887203
       pc3 = 1.33278
       pc4 = 0.260471
       pc5 = 0.934323
       pc6 = 0.185138
       pc7 = -0.842489
       pc8 = 1.67151
       pc9 = 0.57306
      pc10 = -1.46272
      pc11 = 0.249293
      pc12 = -1.22874
      pc13 = -0.280317
      pc14 = 0.00749493
      pc15 = 0.105526
      pc16 = 0.193547
      pc17 = 0.0151034
      pc18 = -0.154601
      pc19 = -0.11723
Constrained:
   Tgbecnw = 148212
     Tecnw = 27647.5
       Tnw = 22911.6
       Tec = 11852.6
     twoNb = 2.73982e+06
     twoNe = 34560.9
     twoNc = 7.39616e+06
     twoNn = 2.30289e+06
     twoNw = 8.26196e+06
    twoNec = 68132.1
    twoNnw = 12321.6
  twoNecnw = 60591.6
  twoNbecnw = 18508
  twoNgbecnw = 401286
         m = 0.0676432
        m2 = 0.0276306
        m3 = 0.228749
        m4 = 5.99874e-07
        m5 = 0.105308
        Tb = 19750.1
        Ta = 47475
        Tc = 11455.8
        Td = 5727.89
        Te = 2863.94
#       SitePat  BranchLen
              b 124129.9642172
              e 46052.0395794
              c 47821.1180989
              n 43310.8055562
              w 45905.0766443
            b:e 1279.3151759
            b:c 1422.6768999
            b:n 985.0452927
            b:w 1120.8912701
            e:c 12033.8549065
            e:n 4871.9233552
            e:w 4264.1047755
            c:n 4707.2247535
            c:w 3628.4649737
            n:w 12788.3825057
          b:e:c 1337.0673614
          b:e:n 549.7508113
          b:e:w 589.5238891
          b:c:n 574.3943018
          b:c:w 566.9704022
          b:n:w 1395.0633184
          e:c:n 4986.5689971
          e:c:w 3924.7226723
          e:n:w 5917.2897753
          c:n:w 5019.5307138
        b:e:c:n 1167.8479337
        b:e:c:w 1153.8064040
        b:e:n:w 2070.4212027
        b:c:n:w 1853.9884074
        e:c:n:w 49998.4901809
