########################################
# legofit: estimate population history #
#            version 2.3.3             #
########################################

# Program was compiled: Sep 12 2021 17:54:39
# Program was run: Mon Sep 20 04:57:39 2021

# cmd: legofit -1 -d 0 -t 56 --ptsPerDim 3 --stateOut b1boot41.state --tol 3e-6 -S 5000 abcde2.lgo ../../chrX/boot_chrX/boot41.opf
# Stage nOptItr nSimReps
#     0    5000        0
# algorithm          : deterministic
# ignoring probs <=  : 0
# Branch length floor: 0
# DE strategy        : 2
#    F               : 0.3
#    CR              : 0.8
#    tolerance       : 3e-06
# nthreads           : 56
# lgo input file     : abcde2.lgo
# site pat input file: ../../chrX/boot_chrX/boot41.opf
# free parameters    : 19
# points in DE swarm : 57
# output state file  : b1boot41.state
# Including singleton site patterns.
# cost function      : KL
Initial parameter values
Fixed:
      zero = 0
       one = 1
    Tbecnw = 75200
Free:
       pc1 = 0
       pc2 = 0
       pc3 = 0
       pc4 = 0
       pc5 = 0
       pc6 = 0
       pc7 = 0
       pc8 = 0
       pc9 = 0
      pc10 = 0
      pc11 = 0
      pc12 = 0
      pc13 = 0
      pc14 = 0
      pc15 = 0
      pc16 = 0
      pc17 = 0
      pc18 = 0
      pc19 = 0
Constrained:
   Tgbecnw = 206673
     Tecnw = 28823.7
       Tnw = 22078.7
       Tec = 11179.9
     twoNb = 1.87097e+06
     twoNe = 10142.7
     twoNc = 2.45908e+06
     twoNn = 1.15469e+06
     twoNw = 1.2624e+07
    twoNec = 76445.1
    twoNnw = 18470
  twoNecnw = 60257.6
  twoNbecnw = 22265.4
  twoNgbecnw = 355464
         m = 0.0760529
        m2 = 0.0280014
        m3 = 0.235293
        m4 = 5.00124e-07
        m5 = 0.112247
        Tb = 20001.8
        Ta = 47600.9
        Tc = 11039.3
        Td = 5519.67
        Te = 2759.83
DiffEv reached_goal. cost=1.77576e-03 spread=1.90220e-06
Fitted parameter values
Free:
       pc1 = -1.06054
       pc2 = 1.74042
       pc3 = 0.475376
       pc4 = -0.750222
       pc5 = -0.662648
       pc6 = 0.158104
       pc7 = -1.87724
       pc8 = 0.7587
       pc9 = 0.990658
      pc10 = 0.670264
      pc11 = -1.74405
      pc12 = -1.23567
      pc13 = -0.512306
      pc14 = 0.429718
      pc15 = 0.322437
      pc16 = -0.159139
      pc17 = 0.281055
      pc18 = 0.00278167
      pc19 = -0.00882833
Constrained:
   Tgbecnw = 131370
     Tecnw = 27990.3
       Tnw = 22069.2
       Tec = 11177.6
     twoNb = 1.28944e+06
     twoNe = 24312.8
     twoNc = 7.05659e+06
     twoNn = 1.30869e+06
     twoNw = 2.65015e+07
    twoNec = 75094.6
    twoNnw = 15756.3
  twoNecnw = 60579.7
  twoNbecnw = 16211.8
  twoNgbecnw = 307547
         m = 0.0898745
        m2 = 0.0283487
        m3 = 0.228991
        m4 = 1.62718e-06
        m5 = 0.12379
        Tb = 19583.9
        Ta = 47392
        Tc = 11034.6
        Td = 5517.31
        Te = 2758.66
#       SitePat  BranchLen
              b 123488.1727439
              e 46227.0808819
              c 48230.8002254
              n 43495.4813259
              w 45927.0493652
            b:e 1319.2586721
            b:c 1489.4618605
            b:n 998.3380836
            b:w 1110.6725335
            e:c 11666.4125783
            e:n 4891.3120529
            e:w 4390.8656167
            c:n 4739.5250112
            c:w 3631.0755014
            n:w 12580.5801397
          b:e:c 1322.2948941
          b:e:n 559.1214842
          b:e:w 603.6364395
          b:c:n 590.5839599
          b:c:w 574.5834309
          b:n:w 1367.8756077
          e:c:n 4847.6503659
          e:c:w 3887.1336565
          e:n:w 5983.8962983
          c:n:w 4966.3027404
        b:e:c:n 1170.7229441
        b:e:c:w 1167.7187372
        b:e:n:w 2092.8760684
        b:c:n:w 1845.7147563
        e:c:n:w 49571.0517649
