########################################
# legofit: estimate population history #
#            version 2.3.3             #
########################################

# Program was compiled: Sep 12 2021 17:54:39
# Program was run: Mon Sep 20 04:45:07 2021

# cmd: legofit -1 -d 0 -t 56 --ptsPerDim 3 --stateOut b1boot31.state --tol 3e-6 -S 5000 abcde2.lgo ../../chrX/boot_chrX/boot31.opf
# Stage nOptItr nSimReps
#     0    5000        0
# algorithm          : deterministic
# ignoring probs <=  : 0
# Branch length floor: 0
# DE strategy        : 2
#    F               : 0.3
#    CR              : 0.8
#    tolerance       : 3e-06
# nthreads           : 56
# lgo input file     : abcde2.lgo
# site pat input file: ../../chrX/boot_chrX/boot31.opf
# free parameters    : 19
# points in DE swarm : 57
# output state file  : b1boot31.state
# Including singleton site patterns.
# cost function      : KL
Initial parameter values
Fixed:
      zero = 0
       one = 1
    Tbecnw = 75200
Free:
       pc1 = 0
       pc2 = 0
       pc3 = 0
       pc4 = 0
       pc5 = 0
       pc6 = 0
       pc7 = 0
       pc8 = 0
       pc9 = 0
      pc10 = 0
      pc11 = 0
      pc12 = 0
      pc13 = 0
      pc14 = 0
      pc15 = 0
      pc16 = 0
      pc17 = 0
      pc18 = 0
      pc19 = 0
Constrained:
   Tgbecnw = 206673
     Tecnw = 28823.7
       Tnw = 22078.7
       Tec = 11179.9
     twoNb = 1.87097e+06
     twoNe = 10142.7
     twoNc = 2.45908e+06
     twoNn = 1.15469e+06
     twoNw = 1.2624e+07
    twoNec = 76445.1
    twoNnw = 18470
  twoNecnw = 60257.6
  twoNbecnw = 22265.4
  twoNgbecnw = 355464
         m = 0.0760529
        m2 = 0.0280014
        m3 = 0.235293
        m4 = 5.00124e-07
        m5 = 0.112247
        Tb = 20001.8
        Ta = 47600.9
        Tc = 11039.3
        Td = 5519.67
        Te = 2759.83
DiffEv reached_goal. cost=1.78432e-03 spread=2.82301e-06
Fitted parameter values
Free:
       pc1 = -0.780718
       pc2 = 1.13468
       pc3 = 1.42914
       pc4 = 0.540467
       pc5 = -0.992188
       pc6 = 1.24352
       pc7 = -1.80751
       pc8 = 0.903858
       pc9 = 0.310923
      pc10 = 0.959768
      pc11 = -1.36515
      pc12 = -1.75229
      pc13 = -0.895531
      pc14 = 0.0647226
      pc15 = 0.161143
      pc16 = 0.231202
      pc17 = 0.125265
      pc18 = -0.0731545
      pc19 = 0.00679635
Constrained:
   Tgbecnw = 134163
     Tecnw = 28104.1
       Tnw = 22328.5
       Tec = 11446.6
     twoNb = 1.68131e+06
     twoNe = 9087.13
     twoNc = 8.9955e+06
     twoNn = 393672
     twoNw = 2.42102e+07
    twoNec = 71607.9
    twoNnw = 15802.1
  twoNecnw = 58075
  twoNbecnw = 16469.7
  twoNgbecnw = 344852
         m = 0.0741314
        m2 = 0.0269851
        m3 = 0.240774
        m4 = 1.30384e-06
        m5 = 0.123255
        Tb = 19775.4
        Ta = 47487.7
        Tc = 11164.2
        Td = 5582.11
        Te = 2791.06
#       SitePat  BranchLen
              b 121561.6732610
              e 45379.3495976
              c 47465.8036228
              n 43122.3095483
              w 45939.3743738
            b:e 1258.8993983
            b:c 1426.7385982
            b:n 987.3712593
            b:w 1129.4226273
            e:c 11564.6661617
            e:n 5050.7640954
            e:w 4325.6867189
            c:n 4731.1568258
            c:w 3631.2849974
            n:w 12108.4233891
          b:e:c 1292.9845054
          b:e:n 561.3652970
          b:e:w 597.0783451
          b:c:n 583.9314255
          b:c:w 579.5752268
          b:n:w 1338.1466976
          e:c:n 5046.2056699
          e:c:w 3917.0066524
          e:n:w 5864.9774294
          c:n:w 4862.7324596
        b:e:c:n 1185.6648051
        b:e:c:w 1149.3400212
        b:e:n:w 1994.0421827
        b:c:n:w 1750.9398902
        e:c:n:w 48209.1428163
