########################################
# legofit: estimate population history #
#            version 2.3.3             #
########################################

# Program was compiled: Sep 12 2021 17:54:39
# Program was run: Mon Sep 20 03:55:15 2021

# cmd: legofit -1 -d 0 -t 56 --ptsPerDim 3 --stateOut b1boot21.state --tol 3e-6 -S 5000 abcde2.lgo ../../chrX/boot_chrX/boot21.opf
# Stage nOptItr nSimReps
#     0    5000        0
# algorithm          : deterministic
# ignoring probs <=  : 0
# Branch length floor: 0
# DE strategy        : 2
#    F               : 0.3
#    CR              : 0.8
#    tolerance       : 3e-06
# nthreads           : 56
# lgo input file     : abcde2.lgo
# site pat input file: ../../chrX/boot_chrX/boot21.opf
# free parameters    : 19
# points in DE swarm : 57
# output state file  : b1boot21.state
# Including singleton site patterns.
# cost function      : KL
Initial parameter values
Fixed:
      zero = 0
       one = 1
    Tbecnw = 75200
Free:
       pc1 = 0
       pc2 = 0
       pc3 = 0
       pc4 = 0
       pc5 = 0
       pc6 = 0
       pc7 = 0
       pc8 = 0
       pc9 = 0
      pc10 = 0
      pc11 = 0
      pc12 = 0
      pc13 = 0
      pc14 = 0
      pc15 = 0
      pc16 = 0
      pc17 = 0
      pc18 = 0
      pc19 = 0
Constrained:
   Tgbecnw = 206673
     Tecnw = 28823.7
       Tnw = 22078.7
       Tec = 11179.9
     twoNb = 1.87097e+06
     twoNe = 10142.7
     twoNc = 2.45908e+06
     twoNn = 1.15469e+06
     twoNw = 1.2624e+07
    twoNec = 76445.1
    twoNnw = 18470
  twoNecnw = 60257.6
  twoNbecnw = 22265.4
  twoNgbecnw = 355464
         m = 0.0760529
        m2 = 0.0280014
        m3 = 0.235293
        m4 = 5.00124e-07
        m5 = 0.112247
        Tb = 20001.8
        Ta = 47600.9
        Tc = 11039.3
        Td = 5519.67
        Te = 2759.83
DiffEv reached_goal. cost=1.86015e-03 spread=2.68030e-06
Fitted parameter values
Free:
       pc1 = -2.5237
       pc2 = 0.203117
       pc3 = 0.554921
       pc4 = 0.504236
       pc5 = 1.1492
       pc6 = 1.88407
       pc7 = -1.39482
       pc8 = 1.02794
       pc9 = 1.07534
      pc10 = -0.127692
      pc11 = -0.131737
      pc12 = -0.691876
      pc13 = -0.670629
      pc14 = -0.108109
      pc15 = 0.350194
      pc16 = 0.338263
      pc17 = 0.0232151
      pc18 = -0.198794
      pc19 = -0.114062
Constrained:
   Tgbecnw = 144113
     Tecnw = 27952.7
       Tnw = 23187.7
       Tec = 12099.4
     twoNb = 1.66624e+06
     twoNe = 33359.8
     twoNc = 7.52289e+06
     twoNn = 912847
     twoNw = 4.24024e+06
    twoNec = 68339.7
    twoNnw = 12063.2
  twoNecnw = 60741
  twoNbecnw = 18419.2
  twoNgbecnw = 326943
         m = 0.0785336
        m2 = 0.0273266
        m3 = 0.248948
        m4 = 1.59378e-06
        m5 = 0.105545
        Tb = 20026
        Ta = 47613
        Tc = 11593.8
        Td = 5796.92
        Te = 2898.46
#       SitePat  BranchLen
              b 122718.3861988
              e 46133.2179877
              c 47945.0130737
              n 43390.0028867
              w 46246.3215078
            b:e 1279.8861012
            b:c 1427.1883725
            b:n 975.8159376
            b:w 1118.8109986
            e:c 11924.8432842
            e:n 4955.3946948
            e:w 4279.1664388
            c:n 4784.0118131
            c:w 3616.1278161
            n:w 12675.2258373
          b:e:c 1317.3236480
          b:e:n 547.2606519
          b:e:w 587.6529333
          b:c:n 573.0591325
          b:c:w 564.4546945
          b:n:w 1367.2355386
          e:c:n 5044.6792963
          e:c:w 3885.1709641
          e:n:w 5906.1038621
          c:n:w 4991.2129275
        b:e:c:n 1165.8865405
        b:e:c:w 1138.4056433
        b:e:n:w 2001.4882145
        b:c:n:w 1789.1030367
        e:c:n:w 48405.4775597
