########################################
# legofit: estimate population history #
#            version 2.3.3             #
########################################

# Program was compiled: Sep 12 2021 17:54:39
# Program was run: Mon Sep 20 04:50:10 2021

# cmd: legofit -1 -d 0 -t 56 --ptsPerDim 3 --stateOut b1boot35.state --tol 3e-6 -S 5000 abcde2.lgo ../../chrX/boot_chrX/boot35.opf
# Stage nOptItr nSimReps
#     0    5000        0
# algorithm          : deterministic
# ignoring probs <=  : 0
# Branch length floor: 0
# DE strategy        : 2
#    F               : 0.3
#    CR              : 0.8
#    tolerance       : 3e-06
# nthreads           : 56
# lgo input file     : abcde2.lgo
# site pat input file: ../../chrX/boot_chrX/boot35.opf
# free parameters    : 19
# points in DE swarm : 57
# output state file  : b1boot35.state
# Including singleton site patterns.
# cost function      : KL
Initial parameter values
Fixed:
      zero = 0
       one = 1
    Tbecnw = 75200
Free:
       pc1 = 0
       pc2 = 0
       pc3 = 0
       pc4 = 0
       pc5 = 0
       pc6 = 0
       pc7 = 0
       pc8 = 0
       pc9 = 0
      pc10 = 0
      pc11 = 0
      pc12 = 0
      pc13 = 0
      pc14 = 0
      pc15 = 0
      pc16 = 0
      pc17 = 0
      pc18 = 0
      pc19 = 0
Constrained:
   Tgbecnw = 206673
     Tecnw = 28823.7
       Tnw = 22078.7
       Tec = 11179.9
     twoNb = 1.87097e+06
     twoNe = 10142.7
     twoNc = 2.45908e+06
     twoNn = 1.15469e+06
     twoNw = 1.2624e+07
    twoNec = 76445.1
    twoNnw = 18470
  twoNecnw = 60257.6
  twoNbecnw = 22265.4
  twoNgbecnw = 355464
         m = 0.0760529
        m2 = 0.0280014
        m3 = 0.235293
        m4 = 5.00124e-07
        m5 = 0.112247
        Tb = 20001.8
        Ta = 47600.9
        Tc = 11039.3
        Td = 5519.67
        Te = 2759.83
DiffEv reached_goal. cost=1.87202e-03 spread=2.42242e-06
Fitted parameter values
Free:
       pc1 = -0.904133
       pc2 = 1.70736
       pc3 = 0.651105
       pc4 = -0.0996585
       pc5 = -0.0626733
       pc6 = 1.2484
       pc7 = -1.36376
       pc8 = 0.107795
       pc9 = 0.97767
      pc10 = -0.6353
      pc11 = 0.247573
      pc12 = 0.0929486
      pc13 = -0.933327
      pc14 = 0.0838673
      pc15 = 0.788004
      pc16 = -0.147499
      pc17 = 0.580632
      pc18 = -0.188893
      pc19 = 0.00804456
Constrained:
   Tgbecnw = 128819
     Tecnw = 28416.2
       Tnw = 21872.1
       Tec = 11314.4
     twoNb = 2.24071e+06
     twoNe = 16368.1
     twoNc = 5.70969e+06
     twoNn = 2.16495e+06
     twoNw = 6.74811e+06
    twoNec = 76420.7
    twoNnw = 18043.5
  twoNecnw = 60469.3
  twoNbecnw = 15751
  twoNgbecnw = 287370
         m = 0.097052
        m2 = 0.0265422
        m3 = 0.240783
        m4 = 1.46458e-06
        m5 = 0.1121
        Tb = 19865.3
        Ta = 47532.7
        Tc = 10936.1
        Td = 5468.04
        Te = 2734.02
#       SitePat  BranchLen
              b 123410.2932494
              e 46298.7307088
              c 48207.5371567
              n 43797.1429761
              w 46546.6252057
            b:e 1265.1670490
            b:c 1414.8382930
            b:n 982.6818921
            b:w 1115.6803228
            e:c 11603.7837687
            e:n 5031.9084528
            e:w 4320.7637900
            c:n 4758.2839130
            c:w 3655.6331073
            n:w 12300.4833429
          b:e:c 1281.6717080
          b:e:n 558.2008090
          b:e:w 593.9083189
          b:c:n 580.1015126
          b:c:w 576.1034954
          b:n:w 1329.7989358
          e:c:n 4946.4944976
          e:c:w 3867.8530034
          e:n:w 5754.4895527
          c:n:w 4851.0232050
        b:e:c:n 1174.1082338
        b:e:c:w 1152.3551053
        b:e:n:w 2005.0698675
        b:c:n:w 1784.7178379
        e:c:n:w 49370.1920297
