########################################
# legofit: estimate population history #
#            version 2.3.3             #
########################################

# Program was compiled: Sep 12 2021 17:54:39
# Program was run: Mon Sep 20 02:26:45 2021

# cmd: legofit -1 -d 0 -t 56 --ptsPerDim 3 --stateOut b1boot11.state --tol 3e-6 -S 5000 abcde2.lgo ../../chrX/boot_chrX/boot11.opf
# Stage nOptItr nSimReps
#     0    5000        0
# algorithm          : deterministic
# ignoring probs <=  : 0
# Branch length floor: 0
# DE strategy        : 2
#    F               : 0.3
#    CR              : 0.8
#    tolerance       : 3e-06
# nthreads           : 56
# lgo input file     : abcde2.lgo
# site pat input file: ../../chrX/boot_chrX/boot11.opf
# free parameters    : 19
# points in DE swarm : 57
# output state file  : b1boot11.state
# Including singleton site patterns.
# cost function      : KL
Initial parameter values
Fixed:
      zero = 0
       one = 1
    Tbecnw = 75200
Free:
       pc1 = 0
       pc2 = 0
       pc3 = 0
       pc4 = 0
       pc5 = 0
       pc6 = 0
       pc7 = 0
       pc8 = 0
       pc9 = 0
      pc10 = 0
      pc11 = 0
      pc12 = 0
      pc13 = 0
      pc14 = 0
      pc15 = 0
      pc16 = 0
      pc17 = 0
      pc18 = 0
      pc19 = 0
Constrained:
   Tgbecnw = 206673
     Tecnw = 28823.7
       Tnw = 22078.7
       Tec = 11179.9
     twoNb = 1.87097e+06
     twoNe = 10142.7
     twoNc = 2.45908e+06
     twoNn = 1.15469e+06
     twoNw = 1.2624e+07
    twoNec = 76445.1
    twoNnw = 18470
  twoNecnw = 60257.6
  twoNbecnw = 22265.4
  twoNgbecnw = 355464
         m = 0.0760529
        m2 = 0.0280014
        m3 = 0.235293
        m4 = 5.00124e-07
        m5 = 0.112247
        Tb = 20001.8
        Ta = 47600.9
        Tc = 11039.3
        Td = 5519.67
        Te = 2759.83
DiffEv reached_goal. cost=1.78027e-03 spread=2.76311e-06
Fitted parameter values
Free:
       pc1 = 0.714268
       pc2 = 1.70279
       pc3 = 0.807362
       pc4 = -0.811186
       pc5 = 0.825067
       pc6 = 0.538819
       pc7 = 0.495343
       pc8 = -0.251084
       pc9 = 1.54871
      pc10 = -0.603411
      pc11 = -0.989343
      pc12 = -1.55985
      pc13 = 0.334135
      pc14 = -0.407296
      pc15 = 0.78213
      pc16 = 0.146473
      pc17 = 0.063305
      pc18 = 0.036453
      pc19 = -0.0187632
Constrained:
   Tgbecnw = 136643
     Tecnw = 28055.1
       Tnw = 19927
       Tec = 10081.7
     twoNb = 2.20124e+06
     twoNe = 5790.93
     twoNc = 4.61484e+06
     twoNn = 161781
     twoNw = 1.14175e+07
    twoNec = 76481.1
    twoNnw = 22516.3
  twoNecnw = 60306.2
  twoNbecnw = 17135
  twoNgbecnw = 317778
         m = 0.0850855
        m2 = 0.0291719
        m3 = 0.217624
        m4 = 9.94724e-07
        m5 = 0.105313
        Tb = 19068.4
        Ta = 47134.2
        Tc = 9963.48
        Td = 4981.74
        Te = 2490.87
#       SitePat  BranchLen
              b 123423.9139570
              e 45933.7556828
              c 47786.1935048
              n 43336.5838692
              w 45966.0378107
            b:e 1287.1433337
            b:c 1430.8503825
            b:n 994.6887622
            b:w 1123.0449189
            e:c 12167.1138950
            e:n 4955.0974997
            e:w 4268.3849910
            c:n 4679.4261409
            c:w 3636.1923615
            n:w 12909.7469259
          b:e:c 1326.3487455
          b:e:n 553.7354146
          b:e:w 587.4796184
          b:c:n 573.2216514
          b:c:w 571.4012478
          b:n:w 1384.2552393
          e:c:n 4981.5333932
          e:c:w 3938.3804909
          e:n:w 5810.0135349
          c:n:w 4934.9739787
        b:e:c:n 1176.2437001
        b:e:c:w 1159.6090393
        b:e:n:w 2071.9685882
        b:c:n:w 1855.3193737
        e:c:n:w 49302.4162632
