########################################
# legofit: estimate population history #
#            version 2.3.3             #
########################################

# Program was compiled: Sep 12 2021 17:54:39
# Program was run: Mon Sep 20 04:24:07 2021

# cmd: legofit -1 -d 0 -t 56 --ptsPerDim 3 --stateOut b1boot27.state --tol 3e-6 -S 5000 abcde2.lgo ../../chrX/boot_chrX/boot27.opf
# Stage nOptItr nSimReps
#     0    5000        0
# algorithm          : deterministic
# ignoring probs <=  : 0
# Branch length floor: 0
# DE strategy        : 2
#    F               : 0.3
#    CR              : 0.8
#    tolerance       : 3e-06
# nthreads           : 56
# lgo input file     : abcde2.lgo
# site pat input file: ../../chrX/boot_chrX/boot27.opf
# free parameters    : 19
# points in DE swarm : 57
# output state file  : b1boot27.state
# Including singleton site patterns.
# cost function      : KL
Initial parameter values
Fixed:
      zero = 0
       one = 1
    Tbecnw = 75200
Free:
       pc1 = 0
       pc2 = 0
       pc3 = 0
       pc4 = 0
       pc5 = 0
       pc6 = 0
       pc7 = 0
       pc8 = 0
       pc9 = 0
      pc10 = 0
      pc11 = 0
      pc12 = 0
      pc13 = 0
      pc14 = 0
      pc15 = 0
      pc16 = 0
      pc17 = 0
      pc18 = 0
      pc19 = 0
Constrained:
   Tgbecnw = 206673
     Tecnw = 28823.7
       Tnw = 22078.7
       Tec = 11179.9
     twoNb = 1.87097e+06
     twoNe = 10142.7
     twoNc = 2.45908e+06
     twoNn = 1.15469e+06
     twoNw = 1.2624e+07
    twoNec = 76445.1
    twoNnw = 18470
  twoNecnw = 60257.6
  twoNbecnw = 22265.4
  twoNgbecnw = 355464
         m = 0.0760529
        m2 = 0.0280014
        m3 = 0.235293
        m4 = 5.00124e-07
        m5 = 0.112247
        Tb = 20001.8
        Ta = 47600.9
        Tc = 11039.3
        Td = 5519.67
        Te = 2759.83
DiffEv reached_goal. cost=1.87972e-03 spread=2.79660e-06
Fitted parameter values
Free:
       pc1 = -2.00014
       pc2 = 0.819299
       pc3 = 0.100722
       pc4 = -1.91088
       pc5 = 0.58736
       pc6 = -1.16018
       pc7 = -0.755251
       pc8 = 1.48032
       pc9 = 1.05858
      pc10 = -1.5818
      pc11 = -1.4107
      pc12 = -0.817822
      pc13 = -0.319419
      pc14 = 0.029386
      pc15 = 0.338883
      pc16 = 0.308452
      pc17 = 0.169691
      pc18 = 0.0413253
      pc19 = -0.0280723
Constrained:
   Tgbecnw = 149060
     Tecnw = 27600.2
       Tnw = 22151.2
       Tec = 11123.1
     twoNb = 1.98807e+06
     twoNe = 47675.8
     twoNc = 3.47658e+06
     twoNn = 2.6602e+06
     twoNw = 1.2702e+07
    twoNec = 70049.3
    twoNnw = 14881.1
  twoNecnw = 62900
  twoNbecnw = 18809.2
  twoNgbecnw = 400017
         m = 0.0651969
        m2 = 0.0298429
        m3 = 0.213045
        m4 = 1.42869e-06
        m5 = 0.116706
        Tb = 19361.7
        Ta = 47280.8
        Tc = 11075.6
        Td = 5537.79
        Te = 2768.9
#       SitePat  BranchLen
              b 123016.0513654
              e 46434.8646505
              c 48317.9085018
              n 43884.8376096
              w 46289.1241955
            b:e 1339.5793610
            b:c 1498.7401832
            b:n 1043.4847844
            b:w 1169.3348560
            e:c 12267.4667969
            e:n 4894.9725185
            e:w 4404.9352593
            c:n 4770.3912637
            c:w 3685.6189984
            n:w 12977.2890582
          b:e:c 1396.5771591
          b:e:n 576.4344975
          b:e:w 621.3947382
          b:c:n 606.9797016
          b:c:w 592.0212297
          b:n:w 1454.8673355
          e:c:n 4968.9704189
          e:c:w 3993.5781104
          e:n:w 5968.4532198
          c:n:w 5009.2700178
        b:e:c:n 1223.0134620
        b:e:c:w 1213.0768964
        b:e:n:w 2164.6489532
        b:c:n:w 1924.3532870
        e:c:n:w 48372.5918993
