########################################
# legofit: estimate population history #
#            version 2.3.3             #
########################################

# Program was compiled: Sep 12 2021 17:54:39
# Program was run: Mon Sep 20 03:24:39 2021

# cmd: legofit -1 -d 0 -t 56 --ptsPerDim 3 --stateOut b1boot15.state --tol 3e-6 -S 5000 abcde2.lgo ../../chrX/boot_chrX/boot15.opf
# Stage nOptItr nSimReps
#     0    5000        0
# algorithm          : deterministic
# ignoring probs <=  : 0
# Branch length floor: 0
# DE strategy        : 2
#    F               : 0.3
#    CR              : 0.8
#    tolerance       : 3e-06
# nthreads           : 56
# lgo input file     : abcde2.lgo
# site pat input file: ../../chrX/boot_chrX/boot15.opf
# free parameters    : 19
# points in DE swarm : 57
# output state file  : b1boot15.state
# Including singleton site patterns.
# cost function      : KL
Initial parameter values
Fixed:
      zero = 0
       one = 1
    Tbecnw = 75200
Free:
       pc1 = 0
       pc2 = 0
       pc3 = 0
       pc4 = 0
       pc5 = 0
       pc6 = 0
       pc7 = 0
       pc8 = 0
       pc9 = 0
      pc10 = 0
      pc11 = 0
      pc12 = 0
      pc13 = 0
      pc14 = 0
      pc15 = 0
      pc16 = 0
      pc17 = 0
      pc18 = 0
      pc19 = 0
Constrained:
   Tgbecnw = 206673
     Tecnw = 28823.7
       Tnw = 22078.7
       Tec = 11179.9
     twoNb = 1.87097e+06
     twoNe = 10142.7
     twoNc = 2.45908e+06
     twoNn = 1.15469e+06
     twoNw = 1.2624e+07
    twoNec = 76445.1
    twoNnw = 18470
  twoNecnw = 60257.6
  twoNbecnw = 22265.4
  twoNgbecnw = 355464
         m = 0.0760529
        m2 = 0.0280014
        m3 = 0.235293
        m4 = 5.00124e-07
        m5 = 0.112247
        Tb = 20001.8
        Ta = 47600.9
        Tc = 11039.3
        Td = 5519.67
        Te = 2759.83
DiffEv reached_goal. cost=1.83479e-03 spread=2.70181e-06
Fitted parameter values
Free:
       pc1 = 1.3067
       pc2 = 1.51476
       pc3 = 1.39614
       pc4 = -0.874999
       pc5 = 0.511245
       pc6 = -0.311862
       pc7 = -1.49796
       pc8 = 0.766997
       pc9 = 1.02153
      pc10 = 0.495876
      pc11 = -1.22217
      pc12 = -1.91527
      pc13 = -0.912346
      pc14 = 0.40646
      pc15 = -0.123953
      pc16 = 0.407909
      pc17 = -0.0291422
      pc18 = -0.331929
      pc19 = -0.201021
Constrained:
   Tgbecnw = 139303
     Tecnw = 28115.8
       Tnw = 19954.7
       Tec = 10608.6
     twoNb = 1.27619e+06
     twoNe = 33645.2
     twoNc = 7.50486e+06
     twoNn = 883577
     twoNw = 2.38022e+07
    twoNec = 78407.8
    twoNnw = 23413.4
  twoNecnw = 56979.8
  twoNbecnw = 18320.8
  twoNgbecnw = 335924
         m = 0.0697173
        m2 = 0.0279903
        m3 = 0.21585
        m4 = 1.23082e-06
        m5 = 0.116628
        Tb = 19362.2
        Ta = 47281.1
        Tc = 9977.33
        Td = 4988.67
        Te = 2494.33
#       SitePat  BranchLen
              b 121193.8168569
              e 45721.7561082
              c 47660.5511282
              n 43205.6398057
              w 45616.1329332
            b:e 1378.8516229
            b:c 1543.7449521
            b:n 1071.2441950
            b:w 1195.2279305
            e:c 11725.9677024
            e:n 4989.1703800
            e:w 4405.7880001
            c:n 4718.7141279
            c:w 3735.9450906
            n:w 12572.3006525
          b:e:c 1393.6550848
          b:e:n 602.5640669
          b:e:w 636.2985253
          b:c:n 625.8919750
          b:c:w 616.7361921
          b:n:w 1431.6543327
          e:c:n 5042.1047982
          e:c:w 4084.5714410
          e:n:w 6028.6957174
          c:n:w 5091.3800047
        b:e:c:n 1254.5437769
        b:e:c:w 1219.1730427
        b:e:n:w 2079.0755902
        b:c:n:w 1849.2365249
        e:c:n:w 47529.4989519
