########################################
# legofit: estimate population history #
#            version 2.3.3             #
########################################

# Program was compiled: Sep 12 2021 17:54:39
# Program was run: Mon Sep 20 00:11:03 2021

# cmd: legofit -1 -d 0 -t 56 --ptsPerDim 3 --stateOut b1boot2.state --tol 3e-6 -S 5000 abcde2.lgo ../../chrX/boot_chrX/boot2.opf
# Stage nOptItr nSimReps
#     0    5000        0
# algorithm          : deterministic
# ignoring probs <=  : 0
# Branch length floor: 0
# DE strategy        : 2
#    F               : 0.3
#    CR              : 0.8
#    tolerance       : 3e-06
# nthreads           : 56
# lgo input file     : abcde2.lgo
# site pat input file: ../../chrX/boot_chrX/boot2.opf
# free parameters    : 19
# points in DE swarm : 57
# output state file  : b1boot2.state
# Including singleton site patterns.
# cost function      : KL
Initial parameter values
Fixed:
      zero = 0
       one = 1
    Tbecnw = 75200
Free:
       pc1 = 0
       pc2 = 0
       pc3 = 0
       pc4 = 0
       pc5 = 0
       pc6 = 0
       pc7 = 0
       pc8 = 0
       pc9 = 0
      pc10 = 0
      pc11 = 0
      pc12 = 0
      pc13 = 0
      pc14 = 0
      pc15 = 0
      pc16 = 0
      pc17 = 0
      pc18 = 0
      pc19 = 0
Constrained:
   Tgbecnw = 206673
     Tecnw = 28823.7
       Tnw = 22078.7
       Tec = 11179.9
     twoNb = 1.87097e+06
     twoNe = 10142.7
     twoNc = 2.45908e+06
     twoNn = 1.15469e+06
     twoNw = 1.2624e+07
    twoNec = 76445.1
    twoNnw = 18470
  twoNecnw = 60257.6
  twoNbecnw = 22265.4
  twoNgbecnw = 355464
         m = 0.0760529
        m2 = 0.0280014
        m3 = 0.235293
        m4 = 5.00124e-07
        m5 = 0.112247
        Tb = 20001.8
        Ta = 47600.9
        Tc = 11039.3
        Td = 5519.67
        Te = 2759.83
DiffEv reached_goal. cost=1.79776e-03 spread=2.99504e-06
Fitted parameter values
Free:
       pc1 = 0.276497
       pc2 = 1.98511
       pc3 = -0.441569
       pc4 = -0.483269
       pc5 = 0.51294
       pc6 = 1.30018
       pc7 = -0.470363
       pc8 = 0.690821
       pc9 = 0.525252
      pc10 = -0.989079
      pc11 = -1.55064
      pc12 = -1.02272
      pc13 = 0.182021
      pc14 = -0.0487986
      pc15 = 0.525686
      pc16 = 0.0329764
      pc17 = 0.142783
      pc18 = -0.0319047
      pc19 = -0.120032
Constrained:
   Tgbecnw = 135066
     Tecnw = 28244.2
       Tnw = 20558
       Tec = 10541.7
     twoNb = 1.95643e+06
     twoNe = 13690.1
     twoNc = 6.97927e+06
     twoNn = 948794
     twoNw = 5.03903e+06
    twoNec = 75923.7
    twoNnw = 20368.7
  twoNecnw = 60819.7
  twoNbecnw = 17048.1
  twoNgbecnw = 286095
         m = 0.0906197
        m2 = 0.0305705
        m3 = 0.231855
        m4 = 8.06359e-07
        m5 = 0.117122
        Tb = 19393
        Ta = 47296.5
        Tc = 10279
        Td = 5139.51
        Te = 2569.75
#       SitePat  BranchLen
              b 122090.1256912
              e 46152.1615227
              c 48230.4607395
              n 43374.9567350
              w 46064.6542997
            b:e 1280.1854950
            b:c 1442.6737448
            b:n 975.0656829
            b:w 1100.6958087
            e:c 11933.6764893
            e:n 4993.2425541
            e:w 4343.9809400
            c:n 4731.4601514
            c:w 3602.7006065
            n:w 12850.4957122
          b:e:c 1299.9633619
          b:e:n 545.9862789
          b:e:w 585.7741995
          b:c:n 570.9650688
          b:c:w 564.1196703
          b:n:w 1355.3689023
          e:c:n 4924.5857886
          e:c:w 3862.4261101
          e:n:w 5911.9962128
          c:n:w 4912.7926994
        b:e:c:n 1152.2791686
        b:e:c:w 1144.1898536
        b:e:n:w 2073.0986921
        b:c:n:w 1831.2531851
        e:c:n:w 47808.1983984
