########################################
# legofit: estimate population history #
#            version 2.3.3             #
########################################

# Program was compiled: Sep 12 2021 17:54:39
# Program was run: Mon Sep 20 02:16:37 2021

# cmd: legofit -1 -d 0 -t 56 --ptsPerDim 3 --stateOut b1boot9.state --tol 3e-6 -S 5000 abcde2.lgo ../../chrX/boot_chrX/boot9.opf
# Stage nOptItr nSimReps
#     0    5000        0
# algorithm          : deterministic
# ignoring probs <=  : 0
# Branch length floor: 0
# DE strategy        : 2
#    F               : 0.3
#    CR              : 0.8
#    tolerance       : 3e-06
# nthreads           : 56
# lgo input file     : abcde2.lgo
# site pat input file: ../../chrX/boot_chrX/boot9.opf
# free parameters    : 19
# points in DE swarm : 57
# output state file  : b1boot9.state
# Including singleton site patterns.
# cost function      : KL
Initial parameter values
Fixed:
      zero = 0
       one = 1
    Tbecnw = 75200
Free:
       pc1 = 0
       pc2 = 0
       pc3 = 0
       pc4 = 0
       pc5 = 0
       pc6 = 0
       pc7 = 0
       pc8 = 0
       pc9 = 0
      pc10 = 0
      pc11 = 0
      pc12 = 0
      pc13 = 0
      pc14 = 0
      pc15 = 0
      pc16 = 0
      pc17 = 0
      pc18 = 0
      pc19 = 0
Constrained:
   Tgbecnw = 206673
     Tecnw = 28823.7
       Tnw = 22078.7
       Tec = 11179.9
     twoNb = 1.87097e+06
     twoNe = 10142.7
     twoNc = 2.45908e+06
     twoNn = 1.15469e+06
     twoNw = 1.2624e+07
    twoNec = 76445.1
    twoNnw = 18470
  twoNecnw = 60257.6
  twoNbecnw = 22265.4
  twoNgbecnw = 355464
         m = 0.0760529
        m2 = 0.0280014
        m3 = 0.235293
        m4 = 5.00124e-07
        m5 = 0.112247
        Tb = 20001.8
        Ta = 47600.9
        Tc = 11039.3
        Td = 5519.67
        Te = 2759.83
DiffEv reached_goal. cost=1.90064e-03 spread=2.82725e-06
Fitted parameter values
Free:
       pc1 = -3.17769
       pc2 = 1.06391
       pc3 = 1.0745
       pc4 = -1.37961
       pc5 = -0.418649
       pc6 = -0.099443
       pc7 = -0.988576
       pc8 = 0.526566
       pc9 = 1.50141
      pc10 = 0.689789
      pc11 = 0.629106
      pc12 = -0.186207
      pc13 = -0.954927
      pc14 = -0.301745
      pc15 = 0.0675543
      pc16 = 0.00706429
      pc17 = -0.163193
      pc18 = -0.235946
      pc19 = -0.0442881
Constrained:
   Tgbecnw = 138213
     Tecnw = 28010.6
       Tnw = 23270.9
       Tec = 12064
     twoNb = 2.30521e+06
     twoNe = 43021
     twoNc = 2.75339e+06
     twoNn = 1.76905e+06
     twoNw = 2.23991e+07
    twoNec = 67245.6
    twoNnw = 12921.3
  twoNecnw = 62138.6
  twoNbecnw = 18196.9
  twoNgbecnw = 258651
         m = 0.102133
        m2 = 0.0253134
        m3 = 0.227432
        m4 = 1.79769e-06
        m5 = 0.111602
        Tb = 20037.3
        Ta = 47618.7
        Tc = 11635.4
        Td = 5817.72
        Te = 2908.86
#       SitePat  BranchLen
              b 123851.6973973
              e 46309.1967413
              c 48093.0742913
              n 44061.3123423
              w 46745.6951722
            b:e 1268.8555266
            b:c 1414.8408436
            b:n 995.1799448
            b:w 1130.4068482
            e:c 12146.6111532
            e:n 4935.5863850
            e:w 4330.4366673
            c:n 4780.1705587
            c:w 3666.5427749
            n:w 12621.0195062
          b:e:c 1319.9382690
          b:e:n 550.9646564
          b:e:w 589.8547992
          b:c:n 576.9983444
          b:c:w 565.6662495
          b:n:w 1369.5519511
          e:c:n 5072.6355476
          e:c:w 3982.2031531
          e:n:w 5846.4492205
          c:n:w 4943.1710142
        b:e:c:n 1178.8052366
        b:e:c:w 1140.8474129
        b:e:n:w 1949.6603465
        b:c:n:w 1740.5402371
        e:c:n:w 49021.7632239
