########################################
# legofit: estimate population history #
#            version 2.3.3             #
########################################

# Program was compiled: Sep 12 2021 17:54:39
# Program was run: Mon Sep 20 05:11:51 2021

# cmd: legofit -1 -d 0 -t 56 --ptsPerDim 3 --stateOut b1boot44.state --tol 3e-6 -S 5000 abcde2.lgo ../../chrX/boot_chrX/boot44.opf
# Stage nOptItr nSimReps
#     0    5000        0
# algorithm          : deterministic
# ignoring probs <=  : 0
# Branch length floor: 0
# DE strategy        : 2
#    F               : 0.3
#    CR              : 0.8
#    tolerance       : 3e-06
# nthreads           : 56
# lgo input file     : abcde2.lgo
# site pat input file: ../../chrX/boot_chrX/boot44.opf
# free parameters    : 19
# points in DE swarm : 57
# output state file  : b1boot44.state
# Including singleton site patterns.
# cost function      : KL
Initial parameter values
Fixed:
      zero = 0
       one = 1
    Tbecnw = 75200
Free:
       pc1 = 0
       pc2 = 0
       pc3 = 0
       pc4 = 0
       pc5 = 0
       pc6 = 0
       pc7 = 0
       pc8 = 0
       pc9 = 0
      pc10 = 0
      pc11 = 0
      pc12 = 0
      pc13 = 0
      pc14 = 0
      pc15 = 0
      pc16 = 0
      pc17 = 0
      pc18 = 0
      pc19 = 0
Constrained:
   Tgbecnw = 206673
     Tecnw = 28823.7
       Tnw = 22078.7
       Tec = 11179.9
     twoNb = 1.87097e+06
     twoNe = 10142.7
     twoNc = 2.45908e+06
     twoNn = 1.15469e+06
     twoNw = 1.2624e+07
    twoNec = 76445.1
    twoNnw = 18470
  twoNecnw = 60257.6
  twoNbecnw = 22265.4
  twoNgbecnw = 355464
         m = 0.0760529
        m2 = 0.0280014
        m3 = 0.235293
        m4 = 5.00124e-07
        m5 = 0.112247
        Tb = 20001.8
        Ta = 47600.9
        Tc = 11039.3
        Td = 5519.67
        Te = 2759.83
DiffEv reached_goal. cost=1.70592e-03 spread=2.77176e-06
Fitted parameter values
Free:
       pc1 = -2.64515
       pc2 = 1.55409
       pc3 = 0.186488
       pc4 = 0.438152
       pc5 = -1.20461
       pc6 = -1.03643
       pc7 = 0.384976
       pc8 = 0.947591
       pc9 = 0.119527
      pc10 = -0.760819
      pc11 = -1.28156
      pc12 = -1.32221
      pc13 = -0.974375
      pc14 = 0.379306
      pc15 = 0.973155
      pc16 = 0.5203
      pc17 = -0.135097
      pc18 = -0.0135359
      pc19 = -0.0274762
Constrained:
   Tgbecnw = 140181
     Tecnw = 27183.1
       Tnw = 22659.3
       Tec = 11421.6
     twoNb = 2.97622e+06
     twoNe = 9506.8
     twoNc = 2.01689e+06
     twoNn = 2.47814e+06
     twoNw = 2.58197e+07
    twoNec = 68556.7
    twoNnw = 11938.1
  twoNecnw = 60786.1
  twoNbecnw = 17316.8
  twoNgbecnw = 358133
         m = 0.0728371
        m2 = 0.0293369
        m3 = 0.240384
        m4 = 5.28687e-07
        m5 = 0.120106
        Tb = 19302.3
        Ta = 47251.2
        Tc = 11329.6
        Td = 5664.82
        Te = 2832.41
#       SitePat  BranchLen
              b 122270.1692001
              e 45605.5026973
              c 47554.0717815
              n 42982.7464805
              w 45607.8435529
            b:e 1257.6550448
            b:c 1415.5231434
            b:n 973.6592243
            b:w 1104.8048523
            e:c 11766.4519510
            e:n 4956.6423186
            e:w 4387.7628478
            c:n 4811.4355111
            c:w 3657.9868213
            n:w 12480.8089673
          b:e:c 1290.7185829
          b:e:n 547.2343306
          b:e:w 592.8696448
          b:c:n 577.0561902
          b:c:w 565.0561881
          b:n:w 1347.1673455
          e:c:n 4988.6423724
          e:c:w 3923.4610091
          e:n:w 5968.5374711
          c:n:w 4976.1110986
        b:e:c:n 1154.8854643
        b:e:c:w 1152.5170142
        b:e:n:w 2068.9904734
        b:c:n:w 1827.9540755
        e:c:n:w 48484.3897171
