########################################
# legofit: estimate population history #
#            version 2.3.3             #
########################################

# Program was compiled: Sep 12 2021 17:54:39
# Program was run: Mon Sep 20 00:55:56 2021

# cmd: legofit -1 -d 0 -t 56 --ptsPerDim 3 --stateOut b1boot4.state --tol 3e-6 -S 5000 abcde2.lgo ../../chrX/boot_chrX/boot4.opf
# Stage nOptItr nSimReps
#     0    5000        0
# algorithm          : deterministic
# ignoring probs <=  : 0
# Branch length floor: 0
# DE strategy        : 2
#    F               : 0.3
#    CR              : 0.8
#    tolerance       : 3e-06
# nthreads           : 56
# lgo input file     : abcde2.lgo
# site pat input file: ../../chrX/boot_chrX/boot4.opf
# free parameters    : 19
# points in DE swarm : 57
# output state file  : b1boot4.state
# Including singleton site patterns.
# cost function      : KL
Initial parameter values
Fixed:
      zero = 0
       one = 1
    Tbecnw = 75200
Free:
       pc1 = 0
       pc2 = 0
       pc3 = 0
       pc4 = 0
       pc5 = 0
       pc6 = 0
       pc7 = 0
       pc8 = 0
       pc9 = 0
      pc10 = 0
      pc11 = 0
      pc12 = 0
      pc13 = 0
      pc14 = 0
      pc15 = 0
      pc16 = 0
      pc17 = 0
      pc18 = 0
      pc19 = 0
Constrained:
   Tgbecnw = 206673
     Tecnw = 28823.7
       Tnw = 22078.7
       Tec = 11179.9
     twoNb = 1.87097e+06
     twoNe = 10142.7
     twoNc = 2.45908e+06
     twoNn = 1.15469e+06
     twoNw = 1.2624e+07
    twoNec = 76445.1
    twoNnw = 18470
  twoNecnw = 60257.6
  twoNbecnw = 22265.4
  twoNgbecnw = 355464
         m = 0.0760529
        m2 = 0.0280014
        m3 = 0.235293
        m4 = 5.00124e-07
        m5 = 0.112247
        Tb = 20001.8
        Ta = 47600.9
        Tc = 11039.3
        Td = 5519.67
        Te = 2759.83
DiffEv reached_goal. cost=1.86660e-03 spread=2.87058e-06
Fitted parameter values
Free:
       pc1 = -0.565046
       pc2 = 1.76085
       pc3 = 0.685493
       pc4 = -0.306213
       pc5 = -1.38226
       pc6 = -1.2905
       pc7 = -1.16209
       pc8 = 0.00601493
       pc9 = -0.419971
      pc10 = 0.343814
      pc11 = 0.0216357
      pc12 = -0.387847
      pc13 = -0.645843
      pc14 = -0.10551
      pc15 = -0.0812588
      pc16 = 0.212877
      pc17 = -0.121366
      pc18 = -0.207595
      pc19 = -0.0966832
Constrained:
   Tgbecnw = 144520
     Tecnw = 28520.2
       Tnw = 21635.4
       Tec = 11231.7
     twoNb = 1.86676e+06
     twoNe = 11153.1
     twoNc = 3.19316e+06
     twoNn = 2.74437e+06
     twoNw = 2.90752e+07
    twoNec = 73216.4
    twoNnw = 19008.6
  twoNecnw = 59679.1
  twoNbecnw = 19268.6
  twoNgbecnw = 294841
         m = 0.0878396
        m2 = 0.026407
        m3 = 0.228274
        m4 = 2.59836e-07
        m5 = 0.12266
        Tb = 19876
        Ta = 47538
        Tc = 10817.7
        Td = 5408.85
        Te = 2704.42
#       SitePat  BranchLen
              b 124157.9928638
              e 46048.4267032
              c 48240.4515607
              n 43749.3158000
              w 46581.0747952
            b:e 1293.5406201
            b:c 1466.8914867
            b:n 1017.6608350
            b:w 1162.4918479
            e:c 11967.5179269
            e:n 5152.0919635
            e:w 4391.7491594
            c:n 4760.6296146
            c:w 3693.3138674
            n:w 12580.6435777
          b:e:c 1335.5475355
          b:e:n 574.2069654
          b:e:w 606.2985352
          b:c:n 593.5122277
          b:c:w 591.8785894
          b:n:w 1385.2330494
          e:c:n 5138.1037362
          e:c:w 4003.0665057
          e:n:w 5979.6355295
          c:n:w 4947.8707793
        b:e:c:n 1209.4279984
        b:e:c:w 1165.0758884
        b:e:n:w 2024.9557980
        b:c:n:w 1776.3571237
        e:c:n:w 49471.4267110
