########################################
# legofit: estimate population history #
#            version 2.3.3             #
########################################

# Program was compiled: Sep 12 2021 17:54:39
# Program was run: Mon Sep 20 03:16:37 2021

# cmd: legofit -1 -d 0 -t 56 --ptsPerDim 3 --stateOut b1boot14.state --tol 3e-6 -S 5000 abcde2.lgo ../../chrX/boot_chrX/boot14.opf
# Stage nOptItr nSimReps
#     0    5000        0
# algorithm          : deterministic
# ignoring probs <=  : 0
# Branch length floor: 0
# DE strategy        : 2
#    F               : 0.3
#    CR              : 0.8
#    tolerance       : 3e-06
# nthreads           : 56
# lgo input file     : abcde2.lgo
# site pat input file: ../../chrX/boot_chrX/boot14.opf
# free parameters    : 19
# points in DE swarm : 57
# output state file  : b1boot14.state
# Including singleton site patterns.
# cost function      : KL
Initial parameter values
Fixed:
      zero = 0
       one = 1
    Tbecnw = 75200
Free:
       pc1 = 0
       pc2 = 0
       pc3 = 0
       pc4 = 0
       pc5 = 0
       pc6 = 0
       pc7 = 0
       pc8 = 0
       pc9 = 0
      pc10 = 0
      pc11 = 0
      pc12 = 0
      pc13 = 0
      pc14 = 0
      pc15 = 0
      pc16 = 0
      pc17 = 0
      pc18 = 0
      pc19 = 0
Constrained:
   Tgbecnw = 206673
     Tecnw = 28823.7
       Tnw = 22078.7
       Tec = 11179.9
     twoNb = 1.87097e+06
     twoNe = 10142.7
     twoNc = 2.45908e+06
     twoNn = 1.15469e+06
     twoNw = 1.2624e+07
    twoNec = 76445.1
    twoNnw = 18470
  twoNecnw = 60257.6
  twoNbecnw = 22265.4
  twoNgbecnw = 355464
         m = 0.0760529
        m2 = 0.0280014
        m3 = 0.235293
        m4 = 5.00124e-07
        m5 = 0.112247
        Tb = 20001.8
        Ta = 47600.9
        Tc = 11039.3
        Td = 5519.67
        Te = 2759.83
DiffEv reached_goal. cost=1.68671e-03 spread=2.96594e-06
Fitted parameter values
Free:
       pc1 = -2.82449
       pc2 = 0.972823
       pc3 = 1.2717
       pc4 = 0.0741799
       pc5 = 1.56797
       pc6 = -0.388488
       pc7 = -0.571157
       pc8 = 0.600133
       pc9 = 1.35144
      pc10 = 0.0614047
      pc11 = -0.509496
      pc12 = -1.7783
      pc13 = -0.407537
      pc14 = 0.0139417
      pc15 = 0.912542
      pc16 = 0.352661
      pc17 = 0.111828
      pc18 = -0.197558
      pc19 = 0.0045069
Constrained:
   Tgbecnw = 138270
     Tecnw = 27114.5
       Tnw = 22623.6
       Tec = 11629.8
     twoNb = 1.51781e+06
     twoNe = 36049.2
     twoNc = 4.89476e+06
     twoNn = 1.21554e+06
     twoNw = 1.94385e+07
    twoNec = 69222.5
    twoNnw = 12438.4
  twoNecnw = 61175.1
  twoNbecnw = 16563
  twoNgbecnw = 371274
         m = 0.0712032
        m2 = 0.0276166
        m3 = 0.23068
        m4 = 9.6951e-07
        m5 = 0.0997281
        Tb = 19372.2
        Ta = 47286.1
        Tc = 11311.8
        Td = 5655.91
        Te = 2827.96
#       SitePat  BranchLen
              b 121742.6319356
              e 45780.6888337
              c 47353.5578034
              n 43250.8142087
              w 45794.0994170
            b:e 1247.9566038
            b:c 1373.9161257
            b:n 961.1832896
            b:w 1081.9265925
            e:c 11770.3263958
            e:n 4881.5242561
            e:w 4268.1855624
            c:n 4737.7873342
            c:w 3687.2406559
            n:w 12400.0830238
          b:e:c 1264.9143839
          b:e:n 537.5733629
          b:e:w 573.1629018
          b:c:n 559.7008270
          b:c:w 553.0924019
          b:n:w 1313.7208898
          e:c:n 4936.1431530
          e:c:w 3916.7205456
          e:n:w 5728.4277726
          c:n:w 4940.7950598
        b:e:c:n 1134.8060699
        b:e:c:w 1125.1044572
        b:e:n:w 1971.5460740
        b:c:n:w 1782.9751456
        e:c:n:w 48087.1308348
