########################################
# legofit: estimate population history #
#            version 2.3.3             #
########################################

# Program was compiled: Sep 12 2021 17:54:39
# Program was run: Mon Sep 20 04:50:10 2021

# cmd: legofit -1 -d 0 -t 56 --ptsPerDim 3 --stateOut b1boot36.state --tol 3e-6 -S 5000 abcde2.lgo ../../chrX/boot_chrX/boot36.opf
# Stage nOptItr nSimReps
#     0    5000        0
# algorithm          : deterministic
# ignoring probs <=  : 0
# Branch length floor: 0
# DE strategy        : 2
#    F               : 0.3
#    CR              : 0.8
#    tolerance       : 3e-06
# nthreads           : 56
# lgo input file     : abcde2.lgo
# site pat input file: ../../chrX/boot_chrX/boot36.opf
# free parameters    : 19
# points in DE swarm : 57
# output state file  : b1boot36.state
# Including singleton site patterns.
# cost function      : KL
Initial parameter values
Fixed:
      zero = 0
       one = 1
    Tbecnw = 75200
Free:
       pc1 = 0
       pc2 = 0
       pc3 = 0
       pc4 = 0
       pc5 = 0
       pc6 = 0
       pc7 = 0
       pc8 = 0
       pc9 = 0
      pc10 = 0
      pc11 = 0
      pc12 = 0
      pc13 = 0
      pc14 = 0
      pc15 = 0
      pc16 = 0
      pc17 = 0
      pc18 = 0
      pc19 = 0
Constrained:
   Tgbecnw = 206673
     Tecnw = 28823.7
       Tnw = 22078.7
       Tec = 11179.9
     twoNb = 1.87097e+06
     twoNe = 10142.7
     twoNc = 2.45908e+06
     twoNn = 1.15469e+06
     twoNw = 1.2624e+07
    twoNec = 76445.1
    twoNnw = 18470
  twoNecnw = 60257.6
  twoNbecnw = 22265.4
  twoNgbecnw = 355464
         m = 0.0760529
        m2 = 0.0280014
        m3 = 0.235293
        m4 = 5.00124e-07
        m5 = 0.112247
        Tb = 20001.8
        Ta = 47600.9
        Tc = 11039.3
        Td = 5519.67
        Te = 2759.83
DiffEv reached_goal. cost=1.82305e-03 spread=2.91295e-06
Fitted parameter values
Free:
       pc1 = -0.492999
       pc2 = 0.8133
       pc3 = 0.157287
       pc4 = 1.79278
       pc5 = 0.529322
       pc6 = -0.246927
       pc7 = -0.75621
       pc8 = 1.11699
       pc9 = 1.22605
      pc10 = 0.873561
      pc11 = -0.833116
      pc12 = -1.15949
      pc13 = 0.0107153
      pc14 = 0.177713
      pc15 = 0.101224
      pc16 = 0.251069
      pc17 = -0.0903559
      pc18 = -0.123015
      pc19 = -0.0387929
Constrained:
   Tgbecnw = 157889
     Tecnw = 28243.3
       Tnw = 22016.3
       Tec = 11289.1
     twoNb = 1.66049e+06
     twoNe = 19574.7
     twoNc = 7.36881e+06
     twoNn = 1.03913e+06
     twoNw = 2.91997e+07
    twoNec = 75101.9
    twoNnw = 16782.2
  twoNecnw = 59326.6
  twoNbecnw = 20372.6
  twoNgbecnw = 366884
         m = 0.070258
        m2 = 0.0293594
        m3 = 0.248351
        m4 = 7.43339e-07
        m5 = 0.1043
        Tb = 19766.2
        Ta = 47483.1
        Tc = 11008.2
        Td = 5504.09
        Te = 2752.04
#       SitePat  BranchLen
              b 124017.8560800
              e 46398.3174900
              c 48144.5838230
              n 43690.8513955
              w 46485.9355720
            b:e 1285.9331964
            b:c 1425.1187049
            b:n 987.7643034
            b:w 1122.0331126
            e:c 11820.3144399
            e:n 5036.7119943
            e:w 4340.9816337
            c:n 4852.7208078
            c:w 3705.1959808
            n:w 12520.5842693
          b:e:c 1285.1268266
          b:e:n 553.1060300
          b:e:w 592.2414632
          b:c:n 576.3903361
          b:c:w 570.9348916
          b:n:w 1342.4026236
          e:c:n 5087.4630326
          e:c:w 3970.2141503
          e:n:w 5891.4933341
          c:n:w 5034.4908277
        b:e:c:n 1159.4809703
        b:e:c:w 1156.9521027
        b:e:n:w 2055.5270793
        b:c:n:w 1844.8768341
        e:c:n:w 49341.8809644
