########################################
# legofit: estimate population history #
#            version 2.3.3             #
########################################

# Program was compiled: Sep 12 2021 17:54:39
# Program was run: Mon Sep 20 03:31:39 2021

# cmd: legofit -1 -d 0 -t 56 --ptsPerDim 3 --stateOut b1boot17.state --tol 3e-6 -S 5000 abcde2.lgo ../../chrX/boot_chrX/boot17.opf
# Stage nOptItr nSimReps
#     0    5000        0
# algorithm          : deterministic
# ignoring probs <=  : 0
# Branch length floor: 0
# DE strategy        : 2
#    F               : 0.3
#    CR              : 0.8
#    tolerance       : 3e-06
# nthreads           : 56
# lgo input file     : abcde2.lgo
# site pat input file: ../../chrX/boot_chrX/boot17.opf
# free parameters    : 19
# points in DE swarm : 57
# output state file  : b1boot17.state
# Including singleton site patterns.
# cost function      : KL
Initial parameter values
Fixed:
      zero = 0
       one = 1
    Tbecnw = 75200
Free:
       pc1 = 0
       pc2 = 0
       pc3 = 0
       pc4 = 0
       pc5 = 0
       pc6 = 0
       pc7 = 0
       pc8 = 0
       pc9 = 0
      pc10 = 0
      pc11 = 0
      pc12 = 0
      pc13 = 0
      pc14 = 0
      pc15 = 0
      pc16 = 0
      pc17 = 0
      pc18 = 0
      pc19 = 0
Constrained:
   Tgbecnw = 206673
     Tecnw = 28823.7
       Tnw = 22078.7
       Tec = 11179.9
     twoNb = 1.87097e+06
     twoNe = 10142.7
     twoNc = 2.45908e+06
     twoNn = 1.15469e+06
     twoNw = 1.2624e+07
    twoNec = 76445.1
    twoNnw = 18470
  twoNecnw = 60257.6
  twoNbecnw = 22265.4
  twoNgbecnw = 355464
         m = 0.0760529
        m2 = 0.0280014
        m3 = 0.235293
        m4 = 5.00124e-07
        m5 = 0.112247
        Tb = 20001.8
        Ta = 47600.9
        Tc = 11039.3
        Td = 5519.67
        Te = 2759.83
DiffEv reached_goal. cost=1.80371e-03 spread=2.59580e-06
Fitted parameter values
Free:
       pc1 = -1.10313
       pc2 = 1.31858
       pc3 = 0.738322
       pc4 = -0.276615
       pc5 = -1.27314
       pc6 = -0.316738
       pc7 = -0.192767
       pc8 = 0.428842
       pc9 = 1.01965
      pc10 = -0.325206
      pc11 = -0.74332
      pc12 = -1.03708
      pc13 = -0.504062
      pc14 = -0.536389
      pc15 = 0.257673
      pc16 = 0.245087
      pc17 = 0.0220094
      pc18 = 0.0467786
      pc19 = 0.0301255
Constrained:
   Tgbecnw = 142152
     Tecnw = 28165.3
       Tnw = 21892.5
       Tec = 11028.5
     twoNb = 2.77773e+06
     twoNe = 4657.75
     twoNc = 3.64904e+06
     twoNn = 1.6505e+06
     twoNw = 2.43595e+07
    twoNec = 69589
    twoNnw = 17242.5
  twoNecnw = 60516.3
  twoNbecnw = 17818.2
  twoNgbecnw = 332069
         m = 0.0796045
        m2 = 0.028062
        m3 = 0.227812
        m4 = 1.23065e-06
        m5 = 0.116605
        Tb = 19596.9
        Ta = 47398.4
        Tc = 10946.3
        Td = 5473.13
        Te = 2736.57
#       SitePat  BranchLen
              b 122990.0905729
              e 45755.6677933
              c 47690.0074792
              n 43600.0031105
              w 46393.5932210
            b:e 1226.6743159
            b:c 1377.2118720
            b:n 972.0491586
            b:w 1112.2146045
            e:c 12167.9254647
            e:n 4957.6171783
            e:w 4288.1158821
            c:n 4733.6507310
            c:w 3595.2541389
            n:w 12556.3592591
          b:e:c 1289.3856581
          b:e:n 538.3472651
          b:e:w 577.9119621
          b:c:n 562.6761623
          b:c:w 556.2020114
          b:n:w 1349.7540241
          e:c:n 5065.5299198
          e:c:w 3931.8242627
          e:n:w 5769.3004490
          c:n:w 4827.5758845
        b:e:c:n 1158.5896204
        b:e:c:w 1133.3471052
        b:e:n:w 1997.7276862
        b:c:n:w 1768.7842320
        e:c:n:w 48753.0018729
