########################################
# legofit: estimate population history #
#            version 2.3.3             #
########################################

# Program was compiled: Sep 12 2021 17:54:39
# Program was run: Sun Sep 19 23:19:51 2021

# cmd: legofit -1 -d 0 -t 56 --ptsPerDim 3 --stateOut b1boot0.state --tol 3e-6 -S 5000 abcde2.lgo ../../chrX/boot_chrX/boot0.opf
# Stage nOptItr nSimReps
#     0    5000        0
# algorithm          : deterministic
# ignoring probs <=  : 0
# Branch length floor: 0
# DE strategy        : 2
#    F               : 0.3
#    CR              : 0.8
#    tolerance       : 3e-06
# nthreads           : 56
# lgo input file     : abcde2.lgo
# site pat input file: ../../chrX/boot_chrX/boot0.opf
# free parameters    : 19
# points in DE swarm : 57
# output state file  : b1boot0.state
# Including singleton site patterns.
# cost function      : KL
Initial parameter values
Fixed:
      zero = 0
       one = 1
    Tbecnw = 75200
Free:
       pc1 = 0
       pc2 = 0
       pc3 = 0
       pc4 = 0
       pc5 = 0
       pc6 = 0
       pc7 = 0
       pc8 = 0
       pc9 = 0
      pc10 = 0
      pc11 = 0
      pc12 = 0
      pc13 = 0
      pc14 = 0
      pc15 = 0
      pc16 = 0
      pc17 = 0
      pc18 = 0
      pc19 = 0
Constrained:
   Tgbecnw = 206673
     Tecnw = 28823.7
       Tnw = 22078.7
       Tec = 11179.9
     twoNb = 1.87097e+06
     twoNe = 10142.7
     twoNc = 2.45908e+06
     twoNn = 1.15469e+06
     twoNw = 1.2624e+07
    twoNec = 76445.1
    twoNnw = 18470
  twoNecnw = 60257.6
  twoNbecnw = 22265.4
  twoNgbecnw = 355464
         m = 0.0760529
        m2 = 0.0280014
        m3 = 0.235293
        m4 = 5.00124e-07
        m5 = 0.112247
        Tb = 20001.8
        Ta = 47600.9
        Tc = 11039.3
        Td = 5519.67
        Te = 2759.83
DiffEv reached_goal. cost=1.70428e-03 spread=2.24561e-06
Fitted parameter values
Free:
       pc1 = -1.20378
       pc2 = 1.2767
       pc3 = -0.799079
       pc4 = -0.12608
       pc5 = -0.726028
       pc6 = -0.421991
       pc7 = 0.00236923
       pc8 = 0.907526
       pc9 = 1.17272
      pc10 = -0.771871
      pc11 = -1.19388
      pc12 = -0.459455
      pc13 = -0.276299
      pc14 = 0.161677
      pc15 = 0.158515
      pc16 = 0.116355
      pc17 = 0.0631483
      pc18 = -0.115406
      pc19 = -0.120005
Constrained:
   Tgbecnw = 148599
     Tecnw = 28161.8
       Tnw = 21962.5
       Tec = 11253.1
     twoNb = 2.64173e+06
     twoNe = 15419
     twoNc = 3.28042e+06
     twoNn = 2.1994e+06
     twoNw = 2.02114e+07
    twoNec = 73161.3
    twoNnw = 16447.6
  twoNecnw = 61641.5
  twoNbecnw = 19469.2
  twoNgbecnw = 305972
         m = 0.0842973
        m2 = 0.0305974
        m3 = 0.235103
        m4 = 1.25221e-06
        m5 = 0.116504
        Tb = 19707.5
        Ta = 47453.7
        Tc = 10981.2
        Td = 5490.62
        Te = 2745.31
#       SitePat  BranchLen
              b 123677.6017039
              e 46606.5946066
              c 48636.3833284
              n 43834.8240236
              w 46538.5558565
            b:e 1296.5062125
            b:c 1457.6558713
            b:n 995.6743772
            b:w 1128.1602644
            e:c 11995.3785438
            e:n 5050.7988355
            e:w 4398.8206268
            c:n 4814.8867164
            c:w 3679.7696166
            n:w 12829.1598935
          b:e:c 1317.5027568
          b:e:n 557.6947173
          b:e:w 599.0289180
          b:c:n 582.9734979
          b:c:w 576.2656791
          b:n:w 1379.2423394
          e:c:n 5015.6425069
          e:c:w 3935.2915409
          e:n:w 5999.3745759
          c:n:w 5005.7036418
        b:e:c:n 1170.0418023
        b:e:c:w 1166.6440277
        b:e:n:w 2118.1227705
        b:c:n:w 1873.3028865
        e:c:n:w 48668.9756115
