########################################
# legofit: estimate population history #
#            version 2.3.3             #
########################################

# Program was compiled: Sep 12 2021 17:54:39
# Program was run: Mon Sep 20 05:11:53 2021

# cmd: legofit -1 -d 0 -t 56 --ptsPerDim 3 --stateOut b1boot45.state --tol 3e-6 -S 5000 abcde2.lgo ../../chrX/boot_chrX/boot45.opf
# Stage nOptItr nSimReps
#     0    5000        0
# algorithm          : deterministic
# ignoring probs <=  : 0
# Branch length floor: 0
# DE strategy        : 2
#    F               : 0.3
#    CR              : 0.8
#    tolerance       : 3e-06
# nthreads           : 56
# lgo input file     : abcde2.lgo
# site pat input file: ../../chrX/boot_chrX/boot45.opf
# free parameters    : 19
# points in DE swarm : 57
# output state file  : b1boot45.state
# Including singleton site patterns.
# cost function      : KL
Initial parameter values
Fixed:
      zero = 0
       one = 1
    Tbecnw = 75200
Free:
       pc1 = 0
       pc2 = 0
       pc3 = 0
       pc4 = 0
       pc5 = 0
       pc6 = 0
       pc7 = 0
       pc8 = 0
       pc9 = 0
      pc10 = 0
      pc11 = 0
      pc12 = 0
      pc13 = 0
      pc14 = 0
      pc15 = 0
      pc16 = 0
      pc17 = 0
      pc18 = 0
      pc19 = 0
Constrained:
   Tgbecnw = 206673
     Tecnw = 28823.7
       Tnw = 22078.7
       Tec = 11179.9
     twoNb = 1.87097e+06
     twoNe = 10142.7
     twoNc = 2.45908e+06
     twoNn = 1.15469e+06
     twoNw = 1.2624e+07
    twoNec = 76445.1
    twoNnw = 18470
  twoNecnw = 60257.6
  twoNbecnw = 22265.4
  twoNgbecnw = 355464
         m = 0.0760529
        m2 = 0.0280014
        m3 = 0.235293
        m4 = 5.00124e-07
        m5 = 0.112247
        Tb = 20001.8
        Ta = 47600.9
        Tc = 11039.3
        Td = 5519.67
        Te = 2759.83
DiffEv reached_goal. cost=1.60906e-03 spread=2.91482e-06
Fitted parameter values
Free:
       pc1 = 0.505284
       pc2 = 1.42173
       pc3 = 0.853395
       pc4 = 0.00679842
       pc5 = -0.937341
       pc6 = -0.224368
       pc7 = -0.200452
       pc8 = 1.12804
       pc9 = 1.77948
      pc10 = -1.3952
      pc11 = -0.352286
      pc12 = -0.655136
      pc13 = -0.663799
      pc14 = -0.0426635
      pc15 = 0.514091
      pc16 = 0.39164
      pc17 = 0.204295
      pc18 = -0.139522
      pc19 = -0.0691184
Constrained:
   Tgbecnw = 148758
     Tecnw = 28319.4
       Tnw = 20563
       Tec = 10575.3
     twoNb = 3.64876e+06
     twoNe = 9692.78
     twoNc = 5.39202e+06
     twoNn = 2.36427e+06
     twoNw = 1.80231e+07
    twoNec = 76193.6
    twoNnw = 21841.5
  twoNecnw = 59476.4
  twoNbecnw = 18734.8
  twoNgbecnw = 369633
         m = 0.0689358
        m2 = 0.0285767
        m3 = 0.228168
        m4 = 1.55789e-06
        m5 = 0.112404
        Tb = 19447.4
        Ta = 47323.7
        Tc = 10281.5
        Td = 5140.74
        Te = 2570.37
#       SitePat  BranchLen
              b 122463.1002144
              e 45964.8086914
              c 47954.7929157
              n 43539.3083525
              w 46305.2810029
            b:e 1238.1069196
            b:c 1385.7999761
            b:n 980.8820595
            b:w 1120.6650184
            e:c 11916.0433043
            e:n 5081.2069324
            e:w 4323.6246646
            c:n 4734.5787874
            c:w 3673.4195675
            n:w 12553.5805946
          b:e:c 1281.4725476
          b:e:n 552.9649700
          b:e:w 585.4369120
          b:c:n 570.6749087
          b:c:w 571.8886590
          b:n:w 1340.4962228
          e:c:n 5046.1654720
          e:c:w 3946.4796119
          e:n:w 5800.8903553
          c:n:w 4882.8787177
        b:e:c:n 1163.7953340
        b:e:c:w 1142.7814124
        b:e:n:w 2023.3486137
        b:c:n:w 1796.3545117
        e:c:n:w 48150.6426808
