########################################
# legofit: estimate population history #
#            version 2.3.3             #
########################################

# Program was compiled: Sep 12 2021 17:54:39
# Program was run: Mon Sep 20 05:25:56 2021

# cmd: legofit -1 -d 0 -t 56 --ptsPerDim 3 --stateOut b1boot47.state --tol 3e-6 -S 5000 abcde2.lgo ../../chrX/boot_chrX/boot47.opf
# Stage nOptItr nSimReps
#     0    5000        0
# algorithm          : deterministic
# ignoring probs <=  : 0
# Branch length floor: 0
# DE strategy        : 2
#    F               : 0.3
#    CR              : 0.8
#    tolerance       : 3e-06
# nthreads           : 56
# lgo input file     : abcde2.lgo
# site pat input file: ../../chrX/boot_chrX/boot47.opf
# free parameters    : 19
# points in DE swarm : 57
# output state file  : b1boot47.state
# Including singleton site patterns.
# cost function      : KL
Initial parameter values
Fixed:
      zero = 0
       one = 1
    Tbecnw = 75200
Free:
       pc1 = 0
       pc2 = 0
       pc3 = 0
       pc4 = 0
       pc5 = 0
       pc6 = 0
       pc7 = 0
       pc8 = 0
       pc9 = 0
      pc10 = 0
      pc11 = 0
      pc12 = 0
      pc13 = 0
      pc14 = 0
      pc15 = 0
      pc16 = 0
      pc17 = 0
      pc18 = 0
      pc19 = 0
Constrained:
   Tgbecnw = 206673
     Tecnw = 28823.7
       Tnw = 22078.7
       Tec = 11179.9
     twoNb = 1.87097e+06
     twoNe = 10142.7
     twoNc = 2.45908e+06
     twoNn = 1.15469e+06
     twoNw = 1.2624e+07
    twoNec = 76445.1
    twoNnw = 18470
  twoNecnw = 60257.6
  twoNbecnw = 22265.4
  twoNgbecnw = 355464
         m = 0.0760529
        m2 = 0.0280014
        m3 = 0.235293
        m4 = 5.00124e-07
        m5 = 0.112247
        Tb = 20001.8
        Ta = 47600.9
        Tc = 11039.3
        Td = 5519.67
        Te = 2759.83
DiffEv reached_goal. cost=1.80523e-03 spread=2.46591e-06
Fitted parameter values
Free:
       pc1 = -1.09637
       pc2 = 1.53455
       pc3 = 1.11308
       pc4 = -1.06077
       pc5 = -0.74877
       pc6 = 0.287592
       pc7 = -1.5663
       pc8 = 0.747759
       pc9 = -0.0677101
      pc10 = -1.37115
      pc11 = -0.570567
      pc12 = -0.809317
      pc13 = -0.291785
      pc14 = 0.100608
      pc15 = 0.784543
      pc16 = 0.351918
      pc17 = 0.208206
      pc18 = -0.0939323
      pc19 = 0.0080563
Constrained:
   Tgbecnw = 141060
     Tecnw = 27888.7
       Tnw = 21726.5
       Tec = 11048.7
     twoNb = 2.27938e+06
     twoNe = 13598.4
     twoNc = 6.42177e+06
     twoNn = 2.50706e+06
     twoNw = 9.35599e+06
    twoNec = 72458.2
    twoNnw = 17099.6
  twoNecnw = 61303.7
  twoNbecnw = 17148.5
  twoNgbecnw = 349479
         m = 0.0754455
        m2 = 0.0268739
        m3 = 0.223473
        m4 = 9.42628e-07
        m5 = 0.123984
        Tb = 19468.7
        Ta = 47334.3
        Tc = 10863.2
        Td = 5431.62
        Te = 2715.81
#       SitePat  BranchLen
              b 122038.1149341
              e 45885.5958344
              c 47902.2429894
              n 43560.5048178
              w 46104.4882175
            b:e 1202.4289172
            b:c 1356.1646007
            b:n 947.9325544
            b:w 1070.0214481
            e:c 11815.1146037
            e:n 4939.2045507
            e:w 4369.1642424
            c:n 4724.3963392
            c:w 3628.3628089
            n:w 12458.1886730
          b:e:c 1243.0095489
          b:e:n 529.7949002
          b:e:w 569.2156722
          b:c:n 555.8330400
          b:c:w 545.5454727
          b:n:w 1295.3218614
          e:c:n 4898.7419765
          e:c:w 3883.3080058
          e:n:w 5793.2383021
          c:n:w 4808.5202137
        b:e:c:n 1117.2498306
        b:e:c:w 1103.5521770
        b:e:n:w 1953.1146670
        b:c:n:w 1720.6916029
        e:c:n:w 47945.2581584
