########################################
# legofit: estimate population history #
#            version 2.3.3             #
########################################

# Program was compiled: Sep 12 2021 17:54:39
# Program was run: Mon Sep 20 05:31:25 2021

# cmd: legofit -1 -d 0 -t 56 --ptsPerDim 3 --stateOut b1boot49.state --tol 3e-6 -S 5000 abcde2.lgo ../../chrX/boot_chrX/boot49.opf
# Stage nOptItr nSimReps
#     0    5000        0
# algorithm          : deterministic
# ignoring probs <=  : 0
# Branch length floor: 0
# DE strategy        : 2
#    F               : 0.3
#    CR              : 0.8
#    tolerance       : 3e-06
# nthreads           : 56
# lgo input file     : abcde2.lgo
# site pat input file: ../../chrX/boot_chrX/boot49.opf
# free parameters    : 19
# points in DE swarm : 57
# output state file  : b1boot49.state
# Including singleton site patterns.
# cost function      : KL
Initial parameter values
Fixed:
      zero = 0
       one = 1
    Tbecnw = 75200
Free:
       pc1 = 0
       pc2 = 0
       pc3 = 0
       pc4 = 0
       pc5 = 0
       pc6 = 0
       pc7 = 0
       pc8 = 0
       pc9 = 0
      pc10 = 0
      pc11 = 0
      pc12 = 0
      pc13 = 0
      pc14 = 0
      pc15 = 0
      pc16 = 0
      pc17 = 0
      pc18 = 0
      pc19 = 0
Constrained:
   Tgbecnw = 206673
     Tecnw = 28823.7
       Tnw = 22078.7
       Tec = 11179.9
     twoNb = 1.87097e+06
     twoNe = 10142.7
     twoNc = 2.45908e+06
     twoNn = 1.15469e+06
     twoNw = 1.2624e+07
    twoNec = 76445.1
    twoNnw = 18470
  twoNecnw = 60257.6
  twoNbecnw = 22265.4
  twoNgbecnw = 355464
         m = 0.0760529
        m2 = 0.0280014
        m3 = 0.235293
        m4 = 5.00124e-07
        m5 = 0.112247
        Tb = 20001.8
        Ta = 47600.9
        Tc = 11039.3
        Td = 5519.67
        Te = 2759.83
DiffEv reached_goal. cost=1.70997e-03 spread=2.59841e-06
Fitted parameter values
Free:
       pc1 = 1.86403
       pc2 = 1.95981
       pc3 = 0.65678
       pc4 = 0.966905
       pc5 = 0.77561
       pc6 = 0.887207
       pc7 = -1.89665
       pc8 = 1.20428
       pc9 = 0.109105
      pc10 = -0.812787
      pc11 = -0.794033
      pc12 = -0.800132
      pc13 = -0.818784
      pc14 = 0.437721
      pc15 = 0.95255
      pc16 = 0.528956
      pc17 = 0.232984
      pc18 = -0.276751
      pc19 = -0.024515
Constrained:
   Tgbecnw = 139413
     Tecnw = 28380.5
       Tnw = 19711.7
       Tec = 10291.5
     twoNb = 1.72066e+06
     twoNe = 20625.9
     twoNc = 1.01221e+07
     twoNn = 2.05024e+06
     twoNw = 8.20791e+06
    twoNec = 81542.4
    twoNnw = 25011.7
  twoNecnw = 57365.8
  twoNbecnw = 17371.7
  twoNgbecnw = 377107
         m = 0.0672884
        m2 = 0.028379
        m3 = 0.245283
        m4 = 5.56757e-07
        m5 = 0.115655
        Tb = 19336
        Ta = 47268
        Tc = 9855.84
        Td = 4927.92
        Te = 2463.96
#       SitePat  BranchLen
              b 121945.7568393
              e 45763.1108536
              c 47687.2823778
              n 43322.6260245
              w 46058.0647912
            b:e 1298.9886521
            b:c 1451.5594435
            b:n 1023.7474743
            b:w 1159.5485751
            e:c 11481.8726083
            e:n 5104.2021115
            e:w 4410.5338216
            c:n 4836.8658259
            c:w 3719.5881670
            n:w 12170.6470825
          b:e:c 1299.9618524
          b:e:n 582.1555502
          b:e:w 619.8142609
          b:c:n 605.8895812
          b:c:w 599.9657683
          b:n:w 1346.9876002
          e:c:n 5060.4332356
          e:c:w 3986.7449030
          e:n:w 5818.9395784
          c:n:w 4923.4092854
        b:e:c:n 1215.6823643
        b:e:c:w 1197.3419127
        b:e:n:w 2055.0117088
        b:c:n:w 1828.1960733
        e:c:n:w 48335.8143792
