########################################
# legofit: estimate population history #
#            version 2.3.3             #
########################################

# Program was compiled: Sep 12 2021 17:54:39
# Program was run: Mon Sep 20 01:31:59 2021

# cmd: legofit -1 -d 0 -t 56 --ptsPerDim 3 --stateOut b1boot6.state --tol 3e-6 -S 5000 abcde2.lgo ../../chrX/boot_chrX/boot6.opf
# Stage nOptItr nSimReps
#     0    5000        0
# algorithm          : deterministic
# ignoring probs <=  : 0
# Branch length floor: 0
# DE strategy        : 2
#    F               : 0.3
#    CR              : 0.8
#    tolerance       : 3e-06
# nthreads           : 56
# lgo input file     : abcde2.lgo
# site pat input file: ../../chrX/boot_chrX/boot6.opf
# free parameters    : 19
# points in DE swarm : 57
# output state file  : b1boot6.state
# Including singleton site patterns.
# cost function      : KL
Initial parameter values
Fixed:
      zero = 0
       one = 1
    Tbecnw = 75200
Free:
       pc1 = 0
       pc2 = 0
       pc3 = 0
       pc4 = 0
       pc5 = 0
       pc6 = 0
       pc7 = 0
       pc8 = 0
       pc9 = 0
      pc10 = 0
      pc11 = 0
      pc12 = 0
      pc13 = 0
      pc14 = 0
      pc15 = 0
      pc16 = 0
      pc17 = 0
      pc18 = 0
      pc19 = 0
Constrained:
   Tgbecnw = 206673
     Tecnw = 28823.7
       Tnw = 22078.7
       Tec = 11179.9
     twoNb = 1.87097e+06
     twoNe = 10142.7
     twoNc = 2.45908e+06
     twoNn = 1.15469e+06
     twoNw = 1.2624e+07
    twoNec = 76445.1
    twoNnw = 18470
  twoNecnw = 60257.6
  twoNbecnw = 22265.4
  twoNgbecnw = 355464
         m = 0.0760529
        m2 = 0.0280014
        m3 = 0.235293
        m4 = 5.00124e-07
        m5 = 0.112247
        Tb = 20001.8
        Ta = 47600.9
        Tc = 11039.3
        Td = 5519.67
        Te = 2759.83
DiffEv reached_goal. cost=1.66670e-03 spread=2.55398e-06
Fitted parameter values
Free:
       pc1 = -0.106114
       pc2 = 0.869183
       pc3 = 0.953838
       pc4 = 0.277853
       pc5 = 0.449721
       pc6 = 1.63486
       pc7 = -1.93639
       pc8 = -0.642474
       pc9 = 1.03353
      pc10 = 0.87553
      pc11 = -0.436022
      pc12 = -0.80004
      pc13 = -0.802184
      pc14 = 0.501506
      pc15 = 0.917939
      pc16 = 0.339928
      pc17 = -0.0779506
      pc18 = 0.00541781
      pc19 = 0.0527615
Constrained:
   Tgbecnw = 138169
     Tecnw = 28179.5
       Tnw = 21547
       Tec = 10937.7
     twoNb = 692586
     twoNe = 8537.35
     twoNc = 7.01982e+06
     twoNn = 517271
     twoNw = 1.21534e+07
    twoNec = 78210
    twoNnw = 18222.9
  twoNecnw = 58613.6
  twoNbecnw = 17981.6
  twoNgbecnw = 285576
         m = 0.0903126
        m2 = 0.0260051
        m3 = 0.245196
        m4 = 1.70337e-06
        m5 = 0.111174
        Tb = 19558.6
        Ta = 47379.3
        Tc = 10773.5
        Td = 5386.75
        Te = 2693.38
#       SitePat  BranchLen
              b 122976.4993912
              e 45894.9878561
              c 47739.8220412
              n 43388.9146719
              w 46143.3165720
            b:e 1322.1640011
            b:c 1476.6860512
            b:n 998.4029674
            b:w 1116.8687750
            e:c 11586.3254445
            e:n 5052.3776390
            e:w 4370.3099452
            c:n 4818.1770678
            c:w 3710.5027399
            n:w 12316.1806762
          b:e:c 1284.8589643
          b:e:n 560.7003757
          b:e:w 594.1417657
          b:c:n 583.8083643
          b:c:w 574.4898154
          b:n:w 1316.6533476
          e:c:n 5046.0745207
          e:c:w 3970.2724040
          e:n:w 5907.2882014
          c:n:w 5006.8791332
        b:e:c:n 1169.8403492
        b:e:c:w 1138.3939907
        b:e:n:w 1940.8337286
        b:c:n:w 1732.4382770
        e:c:n:w 48948.2111979
