########################################
# legofit: estimate population history #
#            version 2.3.3             #
########################################

# Program was compiled: Sep 12 2021 17:54:39
# Program was run: Mon Sep 20 04:45:06 2021

# cmd: legofit -1 -d 0 -t 56 --ptsPerDim 3 --stateOut b1boot32.state --tol 3e-6 -S 5000 abcde2.lgo ../../chrX/boot_chrX/boot32.opf
# Stage nOptItr nSimReps
#     0    5000        0
# algorithm          : deterministic
# ignoring probs <=  : 0
# Branch length floor: 0
# DE strategy        : 2
#    F               : 0.3
#    CR              : 0.8
#    tolerance       : 3e-06
# nthreads           : 56
# lgo input file     : abcde2.lgo
# site pat input file: ../../chrX/boot_chrX/boot32.opf
# free parameters    : 19
# points in DE swarm : 57
# output state file  : b1boot32.state
# Including singleton site patterns.
# cost function      : KL
Initial parameter values
Fixed:
      zero = 0
       one = 1
    Tbecnw = 75200
Free:
       pc1 = 0
       pc2 = 0
       pc3 = 0
       pc4 = 0
       pc5 = 0
       pc6 = 0
       pc7 = 0
       pc8 = 0
       pc9 = 0
      pc10 = 0
      pc11 = 0
      pc12 = 0
      pc13 = 0
      pc14 = 0
      pc15 = 0
      pc16 = 0
      pc17 = 0
      pc18 = 0
      pc19 = 0
Constrained:
   Tgbecnw = 206673
     Tecnw = 28823.7
       Tnw = 22078.7
       Tec = 11179.9
     twoNb = 1.87097e+06
     twoNe = 10142.7
     twoNc = 2.45908e+06
     twoNn = 1.15469e+06
     twoNw = 1.2624e+07
    twoNec = 76445.1
    twoNnw = 18470
  twoNecnw = 60257.6
  twoNbecnw = 22265.4
  twoNgbecnw = 355464
         m = 0.0760529
        m2 = 0.0280014
        m3 = 0.235293
        m4 = 5.00124e-07
        m5 = 0.112247
        Tb = 20001.8
        Ta = 47600.9
        Tc = 11039.3
        Td = 5519.67
        Te = 2759.83
DiffEv reached_goal. cost=1.78246e-03 spread=2.81146e-06
Fitted parameter values
Free:
       pc1 = -0.0873187
       pc2 = 0.80122
       pc3 = 1.18727
       pc4 = -1.87556
       pc5 = -1.01786
       pc6 = -0.653586
       pc7 = -0.485753
       pc8 = -0.450214
       pc9 = 0.806757
      pc10 = 1.259
      pc11 = -0.517925
      pc12 = -0.588057
      pc13 = -0.597792
      pc14 = -0.180277
      pc15 = -0.609351
      pc16 = -0.198883
      pc17 = 0.231466
      pc18 = 0.0913697
      pc19 = 0.0258921
Constrained:
   Tgbecnw = 146000
     Tecnw = 28794.5
       Tnw = 21937
       Tec = 11067.7
     twoNb = 1.64445e+06
     twoNe = 19742.3
     twoNc = 1.49103e+06
     twoNn = 583354
     twoNw = 2.82577e+07
    twoNec = 75510.1
    twoNnw = 19264.2
  twoNecnw = 59674
  twoNbecnw = 19303.3
  twoNgbecnw = 295695
         m = 0.0883588
        m2 = 0.0264187
        m3 = 0.210864
        m4 = 1.39111e-06
        m5 = 0.120442
        Tb = 19931.1
        Ta = 47565.5
        Tc = 10968.5
        Td = 5484.25
        Te = 2742.12
#       SitePat  BranchLen
              b 124242.4502781
              e 46539.6702383
              c 48439.4306202
              n 44284.5355854
              w 46696.3843406
            b:e 1287.2367690
            b:c 1443.7553444
            b:n 1008.2374150
            b:w 1126.5658825
            e:c 12071.2396504
            e:n 4867.8760061
            e:w 4360.2485498
            c:n 4705.2884184
            c:w 3645.2793278
            n:w 12654.0483873
          b:e:c 1324.2547649
          b:e:n 554.6893358
          b:e:w 594.3931510
          b:c:n 582.3543438
          b:c:w 568.0363673
          b:n:w 1374.5443638
          e:c:n 4968.0384029
          e:c:w 4002.7360780
          e:n:w 5899.0322875
          c:n:w 4946.0212342
        b:e:c:n 1171.5015571
        b:e:c:w 1148.8774121
        b:e:n:w 2000.6463471
        b:c:n:w 1773.6270041
        e:c:n:w 49410.7299984
