########################################
# legofit: estimate population history #
#       version 2.3.4-4-g53f8760       #
########################################

# Program was compiled: Sep 21 2021 14:36:42
# Program was run: Sun Oct 10 23:01:01 2021

# cmd: legofit -1 -d 0 -t 32 --ptsPerDim 3 --stateOut b1.state --tol 3e-6 -S 5000 def2.lgo ../../chrX/pan_chrX.opf
# Stage nOptItr nSimReps
#     0    5000        0
# algorithm          : deterministic
# ignoring probs <=  : 0
# Branch length floor: 0
# DE strategy        : 2
#    F               : 0.3
#    CR              : 0.8
#    tolerance       : 3e-06
# nthreads           : 32
# lgo input file     : def2.lgo
# site pat input file: ../../chrX/pan_chrX.opf
# free parameters    : 14
# points in DE swarm : 42
# output state file  : b1.state
# Including singleton site patterns.
# cost function      : KL
Initial parameter values
Fixed:
      zero = 0
       one = 1
    Tbecnw = 75200
Free:
       pc1 = 0
       pc2 = 0
       pc3 = 0
       pc4 = 0
       pc5 = 0
       pc6 = 0
       pc7 = 0
       pc8 = 0
       pc9 = 0
      pc10 = 0
      pc11 = 0
      pc12 = 0
      pc13 = 0
      pc14 = 0
Constrained:
     Tecnw = 44684.1
       Tnw = 397.772
       Tec = 214.043
     twoNb = 1.3448e+06
     twoNe = 150538
     twoNc = 155738
     twoNw = 878314
    twoNec = 87517.8
    twoNnw = 141901
  twoNecnw = 23262.4
  twoNbecnw = 55671
        m4 = 0.0181878
        m5 = 0.3468
        m6 = 0.281835
        Td = 107.022
        Te = 53.5108
        Tf = 26.7554
DiffEv reached_goal. cost=2.60519e-03 spread=2.82492e-06
Fitted parameter values
Free:
       pc1 = -3.73357
       pc2 = -1.96675
       pc3 = -1.0323
       pc4 = -0.354212
       pc5 = 1.96546
       pc6 = -1.10058
       pc7 = -1.33743
       pc8 = -0.9983
       pc9 = -1.32054
      pc10 = 0.0129415
      pc11 = -0.0378701
      pc12 = -0.289458
      pc13 = -0.29595
      pc14 = -0.0482355
Constrained:
     Tecnw = 45063.4
       Tnw = 336.339
       Tec = 435.435
     twoNb = 3.04139e+06
     twoNe = 247675
     twoNc = 272670
     twoNw = 993307
    twoNec = 81461.3
    twoNnw = 143217
  twoNecnw = 22681.2
  twoNbecnw = 55749.1
        m4 = 0.0294054
        m5 = 0.342692
        m6 = 0.30109
        Td = 217.717
        Te = 108.859
        Tf = 54.4293
#       SitePat  BranchLen
              b 123030.4414312
              e 46030.5561233
              c 47744.4509177
              n 44954.7881024
              w 44946.7243539
            b:e 1277.2794864
            b:c 1649.4997916
            b:n 1175.9958374
            b:w 1175.7007765
            e:c 12025.1404008
            e:n 4637.1834524
            e:w 4640.2949645
            c:n 4282.1011120
            c:w 4285.6186343
            n:w 12626.1413848
          b:e:c 1390.8068156
          b:e:n 623.8051315
          b:e:w 623.7925146
          b:c:n 624.6937348
          b:c:w 624.7062102
          b:n:w 1389.4714754
          e:c:n 4282.8615420
          e:c:w 4284.2962562
          e:n:w 6168.1358287
          c:n:w 5117.2571455
        b:e:c:n 1176.6018553
        b:e:c:w 1176.8970576
        b:e:n:w 1605.8948713
        b:c:n:w 1278.6148266
        e:c:n:w 48880.6555159
