########################################
# legofit: estimate population history #
#       version 2.3.4-4-g53f8760       #
########################################

# Program was compiled: Sep 21 2021 14:36:42
# Program was run: Sun Oct 10 23:01:43 2021

# cmd: legofit -1 -d 0 -t 32 --ptsPerDim 3 --stateOut b1boot44.state --tol 3e-6 -S 5000 def2.lgo ../../chrX/boot_chrX/boot44.opf
# Stage nOptItr nSimReps
#     0    5000        0
# algorithm          : deterministic
# ignoring probs <=  : 0
# Branch length floor: 0
# DE strategy        : 2
#    F               : 0.3
#    CR              : 0.8
#    tolerance       : 3e-06
# nthreads           : 32
# lgo input file     : def2.lgo
# site pat input file: ../../chrX/boot_chrX/boot44.opf
# free parameters    : 14
# points in DE swarm : 42
# output state file  : b1boot44.state
# Including singleton site patterns.
# cost function      : KL
Initial parameter values
Fixed:
      zero = 0
       one = 1
    Tbecnw = 75200
Free:
       pc1 = 0
       pc2 = 0
       pc3 = 0
       pc4 = 0
       pc5 = 0
       pc6 = 0
       pc7 = 0
       pc8 = 0
       pc9 = 0
      pc10 = 0
      pc11 = 0
      pc12 = 0
      pc13 = 0
      pc14 = 0
Constrained:
     Tecnw = 44684.1
       Tnw = 397.772
       Tec = 214.043
     twoNb = 1.3448e+06
     twoNe = 150538
     twoNc = 155738
     twoNw = 878314
    twoNec = 87517.8
    twoNnw = 141901
  twoNecnw = 23262.4
  twoNbecnw = 55671
        m4 = 0.0181878
        m5 = 0.3468
        m6 = 0.281835
        Td = 107.022
        Te = 53.5108
        Tf = 26.7554
DiffEv reached_goal. cost=2.59388e-03 spread=2.86841e-06
Fitted parameter values
Free:
       pc1 = -3.81839
       pc2 = -1.98998
       pc3 = -0.731521
       pc4 = 0.664606
       pc5 = 1.68467
       pc6 = -1.94725
       pc7 = -1.49876
       pc8 = 0.378224
       pc9 = -0.788237
      pc10 = -0.232186
      pc11 = -0.0740302
      pc12 = -0.0289994
      pc13 = -0.791362
      pc14 = -0.141524
Constrained:
     Tecnw = 44956.3
       Tnw = 209.141
       Tec = 560.486
     twoNb = 2.90057e+06
     twoNe = 32906.4
     twoNc = 185158
     twoNw = 842527
    twoNec = 80884.6
    twoNnw = 143074
  twoNecnw = 22806.6
  twoNbecnw = 56133.9
        m4 = 0.0323009
        m5 = 0.343641
        m6 = 0.301306
        Td = 280.243
        Te = 140.121
        Tf = 70.0607
#       SitePat  BranchLen
              b 123309.1311045
              e 46016.0363437
              c 47838.7395917
              n 44880.3335521
              w 44876.5046715
            b:e 1289.5792284
            b:c 1698.3295543
            b:n 1185.7190229
            b:w 1185.5775441
            e:c 12016.4499424
            e:n 4671.3503500
            e:w 4672.2938986
            c:n 4300.1021095
            c:w 4302.2988525
            n:w 12683.3341725
          b:e:c 1403.0476684
          b:e:n 630.2307563
          b:e:w 630.1915104
          b:c:n 631.2371028
          b:c:w 631.2762898
          b:n:w 1401.4981593
          e:c:n 4302.8306033
          e:c:w 4303.5191923
          e:n:w 6279.9421240
          c:n:w 5144.5295430
        b:e:c:n 1186.6230775
        b:e:c:w 1186.7646152
        b:e:n:w 1648.0175695
        b:c:n:w 1291.1287375
        e:c:n:w 49071.4750607
