########################################
# legofit: estimate population history #
#       version 2.3.4-4-g53f8760       #
########################################

# Program was compiled: Sep 21 2021 14:36:42
# Program was run: Sun Oct 10 23:01:39 2021

# cmd: legofit -1 -d 0 -t 32 --ptsPerDim 3 --stateOut b1boot41.state --tol 3e-6 -S 5000 def2.lgo ../../chrX/boot_chrX/boot41.opf
# Stage nOptItr nSimReps
#     0    5000        0
# algorithm          : deterministic
# ignoring probs <=  : 0
# Branch length floor: 0
# DE strategy        : 2
#    F               : 0.3
#    CR              : 0.8
#    tolerance       : 3e-06
# nthreads           : 32
# lgo input file     : def2.lgo
# site pat input file: ../../chrX/boot_chrX/boot41.opf
# free parameters    : 14
# points in DE swarm : 42
# output state file  : b1boot41.state
# Including singleton site patterns.
# cost function      : KL
Initial parameter values
Fixed:
      zero = 0
       one = 1
    Tbecnw = 75200
Free:
       pc1 = 0
       pc2 = 0
       pc3 = 0
       pc4 = 0
       pc5 = 0
       pc6 = 0
       pc7 = 0
       pc8 = 0
       pc9 = 0
      pc10 = 0
      pc11 = 0
      pc12 = 0
      pc13 = 0
      pc14 = 0
Constrained:
     Tecnw = 44684.1
       Tnw = 397.772
       Tec = 214.043
     twoNb = 1.3448e+06
     twoNe = 150538
     twoNc = 155738
     twoNw = 878314
    twoNec = 87517.8
    twoNnw = 141901
  twoNecnw = 23262.4
  twoNbecnw = 55671
        m4 = 0.0181878
        m5 = 0.3468
        m6 = 0.281835
        Td = 107.022
        Te = 53.5108
        Tf = 26.7554
DiffEv reached_goal. cost=2.54448e-03 spread=2.55076e-06
Fitted parameter values
Free:
       pc1 = -3.95985
       pc2 = -1.79864
       pc3 = -0.269122
       pc4 = 1.27536
       pc5 = 1.9888
       pc6 = -0.487399
       pc7 = -1.70506
       pc8 = -1.66991
       pc9 = -0.169793
      pc10 = -1.06981
      pc11 = -0.327762
      pc12 = 0.270852
      pc13 = -0.600187
      pc14 = -0.0343414
Constrained:
     Tecnw = 45106.1
       Tnw = 111.277
       Tec = 315.08
     twoNb = 2.60337e+06
     twoNe = 269938
     twoNc = 164777
     twoNw = 961789
    twoNec = 84975.8
    twoNnw = 143793
  twoNecnw = 22488.3
  twoNbecnw = 57003.2
        m4 = 0.0349905
        m5 = 0.33415
        m6 = 0.301201
        Td = 157.54
        Te = 78.7699
        Tf = 39.385
#       SitePat  BranchLen
              b 124097.6482953
              e 46366.3752585
              c 48097.7407884
              n 44950.0930055
              w 44948.4268622
            b:e 1308.0853301
            b:c 1746.2486534
            b:n 1186.7149644
            b:w 1186.6533638
            e:c 11876.6015129
            e:n 4632.0162472
            e:w 4632.3745074
            c:n 4307.7215185
            c:w 4308.7317964
            n:w 12707.8307863
          b:e:c 1406.1525614
          b:e:n 634.6002817
          b:e:w 634.5798189
          b:c:n 635.8460469
          b:c:w 635.8664811
          b:n:w 1404.2668391
          e:c:n 4278.8524903
          e:c:w 4279.1500956
          e:n:w 6338.0804410
          c:n:w 5188.8560641
        b:e:c:n 1187.9195632
        b:e:c:w 1187.9811924
        b:e:n:w 1684.8705164
        b:c:n:w 1309.9710524
        e:c:n:w 49799.7651434
