########################################
# legofit: estimate population history #
#       version 2.3.4-4-g53f8760       #
########################################

# Program was compiled: Sep 21 2021 14:36:42
# Program was run: Sun Oct 10 23:01:13 2021

# cmd: legofit -1 -d 0 -t 32 --ptsPerDim 3 --stateOut b1boot7.state --tol 3e-6 -S 5000 def2.lgo ../../chrX/boot_chrX/boot7.opf
# Stage nOptItr nSimReps
#     0    5000        0
# algorithm          : deterministic
# ignoring probs <=  : 0
# Branch length floor: 0
# DE strategy        : 2
#    F               : 0.3
#    CR              : 0.8
#    tolerance       : 3e-06
# nthreads           : 32
# lgo input file     : def2.lgo
# site pat input file: ../../chrX/boot_chrX/boot7.opf
# free parameters    : 14
# points in DE swarm : 42
# output state file  : b1boot7.state
# Including singleton site patterns.
# cost function      : KL
Initial parameter values
Fixed:
      zero = 0
       one = 1
    Tbecnw = 75200
Free:
       pc1 = 0
       pc2 = 0
       pc3 = 0
       pc4 = 0
       pc5 = 0
       pc6 = 0
       pc7 = 0
       pc8 = 0
       pc9 = 0
      pc10 = 0
      pc11 = 0
      pc12 = 0
      pc13 = 0
      pc14 = 0
Constrained:
     Tecnw = 44684.1
       Tnw = 397.772
       Tec = 214.043
     twoNb = 1.3448e+06
     twoNe = 150538
     twoNc = 155738
     twoNw = 878314
    twoNec = 87517.8
    twoNnw = 141901
  twoNecnw = 23262.4
  twoNbecnw = 55671
        m4 = 0.0181878
        m5 = 0.3468
        m6 = 0.281835
        Td = 107.022
        Te = 53.5108
        Tf = 26.7554
DiffEv reached_goal. cost=2.72837e-03 spread=2.58844e-06
Fitted parameter values
Free:
       pc1 = -3.86787
       pc2 = -1.92429
       pc3 = -1.05023
       pc4 = -1.40737
       pc5 = 1.84422
       pc6 = -1.40698
       pc7 = -1.06275
       pc8 = 0.473845
       pc9 = -1.16961
      pc10 = -0.957183
      pc11 = 0.546492
      pc12 = -0.763782
      pc13 = 0.0786529
      pc14 = 0.00434632
Constrained:
     Tecnw = 45277.3
       Tnw = 348.371
       Tec = 632.62
     twoNb = 2.96978e+06
     twoNe = 154686
     twoNc = 240377
     twoNw = 1.21052e+06
    twoNec = 78374.6
    twoNnw = 146840
  twoNecnw = 23065.8
  twoNbecnw = 55850.3
        m4 = 0.0262144
        m5 = 0.349641
        m6 = 0.303706
        Td = 316.31
        Te = 158.155
        Tf = 79.0774
#       SitePat  BranchLen
              b 122909.1820319
              e 46169.7152331
              c 47850.7668117
              n 45454.6568133
              w 45448.5657907
            b:e 1307.7005645
            b:c 1649.3865018
            b:n 1226.6448519
            b:w 1226.4154417
            e:c 12285.6391166
            e:n 4708.5611541
            e:w 4710.6881902
            c:n 4338.8823416
            c:w 4341.7519697
            n:w 12631.9389331
          b:e:c 1437.5801723
          b:e:n 645.8662091
          b:e:w 645.8425250
          b:c:n 646.6939560
          b:c:w 646.7175465
          b:n:w 1436.3324444
          e:c:n 4389.2113006
          e:c:w 4390.3056589
          e:n:w 6115.7793859
          c:n:w 5130.8701108
        b:e:c:n 1227.2667792
        b:e:c:w 1227.4962829
        b:e:n:w 1609.8642686
        b:c:n:w 1308.9482924
        e:c:n:w 48280.4210272
