########################################
# legofit: estimate population history #
#       version 2.3.4-4-g53f8760       #
########################################

# Program was compiled: Sep 21 2021 14:36:42
# Program was run: Sun Oct 10 23:01:08 2021

# cmd: legofit -1 -d 0 -t 32 --ptsPerDim 3 --stateOut b1boot1.state --tol 3e-6 -S 5000 def2.lgo ../../chrX/boot_chrX/boot1.opf
# Stage nOptItr nSimReps
#     0    5000        0
# algorithm          : deterministic
# ignoring probs <=  : 0
# Branch length floor: 0
# DE strategy        : 2
#    F               : 0.3
#    CR              : 0.8
#    tolerance       : 3e-06
# nthreads           : 32
# lgo input file     : def2.lgo
# site pat input file: ../../chrX/boot_chrX/boot1.opf
# free parameters    : 14
# points in DE swarm : 42
# output state file  : b1boot1.state
# Including singleton site patterns.
# cost function      : KL
Initial parameter values
Fixed:
      zero = 0
       one = 1
    Tbecnw = 75200
Free:
       pc1 = 0
       pc2 = 0
       pc3 = 0
       pc4 = 0
       pc5 = 0
       pc6 = 0
       pc7 = 0
       pc8 = 0
       pc9 = 0
      pc10 = 0
      pc11 = 0
      pc12 = 0
      pc13 = 0
      pc14 = 0
Constrained:
     Tecnw = 44684.1
       Tnw = 397.772
       Tec = 214.043
     twoNb = 1.3448e+06
     twoNe = 150538
     twoNc = 155738
     twoNw = 878314
    twoNec = 87517.8
    twoNnw = 141901
  twoNecnw = 23262.4
  twoNbecnw = 55671
        m4 = 0.0181878
        m5 = 0.3468
        m6 = 0.281835
        Td = 107.022
        Te = 53.5108
        Tf = 26.7554
DiffEv reached_goal. cost=2.70664e-03 spread=2.37759e-06
Fitted parameter values
Free:
       pc1 = -3.66261
       pc2 = -1.97619
       pc3 = 0.302986
       pc4 = 0.795526
       pc5 = 1.96976
       pc6 = -0.0240437
       pc7 = -1.79959
       pc8 = -1.15239
       pc9 = -1.36067
      pc10 = -0.556097
      pc11 = 0.0629361
      pc12 = -0.894429
      pc13 = -0.586737
      pc14 = -0.683101
Constrained:
     Tecnw = 45646.9
       Tnw = 69.9417
       Tec = 149.309
     twoNb = 3.13083e+06
     twoNe = 287743
     twoNc = 129649
     twoNw = 894308
    twoNec = 83427.5
    twoNnw = 144037
  twoNecnw = 22689
  twoNbecnw = 56458.1
        m4 = 0.0303848
        m5 = 0.336806
        m6 = 0.291896
        Td = 74.6543
        Te = 37.3272
        Tf = 18.6636
#       SitePat  BranchLen
              b 123426.4318881
              e 46461.2797461
              c 48296.5713234
              n 45378.3003135
              w 45376.8560498
            b:e 1324.4323544
            b:c 1719.0721956
            b:n 1219.8394596
            b:w 1219.7853765
            e:c 12320.8883962
            e:n 4662.4348670
            e:w 4662.8985161
            c:n 4276.6343114
            c:w 4277.3590195
            n:w 12950.6084828
          b:e:c 1459.9726756
          b:e:n 643.3544670
          b:e:w 643.3461533
          b:c:n 644.2971057
          b:c:w 644.3053960
          b:n:w 1458.5522664
          e:c:n 4318.9388384
          e:c:w 4319.1947449
          e:n:w 6270.7093077
          c:n:w 5158.7182956
        b:e:c:n 1220.7363055
        b:e:c:w 1220.7904120
        b:e:n:w 1674.3549991
        b:c:n:w 1325.8527635
        e:c:n:w 48641.7920350
