########################################
# legofit: estimate population history #
#       version 2.3.4-4-g53f8760       #
########################################

# Program was compiled: Sep 21 2021 14:36:42
# Program was run: Sun Oct 10 23:01:23 2021

# cmd: legofit -1 -d 0 -t 32 --ptsPerDim 3 --stateOut b1boot23.state --tol 3e-6 -S 5000 def2.lgo ../../chrX/boot_chrX/boot23.opf
# Stage nOptItr nSimReps
#     0    5000        0
# algorithm          : deterministic
# ignoring probs <=  : 0
# Branch length floor: 0
# DE strategy        : 2
#    F               : 0.3
#    CR              : 0.8
#    tolerance       : 3e-06
# nthreads           : 32
# lgo input file     : def2.lgo
# site pat input file: ../../chrX/boot_chrX/boot23.opf
# free parameters    : 14
# points in DE swarm : 42
# output state file  : b1boot23.state
# Including singleton site patterns.
# cost function      : KL
Initial parameter values
Fixed:
      zero = 0
       one = 1
    Tbecnw = 75200
Free:
       pc1 = 0
       pc2 = 0
       pc3 = 0
       pc4 = 0
       pc5 = 0
       pc6 = 0
       pc7 = 0
       pc8 = 0
       pc9 = 0
      pc10 = 0
      pc11 = 0
      pc12 = 0
      pc13 = 0
      pc14 = 0
Constrained:
     Tecnw = 44684.1
       Tnw = 397.772
       Tec = 214.043
     twoNb = 1.3448e+06
     twoNe = 150538
     twoNc = 155738
     twoNw = 878314
    twoNec = 87517.8
    twoNnw = 141901
  twoNecnw = 23262.4
  twoNbecnw = 55671
        m4 = 0.0181878
        m5 = 0.3468
        m6 = 0.281835
        Td = 107.022
        Te = 53.5108
        Tf = 26.7554
DiffEv reached_goal. cost=2.54106e-03 spread=2.77082e-06
Fitted parameter values
Free:
       pc1 = -3.98656
       pc2 = -1.95209
       pc3 = -0.745945
       pc4 = -0.715493
       pc5 = 1.97056
       pc6 = -1.74412
       pc7 = -0.609921
       pc8 = -0.324261
       pc9 = -0.50786
      pc10 = -0.770569
      pc11 = 0.00971617
      pc12 = -0.402275
      pc13 = -0.517967
      pc14 = -0.398896
Constrained:
     Tecnw = 45258.7
       Tnw = 260.714
       Tec = 454.903
     twoNb = 2.67383e+06
     twoNe = 159010
     twoNc = 290568
     twoNw = 1.03948e+06
    twoNec = 79831.5
    twoNnw = 146188
  twoNecnw = 22889.3
  twoNbecnw = 55970.2
        m4 = 0.0318551
        m5 = 0.349244
        m6 = 0.301567
        Td = 227.451
        Te = 113.726
        Tf = 56.8628
#       SitePat  BranchLen
              b 123028.1388797
              e 46170.9882514
              c 48062.9002843
              n 45313.7629537
              w 45308.3767985
            b:e 1300.0553650
            b:c 1711.6033350
            b:n 1211.1245746
            b:w 1210.9234815
            e:c 12148.8308150
            e:n 4713.4914028
            e:w 4715.4167641
            c:n 4312.3503857
            c:w 4314.8479151
            n:w 12641.4159736
          b:e:c 1423.0898348
          b:e:n 641.4967870
          b:e:w 641.4786529
          b:c:n 642.6190249
          b:c:w 642.6370464
          b:n:w 1421.4146310
          e:c:n 4343.9365597
          e:c:w 4344.8998241
          e:n:w 6260.4081148
          c:n:w 5112.6063417
        b:e:c:n 1212.0637409
        b:e:c:w 1212.2649465
        b:e:n:w 1657.9595638
        b:c:n:w 1301.7305689
        e:c:n:w 48472.2198100
