########################################
# legofit: estimate population history #
#       version 2.3.4-4-g53f8760       #
########################################

# Program was compiled: Sep 21 2021 14:36:42
# Program was run: Sun Oct 10 23:01:43 2021

# cmd: legofit -1 -d 0 -t 32 --ptsPerDim 3 --stateOut b1boot45.state --tol 3e-6 -S 5000 def2.lgo ../../chrX/boot_chrX/boot45.opf
# Stage nOptItr nSimReps
#     0    5000        0
# algorithm          : deterministic
# ignoring probs <=  : 0
# Branch length floor: 0
# DE strategy        : 2
#    F               : 0.3
#    CR              : 0.8
#    tolerance       : 3e-06
# nthreads           : 32
# lgo input file     : def2.lgo
# site pat input file: ../../chrX/boot_chrX/boot45.opf
# free parameters    : 14
# points in DE swarm : 42
# output state file  : b1boot45.state
# Including singleton site patterns.
# cost function      : KL
Initial parameter values
Fixed:
      zero = 0
       one = 1
    Tbecnw = 75200
Free:
       pc1 = 0
       pc2 = 0
       pc3 = 0
       pc4 = 0
       pc5 = 0
       pc6 = 0
       pc7 = 0
       pc8 = 0
       pc9 = 0
      pc10 = 0
      pc11 = 0
      pc12 = 0
      pc13 = 0
      pc14 = 0
Constrained:
     Tecnw = 44684.1
       Tnw = 397.772
       Tec = 214.043
     twoNb = 1.3448e+06
     twoNe = 150538
     twoNc = 155738
     twoNw = 878314
    twoNec = 87517.8
    twoNnw = 141901
  twoNecnw = 23262.4
  twoNbecnw = 55671
        m4 = 0.0181878
        m5 = 0.3468
        m6 = 0.281835
        Td = 107.022
        Te = 53.5108
        Tf = 26.7554
DiffEv reached_goal. cost=2.44627e-03 spread=2.92981e-06
Fitted parameter values
Free:
       pc1 = -3.86369
       pc2 = -1.91137
       pc3 = -1.75302
       pc4 = -1.12551
       pc5 = 1.86807
       pc6 = -1.63595
       pc7 = -0.12348
       pc8 = 0.288268
       pc9 = -1.30335
      pc10 = -0.408741
      pc11 = 0.102611
      pc12 = -0.012175
      pc13 = -0.297085
      pc14 = -0.225314
Constrained:
     Tecnw = 45081.7
       Tnw = 346.339
       Tec = 719.273
     twoNb = 2.70741e+06
     twoNe = 135247
     twoNc = 292005
     twoNw = 1.21764e+06
    twoNec = 78499.6
    twoNnw = 144501
  twoNecnw = 22799.5
  twoNbecnw = 54993.6
        m4 = 0.0293358
        m5 = 0.352484
        m6 = 0.302095
        Td = 359.636
        Te = 179.818
        Tf = 89.9091
#       SitePat  BranchLen
              b 122326.3664973
              e 45869.5263142
              c 47729.5977361
              n 45020.1212866
              w 45014.6166396
            b:e 1258.4797891
            b:c 1639.6798124
            b:n 1172.9453751
            b:w 1172.7447438
            e:c 12045.0857089
            e:n 4680.6492496
            e:w 4682.4614519
            c:n 4274.0002814
            c:w 4276.7092325
            n:w 12539.7822350
          b:e:c 1379.5635308
          b:e:n 620.9176274
          b:e:w 620.8899187
          b:c:n 621.8917939
          b:c:w 621.9194060
          b:n:w 1378.0909793
          e:c:n 4288.5107421
          e:c:w 4289.4942357
          e:n:w 6152.0155928
          c:n:w 5052.6639077
        b:e:c:n 1173.7465224
        b:e:c:w 1173.9472504
        b:e:n:w 1591.4745670
        b:c:n:w 1259.9523406
        e:c:n:w 48185.8476532
