########################################
# legofit: estimate population history #
#       version 2.3.4-4-g53f8760       #
########################################

# Program was compiled: Sep 21 2021 14:36:42
# Program was run: Sun Oct 10 23:01:23 2021

# cmd: legofit -1 -d 0 -t 32 --ptsPerDim 3 --stateOut b1boot21.state --tol 3e-6 -S 5000 def2.lgo ../../chrX/boot_chrX/boot21.opf
# Stage nOptItr nSimReps
#     0    5000        0
# algorithm          : deterministic
# ignoring probs <=  : 0
# Branch length floor: 0
# DE strategy        : 2
#    F               : 0.3
#    CR              : 0.8
#    tolerance       : 3e-06
# nthreads           : 32
# lgo input file     : def2.lgo
# site pat input file: ../../chrX/boot_chrX/boot21.opf
# free parameters    : 14
# points in DE swarm : 42
# output state file  : b1boot21.state
# Including singleton site patterns.
# cost function      : KL
Initial parameter values
Fixed:
      zero = 0
       one = 1
    Tbecnw = 75200
Free:
       pc1 = 0
       pc2 = 0
       pc3 = 0
       pc4 = 0
       pc5 = 0
       pc6 = 0
       pc7 = 0
       pc8 = 0
       pc9 = 0
      pc10 = 0
      pc11 = 0
      pc12 = 0
      pc13 = 0
      pc14 = 0
Constrained:
     Tecnw = 44684.1
       Tnw = 397.772
       Tec = 214.043
     twoNb = 1.3448e+06
     twoNe = 150538
     twoNc = 155738
     twoNw = 878314
    twoNec = 87517.8
    twoNnw = 141901
  twoNecnw = 23262.4
  twoNbecnw = 55671
        m4 = 0.0181878
        m5 = 0.3468
        m6 = 0.281835
        Td = 107.022
        Te = 53.5108
        Tf = 26.7554
DiffEv reached_goal. cost=2.70115e-03 spread=1.91433e-06
Fitted parameter values
Free:
       pc1 = -3.15852
       pc2 = -1.98718
       pc3 = -1.42663
       pc4 = 0.670968
       pc5 = 1.99561
       pc6 = -1.47156
       pc7 = -0.841643
       pc8 = -0.659166
       pc9 = -1.41382
      pc10 = 0.27097
      pc11 = 0.534689
      pc12 = -0.0686031
      pc13 = -0.122283
      pc14 = 0.241934
Constrained:
     Tecnw = 45010.8
       Tnw = 202.946
       Tec = 415
     twoNb = 2.80661e+06
     twoNe = 141677
     twoNc = 257291
     twoNw = 1.01628e+06
    twoNec = 81726.7
    twoNnw = 140609
  twoNecnw = 22784.9
  twoNbecnw = 55151.9
        m4 = 0.028994
        m5 = 0.335997
        m6 = 0.303698
        Td = 207.5
        Te = 103.75
        Tf = 51.875
#       SitePat  BranchLen
              b 122506.4788914
              e 46017.5184703
              c 47534.8148749
              n 44696.9961607
              w 44693.1787602
            b:e 1275.9963435
            b:c 1630.2083115
            b:n 1160.4341223
            b:w 1160.2956939
            e:c 12052.6261374
            e:n 4597.6537890
            e:w 4598.8658278
            c:n 4298.2690805
            c:w 4300.1946200
            n:w 12757.7669843
          b:e:c 1385.9889159
          b:e:n 615.2944657
          b:e:w 615.2724979
          b:c:n 616.2182011
          b:c:w 616.2401068
          b:n:w 1384.5719543
          e:c:n 4249.9245050
          e:c:w 4250.6043272
          e:n:w 6135.2280369
          c:n:w 5166.5825372
        b:e:c:n 1161.2413350
        b:e:c:w 1161.3798255
        b:e:n:w 1584.1116060
        b:c:n:w 1277.4133050
        e:c:n:w 48449.4394927
