########################################
# legofit: estimate population history #
#       version 2.3.4-4-g53f8760       #
########################################

# Program was compiled: Sep 21 2021 14:36:42
# Program was run: Sun Oct 10 23:01:39 2021

# cmd: legofit -1 -d 0 -t 32 --ptsPerDim 3 --stateOut b1boot38.state --tol 3e-6 -S 5000 def2.lgo ../../chrX/boot_chrX/boot38.opf
# Stage nOptItr nSimReps
#     0    5000        0
# algorithm          : deterministic
# ignoring probs <=  : 0
# Branch length floor: 0
# DE strategy        : 2
#    F               : 0.3
#    CR              : 0.8
#    tolerance       : 3e-06
# nthreads           : 32
# lgo input file     : def2.lgo
# site pat input file: ../../chrX/boot_chrX/boot38.opf
# free parameters    : 14
# points in DE swarm : 42
# output state file  : b1boot38.state
# Including singleton site patterns.
# cost function      : KL
Initial parameter values
Fixed:
      zero = 0
       one = 1
    Tbecnw = 75200
Free:
       pc1 = 0
       pc2 = 0
       pc3 = 0
       pc4 = 0
       pc5 = 0
       pc6 = 0
       pc7 = 0
       pc8 = 0
       pc9 = 0
      pc10 = 0
      pc11 = 0
      pc12 = 0
      pc13 = 0
      pc14 = 0
Constrained:
     Tecnw = 44684.1
       Tnw = 397.772
       Tec = 214.043
     twoNb = 1.3448e+06
     twoNe = 150538
     twoNc = 155738
     twoNw = 878314
    twoNec = 87517.8
    twoNnw = 141901
  twoNecnw = 23262.4
  twoNbecnw = 55671
        m4 = 0.0181878
        m5 = 0.3468
        m6 = 0.281835
        Td = 107.022
        Te = 53.5108
        Tf = 26.7554
DiffEv reached_goal. cost=2.80144e-03 spread=2.71883e-06
Fitted parameter values
Free:
       pc1 = -3.74389
       pc2 = -1.97879
       pc3 = -0.714008
       pc4 = -0.615927
       pc5 = 1.98289
       pc6 = -1.63847
       pc7 = -1.40074
       pc8 = -0.33317
       pc9 = -0.591299
      pc10 = -0.346884
      pc11 = -0.67736
      pc12 = 0.347548
      pc13 = -0.0640634
      pc14 = 0.415382
Constrained:
     Tecnw = 44575.3
       Tnw = 377.51
       Tec = 494.926
     twoNb = 2.84139e+06
     twoNe = 140803
     twoNc = 274605
     twoNw = 987979
    twoNec = 82032.8
    twoNnw = 145897
  twoNecnw = 22564.6
  twoNbecnw = 56179
        m4 = 0.0295768
        m5 = 0.346809
        m6 = 0.30507
        Td = 247.463
        Te = 123.732
        Tf = 61.8658
#       SitePat  BranchLen
              b 123583.7401856
              e 45818.4083526
              c 47525.7986482
              n 44793.3487132
              w 44784.2073056
            b:e 1254.7995458
            b:c 1632.4247271
            b:n 1159.6080085
            b:w 1159.2760745
            e:c 11725.9631080
            e:n 4637.2928570
            e:w 4640.8029997
            c:n 4287.1068488
            c:w 4291.1038587
            n:w 12313.0846239
          b:e:c 1347.9068600
          b:e:n 619.6695775
          b:e:w 619.6545801
          b:c:n 620.6071685
          b:c:w 620.6219962
          b:n:w 1346.5141588
          e:c:n 4288.3991087
          e:c:w 4290.0333638
          e:n:w 6139.3756238
          c:n:w 5081.6676381
        b:e:c:n 1160.2284932
        b:e:c:w 1160.5605969
        b:e:n:w 1585.5195961
        b:c:n:w 1256.1922470
        e:c:n:w 49838.7091526
