########################################
# legofit: estimate population history #
#       version 2.3.4-4-g53f8760       #
########################################

# Program was compiled: Sep 21 2021 14:36:42
# Program was run: Sun Oct 10 23:01:34 2021

# cmd: legofit -1 -d 0 -t 32 --ptsPerDim 3 --stateOut b1boot30.state --tol 3e-6 -S 5000 def2.lgo ../../chrX/boot_chrX/boot30.opf
# Stage nOptItr nSimReps
#     0    5000        0
# algorithm          : deterministic
# ignoring probs <=  : 0
# Branch length floor: 0
# DE strategy        : 2
#    F               : 0.3
#    CR              : 0.8
#    tolerance       : 3e-06
# nthreads           : 32
# lgo input file     : def2.lgo
# site pat input file: ../../chrX/boot_chrX/boot30.opf
# free parameters    : 14
# points in DE swarm : 42
# output state file  : b1boot30.state
# Including singleton site patterns.
# cost function      : KL
Initial parameter values
Fixed:
      zero = 0
       one = 1
    Tbecnw = 75200
Free:
       pc1 = 0
       pc2 = 0
       pc3 = 0
       pc4 = 0
       pc5 = 0
       pc6 = 0
       pc7 = 0
       pc8 = 0
       pc9 = 0
      pc10 = 0
      pc11 = 0
      pc12 = 0
      pc13 = 0
      pc14 = 0
Constrained:
     Tecnw = 44684.1
       Tnw = 397.772
       Tec = 214.043
     twoNb = 1.3448e+06
     twoNe = 150538
     twoNc = 155738
     twoNw = 878314
    twoNec = 87517.8
    twoNnw = 141901
  twoNecnw = 23262.4
  twoNbecnw = 55671
        m4 = 0.0181878
        m5 = 0.3468
        m6 = 0.281835
        Td = 107.022
        Te = 53.5108
        Tf = 26.7554
DiffEv reached_goal. cost=2.67927e-03 spread=2.16347e-06
Fitted parameter values
Free:
       pc1 = -2.71324
       pc2 = -1.99491
       pc3 = -1.76451
       pc4 = 0.249881
       pc5 = 1.88132
       pc6 = -0.597749
       pc7 = -1.73344
       pc8 = 1.25067
       pc9 = -1.57913
      pc10 = -0.412693
      pc11 = -0.567645
      pc12 = -0.00391087
      pc13 = -0.316245
      pc14 = 0.160707
Constrained:
     Tecnw = 44408.5
       Tnw = 488.028
       Tec = 612.354
     twoNb = 3.03301e+06
     twoNe = 50342.5
     twoNc = 76839.7
     twoNw = 1.23826e+06
    twoNec = 80872.8
    twoNnw = 142703
  twoNecnw = 22734.3
  twoNbecnw = 55484.3
        m4 = 0.0272049
        m5 = 0.342337
        m6 = 0.293439
        Td = 306.177
        Te = 153.088
        Tf = 76.5442
#       SitePat  BranchLen
              b 122996.0460025
              e 45526.3663944
              c 47313.7753396
              n 44639.8465548
              w 44630.5841461
            b:e 1233.6616133
            b:c 1593.3862757
            b:n 1147.3491905
            b:w 1147.0157744
            e:c 11936.6416343
            e:n 4590.7677818
            e:w 4594.4313135
            c:n 4204.4705134
            c:w 4208.4194974
            n:w 12455.5327803
          b:e:c 1352.3073910
          b:e:n 606.4547789
          b:e:w 606.4460901
          b:c:n 607.2687135
          b:c:w 607.2772500
          b:n:w 1351.0950023
          e:c:n 4273.9076504
          e:c:w 4275.5575435
          e:n:w 6091.8884115
          c:n:w 5033.1470371
        b:e:c:n 1147.8382455
        b:e:c:w 1148.1718139
        b:e:n:w 1552.6022452
        b:c:n:w 1234.8740020
        e:c:n:w 49394.7514816
