########################################
# legofit: estimate population history #
#       version 2.3.4-4-g53f8760       #
########################################

# Program was compiled: Sep 21 2021 14:36:42
# Program was run: Sun Oct 10 23:01:13 2021

# cmd: legofit -1 -d 0 -t 32 --ptsPerDim 3 --stateOut b1boot11.state --tol 3e-6 -S 5000 def2.lgo ../../chrX/boot_chrX/boot11.opf
# Stage nOptItr nSimReps
#     0    5000        0
# algorithm          : deterministic
# ignoring probs <=  : 0
# Branch length floor: 0
# DE strategy        : 2
#    F               : 0.3
#    CR              : 0.8
#    tolerance       : 3e-06
# nthreads           : 32
# lgo input file     : def2.lgo
# site pat input file: ../../chrX/boot_chrX/boot11.opf
# free parameters    : 14
# points in DE swarm : 42
# output state file  : b1boot11.state
# Including singleton site patterns.
# cost function      : KL
Initial parameter values
Fixed:
      zero = 0
       one = 1
    Tbecnw = 75200
Free:
       pc1 = 0
       pc2 = 0
       pc3 = 0
       pc4 = 0
       pc5 = 0
       pc6 = 0
       pc7 = 0
       pc8 = 0
       pc9 = 0
      pc10 = 0
      pc11 = 0
      pc12 = 0
      pc13 = 0
      pc14 = 0
Constrained:
     Tecnw = 44684.1
       Tnw = 397.772
       Tec = 214.043
     twoNb = 1.3448e+06
     twoNe = 150538
     twoNc = 155738
     twoNw = 878314
    twoNec = 87517.8
    twoNnw = 141901
  twoNecnw = 23262.4
  twoNbecnw = 55671
        m4 = 0.0181878
        m5 = 0.3468
        m6 = 0.281835
        Td = 107.022
        Te = 53.5108
        Tf = 26.7554
DiffEv reached_goal. cost=2.65011e-03 spread=2.88439e-06
Fitted parameter values
Free:
       pc1 = -3.40822
       pc2 = -1.66284
       pc3 = -0.866435
       pc4 = 1.24787
       pc5 = 1.87383
       pc6 = -0.864641
       pc7 = -1.91917
       pc8 = -0.535874
       pc9 = -1.68753
      pc10 = -0.370319
      pc11 = 0.128461
      pc12 = -0.893093
      pc13 = -0.588237
      pc14 = 0.449987
Constrained:
     Tecnw = 45105.3
       Tnw = 149.091
       Tec = 343.395
     twoNb = 3.09001e+06
     twoNe = 166185
     twoNc = 151934
     twoNw = 988805
    twoNec = 80776
    twoNnw = 140414
  twoNecnw = 22706.3
  twoNbecnw = 56469.3
        m4 = 0.02843
        m5 = 0.331958
        m6 = 0.296811
        Td = 171.698
        Te = 85.8488
        Tf = 42.9244
#       SitePat  BranchLen
              b 123649.9174747
              e 45969.0689930
              c 47555.2402651
              n 44821.2290725
              w 44818.6211756
            b:e 1297.7352398
            b:c 1657.4431226
            b:n 1190.0331047
            b:w 1189.9367229
            e:c 12339.3981534
            e:n 4589.9576732
            e:w 4590.7208115
            c:n 4272.8659223
            c:w 4274.2452176
            n:w 12928.4423843
          b:e:c 1433.1340694
          b:e:n 624.6946118
          b:e:w 624.6752839
          b:c:n 625.5459813
          b:c:w 625.5652723
          b:n:w 1431.8244261
          e:c:n 4302.2064516
          e:c:w 4302.6719149
          e:n:w 6177.0708853
          c:n:w 5179.3224938
        b:e:c:n 1190.8073834
        b:e:c:w 1190.9038021
        b:e:n:w 1615.3496596
        b:c:n:w 1299.0448831
        e:c:n:w 49398.2161046
