########################################
# legofit: estimate population history #
#       version 2.3.4-4-g53f8760       #
########################################

# Program was compiled: Sep 21 2021 14:36:42
# Program was run: Sun Oct 10 23:01:28 2021

# cmd: legofit -1 -d 0 -t 32 --ptsPerDim 3 --stateOut b1boot26.state --tol 3e-6 -S 5000 def2.lgo ../../chrX/boot_chrX/boot26.opf
# Stage nOptItr nSimReps
#     0    5000        0
# algorithm          : deterministic
# ignoring probs <=  : 0
# Branch length floor: 0
# DE strategy        : 2
#    F               : 0.3
#    CR              : 0.8
#    tolerance       : 3e-06
# nthreads           : 32
# lgo input file     : def2.lgo
# site pat input file: ../../chrX/boot_chrX/boot26.opf
# free parameters    : 14
# points in DE swarm : 42
# output state file  : b1boot26.state
# Including singleton site patterns.
# cost function      : KL
Initial parameter values
Fixed:
      zero = 0
       one = 1
    Tbecnw = 75200
Free:
       pc1 = 0
       pc2 = 0
       pc3 = 0
       pc4 = 0
       pc5 = 0
       pc6 = 0
       pc7 = 0
       pc8 = 0
       pc9 = 0
      pc10 = 0
      pc11 = 0
      pc12 = 0
      pc13 = 0
      pc14 = 0
Constrained:
     Tecnw = 44684.1
       Tnw = 397.772
       Tec = 214.043
     twoNb = 1.3448e+06
     twoNe = 150538
     twoNc = 155738
     twoNw = 878314
    twoNec = 87517.8
    twoNnw = 141901
  twoNecnw = 23262.4
  twoNbecnw = 55671
        m4 = 0.0181878
        m5 = 0.3468
        m6 = 0.281835
        Td = 107.022
        Te = 53.5108
        Tf = 26.7554
DiffEv reached_goal. cost=2.59008e-03 spread=2.98051e-06
Fitted parameter values
Free:
       pc1 = -3.98472
       pc2 = -1.98455
       pc3 = -0.223759
       pc4 = 0.046583
       pc5 = 1.87544
       pc6 = -1.42823
       pc7 = -1.9526
       pc8 = -1.07388
       pc9 = -0.392648
      pc10 = -1.25174
      pc11 = 0.943941
      pc12 = -0.278987
      pc13 = -0.0180558
      pc14 = -0.0757561
Constrained:
     Tecnw = 45473.2
       Tnw = 152.675
       Tec = 513.435
     twoNb = 2.90103e+06
     twoNe = 216631
     twoNc = 234740
     twoNw = 994995
    twoNec = 83176.5
    twoNnw = 146043
  twoNecnw = 23063
  twoNbecnw = 56857.5
        m4 = 0.0308814
        m5 = 0.337012
        m6 = 0.308205
        Td = 256.718
        Te = 128.359
        Tf = 64.1794
#       SitePat  BranchLen
              b 123648.4632506
              e 46812.1002800
              c 48312.5202791
              n 45504.1320683
              w 45502.3541388
            b:e 1367.8103833
            b:c 1741.3439328
            b:n 1248.5080424
            b:w 1248.4398002
            e:c 12131.5585172
            e:n 4708.2723965
            e:w 4708.4353921
            c:n 4422.1731202
            c:w 4423.4660798
            n:w 12823.2171086
          b:e:c 1470.5792083
          b:e:n 665.1396301
          b:e:w 665.1029088
          b:c:n 666.1460638
          b:c:w 666.1827679
          b:n:w 1469.0327773
          e:c:n 4389.7599157
          e:c:w 4390.0818902
          e:n:w 6273.4861284
          c:n:w 5292.6537823
        b:e:c:n 1249.4829380
        b:e:c:w 1249.5511974
        b:e:n:w 1693.4957210
        b:c:n:w 1369.3568142
        e:c:n:w 48643.7789291
