########################################
# legofit: estimate population history #
#       version 2.3.4-4-g53f8760       #
########################################

# Program was compiled: Sep 21 2021 14:36:42
# Program was run: Sun Oct 10 23:01:14 2021

# cmd: legofit -1 -d 0 -t 32 --ptsPerDim 3 --stateOut b1boot10.state --tol 3e-6 -S 5000 def2.lgo ../../chrX/boot_chrX/boot10.opf
# Stage nOptItr nSimReps
#     0    5000        0
# algorithm          : deterministic
# ignoring probs <=  : 0
# Branch length floor: 0
# DE strategy        : 2
#    F               : 0.3
#    CR              : 0.8
#    tolerance       : 3e-06
# nthreads           : 32
# lgo input file     : def2.lgo
# site pat input file: ../../chrX/boot_chrX/boot10.opf
# free parameters    : 14
# points in DE swarm : 42
# output state file  : b1boot10.state
# Including singleton site patterns.
# cost function      : KL
Initial parameter values
Fixed:
      zero = 0
       one = 1
    Tbecnw = 75200
Free:
       pc1 = 0
       pc2 = 0
       pc3 = 0
       pc4 = 0
       pc5 = 0
       pc6 = 0
       pc7 = 0
       pc8 = 0
       pc9 = 0
      pc10 = 0
      pc11 = 0
      pc12 = 0
      pc13 = 0
      pc14 = 0
Constrained:
     Tecnw = 44684.1
       Tnw = 397.772
       Tec = 214.043
     twoNb = 1.3448e+06
     twoNe = 150538
     twoNc = 155738
     twoNw = 878314
    twoNec = 87517.8
    twoNnw = 141901
  twoNecnw = 23262.4
  twoNbecnw = 55671
        m4 = 0.0181878
        m5 = 0.3468
        m6 = 0.281835
        Td = 107.022
        Te = 53.5108
        Tf = 26.7554
DiffEv reached_goal. cost=2.47072e-03 spread=2.60564e-06
Fitted parameter values
Free:
       pc1 = -3.43928
       pc2 = -1.98738
       pc3 = -0.220879
       pc4 = -1.34942
       pc5 = 1.99536
       pc6 = -1.37359
       pc7 = -1.50337
       pc8 = -0.435731
       pc9 = -0.0984112
      pc10 = -1.56432
      pc11 = 0.116729
      pc12 = -0.776314
      pc13 = -0.284699
      pc14 = 0.194763
Constrained:
     Tecnw = 44978.7
       Tnw = 296.752
       Tec = 347.984
     twoNb = 2.77787e+06
     twoNe = 209155
     twoNc = 272170
     twoNw = 1.14829e+06
    twoNec = 80946.2
    twoNnw = 148823
  twoNecnw = 23167.8
  twoNbecnw = 56952.5
        m4 = 0.0286
        m5 = 0.347276
        m6 = 0.301748
        Td = 173.992
        Te = 86.9961
        Tf = 43.498
#       SitePat  BranchLen
              b 123851.6445482
              e 46247.6209921
              c 47997.9361858
              n 45495.9209506
              w 45489.4410887
            b:e 1330.3306184
            b:c 1706.6398494
            b:n 1246.4390189
            b:w 1246.1911653
            e:c 12177.7391970
            e:n 4734.1796826
            e:w 4736.7429771
            c:n 4360.2838603
            c:w 4363.0317211
            n:w 12573.8164667
          b:e:c 1448.9853945
          b:e:n 660.1358512
          b:e:w 660.1298501
          b:c:n 661.1449562
          b:c:w 661.1508285
          b:n:w 1447.5064030
          e:c:n 4437.8848246
          e:c:w 4439.0535311
          e:n:w 6224.2024953
          c:n:w 5171.1354198
        b:e:c:n 1247.2061426
        b:e:c:w 1247.4541250
        b:e:n:w 1659.7899643
        b:c:n:w 1331.8096100
        e:c:n:w 49155.1026796
