########################################
# legofit: estimate population history #
#       version 2.3.4-4-g53f8760       #
########################################

# Program was compiled: Sep 21 2021 14:36:42
# Program was run: Sun Oct 10 23:01:08 2021

# cmd: legofit -1 -d 0 -t 32 --ptsPerDim 3 --stateOut b1boot4.state --tol 3e-6 -S 5000 def2.lgo ../../chrX/boot_chrX/boot4.opf
# Stage nOptItr nSimReps
#     0    5000        0
# algorithm          : deterministic
# ignoring probs <=  : 0
# Branch length floor: 0
# DE strategy        : 2
#    F               : 0.3
#    CR              : 0.8
#    tolerance       : 3e-06
# nthreads           : 32
# lgo input file     : def2.lgo
# site pat input file: ../../chrX/boot_chrX/boot4.opf
# free parameters    : 14
# points in DE swarm : 42
# output state file  : b1boot4.state
# Including singleton site patterns.
# cost function      : KL
Initial parameter values
Fixed:
      zero = 0
       one = 1
    Tbecnw = 75200
Free:
       pc1 = 0
       pc2 = 0
       pc3 = 0
       pc4 = 0
       pc5 = 0
       pc6 = 0
       pc7 = 0
       pc8 = 0
       pc9 = 0
      pc10 = 0
      pc11 = 0
      pc12 = 0
      pc13 = 0
      pc14 = 0
Constrained:
     Tecnw = 44684.1
       Tnw = 397.772
       Tec = 214.043
     twoNb = 1.3448e+06
     twoNe = 150538
     twoNc = 155738
     twoNw = 878314
    twoNec = 87517.8
    twoNnw = 141901
  twoNecnw = 23262.4
  twoNbecnw = 55671
        m4 = 0.0181878
        m5 = 0.3468
        m6 = 0.281835
        Td = 107.022
        Te = 53.5108
        Tf = 26.7554
DiffEv reached_goal. cost=2.61017e-03 spread=1.66732e-06
Fitted parameter values
Free:
       pc1 = -3.81926
       pc2 = -1.926
       pc3 = 0.318659
       pc4 = 0.186352
       pc5 = 1.95211
       pc6 = -1.5973
       pc7 = -0.976174
       pc8 = 0.264436
       pc9 = -0.270072
      pc10 = -0.797782
      pc11 = -0.556282
      pc12 = -0.417317
      pc13 = -0.767781
      pc14 = 0.123721
Constrained:
     Tecnw = 44981.6
       Tnw = 55.702
       Tec = 217.625
     twoNb = 2.66304e+06
     twoNe = 67290.2
     twoNc = 195351
     twoNw = 882321
    twoNec = 80719.6
    twoNnw = 146480
  twoNecnw = 22712.4
  twoNbecnw = 56691.2
        m4 = 0.0312759
        m5 = 0.34804
        m6 = 0.29895
        Td = 108.813
        Te = 54.4063
        Tf = 27.2032
#       SitePat  BranchLen
              b 123814.1734035
              e 45918.4628303
              c 47836.7880969
              n 45062.1830136
              w 45061.6814616
            b:e 1288.3468606
            b:c 1702.8246950
            b:n 1200.6649107
            b:w 1200.6462245
            e:c 12097.9774763
            e:n 4697.7264296
            e:w 4697.6645481
            c:n 4290.9820541
            c:w 4291.4537899
            n:w 12602.4537197
          b:e:c 1409.8749198
          b:e:n 636.2249184
          b:e:w 636.2081098
          b:c:n 637.3285918
          b:c:w 637.3453993
          b:n:w 1408.2300234
          e:c:n 4341.8609145
          e:c:w 4341.9526123
          e:n:w 6263.3652404
          c:n:w 5100.4386795
        b:e:c:n 1201.7667053
        b:e:c:w 1201.7853927
        b:e:n:w 1649.1541262
        b:c:n:w 1289.9917570
        e:c:n:w 49532.1949536
