########################################
# legofit: estimate population history #
#       version 2.3.4-4-g53f8760       #
########################################

# Program was compiled: Sep 21 2021 14:36:42
# Program was run: Sun Oct 10 23:01:39 2021

# cmd: legofit -1 -d 0 -t 32 --ptsPerDim 3 --stateOut b1boot37.state --tol 3e-6 -S 5000 def2.lgo ../../chrX/boot_chrX/boot37.opf
# Stage nOptItr nSimReps
#     0    5000        0
# algorithm          : deterministic
# ignoring probs <=  : 0
# Branch length floor: 0
# DE strategy        : 2
#    F               : 0.3
#    CR              : 0.8
#    tolerance       : 3e-06
# nthreads           : 32
# lgo input file     : def2.lgo
# site pat input file: ../../chrX/boot_chrX/boot37.opf
# free parameters    : 14
# points in DE swarm : 42
# output state file  : b1boot37.state
# Including singleton site patterns.
# cost function      : KL
Initial parameter values
Fixed:
      zero = 0
       one = 1
    Tbecnw = 75200
Free:
       pc1 = 0
       pc2 = 0
       pc3 = 0
       pc4 = 0
       pc5 = 0
       pc6 = 0
       pc7 = 0
       pc8 = 0
       pc9 = 0
      pc10 = 0
      pc11 = 0
      pc12 = 0
      pc13 = 0
      pc14 = 0
Constrained:
     Tecnw = 44684.1
       Tnw = 397.772
       Tec = 214.043
     twoNb = 1.3448e+06
     twoNe = 150538
     twoNc = 155738
     twoNw = 878314
    twoNec = 87517.8
    twoNnw = 141901
  twoNecnw = 23262.4
  twoNbecnw = 55671
        m4 = 0.0181878
        m5 = 0.3468
        m6 = 0.281835
        Td = 107.022
        Te = 53.5108
        Tf = 26.7554
DiffEv reached_goal. cost=2.50679e-03 spread=2.61396e-06
Fitted parameter values
Free:
       pc1 = -3.27387
       pc2 = -1.93836
       pc3 = 0.33569
       pc4 = -0.659649
       pc5 = 1.95023
       pc6 = -1.90309
       pc7 = -1.78939
       pc8 = 0.797412
       pc9 = 0.0295696
      pc10 = -0.827498
      pc11 = 0.0929075
      pc12 = -0.162732
      pc13 = 0.341582
      pc14 = -0.127788
Constrained:
     Tecnw = 45033.2
       Tnw = 369.718
       Tec = 373.461
     twoNb = 2.82767e+06
     twoNe = 12378.3
     twoNc = 196517
     twoNw = 914171
    twoNec = 82921
    twoNnw = 149180
  twoNecnw = 23078.6
  twoNbecnw = 56549.6
        m4 = 0.0274227
        m5 = 0.347904
        m6 = 0.304982
        Td = 186.73
        Te = 93.3652
        Tf = 46.6826
#       SitePat  BranchLen
              b 123537.0783816
              e 46409.0587282
              c 48062.6862533
              n 45499.9932653
              w 45489.3851315
            b:e 1325.3795326
            b:c 1680.7344068
            b:n 1232.4637946
            b:w 1232.0613991
            e:c 11976.4602637
            e:n 4727.4849954
            e:w 4731.7574567
            c:n 4374.9099489
            c:w 4379.3374795
            n:w 12472.5930589
          b:e:c 1425.4794616
          b:e:n 657.2779178
          b:e:w 657.2729119
          b:c:n 658.2162898
          b:c:w 658.2210974
          b:n:w 1424.1068869
          e:c:n 4405.1518704
          e:c:w 4407.0600123
          e:n:w 6172.4859567
          c:n:w 5176.8401879
        b:e:c:n 1233.0045787
        b:e:c:w 1233.4071725
        b:e:n:w 1636.9802716
        b:c:n:w 1326.7521073
        e:c:n:w 48920.1750801
