########################################
# legofit: estimate population history #
#       version 2.3.4-4-g53f8760       #
########################################

# Program was compiled: Sep 21 2021 14:36:42
# Program was run: Sun Oct 10 23:01:34 2021

# cmd: legofit -1 -d 0 -t 32 --ptsPerDim 3 --stateOut b1boot31.state --tol 3e-6 -S 5000 def2.lgo ../../chrX/boot_chrX/boot31.opf
# Stage nOptItr nSimReps
#     0    5000        0
# algorithm          : deterministic
# ignoring probs <=  : 0
# Branch length floor: 0
# DE strategy        : 2
#    F               : 0.3
#    CR              : 0.8
#    tolerance       : 3e-06
# nthreads           : 32
# lgo input file     : def2.lgo
# site pat input file: ../../chrX/boot_chrX/boot31.opf
# free parameters    : 14
# points in DE swarm : 42
# output state file  : b1boot31.state
# Including singleton site patterns.
# cost function      : KL
Initial parameter values
Fixed:
      zero = 0
       one = 1
    Tbecnw = 75200
Free:
       pc1 = 0
       pc2 = 0
       pc3 = 0
       pc4 = 0
       pc5 = 0
       pc6 = 0
       pc7 = 0
       pc8 = 0
       pc9 = 0
      pc10 = 0
      pc11 = 0
      pc12 = 0
      pc13 = 0
      pc14 = 0
Constrained:
     Tecnw = 44684.1
       Tnw = 397.772
       Tec = 214.043
     twoNb = 1.3448e+06
     twoNe = 150538
     twoNc = 155738
     twoNw = 878314
    twoNec = 87517.8
    twoNnw = 141901
  twoNecnw = 23262.4
  twoNbecnw = 55671
        m4 = 0.0181878
        m5 = 0.3468
        m6 = 0.281835
        Td = 107.022
        Te = 53.5108
        Tf = 26.7554
DiffEv reached_goal. cost=2.61622e-03 spread=2.95227e-06
Fitted parameter values
Free:
       pc1 = -3.32847
       pc2 = -1.98876
       pc3 = -0.295606
       pc4 = -1.55513
       pc5 = 1.90508
       pc6 = -1.7865
       pc7 = -0.566335
       pc8 = 0.552606
       pc9 = -0.127149
      pc10 = -1.13886
      pc11 = -0.373034
      pc12 = 0.120684
      pc13 = -0.342741
      pc14 = 0.0208643
Constrained:
     Tecnw = 44730.8
       Tnw = 273.029
       Tec = 476.968
     twoNb = 2.5317e+06
     twoNe = 82399
     twoNc = 280245
     twoNw = 1.1356e+06
    twoNec = 81058.7
    twoNnw = 149111
  twoNecnw = 22967.9
  twoNbecnw = 56113.8
        m4 = 0.0288654
        m5 = 0.356683
        m6 = 0.300833
        Td = 238.484
        Te = 119.242
        Tf = 59.621
#       SitePat  BranchLen
              b 123292.9562366
              e 45933.4148492
              c 47871.6042749
              n 45185.4434518
              w 45180.2530028
            b:e 1279.6418493
            b:c 1671.5317817
            b:n 1200.6210679
            b:w 1200.4280214
            e:c 11874.7139793
            e:n 4742.8562405
            e:w 4744.7431261
            c:n 4310.8420476
            c:w 4313.2112749
            n:w 12351.5808210
          b:e:c 1385.5744291
          b:e:n 640.4338991
          b:e:w 640.4186887
          b:c:n 641.5033410
          b:c:w 641.5184467
          b:n:w 1384.0051360
          e:c:n 4367.3168428
          e:c:w 4368.2511790
          e:n:w 6203.1180435
          c:n:w 5073.2568133
        b:e:c:n 1201.5125690
        b:e:c:w 1201.7057202
        b:e:n:w 1620.0524260
        b:c:n:w 1281.2111423
        e:c:n:w 49079.3609131
