########################################
# legofit: estimate population history #
#       version 2.3.4-4-g53f8760       #
########################################

# Program was compiled: Sep 21 2021 14:36:42
# Program was run: Sun Oct 10 23:01:28 2021

# cmd: legofit -1 -d 0 -t 32 --ptsPerDim 3 --stateOut b1boot27.state --tol 3e-6 -S 5000 def2.lgo ../../chrX/boot_chrX/boot27.opf
# Stage nOptItr nSimReps
#     0    5000        0
# algorithm          : deterministic
# ignoring probs <=  : 0
# Branch length floor: 0
# DE strategy        : 2
#    F               : 0.3
#    CR              : 0.8
#    tolerance       : 3e-06
# nthreads           : 32
# lgo input file     : def2.lgo
# site pat input file: ../../chrX/boot_chrX/boot27.opf
# free parameters    : 14
# points in DE swarm : 42
# output state file  : b1boot27.state
# Including singleton site patterns.
# cost function      : KL
Initial parameter values
Fixed:
      zero = 0
       one = 1
    Tbecnw = 75200
Free:
       pc1 = 0
       pc2 = 0
       pc3 = 0
       pc4 = 0
       pc5 = 0
       pc6 = 0
       pc7 = 0
       pc8 = 0
       pc9 = 0
      pc10 = 0
      pc11 = 0
      pc12 = 0
      pc13 = 0
      pc14 = 0
Constrained:
     Tecnw = 44684.1
       Tnw = 397.772
       Tec = 214.043
     twoNb = 1.3448e+06
     twoNe = 150538
     twoNc = 155738
     twoNw = 878314
    twoNec = 87517.8
    twoNnw = 141901
  twoNecnw = 23262.4
  twoNbecnw = 55671
        m4 = 0.0181878
        m5 = 0.3468
        m6 = 0.281835
        Td = 107.022
        Te = 53.5108
        Tf = 26.7554
DiffEv reached_goal. cost=2.64020e-03 spread=2.61261e-06
Fitted parameter values
Free:
       pc1 = -3.84348
       pc2 = -0.790286
       pc3 = 0.523349
       pc4 = 1.80721
       pc5 = 1.9734
       pc6 = -1.51147
       pc7 = -1.87916
       pc8 = -1.62002
       pc9 = -1.13217
      pc10 = -0.715171
      pc11 = 0.413092
      pc12 = -0.829807
      pc13 = -0.165107
      pc14 = -0.397321
Constrained:
     Tecnw = 46120.7
       Tnw = 70.0874
       Tec = 220.239
     twoNb = 2.81006e+06
     twoNe = 155965
     twoNc = 231875
     twoNw = 752121
    twoNec = 83976.7
    twoNnw = 141896
  twoNecnw = 22602.9
  twoNbecnw = 57330
        m4 = 0.0302992
        m5 = 0.328515
        m6 = 0.298494
        Td = 110.119
        Te = 55.0597
        Tf = 27.5299
#       SitePat  BranchLen
              b 124066.2148360
              e 46930.7882000
              c 48468.2791056
              n 45518.1448364
              w 45516.9745462
            b:e 1378.4278360
            b:c 1757.7990853
            b:n 1248.5908889
            b:w 1248.5461499
            e:c 12463.3306140
            e:n 4647.5237391
            e:w 4647.7008828
            c:n 4351.0657153
            c:w 4351.8501234
            n:w 13208.7351065
          b:e:c 1511.7947972
          b:e:n 658.2674184
          b:e:w 658.2477114
          b:c:n 659.3170033
          b:c:w 659.3366963
          b:n:w 1510.1749644
          e:c:n 4335.3896263
          e:c:w 4335.5983646
          e:n:w 6297.9211596
          c:n:w 5299.4724033
        b:e:c:n 1249.6154277
        b:e:c:w 1249.6601808
        b:e:n:w 1708.2908539
        b:c:n:w 1380.0476688
        e:c:n:w 48871.7747065
