########################################
# legofit: estimate population history #
#       version 2.3.4-4-g53f8760       #
########################################

# Program was compiled: Sep 21 2021 14:36:42
# Program was run: Sun Oct 10 23:01:08 2021

# cmd: legofit -1 -d 0 -t 32 --ptsPerDim 3 --stateOut b1boot5.state --tol 3e-6 -S 5000 def2.lgo ../../chrX/boot_chrX/boot5.opf
# Stage nOptItr nSimReps
#     0    5000        0
# algorithm          : deterministic
# ignoring probs <=  : 0
# Branch length floor: 0
# DE strategy        : 2
#    F               : 0.3
#    CR              : 0.8
#    tolerance       : 3e-06
# nthreads           : 32
# lgo input file     : def2.lgo
# site pat input file: ../../chrX/boot_chrX/boot5.opf
# free parameters    : 14
# points in DE swarm : 42
# output state file  : b1boot5.state
# Including singleton site patterns.
# cost function      : KL
Initial parameter values
Fixed:
      zero = 0
       one = 1
    Tbecnw = 75200
Free:
       pc1 = 0
       pc2 = 0
       pc3 = 0
       pc4 = 0
       pc5 = 0
       pc6 = 0
       pc7 = 0
       pc8 = 0
       pc9 = 0
      pc10 = 0
      pc11 = 0
      pc12 = 0
      pc13 = 0
      pc14 = 0
Constrained:
     Tecnw = 44684.1
       Tnw = 397.772
       Tec = 214.043
     twoNb = 1.3448e+06
     twoNe = 150538
     twoNc = 155738
     twoNw = 878314
    twoNec = 87517.8
    twoNnw = 141901
  twoNecnw = 23262.4
  twoNbecnw = 55671
        m4 = 0.0181878
        m5 = 0.3468
        m6 = 0.281835
        Td = 107.022
        Te = 53.5108
        Tf = 26.7554
DiffEv reached_goal. cost=2.67335e-03 spread=2.76416e-06
Fitted parameter values
Free:
       pc1 = -3.66761
       pc2 = -1.90607
       pc3 = -1.7117
       pc4 = -0.759571
       pc5 = 1.37607
       pc6 = -0.208856
       pc7 = 0.00672026
       pc8 = 1.2272
       pc9 = -0.667182
      pc10 = 0.423531
      pc11 = 0.722902
      pc12 = -0.670897
      pc13 = -0.304951
      pc14 = -0.729313
Constrained:
     Tecnw = 45338.3
       Tnw = 460.59
       Tec = 473.068
     twoNb = 2.52093e+06
     twoNe = 180230
     twoNc = 84454.3
     twoNw = 1.0763e+06
    twoNec = 78068.5
    twoNnw = 143461
  twoNecnw = 23104.5
  twoNbecnw = 54372.8
        m4 = 0.0277989
        m5 = 0.356185
        m6 = 0.300857
        Td = 236.534
        Te = 118.267
        Tf = 59.1334
#       SitePat  BranchLen
              b 121607.8393274
              e 45960.1890298
              c 47866.1820925
              n 45216.6352786
              w 45205.4872358
            b:e 1274.0185723
            b:c 1644.5666013
            b:n 1190.7103160
            b:w 1190.3000900
            e:c 12240.3598243
            e:n 4722.4810907
            e:w 4727.0907632
            c:n 4288.0122238
            c:w 4292.5628514
            n:w 12664.2342642
          b:e:c 1406.4367615
          b:e:n 628.4255192
          b:e:w 628.4273504
          b:c:n 629.4638177
          b:c:w 629.4617517
          b:n:w 1404.9104217
          e:c:n 4307.8276512
          e:c:w 4309.8153939
          e:n:w 6157.9803115
          c:n:w 5068.5732445
        b:e:c:n 1191.3363225
        b:e:c:w 1191.7467833
        b:e:n:w 1595.7548582
        b:c:n:w 1275.5449121
        e:c:n:w 47147.0531734
