########################################
# legofit: estimate population history #
#       version 2.3.4-4-g53f8760       #
########################################

# Program was compiled: Sep 21 2021 14:36:42
# Program was run: Sun Oct 10 23:01:43 2021

# cmd: legofit -1 -d 0 -t 32 --ptsPerDim 3 --stateOut b1boot43.state --tol 3e-6 -S 5000 def2.lgo ../../chrX/boot_chrX/boot43.opf
# Stage nOptItr nSimReps
#     0    5000        0
# algorithm          : deterministic
# ignoring probs <=  : 0
# Branch length floor: 0
# DE strategy        : 2
#    F               : 0.3
#    CR              : 0.8
#    tolerance       : 3e-06
# nthreads           : 32
# lgo input file     : def2.lgo
# site pat input file: ../../chrX/boot_chrX/boot43.opf
# free parameters    : 14
# points in DE swarm : 42
# output state file  : b1boot43.state
# Including singleton site patterns.
# cost function      : KL
Initial parameter values
Fixed:
      zero = 0
       one = 1
    Tbecnw = 75200
Free:
       pc1 = 0
       pc2 = 0
       pc3 = 0
       pc4 = 0
       pc5 = 0
       pc6 = 0
       pc7 = 0
       pc8 = 0
       pc9 = 0
      pc10 = 0
      pc11 = 0
      pc12 = 0
      pc13 = 0
      pc14 = 0
Constrained:
     Tecnw = 44684.1
       Tnw = 397.772
       Tec = 214.043
     twoNb = 1.3448e+06
     twoNe = 150538
     twoNc = 155738
     twoNw = 878314
    twoNec = 87517.8
    twoNnw = 141901
  twoNecnw = 23262.4
  twoNbecnw = 55671
        m4 = 0.0181878
        m5 = 0.3468
        m6 = 0.281835
        Td = 107.022
        Te = 53.5108
        Tf = 26.7554
DiffEv reached_goal. cost=2.67540e-03 spread=2.87518e-06
Fitted parameter values
Free:
       pc1 = -3.8771
       pc2 = -1.44041
       pc3 = -1.09065
       pc4 = 0.578754
       pc5 = 1.8436
       pc6 = -1.04981
       pc7 = -1.00735
       pc8 = -0.750645
       pc9 = -1.77974
      pc10 = 0.101514
      pc11 = 0.484204
      pc12 = 0.0250017
      pc13 = -0.834319
      pc14 = -0.490765
Constrained:
     Tecnw = 45540.9
       Tnw = 160.502
       Tec = 568.23
     twoNb = 2.9412e+06
     twoNe = 192509
     twoNc = 225814
     twoNw = 990283
    twoNec = 82040.4
    twoNnw = 139810
  twoNecnw = 22645.2
  twoNbecnw = 55585.8
        m4 = 0.0309403
        m5 = 0.342905
        m6 = 0.298502
        Td = 284.115
        Te = 142.058
        Tf = 71.0288
#       SitePat  BranchLen
              b 122758.9038893
              e 46269.3574268
              c 48105.6458044
              n 44890.8708340
              w 44889.2321226
            b:e 1299.2054181
            b:c 1694.1059598
            b:n 1179.4669983
            b:w 1179.4067199
            e:c 12096.2154750
            e:n 4671.7719521
            e:w 4671.8471036
            c:n 4286.5673947
            c:w 4287.8360459
            n:w 12933.5663024
          b:e:c 1418.8866033
          b:e:n 626.9201405
          b:e:w 626.8829358
          b:c:n 627.8694868
          b:c:w 627.9066790
          b:n:w 1417.4029081
          e:c:n 4242.9871369
          e:c:w 4243.2820455
          e:n:w 6287.6458301
          c:n:w 5169.6975199
        b:e:c:n 1180.3932584
        b:e:c:w 1180.4535494
        b:e:n:w 1646.6871969
        b:c:n:w 1300.6891134
        e:c:n:w 48302.6447847
