########################################
# legofit: estimate population history #
#       version 2.3.4-4-g53f8760       #
########################################

# Program was compiled: Sep 21 2021 14:36:42
# Program was run: Sun Oct 10 23:01:28 2021

# cmd: legofit -1 -d 0 -t 32 --ptsPerDim 3 --stateOut b1boot28.state --tol 3e-6 -S 5000 def2.lgo ../../chrX/boot_chrX/boot28.opf
# Stage nOptItr nSimReps
#     0    5000        0
# algorithm          : deterministic
# ignoring probs <=  : 0
# Branch length floor: 0
# DE strategy        : 2
#    F               : 0.3
#    CR              : 0.8
#    tolerance       : 3e-06
# nthreads           : 32
# lgo input file     : def2.lgo
# site pat input file: ../../chrX/boot_chrX/boot28.opf
# free parameters    : 14
# points in DE swarm : 42
# output state file  : b1boot28.state
# Including singleton site patterns.
# cost function      : KL
Initial parameter values
Fixed:
      zero = 0
       one = 1
    Tbecnw = 75200
Free:
       pc1 = 0
       pc2 = 0
       pc3 = 0
       pc4 = 0
       pc5 = 0
       pc6 = 0
       pc7 = 0
       pc8 = 0
       pc9 = 0
      pc10 = 0
      pc11 = 0
      pc12 = 0
      pc13 = 0
      pc14 = 0
Constrained:
     Tecnw = 44684.1
       Tnw = 397.772
       Tec = 214.043
     twoNb = 1.3448e+06
     twoNe = 150538
     twoNc = 155738
     twoNw = 878314
    twoNec = 87517.8
    twoNnw = 141901
  twoNecnw = 23262.4
  twoNbecnw = 55671
        m4 = 0.0181878
        m5 = 0.3468
        m6 = 0.281835
        Td = 107.022
        Te = 53.5108
        Tf = 26.7554
DiffEv reached_goal. cost=2.55694e-03 spread=2.52495e-06
Fitted parameter values
Free:
       pc1 = -3.67846
       pc2 = -1.75867
       pc3 = -1.33838
       pc4 = -0.160846
       pc5 = 1.85781
       pc6 = -1.29787
       pc7 = -0.511819
       pc8 = -0.776043
       pc9 = -1.09098
      pc10 = 0.52181
      pc11 = 0.226239
      pc12 = 0.0140869
      pc13 = -0.523418
      pc14 = -0.0228367
Constrained:
     Tecnw = 45064.9
       Tnw = 285.672
       Tec = 422.174
     twoNb = 2.71695e+06
     twoNe = 208794
     twoNc = 284265
     twoNw = 963943
    twoNec = 81121.3
    twoNnw = 141237
  twoNecnw = 22704.7
  twoNbecnw = 55188
        m4 = 0.0300994
        m5 = 0.346511
        m6 = 0.303472
        Td = 211.087
        Te = 105.544
        Tf = 52.7718
#       SitePat  BranchLen
              b 122543.1750973
              e 45931.3992091
              c 47689.6756222
              n 44728.1438040
              w 44721.3783031
            b:e 1267.1213038
            b:c 1649.0293419
            b:n 1158.7406228
            b:w 1158.4954188
            e:c 11960.7478184
            e:n 4655.5250637
            e:w 4658.0568353
            c:n 4287.8728975
            c:w 4290.9011995
            n:w 12659.3221848
          b:e:c 1375.5624800
          b:e:n 616.9331262
          b:e:w 616.9178379
          b:c:n 617.9318420
          b:c:w 617.9469990
          b:n:w 1374.0542154
          e:c:n 4245.7336872
          e:c:w 4246.9391145
          e:n:w 6198.2680002
          c:n:w 5121.8040909
        b:e:c:n 1159.5092916
        b:e:c:w 1159.7546269
        b:e:n:w 1599.5701854
        b:c:n:w 1268.6295684
        e:c:n:w 48491.3333773
