########################################
# legofit: estimate population history #
#       version 2.3.4-4-g53f8760       #
########################################

# Program was compiled: Sep 21 2021 14:36:42
# Program was run: Sun Oct 10 23:01:44 2021

# cmd: legofit -1 -d 0 -t 32 --ptsPerDim 3 --stateOut b1boot47.state --tol 3e-6 -S 5000 def2.lgo ../../chrX/boot_chrX/boot47.opf
# Stage nOptItr nSimReps
#     0    5000        0
# algorithm          : deterministic
# ignoring probs <=  : 0
# Branch length floor: 0
# DE strategy        : 2
#    F               : 0.3
#    CR              : 0.8
#    tolerance       : 3e-06
# nthreads           : 32
# lgo input file     : def2.lgo
# site pat input file: ../../chrX/boot_chrX/boot47.opf
# free parameters    : 14
# points in DE swarm : 42
# output state file  : b1boot47.state
# Including singleton site patterns.
# cost function      : KL
Initial parameter values
Fixed:
      zero = 0
       one = 1
    Tbecnw = 75200
Free:
       pc1 = 0
       pc2 = 0
       pc3 = 0
       pc4 = 0
       pc5 = 0
       pc6 = 0
       pc7 = 0
       pc8 = 0
       pc9 = 0
      pc10 = 0
      pc11 = 0
      pc12 = 0
      pc13 = 0
      pc14 = 0
Constrained:
     Tecnw = 44684.1
       Tnw = 397.772
       Tec = 214.043
     twoNb = 1.3448e+06
     twoNe = 150538
     twoNc = 155738
     twoNw = 878314
    twoNec = 87517.8
    twoNnw = 141901
  twoNecnw = 23262.4
  twoNbecnw = 55671
        m4 = 0.0181878
        m5 = 0.3468
        m6 = 0.281835
        Td = 107.022
        Te = 53.5108
        Tf = 26.7554
DiffEv reached_goal. cost=2.61620e-03 spread=2.57955e-06
Fitted parameter values
Free:
       pc1 = -3.90202
       pc2 = -1.97223
       pc3 = -1.47175
       pc4 = -0.654007
       pc5 = 1.98002
       pc6 = -1.70004
       pc7 = 0.73502
       pc8 = 0.187466
       pc9 = -1.30256
      pc10 = 0.847292
      pc11 = -0.365787
      pc12 = 0.333704
      pc13 = 0.0231612
      pc14 = -0.497726
Constrained:
     Tecnw = 45131.7
       Tnw = 339.928
       Tec = 481.719
     twoNb = 2.53335e+06
     twoNe = 104544
     twoNc = 310690
     twoNw = 983834
    twoNec = 79359
    twoNnw = 143576
  twoNecnw = 22430.5
  twoNbecnw = 54012.4
        m4 = 0.0297625
        m5 = 0.354187
        m6 = 0.302679
        Td = 240.86
        Te = 120.43
        Tf = 60.2149
#       SitePat  BranchLen
              b 121625.2879078
              e 45696.8196620
              c 47581.2281787
              n 44787.9139461
              w 44779.8277622
            b:e 1213.6514620
            b:c 1598.0862983
            b:n 1125.8388405
            b:w 1125.5542765
            e:c 11883.7859643
            e:n 4636.0292148
            e:w 4639.1560718
            c:n 4222.6088717
            c:w 4226.1433082
            n:w 12428.1976261
          b:e:c 1326.2944643
          b:e:n 597.8281841
          b:e:w 597.8159779
          b:c:n 598.8595841
          b:c:w 598.8716254
          b:n:w 1324.7575560
          e:c:n 4191.8441558
          e:c:w 4193.2690461
          e:n:w 6087.7588992
          c:n:w 4974.3103002
        b:e:c:n 1126.5977178
        b:e:c:w 1126.8824467
        b:e:n:w 1546.2370652
        b:c:n:w 1215.1883703
        e:c:n:w 47883.7814451
