########################################
# legofit: estimate population history #
#       version 2.3.4-4-g53f8760       #
########################################

# Program was compiled: Sep 21 2021 14:36:42
# Program was run: Sun Oct 10 23:01:34 2021

# cmd: legofit -1 -d 0 -t 32 --ptsPerDim 3 --stateOut b1boot33.state --tol 3e-6 -S 5000 def2.lgo ../../chrX/boot_chrX/boot33.opf
# Stage nOptItr nSimReps
#     0    5000        0
# algorithm          : deterministic
# ignoring probs <=  : 0
# Branch length floor: 0
# DE strategy        : 2
#    F               : 0.3
#    CR              : 0.8
#    tolerance       : 3e-06
# nthreads           : 32
# lgo input file     : def2.lgo
# site pat input file: ../../chrX/boot_chrX/boot33.opf
# free parameters    : 14
# points in DE swarm : 42
# output state file  : b1boot33.state
# Including singleton site patterns.
# cost function      : KL
Initial parameter values
Fixed:
      zero = 0
       one = 1
    Tbecnw = 75200
Free:
       pc1 = 0
       pc2 = 0
       pc3 = 0
       pc4 = 0
       pc5 = 0
       pc6 = 0
       pc7 = 0
       pc8 = 0
       pc9 = 0
      pc10 = 0
      pc11 = 0
      pc12 = 0
      pc13 = 0
      pc14 = 0
Constrained:
     Tecnw = 44684.1
       Tnw = 397.772
       Tec = 214.043
     twoNb = 1.3448e+06
     twoNe = 150538
     twoNc = 155738
     twoNw = 878314
    twoNec = 87517.8
    twoNnw = 141901
  twoNecnw = 23262.4
  twoNbecnw = 55671
        m4 = 0.0181878
        m5 = 0.3468
        m6 = 0.281835
        Td = 107.022
        Te = 53.5108
        Tf = 26.7554
DiffEv reached_goal. cost=2.63795e-03 spread=2.25693e-06
Fitted parameter values
Free:
       pc1 = -1.57723
       pc2 = -1.04746
       pc3 = -0.196957
       pc4 = 1.53364
       pc5 = 1.93985
       pc6 = -1.47438
       pc7 = -1.73749
       pc8 = -1.73168
       pc9 = -1.46297
      pc10 = -1.52295
      pc11 = -0.619217
      pc12 = -0.0965287
      pc13 = -0.375397
      pc14 = 0.437965
Constrained:
     Tecnw = 44800.3
       Tnw = 88.4808
       Tec = 290.955
     twoNb = 2.54247e+06
     twoNe = 117723
     twoNc = 300951
     twoNw = 1.10538e+06
    twoNec = 86379.3
    twoNnw = 141771
  twoNecnw = 22663.4
  twoNbecnw = 57180.9
        m4 = 0.0277051
        m5 = 0.32345
        m6 = 0.285793
        Td = 145.477
        Te = 72.7387
        Tf = 36.3693
#       SitePat  BranchLen
              b 124339.4820693
              e 46139.3647376
              c 47763.7670810
              n 44821.0307080
              w 44820.1435677
            b:e 1303.5709725
            b:c 1675.4529988
            b:n 1188.9047878
            b:w 1188.8719250
            e:c 12106.1567942
            e:n 4561.4015116
            e:w 4561.5091724
            c:n 4231.9197559
            c:w 4232.5404798
            n:w 12874.7044713
          b:e:c 1426.4826519
          b:e:n 628.0513599
          b:e:w 628.0352358
          b:c:n 629.0816466
          b:c:w 629.0977610
          b:n:w 1424.9112665
          e:c:n 4303.4454694
          e:c:w 4303.6042251
          e:n:w 6203.5510457
          c:n:w 5182.9799940
        b:e:c:n 1189.9183261
        b:e:c:w 1189.9511985
        b:e:n:w 1624.4980394
        b:c:n:w 1305.1423580
        e:c:n:w 50201.9118569
