########################################
# legofit: estimate population history #
#       version 2.3.4-4-g53f8760       #
########################################

# Program was compiled: Sep 21 2021 14:36:42
# Program was run: Sun Oct 10 23:01:08 2021

# cmd: legofit -1 -d 0 -t 32 --ptsPerDim 3 --stateOut b1boot2.state --tol 3e-6 -S 5000 def2.lgo ../../chrX/boot_chrX/boot2.opf
# Stage nOptItr nSimReps
#     0    5000        0
# algorithm          : deterministic
# ignoring probs <=  : 0
# Branch length floor: 0
# DE strategy        : 2
#    F               : 0.3
#    CR              : 0.8
#    tolerance       : 3e-06
# nthreads           : 32
# lgo input file     : def2.lgo
# site pat input file: ../../chrX/boot_chrX/boot2.opf
# free parameters    : 14
# points in DE swarm : 42
# output state file  : b1boot2.state
# Including singleton site patterns.
# cost function      : KL
Initial parameter values
Fixed:
      zero = 0
       one = 1
    Tbecnw = 75200
Free:
       pc1 = 0
       pc2 = 0
       pc3 = 0
       pc4 = 0
       pc5 = 0
       pc6 = 0
       pc7 = 0
       pc8 = 0
       pc9 = 0
      pc10 = 0
      pc11 = 0
      pc12 = 0
      pc13 = 0
      pc14 = 0
Constrained:
     Tecnw = 44684.1
       Tnw = 397.772
       Tec = 214.043
     twoNb = 1.3448e+06
     twoNe = 150538
     twoNc = 155738
     twoNw = 878314
    twoNec = 87517.8
    twoNnw = 141901
  twoNecnw = 23262.4
  twoNbecnw = 55671
        m4 = 0.0181878
        m5 = 0.3468
        m6 = 0.281835
        Td = 107.022
        Te = 53.5108
        Tf = 26.7554
DiffEv reached_goal. cost=2.62264e-03 spread=2.70996e-06
Fitted parameter values
Free:
       pc1 = -3.61462
       pc2 = -1.8605
       pc3 = -0.666322
       pc4 = 1.24685
       pc5 = 1.91994
       pc6 = -1.33633
       pc7 = -0.487595
       pc8 = -0.877237
       pc9 = -1.20999
      pc10 = 0.545112
      pc11 = 0.315146
      pc12 = -0.0632498
      pc13 = -0.461992
      pc14 = -0.52037
Constrained:
     Tecnw = 45472.9
       Tnw = 82.2241
       Tec = 275.863
     twoNb = 2.69038e+06
     twoNe = 147421
     twoNc = 231591
     twoNw = 799831
    twoNec = 82574
    twoNnw = 140655
  twoNecnw = 22606.7
  twoNbecnw = 55171.3
        m4 = 0.0320301
        m5 = 0.338431
        m6 = 0.300116
        Td = 137.931
        Te = 68.9657
        Tf = 34.4829
#       SitePat  BranchLen
              b 122422.1333659
              e 46234.1893035
              c 47968.1419530
              n 44869.2141072
              w 44868.0574630
            b:e 1286.1057989
            b:c 1684.6805224
            b:n 1167.1269834
            b:w 1167.0849342
            e:c 12098.4181395
            e:n 4630.6247736
            e:w 4630.7434214
            c:n 4280.6815846
            c:w 4281.5132526
            n:w 12886.5536992
          b:e:c 1402.6699653
          b:e:n 619.6375004
          b:e:w 619.6154981
          b:c:n 620.7182450
          b:c:w 620.7402350
          b:n:w 1401.0115224
          e:c:n 4223.8869584
          e:c:w 4224.0932869
          e:n:w 6243.0606795
          c:n:w 5150.9947604
        b:e:c:n 1168.1876688
        b:e:c:w 1168.2297304
        b:e:n:w 1631.2578195
        b:c:n:w 1287.7642419
        e:c:n:w 48086.2434873
