########################################
# legofit: estimate population history #
#       version 2.3.4-4-g53f8760       #
########################################

# Program was compiled: Sep 21 2021 14:36:42
# Program was run: Sun Oct 10 23:01:39 2021

# cmd: legofit -1 -d 0 -t 32 --ptsPerDim 3 --stateOut b1boot40.state --tol 3e-6 -S 5000 def2.lgo ../../chrX/boot_chrX/boot40.opf
# Stage nOptItr nSimReps
#     0    5000        0
# algorithm          : deterministic
# ignoring probs <=  : 0
# Branch length floor: 0
# DE strategy        : 2
#    F               : 0.3
#    CR              : 0.8
#    tolerance       : 3e-06
# nthreads           : 32
# lgo input file     : def2.lgo
# site pat input file: ../../chrX/boot_chrX/boot40.opf
# free parameters    : 14
# points in DE swarm : 42
# output state file  : b1boot40.state
# Including singleton site patterns.
# cost function      : KL
Initial parameter values
Fixed:
      zero = 0
       one = 1
    Tbecnw = 75200
Free:
       pc1 = 0
       pc2 = 0
       pc3 = 0
       pc4 = 0
       pc5 = 0
       pc6 = 0
       pc7 = 0
       pc8 = 0
       pc9 = 0
      pc10 = 0
      pc11 = 0
      pc12 = 0
      pc13 = 0
      pc14 = 0
Constrained:
     Tecnw = 44684.1
       Tnw = 397.772
       Tec = 214.043
     twoNb = 1.3448e+06
     twoNe = 150538
     twoNc = 155738
     twoNw = 878314
    twoNec = 87517.8
    twoNnw = 141901
  twoNecnw = 23262.4
  twoNbecnw = 55671
        m4 = 0.0181878
        m5 = 0.3468
        m6 = 0.281835
        Td = 107.022
        Te = 53.5108
        Tf = 26.7554
DiffEv reached_goal. cost=2.47368e-03 spread=2.93916e-06
Fitted parameter values
Free:
       pc1 = -3.64845
       pc2 = -1.96392
       pc3 = -0.141783
       pc4 = 0.420993
       pc5 = 1.93437
       pc6 = -0.938882
       pc7 = -1.45701
       pc8 = -1.51401
       pc9 = -0.853707
      pc10 = 0.125838
      pc11 = 0.375614
      pc12 = 0.165707
      pc13 = -0.241197
      pc14 = 0.360995
Constrained:
     Tecnw = 45079.4
       Tnw = 74.0477
       Tec = 262.326
     twoNb = 2.88757e+06
     twoNe = 258350
     twoNc = 246857
     twoNw = 851803
    twoNec = 84581.1
    twoNnw = 142713
  twoNecnw = 22657.2
  twoNbecnw = 56133.6
        m4 = 0.0295675
        m5 = 0.338804
        m6 = 0.306136
        Td = 131.163
        Te = 65.5814
        Tf = 32.7907
#       SitePat  BranchLen
              b 123364.5601830
              e 46259.8259762
              c 47807.4656257
              n 44792.8641384
              w 44791.9701284
            b:e 1300.3600330
            b:c 1664.9768291
            b:n 1175.6817430
            b:w 1175.6488832
            e:c 11862.2300071
            e:n 4646.5190077
            e:w 4646.5530348
            c:n 4343.3433041
            c:w 4344.0420591
            n:w 12691.5546551
          b:e:c 1391.3349988
          b:e:n 629.5762332
          b:e:w 629.5555314
          b:c:n 630.5064555
          b:c:w 630.5271509
          b:n:w 1389.9178721
          e:c:n 4270.6672494
          e:c:w 4270.8284772
          e:n:w 6203.0284362
          c:n:w 5211.6753978
        b:e:c:n 1176.5998009
        b:e:c:w 1176.6326670
        b:e:n:w 1618.8957294
        b:c:n:w 1301.7771598
        e:c:n:w 49173.9440880
