########################################
# legofit: estimate population history #
#       version 2.3.4-4-g53f8760       #
########################################

# Program was compiled: Sep 21 2021 14:36:42
# Program was run: Sun Oct 10 23:01:28 2021

# cmd: legofit -1 -d 0 -t 32 --ptsPerDim 3 --stateOut b1boot24.state --tol 3e-6 -S 5000 def2.lgo ../../chrX/boot_chrX/boot24.opf
# Stage nOptItr nSimReps
#     0    5000        0
# algorithm          : deterministic
# ignoring probs <=  : 0
# Branch length floor: 0
# DE strategy        : 2
#    F               : 0.3
#    CR              : 0.8
#    tolerance       : 3e-06
# nthreads           : 32
# lgo input file     : def2.lgo
# site pat input file: ../../chrX/boot_chrX/boot24.opf
# free parameters    : 14
# points in DE swarm : 42
# output state file  : b1boot24.state
# Including singleton site patterns.
# cost function      : KL
Initial parameter values
Fixed:
      zero = 0
       one = 1
    Tbecnw = 75200
Free:
       pc1 = 0
       pc2 = 0
       pc3 = 0
       pc4 = 0
       pc5 = 0
       pc6 = 0
       pc7 = 0
       pc8 = 0
       pc9 = 0
      pc10 = 0
      pc11 = 0
      pc12 = 0
      pc13 = 0
      pc14 = 0
Constrained:
     Tecnw = 44684.1
       Tnw = 397.772
       Tec = 214.043
     twoNb = 1.3448e+06
     twoNe = 150538
     twoNc = 155738
     twoNw = 878314
    twoNec = 87517.8
    twoNnw = 141901
  twoNecnw = 23262.4
  twoNbecnw = 55671
        m4 = 0.0181878
        m5 = 0.3468
        m6 = 0.281835
        Td = 107.022
        Te = 53.5108
        Tf = 26.7554
DiffEv reached_goal. cost=2.72571e-03 spread=2.77070e-06
Fitted parameter values
Free:
       pc1 = -3.65705
       pc2 = -1.94307
       pc3 = 0.495503
       pc4 = -1.06334
       pc5 = 1.95311
       pc6 = -1.55653
       pc7 = -1.05208
       pc8 = -0.0568049
       pc9 = -0.797311
      pc10 = -0.544485
      pc11 = -0.292596
      pc12 = -0.371075
      pc13 = -0.465806
      pc14 = -0.396527
Constrained:
     Tecnw = 45230.1
       Tnw = 170.489
       Tec = 305.65
     twoNb = 2.93741e+06
     twoNe = 136345
     twoNc = 272750
     twoNw = 902129
    twoNec = 81826.5
    twoNnw = 147892
  twoNecnw = 22824.5
  twoNbecnw = 56275.9
        m4 = 0.0285546
        m5 = 0.35357
        m6 = 0.297281
        Td = 152.825
        Te = 76.4126
        Tf = 38.2063
#       SitePat  BranchLen
              b 123352.1560194
              e 46165.8180826
              c 48130.0486203
              n 45357.0584899
              w 45353.0560008
            b:e 1299.2387441
            b:c 1686.1032543
            b:n 1214.2342556
            b:w 1214.0846105
            e:c 12056.4447338
            e:n 4742.2227743
            e:w 4743.6686899
            c:n 4302.2429631
            c:w 4304.0836702
            n:w 12568.0800198
          b:e:c 1417.7429823
          b:e:n 645.2569730
          b:e:w 645.2444386
          b:c:n 646.1861170
          b:c:w 646.1985820
          b:n:w 1416.3677430
          e:c:n 4355.4011320
          e:c:w 4356.1169982
          e:n:w 6226.8915891
          c:n:w 5094.6670318
        b:e:c:n 1215.0262194
        b:e:c:w 1215.1759340
        b:e:n:w 1641.8029304
        b:c:n:w 1300.6139833
        e:c:n:w 48829.3805653
