########################################
# legofit: estimate population history #
#       version 2.3.4-4-g53f8760       #
########################################

# Program was compiled: Sep 21 2021 14:36:42
# Program was run: Sun Oct 10 23:01:13 2021

# cmd: legofit -1 -d 0 -t 32 --ptsPerDim 3 --stateOut b1boot9.state --tol 3e-6 -S 5000 def2.lgo ../../chrX/boot_chrX/boot9.opf
# Stage nOptItr nSimReps
#     0    5000        0
# algorithm          : deterministic
# ignoring probs <=  : 0
# Branch length floor: 0
# DE strategy        : 2
#    F               : 0.3
#    CR              : 0.8
#    tolerance       : 3e-06
# nthreads           : 32
# lgo input file     : def2.lgo
# site pat input file: ../../chrX/boot_chrX/boot9.opf
# free parameters    : 14
# points in DE swarm : 42
# output state file  : b1boot9.state
# Including singleton site patterns.
# cost function      : KL
Initial parameter values
Fixed:
      zero = 0
       one = 1
    Tbecnw = 75200
Free:
       pc1 = 0
       pc2 = 0
       pc3 = 0
       pc4 = 0
       pc5 = 0
       pc6 = 0
       pc7 = 0
       pc8 = 0
       pc9 = 0
      pc10 = 0
      pc11 = 0
      pc12 = 0
      pc13 = 0
      pc14 = 0
Constrained:
     Tecnw = 44684.1
       Tnw = 397.772
       Tec = 214.043
     twoNb = 1.3448e+06
     twoNe = 150538
     twoNc = 155738
     twoNw = 878314
    twoNec = 87517.8
    twoNnw = 141901
  twoNecnw = 23262.4
  twoNbecnw = 55671
        m4 = 0.0181878
        m5 = 0.3468
        m6 = 0.281835
        Td = 107.022
        Te = 53.5108
        Tf = 26.7554
DiffEv reached_goal. cost=2.60872e-03 spread=1.30135e-06
Fitted parameter values
Free:
       pc1 = -3.54375
       pc2 = -1.96112
       pc3 = -1.11414
       pc4 = -0.261308
       pc5 = 1.89617
       pc6 = -0.11113
       pc7 = -0.839767
       pc8 = -0.096712
       pc9 = -1.66114
      pc10 = -0.949063
      pc11 = -0.0423642
      pc12 = -0.302695
      pc13 = 0.218895
      pc14 = 0.134419
Constrained:
     Tecnw = 45126.3
       Tnw = 216.031
       Tec = 528.147
     twoNb = 2.82861e+06
     twoNe = 233415
     twoNc = 152387
     twoNw = 1.29476e+06
    twoNec = 80658.3
    twoNnw = 145064
  twoNecnw = 22593.1
  twoNbecnw = 55534
        m4 = 0.0264257
        m5 = 0.341589
        m6 = 0.297711
        Td = 264.074
        Te = 132.037
        Tf = 66.0184
#       SitePat  BranchLen
              b 122885.8837555
              e 45961.4464933
              c 47621.9186709
              n 45064.8095137
              w 45062.0165655
            b:e 1263.0977729
            b:c 1608.3442784
            b:n 1174.6268467
            b:w 1174.5252257
            e:c 12122.0462671
            e:n 4609.6935852
            e:w 4610.4835168
            c:n 4251.7777740
            c:w 4253.2846113
            n:w 12600.6176128
          b:e:c 1388.3553845
          b:e:n 618.7432552
          b:e:w 618.7211096
          b:c:n 619.5916602
          b:c:w 619.6137671
          b:n:w 1387.0689057
          e:c:n 4288.0681242
          e:c:w 4288.5643034
          e:n:w 6055.8977583
          c:n:w 5065.3356802
        b:e:c:n 1175.3957376
        b:e:c:w 1175.4973973
        b:e:n:w 1566.1672024
        b:c:n:w 1264.3842517
        e:c:n:w 48797.8386425
