########################################
# legofit: estimate population history #
#       version 2.3.4-4-g53f8760       #
########################################

# Program was compiled: Sep 21 2021 14:36:42
# Program was run: Sun Oct 10 23:01:13 2021

# cmd: legofit -1 -d 0 -t 32 --ptsPerDim 3 --stateOut b1boot8.state --tol 3e-6 -S 5000 def2.lgo ../../chrX/boot_chrX/boot8.opf
# Stage nOptItr nSimReps
#     0    5000        0
# algorithm          : deterministic
# ignoring probs <=  : 0
# Branch length floor: 0
# DE strategy        : 2
#    F               : 0.3
#    CR              : 0.8
#    tolerance       : 3e-06
# nthreads           : 32
# lgo input file     : def2.lgo
# site pat input file: ../../chrX/boot_chrX/boot8.opf
# free parameters    : 14
# points in DE swarm : 42
# output state file  : b1boot8.state
# Including singleton site patterns.
# cost function      : KL
Initial parameter values
Fixed:
      zero = 0
       one = 1
    Tbecnw = 75200
Free:
       pc1 = 0
       pc2 = 0
       pc3 = 0
       pc4 = 0
       pc5 = 0
       pc6 = 0
       pc7 = 0
       pc8 = 0
       pc9 = 0
      pc10 = 0
      pc11 = 0
      pc12 = 0
      pc13 = 0
      pc14 = 0
Constrained:
     Tecnw = 44684.1
       Tnw = 397.772
       Tec = 214.043
     twoNb = 1.3448e+06
     twoNe = 150538
     twoNc = 155738
     twoNw = 878314
    twoNec = 87517.8
    twoNnw = 141901
  twoNecnw = 23262.4
  twoNbecnw = 55671
        m4 = 0.0181878
        m5 = 0.3468
        m6 = 0.281835
        Td = 107.022
        Te = 53.5108
        Tf = 26.7554
DiffEv reached_goal. cost=2.56974e-03 spread=2.55377e-06
Fitted parameter values
Free:
       pc1 = -3.7896
       pc2 = -1.77781
       pc3 = 1.02713
       pc4 = 0.332206
       pc5 = 1.9818
       pc6 = -1.54523
       pc7 = -1.99993
       pc8 = -1.63619
       pc9 = -0.0244996
      pc10 = -1.05271
      pc11 = -0.048303
      pc12 = -0.721752
      pc13 = -0.943963
      pc14 = -0.160762
Constrained:
     Tecnw = 45368.9
       Tnw = 22.2543
       Tec = 86.0306
     twoNb = 2.86299e+06
     twoNe = 224018
     twoNc = 271085
     twoNw = 738130
    twoNec = 83987.1
    twoNnw = 146225
  twoNecnw = 22905.5
  twoNbecnw = 57734.6
        m4 = 0.0328792
        m5 = 0.340046
        m6 = 0.298908
        Td = 43.0153
        Te = 21.5077
        Tf = 10.7538
#       SitePat  BranchLen
              b 124471.5784825
              e 46565.2678028
              c 48397.5313760
              n 45420.9488647
              w 45420.6998422
            b:e 1361.4669155
            b:c 1786.2408028
            b:n 1251.6635731
            b:w 1251.6539781
            e:c 12192.1246533
            e:n 4734.0916794
            e:w 4734.0663967
            c:n 4364.5151165
            c:w 4364.7438821
            n:w 12858.5589119
          b:e:c 1477.9557036
          b:e:n 665.8646263
          b:e:w 665.8563504
          b:c:n 667.0022775
          b:c:w 667.0105526
          b:n:w 1476.2598526
          e:c:n 4397.3061962
          e:c:w 4397.3517358
          e:n:w 6395.1763083
          c:n:w 5244.7876955
        b:e:c:n 1252.7999044
        b:e:c:w 1252.8095002
        b:e:n:w 1733.2043900
        b:c:n:w 1363.1627665
        e:c:n:w 49519.1875131
