########################################
# legofit: estimate population history #
#       version 2.3.4-4-g53f8760       #
########################################

# Program was compiled: Sep 21 2021 14:36:42
# Program was run: Sun Oct 10 23:01:44 2021

# cmd: legofit -1 -d 0 -t 32 --ptsPerDim 3 --stateOut b1boot46.state --tol 3e-6 -S 5000 def2.lgo ../../chrX/boot_chrX/boot46.opf
# Stage nOptItr nSimReps
#     0    5000        0
# algorithm          : deterministic
# ignoring probs <=  : 0
# Branch length floor: 0
# DE strategy        : 2
#    F               : 0.3
#    CR              : 0.8
#    tolerance       : 3e-06
# nthreads           : 32
# lgo input file     : def2.lgo
# site pat input file: ../../chrX/boot_chrX/boot46.opf
# free parameters    : 14
# points in DE swarm : 42
# output state file  : b1boot46.state
# Including singleton site patterns.
# cost function      : KL
Initial parameter values
Fixed:
      zero = 0
       one = 1
    Tbecnw = 75200
Free:
       pc1 = 0
       pc2 = 0
       pc3 = 0
       pc4 = 0
       pc5 = 0
       pc6 = 0
       pc7 = 0
       pc8 = 0
       pc9 = 0
      pc10 = 0
      pc11 = 0
      pc12 = 0
      pc13 = 0
      pc14 = 0
Constrained:
     Tecnw = 44684.1
       Tnw = 397.772
       Tec = 214.043
     twoNb = 1.3448e+06
     twoNe = 150538
     twoNc = 155738
     twoNw = 878314
    twoNec = 87517.8
    twoNnw = 141901
  twoNecnw = 23262.4
  twoNbecnw = 55671
        m4 = 0.0181878
        m5 = 0.3468
        m6 = 0.281835
        Td = 107.022
        Te = 53.5108
        Tf = 26.7554
DiffEv reached_goal. cost=2.54842e-03 spread=2.88435e-06
Fitted parameter values
Free:
       pc1 = -3.70333
       pc2 = -1.96069
       pc3 = -0.923732
       pc4 = -0.801095
       pc5 = 1.896
       pc6 = -0.783119
       pc7 = -0.587063
       pc8 = -0.0345567
       pc9 = -0.592307
      pc10 = -0.96295
      pc11 = 0.195152
      pc12 = 0.0270694
      pc13 = 0.272688
      pc14 = -0.0479366
Constrained:
     Tecnw = 45132
       Tnw = 291.194
       Tec = 525.197
     twoNb = 2.55952e+06
     twoNe = 197457
     twoNc = 206157
     twoNw = 1.21767e+06
    twoNec = 81261.9
    twoNnw = 146995
  twoNecnw = 22805.6
  twoNbecnw = 55622
        m4 = 0.0283658
        m5 = 0.347403
        m6 = 0.304325
        Td = 262.599
        Te = 131.299
        Tf = 65.6496
#       SitePat  BranchLen
              b 122835.1204398
              e 46190.9868960
              c 47874.0814325
              n 45244.0931240
              w 45239.0422749
            b:e 1285.6938080
            b:c 1651.3474498
            b:n 1193.1591956
            b:w 1192.9728074
            e:c 11979.6762453
            e:n 4677.1680018
            e:w 4678.9280708
            c:n 4318.9332944
            c:w 4321.3224158
            n:w 12502.0184725
          b:e:c 1393.5141508
          b:e:n 634.0826145
          b:e:w 634.0629166
          b:c:n 635.1038888
          b:c:w 635.1234917
          b:n:w 1391.9886697
          e:c:n 4322.9347087
          e:c:w 4323.8363675
          e:n:w 6128.7447475
          c:n:w 5108.3826887
        b:e:c:n 1194.0136846
        b:e:c:w 1194.2001677
        b:e:n:w 1601.8468955
        b:c:n:w 1287.2192891
        e:c:n:w 48519.7601942
