########################################
# legofit: estimate population history #
#       version 2.3.4-4-g53f8760       #
########################################

# Program was compiled: Sep 21 2021 14:36:42
# Program was run: Sun Oct 10 23:01:18 2021

# cmd: legofit -1 -d 0 -t 32 --ptsPerDim 3 --stateOut b1boot16.state --tol 3e-6 -S 5000 def2.lgo ../../chrX/boot_chrX/boot16.opf
# Stage nOptItr nSimReps
#     0    5000        0
# algorithm          : deterministic
# ignoring probs <=  : 0
# Branch length floor: 0
# DE strategy        : 2
#    F               : 0.3
#    CR              : 0.8
#    tolerance       : 3e-06
# nthreads           : 32
# lgo input file     : def2.lgo
# site pat input file: ../../chrX/boot_chrX/boot16.opf
# free parameters    : 14
# points in DE swarm : 42
# output state file  : b1boot16.state
# Including singleton site patterns.
# cost function      : KL
Initial parameter values
Fixed:
      zero = 0
       one = 1
    Tbecnw = 75200
Free:
       pc1 = 0
       pc2 = 0
       pc3 = 0
       pc4 = 0
       pc5 = 0
       pc6 = 0
       pc7 = 0
       pc8 = 0
       pc9 = 0
      pc10 = 0
      pc11 = 0
      pc12 = 0
      pc13 = 0
      pc14 = 0
Constrained:
     Tecnw = 44684.1
       Tnw = 397.772
       Tec = 214.043
     twoNb = 1.3448e+06
     twoNe = 150538
     twoNc = 155738
     twoNw = 878314
    twoNec = 87517.8
    twoNnw = 141901
  twoNecnw = 23262.4
  twoNbecnw = 55671
        m4 = 0.0181878
        m5 = 0.3468
        m6 = 0.281835
        Td = 107.022
        Te = 53.5108
        Tf = 26.7554
DiffEv reached_goal. cost=2.64468e-03 spread=2.68041e-06
Fitted parameter values
Free:
       pc1 = -3.95719
       pc2 = -1.95216
       pc3 = 0.255643
       pc4 = 1.52304
       pc5 = 1.98591
       pc6 = -0.240057
       pc7 = -1.44846
       pc8 = -0.472129
       pc9 = -1.03825
      pc10 = -0.131239
      pc11 = -0.194433
      pc12 = -0.0976818
      pc13 = -0.340031
      pc14 = -0.729743
Constrained:
     Tecnw = 45560.8
       Tnw = 67.3974
       Tec = 209.097
     twoNb = 2.91564e+06
     twoNe = 175753
     twoNc = 74611.8
     twoNw = 802509
    twoNec = 84171.6
    twoNnw = 143572
  twoNecnw = 22419
  twoNbecnw = 56027.4
        m4 = 0.0321414
        m5 = 0.338038
        m6 = 0.296464
        Td = 104.548
        Te = 52.2742
        Tf = 26.1371
#       SitePat  BranchLen
              b 123188.4146827
              e 46391.9242909
              c 48203.6368945
              n 45132.1328499
              w 45131.0639528
            b:e 1296.0281726
            b:c 1704.0671005
            b:n 1183.5126749
            b:w 1183.4734919
            e:c 12058.6288890
            e:n 4637.1366524
            e:w 4637.3178366
            c:n 4268.0462290
            c:w 4268.7442013
            n:w 12808.9115813
          b:e:c 1412.3013549
          b:e:n 628.7829571
          b:e:w 628.7668631
          b:c:n 629.8094819
          b:c:w 629.8255626
          b:n:w 1410.7441274
          e:c:n 4250.6945035
          e:c:w 4250.8842440
          e:n:w 6257.6093943
          c:n:w 5129.6646004
        b:e:c:n 1184.5160974
        b:e:c:w 1184.5552937
        b:e:n:w 1653.8133032
        b:c:n:w 1297.5854001
        e:c:n:w 48743.2367114
