########################################
# legofit: estimate population history #
#       version 2.3.4-4-g53f8760       #
########################################

# Program was compiled: Sep 21 2021 14:36:42
# Program was run: Sun Oct 10 23:01:48 2021

# cmd: legofit -1 -d 0 -t 32 --ptsPerDim 3 --stateOut b1boot49.state --tol 3e-6 -S 5000 def2.lgo ../../chrX/boot_chrX/boot49.opf
# Stage nOptItr nSimReps
#     0    5000        0
# algorithm          : deterministic
# ignoring probs <=  : 0
# Branch length floor: 0
# DE strategy        : 2
#    F               : 0.3
#    CR              : 0.8
#    tolerance       : 3e-06
# nthreads           : 32
# lgo input file     : def2.lgo
# site pat input file: ../../chrX/boot_chrX/boot49.opf
# free parameters    : 14
# points in DE swarm : 42
# output state file  : b1boot49.state
# Including singleton site patterns.
# cost function      : KL
Initial parameter values
Fixed:
      zero = 0
       one = 1
    Tbecnw = 75200
Free:
       pc1 = 0
       pc2 = 0
       pc3 = 0
       pc4 = 0
       pc5 = 0
       pc6 = 0
       pc7 = 0
       pc8 = 0
       pc9 = 0
      pc10 = 0
      pc11 = 0
      pc12 = 0
      pc13 = 0
      pc14 = 0
Constrained:
     Tecnw = 44684.1
       Tnw = 397.772
       Tec = 214.043
     twoNb = 1.3448e+06
     twoNe = 150538
     twoNc = 155738
     twoNw = 878314
    twoNec = 87517.8
    twoNnw = 141901
  twoNecnw = 23262.4
  twoNbecnw = 55671
        m4 = 0.0181878
        m5 = 0.3468
        m6 = 0.281835
        Td = 107.022
        Te = 53.5108
        Tf = 26.7554
DiffEv reached_goal. cost=2.60093e-03 spread=2.22081e-06
Fitted parameter values
Free:
       pc1 = -3.74797
       pc2 = -1.98333
       pc3 = 0.880647
       pc4 = -1.17489
       pc5 = 1.53035
       pc6 = -1.38182
       pc7 = -1.81626
       pc8 = 0.353517
       pc9 = 0.526237
      pc10 = -1.21495
      pc11 = -0.0224244
      pc12 = 0.193453
      pc13 = -0.0476587
      pc14 = -0.293903
Constrained:
     Tecnw = 45048
       Tnw = 265.769
       Tec = 463.888
     twoNb = 2.7062e+06
     twoNe = 122506
     twoNc = 181455
     twoNw = 862169
    twoNec = 84166.5
    twoNnw = 151010
  twoNecnw = 23059.1
  twoNbecnw = 57033.3
        m4 = 0.02909
        m5 = 0.354281
        m6 = 0.304759
        Td = 231.944
        Te = 115.972
        Tf = 57.9861
#       SitePat  BranchLen
              b 123924.1238413
              e 46530.3688613
              c 48358.6886980
              n 45562.7667872
              w 45556.0226769
            b:e 1337.0794904
            b:c 1723.6633804
            b:n 1242.4337312
            b:w 1242.1758090
            e:c 11808.5948512
            e:n 4791.8981742
            e:w 4794.3089467
            c:n 4394.7189691
            c:w 4397.8330650
            n:w 12412.9216433
          b:e:c 1426.0477398
          b:e:n 667.8478957
          b:e:w 667.8251082
          b:c:n 668.8812583
          b:c:w 668.9039158
          b:n:w 1424.5208972
          e:c:n 4419.1082947
          e:c:w 4420.3275367
          e:n:w 6270.1813528
          c:n:w 5183.1927963
        b:e:c:n 1243.2318291
        b:e:c:w 1243.4898813
        b:e:n:w 1674.9785865
        b:c:n:w 1338.6063330
        e:c:n:w 49198.5211487
