########################################
# legofit: estimate population history #
#       version 2.3.4-4-g53f8760       #
########################################

# Program was compiled: Sep 21 2021 14:36:42
# Program was run: Sun Oct 10 23:01:23 2021

# cmd: legofit -1 -d 0 -t 32 --ptsPerDim 3 --stateOut b1boot20.state --tol 3e-6 -S 5000 def2.lgo ../../chrX/boot_chrX/boot20.opf
# Stage nOptItr nSimReps
#     0    5000        0
# algorithm          : deterministic
# ignoring probs <=  : 0
# Branch length floor: 0
# DE strategy        : 2
#    F               : 0.3
#    CR              : 0.8
#    tolerance       : 3e-06
# nthreads           : 32
# lgo input file     : def2.lgo
# site pat input file: ../../chrX/boot_chrX/boot20.opf
# free parameters    : 14
# points in DE swarm : 42
# output state file  : b1boot20.state
# Including singleton site patterns.
# cost function      : KL
Initial parameter values
Fixed:
      zero = 0
       one = 1
    Tbecnw = 75200
Free:
       pc1 = 0
       pc2 = 0
       pc3 = 0
       pc4 = 0
       pc5 = 0
       pc6 = 0
       pc7 = 0
       pc8 = 0
       pc9 = 0
      pc10 = 0
      pc11 = 0
      pc12 = 0
      pc13 = 0
      pc14 = 0
Constrained:
     Tecnw = 44684.1
       Tnw = 397.772
       Tec = 214.043
     twoNb = 1.3448e+06
     twoNe = 150538
     twoNc = 155738
     twoNw = 878314
    twoNec = 87517.8
    twoNnw = 141901
  twoNecnw = 23262.4
  twoNbecnw = 55671
        m4 = 0.0181878
        m5 = 0.3468
        m6 = 0.281835
        Td = 107.022
        Te = 53.5108
        Tf = 26.7554
DiffEv reached_goal. cost=2.65281e-03 spread=2.82493e-06
Fitted parameter values
Free:
       pc1 = -3.66293
       pc2 = -1.97389
       pc3 = -1.49078
       pc4 = 0.807721
       pc5 = 1.97941
       pc6 = -1.90562
       pc7 = -1.35854
       pc8 = -0.465778
       pc9 = -0.710613
      pc10 = -0.443479
      pc11 = 0.45967
      pc12 = 0.47949
      pc13 = -0.1928
      pc14 = -0.00662707
Constrained:
     Tecnw = 45001.3
       Tnw = 278.756
       Tec = 655.467
     twoNb = 2.73966e+06
     twoNe = 90173.4
     twoNc = 237909
     twoNw = 1.03163e+06
    twoNec = 82523.5
    twoNnw = 142214
  twoNecnw = 22814.3
  twoNbecnw = 55791.9
        m4 = 0.0328908
        m5 = 0.336236
        m6 = 0.307797
        Td = 327.733
        Te = 163.867
        Tf = 81.9333
#       SitePat  BranchLen
              b 122991.3503053
              e 46293.9108287
              c 47848.1729603
              n 44857.6165333
              w 44852.8936745
            b:e 1299.3727292
            b:c 1692.8334946
            b:n 1177.2135543
            b:w 1177.0398220
            e:c 11889.1236914
            e:n 4630.1287143
            e:w 4631.4503351
            c:n 4341.5227802
            c:w 4344.0782766
            n:w 12684.7984243
          b:e:c 1394.1723730
          b:e:n 628.8833276
          b:e:w 628.8448402
          b:c:n 629.9540401
          b:c:w 629.9924445
          b:n:w 1392.5191339
          e:c:n 4275.6999485
          e:c:w 4276.5456901
          e:n:w 6242.7029497
          c:n:w 5207.0928075
        b:e:c:n 1178.1489388
        b:e:c:w 1178.3227543
        b:e:n:w 1639.3790473
        b:c:n:w 1301.0259682
        e:c:n:w 48752.3666053
