########################################
# legofit: estimate population history #
#       version 2.3.4-4-g53f8760       #
########################################

# Program was compiled: Sep 21 2021 14:36:42
# Program was run: Sun Oct 10 23:01:23 2021

# cmd: legofit -1 -d 0 -t 32 --ptsPerDim 3 --stateOut b1boot18.state --tol 3e-6 -S 5000 def2.lgo ../../chrX/boot_chrX/boot18.opf
# Stage nOptItr nSimReps
#     0    5000        0
# algorithm          : deterministic
# ignoring probs <=  : 0
# Branch length floor: 0
# DE strategy        : 2
#    F               : 0.3
#    CR              : 0.8
#    tolerance       : 3e-06
# nthreads           : 32
# lgo input file     : def2.lgo
# site pat input file: ../../chrX/boot_chrX/boot18.opf
# free parameters    : 14
# points in DE swarm : 42
# output state file  : b1boot18.state
# Including singleton site patterns.
# cost function      : KL
Initial parameter values
Fixed:
      zero = 0
       one = 1
    Tbecnw = 75200
Free:
       pc1 = 0
       pc2 = 0
       pc3 = 0
       pc4 = 0
       pc5 = 0
       pc6 = 0
       pc7 = 0
       pc8 = 0
       pc9 = 0
      pc10 = 0
      pc11 = 0
      pc12 = 0
      pc13 = 0
      pc14 = 0
Constrained:
     Tecnw = 44684.1
       Tnw = 397.772
       Tec = 214.043
     twoNb = 1.3448e+06
     twoNe = 150538
     twoNc = 155738
     twoNw = 878314
    twoNec = 87517.8
    twoNnw = 141901
  twoNecnw = 23262.4
  twoNbecnw = 55671
        m4 = 0.0181878
        m5 = 0.3468
        m6 = 0.281835
        Td = 107.022
        Te = 53.5108
        Tf = 26.7554
DiffEv reached_goal. cost=2.72633e-03 spread=2.92531e-06
Fitted parameter values
Free:
       pc1 = -3.89099
       pc2 = -1.99799
       pc3 = 1.3456
       pc4 = -1.25344
       pc5 = 1.96455
       pc6 = -1.00592
       pc7 = -0.861325
       pc8 = -0.641405
       pc9 = 0.536798
      pc10 = -0.384237
      pc11 = -0.400549
      pc12 = 0.440717
      pc13 = -0.396308
      pc14 = 0.0717816
Constrained:
     Tecnw = 44946.8
       Tnw = 67.2506
       Tec = 73.2164
     twoNb = 2.55728e+06
     twoNe = 220719
     twoNc = 255643
     twoNw = 794424
    twoNec = 85097.3
    twoNnw = 149690
  twoNecnw = 22700.9
  twoNbecnw = 56656.7
        m4 = 0.0298179
        m5 = 0.358808
        m6 = 0.305606
        Td = 36.6082
        Te = 18.3041
        Tf = 9.15205
#       SitePat  BranchLen
              b 123795.7382230
              e 46199.5687703
              c 48123.8486817
              n 45137.8665913
              w 45135.6588072
            b:e 1296.3443038
            b:c 1697.0806418
            b:n 1197.4341050
            b:w 1197.3520871
            e:c 11637.8720855
            e:n 4778.0105068
            e:w 4778.9092787
            c:n 4356.8810562
            c:w 4357.7941405
            n:w 12332.7227723
          b:e:c 1376.5152850
          b:e:n 646.9993208
          b:e:w 646.9988485
          b:c:n 648.1056425
          b:c:w 648.1060658
          b:n:w 1374.9123367
          e:c:n 4336.7780601
          e:c:w 4337.1739879
          e:n:w 6264.7153972
          c:n:w 5126.0537026
        b:e:c:n 1198.4588321
        b:e:c:w 1198.5408990
        b:e:n:w 1644.2707573
        b:c:n:w 1297.9472521
        e:c:n:w 49523.6482676
