########################################
# legofit: estimate population history #
#       version 2.3.4-4-g53f8760       #
########################################

# Program was compiled: Sep 21 2021 14:36:42
# Program was run: Sun Oct 10 23:01:34 2021

# cmd: legofit -1 -d 0 -t 32 --ptsPerDim 3 --stateOut b1boot32.state --tol 3e-6 -S 5000 def2.lgo ../../chrX/boot_chrX/boot32.opf
# Stage nOptItr nSimReps
#     0    5000        0
# algorithm          : deterministic
# ignoring probs <=  : 0
# Branch length floor: 0
# DE strategy        : 2
#    F               : 0.3
#    CR              : 0.8
#    tolerance       : 3e-06
# nthreads           : 32
# lgo input file     : def2.lgo
# site pat input file: ../../chrX/boot_chrX/boot32.opf
# free parameters    : 14
# points in DE swarm : 42
# output state file  : b1boot32.state
# Including singleton site patterns.
# cost function      : KL
Initial parameter values
Fixed:
      zero = 0
       one = 1
    Tbecnw = 75200
Free:
       pc1 = 0
       pc2 = 0
       pc3 = 0
       pc4 = 0
       pc5 = 0
       pc6 = 0
       pc7 = 0
       pc8 = 0
       pc9 = 0
      pc10 = 0
      pc11 = 0
      pc12 = 0
      pc13 = 0
      pc14 = 0
Constrained:
     Tecnw = 44684.1
       Tnw = 397.772
       Tec = 214.043
     twoNb = 1.3448e+06
     twoNe = 150538
     twoNc = 155738
     twoNw = 878314
    twoNec = 87517.8
    twoNnw = 141901
  twoNecnw = 23262.4
  twoNbecnw = 55671
        m4 = 0.0181878
        m5 = 0.3468
        m6 = 0.281835
        Td = 107.022
        Te = 53.5108
        Tf = 26.7554
DiffEv reached_goal. cost=2.43769e-03 spread=2.75519e-06
Fitted parameter values
Free:
       pc1 = -3.85188
       pc2 = -1.96969
       pc3 = -1.11189
       pc4 = 0.655831
       pc5 = 1.96303
       pc6 = 0.350065
       pc7 = -1.7417
       pc8 = -0.784942
       pc9 = -0.69
      pc10 = -0.516299
      pc11 = -0.606903
      pc12 = -0.573097
      pc13 = 0.225538
      pc14 = -0.337173
Constrained:
     Tecnw = 45126.5
       Tnw = 507.201
       Tec = 289.616
     twoNb = 2.83002e+06
     twoNe = 301826
     twoNc = 78845.5
     twoNw = 1.05071e+06
    twoNec = 82003.1
    twoNnw = 144605
  twoNecnw = 22463.7
  twoNbecnw = 56044.2
        m4 = 0.0308414
        m5 = 0.334928
        m6 = 0.298075
        Td = 144.808
        Te = 72.4039
        Tf = 36.202
#       SitePat  BranchLen
              b 123324.5411003
              e 46109.4257991
              c 47773.3687329
              n 45177.7378278
              w 45164.3205606
            b:e 1271.1594560
            b:c 1658.9906695
            b:n 1177.0841111
            b:w 1176.5947275
            e:c 12098.3144105
            e:n 4569.9090572
            e:w 4575.5787655
            c:n 4240.2524026
            c:w 4245.6357135
            n:w 12571.6282273
          b:e:c 1392.0933949
          b:e:n 620.8313630
          b:e:w 620.8401819
          b:c:n 621.8594486
          b:c:w 621.8503473
          b:n:w 1390.5844176
          e:c:n 4280.1020032
          e:c:w 4282.4662512
          e:n:w 6133.6209797
          c:n:w 5076.1667686
        b:e:c:n 1177.6137118
        b:e:c:w 1178.1033778
        b:e:n:w 1609.4269137
        b:c:n:w 1272.6684333
        e:c:n:w 49194.7559888
