########################################
# legofit: estimate population history #
#       version 2.3.4-4-g53f8760       #
########################################

# Program was compiled: Sep 21 2021 14:36:42
# Program was run: Sun Oct 10 23:01:18 2021

# cmd: legofit -1 -d 0 -t 32 --ptsPerDim 3 --stateOut b1boot14.state --tol 3e-6 -S 5000 def2.lgo ../../chrX/boot_chrX/boot14.opf
# Stage nOptItr nSimReps
#     0    5000        0
# algorithm          : deterministic
# ignoring probs <=  : 0
# Branch length floor: 0
# DE strategy        : 2
#    F               : 0.3
#    CR              : 0.8
#    tolerance       : 3e-06
# nthreads           : 32
# lgo input file     : def2.lgo
# site pat input file: ../../chrX/boot_chrX/boot14.opf
# free parameters    : 14
# points in DE swarm : 42
# output state file  : b1boot14.state
# Including singleton site patterns.
# cost function      : KL
Initial parameter values
Fixed:
      zero = 0
       one = 1
    Tbecnw = 75200
Free:
       pc1 = 0
       pc2 = 0
       pc3 = 0
       pc4 = 0
       pc5 = 0
       pc6 = 0
       pc7 = 0
       pc8 = 0
       pc9 = 0
      pc10 = 0
      pc11 = 0
      pc12 = 0
      pc13 = 0
      pc14 = 0
Constrained:
     Tecnw = 44684.1
       Tnw = 397.772
       Tec = 214.043
     twoNb = 1.3448e+06
     twoNe = 150538
     twoNc = 155738
     twoNw = 878314
    twoNec = 87517.8
    twoNnw = 141901
  twoNecnw = 23262.4
  twoNbecnw = 55671
        m4 = 0.0181878
        m5 = 0.3468
        m6 = 0.281835
        Td = 107.022
        Te = 53.5108
        Tf = 26.7554
DiffEv reached_goal. cost=2.44027e-03 spread=2.67264e-06
Fitted parameter values
Free:
       pc1 = -3.67111
       pc2 = -1.96699
       pc3 = -1.88871
       pc4 = 0.401831
       pc5 = 1.94404
       pc6 = -1.1085
       pc7 = -1.48637
       pc8 = 0.188601
       pc9 = -1.04859
      pc10 = 0.30395
      pc11 = 0.470323
      pc12 = -0.0720048
      pc13 = 0.566135
      pc14 = 0.335915
Constrained:
     Tecnw = 44931.1
       Tnw = 511.303
       Tec = 556.207
     twoNb = 2.91664e+06
     twoNe = 125786
     twoNc = 156127
     twoNw = 1.05357e+06
    twoNec = 80686.2
    twoNnw = 142034
  twoNecnw = 22745.7
  twoNbecnw = 55199.3
        m4 = 0.0277946
        m5 = 0.337183
        m6 = 0.310274
        Td = 278.104
        Te = 139.052
        Tf = 69.5259
#       SitePat  BranchLen
              b 122597.7829840
              e 46039.5133066
              c 47400.2322211
              n 44841.0339178
              w 44828.8302283
            b:e 1271.0873890
            b:c 1601.0415603
            b:n 1161.6356455
            b:w 1161.1926018
            e:c 11984.4564698
            e:n 4579.5264569
            e:w 4584.2223403
            c:n 4320.5578587
            c:w 4325.8905638
            n:w 12560.0131243
          b:e:c 1372.6503979
          b:e:n 616.0982990
          b:e:w 616.0787027
          b:c:n 616.9434114
          b:c:w 616.9628017
          b:n:w 1371.3650669
          e:c:n 4268.6168392
          e:c:w 4270.7919402
          e:n:w 6045.9251787
          c:n:w 5157.3791562
        b:e:c:n 1162.0571045
        b:e:c:w 1162.5003542
        b:e:n:w 1558.9286199
        b:c:n:w 1272.3727201
        e:c:n:w 48626.2442597
