########################################
# legofit: estimate population history #
#            version 2.3.3             #
########################################

# Program was compiled: Sep 12 2021 17:54:39
# Program was run: Tue Sep 21 07:47:24 2021

# cmd: legofit -1 -d 0 -t 32 --ptsPerDim 3 --stateOut b1.state --tol 3e-6 -S 5000 abc2.lgo ../../chrX/pan_chrX.opf
# Stage nOptItr nSimReps
#     0    5000        0
# algorithm          : deterministic
# ignoring probs <=  : 0
# Branch length floor: 0
# DE strategy        : 2
#    F               : 0.3
#    CR              : 0.8
#    tolerance       : 3e-06
# nthreads           : 32
# lgo input file     : abc2.lgo
# site pat input file: ../../chrX/pan_chrX.opf
# free parameters    : 15
# points in DE swarm : 45
# output state file  : b1.state
# Including singleton site patterns.
# cost function      : KL
Initial parameter values
Fixed:
      zero = 0
       one = 1
    Tbecnw = 75200
Free:
       pc1 = 0
       pc2 = 0
       pc3 = 0
       pc4 = 0
       pc5 = 0
       pc6 = 0
       pc7 = 0
       pc8 = 0
       pc9 = 0
      pc10 = 0
      pc11 = 0
      pc12 = 0
      pc13 = 0
      pc14 = 0
      pc15 = 0
Constrained:
   Tgbecnw = 171150
     Tecnw = 26837.9
       Tnw = 21329
       Tec = 11321.4
     twoNb = 727758
     twoNe = 15704.1
     twoNn = 126268
    twoNec = 83198.3
    twoNnw = 16779.3
  twoNecnw = 61187.2
  twoNbecnw = 18921.1
  twoNgbecnw = 345226
         m = 0.074923
        m2 = 0.0262565
        m3 = 0.234512
        Tb = 19079.7
        Ta = 47139.8
        Tc = 10664.5
DiffEv reached_goal. cost=1.99390e-03 spread=1.78275e-06
Fitted parameter values
Free:
       pc1 = 0.111294
       pc2 = -1.78114
       pc3 = -0.209402
       pc4 = 0.427308
       pc5 = -1.76826
       pc6 = 1.75052
       pc7 = -0.583508
       pc8 = -0.493731
       pc9 = -0.233347
      pc10 = -0.548923
      pc11 = -0.28751
      pc12 = -0.0785814
      pc13 = 0.0555983
      pc14 = 0.0942255
      pc15 = -0.0419155
Constrained:
   Tgbecnw = 136606
     Tecnw = 26382.5
       Tnw = 21949.9
       Tec = 11316
     twoNb = 1.35811e+06
     twoNe = 10676.9
     twoNn = 38041.6
    twoNec = 81407.5
    twoNnw = 12906.9
  twoNecnw = 61129.1
  twoNbecnw = 16806.1
  twoNgbecnw = 333603
         m = 0.0791589
        m2 = 0.0263474
        m3 = 0.245663
        Tb = 18849.2
        Ta = 47024.6
        Tc = 10975
#       SitePat  BranchLen
              b 122229.6382710
              e 46626.5727858
              c 46939.5692595
              n 43174.6134098
              w 46015.3173282
            b:e 1343.4684526
            b:c 1358.2444954
            b:n 983.5793835
            b:w 1116.0060790
            e:c 11699.5451636
            e:n 5045.2420576
            e:w 3904.8080869
            c:n 4732.2455839
            c:w 3976.4125260
            n:w 12577.6552261
          b:e:c 1286.4198445
          b:e:n 569.7546280
          b:e:w 567.3528586
          b:c:n 554.9785852
          b:c:w 586.5550159
          b:n:w 1326.4994377
          e:c:n 5050.7837227
          e:c:w 3969.3342994
          e:n:w 5366.6367360
          c:n:w 5295.0322969
        b:e:c:n 1171.4587654
        b:e:c:w 1146.8699833
        b:e:n:w 1918.9698337
        b:c:n:w 1899.7676764
        e:c:n:w 48392.3462668
