########################################
# legofit: estimate population history #
#            version 2.3.3             #
########################################

# Program was compiled: Sep 12 2021 17:54:39
# Program was run: Tue Sep 21 08:53:58 2021

# cmd: legofit -1 -d 0 -t 32 --ptsPerDim 3 --stateOut b1boot18.state --tol 3e-6 -S 5000 abc2.lgo ../../chrX/boot_chrX/boot18.opf
# Stage nOptItr nSimReps
#     0    5000        0
# algorithm          : deterministic
# ignoring probs <=  : 0
# Branch length floor: 0
# DE strategy        : 2
#    F               : 0.3
#    CR              : 0.8
#    tolerance       : 3e-06
# nthreads           : 32
# lgo input file     : abc2.lgo
# site pat input file: ../../chrX/boot_chrX/boot18.opf
# free parameters    : 15
# points in DE swarm : 45
# output state file  : b1boot18.state
# Including singleton site patterns.
# cost function      : KL
Initial parameter values
Fixed:
      zero = 0
       one = 1
    Tbecnw = 75200
Free:
       pc1 = 0
       pc2 = 0
       pc3 = 0
       pc4 = 0
       pc5 = 0
       pc6 = 0
       pc7 = 0
       pc8 = 0
       pc9 = 0
      pc10 = 0
      pc11 = 0
      pc12 = 0
      pc13 = 0
      pc14 = 0
      pc15 = 0
Constrained:
   Tgbecnw = 171150
     Tecnw = 26837.9
       Tnw = 21329
       Tec = 11321.4
     twoNb = 727758
     twoNe = 15704.1
     twoNn = 126268
    twoNec = 83198.3
    twoNnw = 16779.3
  twoNecnw = 61187.2
  twoNbecnw = 18921.1
  twoNgbecnw = 345226
         m = 0.074923
        m2 = 0.0262565
        m3 = 0.234512
        Tb = 19079.7
        Ta = 47139.8
        Tc = 10664.5
DiffEv reached_goal. cost=1.98828e-03 spread=2.66326e-06
Fitted parameter values
Free:
       pc1 = 0.202098
       pc2 = -2.34014
       pc3 = 1.45436
       pc4 = 0.97761
       pc5 = -1.49722
       pc6 = 0.066531
       pc7 = 1.36271
       pc8 = 0.0756675
       pc9 = -0.0436098
      pc10 = -0.579495
      pc11 = -0.636253
      pc12 = -0.212544
      pc13 = -0.248036
      pc14 = 0.198175
      pc15 = -0.0483535
Constrained:
   Tgbecnw = 135659
     Tecnw = 26396.3
       Tnw = 22349
       Tec = 11271.6
     twoNb = 864560
     twoNe = 2103.9
     twoNn = 47967.7
    twoNec = 85286.3
    twoNnw = 11658.4
  twoNecnw = 60175.3
  twoNbecnw = 16034.8
  twoNgbecnw = 389530
         m = 0.068835
        m2 = 0.0275427
        m3 = 0.269846
        Tb = 18833.9
        Ta = 47017
        Tc = 11174.5
#       SitePat  BranchLen
              b 121828.3958946
              e 46427.4376968
              c 46919.8398938
              n 42891.9752455
              w 45999.3981852
            b:e 1362.2063948
            b:c 1385.8454308
            b:n 977.3030922
            b:w 1112.4163664
            e:c 11276.1686776
            e:n 5251.9719276
            e:w 3900.3038913
            c:n 4759.5697307
            c:w 4013.2117948
            n:w 12186.5188110
          b:e:c 1256.1545806
          b:e:n 580.0239516
          b:e:w 569.1147603
          b:c:n 556.3849156
          b:c:w 599.8037495
          b:n:w 1290.0916526
          e:c:n 5059.6860320
          e:c:w 3901.1698002
          e:n:w 5376.4346550
          c:n:w 5263.5267514
        b:e:c:n 1172.9827297
        b:e:c:w 1154.4791128
        b:e:n:w 1952.3537989
        b:c:n:w 1921.6648097
        e:c:n:w 48478.7333700
