########################################
# legofit: estimate population history #
#            version 2.3.3             #
########################################

# Program was compiled: Sep 12 2021 17:54:39
# Program was run: Tue Sep 21 07:48:39 2021

# cmd: legofit -1 -d 0 -t 32 --ptsPerDim 3 --stateOut b1boot1.state --tol 3e-6 -S 5000 abc2.lgo ../../chrX/boot_chrX/boot1.opf
# Stage nOptItr nSimReps
#     0    5000        0
# algorithm          : deterministic
# ignoring probs <=  : 0
# Branch length floor: 0
# DE strategy        : 2
#    F               : 0.3
#    CR              : 0.8
#    tolerance       : 3e-06
# nthreads           : 32
# lgo input file     : abc2.lgo
# site pat input file: ../../chrX/boot_chrX/boot1.opf
# free parameters    : 15
# points in DE swarm : 45
# output state file  : b1boot1.state
# Including singleton site patterns.
# cost function      : KL
Initial parameter values
Fixed:
      zero = 0
       one = 1
    Tbecnw = 75200
Free:
       pc1 = 0
       pc2 = 0
       pc3 = 0
       pc4 = 0
       pc5 = 0
       pc6 = 0
       pc7 = 0
       pc8 = 0
       pc9 = 0
      pc10 = 0
      pc11 = 0
      pc12 = 0
      pc13 = 0
      pc14 = 0
      pc15 = 0
Constrained:
   Tgbecnw = 171150
     Tecnw = 26837.9
       Tnw = 21329
       Tec = 11321.4
     twoNb = 727758
     twoNe = 15704.1
     twoNn = 126268
    twoNec = 83198.3
    twoNnw = 16779.3
  twoNecnw = 61187.2
  twoNbecnw = 18921.1
  twoNgbecnw = 345226
         m = 0.074923
        m2 = 0.0262565
        m3 = 0.234512
        Tb = 19079.7
        Ta = 47139.8
        Tc = 10664.5
DiffEv reached_goal. cost=2.07406e-03 spread=2.77175e-06
Fitted parameter values
Free:
       pc1 = -0.954392
       pc2 = -2.90793
       pc3 = 1.03087
       pc4 = -0.182793
       pc5 = -0.659962
       pc6 = 1.22657
       pc7 = -1.02152
       pc8 = 0.161594
       pc9 = -0.360922
      pc10 = -0.690103
      pc11 = 0.50512
      pc12 = -0.0608658
      pc13 = -0.183121
      pc14 = -0.240291
      pc15 = -0.0436298
Constrained:
   Tgbecnw = 125796
     Tecnw = 26340.3
       Tnw = 21807.7
       Tec = 11094.5
     twoNb = 1.20918e+06
     twoNe = 4722.57
     twoNn = 147210
    twoNec = 79255
    twoNnw = 12747.6
  twoNecnw = 60497.8
  twoNbecnw = 13883.6
  twoNgbecnw = 422993
         m = 0.0611833
        m2 = 0.0250313
        m3 = 0.238997
        Tb = 18717.4
        Ta = 46958.7
        Tc = 10903.9
#       SitePat  BranchLen
              b 119807.1340113
              e 45968.9392121
              c 46346.4744594
              n 42577.8806133
              w 45503.2420692
            b:e 1356.3998076
            b:c 1374.7190183
            b:n 995.8869391
            b:w 1143.7488620
            e:c 11794.7188565
            e:n 4964.2774903
            e:w 3768.4956523
            c:n 4586.7422431
            c:w 3853.9908302
            n:w 12666.7873819
          b:e:c 1353.5986246
          b:e:n 581.3582777
          b:e:w 574.9116559
          b:c:n 563.0390670
          b:c:w 598.4558763
          b:n:w 1385.7114168
          e:c:n 4996.4257826
          e:c:w 3877.4995092
          e:n:w 5274.9601551
          c:n:w 5189.4649772
        b:e:c:n 1217.6733077
        b:e:c:w 1162.9392885
        b:e:n:w 1915.5342598
        b:c:n:w 1891.9900394
        e:c:n:w 47115.3686701
