########################################
# legofit: estimate population history #
#            version 2.3.3             #
########################################

# Program was compiled: Sep 12 2021 17:54:39
# Program was run: Tue Sep 21 08:55:13 2021

# cmd: legofit -1 -d 0 -t 32 --ptsPerDim 3 --stateOut b1boot20.state --tol 3e-6 -S 5000 abc2.lgo ../../chrX/boot_chrX/boot20.opf
# Stage nOptItr nSimReps
#     0    5000        0
# algorithm          : deterministic
# ignoring probs <=  : 0
# Branch length floor: 0
# DE strategy        : 2
#    F               : 0.3
#    CR              : 0.8
#    tolerance       : 3e-06
# nthreads           : 32
# lgo input file     : abc2.lgo
# site pat input file: ../../chrX/boot_chrX/boot20.opf
# free parameters    : 15
# points in DE swarm : 45
# output state file  : b1boot20.state
# Including singleton site patterns.
# cost function      : KL
Initial parameter values
Fixed:
      zero = 0
       one = 1
    Tbecnw = 75200
Free:
       pc1 = 0
       pc2 = 0
       pc3 = 0
       pc4 = 0
       pc5 = 0
       pc6 = 0
       pc7 = 0
       pc8 = 0
       pc9 = 0
      pc10 = 0
      pc11 = 0
      pc12 = 0
      pc13 = 0
      pc14 = 0
      pc15 = 0
Constrained:
   Tgbecnw = 171150
     Tecnw = 26837.9
       Tnw = 21329
       Tec = 11321.4
     twoNb = 727758
     twoNe = 15704.1
     twoNn = 126268
    twoNec = 83198.3
    twoNnw = 16779.3
  twoNecnw = 61187.2
  twoNbecnw = 18921.1
  twoNgbecnw = 345226
         m = 0.074923
        m2 = 0.0262565
        m3 = 0.234512
        Tb = 19079.7
        Ta = 47139.8
        Tc = 10664.5
DiffEv reached_goal. cost=1.98232e-03 spread=2.80368e-06
Fitted parameter values
Free:
       pc1 = -0.528294
       pc2 = -0.310959
       pc3 = 0.829293
       pc4 = 1.11435
       pc5 = -1.56421
       pc6 = 1.18389
       pc7 = -0.0533131
       pc8 = 1.0797
       pc9 = -0.000707174
      pc10 = -0.013579
      pc11 = -0.351585
      pc12 = -0.298662
      pc13 = -0.0307884
      pc14 = 0.106956
      pc15 = -0.00192969
Constrained:
   Tgbecnw = 150898
     Tecnw = 26445.4
       Tnw = 21343.5
       Tec = 10842.9
     twoNb = 1.03982e+06
     twoNe = 4219.49
     twoNn = 27354.2
    twoNec = 86089.3
    twoNnw = 15172.7
  twoNecnw = 61920.9
  twoNbecnw = 18863.4
  twoNgbecnw = 379319
         m = 0.0692942
        m2 = 0.0281118
        m3 = 0.236816
        Tb = 18644.1
        Ta = 46922.1
        Tc = 10671.8
#       SitePat  BranchLen
              b 123025.5628608
              e 47072.8893491
              c 47463.0890880
              n 43458.4189263
              w 46250.5209914
            b:e 1371.0009977
            b:c 1389.3103996
            b:n 991.1774255
            b:w 1114.6257218
            e:c 11744.4842520
            e:n 5140.1572448
            e:w 3957.0954995
            c:n 4749.9575059
            c:w 4045.5111371
            n:w 12757.0127523
          b:e:c 1282.6306596
          b:e:n 574.2589711
          b:e:w 567.8871744
          b:c:n 555.9495692
          b:c:w 591.8488981
          b:n:w 1325.0126430
          e:c:n 5039.3625035
          e:c:w 3993.6860244
          e:n:w 5436.5155620
          c:n:w 5348.0999244
        b:e:c:n 1161.7830232
        b:e:c:w 1149.8897553
        b:e:n:w 1977.8967917
        b:c:n:w 1953.9350680
        e:c:n:w 48563.2322916
