########################################
# legofit: estimate population history #
#            version 2.3.3             #
########################################

# Program was compiled: Sep 12 2021 17:54:39
# Program was run: Tue Sep 21 09:27:25 2021

# cmd: legofit -1 -d 0 -t 32 --ptsPerDim 3 --stateOut b1boot32.state --tol 3e-6 -S 5000 abc2.lgo ../../chrX/boot_chrX/boot32.opf
# Stage nOptItr nSimReps
#     0    5000        0
# algorithm          : deterministic
# ignoring probs <=  : 0
# Branch length floor: 0
# DE strategy        : 2
#    F               : 0.3
#    CR              : 0.8
#    tolerance       : 3e-06
# nthreads           : 32
# lgo input file     : abc2.lgo
# site pat input file: ../../chrX/boot_chrX/boot32.opf
# free parameters    : 15
# points in DE swarm : 45
# output state file  : b1boot32.state
# Including singleton site patterns.
# cost function      : KL
Initial parameter values
Fixed:
      zero = 0
       one = 1
    Tbecnw = 75200
Free:
       pc1 = 0
       pc2 = 0
       pc3 = 0
       pc4 = 0
       pc5 = 0
       pc6 = 0
       pc7 = 0
       pc8 = 0
       pc9 = 0
      pc10 = 0
      pc11 = 0
      pc12 = 0
      pc13 = 0
      pc14 = 0
      pc15 = 0
Constrained:
   Tgbecnw = 171150
     Tecnw = 26837.9
       Tnw = 21329
       Tec = 11321.4
     twoNb = 727758
     twoNe = 15704.1
     twoNn = 126268
    twoNec = 83198.3
    twoNnw = 16779.3
  twoNecnw = 61187.2
  twoNbecnw = 18921.1
  twoNgbecnw = 345226
         m = 0.074923
        m2 = 0.0262565
        m3 = 0.234512
        Tb = 19079.7
        Ta = 47139.8
        Tc = 10664.5
DiffEv reached_goal. cost=2.02049e-03 spread=2.90447e-06
Fitted parameter values
Free:
       pc1 = -1.35704
       pc2 = 0.854081
       pc3 = 1.56511
       pc4 = 1.71756
       pc5 = 1.46559
       pc6 = 1.11181
       pc7 = -1.46716
       pc8 = -0.183378
       pc9 = 1.39539
      pc10 = -0.0953779
      pc11 = 0.450392
      pc12 = -0.199552
      pc13 = -0.050015
      pc14 = -0.283122
      pc15 = -0.0883974
Constrained:
   Tgbecnw = 164481
     Tecnw = 27186.6
       Tnw = 21258.1
       Tec = 10652.6
     twoNb = 919836
     twoNe = 719.496
     twoNn = 22219
    twoNec = 91443.4
    twoNnw = 18601.6
  twoNecnw = 60910.7
  twoNbecnw = 20969.6
  twoNgbecnw = 410110
         m = 0.0635097
        m2 = 0.0240036
        m3 = 0.208096
        Tb = 18919.6
        Ta = 47059.8
        Tc = 10629.1
#       SitePat  BranchLen
              b 124284.6722683
              e 47490.8909619
              c 47770.8521460
              n 44234.8687520
              w 46687.4839082
            b:e 1377.5211298
            b:c 1390.6276642
            b:n 1021.8243905
            b:w 1135.5870870
            e:c 11925.3775799
            e:n 4980.6847104
            e:w 3990.0770571
            c:n 4700.7235262
            c:w 4053.0674428
            n:w 12809.7234889
          b:e:c 1313.3927329
          b:e:n 580.8112997
          b:e:w 576.6744926
          b:c:n 567.7047654
          b:c:w 593.2155723
          b:n:w 1349.5491555
          e:c:n 5020.8942691
          e:c:w 4100.6556939
          e:n:w 5421.7256223
          c:n:w 5358.7352365
        b:e:c:n 1176.0836878
        b:e:c:w 1146.8341673
        b:e:n:w 1894.8356560
        b:c:n:w 1878.2945764
        e:c:n:w 49291.1696842
