########################################
# legofit: estimate population history #
#            version 2.3.3             #
########################################

# Program was compiled: Sep 12 2021 17:54:39
# Program was run: Tue Sep 21 09:05:05 2021

# cmd: legofit -1 -d 0 -t 32 --ptsPerDim 3 --stateOut b1boot23.state --tol 3e-6 -S 5000 abc2.lgo ../../chrX/boot_chrX/boot23.opf
# Stage nOptItr nSimReps
#     0    5000        0
# algorithm          : deterministic
# ignoring probs <=  : 0
# Branch length floor: 0
# DE strategy        : 2
#    F               : 0.3
#    CR              : 0.8
#    tolerance       : 3e-06
# nthreads           : 32
# lgo input file     : abc2.lgo
# site pat input file: ../../chrX/boot_chrX/boot23.opf
# free parameters    : 15
# points in DE swarm : 45
# output state file  : b1boot23.state
# Including singleton site patterns.
# cost function      : KL
Initial parameter values
Fixed:
      zero = 0
       one = 1
    Tbecnw = 75200
Free:
       pc1 = 0
       pc2 = 0
       pc3 = 0
       pc4 = 0
       pc5 = 0
       pc6 = 0
       pc7 = 0
       pc8 = 0
       pc9 = 0
      pc10 = 0
      pc11 = 0
      pc12 = 0
      pc13 = 0
      pc14 = 0
      pc15 = 0
Constrained:
   Tgbecnw = 171150
     Tecnw = 26837.9
       Tnw = 21329
       Tec = 11321.4
     twoNb = 727758
     twoNe = 15704.1
     twoNn = 126268
    twoNec = 83198.3
    twoNnw = 16779.3
  twoNecnw = 61187.2
  twoNbecnw = 18921.1
  twoNgbecnw = 345226
         m = 0.074923
        m2 = 0.0262565
        m3 = 0.234512
        Tb = 19079.7
        Ta = 47139.8
        Tc = 10664.5
DiffEv reached_goal. cost=2.07244e-03 spread=2.54973e-06
Fitted parameter values
Free:
       pc1 = -1.98352
       pc2 = -0.572959
       pc3 = -2.85147
       pc4 = -0.730688
       pc5 = -0.304665
       pc6 = 0.0996072
       pc7 = 0.593693
       pc8 = -1.01928
       pc9 = -1.57011
      pc10 = 0.576703
      pc11 = -0.363757
      pc12 = 0.847153
      pc13 = 0.00624112
      pc14 = 0.181784
      pc15 = 0.105349
Constrained:
   Tgbecnw = 114871
     Tecnw = 26146.5
       Tnw = 19970.5
       Tec = 11207.1
     twoNb = 642879
     twoNe = 29419.7
     twoNn = 117600
    twoNec = 79415.7
    twoNnw = 19554.4
  twoNecnw = 60632.9
  twoNbecnw = 12939.7
  twoNgbecnw = 253619
         m = 0.104387
        m2 = 0.0258299
        m3 = 0.222523
        Tb = 18676.8
        Ta = 46938.4
        Tc = 9985.26
#       SitePat  BranchLen
              b 120013.8448002
              e 45930.0840799
              c 46295.1186668
              n 42883.8278407
              w 45566.8641002
            b:e 1391.9118610
            b:c 1409.7447415
            b:n 1005.6635072
            b:w 1118.7636804
            e:c 11625.3533605
            e:n 4985.8503843
            e:w 3879.0036072
            c:n 4620.8157974
            c:w 3961.8185533
            n:w 12432.3495855
          b:e:c 1297.3845720
          b:e:n 578.0180054
          b:e:w 569.1327790
          b:c:n 560.1851249
          b:c:w 591.0578727
          b:n:w 1319.5004662
          e:c:n 5003.5279284
          e:c:w 3997.9157241
          e:n:w 5269.2456542
          c:n:w 5186.4307081
        b:e:c:n 1195.5775841
        b:e:c:w 1148.9099179
        b:e:n:w 1852.8481789
        b:c:n:w 1830.9230852
        e:c:n:w 47158.7028252
