########################################
# legofit: estimate population history #
#            version 2.3.3             #
########################################

# Program was compiled: Sep 12 2021 17:54:39
# Program was run: Tue Sep 21 08:13:36 2021

# cmd: legofit -1 -d 0 -t 32 --ptsPerDim 3 --stateOut b1boot5.state --tol 3e-6 -S 5000 abc2.lgo ../../chrX/boot_chrX/boot5.opf
# Stage nOptItr nSimReps
#     0    5000        0
# algorithm          : deterministic
# ignoring probs <=  : 0
# Branch length floor: 0
# DE strategy        : 2
#    F               : 0.3
#    CR              : 0.8
#    tolerance       : 3e-06
# nthreads           : 32
# lgo input file     : abc2.lgo
# site pat input file: ../../chrX/boot_chrX/boot5.opf
# free parameters    : 15
# points in DE swarm : 45
# output state file  : b1boot5.state
# Including singleton site patterns.
# cost function      : KL
Initial parameter values
Fixed:
      zero = 0
       one = 1
    Tbecnw = 75200
Free:
       pc1 = 0
       pc2 = 0
       pc3 = 0
       pc4 = 0
       pc5 = 0
       pc6 = 0
       pc7 = 0
       pc8 = 0
       pc9 = 0
      pc10 = 0
      pc11 = 0
      pc12 = 0
      pc13 = 0
      pc14 = 0
      pc15 = 0
Constrained:
   Tgbecnw = 171150
     Tecnw = 26837.9
       Tnw = 21329
       Tec = 11321.4
     twoNb = 727758
     twoNe = 15704.1
     twoNn = 126268
    twoNec = 83198.3
    twoNnw = 16779.3
  twoNecnw = 61187.2
  twoNbecnw = 18921.1
  twoNgbecnw = 345226
         m = 0.074923
        m2 = 0.0262565
        m3 = 0.234512
        Tb = 19079.7
        Ta = 47139.8
        Tc = 10664.5
DiffEv reached_goal. cost=2.01039e-03 spread=2.61083e-06
Fitted parameter values
Free:
       pc1 = -2.0289
       pc2 = 0.309102
       pc3 = 2.52819
       pc4 = 0.2811
       pc5 = -1.32041
       pc6 = 0.0659748
       pc7 = 0.97007
       pc8 = -0.295446
       pc9 = 0.465311
      pc10 = -0.485594
      pc11 = 0.637327
      pc12 = -0.363739
      pc13 = 0.259976
      pc14 = -0.0301184
      pc15 = 0.0574363
Constrained:
   Tgbecnw = 147085
     Tecnw = 26845.8
       Tnw = 19599.2
       Tec = 10194.6
     twoNb = 864437
     twoNe = 8609.49
     twoNn = 34855.7
    twoNec = 87438.2
    twoNnw = 21648
  twoNecnw = 59420.5
  twoNbecnw = 17859.6
  twoNgbecnw = 422514
         m = 0.0569934
        m2 = 0.0276929
        m3 = 0.24774
        Tb = 18520.2
        Ta = 46860.1
        Tc = 9799.58
#       SitePat  BranchLen
              b 119815.6215173
              e 46241.9844370
              c 46702.1073851
              n 42904.7415811
              w 45996.1299041
            b:e 1335.9795482
            b:c 1357.1339104
            b:n 978.7200335
            b:w 1115.6246801
            e:c 11736.4449539
            e:n 5165.4335128
            e:w 3852.8867085
            c:n 4705.3105647
            c:w 3954.6624503
            n:w 12591.5762151
          b:e:c 1266.0257235
          b:e:n 567.9477092
          b:e:w 558.1449644
          b:c:n 546.7933469
          b:c:w 585.2142370
          b:n:w 1301.3490022
          e:c:n 5119.7260947
          e:c:w 3963.7240012
          e:n:w 5307.0967989
          c:n:w 5205.3210571
        b:e:c:n 1167.4001230
        b:e:c:w 1129.6860431
        b:e:n:w 1878.1339188
        b:c:n:w 1851.0646462
        e:c:n:w 46164.2249603
