########################################
# legofit: estimate population history #
#            version 2.3.3             #
########################################

# Program was compiled: Sep 12 2021 17:54:39
# Program was run: Tue Sep 21 09:45:32 2021

# cmd: legofit -1 -d 0 -t 32 --ptsPerDim 3 --stateOut b1boot42.state --tol 3e-6 -S 5000 abc2.lgo ../../chrX/boot_chrX/boot42.opf
# Stage nOptItr nSimReps
#     0    5000        0
# algorithm          : deterministic
# ignoring probs <=  : 0
# Branch length floor: 0
# DE strategy        : 2
#    F               : 0.3
#    CR              : 0.8
#    tolerance       : 3e-06
# nthreads           : 32
# lgo input file     : abc2.lgo
# site pat input file: ../../chrX/boot_chrX/boot42.opf
# free parameters    : 15
# points in DE swarm : 45
# output state file  : b1boot42.state
# Including singleton site patterns.
# cost function      : KL
Initial parameter values
Fixed:
      zero = 0
       one = 1
    Tbecnw = 75200
Free:
       pc1 = 0
       pc2 = 0
       pc3 = 0
       pc4 = 0
       pc5 = 0
       pc6 = 0
       pc7 = 0
       pc8 = 0
       pc9 = 0
      pc10 = 0
      pc11 = 0
      pc12 = 0
      pc13 = 0
      pc14 = 0
      pc15 = 0
Constrained:
   Tgbecnw = 171150
     Tecnw = 26837.9
       Tnw = 21329
       Tec = 11321.4
     twoNb = 727758
     twoNe = 15704.1
     twoNn = 126268
    twoNec = 83198.3
    twoNnw = 16779.3
  twoNecnw = 61187.2
  twoNbecnw = 18921.1
  twoNgbecnw = 345226
         m = 0.074923
        m2 = 0.0262565
        m3 = 0.234512
        Tb = 19079.7
        Ta = 47139.8
        Tc = 10664.5
DiffEv reached_goal. cost=2.00765e-03 spread=2.93243e-06
Fitted parameter values
Free:
       pc1 = -0.583022
       pc2 = -3.60761
       pc3 = 2.09395
       pc4 = -0.164659
       pc5 = 0.0239096
       pc6 = 0.0786811
       pc7 = 0.429617
       pc8 = -0.157137
       pc9 = 0.0308102
      pc10 = 0.110086
      pc11 = -0.185214
      pc12 = 0.0743434
      pc13 = -0.365545
      pc14 = -0.123362
      pc15 = -0.0692673
Constrained:
   Tgbecnw = 128711
     Tecnw = 26305.9
       Tnw = 22680.9
       Tec = 11484.1
     twoNb = 813136
     twoNe = 3735.05
     twoNn = 142185
    twoNec = 82034
    twoNnw = 10494.6
  twoNecnw = 58695.1
  twoNbecnw = 14089
  twoNgbecnw = 453879
         m = 0.057783
        m2 = 0.0255506
        m3 = 0.25066
        Tb = 18895
        Ta = 47047.5
        Tc = 11340.4
#       SitePat  BranchLen
              b 119945.6387526
              e 45880.9106435
              c 46254.0752184
              n 42554.2051773
              w 45384.3847750
            b:e 1325.4539877
            b:c 1343.3002157
            b:n 956.7672664
            b:w 1083.5143392
            e:c 11261.7786043
            e:n 4986.8056438
            e:w 3814.3512836
            c:n 4613.6410689
            c:w 3900.2990771
            n:w 12096.7598170
          b:e:c 1254.4893824
          b:e:n 561.4865032
          b:e:w 554.7543466
          b:c:n 543.6402752
          b:c:w 577.6530636
          b:n:w 1282.2208432
          e:c:n 4934.3773202
          e:c:w 3865.8709486
          e:n:w 5273.1921056
          c:n:w 5187.2443121
        b:e:c:n 1150.2777876
        b:e:c:w 1120.3732305
        b:e:n:w 1866.4024473
        b:c:n:w 1843.5037303
        e:c:n:w 47558.9520261
