########################################
# legofit: estimate population history #
#            version 2.3.3             #
########################################

# Program was compiled: Sep 12 2021 17:54:39
# Program was run: Tue Sep 21 09:27:23 2021

# cmd: legofit -1 -d 0 -t 32 --ptsPerDim 3 --stateOut b1boot33.state --tol 3e-6 -S 5000 abc2.lgo ../../chrX/boot_chrX/boot33.opf
# Stage nOptItr nSimReps
#     0    5000        0
# algorithm          : deterministic
# ignoring probs <=  : 0
# Branch length floor: 0
# DE strategy        : 2
#    F               : 0.3
#    CR              : 0.8
#    tolerance       : 3e-06
# nthreads           : 32
# lgo input file     : abc2.lgo
# site pat input file: ../../chrX/boot_chrX/boot33.opf
# free parameters    : 15
# points in DE swarm : 45
# output state file  : b1boot33.state
# Including singleton site patterns.
# cost function      : KL
Initial parameter values
Fixed:
      zero = 0
       one = 1
    Tbecnw = 75200
Free:
       pc1 = 0
       pc2 = 0
       pc3 = 0
       pc4 = 0
       pc5 = 0
       pc6 = 0
       pc7 = 0
       pc8 = 0
       pc9 = 0
      pc10 = 0
      pc11 = 0
      pc12 = 0
      pc13 = 0
      pc14 = 0
      pc15 = 0
Constrained:
   Tgbecnw = 171150
     Tecnw = 26837.9
       Tnw = 21329
       Tec = 11321.4
     twoNb = 727758
     twoNe = 15704.1
     twoNn = 126268
    twoNec = 83198.3
    twoNnw = 16779.3
  twoNecnw = 61187.2
  twoNbecnw = 18921.1
  twoNgbecnw = 345226
         m = 0.074923
        m2 = 0.0262565
        m3 = 0.234512
        Tb = 19079.7
        Ta = 47139.8
        Tc = 10664.5
DiffEv reached_goal. cost=2.00283e-03 spread=2.90787e-06
Fitted parameter values
Free:
       pc1 = -1.60819
       pc2 = -1.94953
       pc3 = 1.86471
       pc4 = -0.0623559
       pc5 = -1.06306
       pc6 = 0.393448
       pc7 = -1.9576
       pc8 = -0.239757
       pc9 = 0.288216
      pc10 = -0.0660115
      pc11 = 0.29662
      pc12 = 0.09783
      pc13 = 0.098043
      pc14 = -0.103703
      pc15 = 0.0710251
Constrained:
   Tgbecnw = 139042
     Tecnw = 26497.3
       Tnw = 21202.8
       Tec = 10766.1
     twoNb = 1.27648e+06
     twoNe = 4234.57
     twoNn = 320622
    twoNec = 83361.5
    twoNnw = 15227.4
  twoNecnw = 59510.2
  twoNbecnw = 16458.9
  twoNgbecnw = 440383
         m = 0.06159
        m2 = 0.0256605
        m3 = 0.229862
        Tb = 18631.7
        Ta = 46915.8
        Tc = 10601.4
#       SitePat  BranchLen
              b 122619.4670211
              e 46234.9341914
              c 46590.1178011
              n 42727.1937663
              w 45482.0787400
            b:e 1345.7514653
            b:c 1362.5407265
            b:n 983.6317931
            b:w 1117.0981887
            e:c 11802.5007896
            e:n 4953.5090992
            e:w 3818.7080377
            c:n 4598.3254894
            c:w 3899.2334534
            n:w 12754.4482034
          b:e:c 1317.1161918
          b:e:n 568.9004569
          b:e:w 563.9558605
          b:c:n 552.1111956
          b:c:w 585.9098936
          b:n:w 1356.6805698
          e:c:n 4999.1087495
          e:c:w 3947.0071202
          e:n:w 5364.4322638
          c:n:w 5283.9068481
        b:e:c:n 1175.2688624
        b:e:c:w 1144.0581410
        b:e:n:w 1939.6880397
        b:c:n:w 1917.7340067
        e:c:n:w 49374.9732452
