########################################
# legofit: estimate population history #
#            version 2.3.3             #
########################################

# Program was compiled: Sep 12 2021 17:54:39
# Program was run: Tue Sep 21 09:05:42 2021

# cmd: legofit -1 -d 0 -t 32 --ptsPerDim 3 --stateOut b1boot25.state --tol 3e-6 -S 5000 abc2.lgo ../../chrX/boot_chrX/boot25.opf
# Stage nOptItr nSimReps
#     0    5000        0
# algorithm          : deterministic
# ignoring probs <=  : 0
# Branch length floor: 0
# DE strategy        : 2
#    F               : 0.3
#    CR              : 0.8
#    tolerance       : 3e-06
# nthreads           : 32
# lgo input file     : abc2.lgo
# site pat input file: ../../chrX/boot_chrX/boot25.opf
# free parameters    : 15
# points in DE swarm : 45
# output state file  : b1boot25.state
# Including singleton site patterns.
# cost function      : KL
Initial parameter values
Fixed:
      zero = 0
       one = 1
    Tbecnw = 75200
Free:
       pc1 = 0
       pc2 = 0
       pc3 = 0
       pc4 = 0
       pc5 = 0
       pc6 = 0
       pc7 = 0
       pc8 = 0
       pc9 = 0
      pc10 = 0
      pc11 = 0
      pc12 = 0
      pc13 = 0
      pc14 = 0
      pc15 = 0
Constrained:
   Tgbecnw = 171150
     Tecnw = 26837.9
       Tnw = 21329
       Tec = 11321.4
     twoNb = 727758
     twoNe = 15704.1
     twoNn = 126268
    twoNec = 83198.3
    twoNnw = 16779.3
  twoNecnw = 61187.2
  twoNbecnw = 18921.1
  twoNgbecnw = 345226
         m = 0.074923
        m2 = 0.0262565
        m3 = 0.234512
        Tb = 19079.7
        Ta = 47139.8
        Tc = 10664.5
DiffEv reached_goal. cost=2.02761e-03 spread=2.61216e-06
Fitted parameter values
Free:
       pc1 = -3.93785
       pc2 = 0.139226
       pc3 = 2.15123
       pc4 = -0.824639
       pc5 = -1.80181
       pc6 = -0.863433
       pc7 = -1.26013
       pc8 = 0.921056
       pc9 = -0.0783454
      pc10 = -0.0834959
      pc11 = -0.369819
      pc12 = 0.136099
      pc13 = 0.0914834
      pc14 = -0.277676
      pc15 = 0.0925465
Constrained:
   Tgbecnw = 137804
     Tecnw = 26264.5
       Tnw = 18703.9
       Tec = 9930.89
     twoNb = 971372
     twoNe = 16872.6
     twoNn = 444658
    twoNec = 88270.9
    twoNnw = 23090.9
  twoNecnw = 60161
  twoNbecnw = 15754.6
  twoNgbecnw = 472449
         m = 0.0573048
        m2 = 0.0278487
        m3 = 0.224476
        Tb = 18097.7
        Ta = 46648.9
        Tc = 9351.96
#       SitePat  BranchLen
              b 121585.4935784
              e 46244.5606166
              c 46559.2235473
              n 42686.5628085
              w 45310.8003854
            b:e 1343.6268220
            b:c 1358.0641044
            b:n 978.5964218
            b:w 1093.9609686
            e:c 11699.5813757
            e:n 4953.7352252
            e:w 3873.1653240
            c:n 4639.0722945
            c:w 3942.5531756
            n:w 12764.2484346
          b:e:c 1275.5316295
          b:e:n 563.1507711
          b:e:w 560.4373261
          b:c:n 548.7134888
          b:c:w 579.5175741
          b:n:w 1314.6563745
          e:c:n 4932.6905975
          e:c:w 3952.8214239
          e:n:w 5291.1079554
          c:n:w 5221.7201038
        b:e:c:n 1155.0510842
        b:e:c:w 1144.3165346
        b:e:n:w 1959.5514444
        b:c:n:w 1940.4711964
        e:c:n:w 48451.8112830
