########################################
# legofit: estimate population history #
#            version 2.3.3             #
########################################

# Program was compiled: Sep 12 2021 17:54:39
# Program was run: Tue Sep 21 09:03:50 2021

# cmd: legofit -1 -d 0 -t 32 --ptsPerDim 3 --stateOut b1boot21.state --tol 3e-6 -S 5000 abc2.lgo ../../chrX/boot_chrX/boot21.opf
# Stage nOptItr nSimReps
#     0    5000        0
# algorithm          : deterministic
# ignoring probs <=  : 0
# Branch length floor: 0
# DE strategy        : 2
#    F               : 0.3
#    CR              : 0.8
#    tolerance       : 3e-06
# nthreads           : 32
# lgo input file     : abc2.lgo
# site pat input file: ../../chrX/boot_chrX/boot21.opf
# free parameters    : 15
# points in DE swarm : 45
# output state file  : b1boot21.state
# Including singleton site patterns.
# cost function      : KL
Initial parameter values
Fixed:
      zero = 0
       one = 1
    Tbecnw = 75200
Free:
       pc1 = 0
       pc2 = 0
       pc3 = 0
       pc4 = 0
       pc5 = 0
       pc6 = 0
       pc7 = 0
       pc8 = 0
       pc9 = 0
      pc10 = 0
      pc11 = 0
      pc12 = 0
      pc13 = 0
      pc14 = 0
      pc15 = 0
Constrained:
   Tgbecnw = 171150
     Tecnw = 26837.9
       Tnw = 21329
       Tec = 11321.4
     twoNb = 727758
     twoNe = 15704.1
     twoNn = 126268
    twoNec = 83198.3
    twoNnw = 16779.3
  twoNecnw = 61187.2
  twoNbecnw = 18921.1
  twoNgbecnw = 345226
         m = 0.074923
        m2 = 0.0262565
        m3 = 0.234512
        Tb = 19079.7
        Ta = 47139.8
        Tc = 10664.5
DiffEv reached_goal. cost=2.01822e-03 spread=2.35051e-06
Fitted parameter values
Free:
       pc1 = -0.99129
       pc2 = -3.21699
       pc3 = 2.89903
       pc4 = -1.04545
       pc5 = -1.73617
       pc6 = 1.13056
       pc7 = 0.189648
       pc8 = -1.28772
       pc9 = 0.623211
      pc10 = -0.936434
      pc11 = 0.125718
      pc12 = -0.0505901
      pc13 = 0.298275
      pc14 = -0.175409
      pc15 = 0.0373848
Constrained:
   Tgbecnw = 134181
     Tecnw = 26426.2
       Tnw = 21408.6
       Tec = 11023.6
     twoNb = 1.3589e+06
     twoNe = 13163.5
     twoNn = 76423.4
    twoNec = 81314
    twoNnw = 13513.7
  twoNecnw = 57854.6
  twoNbecnw = 15129.7
  twoNgbecnw = 473309
         m = 0.0531788
        m2 = 0.0259367
        m3 = 0.264785
        Tb = 18724.9
        Ta = 46962.5
        Tc = 10704.3
#       SitePat  BranchLen
              b 119595.7171658
              e 45689.3328468
              c 45941.3882236
              n 42057.5634433
              w 45040.0936415
            b:e 1294.5630694
            b:c 1306.2488658
            b:n 940.5106356
            b:w 1082.8815994
            e:c 11528.6307528
            e:n 4896.5959259
            e:w 3752.8997873
            c:n 4644.5405492
            c:w 3810.2667351
            n:w 12490.4662894
          b:e:c 1266.1233871
          b:e:n 547.0573979
          b:e:w 548.5829145
          b:c:n 535.3716015
          b:c:w 563.8462581
          b:n:w 1302.1853937
          e:c:n 4997.9480554
          e:c:w 3850.0818626
          e:n:w 5287.8315717
          c:n:w 5230.4646238
        b:e:c:n 1141.5300053
        b:e:c:w 1112.4648357
        b:e:n:w 1856.8403171
        b:c:n:w 1841.5769735
        e:c:n:w 47165.0177695
