########################################
# legofit: estimate population history #
#            version 2.3.3             #
########################################

# Program was compiled: Sep 12 2021 17:54:39
# Program was run: Tue Sep 21 09:46:08 2021

# cmd: legofit -1 -d 0 -t 32 --ptsPerDim 3 --stateOut b1boot43.state --tol 3e-6 -S 5000 abc2.lgo ../../chrX/boot_chrX/boot43.opf
# Stage nOptItr nSimReps
#     0    5000        0
# algorithm          : deterministic
# ignoring probs <=  : 0
# Branch length floor: 0
# DE strategy        : 2
#    F               : 0.3
#    CR              : 0.8
#    tolerance       : 3e-06
# nthreads           : 32
# lgo input file     : abc2.lgo
# site pat input file: ../../chrX/boot_chrX/boot43.opf
# free parameters    : 15
# points in DE swarm : 45
# output state file  : b1boot43.state
# Including singleton site patterns.
# cost function      : KL
Initial parameter values
Fixed:
      zero = 0
       one = 1
    Tbecnw = 75200
Free:
       pc1 = 0
       pc2 = 0
       pc3 = 0
       pc4 = 0
       pc5 = 0
       pc6 = 0
       pc7 = 0
       pc8 = 0
       pc9 = 0
      pc10 = 0
      pc11 = 0
      pc12 = 0
      pc13 = 0
      pc14 = 0
      pc15 = 0
Constrained:
   Tgbecnw = 171150
     Tecnw = 26837.9
       Tnw = 21329
       Tec = 11321.4
     twoNb = 727758
     twoNe = 15704.1
     twoNn = 126268
    twoNec = 83198.3
    twoNnw = 16779.3
  twoNecnw = 61187.2
  twoNbecnw = 18921.1
  twoNgbecnw = 345226
         m = 0.074923
        m2 = 0.0262565
        m3 = 0.234512
        Tb = 19079.7
        Ta = 47139.8
        Tc = 10664.5
DiffEv reached_goal. cost=2.13027e-03 spread=2.96475e-06
Fitted parameter values
Free:
       pc1 = -3.8193
       pc2 = 0.224409
       pc3 = 1.69238
       pc4 = 0.783601
       pc5 = -0.849947
       pc6 = 0.183774
       pc7 = 0.151212
       pc8 = 0.0175657
       pc9 = -0.324062
      pc10 = -0.0369561
      pc11 = -0.363244
      pc12 = -0.0435136
      pc13 = -0.0583968
      pc14 = -0.223553
      pc15 = 0.177813
Constrained:
   Tgbecnw = 131539
     Tecnw = 26291.9
       Tnw = 19005
       Tec = 9923.2
     twoNb = 826055
     twoNe = 9008.34
     twoNn = 116911
    twoNec = 91342.8
    twoNnw = 21662.2
  twoNecnw = 59865.7
  twoNbecnw = 15043.8
  twoNgbecnw = 404427
         m = 0.0639827
        m2 = 0.0268902
        m3 = 0.225542
        Tb = 18107.5
        Ta = 46653.8
        Tc = 9502.48
#       SitePat  BranchLen
              b 120138.5076486
              e 46183.1258927
              c 46610.0558008
              n 42443.1278422
              w 45123.5139238
            b:e 1356.2506663
            b:c 1376.0331972
            b:n 969.0727941
            b:w 1084.0885455
            e:c 11528.8780098
            e:n 5012.6560887
            e:w 3845.9623468
            c:n 4585.7261807
            c:w 3940.5341291
            n:w 12783.6118605
          b:e:c 1275.9553480
          b:e:n 566.0084749
          b:e:w 556.3088372
          b:c:n 546.2259440
          b:c:w 581.7068916
          b:n:w 1305.1166381
          e:c:n 4882.3449045
          e:c:w 3898.7314273
          e:n:w 5343.5328704
          c:n:w 5248.9610881
        b:e:c:n 1148.5235848
        b:e:c:w 1122.8397375
        b:e:n:w 1911.6080566
        b:c:n:w 1886.2100022
        e:c:n:w 47191.7302343
