########################################
# legofit: estimate population history #
#            version 2.3.3             #
########################################

# Program was compiled: Sep 12 2021 17:54:39
# Program was run: Tue Sep 21 07:48:01 2021

# cmd: legofit -1 -d 0 -t 32 --ptsPerDim 3 --stateOut b1boot0.state --tol 3e-6 -S 5000 abc2.lgo ../../chrX/boot_chrX/boot0.opf
# Stage nOptItr nSimReps
#     0    5000        0
# algorithm          : deterministic
# ignoring probs <=  : 0
# Branch length floor: 0
# DE strategy        : 2
#    F               : 0.3
#    CR              : 0.8
#    tolerance       : 3e-06
# nthreads           : 32
# lgo input file     : abc2.lgo
# site pat input file: ../../chrX/boot_chrX/boot0.opf
# free parameters    : 15
# points in DE swarm : 45
# output state file  : b1boot0.state
# Including singleton site patterns.
# cost function      : KL
Initial parameter values
Fixed:
      zero = 0
       one = 1
    Tbecnw = 75200
Free:
       pc1 = 0
       pc2 = 0
       pc3 = 0
       pc4 = 0
       pc5 = 0
       pc6 = 0
       pc7 = 0
       pc8 = 0
       pc9 = 0
      pc10 = 0
      pc11 = 0
      pc12 = 0
      pc13 = 0
      pc14 = 0
      pc15 = 0
Constrained:
   Tgbecnw = 171150
     Tecnw = 26837.9
       Tnw = 21329
       Tec = 11321.4
     twoNb = 727758
     twoNe = 15704.1
     twoNn = 126268
    twoNec = 83198.3
    twoNnw = 16779.3
  twoNecnw = 61187.2
  twoNbecnw = 18921.1
  twoNgbecnw = 345226
         m = 0.074923
        m2 = 0.0262565
        m3 = 0.234512
        Tb = 19079.7
        Ta = 47139.8
        Tc = 10664.5
DiffEv reached_goal. cost=1.90162e-03 spread=2.86832e-06
Fitted parameter values
Free:
       pc1 = 0.26404
       pc2 = -1.01976
       pc3 = 1.34568
       pc4 = 0.762087
       pc5 = -1.98827
       pc6 = 0.221566
       pc7 = 0.0329015
       pc8 = 0.611772
       pc9 = 0.348958
      pc10 = -0.0522583
      pc11 = 0.0655946
      pc12 = -0.227218
      pc13 = -0.295188
      pc14 = -0.240902
      pc15 = -0.024954
Constrained:
   Tgbecnw = 144861
     Tecnw = 26763.5
       Tnw = 21955.9
       Tec = 11113.4
     twoNb = 1.05051e+06
     twoNe = 3717.31
     twoNn = 141103
    twoNec = 84655.3
    twoNnw = 13469.2
  twoNecnw = 61022
  twoNbecnw = 17858.1
  twoNgbecnw = 392366
         m = 0.0663914
        m2 = 0.0285914
        m3 = 0.249678
        Tb = 18938.5
        Ta = 47069.2
        Tc = 10978
#       SitePat  BranchLen
              b 122186.9346914
              e 47042.5655127
              c 47409.5634323
              n 43278.1144143
              w 46204.3616573
            b:e 1390.3798629
            b:c 1407.9676636
            b:n 994.5663159
            b:w 1128.4967490
            e:c 11733.8491788
            e:n 5081.7361683
            e:w 3870.5420908
            c:n 4714.7382487
            c:w 3953.5695384
            n:w 12789.0032320
          b:e:c 1317.2630635
          b:e:n 578.2676466
          b:e:w 573.6988867
          b:c:n 560.6798459
          b:c:w 596.7179852
          b:n:w 1358.2650253
          e:c:n 5023.4369616
          e:c:w 3921.0569810
          e:n:w 5422.9324254
          c:n:w 5339.9049778
        b:e:c:n 1182.6892175
        b:e:c:w 1165.7849623
        b:e:n:w 2002.8876715
        b:c:n:w 1979.8685730
        e:c:n:w 48117.3776633
