########################################
# legofit: estimate population history #
#            version 2.3.3             #
########################################

# Program was compiled: Sep 12 2021 17:54:39
# Program was run: Tue Sep 21 09:12:11 2021

# cmd: legofit -1 -d 0 -t 32 --ptsPerDim 3 --stateOut b1boot26.state --tol 3e-6 -S 5000 abc2.lgo ../../chrX/boot_chrX/boot26.opf
# Stage nOptItr nSimReps
#     0    5000        0
# algorithm          : deterministic
# ignoring probs <=  : 0
# Branch length floor: 0
# DE strategy        : 2
#    F               : 0.3
#    CR              : 0.8
#    tolerance       : 3e-06
# nthreads           : 32
# lgo input file     : abc2.lgo
# site pat input file: ../../chrX/boot_chrX/boot26.opf
# free parameters    : 15
# points in DE swarm : 45
# output state file  : b1boot26.state
# Including singleton site patterns.
# cost function      : KL
Initial parameter values
Fixed:
      zero = 0
       one = 1
    Tbecnw = 75200
Free:
       pc1 = 0
       pc2 = 0
       pc3 = 0
       pc4 = 0
       pc5 = 0
       pc6 = 0
       pc7 = 0
       pc8 = 0
       pc9 = 0
      pc10 = 0
      pc11 = 0
      pc12 = 0
      pc13 = 0
      pc14 = 0
      pc15 = 0
Constrained:
   Tgbecnw = 171150
     Tecnw = 26837.9
       Tnw = 21329
       Tec = 11321.4
     twoNb = 727758
     twoNe = 15704.1
     twoNn = 126268
    twoNec = 83198.3
    twoNnw = 16779.3
  twoNecnw = 61187.2
  twoNbecnw = 18921.1
  twoNgbecnw = 345226
         m = 0.074923
        m2 = 0.0262565
        m3 = 0.234512
        Tb = 19079.7
        Ta = 47139.8
        Tc = 10664.5
DiffEv reached_goal. cost=1.96977e-03 spread=1.93349e-06
Fitted parameter values
Free:
       pc1 = -3.19782
       pc2 = -1.60728
       pc3 = 2.44743
       pc4 = 0.279688
       pc5 = -1.47788
       pc6 = 0.526043
       pc7 = -1.1034
       pc8 = -0.740233
       pc9 = -0.217752
      pc10 = 0.979059
      pc11 = -0.149744
      pc12 = 0.0549913
      pc13 = -0.186459
      pc14 = -0.20906
      pc15 = 0.00366462
Constrained:
   Tgbecnw = 127806
     Tecnw = 26164.5
       Tnw = 20433.6
       Tec = 10390.3
     twoNb = 1.19229e+06
     twoNe = 3849.85
     twoNn = 239319
    twoNec = 87621.6
    twoNnw = 17858
  twoNecnw = 58073.9
  twoNbecnw = 14497.2
  twoNgbecnw = 421817
         m = 0.058439
        m2 = 0.0269826
        m3 = 0.221455
        Tb = 18277.4
        Ta = 46738.7
        Tc = 10216.8
#       SitePat  BranchLen
              b 119280.6374274
              e 45801.1663772
              c 46196.2667514
              n 42509.7367196
              w 45081.7688975
            b:e 1375.4652594
            b:c 1394.6752890
            b:n 1014.0704554
            b:w 1137.6925845
            e:c 11432.7242006
            e:n 4988.8289327
            e:w 3884.4699269
            c:n 4593.7285585
            c:w 3974.7155410
            n:w 12335.6316981
          b:e:c 1318.2238756
          b:e:n 593.0432376
          b:e:w 584.1639886
          b:c:n 573.8332080
          b:c:w 608.8716447
          b:n:w 1348.9473224
          e:c:n 4966.3885419
          e:c:w 4001.6919216
          e:n:w 5363.2648212
          c:n:w 5273.0192071
        b:e:c:n 1207.8012645
        b:e:c:w 1174.0564341
        b:e:n:w 1947.7025428
        b:c:n:w 1922.9948867
        e:c:n:w 46843.1881913
