########################################
# legofit: estimate population history #
#            version 2.3.3             #
########################################

# Program was compiled: Sep 12 2021 17:54:39
# Program was run: Tue Sep 21 08:55:13 2021

# cmd: legofit -1 -d 0 -t 32 --ptsPerDim 3 --stateOut b1boot19.state --tol 3e-6 -S 5000 abc2.lgo ../../chrX/boot_chrX/boot19.opf
# Stage nOptItr nSimReps
#     0    5000        0
# algorithm          : deterministic
# ignoring probs <=  : 0
# Branch length floor: 0
# DE strategy        : 2
#    F               : 0.3
#    CR              : 0.8
#    tolerance       : 3e-06
# nthreads           : 32
# lgo input file     : abc2.lgo
# site pat input file: ../../chrX/boot_chrX/boot19.opf
# free parameters    : 15
# points in DE swarm : 45
# output state file  : b1boot19.state
# Including singleton site patterns.
# cost function      : KL
Initial parameter values
Fixed:
      zero = 0
       one = 1
    Tbecnw = 75200
Free:
       pc1 = 0
       pc2 = 0
       pc3 = 0
       pc4 = 0
       pc5 = 0
       pc6 = 0
       pc7 = 0
       pc8 = 0
       pc9 = 0
      pc10 = 0
      pc11 = 0
      pc12 = 0
      pc13 = 0
      pc14 = 0
      pc15 = 0
Constrained:
   Tgbecnw = 171150
     Tecnw = 26837.9
       Tnw = 21329
       Tec = 11321.4
     twoNb = 727758
     twoNe = 15704.1
     twoNn = 126268
    twoNec = 83198.3
    twoNnw = 16779.3
  twoNecnw = 61187.2
  twoNbecnw = 18921.1
  twoNgbecnw = 345226
         m = 0.074923
        m2 = 0.0262565
        m3 = 0.234512
        Tb = 19079.7
        Ta = 47139.8
        Tc = 10664.5
DiffEv reached_goal. cost=1.90234e-03 spread=2.90917e-06
Fitted parameter values
Free:
       pc1 = -0.354136
       pc2 = -3.00953
       pc3 = 1.95517
       pc4 = -0.472742
       pc5 = -1.18043
       pc6 = -0.0587164
       pc7 = 0.355363
       pc8 = -0.520205
       pc9 = -0.16442
      pc10 = 0.248519
      pc11 = 0.713588
      pc12 = 0.0211416
      pc13 = 0.0891855
      pc14 = -0.127257
      pc15 = 0.0790432
Constrained:
   Tgbecnw = 131383
     Tecnw = 26543.8
       Tnw = 21980.5
       Tec = 11177.6
     twoNb = 962710
     twoNe = 5057.59
     twoNn = 174221
    twoNec = 78614.5
    twoNnw = 12064.7
  twoNecnw = 58450
  twoNbecnw = 14880.2
  twoNgbecnw = 420173
         m = 0.0602025
        m2 = 0.0269006
        m3 = 0.25362
        Tb = 18860.7
        Ta = 47030.4
        Tc = 10990.3
#       SitePat  BranchLen
              b 119529.6117313
              e 45735.9033401
              c 46100.8313003
              n 42096.5237322
              w 45147.4365679
            b:e 1314.5382425
            b:c 1331.6608749
            b:n 933.5905069
            b:w 1073.6944482
            e:c 11706.5010937
            e:n 4910.8299032
            e:w 3680.6815046
            c:n 4545.9019430
            c:w 3763.5243072
            n:w 12678.3977481
          b:e:c 1282.4971692
          b:e:n 541.7977511
          b:e:w 537.1637098
          b:c:n 524.6751187
          b:c:w 559.3462543
          b:n:w 1316.7864822
          e:c:n 4976.3415459
          e:c:w 3805.4616149
          e:n:w 5300.6522468
          c:n:w 5217.8094442
        b:e:c:n 1134.1420188
        b:e:c:w 1096.4941379
        b:e:n:w 1867.7384542
        b:c:n:w 1845.5559097
        e:c:n:w 46998.5501792
