########################################
# legofit: estimate population history #
#            version 2.3.3             #
########################################

# Program was compiled: Sep 12 2021 17:54:39
# Program was run: Tue Sep 21 08:21:16 2021

# cmd: legofit -1 -d 0 -t 32 --ptsPerDim 3 --stateOut b1boot7.state --tol 3e-6 -S 5000 abc2.lgo ../../chrX/boot_chrX/boot7.opf
# Stage nOptItr nSimReps
#     0    5000        0
# algorithm          : deterministic
# ignoring probs <=  : 0
# Branch length floor: 0
# DE strategy        : 2
#    F               : 0.3
#    CR              : 0.8
#    tolerance       : 3e-06
# nthreads           : 32
# lgo input file     : abc2.lgo
# site pat input file: ../../chrX/boot_chrX/boot7.opf
# free parameters    : 15
# points in DE swarm : 45
# output state file  : b1boot7.state
# Including singleton site patterns.
# cost function      : KL
Initial parameter values
Fixed:
      zero = 0
       one = 1
    Tbecnw = 75200
Free:
       pc1 = 0
       pc2 = 0
       pc3 = 0
       pc4 = 0
       pc5 = 0
       pc6 = 0
       pc7 = 0
       pc8 = 0
       pc9 = 0
      pc10 = 0
      pc11 = 0
      pc12 = 0
      pc13 = 0
      pc14 = 0
      pc15 = 0
Constrained:
   Tgbecnw = 171150
     Tecnw = 26837.9
       Tnw = 21329
       Tec = 11321.4
     twoNb = 727758
     twoNe = 15704.1
     twoNn = 126268
    twoNec = 83198.3
    twoNnw = 16779.3
  twoNecnw = 61187.2
  twoNbecnw = 18921.1
  twoNgbecnw = 345226
         m = 0.074923
        m2 = 0.0262565
        m3 = 0.234512
        Tb = 19079.7
        Ta = 47139.8
        Tc = 10664.5
DiffEv reached_goal. cost=1.96029e-03 spread=2.47180e-06
Fitted parameter values
Free:
       pc1 = -1.26384
       pc2 = -1.66467
       pc3 = 1.40874
       pc4 = -1.65187
       pc5 = -1.81317
       pc6 = 0.519928
       pc7 = -0.449811
       pc8 = 0.22434
       pc9 = -0.0687204
      pc10 = -1.14478
      pc11 = 0.075804
      pc12 = -0.167505
      pc13 = 0.270356
      pc14 = -0.220505
      pc15 = -0.114042
Constrained:
   Tgbecnw = 135951
     Tecnw = 26385.3
       Tnw = 20524.6
       Tec = 10874.3
     twoNb = 1.19913e+06
     twoNe = 21863.5
     twoNn = 225766
    twoNec = 79591.7
    twoNnw = 17553.1
  twoNecnw = 60430.2
  twoNbecnw = 15688.4
  twoNgbecnw = 444625
         m = 0.0573365
        m2 = 0.0266489
        m3 = 0.25218
        Tb = 18629.8
        Ta = 46914.9
        Tc = 10262.3
#       SitePat  BranchLen
              b 120092.6919972
              e 46010.8185327
              c 46292.5439648
              n 42895.7072555
              w 45904.4196620
            b:e 1324.1301331
            b:c 1337.3379873
            b:n 994.8922231
            b:w 1140.0803882
            e:c 11792.2065495
            e:n 5030.1452337
            e:w 3861.5792529
            c:n 4748.4198016
            c:w 3924.7154134
            n:w 12433.5085714
          b:e:c 1293.5821657
          b:e:n 573.3773553
          b:e:w 573.3525789
          b:c:n 560.1695012
          b:c:w 590.5611651
          b:n:w 1333.0617751
          e:c:n 5126.1426611
          e:c:w 3970.7690461
          e:n:w 5208.8826004
          c:n:w 5145.7464400
        b:e:c:n 1203.4025188
        b:e:c:w 1166.7790662
        b:e:n:w 1898.9204089
        b:c:n:w 1881.7118227
        e:c:n:w 46929.9630758
