########################################
# legofit: estimate population history #
#            version 2.3.3             #
########################################

# Program was compiled: Sep 12 2021 17:54:39
# Program was run: Tue Sep 21 09:50:38 2021

# cmd: legofit -1 -d 0 -t 32 --ptsPerDim 3 --stateOut b1boot46.state --tol 3e-6 -S 5000 abc2.lgo ../../chrX/boot_chrX/boot46.opf
# Stage nOptItr nSimReps
#     0    5000        0
# algorithm          : deterministic
# ignoring probs <=  : 0
# Branch length floor: 0
# DE strategy        : 2
#    F               : 0.3
#    CR              : 0.8
#    tolerance       : 3e-06
# nthreads           : 32
# lgo input file     : abc2.lgo
# site pat input file: ../../chrX/boot_chrX/boot46.opf
# free parameters    : 15
# points in DE swarm : 45
# output state file  : b1boot46.state
# Including singleton site patterns.
# cost function      : KL
Initial parameter values
Fixed:
      zero = 0
       one = 1
    Tbecnw = 75200
Free:
       pc1 = 0
       pc2 = 0
       pc3 = 0
       pc4 = 0
       pc5 = 0
       pc6 = 0
       pc7 = 0
       pc8 = 0
       pc9 = 0
      pc10 = 0
      pc11 = 0
      pc12 = 0
      pc13 = 0
      pc14 = 0
      pc15 = 0
Constrained:
   Tgbecnw = 171150
     Tecnw = 26837.9
       Tnw = 21329
       Tec = 11321.4
     twoNb = 727758
     twoNe = 15704.1
     twoNn = 126268
    twoNec = 83198.3
    twoNnw = 16779.3
  twoNecnw = 61187.2
  twoNbecnw = 18921.1
  twoNgbecnw = 345226
         m = 0.074923
        m2 = 0.0262565
        m3 = 0.234512
        Tb = 19079.7
        Ta = 47139.8
        Tc = 10664.5
DiffEv reached_goal. cost=1.94091e-03 spread=2.86020e-06
Fitted parameter values
Free:
       pc1 = -1.55971
       pc2 = -1.34093
       pc3 = 0.977057
       pc4 = -0.221834
       pc5 = -0.733555
       pc6 = 0.962604
       pc7 = 0.221725
       pc8 = -0.36816
       pc9 = -0.253872
      pc10 = -0.30639
      pc11 = -0.282511
      pc12 = -0.0910498
      pc13 = 0.175542
      pc14 = -0.0783655
      pc15 = -0.0833993
Constrained:
   Tgbecnw = 134846
     Tecnw = 26304.5
       Tnw = 20879.9
       Tec = 10848.1
     twoNb = 988832
     twoNe = 15089.8
     twoNn = 48888.5
    twoNec = 83724.2
    twoNnw = 16706.2
  twoNecnw = 59929.5
  twoNbecnw = 15864.9
  twoNgbecnw = 390324
         m = 0.0660628
        m2 = 0.0260183
        m3 = 0.240188
        Tb = 18576.3
        Ta = 46888.2
        Tc = 10439.9
#       SitePat  BranchLen
              b 120674.7043859
              e 46181.0178591
              c 46440.7462860
              n 43017.5122212
              w 45742.2157764
            b:e 1330.4449686
            b:c 1342.6101117
            b:n 985.4881496
            b:w 1108.5576422
            e:c 11573.1019981
            e:n 4982.7501879
            e:w 3914.8684906
            c:n 4723.0217609
            c:w 3973.7420778
            n:w 12319.5801463
          b:e:c 1263.8848969
          b:e:n 567.4589709
          b:e:w 566.5946485
          b:c:n 555.2938278
          b:c:w 582.2398500
          b:n:w 1298.1364652
          e:c:n 5026.6144343
          e:c:w 3994.9615838
          e:n:w 5270.0964968
          c:n:w 5211.2229097
        b:e:c:n 1169.0151535
        b:e:c:w 1143.9746644
        b:e:n:w 1874.2389164
        b:c:n:w 1858.5937149
        e:c:n:w 47462.2132157
