########################################
# legofit: estimate population history #
#            version 2.3.3             #
########################################

# Program was compiled: Sep 12 2021 17:54:39
# Program was run: Tue Sep 21 08:50:14 2021

# cmd: legofit -1 -d 0 -t 32 --ptsPerDim 3 --stateOut b1boot13.state --tol 3e-6 -S 5000 abc2.lgo ../../chrX/boot_chrX/boot13.opf
# Stage nOptItr nSimReps
#     0    5000        0
# algorithm          : deterministic
# ignoring probs <=  : 0
# Branch length floor: 0
# DE strategy        : 2
#    F               : 0.3
#    CR              : 0.8
#    tolerance       : 3e-06
# nthreads           : 32
# lgo input file     : abc2.lgo
# site pat input file: ../../chrX/boot_chrX/boot13.opf
# free parameters    : 15
# points in DE swarm : 45
# output state file  : b1boot13.state
# Including singleton site patterns.
# cost function      : KL
Initial parameter values
Fixed:
      zero = 0
       one = 1
    Tbecnw = 75200
Free:
       pc1 = 0
       pc2 = 0
       pc3 = 0
       pc4 = 0
       pc5 = 0
       pc6 = 0
       pc7 = 0
       pc8 = 0
       pc9 = 0
      pc10 = 0
      pc11 = 0
      pc12 = 0
      pc13 = 0
      pc14 = 0
      pc15 = 0
Constrained:
   Tgbecnw = 171150
     Tecnw = 26837.9
       Tnw = 21329
       Tec = 11321.4
     twoNb = 727758
     twoNe = 15704.1
     twoNn = 126268
    twoNec = 83198.3
    twoNnw = 16779.3
  twoNecnw = 61187.2
  twoNbecnw = 18921.1
  twoNgbecnw = 345226
         m = 0.074923
        m2 = 0.0262565
        m3 = 0.234512
        Tb = 19079.7
        Ta = 47139.8
        Tc = 10664.5
DiffEv reached_goal. cost=1.98291e-03 spread=2.04406e-06
Fitted parameter values
Free:
       pc1 = 0.103853
       pc2 = -1.03579
       pc3 = 0.713331
       pc4 = 0.427373
       pc5 = -1.3691
       pc6 = 0.499556
       pc7 = -0.146919
       pc8 = -0.369524
       pc9 = 0.302012
      pc10 = 0.0990445
      pc11 = 0.823063
      pc12 = -0.0185281
      pc13 = -0.21092
      pc14 = -0.153145
      pc15 = -0.0121267
Constrained:
   Tgbecnw = 140035
     Tecnw = 26932.7
       Tnw = 21719
       Tec = 11198.4
     twoNb = 1.07265e+06
     twoNe = 5741.39
     twoNn = 97011.7
    twoNec = 81702.5
    twoNnw = 15107.4
  twoNecnw = 60305.9
  twoNbecnw = 17195.3
  twoNgbecnw = 364520
         m = 0.072594
        m2 = 0.027332
        m3 = 0.241553
        Tb = 19065.5
        Ta = 47132.8
        Tc = 10859.5
#       SitePat  BranchLen
              b 122410.6961342
              e 46540.5919711
              c 47104.1024446
              n 43165.9309870
              w 46284.1987206
            b:e 1352.4028416
            b:c 1379.0938193
            b:n 983.6387876
            b:w 1129.7334121
            e:c 11806.2416398
            e:n 5189.9008963
            e:w 3807.3380595
            c:n 4626.3904228
            c:w 3934.1830537
            n:w 12631.8957563
          b:e:c 1302.0911676
          b:e:n 575.5263924
          b:e:w 561.1665163
          b:c:n 548.8354147
          b:c:w 595.9205880
          b:n:w 1343.5612362
          e:c:n 5110.3631001
          e:c:w 3929.4702447
          e:n:w 5354.8655622
          c:n:w 5228.0205680
        b:e:c:n 1184.8131671
        b:e:c:w 1143.3886085
        b:e:n:w 1949.1720569
        b:c:n:w 1914.4179852
        e:c:n:w 48567.1260534
