########################################
# legofit: estimate population history #
#            version 2.3.3             #
########################################

# Program was compiled: Sep 12 2021 17:54:39
# Program was run: Tue Sep 21 09:53:46 2021

# cmd: legofit -1 -d 0 -t 32 --ptsPerDim 3 --stateOut b1boot49.state --tol 3e-6 -S 5000 abc2.lgo ../../chrX/boot_chrX/boot49.opf
# Stage nOptItr nSimReps
#     0    5000        0
# algorithm          : deterministic
# ignoring probs <=  : 0
# Branch length floor: 0
# DE strategy        : 2
#    F               : 0.3
#    CR              : 0.8
#    tolerance       : 3e-06
# nthreads           : 32
# lgo input file     : abc2.lgo
# site pat input file: ../../chrX/boot_chrX/boot49.opf
# free parameters    : 15
# points in DE swarm : 45
# output state file  : b1boot49.state
# Including singleton site patterns.
# cost function      : KL
Initial parameter values
Fixed:
      zero = 0
       one = 1
    Tbecnw = 75200
Free:
       pc1 = 0
       pc2 = 0
       pc3 = 0
       pc4 = 0
       pc5 = 0
       pc6 = 0
       pc7 = 0
       pc8 = 0
       pc9 = 0
      pc10 = 0
      pc11 = 0
      pc12 = 0
      pc13 = 0
      pc14 = 0
      pc15 = 0
Constrained:
   Tgbecnw = 171150
     Tecnw = 26837.9
       Tnw = 21329
       Tec = 11321.4
     twoNb = 727758
     twoNe = 15704.1
     twoNn = 126268
    twoNec = 83198.3
    twoNnw = 16779.3
  twoNecnw = 61187.2
  twoNbecnw = 18921.1
  twoNgbecnw = 345226
         m = 0.074923
        m2 = 0.0262565
        m3 = 0.234512
        Tb = 19079.7
        Ta = 47139.8
        Tc = 10664.5
DiffEv reached_goal. cost=1.92394e-03 spread=2.73908e-06
Fitted parameter values
Free:
       pc1 = 0.843565
       pc2 = -2.38601
       pc3 = -2.82396
       pc4 = 0.424798
       pc5 = -1.55104
       pc6 = -0.439426
       pc7 = -0.471312
       pc8 = -0.472981
       pc9 = -1.22746
      pc10 = 1.04699
      pc11 = -0.7071
      pc12 = 0.865249
      pc13 = -0.427988
      pc14 = 0.473727
      pc15 = 0.0373079
Constrained:
   Tgbecnw = 119899
     Tecnw = 26215.9
       Tnw = 22843.4
       Tec = 12078.5
     twoNb = 902686
     twoNe = 12241.1
     twoNn = 305231
    twoNec = 77879
    twoNnw = 10569.5
  twoNecnw = 61196.3
  twoNbecnw = 14544.2
  twoNgbecnw = 242476
         m = 0.111028
        m2 = 0.0272516
        m3 = 0.237874
        Tb = 19147.2
        Ta = 47173.6
        Tc = 11421.7
#       SitePat  BranchLen
              b 121805.1334015
              e 46483.8032214
              c 46980.1184823
              n 43405.6531259
              w 46254.7050150
            b:e 1415.8591496
            b:c 1440.9166919
            b:n 1024.1283995
            b:w 1150.2902990
            e:c 11451.6644358
            e:n 5204.4539046
            e:w 3953.0970737
            c:n 4708.1386436
            c:w 4069.3855488
            n:w 12150.1013798
          b:e:c 1305.2742672
          b:e:n 600.6538173
          b:e:w 586.1639455
          b:c:n 575.5962749
          b:c:w 617.6320889
          b:n:w 1335.6806360
          e:c:n 5098.7463028
          e:c:w 4026.6920217
          e:n:w 5405.2515887
          c:n:w 5288.9631137
        b:e:c:n 1221.0785020
        b:e:c:w 1180.4830588
        b:e:n:w 1946.2439973
        b:c:n:w 1914.7758538
        e:c:n:w 48240.4454459
