########################################
# legofit: estimate population history #
#            version 2.3.3             #
########################################

# Program was compiled: Sep 12 2021 17:54:39
# Program was run: Tue Sep 21 09:31:36 2021

# cmd: legofit -1 -d 0 -t 32 --ptsPerDim 3 --stateOut b1boot36.state --tol 3e-6 -S 5000 abc2.lgo ../../chrX/boot_chrX/boot36.opf
# Stage nOptItr nSimReps
#     0    5000        0
# algorithm          : deterministic
# ignoring probs <=  : 0
# Branch length floor: 0
# DE strategy        : 2
#    F               : 0.3
#    CR              : 0.8
#    tolerance       : 3e-06
# nthreads           : 32
# lgo input file     : abc2.lgo
# site pat input file: ../../chrX/boot_chrX/boot36.opf
# free parameters    : 15
# points in DE swarm : 45
# output state file  : b1boot36.state
# Including singleton site patterns.
# cost function      : KL
Initial parameter values
Fixed:
      zero = 0
       one = 1
    Tbecnw = 75200
Free:
       pc1 = 0
       pc2 = 0
       pc3 = 0
       pc4 = 0
       pc5 = 0
       pc6 = 0
       pc7 = 0
       pc8 = 0
       pc9 = 0
      pc10 = 0
      pc11 = 0
      pc12 = 0
      pc13 = 0
      pc14 = 0
      pc15 = 0
Constrained:
   Tgbecnw = 171150
     Tecnw = 26837.9
       Tnw = 21329
       Tec = 11321.4
     twoNb = 727758
     twoNe = 15704.1
     twoNn = 126268
    twoNec = 83198.3
    twoNnw = 16779.3
  twoNecnw = 61187.2
  twoNbecnw = 18921.1
  twoNgbecnw = 345226
         m = 0.074923
        m2 = 0.0262565
        m3 = 0.234512
        Tb = 19079.7
        Ta = 47139.8
        Tc = 10664.5
DiffEv reached_goal. cost=1.98854e-03 spread=2.83792e-06
Fitted parameter values
Free:
       pc1 = -2.04978
       pc2 = -0.0214766
       pc3 = 0.351947
       pc4 = -0.074101
       pc5 = -1.6185
       pc6 = 0.533841
       pc7 = 0.702019
       pc8 = -0.635012
       pc9 = -0.379442
      pc10 = 0.0248139
      pc11 = -0.400348
      pc12 = 0.09706
      pc13 = 0.27624
      pc14 = -0.00183602
      pc15 = -0.00495914
Constrained:
   Tgbecnw = 135060
     Tecnw = 26366.2
       Tnw = 19865.6
       Tec = 10553.7
     twoNb = 938009
     twoNe = 20238.9
     twoNn = 53282.9
    twoNec = 85675.7
    twoNnw = 20178.5
  twoNecnw = 59973.8
  twoNbecnw = 16309.8
  twoNgbecnw = 345506
         m = 0.077182
        m2 = 0.0275769
        m3 = 0.238707
        Tb = 18460
        Ta = 46830
        Tc = 9932.79
#       SitePat  BranchLen
              b 122055.7802457
              e 46328.3999623
              c 46624.9534893
              n 43021.1750946
              w 45758.8600590
            b:e 1347.0963739
            b:c 1360.8886139
            b:n 984.0357971
            b:w 1100.6727893
            e:c 11606.1305022
            e:n 5029.5910240
            e:w 3927.5465780
            c:n 4733.0374971
            c:w 3994.2132121
            n:w 12451.2171531
          b:e:c 1253.6234557
          b:e:n 565.1587839
          b:e:w 563.1308880
          b:c:n 551.3665440
          b:c:w 581.0319220
          b:n:w 1291.7070666
          e:c:n 5039.5018088
          e:c:w 4011.2999981
          e:n:w 5315.5941468
          c:n:w 5248.9275127
        b:e:c:n 1158.0235750
        b:e:c:w 1145.1347177
        b:e:n:w 1918.7969690
        b:c:n:w 1900.8959350
        e:c:n:w 48568.3150645
