########################################
# legofit: estimate population history #
#            version 2.3.3             #
########################################

# Program was compiled: Sep 12 2021 17:54:39
# Program was run: Tue Sep 21 09:23:43 2021

# cmd: legofit -1 -d 0 -t 32 --ptsPerDim 3 --stateOut b1boot29.state --tol 3e-6 -S 5000 abc2.lgo ../../chrX/boot_chrX/boot29.opf
# Stage nOptItr nSimReps
#     0    5000        0
# algorithm          : deterministic
# ignoring probs <=  : 0
# Branch length floor: 0
# DE strategy        : 2
#    F               : 0.3
#    CR              : 0.8
#    tolerance       : 3e-06
# nthreads           : 32
# lgo input file     : abc2.lgo
# site pat input file: ../../chrX/boot_chrX/boot29.opf
# free parameters    : 15
# points in DE swarm : 45
# output state file  : b1boot29.state
# Including singleton site patterns.
# cost function      : KL
Initial parameter values
Fixed:
      zero = 0
       one = 1
    Tbecnw = 75200
Free:
       pc1 = 0
       pc2 = 0
       pc3 = 0
       pc4 = 0
       pc5 = 0
       pc6 = 0
       pc7 = 0
       pc8 = 0
       pc9 = 0
      pc10 = 0
      pc11 = 0
      pc12 = 0
      pc13 = 0
      pc14 = 0
      pc15 = 0
Constrained:
   Tgbecnw = 171150
     Tecnw = 26837.9
       Tnw = 21329
       Tec = 11321.4
     twoNb = 727758
     twoNe = 15704.1
     twoNn = 126268
    twoNec = 83198.3
    twoNnw = 16779.3
  twoNecnw = 61187.2
  twoNbecnw = 18921.1
  twoNgbecnw = 345226
         m = 0.074923
        m2 = 0.0262565
        m3 = 0.234512
        Tb = 19079.7
        Ta = 47139.8
        Tc = 10664.5
DiffEv reached_goal. cost=1.97976e-03 spread=2.25896e-06
Fitted parameter values
Free:
       pc1 = -0.576098
       pc2 = -2.70818
       pc3 = 1.43551
       pc4 = 0.0736706
       pc5 = -0.551691
       pc6 = 0.644387
       pc7 = 0.787021
       pc8 = -0.6882
       pc9 = -0.27167
      pc10 = -0.243898
      pc11 = 0.191639
      pc12 = -0.0614961
      pc13 = 0.275189
      pc14 = 0.307104
      pc15 = -0.0126414
Constrained:
   Tgbecnw = 134908
     Tecnw = 26355
       Tnw = 21877.2
       Tec = 11121.9
     twoNb = 913840
     twoNe = 5276.12
     twoNn = 26165
    twoNec = 80666.8
    twoNnw = 13178
  twoNecnw = 58982.9
  twoNbecnw = 15636.6
  twoNgbecnw = 396998
         m = 0.0659896
        m2 = 0.0257456
        m3 = 0.25483
        Tb = 18738.4
        Ta = 46969.2
        Tc = 10938.6
#       SitePat  BranchLen
              b 120815.7998200
              e 45770.7048122
              c 46116.6881781
              n 42634.6600888
              w 45613.3118717
            b:e 1284.8711875
            b:c 1300.7916477
            b:n 941.4124462
            b:w 1072.1093568
            e:c 11509.5121577
            e:n 5028.6709616
            e:w 3829.3096752
            c:n 4682.6875956
            c:w 3908.2407256
            n:w 12168.3302818
          b:e:c 1219.9834438
          b:e:n 545.1348717
          b:e:w 541.1066983
          b:c:n 529.2144114
          b:c:w 561.6739662
          b:n:w 1254.9683534
          e:c:n 5058.9423038
          e:c:w 3923.2904108
          e:n:w 5243.5624721
          c:n:w 5164.6314217
        b:e:c:n 1127.9139251
        b:e:c:w 1099.5939284
        b:e:n:w 1823.0350657
        b:c:n:w 1802.4677977
        e:c:n:w 47914.4451242
