########################################
# legofit: estimate population history #
#            version 2.3.3             #
########################################

# Program was compiled: Sep 12 2021 17:54:39
# Program was run: Tue Sep 21 09:48:41 2021

# cmd: legofit -1 -d 0 -t 32 --ptsPerDim 3 --stateOut b1boot45.state --tol 3e-6 -S 5000 abc2.lgo ../../chrX/boot_chrX/boot45.opf
# Stage nOptItr nSimReps
#     0    5000        0
# algorithm          : deterministic
# ignoring probs <=  : 0
# Branch length floor: 0
# DE strategy        : 2
#    F               : 0.3
#    CR              : 0.8
#    tolerance       : 3e-06
# nthreads           : 32
# lgo input file     : abc2.lgo
# site pat input file: ../../chrX/boot_chrX/boot45.opf
# free parameters    : 15
# points in DE swarm : 45
# output state file  : b1boot45.state
# Including singleton site patterns.
# cost function      : KL
Initial parameter values
Fixed:
      zero = 0
       one = 1
    Tbecnw = 75200
Free:
       pc1 = 0
       pc2 = 0
       pc3 = 0
       pc4 = 0
       pc5 = 0
       pc6 = 0
       pc7 = 0
       pc8 = 0
       pc9 = 0
      pc10 = 0
      pc11 = 0
      pc12 = 0
      pc13 = 0
      pc14 = 0
      pc15 = 0
Constrained:
   Tgbecnw = 171150
     Tecnw = 26837.9
       Tnw = 21329
       Tec = 11321.4
     twoNb = 727758
     twoNe = 15704.1
     twoNn = 126268
    twoNec = 83198.3
    twoNnw = 16779.3
  twoNecnw = 61187.2
  twoNbecnw = 18921.1
  twoNgbecnw = 345226
         m = 0.074923
        m2 = 0.0262565
        m3 = 0.234512
        Tb = 19079.7
        Ta = 47139.8
        Tc = 10664.5
DiffEv reached_goal. cost=1.79284e-03 spread=2.44638e-06
Fitted parameter values
Free:
       pc1 = -2.53636
       pc2 = -0.541985
       pc3 = 1.88255
       pc4 = 0.367454
       pc5 = -1.60679
       pc6 = -0.765032
       pc7 = -0.554024
       pc8 = -0.749689
       pc9 = -0.076251
      pc10 = 0.684588
      pc11 = 0.555236
      pc12 = 0.135035
      pc13 = -0.171863
      pc14 = -0.263478
      pc15 = -0.00101191
Constrained:
   Tgbecnw = 131821
     Tecnw = 26680.6
       Tnw = 20125.4
       Tec = 10327.7
     twoNb = 965380
     twoNe = 5249.85
     twoNn = 302455
    twoNec = 86830.6
    twoNnw = 20216.5
  twoNecnw = 58609.2
  twoNbecnw = 15195.8
  twoNgbecnw = 389859
         m = 0.0660098
        m2 = 0.0277377
        m3 = 0.229895
        Tb = 18504.1
        Ta = 46852.1
        Tc = 10062.7
#       SitePat  BranchLen
              b 120178.5161682
              e 45974.4735004
              c 46436.4976502
              n 42775.0367386
              w 45603.6515326
            b:e 1317.2733600
            b:c 1338.5148514
            b:n 963.3369631
            b:w 1087.6340642
            e:c 11565.2803074
            e:n 5042.6247601
            e:w 3811.0668894
            c:n 4580.6006103
            c:w 3913.6278685
            n:w 12360.3327195
          b:e:c 1249.6474189
          b:e:n 559.5583387
          b:e:w 549.4998797
          b:c:n 538.3168473
          b:c:w 577.1643142
          b:n:w 1286.1134369
          e:c:n 4986.9045282
          e:c:w 3931.9109072
          e:n:w 5250.9002637
          c:n:w 5148.3392845
        b:e:c:n 1148.2794325
        b:e:c:w 1120.1027912
        b:e:n:w 1894.8429809
        b:c:n:w 1867.1785463
        e:c:n:w 47273.6141601
