########################################
# legofit: estimate population history #
#            version 2.3.3             #
########################################

# Program was compiled: Sep 12 2021 17:54:39
# Program was run: Tue Sep 21 08:01:14 2021

# cmd: legofit -1 -d 0 -t 32 --ptsPerDim 3 --stateOut b1boot3.state --tol 3e-6 -S 5000 abc2.lgo ../../chrX/boot_chrX/boot3.opf
# Stage nOptItr nSimReps
#     0    5000        0
# algorithm          : deterministic
# ignoring probs <=  : 0
# Branch length floor: 0
# DE strategy        : 2
#    F               : 0.3
#    CR              : 0.8
#    tolerance       : 3e-06
# nthreads           : 32
# lgo input file     : abc2.lgo
# site pat input file: ../../chrX/boot_chrX/boot3.opf
# free parameters    : 15
# points in DE swarm : 45
# output state file  : b1boot3.state
# Including singleton site patterns.
# cost function      : KL
Initial parameter values
Fixed:
      zero = 0
       one = 1
    Tbecnw = 75200
Free:
       pc1 = 0
       pc2 = 0
       pc3 = 0
       pc4 = 0
       pc5 = 0
       pc6 = 0
       pc7 = 0
       pc8 = 0
       pc9 = 0
      pc10 = 0
      pc11 = 0
      pc12 = 0
      pc13 = 0
      pc14 = 0
      pc15 = 0
Constrained:
   Tgbecnw = 171150
     Tecnw = 26837.9
       Tnw = 21329
       Tec = 11321.4
     twoNb = 727758
     twoNe = 15704.1
     twoNn = 126268
    twoNec = 83198.3
    twoNnw = 16779.3
  twoNecnw = 61187.2
  twoNbecnw = 18921.1
  twoNgbecnw = 345226
         m = 0.074923
        m2 = 0.0262565
        m3 = 0.234512
        Tb = 19079.7
        Ta = 47139.8
        Tc = 10664.5
DiffEv reached_goal. cost=2.02808e-03 spread=2.63491e-06
Fitted parameter values
Free:
       pc1 = -1.01461
       pc2 = -2.35585
       pc3 = 0.859331
       pc4 = 0.615986
       pc5 = -1.00684
       pc6 = -0.694685
       pc7 = -1.65115
       pc8 = -1.08477
       pc9 = -0.385244
      pc10 = -0.358058
      pc11 = -0.0346403
      pc12 = 0.0362129
      pc13 = -0.134829
      pc14 = -0.0972074
      pc15 = -0.00465541
Constrained:
   Tgbecnw = 127871
     Tecnw = 26533.4
       Tnw = 21740
       Tec = 10975.3
     twoNb = 1.13433e+06
     twoNe = 2303.32
     twoNn = 407605
    twoNec = 84145.3
    twoNnw = 14018.4
  twoNecnw = 59474.4
  twoNbecnw = 14762.3
  twoNgbecnw = 354650
         m = 0.0726988
        m2 = 0.0251278
        m3 = 0.242585
        Tb = 18754.3
        Ta = 46977.2
        Tc = 10870
#       SitePat  BranchLen
              b 120217.0850648
              e 46056.3444800
              c 46492.0417289
              n 42749.9143024
              w 45661.5972370
            b:e 1318.8510347
            b:c 1339.2954873
            b:n 966.2014136
            b:w 1102.0384089
            e:c 11514.8307694
            e:n 5051.2441934
            e:w 3815.6356929
            c:n 4615.5469444
            c:w 3914.3243872
            n:w 12355.2171560
          b:e:c 1272.9255653
          b:e:n 566.7866533
          b:e:w 557.4187029
          b:c:n 546.3422007
          b:c:w 583.6047385
          b:n:w 1304.9384038
          e:c:n 4994.6903443
          e:c:w 3899.0272809
          e:n:w 5286.6437760
          c:n:w 5187.9550817
        b:e:c:n 1165.5942543
        b:e:c:w 1122.6738906
        b:e:n:w 1857.7780499
        b:c:n:w 1831.5920143
        e:c:n:w 47272.6813345
