########################################
# legofit: estimate population history #
#            version 2.3.3             #
########################################

# Program was compiled: Sep 12 2021 17:54:39
# Program was run: Tue Sep 21 08:50:51 2021

# cmd: legofit -1 -d 0 -t 32 --ptsPerDim 3 --stateOut b1boot15.state --tol 3e-6 -S 5000 abc2.lgo ../../chrX/boot_chrX/boot15.opf
# Stage nOptItr nSimReps
#     0    5000        0
# algorithm          : deterministic
# ignoring probs <=  : 0
# Branch length floor: 0
# DE strategy        : 2
#    F               : 0.3
#    CR              : 0.8
#    tolerance       : 3e-06
# nthreads           : 32
# lgo input file     : abc2.lgo
# site pat input file: ../../chrX/boot_chrX/boot15.opf
# free parameters    : 15
# points in DE swarm : 45
# output state file  : b1boot15.state
# Including singleton site patterns.
# cost function      : KL
Initial parameter values
Fixed:
      zero = 0
       one = 1
    Tbecnw = 75200
Free:
       pc1 = 0
       pc2 = 0
       pc3 = 0
       pc4 = 0
       pc5 = 0
       pc6 = 0
       pc7 = 0
       pc8 = 0
       pc9 = 0
      pc10 = 0
      pc11 = 0
      pc12 = 0
      pc13 = 0
      pc14 = 0
      pc15 = 0
Constrained:
   Tgbecnw = 171150
     Tecnw = 26837.9
       Tnw = 21329
       Tec = 11321.4
     twoNb = 727758
     twoNe = 15704.1
     twoNn = 126268
    twoNec = 83198.3
    twoNnw = 16779.3
  twoNecnw = 61187.2
  twoNbecnw = 18921.1
  twoNgbecnw = 345226
         m = 0.074923
        m2 = 0.0262565
        m3 = 0.234512
        Tb = 19079.7
        Ta = 47139.8
        Tc = 10664.5
DiffEv reached_goal. cost=2.01800e-03 spread=1.93509e-06
Fitted parameter values
Free:
       pc1 = -1.55909
       pc2 = -1.31178
       pc3 = 3.57916
       pc4 = 0.312718
       pc5 = 0.463706
       pc6 = 0.782409
       pc7 = -0.877099
       pc8 = -0.632638
       pc9 = 1.534
      pc10 = 0.212602
      pc11 = -0.251238
      pc12 = -0.244594
      pc13 = 0.126325
      pc14 = -0.063403
      pc15 = 0.0595387
Constrained:
   Tgbecnw = 155773
     Tecnw = 26704.3
       Tnw = 21504
       Tec = 10910.3
     twoNb = 1.04063e+06
     twoNe = 3724.59
     twoNn = 107898
    twoNec = 89746.4
    twoNnw = 15441.3
  twoNecnw = 58265.5
  twoNbecnw = 19830.2
  twoNgbecnw = 494784
         m = 0.0479903
        m2 = 0.0248959
        m3 = 0.229923
        Tb = 18807.3
        Ta = 47003.6
        Tc = 10752
#       SitePat  BranchLen
              b 121584.3717962
              e 46671.0927260
              c 47062.6670081
              n 43121.0391807
              w 45780.1556019
            b:e 1454.5807756
            b:c 1474.4672653
            b:n 1067.6023566
            b:w 1204.0840733
            e:c 11619.2585540
            e:n 5098.3710098
            e:w 3975.7347185
            c:n 4706.7967277
            c:w 4067.2553824
            n:w 12671.8840612
          b:e:c 1395.1392729
          b:e:n 624.5405950
          b:e:w 614.0983956
          b:c:n 604.6541053
          b:c:w 638.8668345
          b:n:w 1423.2179262
          e:c:n 5114.9560591
          e:c:w 4106.9172900
          e:n:w 5592.6994868
          c:n:w 5501.1788228
        b:e:c:n 1259.3632529
        b:e:c:w 1210.2110042
        b:e:n:w 1975.4280390
        b:c:n:w 1950.6596000
        e:c:n:w 47768.8941733
