########################################
# legofit: estimate population history #
#            version 2.3.3             #
########################################

# Program was compiled: Sep 12 2021 17:54:39
# Program was run: Tue Sep 21 09:32:50 2021

# cmd: legofit -1 -d 0 -t 32 --ptsPerDim 3 --stateOut b1boot38.state --tol 3e-6 -S 5000 abc2.lgo ../../chrX/boot_chrX/boot38.opf
# Stage nOptItr nSimReps
#     0    5000        0
# algorithm          : deterministic
# ignoring probs <=  : 0
# Branch length floor: 0
# DE strategy        : 2
#    F               : 0.3
#    CR              : 0.8
#    tolerance       : 3e-06
# nthreads           : 32
# lgo input file     : abc2.lgo
# site pat input file: ../../chrX/boot_chrX/boot38.opf
# free parameters    : 15
# points in DE swarm : 45
# output state file  : b1boot38.state
# Including singleton site patterns.
# cost function      : KL
Initial parameter values
Fixed:
      zero = 0
       one = 1
    Tbecnw = 75200
Free:
       pc1 = 0
       pc2 = 0
       pc3 = 0
       pc4 = 0
       pc5 = 0
       pc6 = 0
       pc7 = 0
       pc8 = 0
       pc9 = 0
      pc10 = 0
      pc11 = 0
      pc12 = 0
      pc13 = 0
      pc14 = 0
      pc15 = 0
Constrained:
   Tgbecnw = 171150
     Tecnw = 26837.9
       Tnw = 21329
       Tec = 11321.4
     twoNb = 727758
     twoNe = 15704.1
     twoNn = 126268
    twoNec = 83198.3
    twoNnw = 16779.3
  twoNecnw = 61187.2
  twoNbecnw = 18921.1
  twoNgbecnw = 345226
         m = 0.074923
        m2 = 0.0262565
        m3 = 0.234512
        Tb = 19079.7
        Ta = 47139.8
        Tc = 10664.5
DiffEv reached_goal. cost=2.02950e-03 spread=2.82384e-06
Fitted parameter values
Free:
       pc1 = -2.68998
       pc2 = -3.0805
       pc3 = 2.84723
       pc4 = -0.131597
       pc5 = -1.89572
       pc6 = 0.513635
       pc7 = 1.33288
       pc8 = -1.70709
       pc9 = -0.208892
      pc10 = 0.745172
      pc11 = 0.0304097
      pc12 = 0.378961
      pc13 = -0.214498
      pc14 = -0.0931527
      pc15 = 0.0206013
Constrained:
   Tgbecnw = 117404
     Tecnw = 26109.8
       Tnw = 20842.7
       Tec = 10663.1
     twoNb = 1.05424e+06
     twoNe = 6206.21
     twoNn = 37632.2
    twoNec = 84849.8
    twoNnw = 15821
  twoNecnw = 56239.2
  twoNbecnw = 11684.7
  twoNgbecnw = 433802
         m = 0.0616329
        m2 = 0.0275855
        m3 = 0.251348
        Tb = 18386.4
        Ta = 46793.2
        Tc = 10421.4
#       SitePat  BranchLen
              b 119321.2322421
              e 45071.9122827
              c 45450.8249572
              n 41817.0264977
              w 44607.9464002
            b:e 1275.7445519
            b:c 1293.2097002
            b:n 925.9599275
            b:w 1045.9030404
            e:c 11050.5973939
            e:n 4938.0907759
            e:w 3764.1603852
            c:n 4559.1781015
            c:w 3850.1385084
            n:w 11835.3224885
          b:e:c 1196.8193426
          b:e:n 543.4730695
          b:e:w 538.4754990
          b:c:n 526.0079213
          b:c:w 561.6498070
          b:n:w 1230.6306144
          e:c:n 4898.1394882
          e:c:w 3849.4962991
          e:n:w 5191.5561318
          c:n:w 5105.5780086
        b:e:c:n 1114.6413743
        b:e:c:w 1104.7472436
        b:e:n:w 1875.4238246
        b:c:n:w 1852.2495166
        e:c:n:w 47992.8901232
