########################################
# legofit: estimate population history #
#            version 2.3.3             #
########################################

# Program was compiled: Sep 12 2021 17:54:39
# Program was run: Tue Sep 21 09:23:06 2021

# cmd: legofit -1 -d 0 -t 32 --ptsPerDim 3 --stateOut b1boot28.state --tol 3e-6 -S 5000 abc2.lgo ../../chrX/boot_chrX/boot28.opf
# Stage nOptItr nSimReps
#     0    5000        0
# algorithm          : deterministic
# ignoring probs <=  : 0
# Branch length floor: 0
# DE strategy        : 2
#    F               : 0.3
#    CR              : 0.8
#    tolerance       : 3e-06
# nthreads           : 32
# lgo input file     : abc2.lgo
# site pat input file: ../../chrX/boot_chrX/boot28.opf
# free parameters    : 15
# points in DE swarm : 45
# output state file  : b1boot28.state
# Including singleton site patterns.
# cost function      : KL
Initial parameter values
Fixed:
      zero = 0
       one = 1
    Tbecnw = 75200
Free:
       pc1 = 0
       pc2 = 0
       pc3 = 0
       pc4 = 0
       pc5 = 0
       pc6 = 0
       pc7 = 0
       pc8 = 0
       pc9 = 0
      pc10 = 0
      pc11 = 0
      pc12 = 0
      pc13 = 0
      pc14 = 0
      pc15 = 0
Constrained:
   Tgbecnw = 171150
     Tecnw = 26837.9
       Tnw = 21329
       Tec = 11321.4
     twoNb = 727758
     twoNe = 15704.1
     twoNn = 126268
    twoNec = 83198.3
    twoNnw = 16779.3
  twoNecnw = 61187.2
  twoNbecnw = 18921.1
  twoNgbecnw = 345226
         m = 0.074923
        m2 = 0.0262565
        m3 = 0.234512
        Tb = 19079.7
        Ta = 47139.8
        Tc = 10664.5
DiffEv reached_goal. cost=2.06325e-03 spread=2.13956e-06
Fitted parameter values
Free:
       pc1 = -0.701318
       pc2 = -0.94131
       pc3 = -0.102399
       pc4 = -0.252777
       pc5 = -1.07953
       pc6 = -0.121662
       pc7 = -0.704378
       pc8 = -0.46403
       pc9 = -0.342175
      pc10 = 0.703584
      pc11 = -0.624693
      pc12 = 0.165083
      pc13 = 0.0271379
      pc14 = -0.215782
      pc15 = -0.0103393
Constrained:
   Tgbecnw = 138074
     Tecnw = 26448.4
       Tnw = 21442.8
       Tec = 11258
     twoNb = 953867
     twoNe = 18399.9
     twoNn = 269529
    twoNec = 83420.5
    twoNnw = 15104.6
  twoNecnw = 60172
  twoNbecnw = 17020
  twoNgbecnw = 333829
         m = 0.0784504
        m2 = 0.0269654
        m3 = 0.230393
        Tb = 18853.2
        Ta = 47026.6
        Tc = 10721.4
#       SitePat  BranchLen
              b 122065.7221681
              e 46664.5255464
              c 46933.5429415
              n 43240.1306665
              w 45827.9999900
            b:e 1350.7621056
            b:c 1363.4124837
            b:n 976.2489390
            b:w 1087.9166948
            e:c 11605.6420511
            e:n 4948.8023212
            e:w 3916.8192430
            c:n 4679.7849261
            c:w 3978.3338788
            n:w 12538.5251276
          b:e:c 1263.0162580
          b:e:n 559.6003068
          b:e:w 557.8511538
          b:c:n 546.9499287
          b:c:w 574.1524215
          b:n:w 1299.5384411
          e:c:n 4971.3687250
          e:c:w 3993.8236756
          e:n:w 5372.6460191
          c:n:w 5311.1313833
        b:e:c:n 1141.4196021
        b:e:c:w 1127.4083967
        b:e:n:w 1903.8404124
        b:c:n:w 1887.5391447
        e:c:n:w 48327.8528125
