########################################
# legofit: estimate population history #
#            version 2.3.3             #
########################################

# Program was compiled: Sep 12 2021 17:54:39
# Program was run: Tue Sep 21 09:19:25 2021

# cmd: legofit -1 -d 0 -t 32 --ptsPerDim 3 --stateOut b1boot27.state --tol 3e-6 -S 5000 abc2.lgo ../../chrX/boot_chrX/boot27.opf
# Stage nOptItr nSimReps
#     0    5000        0
# algorithm          : deterministic
# ignoring probs <=  : 0
# Branch length floor: 0
# DE strategy        : 2
#    F               : 0.3
#    CR              : 0.8
#    tolerance       : 3e-06
# nthreads           : 32
# lgo input file     : abc2.lgo
# site pat input file: ../../chrX/boot_chrX/boot27.opf
# free parameters    : 15
# points in DE swarm : 45
# output state file  : b1boot27.state
# Including singleton site patterns.
# cost function      : KL
Initial parameter values
Fixed:
      zero = 0
       one = 1
    Tbecnw = 75200
Free:
       pc1 = 0
       pc2 = 0
       pc3 = 0
       pc4 = 0
       pc5 = 0
       pc6 = 0
       pc7 = 0
       pc8 = 0
       pc9 = 0
      pc10 = 0
      pc11 = 0
      pc12 = 0
      pc13 = 0
      pc14 = 0
      pc15 = 0
Constrained:
   Tgbecnw = 171150
     Tecnw = 26837.9
       Tnw = 21329
       Tec = 11321.4
     twoNb = 727758
     twoNe = 15704.1
     twoNn = 126268
    twoNec = 83198.3
    twoNnw = 16779.3
  twoNecnw = 61187.2
  twoNbecnw = 18921.1
  twoNgbecnw = 345226
         m = 0.074923
        m2 = 0.0262565
        m3 = 0.234512
        Tb = 19079.7
        Ta = 47139.8
        Tc = 10664.5
DiffEv reached_goal. cost=2.07603e-03 spread=2.76103e-06
Fitted parameter values
Free:
       pc1 = 0.328404
       pc2 = -1.26895
       pc3 = -0.00549231
       pc4 = -0.923273
       pc5 = -1.5897
       pc6 = 1.88678
       pc7 = -0.520621
       pc8 = 0.799283
       pc9 = -0.0861216
      pc10 = 0.110589
      pc11 = -0.133714
      pc12 = -0.0941671
      pc13 = 0.176962
      pc14 = -0.624191
      pc15 = -0.186155
Constrained:
   Tgbecnw = 141815
     Tecnw = 26443.8
       Tnw = 22082.6
       Tec = 11393.5
     twoNb = 1.23458e+06
     twoNe = 22439.7
     twoNn = 47913.7
    twoNec = 78315.1
    twoNnw = 12396.4
  twoNecnw = 61788.5
  twoNbecnw = 17641.8
  twoNgbecnw = 383235
         m = 0.0671872
        m2 = 0.0275947
        m3 = 0.23337
        Tb = 18918.7
        Ta = 47059.3
        Tc = 11041.3
#       SitePat  BranchLen
              b 122040.4422875
              e 46966.1902348
              c 47113.8348609
              n 43411.7836506
              w 46073.1643493
            b:e 1417.9888543
            b:c 1425.2763119
            b:n 1033.8891958
            b:w 1165.6120906
            e:c 12080.0726002
            e:n 4871.7548430
            e:w 3898.4127171
            c:n 4724.1102169
            c:w 3932.2591543
            n:w 12998.0945838
          b:e:c 1385.5565731
          b:e:n 586.9861502
          b:e:w 592.4252982
          b:c:n 579.6986926
          b:c:w 601.8766004
          b:n:w 1427.1078394
          e:c:n 5042.1727741
          e:c:w 4011.3613235
          e:n:w 5413.6497462
          c:n:w 5379.8033091
        b:e:c:n 1225.6258507
        b:e:c:w 1200.9098702
        b:e:n:w 2007.8813811
        b:c:n:w 1998.4300789
        e:c:n:w 47988.7189881
