########################################
# legofit: estimate population history #
#            version 2.3.3             #
########################################

# Program was compiled: Sep 12 2021 17:54:39
# Program was run: Tue Sep 21 08:23:02 2021

# cmd: legofit -1 -d 0 -t 32 --ptsPerDim 3 --stateOut b1boot8.state --tol 3e-6 -S 5000 abc2.lgo ../../chrX/boot_chrX/boot8.opf
# Stage nOptItr nSimReps
#     0    5000        0
# algorithm          : deterministic
# ignoring probs <=  : 0
# Branch length floor: 0
# DE strategy        : 2
#    F               : 0.3
#    CR              : 0.8
#    tolerance       : 3e-06
# nthreads           : 32
# lgo input file     : abc2.lgo
# site pat input file: ../../chrX/boot_chrX/boot8.opf
# free parameters    : 15
# points in DE swarm : 45
# output state file  : b1boot8.state
# Including singleton site patterns.
# cost function      : KL
Initial parameter values
Fixed:
      zero = 0
       one = 1
    Tbecnw = 75200
Free:
       pc1 = 0
       pc2 = 0
       pc3 = 0
       pc4 = 0
       pc5 = 0
       pc6 = 0
       pc7 = 0
       pc8 = 0
       pc9 = 0
      pc10 = 0
      pc11 = 0
      pc12 = 0
      pc13 = 0
      pc14 = 0
      pc15 = 0
Constrained:
   Tgbecnw = 171150
     Tecnw = 26837.9
       Tnw = 21329
       Tec = 11321.4
     twoNb = 727758
     twoNe = 15704.1
     twoNn = 126268
    twoNec = 83198.3
    twoNnw = 16779.3
  twoNecnw = 61187.2
  twoNbecnw = 18921.1
  twoNgbecnw = 345226
         m = 0.074923
        m2 = 0.0262565
        m3 = 0.234512
        Tb = 19079.7
        Ta = 47139.8
        Tc = 10664.5
DiffEv reached_goal. cost=2.06711e-03 spread=2.85959e-06
Fitted parameter values
Free:
       pc1 = -1.79148
       pc2 = -1.55819
       pc3 = 1.19029
       pc4 = -0.0385343
       pc5 = -0.506813
       pc6 = 0.775852
       pc7 = 0.392247
       pc8 = -0.0221236
       pc9 = -0.412019
      pc10 = 0.284904
      pc11 = -0.0697644
      pc12 = -0.0402255
      pc13 = -0.0282879
      pc14 = -0.00333929
      pc15 = 0.0448819
Constrained:
   Tgbecnw = 130380
     Tecnw = 26241.6
       Tnw = 20874
       Tec = 10869.1
     twoNb = 864082
     twoNe = 9654
     twoNn = 52058.6
    twoNec = 83416.8
    twoNnw = 16078.8
  twoNecnw = 59658.3
  twoNbecnw = 15245.4
  twoNgbecnw = 402000
         m = 0.0644307
        m2 = 0.026433
        m3 = 0.234289
        Tb = 18555.3
        Ta = 46877.7
        Tc = 10437
#       SitePat  BranchLen
              b 120956.2602986
              e 46085.7542841
              c 46501.1462070
              n 42711.6764764
              w 45510.2305243
            b:e 1416.3749204
            b:c 1437.0799393
            b:n 1031.5953778
            b:w 1165.2825347
            e:c 11618.4921115
            e:n 5071.8207225
            e:w 3886.9667729
            c:n 4656.4287997
            c:w 3982.1444704
            n:w 12535.0064668
          b:e:c 1353.0223340
          b:e:n 602.6352107
          b:e:w 592.7686411
          b:c:n 581.9301918
          b:c:w 619.0715082
          b:n:w 1382.2237853
          e:c:n 5053.5805672
          e:c:w 3996.2379208
          e:n:w 5394.1035089
          c:n:w 5298.9258114
        b:e:c:n 1237.0068724
        b:e:c:w 1193.9718721
        b:e:n:w 1972.1048980
        b:c:n:w 1945.8020309
        e:c:n:w 48012.2898923
