########################################
# legofit: estimate population history #
#            version 2.3.3             #
########################################

# Program was compiled: Sep 12 2021 17:54:39
# Program was run: Tue Sep 21 08:49:41 2021

# cmd: legofit -1 -d 0 -t 32 --ptsPerDim 3 --stateOut b1boot12.state --tol 3e-6 -S 5000 abc2.lgo ../../chrX/boot_chrX/boot12.opf
# Stage nOptItr nSimReps
#     0    5000        0
# algorithm          : deterministic
# ignoring probs <=  : 0
# Branch length floor: 0
# DE strategy        : 2
#    F               : 0.3
#    CR              : 0.8
#    tolerance       : 3e-06
# nthreads           : 32
# lgo input file     : abc2.lgo
# site pat input file: ../../chrX/boot_chrX/boot12.opf
# free parameters    : 15
# points in DE swarm : 45
# output state file  : b1boot12.state
# Including singleton site patterns.
# cost function      : KL
Initial parameter values
Fixed:
      zero = 0
       one = 1
    Tbecnw = 75200
Free:
       pc1 = 0
       pc2 = 0
       pc3 = 0
       pc4 = 0
       pc5 = 0
       pc6 = 0
       pc7 = 0
       pc8 = 0
       pc9 = 0
      pc10 = 0
      pc11 = 0
      pc12 = 0
      pc13 = 0
      pc14 = 0
      pc15 = 0
Constrained:
   Tgbecnw = 171150
     Tecnw = 26837.9
       Tnw = 21329
       Tec = 11321.4
     twoNb = 727758
     twoNe = 15704.1
     twoNn = 126268
    twoNec = 83198.3
    twoNnw = 16779.3
  twoNecnw = 61187.2
  twoNbecnw = 18921.1
  twoNgbecnw = 345226
         m = 0.074923
        m2 = 0.0262565
        m3 = 0.234512
        Tb = 19079.7
        Ta = 47139.8
        Tc = 10664.5
DiffEv reached_goal. cost=2.01037e-03 spread=2.99454e-06
Fitted parameter values
Free:
       pc1 = -0.239776
       pc2 = -2.76698
       pc3 = -0.250295
       pc4 = -1.06147
       pc5 = -1.39446
       pc6 = 1.90146
       pc7 = -0.78983
       pc8 = 0.32646
       pc9 = -0.735927
      pc10 = -0.00584208
      pc11 = 0.418408
      pc12 = 0.105807
      pc13 = -0.131516
      pc14 = 0.039581
      pc15 = -0.0748506
Constrained:
   Tgbecnw = 128358
     Tecnw = 26159.1
       Tnw = 21915.5
       Tec = 11557.8
     twoNb = 1.28918e+06
     twoNe = 13739.3
     twoNn = 89581.3
    twoNec = 74394.9
    twoNnw = 12721.2
  twoNecnw = 60995.6
  twoNbecnw = 14504.6
  twoNgbecnw = 384185
         m = 0.0710958
        m2 = 0.0263409
        m3 = 0.234888
        Tb = 18858.5
        Ta = 47029.2
        Tc = 10957.7
#       SitePat  BranchLen
              b 121393.7747349
              e 45913.0313428
              c 46311.2887158
              n 42871.3835209
              w 45781.5590442
            b:e 1305.6941442
            b:c 1324.4421360
            b:n 971.7907850
            b:w 1111.3479389
            e:c 11798.2166314
            e:n 5015.4923359
            e:w 3810.9236462
            c:n 4617.2349628
            c:w 3901.5247356
            n:w 12408.3396554
          b:e:c 1282.6687649
          b:e:n 561.9116163
          b:e:w 555.8597785
          b:c:n 543.1636245
          b:c:w 580.5628372
          b:n:w 1324.6374442
          e:c:n 5058.6315823
          e:c:w 3934.8192288
          e:n:w 5214.4225722
          c:n:w 5123.8214827
        b:e:c:n 1176.4112975
        b:e:c:w 1139.4225474
        b:e:n:w 1904.9677693
        b:c:n:w 1880.2647107
        e:c:n:w 48384.4470104
