########################################
# legofit: estimate population history #
#            version 2.3.3             #
########################################

# Program was compiled: Sep 12 2021 17:54:39
# Program was run: Tue Sep 21 08:26:34 2021

# cmd: legofit -1 -d 0 -t 32 --ptsPerDim 3 --stateOut b1boot9.state --tol 3e-6 -S 5000 abc2.lgo ../../chrX/boot_chrX/boot9.opf
# Stage nOptItr nSimReps
#     0    5000        0
# algorithm          : deterministic
# ignoring probs <=  : 0
# Branch length floor: 0
# DE strategy        : 2
#    F               : 0.3
#    CR              : 0.8
#    tolerance       : 3e-06
# nthreads           : 32
# lgo input file     : abc2.lgo
# site pat input file: ../../chrX/boot_chrX/boot9.opf
# free parameters    : 15
# points in DE swarm : 45
# output state file  : b1boot9.state
# Including singleton site patterns.
# cost function      : KL
Initial parameter values
Fixed:
      zero = 0
       one = 1
    Tbecnw = 75200
Free:
       pc1 = 0
       pc2 = 0
       pc3 = 0
       pc4 = 0
       pc5 = 0
       pc6 = 0
       pc7 = 0
       pc8 = 0
       pc9 = 0
      pc10 = 0
      pc11 = 0
      pc12 = 0
      pc13 = 0
      pc14 = 0
      pc15 = 0
Constrained:
   Tgbecnw = 171150
     Tecnw = 26837.9
       Tnw = 21329
       Tec = 11321.4
     twoNb = 727758
     twoNe = 15704.1
     twoNn = 126268
    twoNec = 83198.3
    twoNnw = 16779.3
  twoNecnw = 61187.2
  twoNbecnw = 18921.1
  twoNgbecnw = 345226
         m = 0.074923
        m2 = 0.0262565
        m3 = 0.234512
        Tb = 19079.7
        Ta = 47139.8
        Tc = 10664.5
DiffEv reached_goal. cost=2.05599e-03 spread=1.98690e-06
Fitted parameter values
Free:
       pc1 = -1.83442
       pc2 = -1.41048
       pc3 = -0.368452
       pc4 = -1.25709
       pc5 = -0.0314661
       pc6 = 0.29834
       pc7 = -0.477093
       pc8 = 0.502393
       pc9 = -0.978988
      pc10 = -0.409767
      pc11 = -0.18906
      pc12 = 0.060833
      pc13 = -0.0805024
      pc14 = 0.0167908
      pc15 = 0.0426637
Constrained:
   Tgbecnw = 127688
     Tecnw = 26141.3
       Tnw = 20348.1
       Tec = 11135.1
     twoNb = 806420
     twoNe = 21124.6
     twoNn = 219953
    twoNec = 79394.6
    twoNnw = 17785.3
  twoNecnw = 61227
  twoNbecnw = 14286.6
  twoNgbecnw = 385635
         m = 0.0702846
        m2 = 0.0251899
        m3 = 0.22939
        Tb = 18638.2
        Ta = 46919.1
        Tc = 10174.1
#       SitePat  BranchLen
              b 120855.8461453
              e 45974.1429220
              c 46385.8315380
              n 42810.8309320
              w 45624.5200819
            b:e 1322.6778872
            b:c 1341.9227634
            b:n 972.6344310
            b:w 1098.8589239
            e:c 11661.4490411
            e:n 5030.5322566
            e:w 3846.2490725
            c:n 4618.8436405
            c:w 3938.6626941
            n:w 12483.3618849
          b:e:c 1268.7478591
          b:e:n 563.7058021
          b:e:w 555.0535055
          b:c:n 544.4609258
          b:c:w 579.6952250
          b:n:w 1300.0671522
          e:c:n 4992.4886892
          e:c:w 3930.3249354
          e:n:w 5212.1385216
          c:n:w 5119.7249000
        b:e:c:n 1166.8335718
        b:e:c:w 1126.9658396
        b:e:n:w 1860.3290098
        b:c:n:w 1835.6872904
        e:c:n:w 47881.8475465
