########################################
# legofit: estimate population history #
#            version 2.3.3             #
########################################

# Program was compiled: Sep 12 2021 17:54:39
# Program was run: Tue Sep 21 09:25:32 2021

# cmd: legofit -1 -d 0 -t 32 --ptsPerDim 3 --stateOut b1boot31.state --tol 3e-6 -S 5000 abc2.lgo ../../chrX/boot_chrX/boot31.opf
# Stage nOptItr nSimReps
#     0    5000        0
# algorithm          : deterministic
# ignoring probs <=  : 0
# Branch length floor: 0
# DE strategy        : 2
#    F               : 0.3
#    CR              : 0.8
#    tolerance       : 3e-06
# nthreads           : 32
# lgo input file     : abc2.lgo
# site pat input file: ../../chrX/boot_chrX/boot31.opf
# free parameters    : 15
# points in DE swarm : 45
# output state file  : b1boot31.state
# Including singleton site patterns.
# cost function      : KL
Initial parameter values
Fixed:
      zero = 0
       one = 1
    Tbecnw = 75200
Free:
       pc1 = 0
       pc2 = 0
       pc3 = 0
       pc4 = 0
       pc5 = 0
       pc6 = 0
       pc7 = 0
       pc8 = 0
       pc9 = 0
      pc10 = 0
      pc11 = 0
      pc12 = 0
      pc13 = 0
      pc14 = 0
      pc15 = 0
Constrained:
   Tgbecnw = 171150
     Tecnw = 26837.9
       Tnw = 21329
       Tec = 11321.4
     twoNb = 727758
     twoNe = 15704.1
     twoNn = 126268
    twoNec = 83198.3
    twoNnw = 16779.3
  twoNecnw = 61187.2
  twoNbecnw = 18921.1
  twoNgbecnw = 345226
         m = 0.074923
        m2 = 0.0262565
        m3 = 0.234512
        Tb = 19079.7
        Ta = 47139.8
        Tc = 10664.5
DiffEv reached_goal. cost=2.00753e-03 spread=2.87675e-06
Fitted parameter values
Free:
       pc1 = -1.18705
       pc2 = -2.93499
       pc3 = 0.918225
       pc4 = -0.276754
       pc5 = -0.877823
       pc6 = -0.987642
       pc7 = -0.982745
       pc8 = -0.782479
       pc9 = -0.773409
      pc10 = -0.284302
      pc11 = -0.274883
      pc12 = 0.064182
      pc13 = -0.0272495
      pc14 = 0.127141
      pc15 = -0.00706882
Constrained:
   Tgbecnw = 124739
     Tecnw = 26252.3
       Tnw = 21597.9
       Tec = 11119.1
     twoNb = 968919
     twoNe = 7318.5
     twoNn = 420535
    twoNec = 81573.5
    twoNnw = 14027.5
  twoNecnw = 59141.5
  twoNbecnw = 13924.4
  twoNgbecnw = 375966
         m = 0.0696967
        m2 = 0.0252878
        m3 = 0.248761
        Tb = 18685.7
        Ta = 46942.8
        Tc = 10799
#       SitePat  BranchLen
              b 120183.2532454
              e 45692.4397926
              c 46116.3104532
              n 42593.0799430
              w 45541.2212626
            b:e 1325.2244015
            b:c 1345.4408864
            b:n 978.1389408
            b:w 1114.8822860
            e:c 11416.0481348
            e:n 5081.5036135
            e:w 3843.8670268
            c:n 4657.6329529
            c:w 3940.7026561
            n:w 12108.8076392
          b:e:c 1267.6665874
          b:e:n 573.8023213
          b:e:w 564.9506224
          b:c:n 553.5858364
          b:c:w 590.8167489
          b:n:w 1298.2581233
          e:c:n 5048.8323925
          e:c:w 3932.7225001
          e:n:w 5252.3457504
          c:n:w 5155.5101211
        b:e:c:n 1183.5880792
        b:e:c:w 1141.0010077
        b:e:n:w 1864.7727346
        b:c:n:w 1838.9066081
        e:c:n:w 47635.5235937
