########################################
# legofit: estimate population history #
#            version 2.3.3             #
########################################

# Program was compiled: Sep 12 2021 17:54:39
# Program was run: Tue Sep 21 08:31:18 2021

# cmd: legofit -1 -d 0 -t 32 --ptsPerDim 3 --stateOut b1boot11.state --tol 3e-6 -S 5000 abc2.lgo ../../chrX/boot_chrX/boot11.opf
# Stage nOptItr nSimReps
#     0    5000        0
# algorithm          : deterministic
# ignoring probs <=  : 0
# Branch length floor: 0
# DE strategy        : 2
#    F               : 0.3
#    CR              : 0.8
#    tolerance       : 3e-06
# nthreads           : 32
# lgo input file     : abc2.lgo
# site pat input file: ../../chrX/boot_chrX/boot11.opf
# free parameters    : 15
# points in DE swarm : 45
# output state file  : b1boot11.state
# Including singleton site patterns.
# cost function      : KL
Initial parameter values
Fixed:
      zero = 0
       one = 1
    Tbecnw = 75200
Free:
       pc1 = 0
       pc2 = 0
       pc3 = 0
       pc4 = 0
       pc5 = 0
       pc6 = 0
       pc7 = 0
       pc8 = 0
       pc9 = 0
      pc10 = 0
      pc11 = 0
      pc12 = 0
      pc13 = 0
      pc14 = 0
      pc15 = 0
Constrained:
   Tgbecnw = 171150
     Tecnw = 26837.9
       Tnw = 21329
       Tec = 11321.4
     twoNb = 727758
     twoNe = 15704.1
     twoNn = 126268
    twoNec = 83198.3
    twoNnw = 16779.3
  twoNecnw = 61187.2
  twoNbecnw = 18921.1
  twoNgbecnw = 345226
         m = 0.074923
        m2 = 0.0262565
        m3 = 0.234512
        Tb = 19079.7
        Ta = 47139.8
        Tc = 10664.5
DiffEv reached_goal. cost=1.96331e-03 spread=2.51788e-06
Fitted parameter values
Free:
       pc1 = -0.408693
       pc2 = -1.18014
       pc3 = 0.402556
       pc4 = 0.15575
       pc5 = -1.43156
       pc6 = 0.342562
       pc7 = -0.138268
       pc8 = 0.709229
       pc9 = -0.516838
      pc10 = -0.0843715
      pc11 = 0.522262
      pc12 = -0.0582049
      pc13 = 0.369463
      pc14 = 0.199813
      pc15 = 0.0815936
Constrained:
   Tgbecnw = 141237
     Tecnw = 26500.6
       Tnw = 21221
       Tec = 10849.6
     twoNb = 953936
     twoNe = 6535.97
     twoNn = 154416
    twoNec = 79456
    twoNnw = 14928.3
  twoNecnw = 61222.3
  twoNbecnw = 17312
  twoNgbecnw = 372786
         m = 0.0722458
        m2 = 0.0274622
        m3 = 0.241908
        Tb = 18675.1
        Ta = 46937.5
        Tc = 10610.5
#       SitePat  BranchLen
              b 122890.6406661
              e 46420.6175808
              c 46774.5082155
              n 42947.3380564
              w 45954.2051205
            b:e 1366.0929125
            b:c 1382.8719192
            b:n 986.1618726
            b:w 1123.8810001
            e:c 12063.7553831
            e:n 5036.6860294
            e:w 3823.7620586
            c:n 4682.7953947
            c:w 3903.5662914
            n:w 12918.9050371
          b:e:c 1317.9129081
          b:e:n 564.9425800
          b:e:w 561.0158659
          b:c:n 548.1635732
          b:c:w 582.8568363
          b:n:w 1360.2259128
          e:c:n 5106.1273532
          e:c:w 3953.5997487
          e:n:w 5360.6198560
          c:n:w 5280.8156231
        b:e:c:n 1179.0627687
        b:e:c:w 1148.3907420
        b:e:n:w 1952.5828080
        b:c:n:w 1930.7418375
        e:c:n:w 49040.3757568
