########################################
# legofit: estimate population history #
#            version 2.3.3             #
########################################

# Program was compiled: Sep 12 2021 17:54:39
# Program was run: Tue Sep 21 09:30:24 2021

# cmd: legofit -1 -d 0 -t 32 --ptsPerDim 3 --stateOut b1boot34.state --tol 3e-6 -S 5000 abc2.lgo ../../chrX/boot_chrX/boot34.opf
# Stage nOptItr nSimReps
#     0    5000        0
# algorithm          : deterministic
# ignoring probs <=  : 0
# Branch length floor: 0
# DE strategy        : 2
#    F               : 0.3
#    CR              : 0.8
#    tolerance       : 3e-06
# nthreads           : 32
# lgo input file     : abc2.lgo
# site pat input file: ../../chrX/boot_chrX/boot34.opf
# free parameters    : 15
# points in DE swarm : 45
# output state file  : b1boot34.state
# Including singleton site patterns.
# cost function      : KL
Initial parameter values
Fixed:
      zero = 0
       one = 1
    Tbecnw = 75200
Free:
       pc1 = 0
       pc2 = 0
       pc3 = 0
       pc4 = 0
       pc5 = 0
       pc6 = 0
       pc7 = 0
       pc8 = 0
       pc9 = 0
      pc10 = 0
      pc11 = 0
      pc12 = 0
      pc13 = 0
      pc14 = 0
      pc15 = 0
Constrained:
   Tgbecnw = 171150
     Tecnw = 26837.9
       Tnw = 21329
       Tec = 11321.4
     twoNb = 727758
     twoNe = 15704.1
     twoNn = 126268
    twoNec = 83198.3
    twoNnw = 16779.3
  twoNecnw = 61187.2
  twoNbecnw = 18921.1
  twoNgbecnw = 345226
         m = 0.074923
        m2 = 0.0262565
        m3 = 0.234512
        Tb = 19079.7
        Ta = 47139.8
        Tc = 10664.5
DiffEv reached_goal. cost=1.96792e-03 spread=2.43993e-06
Fitted parameter values
Free:
       pc1 = -0.601084
       pc2 = -0.994625
       pc3 = 0.622047
       pc4 = -1.19757
       pc5 = -0.390977
       pc6 = 0.526418
       pc7 = -1.23842
       pc8 = -0.710138
       pc9 = 0.534273
      pc10 = 0.0126125
      pc11 = 0.038413
      pc12 = 0.0826501
      pc13 = 0.0228139
      pc14 = -0.26428
      pc15 = -0.0555965
Constrained:
   Tgbecnw = 147054
     Tecnw = 26742.1
       Tnw = 21288.5
       Tec = 11436.8
     twoNb = 1.11299e+06
     twoNe = 22037.1
     twoNn = 225746
    twoNec = 81471.8
    twoNnw = 16735
  twoNecnw = 59919.7
  twoNbecnw = 17941.3
  twoNgbecnw = 397648
         m = 0.067841
        m2 = 0.0254226
        m3 = 0.22917
        Tb = 19089.4
        Ta = 47144.7
        Tc = 10644.3
#       SitePat  BranchLen
              b 123170.4881779
              e 46580.0502185
              c 46908.1688533
              n 43397.0276037
              w 46104.3238283
            b:e 1301.0913913
            b:c 1316.1015483
            b:n 965.4997485
            b:w 1088.9720072
            e:c 11707.4302541
            e:n 4988.7723519
            e:w 3887.2183756
            c:n 4660.6537170
            c:w 3961.5407640
            n:w 12471.2759167
          b:e:c 1246.0253723
          b:e:n 553.0286663
          b:e:w 549.2851237
          b:c:n 538.0185093
          b:c:w 568.8559662
          b:n:w 1287.5933160
          e:c:n 5037.8818459
          e:c:w 4003.3965363
          e:n:w 5293.4072053
          c:n:w 5219.0848169
        b:e:c:n 1135.9862565
        b:e:c:w 1113.2761250
        b:e:n:w 1868.1907011
        b:c:n:w 1848.6198586
        e:c:n:w 49285.9924661
