########################################
# legofit: estimate population history #
#       version 2.3.4-4-g53f8760       #
########################################

# Program was compiled: Sep 21 2021 14:36:42
# Program was run: Wed Sep 22 13:43:59 2021

# cmd: legofit -1 -d 0 -t 32 --ptsPerDim 3 --stateOut b1.state --tol 3e-6 -S 5000 cdf2.lgo ../../pan.opf
# Stage nOptItr nSimReps
#     0    5000        0
# algorithm          : deterministic
# ignoring probs <=  : 0
# Branch length floor: 0
# DE strategy        : 2
#    F               : 0.3
#    CR              : 0.8
#    tolerance       : 3e-06
# nthreads           : 32
# lgo input file     : cdf2.lgo
# site pat input file: ../../pan.opf
# free parameters    : 15
# points in DE swarm : 45
# output state file  : b1.state
# Including singleton site patterns.
# cost function      : KL
Initial parameter values
Fixed:
      zero = 0
       one = 1
    Tbecnw = 75200
Free:
       pc1 = 0
       pc2 = 0
       pc3 = 0
       pc4 = 0
       pc5 = 0
       pc6 = 0
       pc7 = 0
       pc8 = 0
       pc9 = 0
      pc10 = 0
      pc11 = 0
      pc12 = 0
      pc13 = 0
      pc14 = 0
      pc15 = 0
Constrained:
     Tecnw = 40241.3
       Tnw = 4014.17
       Tec = 4171.92
     twoNb = 1.86574e+06
     twoNe = 49774.1
     twoNc = 277213
     twoNn = 238215
     twoNw = 426704
    twoNec = 323125
    twoNnw = 122521
  twoNecnw = 30550.4
  twoNbecnw = 76813.4
        m3 = 0.279492
        m4 = 0.0216034
        m6 = 0.00101949
        Tc = 2007.08
        Td = 1003.54
        Tf = 501.771
DiffEv reached_goal. cost=2.81590e-03 spread=2.83027e-06
Fitted parameter values
Free:
       pc1 = 3.08718
       pc2 = 0.985873
       pc3 = 0.93692
       pc4 = 1.82821
       pc5 = 1.88564
       pc6 = -1.81833
       pc7 = -1.83685
       pc8 = -1.41514
       pc9 = -0.319135
      pc10 = 0.693993
      pc11 = -0.00215903
      pc12 = 0.0603175
      pc13 = 0.185957
      pc14 = -0.145299
      pc15 = 0.0234795
Constrained:
     Tecnw = 41063.3
       Tnw = 23.9731
       Tec = 128.121
     twoNb = 4.47023e+06
     twoNe = 3424.83
     twoNc = 48952
     twoNn = 325920
     twoNw = 499321
    twoNec = 366291
    twoNnw = 140763
  twoNecnw = 29607.8
  twoNbecnw = 77336.9
        m3 = 0.292323
        m4 = 0.0248697
        m6 = 0.000293928
        Tc = 11.9866
        Td = 5.99329
        Tf = 2.99664
#       SitePat  BranchLen
              b 138306.4357670
              e 54053.4284417
              c 56035.6466358
              n 49194.7604480
              w 52348.8084976
            b:e 2400.0023649
            b:c 2912.3337187
            b:n 1968.6626016
            b:w 2252.3634376
            e:c 10853.2539324
            e:n 6123.7088238
            e:w 4697.5516829
            c:n 5322.3201972
            c:w 4638.5541265
            n:w 13739.2364146
          b:e:c 2236.2183165
          b:e:n 1248.3746346
          b:e:w 1209.7224726
          b:c:n 1211.0411392
          b:c:w 1249.8270409
          b:n:w 2234.2956124
          e:c:n 6570.3355850
          e:c:w 5526.2107470
          e:n:w 8043.6681221
          c:n:w 6874.1277442
        b:e:c:n 2253.8158438
        b:e:c:w 1969.9812682
        b:e:n:w 2869.3191289
        b:c:n:w 2401.9250690
        e:c:n:w 56668.7270515
