########################################
# legofit: estimate population history #
#       version 2.3.4-4-g53f8760       #
########################################

# Program was compiled: Sep 21 2021 14:36:42
# Program was run: Wed Sep 22 13:44:42 2021

# cmd: legofit -1 -d 0 -t 32 --ptsPerDim 3 --stateOut b1boot37.state --tol 3e-6 -S 5000 cdf2.lgo ../../boot/boot37.opf
# Stage nOptItr nSimReps
#     0    5000        0
# algorithm          : deterministic
# ignoring probs <=  : 0
# Branch length floor: 0
# DE strategy        : 2
#    F               : 0.3
#    CR              : 0.8
#    tolerance       : 3e-06
# nthreads           : 32
# lgo input file     : cdf2.lgo
# site pat input file: ../../boot/boot37.opf
# free parameters    : 15
# points in DE swarm : 45
# output state file  : b1boot37.state
# Including singleton site patterns.
# cost function      : KL
Initial parameter values
Fixed:
      zero = 0
       one = 1
    Tbecnw = 75200
Free:
       pc1 = 0
       pc2 = 0
       pc3 = 0
       pc4 = 0
       pc5 = 0
       pc6 = 0
       pc7 = 0
       pc8 = 0
       pc9 = 0
      pc10 = 0
      pc11 = 0
      pc12 = 0
      pc13 = 0
      pc14 = 0
      pc15 = 0
Constrained:
     Tecnw = 40241.3
       Tnw = 4014.17
       Tec = 4171.92
     twoNb = 1.86574e+06
     twoNe = 49774.1
     twoNc = 277213
     twoNn = 238215
     twoNw = 426704
    twoNec = 323125
    twoNnw = 122521
  twoNecnw = 30550.4
  twoNbecnw = 76813.4
        m3 = 0.279492
        m4 = 0.0216034
        m6 = 0.00101949
        Tc = 2007.08
        Td = 1003.54
        Tf = 501.771
DiffEv reached_goal. cost=2.82377e-03 spread=2.97967e-06
Fitted parameter values
Free:
       pc1 = 2.84054
       pc2 = 1.25132
       pc3 = 1.31326
       pc4 = 1.8932
       pc5 = 1.89494
       pc6 = -1.94215
       pc7 = -1.01965
       pc8 = -1.88594
       pc9 = 0.103785
      pc10 = 0.425079
      pc11 = -0.185906
      pc12 = 0.0162212
      pc13 = 0.417717
      pc14 = -0.0743322
      pc15 = 0.0325116
Constrained:
     Tecnw = 40880.7
       Tnw = 65.0824
       Tec = 46.794
     twoNb = 4.47406e+06
     twoNe = 437.174
     twoNc = 123151
     twoNn = 350565
     twoNw = 702828
    twoNec = 362725
    twoNnw = 138330
  twoNecnw = 29537.5
  twoNbecnw = 77009.5
        m3 = 0.29688
        m4 = 0.0248165
        m6 = 0.00127381
        Tc = 32.5412
        Td = 16.2706
        Tf = 8.1353
#       SitePat  BranchLen
              b 138167.7163978
              e 53781.9365304
              c 55731.4170465
              n 48911.4760722
              w 52094.0232898
            b:e 2368.6332019
            b:c 2876.4518006
            b:n 1939.3222078
            b:w 2223.6118337
            e:c 10819.9800529
            e:n 6095.0035619
            e:w 4666.5225959
            c:n 5311.8269692
            c:w 4613.2284913
            n:w 13691.2629468
          b:e:c 2207.7314825
          b:e:n 1230.5570179
          b:e:w 1192.7555729
          b:c:n 1194.0497003
          b:c:w 1231.9842285
          b:n:w 2205.8413785
          e:c:n 6543.0876852
          e:c:w 5487.6199114
          e:n:w 8001.8784062
          c:n:w 6841.4931025
        b:e:c:n 2225.0390443
        b:e:c:w 1940.6163352
        b:e:n:w 2833.6877576
        b:c:n:w 2370.5233059
        e:c:n:w 56813.4721092
