########################################
# legofit: estimate population history #
#       version 2.3.4-4-g53f8760       #
########################################

# Program was compiled: Sep 21 2021 14:36:42
# Program was run: Wed Sep 22 13:43:59 2021

# cmd: legofit -1 -d 0 -t 32 --ptsPerDim 3 --stateOut b1boot1.state --tol 3e-6 -S 5000 cdf2.lgo ../../boot/boot1.opf
# Stage nOptItr nSimReps
#     0    5000        0
# algorithm          : deterministic
# ignoring probs <=  : 0
# Branch length floor: 0
# DE strategy        : 2
#    F               : 0.3
#    CR              : 0.8
#    tolerance       : 3e-06
# nthreads           : 32
# lgo input file     : cdf2.lgo
# site pat input file: ../../boot/boot1.opf
# free parameters    : 15
# points in DE swarm : 45
# output state file  : b1boot1.state
# Including singleton site patterns.
# cost function      : KL
Initial parameter values
Fixed:
      zero = 0
       one = 1
    Tbecnw = 75200
Free:
       pc1 = 0
       pc2 = 0
       pc3 = 0
       pc4 = 0
       pc5 = 0
       pc6 = 0
       pc7 = 0
       pc8 = 0
       pc9 = 0
      pc10 = 0
      pc11 = 0
      pc12 = 0
      pc13 = 0
      pc14 = 0
      pc15 = 0
Constrained:
     Tecnw = 40241.3
       Tnw = 4014.17
       Tec = 4171.92
     twoNb = 1.86574e+06
     twoNe = 49774.1
     twoNc = 277213
     twoNn = 238215
     twoNw = 426704
    twoNec = 323125
    twoNnw = 122521
  twoNecnw = 30550.4
  twoNbecnw = 76813.4
        m3 = 0.279492
        m4 = 0.0216034
        m6 = 0.00101949
        Tc = 2007.08
        Td = 1003.54
        Tf = 501.771
DiffEv reached_goal. cost=2.80269e-03 spread=2.28904e-06
Fitted parameter values
Free:
       pc1 = 2.8175
       pc2 = 1.65323
       pc3 = 1.25585
       pc4 = 1.79645
       pc5 = 1.21134
       pc6 = -1.32332
       pc7 = -1.33757
       pc8 = -1.58894
       pc9 = -0.4562
      pc10 = 0.844593
      pc11 = 0.00121937
      pc12 = 0.037398
      pc13 = 0.00640804
      pc14 = -0.15875
      pc15 = 0.0516785
Constrained:
     Tecnw = 40965.5
       Tnw = 29.8658
       Tec = 126.491
     twoNb = 4.24703e+06
     twoNe = 3259.58
     twoNc = 153909
     twoNn = 236587
     twoNw = 621119
    twoNec = 365104
    twoNnw = 142443
  twoNecnw = 29782.1
  twoNbecnw = 77124.4
        m3 = 0.281437
        m4 = 0.0256408
        m6 = 0.000955441
        Tc = 14.9329
        Td = 7.46645
        Tf = 3.73323
#       SitePat  BranchLen
              b 138066.0185337
              e 54078.4270415
              c 56069.0558196
              n 49239.1420010
              w 52280.5611799
            b:e 2404.1562388
            b:c 2928.6732043
            b:n 1974.3567838
            b:w 2247.8329544
            e:c 10885.2134326
            e:n 6088.8767386
            e:w 4708.7413261
            c:n 5299.9061453
            c:w 4645.7252411
            n:w 13789.6146610
          b:e:c 2243.0475655
          b:e:n 1247.6045556
          b:e:w 1209.6994530
          b:c:n 1211.1314538
          b:c:w 1249.1765974
          b:n:w 2240.9584667
          e:c:n 6548.6835416
          e:c:w 5541.5806795
          e:n:w 8075.5630409
          c:n:w 6885.2996723
        b:e:c:n 2249.4049961
        b:e:c:w 1975.7887846
        b:e:n:w 2882.1450772
        b:c:n:w 2406.2453377
        e:c:n:w 56397.3075310
