########################################
# legofit: estimate population history #
#       version 2.3.4-4-g53f8760       #
########################################

# Program was compiled: Sep 21 2021 14:36:42
# Program was run: Wed Sep 22 13:44:42 2021

# cmd: legofit -1 -d 0 -t 32 --ptsPerDim 3 --stateOut b1boot40.state --tol 3e-6 -S 5000 cdf2.lgo ../../boot/boot40.opf
# Stage nOptItr nSimReps
#     0    5000        0
# algorithm          : deterministic
# ignoring probs <=  : 0
# Branch length floor: 0
# DE strategy        : 2
#    F               : 0.3
#    CR              : 0.8
#    tolerance       : 3e-06
# nthreads           : 32
# lgo input file     : cdf2.lgo
# site pat input file: ../../boot/boot40.opf
# free parameters    : 15
# points in DE swarm : 45
# output state file  : b1boot40.state
# Including singleton site patterns.
# cost function      : KL
Initial parameter values
Fixed:
      zero = 0
       one = 1
    Tbecnw = 75200
Free:
       pc1 = 0
       pc2 = 0
       pc3 = 0
       pc4 = 0
       pc5 = 0
       pc6 = 0
       pc7 = 0
       pc8 = 0
       pc9 = 0
      pc10 = 0
      pc11 = 0
      pc12 = 0
      pc13 = 0
      pc14 = 0
      pc15 = 0
Constrained:
     Tecnw = 40241.3
       Tnw = 4014.17
       Tec = 4171.92
     twoNb = 1.86574e+06
     twoNe = 49774.1
     twoNc = 277213
     twoNn = 238215
     twoNw = 426704
    twoNec = 323125
    twoNnw = 122521
  twoNecnw = 30550.4
  twoNbecnw = 76813.4
        m3 = 0.279492
        m4 = 0.0216034
        m6 = 0.00101949
        Tc = 2007.08
        Td = 1003.54
        Tf = 501.771
DiffEv reached_goal. cost=2.81316e-03 spread=2.15601e-06
Fitted parameter values
Free:
       pc1 = 3.10062
       pc2 = 1.84071
       pc3 = 1.30933
       pc4 = 1.80523
       pc5 = 1.88893
       pc6 = -0.979546
       pc7 = -0.777668
       pc8 = -1.73823
       pc9 = 0.0183657
      pc10 = 1.21797
      pc11 = -0.0234332
      pc12 = 0.0861437
      pc13 = 0.206781
      pc14 = -0.106708
      pc15 = -0.0542464
Constrained:
     Tecnw = 41080.5
       Tnw = 36.9986
       Tec = 113.269
     twoNb = 4.2266e+06
     twoNe = 2750.92
     twoNc = 266572
     twoNn = 332916
     twoNw = 808891
    twoNec = 360957
    twoNnw = 144285
  twoNecnw = 29549.4
  twoNbecnw = 77462.6
        m3 = 0.285324
        m4 = 0.0260665
        m6 = 0.0012119
        Tc = 18.4993
        Td = 9.24964
        Tf = 4.62482
#       SitePat  BranchLen
              b 138405.3170554
              e 54010.6550082
              c 56038.9277452
              n 49316.6108907
              w 52433.3085292
            b:e 2393.9250507
            b:c 2930.1761757
            b:n 1976.9303301
            b:w 2257.3352143
            e:c 10882.4597550
            e:n 6117.5171554
            e:w 4704.6631674
            c:n 5313.0139002
            c:w 4642.5753444
            n:w 13666.4887848
          b:e:c 2235.2931897
          b:e:n 1249.6803587
          b:e:w 1210.9152554
          b:c:n 1212.3793457
          b:c:w 1251.2910351
          b:n:w 2233.1680923
          e:c:n 6582.0580278
          e:c:w 5548.6529332
          e:n:w 8064.8688650
          c:n:w 6850.3172881
        b:e:c:n 2258.9458908
        b:e:c:w 1978.3944205
        b:e:n:w 2882.5061217
        b:c:n:w 2396.0501482
        e:c:n:w 56751.7724849
