########################################
# legofit: estimate population history #
#       version 2.3.4-4-g53f8760       #
########################################

# Program was compiled: Sep 21 2021 14:36:42
# Program was run: Wed Sep 22 13:44:42 2021

# cmd: legofit -1 -d 0 -t 32 --ptsPerDim 3 --stateOut b1boot38.state --tol 3e-6 -S 5000 cdf2.lgo ../../boot/boot38.opf
# Stage nOptItr nSimReps
#     0    5000        0
# algorithm          : deterministic
# ignoring probs <=  : 0
# Branch length floor: 0
# DE strategy        : 2
#    F               : 0.3
#    CR              : 0.8
#    tolerance       : 3e-06
# nthreads           : 32
# lgo input file     : cdf2.lgo
# site pat input file: ../../boot/boot38.opf
# free parameters    : 15
# points in DE swarm : 45
# output state file  : b1boot38.state
# Including singleton site patterns.
# cost function      : KL
Initial parameter values
Fixed:
      zero = 0
       one = 1
    Tbecnw = 75200
Free:
       pc1 = 0
       pc2 = 0
       pc3 = 0
       pc4 = 0
       pc5 = 0
       pc6 = 0
       pc7 = 0
       pc8 = 0
       pc9 = 0
      pc10 = 0
      pc11 = 0
      pc12 = 0
      pc13 = 0
      pc14 = 0
      pc15 = 0
Constrained:
     Tecnw = 40241.3
       Tnw = 4014.17
       Tec = 4171.92
     twoNb = 1.86574e+06
     twoNe = 49774.1
     twoNc = 277213
     twoNn = 238215
     twoNw = 426704
    twoNec = 323125
    twoNnw = 122521
  twoNecnw = 30550.4
  twoNbecnw = 76813.4
        m3 = 0.279492
        m4 = 0.0216034
        m6 = 0.00101949
        Tc = 2007.08
        Td = 1003.54
        Tf = 501.771
DiffEv reached_goal. cost=2.79932e-03 spread=2.88122e-06
Fitted parameter values
Free:
       pc1 = 3.35721
       pc2 = 1.60283
       pc3 = 0.484905
       pc4 = 1.84429
       pc5 = 1.88128
       pc6 = -1.91467
       pc7 = 0.114118
       pc8 = -0.691378
       pc9 = -0.0349225
      pc10 = 0.332643
      pc11 = -0.20368
      pc12 = -0.000492753
      pc13 = 0.151412
      pc14 = -0.103743
      pc15 = 0.0520889
Constrained:
     Tecnw = 41206.1
       Tnw = 90.3318
       Tec = 138.665
     twoNb = 3.77291e+06
     twoNe = 2845.69
     twoNc = 201215
     twoNn = 528139
     twoNw = 475411
    twoNec = 364750
    twoNnw = 139546
  twoNecnw = 29456.1
  twoNbecnw = 77276.4
        m3 = 0.291289
        m4 = 0.0248934
        m6 = 0.00283355
        Tc = 45.1659
        Td = 22.583
        Tf = 11.2915
#       SitePat  BranchLen
              b 138274.6391841
              e 54137.4252622
              c 56046.5264744
              n 49201.3079257
              w 52331.9074592
            b:e 2399.2829525
            b:c 2911.7517375
            b:n 1961.0039177
            b:w 2242.7145129
            e:c 10858.1300869
            e:n 6083.9220712
            e:w 4670.2049878
            c:n 5307.9269987
            c:w 4628.0925141
            n:w 13783.5994963
          b:e:c 2236.7579761
          b:e:n 1242.7303765
          b:e:w 1204.2990122
          b:c:n 1205.8498709
          b:c:w 1244.4380906
          b:n:w 2234.4876331
          e:c:n 6539.9521034
          e:c:w 5502.9041378
          e:n:w 8023.1361389
          c:n:w 6875.8300540
        b:e:c:n 2244.4222269
        b:e:c:w 1962.5547763
        b:e:n:w 2860.9682344
        b:c:n:w 2401.5532954
        e:c:n:w 56660.7634540
