########################################
# legofit: estimate population history #
#       version 2.3.4-4-g53f8760       #
########################################

# Program was compiled: Sep 21 2021 14:36:42
# Program was run: Wed Sep 22 13:44:30 2021

# cmd: legofit -1 -d 0 -t 32 --ptsPerDim 3 --stateOut b1boot26.state --tol 3e-6 -S 5000 cdf2.lgo ../../boot/boot26.opf
# Stage nOptItr nSimReps
#     0    5000        0
# algorithm          : deterministic
# ignoring probs <=  : 0
# Branch length floor: 0
# DE strategy        : 2
#    F               : 0.3
#    CR              : 0.8
#    tolerance       : 3e-06
# nthreads           : 32
# lgo input file     : cdf2.lgo
# site pat input file: ../../boot/boot26.opf
# free parameters    : 15
# points in DE swarm : 45
# output state file  : b1boot26.state
# Including singleton site patterns.
# cost function      : KL
Initial parameter values
Fixed:
      zero = 0
       one = 1
    Tbecnw = 75200
Free:
       pc1 = 0
       pc2 = 0
       pc3 = 0
       pc4 = 0
       pc5 = 0
       pc6 = 0
       pc7 = 0
       pc8 = 0
       pc9 = 0
      pc10 = 0
      pc11 = 0
      pc12 = 0
      pc13 = 0
      pc14 = 0
      pc15 = 0
Constrained:
     Tecnw = 40241.3
       Tnw = 4014.17
       Tec = 4171.92
     twoNb = 1.86574e+06
     twoNe = 49774.1
     twoNc = 277213
     twoNn = 238215
     twoNw = 426704
    twoNec = 323125
    twoNnw = 122521
  twoNecnw = 30550.4
  twoNbecnw = 76813.4
        m3 = 0.279492
        m4 = 0.0216034
        m6 = 0.00101949
        Tc = 2007.08
        Td = 1003.54
        Tf = 501.771
DiffEv reached_goal. cost=2.82043e-03 spread=2.05040e-06
Fitted parameter values
Free:
       pc1 = 3.81838
       pc2 = 0.242351
       pc3 = 0.41748
       pc4 = 1.96517
       pc5 = 1.82052
       pc6 = -1.55564
       pc7 = -1.28143
       pc8 = -1.28743
       pc9 = -0.275305
      pc10 = 0.264963
      pc11 = -0.113053
      pc12 = 0.144199
      pc13 = 0.133158
      pc14 = -0.214497
      pc15 = -0.0323788
Constrained:
     Tecnw = 41425.4
       Tnw = 14.4581
       Tec = 70.117
     twoNb = 4.13791e+06
     twoNe = 1963.19
     twoNc = 131400
     twoNn = 284472
     twoNw = 355508
    twoNec = 371197
    twoNnw = 140764
  twoNecnw = 29395.8
  twoNbecnw = 77557
        m3 = 0.300645
        m4 = 0.0232427
        m6 = 0.000906587
        Tc = 7.22906
        Td = 3.61453
        Tf = 1.80726
#       SitePat  BranchLen
              b 138461.2693804
              e 54320.5129394
              c 56181.3145546
              n 49435.5266969
              w 52651.1150361
            b:e 2416.8968281
            b:c 2899.1936860
            b:n 1981.0677957
            b:w 2272.0510982
            e:c 10845.8903894
            e:n 6133.2952226
            e:w 4693.1203970
            c:n 5359.8022379
            c:w 4648.0873563
            n:w 13708.0445346
          b:e:c 2245.9219106
          b:e:n 1257.9513541
          b:e:w 1219.8630236
          b:c:n 1221.2021646
          b:c:w 1259.4281656
          b:n:w 2243.9719901
          e:c:n 6592.5802838
          e:c:w 5528.8816518
          e:n:w 7975.5112986
          c:n:w 6885.0319082
        b:e:c:n 2273.5279096
        b:e:c:w 1982.4069368
        b:e:n:w 2855.7557584
        b:c:n:w 2418.8467487
        e:c:n:w 56667.2388466
