########################################
# legofit: estimate population history #
#       version 2.3.4-4-g53f8760       #
########################################

# Program was compiled: Sep 21 2021 14:36:42
# Program was run: Wed Sep 22 13:44:13 2021

# cmd: legofit -1 -d 0 -t 32 --ptsPerDim 3 --stateOut b1boot12.state --tol 3e-6 -S 5000 cdf2.lgo ../../boot/boot12.opf
# Stage nOptItr nSimReps
#     0    5000        0
# algorithm          : deterministic
# ignoring probs <=  : 0
# Branch length floor: 0
# DE strategy        : 2
#    F               : 0.3
#    CR              : 0.8
#    tolerance       : 3e-06
# nthreads           : 32
# lgo input file     : cdf2.lgo
# site pat input file: ../../boot/boot12.opf
# free parameters    : 15
# points in DE swarm : 45
# output state file  : b1boot12.state
# Including singleton site patterns.
# cost function      : KL
Initial parameter values
Fixed:
      zero = 0
       one = 1
    Tbecnw = 75200
Free:
       pc1 = 0
       pc2 = 0
       pc3 = 0
       pc4 = 0
       pc5 = 0
       pc6 = 0
       pc7 = 0
       pc8 = 0
       pc9 = 0
      pc10 = 0
      pc11 = 0
      pc12 = 0
      pc13 = 0
      pc14 = 0
      pc15 = 0
Constrained:
     Tecnw = 40241.3
       Tnw = 4014.17
       Tec = 4171.92
     twoNb = 1.86574e+06
     twoNe = 49774.1
     twoNc = 277213
     twoNn = 238215
     twoNw = 426704
    twoNec = 323125
    twoNnw = 122521
  twoNecnw = 30550.4
  twoNbecnw = 76813.4
        m3 = 0.279492
        m4 = 0.0216034
        m6 = 0.00101949
        Tc = 2007.08
        Td = 1003.54
        Tf = 501.771
DiffEv reached_goal. cost=2.80557e-03 spread=2.88048e-06
Fitted parameter values
Free:
       pc1 = 3.13392
       pc2 = 1.07709
       pc3 = 1.00091
       pc4 = 1.90458
       pc5 = 1.50554
       pc6 = -1.12359
       pc7 = -1.15407
       pc8 = -1.91004
       pc9 = -0.165907
      pc10 = 0.812509
      pc11 = 0.150997
      pc12 = 0.163857
      pc13 = 0.0430711
      pc14 = -0.212353
      pc15 = 0.0129311
Constrained:
     Tecnw = 41143
       Tnw = 79.2685
       Tec = 217.505
     twoNb = 4.26676e+06
     twoNe = 5391.7
     twoNc = 199025
     twoNn = 202337
     twoNw = 648680
    twoNec = 365175
    twoNnw = 141601
  twoNecnw = 29719.3
  twoNbecnw = 77445.3
        m3 = 0.291324
        m4 = 0.0248689
        m6 = 0.000999193
        Tc = 39.6343
        Td = 19.8171
        Tf = 9.90857
#       SitePat  BranchLen
              b 138297.1430343
              e 54207.1671969
              c 56155.1319705
              n 49368.6364400
              w 52506.8822566
            b:e 2419.9833701
            b:c 2930.9280958
            b:n 1987.8471885
            b:w 2272.3681139
            e:c 10893.2233736
            e:n 6131.5197630
            e:w 4719.9537434
            c:n 5347.5497798
            c:w 4663.0852029
            n:w 13758.8291822
          b:e:c 2254.2378828
          b:e:n 1259.0304699
          b:e:w 1220.8421605
          b:c:n 1222.2350698
          b:c:w 1260.5634690
          b:n:w 2252.2096587
          e:c:n 6596.3686537
          e:c:w 5554.1534336
          e:n:w 8056.5723104
          c:n:w 6899.4823455
        b:e:c:n 2273.9011130
        b:e:c:w 1989.2400978
        b:e:n:w 2885.9185133
        b:c:n:w 2422.0115942
        e:c:n:w 56486.3477497
