########################################
# legofit: estimate population history #
#       version 2.3.4-4-g53f8760       #
########################################

# Program was compiled: Sep 21 2021 14:36:42
# Program was run: Wed Sep 22 13:44:42 2021

# cmd: legofit -1 -d 0 -t 32 --ptsPerDim 3 --stateOut b1boot35.state --tol 3e-6 -S 5000 cdf2.lgo ../../boot/boot35.opf
# Stage nOptItr nSimReps
#     0    5000        0
# algorithm          : deterministic
# ignoring probs <=  : 0
# Branch length floor: 0
# DE strategy        : 2
#    F               : 0.3
#    CR              : 0.8
#    tolerance       : 3e-06
# nthreads           : 32
# lgo input file     : cdf2.lgo
# site pat input file: ../../boot/boot35.opf
# free parameters    : 15
# points in DE swarm : 45
# output state file  : b1boot35.state
# Including singleton site patterns.
# cost function      : KL
Initial parameter values
Fixed:
      zero = 0
       one = 1
    Tbecnw = 75200
Free:
       pc1 = 0
       pc2 = 0
       pc3 = 0
       pc4 = 0
       pc5 = 0
       pc6 = 0
       pc7 = 0
       pc8 = 0
       pc9 = 0
      pc10 = 0
      pc11 = 0
      pc12 = 0
      pc13 = 0
      pc14 = 0
      pc15 = 0
Constrained:
     Tecnw = 40241.3
       Tnw = 4014.17
       Tec = 4171.92
     twoNb = 1.86574e+06
     twoNe = 49774.1
     twoNc = 277213
     twoNn = 238215
     twoNw = 426704
    twoNec = 323125
    twoNnw = 122521
  twoNecnw = 30550.4
  twoNbecnw = 76813.4
        m3 = 0.279492
        m4 = 0.0216034
        m6 = 0.00101949
        Tc = 2007.08
        Td = 1003.54
        Tf = 501.771
DiffEv reached_goal. cost=2.81214e-03 spread=2.36725e-06
Fitted parameter values
Free:
       pc1 = 3.6774
       pc2 = 1.44852
       pc3 = 0.411459
       pc4 = 1.86717
       pc5 = 1.96076
       pc6 = -1.72902
       pc7 = -0.459538
       pc8 = -1.80702
       pc9 = -0.760259
      pc10 = 0.913549
      pc11 = 0.198664
      pc12 = -0.0198581
      pc13 = 0.0936481
      pc14 = -0.139048
      pc15 = 0.0310078
Constrained:
     Tecnw = 41325.8
       Tnw = 0.374405
       Tec = 99.808
     twoNb = 4.44155e+06
     twoNe = 2856.46
     twoNc = 108106
     twoNn = 328326
     twoNw = 594822
    twoNec = 370350
    twoNnw = 141970
  twoNecnw = 29437
  twoNbecnw = 77797.9
        m3 = 0.286657
        m4 = 0.0245241
        m6 = 0.0024545
        Tc = 0.187203
        Td = 0.0936013
        Tf = 0.0468006
#       SitePat  BranchLen
              b 138660.0038504
              e 54316.6664252
              c 56247.4552700
              n 49385.5952370
              w 52484.9599265
            b:e 2424.9890961
            b:c 2929.1163632
            b:n 1984.3785991
            b:w 2264.0881730
            e:c 10867.0420031
            e:n 6113.5679639
            e:w 4694.3312066
            c:n 5313.6855318
            c:w 4656.4886723
            n:w 13806.3918867
          b:e:c 2256.7524510
          b:e:n 1257.9122283
          b:e:w 1217.8522835
          b:c:n 1219.1680156
          b:c:w 1259.3593473
          b:n:w 2254.8296078
          e:c:n 6561.9241642
          e:c:w 5538.9930915
          e:n:w 8051.8626854
          c:n:w 6911.3600708
        b:e:c:n 2265.5352920
        b:e:c:w 1985.6943313
        b:e:n:w 2886.3633213
        b:c:n:w 2426.9119393
        e:c:n:w 56853.4683558
