########################################
# legofit: estimate population history #
#       version 2.3.4-4-g53f8760       #
########################################

# Program was compiled: Sep 21 2021 14:36:42
# Program was run: Wed Sep 22 13:44:22 2021

# cmd: legofit -1 -d 0 -t 32 --ptsPerDim 3 --stateOut b1boot19.state --tol 3e-6 -S 5000 cdf2.lgo ../../boot/boot19.opf
# Stage nOptItr nSimReps
#     0    5000        0
# algorithm          : deterministic
# ignoring probs <=  : 0
# Branch length floor: 0
# DE strategy        : 2
#    F               : 0.3
#    CR              : 0.8
#    tolerance       : 3e-06
# nthreads           : 32
# lgo input file     : cdf2.lgo
# site pat input file: ../../boot/boot19.opf
# free parameters    : 15
# points in DE swarm : 45
# output state file  : b1boot19.state
# Including singleton site patterns.
# cost function      : KL
Initial parameter values
Fixed:
      zero = 0
       one = 1
    Tbecnw = 75200
Free:
       pc1 = 0
       pc2 = 0
       pc3 = 0
       pc4 = 0
       pc5 = 0
       pc6 = 0
       pc7 = 0
       pc8 = 0
       pc9 = 0
      pc10 = 0
      pc11 = 0
      pc12 = 0
      pc13 = 0
      pc14 = 0
      pc15 = 0
Constrained:
     Tecnw = 40241.3
       Tnw = 4014.17
       Tec = 4171.92
     twoNb = 1.86574e+06
     twoNe = 49774.1
     twoNc = 277213
     twoNn = 238215
     twoNw = 426704
    twoNec = 323125
    twoNnw = 122521
  twoNecnw = 30550.4
  twoNbecnw = 76813.4
        m3 = 0.279492
        m4 = 0.0216034
        m6 = 0.00101949
        Tc = 2007.08
        Td = 1003.54
        Tf = 501.771
DiffEv reached_goal. cost=2.79664e-03 spread=2.46971e-06
Fitted parameter values
Free:
       pc1 = 3.17253
       pc2 = 1.32428
       pc3 = 0.845693
       pc4 = 1.86482
       pc5 = 1.82323
       pc6 = -1.41688
       pc7 = -1.12434
       pc8 = -1.63173
       pc9 = -0.185903
      pc10 = 1.11871
      pc11 = 0.0804881
      pc12 = 0.0962553
      pc13 = 0.228567
      pc14 = -0.0449524
      pc15 = 0.0872286
Constrained:
     Tecnw = 41106.5
       Tnw = 20.7214
       Tec = 124.819
     twoNb = 4.30136e+06
     twoNe = 3363.33
     twoNc = 149118
     twoNn = 305458
     twoNw = 633821
    twoNec = 360643
    twoNnw = 140161
  twoNecnw = 29552.9
  twoNbecnw = 77592.6
        m3 = 0.289232
        m4 = 0.0255323
        m6 = 0.00108933
        Tc = 10.3607
        Td = 5.18036
        Tf = 2.59018
#       SitePat  BranchLen
              b 138520.4438437
              e 54045.6756755
              c 56047.8416625
              n 49165.3155190
              w 52323.8197792
            b:e 2405.0272810
            b:c 2931.3015667
            b:n 1970.9711189
            b:w 2255.9535671
            e:c 10922.2161763
            e:n 6112.4673758
            e:w 4686.0441947
            c:n 5311.3724910
            c:w 4628.2017396
            n:w 13822.8787162
          b:e:c 2249.6531603
          b:e:n 1247.5961088
          b:e:w 1208.7286505
          b:c:n 1210.1346541
          b:c:w 1249.1453128
          b:n:w 2247.5958575
          e:c:n 6575.0988650
          e:c:w 5526.1885374
          e:n:w 8074.7472858
          c:n:w 6880.5578576
        b:e:c:n 2257.5027711
        b:e:c:w 1972.3771225
        b:e:n:w 2885.3532960
        b:c:n:w 2407.0845838
        e:c:n:w 56850.1923940
