########################################
# legofit: estimate population history #
#       version 2.3.4-4-g53f8760       #
########################################

# Program was compiled: Sep 21 2021 14:36:42
# Program was run: Wed Sep 22 13:44:13 2021

# cmd: legofit -1 -d 0 -t 32 --ptsPerDim 3 --stateOut b1boot15.state --tol 3e-6 -S 5000 cdf2.lgo ../../boot/boot15.opf
# Stage nOptItr nSimReps
#     0    5000        0
# algorithm          : deterministic
# ignoring probs <=  : 0
# Branch length floor: 0
# DE strategy        : 2
#    F               : 0.3
#    CR              : 0.8
#    tolerance       : 3e-06
# nthreads           : 32
# lgo input file     : cdf2.lgo
# site pat input file: ../../boot/boot15.opf
# free parameters    : 15
# points in DE swarm : 45
# output state file  : b1boot15.state
# Including singleton site patterns.
# cost function      : KL
Initial parameter values
Fixed:
      zero = 0
       one = 1
    Tbecnw = 75200
Free:
       pc1 = 0
       pc2 = 0
       pc3 = 0
       pc4 = 0
       pc5 = 0
       pc6 = 0
       pc7 = 0
       pc8 = 0
       pc9 = 0
      pc10 = 0
      pc11 = 0
      pc12 = 0
      pc13 = 0
      pc14 = 0
      pc15 = 0
Constrained:
     Tecnw = 40241.3
       Tnw = 4014.17
       Tec = 4171.92
     twoNb = 1.86574e+06
     twoNe = 49774.1
     twoNc = 277213
     twoNn = 238215
     twoNw = 426704
    twoNec = 323125
    twoNnw = 122521
  twoNecnw = 30550.4
  twoNbecnw = 76813.4
        m3 = 0.279492
        m4 = 0.0216034
        m6 = 0.00101949
        Tc = 2007.08
        Td = 1003.54
        Tf = 501.771
DiffEv reached_goal. cost=2.80193e-03 spread=2.88137e-06
Fitted parameter values
Free:
       pc1 = 3.39657
       pc2 = 0.51831
       pc3 = 0.450457
       pc4 = 1.94601
       pc5 = 1.41952
       pc6 = -1.62842
       pc7 = -1.36317
       pc8 = -0.919734
       pc9 = -0.251172
      pc10 = 0.153793
      pc11 = -0.0981004
      pc12 = 0.0665144
      pc13 = 0.188508
      pc14 = -0.147817
      pc15 = 0.0162934
Constrained:
     Tecnw = 41161.6
       Tnw = 0.247565
       Tec = 164.847
     twoNb = 3.95579e+06
     twoNe = 4802.34
     twoNc = 125469
     twoNn = 295042
     twoNw = 283792
    twoNec = 367635
    twoNnw = 139831
  twoNecnw = 29529.4
  twoNbecnw = 77303.7
        m3 = 0.296654
        m4 = 0.0238467
        m6 = 0.000927681
        Tc = 0.123782
        Td = 0.0618911
        Tf = 0.0309456
#       SitePat  BranchLen
              b 138294.5174472
              e 54097.5882061
              c 56020.6726345
              n 49187.8043444
              w 52387.6978843
            b:e 2400.5078678
            b:c 2897.0140572
            b:n 1964.9520239
            b:w 2252.5633555
            e:c 10834.4024247
            e:n 6136.9638069
            e:w 4684.0573046
            c:n 5329.7795966
            c:w 4640.6556813
            n:w 13735.8271379
          b:e:c 2233.9764950
          b:e:n 1248.4878824
          b:e:w 1208.7205160
          b:c:n 1210.1449568
          b:c:w 1250.0592607
          b:n:w 2231.8973306
          e:c:n 6571.3214950
          e:c:w 5513.4583726
          e:n:w 8000.1964129
          c:n:w 6876.0952293
        b:e:c:n 2254.1347339
        b:e:c:w 1966.3764647
        b:e:n:w 2850.4864521
        b:c:n:w 2402.5870323
        e:c:n:w 56665.7474413
