########################################
# legofit: estimate population history #
#       version 2.3.4-4-g53f8760       #
########################################

# Program was compiled: Sep 21 2021 14:36:42
# Program was run: Wed Sep 22 13:44:13 2021

# cmd: legofit -1 -d 0 -t 32 --ptsPerDim 3 --stateOut b1boot13.state --tol 3e-6 -S 5000 cdf2.lgo ../../boot/boot13.opf
# Stage nOptItr nSimReps
#     0    5000        0
# algorithm          : deterministic
# ignoring probs <=  : 0
# Branch length floor: 0
# DE strategy        : 2
#    F               : 0.3
#    CR              : 0.8
#    tolerance       : 3e-06
# nthreads           : 32
# lgo input file     : cdf2.lgo
# site pat input file: ../../boot/boot13.opf
# free parameters    : 15
# points in DE swarm : 45
# output state file  : b1boot13.state
# Including singleton site patterns.
# cost function      : KL
Initial parameter values
Fixed:
      zero = 0
       one = 1
    Tbecnw = 75200
Free:
       pc1 = 0
       pc2 = 0
       pc3 = 0
       pc4 = 0
       pc5 = 0
       pc6 = 0
       pc7 = 0
       pc8 = 0
       pc9 = 0
      pc10 = 0
      pc11 = 0
      pc12 = 0
      pc13 = 0
      pc14 = 0
      pc15 = 0
Constrained:
     Tecnw = 40241.3
       Tnw = 4014.17
       Tec = 4171.92
     twoNb = 1.86574e+06
     twoNe = 49774.1
     twoNc = 277213
     twoNn = 238215
     twoNw = 426704
    twoNec = 323125
    twoNnw = 122521
  twoNecnw = 30550.4
  twoNbecnw = 76813.4
        m3 = 0.279492
        m4 = 0.0216034
        m6 = 0.00101949
        Tc = 2007.08
        Td = 1003.54
        Tf = 501.771
DiffEv reached_goal. cost=2.81110e-03 spread=2.16374e-06
Fitted parameter values
Free:
       pc1 = 3.01072
       pc2 = 1.95567
       pc3 = 1.02795
       pc4 = 1.7545
       pc5 = 0.987406
       pc6 = -0.956282
       pc7 = -0.780139
       pc8 = -1.65183
       pc9 = -0.649859
      pc10 = 1.01164
      pc11 = 0.0497032
      pc12 = -0.0280869
      pc13 = 0.155867
      pc14 = -0.0751866
      pc15 = -0.0494573
Constrained:
     Tecnw = 40941.5
       Tnw = 64.965
       Tec = 188.45
     twoNb = 4.05954e+06
     twoNe = 4422.9
     twoNc = 221848
     twoNn = 199632
     twoNw = 652180
    twoNec = 362704
    twoNnw = 145333
  twoNecnw = 29638.2
  twoNbecnw = 77323.2
        m3 = 0.275918
        m4 = 0.0256669
        m6 = 0.00175384
        Tc = 32.4825
        Td = 16.2413
        Tf = 8.12063
#       SitePat  BranchLen
              b 138307.4972147
              e 53989.6644465
              c 55976.4390140
              n 49284.2531935
              w 52280.5504756
            b:e 2391.8052947
            b:c 2919.6241484
            b:n 1974.3658980
            b:w 2243.1238918
            e:c 10862.8299358
            e:n 6075.5410534
            e:w 4706.4103605
            c:n 5284.3286767
            c:w 4649.5077863
            n:w 13681.9711530
          b:e:c 2231.3120063
          b:e:n 1245.3087028
          b:e:w 1206.9821875
          b:c:n 1208.4786242
          b:c:w 1246.9495854
          b:n:w 2229.1384152
          e:c:n 6548.6254530
          e:c:w 5556.2797541
          e:n:w 8057.3737566
          c:n:w 6864.6314737
        b:e:c:n 2244.7647744
        b:e:c:w 1975.8623348
        b:e:n:w 2870.8523926
        b:c:n:w 2393.9788858
        e:c:n:w 56726.4319036
