########################################
# legofit: estimate population history #
#       version 2.3.4-4-g53f8760       #
########################################

# Program was compiled: Sep 21 2021 14:36:42
# Program was run: Wed Sep 22 13:44:13 2021

# cmd: legofit -1 -d 0 -t 32 --ptsPerDim 3 --stateOut b1boot14.state --tol 3e-6 -S 5000 cdf2.lgo ../../boot/boot14.opf
# Stage nOptItr nSimReps
#     0    5000        0
# algorithm          : deterministic
# ignoring probs <=  : 0
# Branch length floor: 0
# DE strategy        : 2
#    F               : 0.3
#    CR              : 0.8
#    tolerance       : 3e-06
# nthreads           : 32
# lgo input file     : cdf2.lgo
# site pat input file: ../../boot/boot14.opf
# free parameters    : 15
# points in DE swarm : 45
# output state file  : b1boot14.state
# Including singleton site patterns.
# cost function      : KL
Initial parameter values
Fixed:
      zero = 0
       one = 1
    Tbecnw = 75200
Free:
       pc1 = 0
       pc2 = 0
       pc3 = 0
       pc4 = 0
       pc5 = 0
       pc6 = 0
       pc7 = 0
       pc8 = 0
       pc9 = 0
      pc10 = 0
      pc11 = 0
      pc12 = 0
      pc13 = 0
      pc14 = 0
      pc15 = 0
Constrained:
     Tecnw = 40241.3
       Tnw = 4014.17
       Tec = 4171.92
     twoNb = 1.86574e+06
     twoNe = 49774.1
     twoNc = 277213
     twoNn = 238215
     twoNw = 426704
    twoNec = 323125
    twoNnw = 122521
  twoNecnw = 30550.4
  twoNbecnw = 76813.4
        m3 = 0.279492
        m4 = 0.0216034
        m6 = 0.00101949
        Tc = 2007.08
        Td = 1003.54
        Tf = 501.771
DiffEv reached_goal. cost=2.79647e-03 spread=2.84217e-06
Fitted parameter values
Free:
       pc1 = 3.8169
       pc2 = 0.598847
       pc3 = -0.0931028
       pc4 = 1.96021
       pc5 = 1.56626
       pc6 = -1.74924
       pc7 = -1.50048
       pc8 = -1.27354
       pc9 = -0.580802
      pc10 = 1.21571
      pc11 = 0.510576
      pc12 = 0.0467236
      pc13 = 0.228882
      pc14 = -0.117108
      pc15 = 0.0624763
Constrained:
     Tecnw = 41251.2
       Tnw = 6.92214
       Tec = 124.05
     twoNb = 4.18117e+06
     twoNe = 3632.05
     twoNc = 15458.4
     twoNn = 232602
     twoNw = 316407
    twoNec = 368486
    twoNnw = 140481
  twoNecnw = 29497.2
  twoNbecnw = 78150.4
        m3 = 0.293137
        m4 = 0.0250317
        m6 = 0.00112772
        Tc = 3.46107
        Td = 1.73053
        Tf = 0.865267
#       SitePat  BranchLen
              b 138939.5909540
              e 54270.8863072
              c 56242.6955653
              n 49337.9975296
              w 52492.9002641
            b:e 2432.9356715
            b:c 2953.3432921
            b:n 1990.9632282
            b:w 2277.6070887
            e:c 10891.9611195
            e:n 6137.5659854
            e:w 4714.1323726
            c:n 5344.2175703
            c:w 4659.1530110
            n:w 13822.2347162
          b:e:c 2265.6812060
          b:e:n 1263.0638219
          b:e:w 1224.1781366
          b:c:n 1225.6116593
          b:c:w 1264.6424872
          b:n:w 2263.5871854
          e:c:n 6598.3720693
          e:c:w 5551.9675069
          e:n:w 8099.6149880
          c:n:w 6924.4974902
        b:e:c:n 2279.1857540
        b:e:c:w 1992.3967509
        b:e:n:w 2906.8134842
        b:c:n:w 2435.0296921
        e:c:n:w 57085.8752380
