########################################
# legofit: estimate population history #
#       version 2.3.4-4-g53f8760       #
########################################

# Program was compiled: Sep 21 2021 14:36:42
# Program was run: Wed Sep 22 13:44:35 2021

# cmd: legofit -1 -d 0 -t 32 --ptsPerDim 3 --stateOut b1boot32.state --tol 3e-6 -S 5000 cdf2.lgo ../../boot/boot32.opf
# Stage nOptItr nSimReps
#     0    5000        0
# algorithm          : deterministic
# ignoring probs <=  : 0
# Branch length floor: 0
# DE strategy        : 2
#    F               : 0.3
#    CR              : 0.8
#    tolerance       : 3e-06
# nthreads           : 32
# lgo input file     : cdf2.lgo
# site pat input file: ../../boot/boot32.opf
# free parameters    : 15
# points in DE swarm : 45
# output state file  : b1boot32.state
# Including singleton site patterns.
# cost function      : KL
Initial parameter values
Fixed:
      zero = 0
       one = 1
    Tbecnw = 75200
Free:
       pc1 = 0
       pc2 = 0
       pc3 = 0
       pc4 = 0
       pc5 = 0
       pc6 = 0
       pc7 = 0
       pc8 = 0
       pc9 = 0
      pc10 = 0
      pc11 = 0
      pc12 = 0
      pc13 = 0
      pc14 = 0
      pc15 = 0
Constrained:
     Tecnw = 40241.3
       Tnw = 4014.17
       Tec = 4171.92
     twoNb = 1.86574e+06
     twoNe = 49774.1
     twoNc = 277213
     twoNn = 238215
     twoNw = 426704
    twoNec = 323125
    twoNnw = 122521
  twoNecnw = 30550.4
  twoNbecnw = 76813.4
        m3 = 0.279492
        m4 = 0.0216034
        m6 = 0.00101949
        Tc = 2007.08
        Td = 1003.54
        Tf = 501.771
DiffEv reached_goal. cost=2.83789e-03 spread=2.26786e-06
Fitted parameter values
Free:
       pc1 = 3.60094
       pc2 = 1.18393
       pc3 = 0.176752
       pc4 = 1.99125
       pc5 = 1.01027
       pc6 = -1.89362
       pc7 = -0.841174
       pc8 = -1.75641
       pc9 = -0.356956
      pc10 = 0.77509
      pc11 = -0.166254
      pc12 = -0.0170725
      pc13 = 0.260663
      pc14 = -0.0961986
      pc15 = 0.0182075
Constrained:
     Tecnw = 41224.9
       Tnw = 9.29173
       Tec = 116.035
     twoNb = 4.10503e+06
     twoNe = 3196.91
     twoNc = 62173.9
     twoNn = 182454
     twoNw = 450612
    twoNec = 363579
    twoNnw = 140901
  twoNecnw = 29327
  twoNbecnw = 77433.7
        m3 = 0.292049
        m4 = 0.0253496
        m6 = 0.00228892
        Tc = 4.64586
        Td = 2.32293
        Tf = 1.16147
#       SitePat  BranchLen
              b 138456.7732671
              e 54045.4440619
              c 56032.9112605
              n 49182.0965259
              w 52362.0888185
            b:e 2388.6187428
            b:c 2911.6169423
            b:n 1958.0041762
            b:w 2242.9609564
            e:c 10839.1797744
            e:n 6115.9305209
            e:w 4664.8806567
            c:n 5299.9466969
            c:w 4621.7662856
            n:w 13719.3375181
          b:e:c 2228.0166685
          b:e:n 1242.4789760
          b:e:w 1202.1889992
          b:c:n 1203.6404587
          b:c:w 1244.0798195
          b:n:w 2225.8972465
          e:c:n 6551.2076213
          e:c:w 5500.4456041
          e:n:w 8029.8006244
          c:n:w 6848.5693563
        b:e:c:n 2244.5617999
        b:e:c:w 1959.4556357
        b:e:n:w 2863.9264027
        b:c:n:w 2390.7381648
        e:c:n:w 56886.8221678
