########################################
# legofit: estimate population history #
#       version 2.3.4-4-g53f8760       #
########################################

# Program was compiled: Sep 21 2021 14:36:42
# Program was run: Wed Sep 22 13:44:50 2021

# cmd: legofit -1 -d 0 -t 32 --ptsPerDim 3 --stateOut b1boot43.state --tol 3e-6 -S 5000 cdf2.lgo ../../boot/boot43.opf
# Stage nOptItr nSimReps
#     0    5000        0
# algorithm          : deterministic
# ignoring probs <=  : 0
# Branch length floor: 0
# DE strategy        : 2
#    F               : 0.3
#    CR              : 0.8
#    tolerance       : 3e-06
# nthreads           : 32
# lgo input file     : cdf2.lgo
# site pat input file: ../../boot/boot43.opf
# free parameters    : 15
# points in DE swarm : 45
# output state file  : b1boot43.state
# Including singleton site patterns.
# cost function      : KL
Initial parameter values
Fixed:
      zero = 0
       one = 1
    Tbecnw = 75200
Free:
       pc1 = 0
       pc2 = 0
       pc3 = 0
       pc4 = 0
       pc5 = 0
       pc6 = 0
       pc7 = 0
       pc8 = 0
       pc9 = 0
      pc10 = 0
      pc11 = 0
      pc12 = 0
      pc13 = 0
      pc14 = 0
      pc15 = 0
Constrained:
     Tecnw = 40241.3
       Tnw = 4014.17
       Tec = 4171.92
     twoNb = 1.86574e+06
     twoNe = 49774.1
     twoNc = 277213
     twoNn = 238215
     twoNw = 426704
    twoNec = 323125
    twoNnw = 122521
  twoNecnw = 30550.4
  twoNbecnw = 76813.4
        m3 = 0.279492
        m4 = 0.0216034
        m6 = 0.00101949
        Tc = 2007.08
        Td = 1003.54
        Tf = 501.771
DiffEv reached_goal. cost=2.82396e-03 spread=2.82326e-06
Fitted parameter values
Free:
       pc1 = 3.08963
       pc2 = 1.10683
       pc3 = 0.967682
       pc4 = 1.90709
       pc5 = 1.82059
       pc6 = -1.63059
       pc7 = -1.58192
       pc8 = -0.873468
       pc9 = -0.346548
      pc10 = 0.50448
      pc11 = 0.032034
      pc12 = 0.122611
      pc13 = 0.149505
      pc14 = -0.175868
      pc15 = -0.0229299
Constrained:
     Tecnw = 41038.5
       Tnw = 27.8935
       Tec = 54.0284
     twoNb = 4.23891e+06
     twoNe = 1199.99
     twoNc = 127409
     twoNn = 387526
     twoNw = 414435
    twoNec = 366986
    twoNnw = 142547
  twoNecnw = 29693.2
  twoNbecnw = 77285.6
        m3 = 0.289925
        m4 = 0.0247702
        m6 = 0.000472814
        Tc = 13.9467
        Td = 6.97336
        Tf = 3.48668
#       SitePat  BranchLen
              b 138225.4640038
              e 54073.5323532
              c 56030.7663808
              n 49289.3360081
              w 52411.7427687
            b:e 2403.2349817
            b:c 2913.6320002
            b:n 1977.6555911
            b:w 2258.8004346
            e:c 10863.0226557
            e:n 6122.4559911
            e:w 4714.4547424
            c:n 5334.7293048
            c:w 4654.4360945
            n:w 13697.5172295
          b:e:c 2237.4844235
          b:e:n 1252.1918050
          b:e:w 1214.2471312
          b:c:n 1215.6372098
          b:c:w 1253.7208476
          b:n:w 2235.4642627
          e:c:n 6581.7682414
          e:c:w 5547.6559398
          e:n:w 8036.6298010
          c:n:w 6877.0831486
        b:e:c:n 2260.3294772
        b:e:c:w 1979.0456697
        b:e:n:w 2868.5133233
        b:c:n:w 2405.2551424
        e:c:n:w 56546.1097678
