########################################
# legofit: estimate population history #
#       version 2.3.4-4-g53f8760       #
########################################

# Program was compiled: Sep 21 2021 14:36:42
# Program was run: Wed Sep 22 13:43:59 2021

# cmd: legofit -1 -d 0 -t 32 --ptsPerDim 3 --stateOut b1boot3.state --tol 3e-6 -S 5000 cdf2.lgo ../../boot/boot3.opf
# Stage nOptItr nSimReps
#     0    5000        0
# algorithm          : deterministic
# ignoring probs <=  : 0
# Branch length floor: 0
# DE strategy        : 2
#    F               : 0.3
#    CR              : 0.8
#    tolerance       : 3e-06
# nthreads           : 32
# lgo input file     : cdf2.lgo
# site pat input file: ../../boot/boot3.opf
# free parameters    : 15
# points in DE swarm : 45
# output state file  : b1boot3.state
# Including singleton site patterns.
# cost function      : KL
Initial parameter values
Fixed:
      zero = 0
       one = 1
    Tbecnw = 75200
Free:
       pc1 = 0
       pc2 = 0
       pc3 = 0
       pc4 = 0
       pc5 = 0
       pc6 = 0
       pc7 = 0
       pc8 = 0
       pc9 = 0
      pc10 = 0
      pc11 = 0
      pc12 = 0
      pc13 = 0
      pc14 = 0
      pc15 = 0
Constrained:
     Tecnw = 40241.3
       Tnw = 4014.17
       Tec = 4171.92
     twoNb = 1.86574e+06
     twoNe = 49774.1
     twoNc = 277213
     twoNn = 238215
     twoNw = 426704
    twoNec = 323125
    twoNnw = 122521
  twoNecnw = 30550.4
  twoNbecnw = 76813.4
        m3 = 0.279492
        m4 = 0.0216034
        m6 = 0.00101949
        Tc = 2007.08
        Td = 1003.54
        Tf = 501.771
DiffEv reached_goal. cost=2.82584e-03 spread=2.89887e-06
Fitted parameter values
Free:
       pc1 = 3.04655
       pc2 = 1.40406
       pc3 = 0.0566848
       pc4 = 1.96833
       pc5 = 1.84589
       pc6 = -1.9454
       pc7 = -1.62524
       pc8 = -0.903364
       pc9 = -0.653667
      pc10 = 0.796715
      pc11 = 0.408341
      pc12 = 0.133711
      pc13 = 0.13649
      pc14 = -0.112049
      pc15 = 0.0038655
Constrained:
     Tecnw = 41040.8
       Tnw = 7.93171
       Tec = 433.219
     twoNb = 4.43614e+06
     twoNe = 13868.3
     twoNc = 20457.2
     twoNn = 387905
     twoNw = 299974
    twoNec = 360190
    twoNnw = 142930
  twoNecnw = 29748.1
  twoNbecnw = 77683.2
        m3 = 0.286763
        m4 = 0.0254719
        m6 = 0.0011626
        Tc = 3.96586
        Td = 1.98293
        Tf = 0.991464
#       SitePat  BranchLen
              b 138510.3593323
              e 54175.2844817
              c 56116.7719709
              n 49379.5545109
              w 52440.0827266
            b:e 2421.4849302
            b:c 2941.5253998
            b:n 1993.9863704
            b:w 2273.4112493
            e:c 10914.6707774
            e:n 6089.7572249
            e:w 4733.3454548
            c:n 5345.0863047
            c:w 4664.6154555
            n:w 13767.5517027
          b:e:c 2258.4496752
          b:e:n 1258.3875142
          b:e:w 1222.7076573
          b:c:n 1224.0838411
          b:c:w 1259.8985078
          b:n:w 2256.4483360
          e:c:n 6600.1738773
          e:c:w 5576.5282809
          e:n:w 8085.0680511
          c:n:w 6907.6364764
        b:e:c:n 2274.9222429
        b:e:c:w 1995.3625542
        b:e:n:w 2897.0689114
        b:c:n:w 2423.4862695
        e:c:n:w 56708.3711580
