########################################
# legofit: estimate population history #
#       version 2.3.4-4-g53f8760       #
########################################

# Program was compiled: Sep 21 2021 14:36:42
# Program was run: Wed Sep 22 13:43:59 2021

# cmd: legofit -1 -d 0 -t 32 --ptsPerDim 3 --stateOut b1boot0.state --tol 3e-6 -S 5000 cdf2.lgo ../../boot/boot0.opf
# Stage nOptItr nSimReps
#     0    5000        0
# algorithm          : deterministic
# ignoring probs <=  : 0
# Branch length floor: 0
# DE strategy        : 2
#    F               : 0.3
#    CR              : 0.8
#    tolerance       : 3e-06
# nthreads           : 32
# lgo input file     : cdf2.lgo
# site pat input file: ../../boot/boot0.opf
# free parameters    : 15
# points in DE swarm : 45
# output state file  : b1boot0.state
# Including singleton site patterns.
# cost function      : KL
Initial parameter values
Fixed:
      zero = 0
       one = 1
    Tbecnw = 75200
Free:
       pc1 = 0
       pc2 = 0
       pc3 = 0
       pc4 = 0
       pc5 = 0
       pc6 = 0
       pc7 = 0
       pc8 = 0
       pc9 = 0
      pc10 = 0
      pc11 = 0
      pc12 = 0
      pc13 = 0
      pc14 = 0
      pc15 = 0
Constrained:
     Tecnw = 40241.3
       Tnw = 4014.17
       Tec = 4171.92
     twoNb = 1.86574e+06
     twoNe = 49774.1
     twoNc = 277213
     twoNn = 238215
     twoNw = 426704
    twoNec = 323125
    twoNnw = 122521
  twoNecnw = 30550.4
  twoNbecnw = 76813.4
        m3 = 0.279492
        m4 = 0.0216034
        m6 = 0.00101949
        Tc = 2007.08
        Td = 1003.54
        Tf = 501.771
DiffEv reached_goal. cost=2.79320e-03 spread=2.27821e-06
Fitted parameter values
Free:
       pc1 = 3.50276
       pc2 = 1.37709
       pc3 = 0.813192
       pc4 = 1.95941
       pc5 = 1.80145
       pc6 = -1.28082
       pc7 = -0.612415
       pc8 = -1.98197
       pc9 = 0.724914
      pc10 = 1.44754
      pc11 = 0.11023
      pc12 = 0.0485851
      pc13 = 0.205793
      pc14 = -0.200641
      pc15 = -0.00424171
Constrained:
     Tecnw = 41248.3
       Tnw = 1.898
       Tec = 156.016
     twoNb = 4.04164e+06
     twoNe = 5299.68
     twoNc = 227827
     twoNn = 282801
     twoNw = 796543
    twoNec = 363192
    twoNnw = 141008
  twoNecnw = 29440.5
  twoNbecnw = 77735.3
        m3 = 0.298905
        m4 = 0.0268806
        m6 = 0.00159628
        Tc = 0.948998
        Td = 0.474499
        Tf = 0.237249
#       SitePat  BranchLen
              b 138597.0869716
              e 54192.3662489
              c 56198.2782975
              n 49361.8115484
              w 52534.8981365
            b:e 2409.3588354
            b:c 2960.2994464
            b:n 1979.4530614
            b:w 2268.1365831
            e:c 10862.4270336
            e:n 6108.1148256
            e:w 4712.4051930
            c:n 5356.6728908
            c:w 4636.7560368
            n:w 13711.8752172
          b:e:c 2244.5585846
          b:e:n 1254.3537330
          b:e:w 1218.7472176
          b:c:n 1220.3302494
          b:c:w 1256.0972806
          b:n:w 2242.2561476
          e:c:n 6590.3187230
          e:c:w 5532.8586215
          e:n:w 8105.6359188
          c:n:w 6869.6974406
        b:e:c:n 2269.8801307
        b:e:c:w 1981.0360932
        b:e:n:w 2908.8109422
        b:c:n:w 2411.6612724
        e:c:n:w 56831.1944482
