########################################
# legofit: estimate population history #
#       version 2.3.4-4-g53f8760       #
########################################

# Program was compiled: Sep 21 2021 14:36:42
# Program was run: Wed Sep 22 13:44:30 2021

# cmd: legofit -1 -d 0 -t 32 --ptsPerDim 3 --stateOut b1boot27.state --tol 3e-6 -S 5000 cdf2.lgo ../../boot/boot27.opf
# Stage nOptItr nSimReps
#     0    5000        0
# algorithm          : deterministic
# ignoring probs <=  : 0
# Branch length floor: 0
# DE strategy        : 2
#    F               : 0.3
#    CR              : 0.8
#    tolerance       : 3e-06
# nthreads           : 32
# lgo input file     : cdf2.lgo
# site pat input file: ../../boot/boot27.opf
# free parameters    : 15
# points in DE swarm : 45
# output state file  : b1boot27.state
# Including singleton site patterns.
# cost function      : KL
Initial parameter values
Fixed:
      zero = 0
       one = 1
    Tbecnw = 75200
Free:
       pc1 = 0
       pc2 = 0
       pc3 = 0
       pc4 = 0
       pc5 = 0
       pc6 = 0
       pc7 = 0
       pc8 = 0
       pc9 = 0
      pc10 = 0
      pc11 = 0
      pc12 = 0
      pc13 = 0
      pc14 = 0
      pc15 = 0
Constrained:
     Tecnw = 40241.3
       Tnw = 4014.17
       Tec = 4171.92
     twoNb = 1.86574e+06
     twoNe = 49774.1
     twoNc = 277213
     twoNn = 238215
     twoNw = 426704
    twoNec = 323125
    twoNnw = 122521
  twoNecnw = 30550.4
  twoNbecnw = 76813.4
        m3 = 0.279492
        m4 = 0.0216034
        m6 = 0.00101949
        Tc = 2007.08
        Td = 1003.54
        Tf = 501.771
DiffEv reached_goal. cost=2.79475e-03 spread=2.64199e-06
Fitted parameter values
Free:
       pc1 = 3.07233
       pc2 = 1.86057
       pc3 = 1.45953
       pc4 = 1.7831
       pc5 = 1.79075
       pc6 = -0.930853
       pc7 = -0.8682
       pc8 = -1.52997
       pc9 = -0.21644
      pc10 = 1.25732
      pc11 = 0.263817
      pc12 = -0.206021
      pc13 = 0.0856164
      pc14 = -0.163527
      pc15 = 0.005467
Constrained:
     Tecnw = 40954
       Tnw = 27.5448
       Tec = 116.048
     twoNb = 4.19154e+06
     twoNe = 2718.84
     twoNc = 265563
     twoNn = 333279
     twoNw = 774044
    twoNec = 372374
    twoNnw = 142998
  twoNecnw = 29663.7
  twoNbecnw = 77524.4
        m3 = 0.280862
        m4 = 0.0260921
        m6 = 0.00106001
        Tc = 13.7724
        Td = 6.88621
        Tf = 3.4431
#       SitePat  BranchLen
              b 138443.4414084
              e 54082.2335658
              c 56157.5499515
              n 49208.7157619
              w 52250.0337934
            b:e 2407.5790911
            b:c 2947.9022391
            b:n 1974.1288361
            b:w 2246.0150500
            e:c 10802.2195131
            e:n 6133.3478929
            e:w 4716.7434944
            c:n 5286.8997930
            c:w 4661.7395639
            n:w 13750.2932919
          b:e:c 2237.6659696
          b:e:n 1252.9463902
          b:e:w 1211.6485338
          b:c:n 1213.1255299
          b:c:w 1254.5685854
          b:n:w 2235.5133303
          e:c:n 6540.8797969
          e:c:w 5541.3263930
          e:n:w 8123.8784422
          c:n:w 6896.6141194
        b:e:c:n 2247.6372451
        b:e:c:w 1975.6058323
        b:e:n:w 2899.7541024
        b:c:n:w 2409.7317304
        e:c:n:w 56783.7976113
