########################################
# legofit: estimate population history #
#       version 2.3.4-4-g53f8760       #
########################################

# Program was compiled: Sep 21 2021 14:36:42
# Program was run: Wed Sep 22 13:44:35 2021

# cmd: legofit -1 -d 0 -t 32 --ptsPerDim 3 --stateOut b1boot34.state --tol 3e-6 -S 5000 cdf2.lgo ../../boot/boot34.opf
# Stage nOptItr nSimReps
#     0    5000        0
# algorithm          : deterministic
# ignoring probs <=  : 0
# Branch length floor: 0
# DE strategy        : 2
#    F               : 0.3
#    CR              : 0.8
#    tolerance       : 3e-06
# nthreads           : 32
# lgo input file     : cdf2.lgo
# site pat input file: ../../boot/boot34.opf
# free parameters    : 15
# points in DE swarm : 45
# output state file  : b1boot34.state
# Including singleton site patterns.
# cost function      : KL
Initial parameter values
Fixed:
      zero = 0
       one = 1
    Tbecnw = 75200
Free:
       pc1 = 0
       pc2 = 0
       pc3 = 0
       pc4 = 0
       pc5 = 0
       pc6 = 0
       pc7 = 0
       pc8 = 0
       pc9 = 0
      pc10 = 0
      pc11 = 0
      pc12 = 0
      pc13 = 0
      pc14 = 0
      pc15 = 0
Constrained:
     Tecnw = 40241.3
       Tnw = 4014.17
       Tec = 4171.92
     twoNb = 1.86574e+06
     twoNe = 49774.1
     twoNc = 277213
     twoNn = 238215
     twoNw = 426704
    twoNec = 323125
    twoNnw = 122521
  twoNecnw = 30550.4
  twoNbecnw = 76813.4
        m3 = 0.279492
        m4 = 0.0216034
        m6 = 0.00101949
        Tc = 2007.08
        Td = 1003.54
        Tf = 501.771
DiffEv reached_goal. cost=2.78729e-03 spread=2.50102e-06
Fitted parameter values
Free:
       pc1 = 3.5909
       pc2 = 1.41023
       pc3 = 1.16473
       pc4 = 1.88555
       pc5 = 1.82567
       pc6 = -0.698239
       pc7 = 0.2087
       pc8 = -1.86467
       pc9 = 1.10796
      pc10 = 1.20398
      pc11 = -0.128444
      pc12 = -0.0182511
      pc13 = 0.207488
      pc14 = -0.185949
      pc15 = -0.0216696
Constrained:
     Tecnw = 41297.5
       Tnw = 18.0136
       Tec = 124.099
     twoNb = 3.62276e+06
     twoNe = 3778.08
     twoNc = 414300
     twoNn = 323482
     twoNw = 917398
    twoNec = 364906
    twoNnw = 140467
  twoNecnw = 29335
  twoNbecnw = 77588.9
        m3 = 0.299978
        m4 = 0.0263444
        m6 = 0.0020239
        Tc = 9.00679
        Td = 4.5034
        Tf = 2.2517
#       SitePat  BranchLen
              b 138518.7139820
              e 54170.6779789
              c 56155.3778400
              n 49313.0143252
              w 52506.9229825
            b:e 2399.7651730
            b:c 2945.0144292
            b:n 1968.4792051
            b:w 2257.4325306
            e:c 10829.0272257
            e:n 6110.6568000
            e:w 4691.6990328
            c:n 5342.4102378
            c:w 4627.9055056
            n:w 13691.3508040
          b:e:c 2234.1930399
          b:e:n 1249.3354099
          b:e:w 1212.3702619
          b:c:n 1214.0891140
          b:c:w 1251.2303803
          b:n:w 2231.6903163
          e:c:n 6571.6592257
          e:c:w 5511.2130678
          e:n:w 8070.7823533
          c:n:w 6855.8419380
        b:e:c:n 2259.3275010
        b:e:c:w 1970.1980571
        b:e:n:w 2888.8503317
        b:c:n:w 2402.2678965
        e:c:n:w 56833.2021699
