########################################
# legofit: estimate population history #
#       version 2.3.4-4-g53f8760       #
########################################

# Program was compiled: Sep 21 2021 14:36:42
# Program was run: Wed Sep 22 13:44:30 2021

# cmd: legofit -1 -d 0 -t 32 --ptsPerDim 3 --stateOut b1boot24.state --tol 3e-6 -S 5000 cdf2.lgo ../../boot/boot24.opf
# Stage nOptItr nSimReps
#     0    5000        0
# algorithm          : deterministic
# ignoring probs <=  : 0
# Branch length floor: 0
# DE strategy        : 2
#    F               : 0.3
#    CR              : 0.8
#    tolerance       : 3e-06
# nthreads           : 32
# lgo input file     : cdf2.lgo
# site pat input file: ../../boot/boot24.opf
# free parameters    : 15
# points in DE swarm : 45
# output state file  : b1boot24.state
# Including singleton site patterns.
# cost function      : KL
Initial parameter values
Fixed:
      zero = 0
       one = 1
    Tbecnw = 75200
Free:
       pc1 = 0
       pc2 = 0
       pc3 = 0
       pc4 = 0
       pc5 = 0
       pc6 = 0
       pc7 = 0
       pc8 = 0
       pc9 = 0
      pc10 = 0
      pc11 = 0
      pc12 = 0
      pc13 = 0
      pc14 = 0
      pc15 = 0
Constrained:
     Tecnw = 40241.3
       Tnw = 4014.17
       Tec = 4171.92
     twoNb = 1.86574e+06
     twoNe = 49774.1
     twoNc = 277213
     twoNn = 238215
     twoNw = 426704
    twoNec = 323125
    twoNnw = 122521
  twoNecnw = 30550.4
  twoNbecnw = 76813.4
        m3 = 0.279492
        m4 = 0.0216034
        m6 = 0.00101949
        Tc = 2007.08
        Td = 1003.54
        Tf = 501.771
DiffEv reached_goal. cost=2.84336e-03 spread=2.95504e-06
Fitted parameter values
Free:
       pc1 = 3.48316
       pc2 = 1.90152
       pc3 = 0.298753
       pc4 = 1.62159
       pc5 = 1.38961
       pc6 = -1.91322
       pc7 = -0.822889
       pc8 = -1.20442
       pc9 = -0.565358
      pc10 = 1.23744
      pc11 = -0.00482348
      pc12 = 0.130439
      pc13 = 0.120457
      pc14 = -0.123022
      pc15 = -0.0494841
Constrained:
     Tecnw = 41244.4
       Tnw = 13.2231
       Tec = 96.0186
     twoNb = 4.01105e+06
     twoNe = 2584.66
     twoNc = 33632
     twoNn = 342207
     twoNw = 502886
    twoNec = 360680
    twoNnw = 145908
  twoNecnw = 29484.8
  twoNbecnw = 77594.8
        m3 = 0.281439
        m4 = 0.0262634
        m6 = 0.00216251
        Tc = 6.61154
        Td = 3.30577
        Tf = 1.65288
#       SitePat  BranchLen
              b 138467.1044186
              e 54154.5020587
              c 56168.2097765
              n 49478.2731343
              w 52568.6383505
            b:e 2405.0636864
            b:c 2945.1989654
            b:n 1988.4509491
            b:w 2267.2515024
            e:c 10911.7798971
            e:n 6110.2218880
            e:w 4705.9220784
            c:n 5310.5892325
            c:w 4648.7798655
            n:w 13686.9575740
          b:e:c 2247.3371059
          b:e:n 1255.0552067
          b:e:w 1216.0986068
          b:c:n 1217.6591122
          b:c:w 1256.7704490
          b:n:w 2245.0726495
          e:c:n 6584.7379854
          e:c:w 5560.4819458
          e:n:w 8069.9238838
          c:n:w 6856.8660391
        b:e:c:n 2268.9667446
        b:e:c:w 1990.0114545
        b:e:n:w 2894.6141743
        b:c:n:w 2407.3281429
        e:c:n:w 56697.2664519
