########################################
# legofit: estimate population history #
#       version 2.3.4-4-g53f8760       #
########################################

# Program was compiled: Sep 21 2021 14:36:42
# Program was run: Wed Sep 22 13:44:06 2021

# cmd: legofit -1 -d 0 -t 32 --ptsPerDim 3 --stateOut b1boot5.state --tol 3e-6 -S 5000 cdf2.lgo ../../boot/boot5.opf
# Stage nOptItr nSimReps
#     0    5000        0
# algorithm          : deterministic
# ignoring probs <=  : 0
# Branch length floor: 0
# DE strategy        : 2
#    F               : 0.3
#    CR              : 0.8
#    tolerance       : 3e-06
# nthreads           : 32
# lgo input file     : cdf2.lgo
# site pat input file: ../../boot/boot5.opf
# free parameters    : 15
# points in DE swarm : 45
# output state file  : b1boot5.state
# Including singleton site patterns.
# cost function      : KL
Initial parameter values
Fixed:
      zero = 0
       one = 1
    Tbecnw = 75200
Free:
       pc1 = 0
       pc2 = 0
       pc3 = 0
       pc4 = 0
       pc5 = 0
       pc6 = 0
       pc7 = 0
       pc8 = 0
       pc9 = 0
      pc10 = 0
      pc11 = 0
      pc12 = 0
      pc13 = 0
      pc14 = 0
      pc15 = 0
Constrained:
     Tecnw = 40241.3
       Tnw = 4014.17
       Tec = 4171.92
     twoNb = 1.86574e+06
     twoNe = 49774.1
     twoNc = 277213
     twoNn = 238215
     twoNw = 426704
    twoNec = 323125
    twoNnw = 122521
  twoNecnw = 30550.4
  twoNbecnw = 76813.4
        m3 = 0.279492
        m4 = 0.0216034
        m6 = 0.00101949
        Tc = 2007.08
        Td = 1003.54
        Tf = 501.771
DiffEv reached_goal. cost=2.82558e-03 spread=2.55456e-06
Fitted parameter values
Free:
       pc1 = 3.16172
       pc2 = 1.92784
       pc3 = 0.895693
       pc4 = 1.53552
       pc5 = 1.99895
       pc6 = -1.71721
       pc7 = -0.931003
       pc8 = -1.35239
       pc9 = -1.1628
      pc10 = 1.06336
      pc11 = 0.201359
      pc12 = -0.057718
      pc13 = 0.129594
      pc14 = -0.0212746
      pc15 = 0.0519153
Constrained:
     Tecnw = 41048.1
       Tnw = 22.0255
       Tec = 45.5064
     twoNb = 4.46432e+06
     twoNe = 917.839
     twoNc = 63842.1
     twoNn = 407047
     twoNw = 609663
    twoNec = 367588
    twoNnw = 143409
  twoNecnw = 29595.7
  twoNbecnw = 77602
        m3 = 0.274415
        m4 = 0.0248362
        m6 = 0.00165456
        Tc = 11.0127
        Td = 5.50637
        Tf = 2.75319
#       SitePat  BranchLen
              b 138533.5113836
              e 54104.1942296
              c 56084.5611457
              n 49243.0194408
              w 52252.9963472
            b:e 2410.5855020
            b:c 2922.4942263
            b:n 1977.4353455
            b:w 2247.0120291
            e:c 10892.2895068
            e:n 6089.6591550
            e:w 4693.3929548
            c:n 5270.9534915
            c:w 4649.2942172
            n:w 13821.4172363
          b:e:c 2249.8473908
          b:e:n 1249.3820672
          b:e:w 1208.9310750
          b:c:n 1210.2512129
          b:c:w 1250.8306521
          b:n:w 2247.9173347
          e:c:n 6540.0353314
          e:c:w 5547.9838994
          e:n:w 8067.7848636
          c:n:w 6902.4704221
        b:e:c:n 2248.4606139
        b:e:c:w 1978.7554834
        b:e:n:w 2879.4410784
        b:c:n:w 2412.5155581
        e:c:n:w 56866.6278016
