########################################
# legofit: estimate population history #
#       version 2.3.4-4-g53f8760       #
########################################

# Program was compiled: Sep 21 2021 14:36:42
# Program was run: Wed Sep 22 13:44:22 2021

# cmd: legofit -1 -d 0 -t 32 --ptsPerDim 3 --stateOut b1boot18.state --tol 3e-6 -S 5000 cdf2.lgo ../../boot/boot18.opf
# Stage nOptItr nSimReps
#     0    5000        0
# algorithm          : deterministic
# ignoring probs <=  : 0
# Branch length floor: 0
# DE strategy        : 2
#    F               : 0.3
#    CR              : 0.8
#    tolerance       : 3e-06
# nthreads           : 32
# lgo input file     : cdf2.lgo
# site pat input file: ../../boot/boot18.opf
# free parameters    : 15
# points in DE swarm : 45
# output state file  : b1boot18.state
# Including singleton site patterns.
# cost function      : KL
Initial parameter values
Fixed:
      zero = 0
       one = 1
    Tbecnw = 75200
Free:
       pc1 = 0
       pc2 = 0
       pc3 = 0
       pc4 = 0
       pc5 = 0
       pc6 = 0
       pc7 = 0
       pc8 = 0
       pc9 = 0
      pc10 = 0
      pc11 = 0
      pc12 = 0
      pc13 = 0
      pc14 = 0
      pc15 = 0
Constrained:
     Tecnw = 40241.3
       Tnw = 4014.17
       Tec = 4171.92
     twoNb = 1.86574e+06
     twoNe = 49774.1
     twoNc = 277213
     twoNn = 238215
     twoNw = 426704
    twoNec = 323125
    twoNnw = 122521
  twoNecnw = 30550.4
  twoNbecnw = 76813.4
        m3 = 0.279492
        m4 = 0.0216034
        m6 = 0.00101949
        Tc = 2007.08
        Td = 1003.54
        Tf = 501.771
DiffEv reached_goal. cost=2.84906e-03 spread=2.42351e-06
Fitted parameter values
Free:
       pc1 = 2.98492
       pc2 = 0.953605
       pc3 = 0.680715
       pc4 = 1.98162
       pc5 = 1.9449
       pc6 = -1.95191
       pc7 = -1.72527
       pc8 = -1.41878
       pc9 = -0.483564
      pc10 = 0.429076
      pc11 = 0.1039
      pc12 = 0.18935
      pc13 = 0.201856
      pc14 = -0.137055
      pc15 = 0.0230885
Constrained:
     Tecnw = 41045
       Tnw = 40.0951
       Tec = 214.943
     twoNb = 4.61932e+06
     twoNe = 5947.97
     twoNc = 42233.4
     twoNn = 338398
     twoNw = 427439
    twoNec = 362744
    twoNnw = 140619
  twoNecnw = 29697.1
  twoNbecnw = 77342.6
        m3 = 0.293496
        m4 = 0.0243491
        m6 = 0.00068777
        Tc = 20.0475
        Td = 10.0238
        Tf = 5.01188
#       SitePat  BranchLen
              b 138285.9578694
              e 54058.5181868
              c 55987.2125377
              n 49220.6431804
              w 52384.3415072
            b:e 2405.5919951
            b:c 2904.5224615
            b:n 1975.3464844
            b:w 2261.4086233
            e:c 10890.7543476
            e:n 6122.3645484
            e:w 4704.7721676
            c:n 5343.1393533
            c:w 4649.2560439
            n:w 13745.8853016
          b:e:c 2242.8194520
          b:e:n 1251.0547603
          b:e:w 1213.2181000
          b:c:n 1214.4712454
          b:c:w 1252.4352020
          b:n:w 2240.9932863
          e:c:n 6592.8543219
          e:c:w 5540.6316853
          e:n:w 8024.1557864
          c:n:w 6885.0085520
        b:e:c:n 2262.7890650
        b:e:c:w 1976.5996298
        b:e:n:w 2863.7880120
        b:c:n:w 2407.4181608
        e:c:n:w 56608.5022891
