########################################
# legofit: estimate population history #
#       version 2.3.4-4-g53f8760       #
########################################

# Program was compiled: Sep 21 2021 14:36:42
# Program was run: Wed Sep 22 13:44:13 2021

# cmd: legofit -1 -d 0 -t 32 --ptsPerDim 3 --stateOut b1boot11.state --tol 3e-6 -S 5000 cdf2.lgo ../../boot/boot11.opf
# Stage nOptItr nSimReps
#     0    5000        0
# algorithm          : deterministic
# ignoring probs <=  : 0
# Branch length floor: 0
# DE strategy        : 2
#    F               : 0.3
#    CR              : 0.8
#    tolerance       : 3e-06
# nthreads           : 32
# lgo input file     : cdf2.lgo
# site pat input file: ../../boot/boot11.opf
# free parameters    : 15
# points in DE swarm : 45
# output state file  : b1boot11.state
# Including singleton site patterns.
# cost function      : KL
Initial parameter values
Fixed:
      zero = 0
       one = 1
    Tbecnw = 75200
Free:
       pc1 = 0
       pc2 = 0
       pc3 = 0
       pc4 = 0
       pc5 = 0
       pc6 = 0
       pc7 = 0
       pc8 = 0
       pc9 = 0
      pc10 = 0
      pc11 = 0
      pc12 = 0
      pc13 = 0
      pc14 = 0
      pc15 = 0
Constrained:
     Tecnw = 40241.3
       Tnw = 4014.17
       Tec = 4171.92
     twoNb = 1.86574e+06
     twoNe = 49774.1
     twoNc = 277213
     twoNn = 238215
     twoNw = 426704
    twoNec = 323125
    twoNnw = 122521
  twoNecnw = 30550.4
  twoNbecnw = 76813.4
        m3 = 0.279492
        m4 = 0.0216034
        m6 = 0.00101949
        Tc = 2007.08
        Td = 1003.54
        Tf = 501.771
DiffEv reached_goal. cost=2.80975e-03 spread=2.81771e-06
Fitted parameter values
Free:
       pc1 = 3.29198
       pc2 = 1.59384
       pc3 = 0.31097
       pc4 = 1.98076
       pc5 = 1.50238
       pc6 = -1.92107
       pc7 = -1.33027
       pc8 = -1.95414
       pc9 = -0.666832
      pc10 = 1.3153
      pc11 = 0.423193
      pc12 = 0.0876024
      pc13 = 0.175159
      pc14 = -0.162095
      pc15 = -0.00831789
Constrained:
     Tecnw = 41094.8
       Tnw = 22.9108
       Tec = 223.169
     twoNb = 4.61134e+06
     twoNe = 6193.8
     twoNc = 3096.37
     twoNn = 222322
     twoNw = 545405
    twoNec = 363028
    twoNnw = 143703
  twoNecnw = 29637.1
  twoNbecnw = 77781.9
        m3 = 0.285962
        m4 = 0.026147
        m6 = 0.00175213
        Tc = 11.4554
        Td = 5.7277
        Tf = 2.86385
#       SitePat  BranchLen
              b 138613.5387279
              e 54140.3945933
              c 56165.8190756
              n 49369.7936728
              w 52471.8021635
            b:e 2416.9936113
            b:c 2951.6285817
            b:n 1991.1202161
            b:w 2272.0622557
            e:c 10888.9567853
            e:n 6134.3113942
            e:w 4726.6799135
            c:n 5332.3486817
            c:w 4668.0247668
            n:w 13728.0971816
          b:e:c 2252.6141205
          b:e:n 1260.1358349
          b:e:w 1220.9959651
          b:c:n 1222.3525820
          b:c:w 1261.6276364
          b:n:w 2250.6427738
          e:c:n 6597.7511351
          e:c:w 5567.6980401
          e:n:w 8107.0486044
          c:n:w 6893.4897961
        b:e:c:n 2273.5540571
        b:e:c:w 1992.4768330
        b:e:n:w 2907.6961615
        b:c:n:w 2418.9649579
        e:c:n:w 56819.0972655
