########################################
# legofit: estimate population history #
#       version 2.3.4-4-g53f8760       #
########################################

# Program was compiled: Sep 21 2021 14:36:42
# Program was run: Wed Sep 22 13:44:06 2021

# cmd: legofit -1 -d 0 -t 32 --ptsPerDim 3 --stateOut b1boot8.state --tol 3e-6 -S 5000 cdf2.lgo ../../boot/boot8.opf
# Stage nOptItr nSimReps
#     0    5000        0
# algorithm          : deterministic
# ignoring probs <=  : 0
# Branch length floor: 0
# DE strategy        : 2
#    F               : 0.3
#    CR              : 0.8
#    tolerance       : 3e-06
# nthreads           : 32
# lgo input file     : cdf2.lgo
# site pat input file: ../../boot/boot8.opf
# free parameters    : 15
# points in DE swarm : 45
# output state file  : b1boot8.state
# Including singleton site patterns.
# cost function      : KL
Initial parameter values
Fixed:
      zero = 0
       one = 1
    Tbecnw = 75200
Free:
       pc1 = 0
       pc2 = 0
       pc3 = 0
       pc4 = 0
       pc5 = 0
       pc6 = 0
       pc7 = 0
       pc8 = 0
       pc9 = 0
      pc10 = 0
      pc11 = 0
      pc12 = 0
      pc13 = 0
      pc14 = 0
      pc15 = 0
Constrained:
     Tecnw = 40241.3
       Tnw = 4014.17
       Tec = 4171.92
     twoNb = 1.86574e+06
     twoNe = 49774.1
     twoNc = 277213
     twoNn = 238215
     twoNw = 426704
    twoNec = 323125
    twoNnw = 122521
  twoNecnw = 30550.4
  twoNbecnw = 76813.4
        m3 = 0.279492
        m4 = 0.0216034
        m6 = 0.00101949
        Tc = 2007.08
        Td = 1003.54
        Tf = 501.771
DiffEv reached_goal. cost=2.82493e-03 spread=2.76530e-06
Fitted parameter values
Free:
       pc1 = 2.92426
       pc2 = 1.40677
       pc3 = 0.816063
       pc4 = 1.94509
       pc5 = 1.7565
       pc6 = -1.81384
       pc7 = -1.2477
       pc8 = -0.84129
       pc9 = -0.309804
      pc10 = 0.483496
      pc11 = -0.0660264
      pc12 = 0.0389818
      pc13 = 0.127993
      pc14 = -0.116935
      pc15 = 0.0555209
Constrained:
     Tecnw = 41007.6
       Tnw = 99.356
       Tec = 184.333
     twoNb = 4.21014e+06
     twoNe = 4166.74
     twoNc = 124438
     twoNn = 422069
     twoNw = 419865
    twoNec = 363892
    twoNnw = 140269
  twoNecnw = 29674.9
  twoNbecnw = 77179.2
        m3 = 0.28822
        m4 = 0.0252109
        m6 = 0.00110394
        Tc = 49.678
        Td = 24.839
        Tf = 12.4195
#       SitePat  BranchLen
              b 138161.2089652
              e 54061.1941613
              c 56008.1241716
              n 49180.5045438
              w 52266.8574232
            b:e 2399.6110615
            b:c 2915.6651208
            b:n 1966.3053343
            b:w 2244.5318692
            e:c 10874.1743016
            e:n 6077.9477566
            e:w 4694.8761205
            c:n 5311.3103490
            c:w 4633.0760973
            n:w 13781.9806984
          b:e:c 2238.3935381
          b:e:n 1243.6637151
          b:e:w 1206.8443717
          b:c:n 1208.2591864
          b:c:w 1245.2189996
          b:n:w 2236.3265091
          e:c:n 6549.4854291
          e:c:w 5524.4384375
          e:n:w 8050.5782060
          c:n:w 6880.8874296
        b:e:c:n 2246.0871537
        b:e:c:w 1967.7201490
        b:e:n:w 2869.5040522
        b:c:n:w 2401.6780906
        e:c:n:w 56546.4996626
