########################################
# legofit: estimate population history #
#       version 2.3.4-4-g53f8760       #
########################################

# Program was compiled: Sep 21 2021 14:36:42
# Program was run: Wed Sep 22 13:44:22 2021

# cmd: legofit -1 -d 0 -t 32 --ptsPerDim 3 --stateOut b1boot17.state --tol 3e-6 -S 5000 cdf2.lgo ../../boot/boot17.opf
# Stage nOptItr nSimReps
#     0    5000        0
# algorithm          : deterministic
# ignoring probs <=  : 0
# Branch length floor: 0
# DE strategy        : 2
#    F               : 0.3
#    CR              : 0.8
#    tolerance       : 3e-06
# nthreads           : 32
# lgo input file     : cdf2.lgo
# site pat input file: ../../boot/boot17.opf
# free parameters    : 15
# points in DE swarm : 45
# output state file  : b1boot17.state
# Including singleton site patterns.
# cost function      : KL
Initial parameter values
Fixed:
      zero = 0
       one = 1
    Tbecnw = 75200
Free:
       pc1 = 0
       pc2 = 0
       pc3 = 0
       pc4 = 0
       pc5 = 0
       pc6 = 0
       pc7 = 0
       pc8 = 0
       pc9 = 0
      pc10 = 0
      pc11 = 0
      pc12 = 0
      pc13 = 0
      pc14 = 0
      pc15 = 0
Constrained:
     Tecnw = 40241.3
       Tnw = 4014.17
       Tec = 4171.92
     twoNb = 1.86574e+06
     twoNe = 49774.1
     twoNc = 277213
     twoNn = 238215
     twoNw = 426704
    twoNec = 323125
    twoNnw = 122521
  twoNecnw = 30550.4
  twoNbecnw = 76813.4
        m3 = 0.279492
        m4 = 0.0216034
        m6 = 0.00101949
        Tc = 2007.08
        Td = 1003.54
        Tf = 501.771
DiffEv reached_goal. cost=2.78220e-03 spread=2.95589e-06
Fitted parameter values
Free:
       pc1 = 3.24547
       pc2 = 1.71739
       pc3 = 0.880543
       pc4 = 1.93995
       pc5 = 1.64749
       pc6 = -1.66573
       pc7 = -0.14405
       pc8 = -1.95987
       pc9 = -0.200842
      pc10 = 0.625223
      pc11 = 0.00425556
      pc12 = 0.151085
      pc13 = 0.0048208
      pc14 = -0.231935
      pc15 = 0.0299065
Constrained:
     Tecnw = 41228.6
       Tnw = 5.09019
       Tec = 81.1824
     twoNb = 4.28865e+06
     twoNe = 2248.57
     twoNc = 192415
     twoNn = 319831
     twoNw = 717336
    twoNec = 365598
    twoNnw = 141808
  twoNecnw = 29639.4
  twoNbecnw = 77289
        m3 = 0.289937
        m4 = 0.0250839
        m6 = 0.00271335
        Tc = 2.54509
        Td = 1.27255
        Tf = 0.636274
#       SitePat  BranchLen
              b 138174.5396971
              e 54211.4615101
              c 56169.3140895
              n 49341.1678387
              w 52502.1947154
            b:e 2415.1581402
            b:c 2927.2954691
            b:n 1980.9782944
            b:w 2265.7773559
            e:c 10887.8618610
            e:n 6145.6393904
            e:w 4700.1193397
            c:n 5332.4517498
            c:w 4661.7587835
            n:w 13771.7262483
          b:e:c 2249.8687626
          b:e:n 1256.5635289
          b:e:w 1215.8615637
          b:c:n 1217.2521964
          b:c:w 1258.0957554
          b:n:w 2247.8403475
          e:c:n 6579.7378855
          e:c:w 5534.9240258
          e:n:w 8045.3280181
          c:n:w 6889.0208998
        b:e:c:n 2267.3095823
        b:e:c:w 1982.3689272
        b:e:n:w 2882.2440079
        b:c:n:w 2417.1865553
        e:c:n:w 56383.8936405
