########################################
# legofit: estimate population history #
#       version 2.3.4-4-g53f8760       #
########################################

# Program was compiled: Sep 21 2021 14:36:42
# Program was run: Wed Sep 22 13:44:50 2021

# cmd: legofit -1 -d 0 -t 32 --ptsPerDim 3 --stateOut b1boot45.state --tol 3e-6 -S 5000 cdf2.lgo ../../boot/boot45.opf
# Stage nOptItr nSimReps
#     0    5000        0
# algorithm          : deterministic
# ignoring probs <=  : 0
# Branch length floor: 0
# DE strategy        : 2
#    F               : 0.3
#    CR              : 0.8
#    tolerance       : 3e-06
# nthreads           : 32
# lgo input file     : cdf2.lgo
# site pat input file: ../../boot/boot45.opf
# free parameters    : 15
# points in DE swarm : 45
# output state file  : b1boot45.state
# Including singleton site patterns.
# cost function      : KL
Initial parameter values
Fixed:
      zero = 0
       one = 1
    Tbecnw = 75200
Free:
       pc1 = 0
       pc2 = 0
       pc3 = 0
       pc4 = 0
       pc5 = 0
       pc6 = 0
       pc7 = 0
       pc8 = 0
       pc9 = 0
      pc10 = 0
      pc11 = 0
      pc12 = 0
      pc13 = 0
      pc14 = 0
      pc15 = 0
Constrained:
     Tecnw = 40241.3
       Tnw = 4014.17
       Tec = 4171.92
     twoNb = 1.86574e+06
     twoNe = 49774.1
     twoNc = 277213
     twoNn = 238215
     twoNw = 426704
    twoNec = 323125
    twoNnw = 122521
  twoNecnw = 30550.4
  twoNbecnw = 76813.4
        m3 = 0.279492
        m4 = 0.0216034
        m6 = 0.00101949
        Tc = 2007.08
        Td = 1003.54
        Tf = 501.771
DiffEv reached_goal. cost=2.85900e-03 spread=1.63334e-06
Fitted parameter values
Free:
       pc1 = 3.74831
       pc2 = 1.34354
       pc3 = 0.739479
       pc4 = 1.65744
       pc5 = 1.66089
       pc6 = -1.42975
       pc7 = -1.06631
       pc8 = -1.81333
       pc9 = -0.319225
      pc10 = 1.25065
      pc11 = -0.20518
      pc12 = -0.151574
      pc13 = 0.168318
      pc14 = -0.12094
      pc15 = -0.0415934
Constrained:
     Tecnw = 41338.4
       Tnw = 1.83894
       Tec = 77.1654
     twoNb = 4.1764e+06
     twoNe = 2055.99
     twoNc = 109323
     twoNn = 253154
     twoNw = 654002
    twoNec = 369804
    twoNnw = 143281
  twoNecnw = 29221.1
  twoNbecnw = 77636.1
        m3 = 0.287414
        m4 = 0.0255179
        m6 = 0.00129906
        Tc = 0.919468
        Td = 0.459734
        Tf = 0.229867
#       SitePat  BranchLen
              b 138613.5518401
              e 54161.1164720
              c 56206.3063364
              n 49330.4194119
              w 52473.2382168
            b:e 2394.8428802
            b:c 2925.5743731
            b:n 1966.3238597
            b:w 2247.0422352
            e:c 10800.2845792
            e:n 6128.9077281
            e:w 4673.0710993
            c:n 5281.1863952
            c:w 4625.9438810
            n:w 13686.3002014
          b:e:c 2230.3247385
          b:e:n 1248.5080468
          b:e:w 1206.8932561
          b:c:n 1208.3369868
          b:c:w 1250.0984307
          b:n:w 2228.2213654
          e:c:n 6542.4610423
          e:c:w 5510.7213803
          e:n:w 8050.0856071
          c:n:w 6847.2875223
        b:e:c:n 2248.6326191
        b:e:c:w 1967.7675904
        b:e:n:w 2878.2550893
        b:c:n:w 2396.9462534
        e:c:n:w 56969.4474361
