########################################
# legofit: estimate population history #
#       version 2.3.4-4-g53f8760       #
########################################

# Program was compiled: Sep 21 2021 14:36:42
# Program was run: Wed Sep 22 13:44:22 2021

# cmd: legofit -1 -d 0 -t 32 --ptsPerDim 3 --stateOut b1boot20.state --tol 3e-6 -S 5000 cdf2.lgo ../../boot/boot20.opf
# Stage nOptItr nSimReps
#     0    5000        0
# algorithm          : deterministic
# ignoring probs <=  : 0
# Branch length floor: 0
# DE strategy        : 2
#    F               : 0.3
#    CR              : 0.8
#    tolerance       : 3e-06
# nthreads           : 32
# lgo input file     : cdf2.lgo
# site pat input file: ../../boot/boot20.opf
# free parameters    : 15
# points in DE swarm : 45
# output state file  : b1boot20.state
# Including singleton site patterns.
# cost function      : KL
Initial parameter values
Fixed:
      zero = 0
       one = 1
    Tbecnw = 75200
Free:
       pc1 = 0
       pc2 = 0
       pc3 = 0
       pc4 = 0
       pc5 = 0
       pc6 = 0
       pc7 = 0
       pc8 = 0
       pc9 = 0
      pc10 = 0
      pc11 = 0
      pc12 = 0
      pc13 = 0
      pc14 = 0
      pc15 = 0
Constrained:
     Tecnw = 40241.3
       Tnw = 4014.17
       Tec = 4171.92
     twoNb = 1.86574e+06
     twoNe = 49774.1
     twoNc = 277213
     twoNn = 238215
     twoNw = 426704
    twoNec = 323125
    twoNnw = 122521
  twoNecnw = 30550.4
  twoNbecnw = 76813.4
        m3 = 0.279492
        m4 = 0.0216034
        m6 = 0.00101949
        Tc = 2007.08
        Td = 1003.54
        Tf = 501.771
DiffEv reached_goal. cost=2.78830e-03 spread=2.56964e-06
Fitted parameter values
Free:
       pc1 = 2.88914
       pc2 = 1.66434
       pc3 = 0.981357
       pc4 = 1.87611
       pc5 = 1.16448
       pc6 = -1.9068
       pc7 = -0.797682
       pc8 = -1.7878
       pc9 = -0.634092
      pc10 = 0.30191
      pc11 = -0.105422
      pc12 = 0.0825651
      pc13 = 0.209692
      pc14 = -0.128664
      pc15 = -0.0116187
Constrained:
     Tecnw = 40917.9
       Tnw = 28.4945
       Tec = 50.7269
     twoNb = 4.36845e+06
     twoNe = 1021.52
     twoNc = 97714.4
     twoNn = 259875
     twoNw = 574692
    twoNec = 363480
    twoNnw = 142494
  twoNecnw = 29676.4
  twoNbecnw = 76938.6
        m3 = 0.285382
        m4 = 0.024654
        m6 = 0.00217779
        Tc = 14.2473
        Td = 7.12363
        Tf = 3.56181
#       SitePat  BranchLen
              b 138014.5768383
              e 53891.7448164
              c 55839.9290945
              n 49114.4115164
              w 52223.1583451
            b:e 2381.3777725
            b:c 2885.1782159
            b:n 1958.7988572
            b:w 2236.1274803
            e:c 10847.6992749
            e:n 6111.7194173
            e:w 4686.4288903
            c:n 5302.3206856
            c:w 4646.1739657
            n:w 13679.2880956
          b:e:c 2219.1626992
          b:e:n 1240.2932239
          b:e:w 1200.3125280
          b:c:n 1201.6393272
          b:c:w 1241.7532902
          b:n:w 2217.2313236
          e:c:n 6552.0309386
          e:c:w 5524.7213569
          e:n:w 8001.2334685
          c:n:w 6854.5740407
        b:e:c:n 2237.5875466
        b:e:c:w 1960.1256564
        b:e:n:w 2841.7676511
        b:c:n:w 2383.3091482
        e:c:n:w 56523.0363181
