########################################
# legofit: estimate population history #
#       version 2.3.4-4-g53f8760       #
########################################

# Program was compiled: Sep 21 2021 14:36:42
# Program was run: Wed Sep 22 13:44:23 2021

# cmd: legofit -1 -d 0 -t 32 --ptsPerDim 3 --stateOut b1boot21.state --tol 3e-6 -S 5000 cdf2.lgo ../../boot/boot21.opf
# Stage nOptItr nSimReps
#     0    5000        0
# algorithm          : deterministic
# ignoring probs <=  : 0
# Branch length floor: 0
# DE strategy        : 2
#    F               : 0.3
#    CR              : 0.8
#    tolerance       : 3e-06
# nthreads           : 32
# lgo input file     : cdf2.lgo
# site pat input file: ../../boot/boot21.opf
# free parameters    : 15
# points in DE swarm : 45
# output state file  : b1boot21.state
# Including singleton site patterns.
# cost function      : KL
Initial parameter values
Fixed:
      zero = 0
       one = 1
    Tbecnw = 75200
Free:
       pc1 = 0
       pc2 = 0
       pc3 = 0
       pc4 = 0
       pc5 = 0
       pc6 = 0
       pc7 = 0
       pc8 = 0
       pc9 = 0
      pc10 = 0
      pc11 = 0
      pc12 = 0
      pc13 = 0
      pc14 = 0
      pc15 = 0
Constrained:
     Tecnw = 40241.3
       Tnw = 4014.17
       Tec = 4171.92
     twoNb = 1.86574e+06
     twoNe = 49774.1
     twoNc = 277213
     twoNn = 238215
     twoNw = 426704
    twoNec = 323125
    twoNnw = 122521
  twoNecnw = 30550.4
  twoNbecnw = 76813.4
        m3 = 0.279492
        m4 = 0.0216034
        m6 = 0.00101949
        Tc = 2007.08
        Td = 1003.54
        Tf = 501.771
DiffEv reached_goal. cost=2.79852e-03 spread=2.74208e-06
Fitted parameter values
Free:
       pc1 = 3.38132
       pc2 = 1.89902
       pc3 = 0.475921
       pc4 = 1.75451
       pc5 = 1.53177
       pc6 = -1.23254
       pc7 = -0.654125
       pc8 = -1.74292
       pc9 = -0.592722
      pc10 = 1.57871
      pc11 = 0.310077
      pc12 = 0.0180987
      pc13 = 0.171408
      pc14 = -0.0323451
      pc15 = 0.0400635
Constrained:
     Tecnw = 41150.6
       Tnw = 3.33393
       Tec = 224.368
     twoNb = 4.19354e+06
     twoNe = 6144.41
     twoNc = 149612
     twoNn = 260644
     twoNw = 667093
    twoNec = 360623
    twoNnw = 143687
  twoNecnw = 29522.8
  twoNbecnw = 77914.5
        m3 = 0.279131
        m4 = 0.026226
        m6 = 0.00206468
        Tc = 1.66696
        Td = 0.833482
        Tf = 0.416741
#       SitePat  BranchLen
              b 138757.6695857
              e 54134.1133243
              c 56175.1493865
              n 49326.3323575
              w 52400.9717460
            b:e 2415.6445781
            b:c 2957.1836208
            b:n 1986.8255791
            b:w 2264.4969822
            e:c 10924.5860771
            e:n 6113.5727975
            e:w 4702.3911158
            c:n 5293.6727596
            c:w 4649.5621801
            n:w 13806.1246119
          b:e:c 2259.0335649
          b:e:n 1255.4232558
          b:e:w 1215.0939342
          b:c:n 1216.5839527
          b:c:w 1257.0612565
          b:n:w 2256.8592075
          e:c:n 6576.6320203
          e:c:w 5557.2848931
          e:n:w 8114.3347040
          c:n:w 6892.2456812
        b:e:c:n 2266.1349829
        b:e:c:w 1988.3155976
        b:e:n:w 2908.7040632
        b:c:n:w 2417.8189354
        e:c:n:w 56991.5841879
