########################################
# legofit: estimate population history #
#       version 2.3.4-4-g53f8760       #
########################################

# Program was compiled: Sep 21 2021 14:36:42
# Program was run: Wed Sep 22 13:44:57 2021

# cmd: legofit -1 -d 0 -t 32 --ptsPerDim 3 --stateOut b1boot49.state --tol 3e-6 -S 5000 cdf2.lgo ../../boot/boot49.opf
# Stage nOptItr nSimReps
#     0    5000        0
# algorithm          : deterministic
# ignoring probs <=  : 0
# Branch length floor: 0
# DE strategy        : 2
#    F               : 0.3
#    CR              : 0.8
#    tolerance       : 3e-06
# nthreads           : 32
# lgo input file     : cdf2.lgo
# site pat input file: ../../boot/boot49.opf
# free parameters    : 15
# points in DE swarm : 45
# output state file  : b1boot49.state
# Including singleton site patterns.
# cost function      : KL
Initial parameter values
Fixed:
      zero = 0
       one = 1
    Tbecnw = 75200
Free:
       pc1 = 0
       pc2 = 0
       pc3 = 0
       pc4 = 0
       pc5 = 0
       pc6 = 0
       pc7 = 0
       pc8 = 0
       pc9 = 0
      pc10 = 0
      pc11 = 0
      pc12 = 0
      pc13 = 0
      pc14 = 0
      pc15 = 0
Constrained:
     Tecnw = 40241.3
       Tnw = 4014.17
       Tec = 4171.92
     twoNb = 1.86574e+06
     twoNe = 49774.1
     twoNc = 277213
     twoNn = 238215
     twoNw = 426704
    twoNec = 323125
    twoNnw = 122521
  twoNecnw = 30550.4
  twoNbecnw = 76813.4
        m3 = 0.279492
        m4 = 0.0216034
        m6 = 0.00101949
        Tc = 2007.08
        Td = 1003.54
        Tf = 501.771
DiffEv reached_goal. cost=2.82598e-03 spread=2.56965e-06
Fitted parameter values
Free:
       pc1 = 3.40407
       pc2 = 1.96898
       pc3 = 0.101184
       pc4 = 1.96335
       pc5 = 1.30486
       pc6 = -1.70546
       pc7 = -0.691305
       pc8 = -1.09199
       pc9 = -1.17488
      pc10 = 0.777657
      pc11 = 0.146641
      pc12 = -0.00688144
      pc13 = 0.0789677
      pc14 = -0.112757
      pc15 = -0.0503229
Constrained:
     Tecnw = 41155.3
       Tnw = 14.2352
       Tec = 244.443
     twoNb = 4.24759e+06
     twoNe = 6303.73
     twoNc = 97801.9
     twoNn = 322286
     twoNw = 358928
    twoNec = 364940
    twoNnw = 146041
  twoNecnw = 29555.2
  twoNbecnw = 77572.5
        m3 = 0.275973
        m4 = 0.0252786
        m6 = 0.00262123
        Tc = 7.1176
        Td = 3.5588
        Tf = 1.7794
#       SitePat  BranchLen
              b 138468.1014098
              e 54168.9423471
              c 56158.0554962
              n 49420.0189834
              w 52451.2991061
            b:e 2409.6682624
            b:c 2929.6798973
            b:n 1986.7886465
            b:w 2259.0708257
            e:c 10866.7425851
            e:n 6114.9242224
            e:w 4706.3378649
            c:n 5289.3347490
            c:w 4666.9169481
            n:w 13712.4832208
          b:e:c 2245.7294068
          b:e:n 1255.8434601
          b:e:w 1214.6134389
          b:c:n 1216.0304095
          b:c:w 1257.3991942
          b:n:w 2243.6697957
          e:c:n 6563.1512621
          e:c:w 5562.8752977
          e:n:w 8058.1660552
          c:n:w 6883.0611416
        b:e:c:n 2260.6265598
        b:e:c:w 1988.2056171
        b:e:n:w 2883.7100584
        b:c:n:w 2411.7278736
        e:c:n:w 56731.3284177
