########################################
# legofit: estimate population history #
#       version 2.3.4-4-g53f8760       #
########################################

# Program was compiled: Sep 21 2021 14:36:42
# Program was run: Wed Sep 22 13:44:06 2021

# cmd: legofit -1 -d 0 -t 32 --ptsPerDim 3 --stateOut b1boot7.state --tol 3e-6 -S 5000 cdf2.lgo ../../boot/boot7.opf
# Stage nOptItr nSimReps
#     0    5000        0
# algorithm          : deterministic
# ignoring probs <=  : 0
# Branch length floor: 0
# DE strategy        : 2
#    F               : 0.3
#    CR              : 0.8
#    tolerance       : 3e-06
# nthreads           : 32
# lgo input file     : cdf2.lgo
# site pat input file: ../../boot/boot7.opf
# free parameters    : 15
# points in DE swarm : 45
# output state file  : b1boot7.state
# Including singleton site patterns.
# cost function      : KL
Initial parameter values
Fixed:
      zero = 0
       one = 1
    Tbecnw = 75200
Free:
       pc1 = 0
       pc2 = 0
       pc3 = 0
       pc4 = 0
       pc5 = 0
       pc6 = 0
       pc7 = 0
       pc8 = 0
       pc9 = 0
      pc10 = 0
      pc11 = 0
      pc12 = 0
      pc13 = 0
      pc14 = 0
      pc15 = 0
Constrained:
     Tecnw = 40241.3
       Tnw = 4014.17
       Tec = 4171.92
     twoNb = 1.86574e+06
     twoNe = 49774.1
     twoNc = 277213
     twoNn = 238215
     twoNw = 426704
    twoNec = 323125
    twoNnw = 122521
  twoNecnw = 30550.4
  twoNbecnw = 76813.4
        m3 = 0.279492
        m4 = 0.0216034
        m6 = 0.00101949
        Tc = 2007.08
        Td = 1003.54
        Tf = 501.771
DiffEv reached_goal. cost=2.80991e-03 spread=1.89351e-06
Fitted parameter values
Free:
       pc1 = 3.64711
       pc2 = 1.27021
       pc3 = 0.131121
       pc4 = 1.96876
       pc5 = 1.44477
       pc6 = -1.73323
       pc7 = -0.0477006
       pc8 = -1.5468
       pc9 = -0.264641
      pc10 = 0.869969
      pc11 = 0.352566
      pc12 = 0.118457
      pc13 = 0.370788
      pc14 = -0.103116
      pc15 = -0.0251083
Constrained:
     Tecnw = 41139.8
       Tnw = 82.3402
       Tec = 83.4814
     twoNb = 3.95955e+06
     twoNe = 1241.74
     twoNc = 149428
     twoNn = 295892
     twoNw = 521341
    twoNec = 363177
    twoNnw = 141697
  twoNecnw = 29480.9
  twoNbecnw = 77828.6
        m3 = 0.293245
        m4 = 0.0249854
        m6 = 0.00302036
        Tc = 41.1701
        Td = 20.585
        Tf = 10.2925
#       SitePat  BranchLen
              b 138738.5747319
              e 54053.7414805
              c 56001.2000275
              n 49258.8406655
              w 52442.9088827
            b:e 2406.8363371
            b:c 2924.0608391
            b:n 1978.6687072
            b:w 2266.0658930
            e:c 10872.3191513
            e:n 6148.3870324
            e:w 4701.9326859
            c:n 5345.5816117
            c:w 4664.5282347
            n:w 13684.7511307
          b:e:c 2240.9883018
          b:e:n 1255.2514483
          b:e:w 1214.9960865
          b:c:n 1216.4930218
          b:c:w 1256.9019610
          b:n:w 2238.8107930
          e:c:n 6602.7531862
          e:c:w 5546.1926925
          e:n:w 8046.3905531
          c:n:w 6885.0126023
        b:e:c:n 2267.7164058
        b:e:c:w 1980.1656425
        b:e:n:w 2875.2565203
        b:c:n:w 2409.0138459
        e:c:n:w 57056.8730110
