########################################
# legofit: estimate population history #
#       version 2.3.4-4-g53f8760       #
########################################

# Program was compiled: Sep 21 2021 14:36:42
# Program was run: Wed Sep 22 13:44:43 2021

# cmd: legofit -1 -d 0 -t 32 --ptsPerDim 3 --stateOut b1boot39.state --tol 3e-6 -S 5000 cdf2.lgo ../../boot/boot39.opf
# Stage nOptItr nSimReps
#     0    5000        0
# algorithm          : deterministic
# ignoring probs <=  : 0
# Branch length floor: 0
# DE strategy        : 2
#    F               : 0.3
#    CR              : 0.8
#    tolerance       : 3e-06
# nthreads           : 32
# lgo input file     : cdf2.lgo
# site pat input file: ../../boot/boot39.opf
# free parameters    : 15
# points in DE swarm : 45
# output state file  : b1boot39.state
# Including singleton site patterns.
# cost function      : KL
Initial parameter values
Fixed:
      zero = 0
       one = 1
    Tbecnw = 75200
Free:
       pc1 = 0
       pc2 = 0
       pc3 = 0
       pc4 = 0
       pc5 = 0
       pc6 = 0
       pc7 = 0
       pc8 = 0
       pc9 = 0
      pc10 = 0
      pc11 = 0
      pc12 = 0
      pc13 = 0
      pc14 = 0
      pc15 = 0
Constrained:
     Tecnw = 40241.3
       Tnw = 4014.17
       Tec = 4171.92
     twoNb = 1.86574e+06
     twoNe = 49774.1
     twoNc = 277213
     twoNn = 238215
     twoNw = 426704
    twoNec = 323125
    twoNnw = 122521
  twoNecnw = 30550.4
  twoNbecnw = 76813.4
        m3 = 0.279492
        m4 = 0.0216034
        m6 = 0.00101949
        Tc = 2007.08
        Td = 1003.54
        Tf = 501.771
DiffEv reached_goal. cost=2.72889e-03 spread=2.61473e-06
Fitted parameter values
Free:
       pc1 = 3.45056
       pc2 = 0.926473
       pc3 = 0.345192
       pc4 = 1.81252
       pc5 = 1.94884
       pc6 = -1.5496
       pc7 = -1.1722
       pc8 = -1.04291
       pc9 = -0.25735
      pc10 = 0.983626
      pc11 = 0.119897
      pc12 = 0.28898
      pc13 = 0.0960467
      pc14 = -0.102006
      pc15 = 0.0889514
Constrained:
     Tecnw = 41335.7
       Tnw = 61.6428
       Tec = 175.593
     twoNb = 4.0736e+06
     twoNe = 3964.58
     twoNc = 113432
     twoNn = 366920
     twoNw = 437960
    twoNec = 360012
    twoNnw = 140451
  twoNecnw = 29580.7
  twoNbecnw = 77791.2
        m3 = 0.29219
        m4 = 0.0249243
        m6 = 0.00102991
        Tc = 30.8214
        Td = 15.4107
        Tf = 7.70535
#       SitePat  BranchLen
              b 138576.1287788
              e 54222.8041810
              c 56234.9879383
              n 49348.5906340
              w 52606.8006052
            b:e 2428.2875130
            b:c 2947.7618303
            b:n 1991.5107919
            b:w 2286.8362748
            e:c 10974.8240894
            e:n 6185.4146891
            e:w 4695.2136421
            c:n 5338.4995108
            c:w 4650.9390812
            n:w 13852.3237435
          b:e:c 2273.2350812
          b:e:n 1263.2755031
          b:e:w 1221.0934912
          b:c:n 1222.5569501
          b:c:w 1264.8927091
          b:n:w 2271.0943407
          e:c:n 6624.8143936
          e:c:w 5544.3658991
          e:n:w 8071.3780745
          c:n:w 6897.7939233
        b:e:c:n 2288.4534808
        b:e:c:w 1992.9742508
        b:e:n:w 2900.3931026
        b:c:n:w 2430.4282536
        e:c:n:w 56672.3949604
