########################################
# legofit: estimate population history #
#       version 2.3.4-4-g53f8760       #
########################################

# Program was compiled: Sep 21 2021 14:36:42
# Program was run: Wed Sep 22 13:44:42 2021

# cmd: legofit -1 -d 0 -t 32 --ptsPerDim 3 --stateOut b1boot36.state --tol 3e-6 -S 5000 cdf2.lgo ../../boot/boot36.opf
# Stage nOptItr nSimReps
#     0    5000        0
# algorithm          : deterministic
# ignoring probs <=  : 0
# Branch length floor: 0
# DE strategy        : 2
#    F               : 0.3
#    CR              : 0.8
#    tolerance       : 3e-06
# nthreads           : 32
# lgo input file     : cdf2.lgo
# site pat input file: ../../boot/boot36.opf
# free parameters    : 15
# points in DE swarm : 45
# output state file  : b1boot36.state
# Including singleton site patterns.
# cost function      : KL
Initial parameter values
Fixed:
      zero = 0
       one = 1
    Tbecnw = 75200
Free:
       pc1 = 0
       pc2 = 0
       pc3 = 0
       pc4 = 0
       pc5 = 0
       pc6 = 0
       pc7 = 0
       pc8 = 0
       pc9 = 0
      pc10 = 0
      pc11 = 0
      pc12 = 0
      pc13 = 0
      pc14 = 0
      pc15 = 0
Constrained:
     Tecnw = 40241.3
       Tnw = 4014.17
       Tec = 4171.92
     twoNb = 1.86574e+06
     twoNe = 49774.1
     twoNc = 277213
     twoNn = 238215
     twoNw = 426704
    twoNec = 323125
    twoNnw = 122521
  twoNecnw = 30550.4
  twoNbecnw = 76813.4
        m3 = 0.279492
        m4 = 0.0216034
        m6 = 0.00101949
        Tc = 2007.08
        Td = 1003.54
        Tf = 501.771
DiffEv reached_goal. cost=2.85355e-03 spread=2.51220e-06
Fitted parameter values
Free:
       pc1 = 2.75292
       pc2 = 1.30753
       pc3 = 1.35652
       pc4 = 1.87407
       pc5 = 1.73418
       pc6 = -1.53625
       pc7 = -1.94898
       pc8 = -1.41936
       pc9 = -0.76319
      pc10 = 0.51351
      pc11 = -0.0662649
      pc12 = 0.120195
      pc13 = 0.0978351
      pc14 = -0.120457
      pc15 = 0.0293045
Constrained:
     Tecnw = 40950.3
       Tnw = 19.283
       Tec = 45.5955
     twoNb = 4.63965e+06
     twoNe = 1037.23
     twoNc = 100179
     twoNn = 304045
     twoNw = 519900
    twoNec = 365333
    twoNnw = 142400
  twoNecnw = 29769.6
  twoNbecnw = 77073.4
        m3 = 0.283399
        m4 = 0.0245104
        m6 = 9.72042e-05
        Tc = 9.64148
        Td = 4.82074
        Tf = 2.41037
#       SitePat  BranchLen
              b 138062.0564856
              e 54010.0340498
              c 55967.1955904
              n 49204.2942159
              w 52281.6746156
            b:e 2398.0383897
            b:c 2900.1190219
            b:n 1971.4711228
            b:w 2247.5498916
            e:c 10892.2932382
            e:n 6097.5032588
            e:w 4701.6912722
            c:n 5305.2733872
            c:w 4642.1418919
            n:w 13759.4318950
          b:e:c 2237.9716176
          b:e:n 1245.7979609
          b:e:w 1207.7343944
          b:c:n 1208.9874982
          b:c:w 1247.1748859
          b:n:w 2236.1450250
          e:c:n 6560.0054417
          e:c:w 5541.5685239
          e:n:w 8027.1903605
          c:n:w 6876.5875858
        b:e:c:n 2248.9268166
        b:e:c:w 1972.7242266
        b:e:n:w 2859.3551575
        b:c:n:w 2399.8649822
        e:c:n:w 56443.0827683
