########################################
# legofit: estimate population history #
#       version 2.3.4-4-g53f8760       #
########################################

# Program was compiled: Sep 21 2021 14:36:42
# Program was run: Wed Sep 22 13:44:06 2021

# cmd: legofit -1 -d 0 -t 32 --ptsPerDim 3 --stateOut b1boot6.state --tol 3e-6 -S 5000 cdf2.lgo ../../boot/boot6.opf
# Stage nOptItr nSimReps
#     0    5000        0
# algorithm          : deterministic
# ignoring probs <=  : 0
# Branch length floor: 0
# DE strategy        : 2
#    F               : 0.3
#    CR              : 0.8
#    tolerance       : 3e-06
# nthreads           : 32
# lgo input file     : cdf2.lgo
# site pat input file: ../../boot/boot6.opf
# free parameters    : 15
# points in DE swarm : 45
# output state file  : b1boot6.state
# Including singleton site patterns.
# cost function      : KL
Initial parameter values
Fixed:
      zero = 0
       one = 1
    Tbecnw = 75200
Free:
       pc1 = 0
       pc2 = 0
       pc3 = 0
       pc4 = 0
       pc5 = 0
       pc6 = 0
       pc7 = 0
       pc8 = 0
       pc9 = 0
      pc10 = 0
      pc11 = 0
      pc12 = 0
      pc13 = 0
      pc14 = 0
      pc15 = 0
Constrained:
     Tecnw = 40241.3
       Tnw = 4014.17
       Tec = 4171.92
     twoNb = 1.86574e+06
     twoNe = 49774.1
     twoNc = 277213
     twoNn = 238215
     twoNw = 426704
    twoNec = 323125
    twoNnw = 122521
  twoNecnw = 30550.4
  twoNbecnw = 76813.4
        m3 = 0.279492
        m4 = 0.0216034
        m6 = 0.00101949
        Tc = 2007.08
        Td = 1003.54
        Tf = 501.771
DiffEv reached_goal. cost=2.81438e-03 spread=2.90005e-06
Fitted parameter values
Free:
       pc1 = 3.40491
       pc2 = 1.11714
       pc3 = 0.722376
       pc4 = 1.79943
       pc5 = 1.67017
       pc6 = -1.66788
       pc7 = -1.496
       pc8 = -1.79527
       pc9 = -0.270396
      pc10 = 1.30437
      pc11 = 0.284824
      pc12 = 0.0452543
      pc13 = 0.243179
      pc14 = -0.161266
      pc15 = -0.0176466
Constrained:
     Tecnw = 41109.9
       Tnw = 58.5735
       Tec = 84.1634
     twoNb = 4.35863e+06
     twoNe = 1708.62
     twoNc = 50075.1
     twoNn = 240875
     twoNw = 599757
    twoNec = 366740
    twoNnw = 142357
  twoNecnw = 29549
  twoNbecnw = 77752.6
        m3 = 0.291289
        m4 = 0.0257163
        m6 = 0.000863324
        Tc = 29.2868
        Td = 14.6434
        Tf = 7.32169
#       SitePat  BranchLen
              b 138633.9864845
              e 54127.0748908
              c 56119.6438497
              n 49333.6645103
              w 52450.8348802
            b:e 2410.4616494
            b:c 2939.6645940
            b:n 1982.8284197
            b:w 2264.8749413
            e:c 10859.3824523
            e:n 6115.8274041
            e:w 4719.8228584
            c:n 5339.2354855
            c:w 4652.7028989
            n:w 13700.8700741
          b:e:c 2243.8230742
          b:e:n 1255.5940386
          b:e:w 1218.4038877
          b:c:n 1219.8111829
          b:c:w 1257.1416736
          b:n:w 2241.7779010
          e:c:n 6587.2916691
          e:c:w 5552.6584316
          e:n:w 8084.7578417
          c:n:w 6885.1685632
        b:e:c:n 2266.4225763
        b:e:c:w 1984.2357150
        b:e:n:w 2893.9324998
        b:c:n:w 2412.5068226
        e:c:n:w 56905.7764717
