########################################
# legofit: estimate population history #
#       version 2.3.4-4-g53f8760       #
########################################

# Program was compiled: Sep 21 2021 14:36:42
# Program was run: Wed Sep 22 13:44:22 2021

# cmd: legofit -1 -d 0 -t 32 --ptsPerDim 3 --stateOut b1boot22.state --tol 3e-6 -S 5000 cdf2.lgo ../../boot/boot22.opf
# Stage nOptItr nSimReps
#     0    5000        0
# algorithm          : deterministic
# ignoring probs <=  : 0
# Branch length floor: 0
# DE strategy        : 2
#    F               : 0.3
#    CR              : 0.8
#    tolerance       : 3e-06
# nthreads           : 32
# lgo input file     : cdf2.lgo
# site pat input file: ../../boot/boot22.opf
# free parameters    : 15
# points in DE swarm : 45
# output state file  : b1boot22.state
# Including singleton site patterns.
# cost function      : KL
Initial parameter values
Fixed:
      zero = 0
       one = 1
    Tbecnw = 75200
Free:
       pc1 = 0
       pc2 = 0
       pc3 = 0
       pc4 = 0
       pc5 = 0
       pc6 = 0
       pc7 = 0
       pc8 = 0
       pc9 = 0
      pc10 = 0
      pc11 = 0
      pc12 = 0
      pc13 = 0
      pc14 = 0
      pc15 = 0
Constrained:
     Tecnw = 40241.3
       Tnw = 4014.17
       Tec = 4171.92
     twoNb = 1.86574e+06
     twoNe = 49774.1
     twoNc = 277213
     twoNn = 238215
     twoNw = 426704
    twoNec = 323125
    twoNnw = 122521
  twoNecnw = 30550.4
  twoNbecnw = 76813.4
        m3 = 0.279492
        m4 = 0.0216034
        m6 = 0.00101949
        Tc = 2007.08
        Td = 1003.54
        Tf = 501.771
DiffEv reached_goal. cost=2.81102e-03 spread=2.89439e-06
Fitted parameter values
Free:
       pc1 = 3.45473
       pc2 = 1.51105
       pc3 = 0.699898
       pc4 = 1.96275
       pc5 = 1.88714
       pc6 = -1.30544
       pc7 = -0.121019
       pc8 = -1.97724
       pc9 = -0.557657
      pc10 = 1.03863
      pc11 = 0.542499
      pc12 = 0.115485
      pc13 = 0.181611
      pc14 = -0.146544
      pc15 = 0.0101532
Constrained:
     Tecnw = 41142.7
       Tnw = 69.8545
       Tec = 64.1899
     twoNb = 4.36678e+06
     twoNe = 856.885
     twoNc = 217544
     twoNn = 297474
     twoNw = 713451
    twoNec = 367531
    twoNnw = 142363
  twoNecnw = 29649.1
  twoNbecnw = 77903.7
        m3 = 0.287071
        m4 = 0.0246613
        m6 = 0.00258774
        Tc = 34.9273
        Td = 17.4636
        Tf = 8.73182
#       SitePat  BranchLen
              b 138712.5827222
              e 54219.2310102
              c 56146.2354570
              n 49370.1691684
              w 52473.4902368
            b:e 2430.3988484
            b:c 2937.1441364
            b:n 1995.1909843
            b:w 2276.3814245
            e:c 10902.3246478
            e:n 6136.1199590
            e:w 4724.0939714
            c:n 5345.8052992
            c:w 4683.3748346
            n:w 13773.4507213
          b:e:c 2261.3251898
          b:e:n 1263.6858268
          b:e:w 1224.1083665
          b:c:n 1225.4606136
          b:c:w 1265.1728104
          b:n:w 2259.3552872
          e:c:n 6600.3168595
          e:c:w 5571.4522433
          e:n:w 8072.1851940
          c:n:w 6927.6766838
        b:e:c:n 2277.8684082
        b:e:c:w 1996.5432314
        b:e:n:w 2893.4154098
        b:c:n:w 2432.3687510
        e:c:n:w 56877.9328446
