########################################
# legofit: estimate population history #
#       version 2.3.4-4-g53f8760       #
########################################

# Program was compiled: Sep 21 2021 14:36:42
# Program was run: Wed Sep 22 13:44:50 2021

# cmd: legofit -1 -d 0 -t 32 --ptsPerDim 3 --stateOut b1boot41.state --tol 3e-6 -S 5000 cdf2.lgo ../../boot/boot41.opf
# Stage nOptItr nSimReps
#     0    5000        0
# algorithm          : deterministic
# ignoring probs <=  : 0
# Branch length floor: 0
# DE strategy        : 2
#    F               : 0.3
#    CR              : 0.8
#    tolerance       : 3e-06
# nthreads           : 32
# lgo input file     : cdf2.lgo
# site pat input file: ../../boot/boot41.opf
# free parameters    : 15
# points in DE swarm : 45
# output state file  : b1boot41.state
# Including singleton site patterns.
# cost function      : KL
Initial parameter values
Fixed:
      zero = 0
       one = 1
    Tbecnw = 75200
Free:
       pc1 = 0
       pc2 = 0
       pc3 = 0
       pc4 = 0
       pc5 = 0
       pc6 = 0
       pc7 = 0
       pc8 = 0
       pc9 = 0
      pc10 = 0
      pc11 = 0
      pc12 = 0
      pc13 = 0
      pc14 = 0
      pc15 = 0
Constrained:
     Tecnw = 40241.3
       Tnw = 4014.17
       Tec = 4171.92
     twoNb = 1.86574e+06
     twoNe = 49774.1
     twoNc = 277213
     twoNn = 238215
     twoNw = 426704
    twoNec = 323125
    twoNnw = 122521
  twoNecnw = 30550.4
  twoNbecnw = 76813.4
        m3 = 0.279492
        m4 = 0.0216034
        m6 = 0.00101949
        Tc = 2007.08
        Td = 1003.54
        Tf = 501.771
DiffEv reached_goal. cost=2.80993e-03 spread=2.95910e-06
Fitted parameter values
Free:
       pc1 = 3.29056
       pc2 = 0.606607
       pc3 = 1.1727
       pc4 = 1.93724
       pc5 = 1.72297
       pc6 = -1.25515
       pc7 = -1.20395
       pc8 = -1.41763
       pc9 = 0.0270538
      pc10 = 0.287046
      pc11 = -0.103549
      pc12 = 0.0922858
      pc13 = 0.00317326
      pc14 = -0.265092
      pc15 = 0.0318566
Constrained:
     Tecnw = 41225.4
       Tnw = 52.8474
       Tec = 71.6468
     twoNb = 4.10921e+06
     twoNe = 1286.68
     twoNc = 224544
     twoNn = 288927
     twoNw = 539914
    twoNec = 372332
    twoNnw = 139478
  twoNecnw = 29639.4
  twoNbecnw = 77218.6
        m3 = 0.297622
        m4 = 0.0239109
        m6 = 0.000599809
        Tc = 26.4237
        Td = 13.2118
        Tf = 6.60592
#       SitePat  BranchLen
              b 138135.4736088
              e 54224.5438924
              c 56171.7608829
              n 49274.1025230
              w 52489.5273634
            b:e 2415.1650922
            b:c 2911.6472457
            b:n 1973.9548029
            b:w 2262.9893720
            e:c 10835.8506259
            e:n 6168.1965439
            e:w 4698.0848662
            c:n 5341.3136544
            c:w 4655.1239133
            n:w 13767.4234322
          b:e:c 2244.4426611
          b:e:n 1256.4547266
          b:e:w 1215.5748246
          b:c:n 1216.9573260
          b:c:w 1257.9802294
          b:n:w 2242.4238294
          e:c:n 6577.3079785
          e:c:w 5518.1845568
          e:n:w 8020.9908450
          c:n:w 6893.8243318
        b:e:c:n 2264.5148749
        b:e:c:w 1975.3373043
        b:e:n:w 2866.7807166
        b:c:n:w 2417.1839238
        e:c:n:w 56375.4510294
