########################################
# legofit: estimate population history #
#       version 2.3.4-4-g53f8760       #
########################################

# Program was compiled: Sep 21 2021 14:36:42
# Program was run: Sat Oct  9 21:01:18 2021

# cmd: legofit -1 -d 0 -t 32 --ptsPerDim 3 --stateOut b1boot41.state --tol 3e-6 -S 5000 adf2.lgo ../../boot/boot41.opf
# Stage nOptItr nSimReps
#     0    5000        0
# algorithm          : deterministic
# ignoring probs <=  : 0
# Branch length floor: 0
# DE strategy        : 2
#    F               : 0.3
#    CR              : 0.8
#    tolerance       : 3e-06
# nthreads           : 32
# lgo input file     : adf2.lgo
# site pat input file: ../../boot/boot41.opf
# free parameters    : 15
# points in DE swarm : 45
# output state file  : b1boot41.state
# Including singleton site patterns.
# cost function      : KL
Initial parameter values
Fixed:
      zero = 0
       one = 1
    Tbecnw = 75200
Free:
       pc1 = 0
       pc2 = 0
       pc3 = 0
       pc4 = 0
       pc5 = 0
       pc6 = 0
       pc7 = 0
       pc8 = 0
       pc9 = 0
      pc10 = 0
      pc11 = 0
      pc12 = 0
      pc13 = 0
      pc14 = 0
      pc15 = 0
Constrained:
   Tgbecnw = 109272
     Tecnw = 23734.2
       Tnw = 20712
       Tec = 11151.8
     twoNb = 1.34166e+06
     twoNc = 373994
     twoNw = 1.68195e+06
    twoNec = 146878
    twoNnw = 15959.5
  twoNecnw = 83376.1
  twoNbecnw = 14114.9
  twoNgbecnw = 259910
         m = 0.139162
        m4 = 0.0278703
        m6 = 3.18945e-06
        Ta = 37600
        Td = 5575.88
        Tf = 2787.94
DiffEv reached_goal. cost=1.93211e-03 spread=2.44907e-06
Fitted parameter values
Free:
       pc1 = 3.99498
       pc2 = -3.64562
       pc3 = 1.20812
       pc4 = 1.07183
       pc5 = 0.0820081
       pc6 = -1.81994
       pc7 = 0.710064
       pc8 = 1.3155
       pc9 = -0.960575
      pc10 = 0.567583
      pc11 = 0.0806335
      pc12 = -0.0949514
      pc13 = 0.0267263
      pc14 = 0.0680549
      pc15 = -0.0182243
Constrained:
   Tgbecnw = 82157.3
     Tecnw = 22088
       Tnw = 19729.6
       Tec = 10330.1
     twoNb = 1.31077e+06
     twoNc = 602670
     twoNw = 463598
    twoNec = 136437
    twoNnw = 12379.5
  twoNecnw = 77698.3
  twoNbecnw = 2948.94
  twoNgbecnw = 301801
         m = 0.108714
        m4 = 0.0278342
        m6 = 1.08843e-05
        Ta = 37600
        Td = 5165.03
        Tf = 2582.51
#       SitePat  BranchLen
              b 123922.8175773
              e 48743.3865956
              c 50242.4126340
              n 45709.0878909
              w 45709.0722083
            b:e 2086.0616697
            b:c 2458.6654831
            b:n 1762.9983984
            b:w 1762.9972585
            e:c 10389.7566499
            e:n 5278.8644672
            e:w 5278.8605639
            c:n 5074.2277706
            c:w 5074.2434532
            n:w 12558.1488813
          b:e:c 2063.9621317
          b:e:n 1111.1201724
          b:e:w 1111.1189284
          b:c:n 1121.1701058
          b:c:w 1121.1712457
          b:n:w 2019.9686610
          e:c:n 4597.3002799
          e:c:w 4597.3041832
          e:n:w 6247.4158094
          c:n:w 5667.8434499
        b:e:c:n 2036.6883060
        b:e:c:w 2036.6895501
        b:e:n:w 3296.6013711
        b:c:n:w 2393.6951147
        e:c:n:w 51430.5956163
