########################################
# legofit: estimate population history #
#       version 2.3.4-4-g53f8760       #
########################################

# Program was compiled: Sep 21 2021 14:36:42
# Program was run: Sat Oct  9 21:01:31 2021

# cmd: legofit -1 -d 0 -t 32 --ptsPerDim 3 --stateOut b1boot49.state --tol 3e-6 -S 5000 adf2.lgo ../../boot/boot49.opf
# Stage nOptItr nSimReps
#     0    5000        0
# algorithm          : deterministic
# ignoring probs <=  : 0
# Branch length floor: 0
# DE strategy        : 2
#    F               : 0.3
#    CR              : 0.8
#    tolerance       : 3e-06
# nthreads           : 32
# lgo input file     : adf2.lgo
# site pat input file: ../../boot/boot49.opf
# free parameters    : 15
# points in DE swarm : 45
# output state file  : b1boot49.state
# Including singleton site patterns.
# cost function      : KL
Initial parameter values
Fixed:
      zero = 0
       one = 1
    Tbecnw = 75200
Free:
       pc1 = 0
       pc2 = 0
       pc3 = 0
       pc4 = 0
       pc5 = 0
       pc6 = 0
       pc7 = 0
       pc8 = 0
       pc9 = 0
      pc10 = 0
      pc11 = 0
      pc12 = 0
      pc13 = 0
      pc14 = 0
      pc15 = 0
Constrained:
   Tgbecnw = 109272
     Tecnw = 23734.2
       Tnw = 20712
       Tec = 11151.8
     twoNb = 1.34166e+06
     twoNc = 373994
     twoNw = 1.68195e+06
    twoNec = 146878
    twoNnw = 15959.5
  twoNecnw = 83376.1
  twoNbecnw = 14114.9
  twoNgbecnw = 259910
         m = 0.139162
        m4 = 0.0278703
        m6 = 3.18945e-06
        Ta = 37600
        Td = 5575.88
        Tf = 2787.94
DiffEv reached_goal. cost=1.96161e-03 spread=2.79201e-06
Fitted parameter values
Free:
       pc1 = 3.95673
       pc2 = -3.99861
       pc3 = 1.33811
       pc4 = 1.60558
       pc5 = 0.736822
       pc6 = 0.722874
       pc7 = 0.292296
       pc8 = 0.995519
       pc9 = -0.0567967
      pc10 = 0.387097
      pc11 = 0.105999
      pc12 = 0.0371194
      pc13 = 0.0209985
      pc14 = 0.0510488
      pc15 = -0.00678833
Constrained:
   Tgbecnw = 82055.6
     Tecnw = 21849.1
       Tnw = 20149.7
       Tec = 10320.5
     twoNb = 1.13239e+06
     twoNc = 892035
     twoNw = 2.46646e+06
    twoNec = 134307
    twoNnw = 8899.86
  twoNecnw = 77934.2
  twoNbecnw = 2878.61
  twoNgbecnw = 307075
         m = 0.107132
        m4 = 0.0279559
        m6 = 7.86876e-06
        Ta = 37600
        Td = 5160.23
        Tf = 2580.11
#       SitePat  BranchLen
              b 123922.1201575
              e 48594.3771613
              c 50093.2925530
              n 45575.6601332
              w 45575.6579381
            b:e 2074.0432466
            b:c 2459.3326616
            b:n 1750.7093447
            b:w 1750.7091846
            e:c 10383.6936492
            e:n 5285.7556151
            e:w 5285.7550635
            c:n 5079.1561188
            c:w 5079.1583139
            n:w 12530.2993105
          b:e:c 2052.1906490
          b:e:n 1103.9881148
          b:e:w 1103.9879401
          b:c:n 1114.6171000
          b:c:w 1114.6172601
          b:n:w 2007.2998208
          e:c:n 4590.4584174
          e:c:w 4590.4589690
          e:n:w 6255.4831786
          c:n:w 5669.1692806
        b:e:c:n 2023.5091687
        b:e:c:w 2023.5093434
        b:e:n:w 3287.0581934
        b:c:n:w 2381.1049137
        e:c:n:w 51514.5287005
