########################################
# legofit: estimate population history #
#       version 2.3.4-4-g53f8760       #
########################################

# Program was compiled: Sep 21 2021 14:36:42
# Program was run: Sat Oct  9 21:00:18 2021

# cmd: legofit -1 -d 0 -t 32 --ptsPerDim 3 --stateOut b1boot11.state --tol 3e-6 -S 5000 adf2.lgo ../../boot/boot11.opf
# Stage nOptItr nSimReps
#     0    5000        0
# algorithm          : deterministic
# ignoring probs <=  : 0
# Branch length floor: 0
# DE strategy        : 2
#    F               : 0.3
#    CR              : 0.8
#    tolerance       : 3e-06
# nthreads           : 32
# lgo input file     : adf2.lgo
# site pat input file: ../../boot/boot11.opf
# free parameters    : 15
# points in DE swarm : 45
# output state file  : b1boot11.state
# Including singleton site patterns.
# cost function      : KL
Initial parameter values
Fixed:
      zero = 0
       one = 1
    Tbecnw = 75200
Free:
       pc1 = 0
       pc2 = 0
       pc3 = 0
       pc4 = 0
       pc5 = 0
       pc6 = 0
       pc7 = 0
       pc8 = 0
       pc9 = 0
      pc10 = 0
      pc11 = 0
      pc12 = 0
      pc13 = 0
      pc14 = 0
      pc15 = 0
Constrained:
   Tgbecnw = 109272
     Tecnw = 23734.2
       Tnw = 20712
       Tec = 11151.8
     twoNb = 1.34166e+06
     twoNc = 373994
     twoNw = 1.68195e+06
    twoNec = 146878
    twoNnw = 15959.5
  twoNecnw = 83376.1
  twoNbecnw = 14114.9
  twoNgbecnw = 259910
         m = 0.139162
        m4 = 0.0278703
        m6 = 3.18945e-06
        Ta = 37600
        Td = 5575.88
        Tf = 2787.94
DiffEv reached_goal. cost=1.96082e-03 spread=2.85862e-06
Fitted parameter values
Free:
       pc1 = 3.28415
       pc2 = -3.94738
       pc3 = 1.48273
       pc4 = 0.993188
       pc5 = 1.5266
       pc6 = 0.623095
       pc7 = 0.775947
       pc8 = 0.971394
       pc9 = 0.241891
      pc10 = 0.209341
      pc11 = 0.188718
      pc12 = 0.109994
      pc13 = 0.00650967
      pc14 = 0.0337382
      pc15 = 0.00409282
Constrained:
   Tgbecnw = 84784.2
     Tecnw = 21782.8
       Tnw = 20523.4
       Tec = 10789.6
     twoNb = 957096
     twoNc = 437156
     twoNw = 2.6114e+06
    twoNec = 128640
    twoNnw = 6661.52
  twoNecnw = 79388.8
  twoNbecnw = 4048.98
  twoNgbecnw = 297742
         m = 0.112304
        m4 = 0.0278918
        m6 = 9.22006e-06
        Ta = 37600
        Td = 5394.79
        Tf = 2697.39
#       SitePat  BranchLen
              b 124961.8148873
              e 48947.0392591
              c 50437.3502067
              n 45942.5959404
              w 45942.5934632
            b:e 2104.7475503
            b:c 2512.7119617
            b:n 1780.7915121
            b:w 1780.7913293
            e:c 10464.0757279
            e:n 5359.5851456
            e:w 5359.5845179
            c:n 5150.9974474
            c:w 5150.9999245
            n:w 12600.6148749
          b:e:c 2078.1203206
          b:e:n 1122.9979647
          b:e:w 1122.9977653
          b:c:n 1133.8212376
          b:c:w 1133.8214204
          b:n:w 2033.1501031
          e:c:n 4646.4922906
          e:c:w 4646.4929182
          e:n:w 6320.8220558
          c:n:w 5722.9841605
        b:e:c:n 2056.4590561
        b:e:c:w 2056.4592555
        b:e:n:w 3319.4744793
        b:c:n:w 2414.5620390
        e:c:n:w 52007.3729156
