########################################
# legofit: estimate population history #
#       version 2.3.4-4-g53f8760       #
########################################

# Program was compiled: Sep 21 2021 14:36:42
# Program was run: Sat Oct  9 21:01:00 2021

# cmd: legofit -1 -d 0 -t 32 --ptsPerDim 3 --stateOut b1boot31.state --tol 3e-6 -S 5000 adf2.lgo ../../boot/boot31.opf
# Stage nOptItr nSimReps
#     0    5000        0
# algorithm          : deterministic
# ignoring probs <=  : 0
# Branch length floor: 0
# DE strategy        : 2
#    F               : 0.3
#    CR              : 0.8
#    tolerance       : 3e-06
# nthreads           : 32
# lgo input file     : adf2.lgo
# site pat input file: ../../boot/boot31.opf
# free parameters    : 15
# points in DE swarm : 45
# output state file  : b1boot31.state
# Including singleton site patterns.
# cost function      : KL
Initial parameter values
Fixed:
      zero = 0
       one = 1
    Tbecnw = 75200
Free:
       pc1 = 0
       pc2 = 0
       pc3 = 0
       pc4 = 0
       pc5 = 0
       pc6 = 0
       pc7 = 0
       pc8 = 0
       pc9 = 0
      pc10 = 0
      pc11 = 0
      pc12 = 0
      pc13 = 0
      pc14 = 0
      pc15 = 0
Constrained:
   Tgbecnw = 109272
     Tecnw = 23734.2
       Tnw = 20712
       Tec = 11151.8
     twoNb = 1.34166e+06
     twoNc = 373994
     twoNw = 1.68195e+06
    twoNec = 146878
    twoNnw = 15959.5
  twoNecnw = 83376.1
  twoNbecnw = 14114.9
  twoNgbecnw = 259910
         m = 0.139162
        m4 = 0.0278703
        m6 = 3.18945e-06
        Ta = 37600
        Td = 5575.88
        Tf = 2787.94
DiffEv reached_goal. cost=1.92199e-03 spread=2.77795e-06
Fitted parameter values
Free:
       pc1 = 3.93048
       pc2 = -3.71633
       pc3 = 0.946833
       pc4 = 1.38048
       pc5 = 0.685695
       pc6 = -0.722365
       pc7 = 0.904307
       pc8 = 1.31726
       pc9 = -0.580587
      pc10 = 0.0274541
      pc11 = 0.12142
      pc12 = 0.0523629
      pc13 = 0.0146919
      pc14 = 0.019686
      pc15 = -0.010151
Constrained:
   Tgbecnw = 82421
     Tecnw = 21819.9
       Tnw = 19331.5
       Tec = 10684.5
     twoNb = 1.1854e+06
     twoNc = 566010
     twoNw = 1.44167e+06
    twoNec = 130911
    twoNnw = 13157.3
  twoNecnw = 78707.8
  twoNbecnw = 3079.52
  twoNgbecnw = 297933
         m = 0.111522
        m4 = 0.0279594
        m6 = 9.84959e-06
        Ta = 37600
        Td = 5342.27
        Tf = 2671.13
#       SitePat  BranchLen
              b 124327.0407985
              e 48791.5397224
              c 50295.9060093
              n 45690.5302219
              w 45690.5257148
            b:e 2102.1539605
            b:c 2488.5234601
            b:n 1777.1470586
            b:w 1777.1467293
            e:c 10394.3876787
            e:n 5328.3301576
            e:w 5328.3290317
            c:n 5121.2184561
            c:w 5121.2229632
            n:w 12627.1215990
          b:e:c 2075.2030482
          b:e:n 1122.5038274
          b:e:w 1122.5034678
          b:c:n 1132.8479810
          b:c:w 1132.8483103
          b:n:w 2030.4694995
          e:c:n 4620.3986899
          e:c:w 4620.3998158
          e:n:w 6284.2629912
          c:n:w 5695.7859716
        b:e:c:n 2055.0609230
        b:e:c:w 2055.0612826
        b:e:n:w 3323.1875514
        b:c:n:w 2414.4572199
        e:c:n:w 51712.8333083
