########################################
# legofit: estimate population history #
#       version 2.3.4-4-g53f8760       #
########################################

# Program was compiled: Sep 21 2021 14:36:42
# Program was run: Sat Oct  9 21:00:14 2021

# cmd: legofit -1 -d 0 -t 32 --ptsPerDim 3 --stateOut b1boot9.state --tol 3e-6 -S 5000 adf2.lgo ../../boot/boot9.opf
# Stage nOptItr nSimReps
#     0    5000        0
# algorithm          : deterministic
# ignoring probs <=  : 0
# Branch length floor: 0
# DE strategy        : 2
#    F               : 0.3
#    CR              : 0.8
#    tolerance       : 3e-06
# nthreads           : 32
# lgo input file     : adf2.lgo
# site pat input file: ../../boot/boot9.opf
# free parameters    : 15
# points in DE swarm : 45
# output state file  : b1boot9.state
# Including singleton site patterns.
# cost function      : KL
Initial parameter values
Fixed:
      zero = 0
       one = 1
    Tbecnw = 75200
Free:
       pc1 = 0
       pc2 = 0
       pc3 = 0
       pc4 = 0
       pc5 = 0
       pc6 = 0
       pc7 = 0
       pc8 = 0
       pc9 = 0
      pc10 = 0
      pc11 = 0
      pc12 = 0
      pc13 = 0
      pc14 = 0
      pc15 = 0
Constrained:
   Tgbecnw = 109272
     Tecnw = 23734.2
       Tnw = 20712
       Tec = 11151.8
     twoNb = 1.34166e+06
     twoNc = 373994
     twoNw = 1.68195e+06
    twoNec = 146878
    twoNnw = 15959.5
  twoNecnw = 83376.1
  twoNbecnw = 14114.9
  twoNgbecnw = 259910
         m = 0.139162
        m4 = 0.0278703
        m6 = 3.18945e-06
        Ta = 37600
        Td = 5575.88
        Tf = 2787.94
DiffEv reached_goal. cost=1.93373e-03 spread=2.71175e-06
Fitted parameter values
Free:
       pc1 = 3.95147
       pc2 = -3.7523
       pc3 = 1.7076
       pc4 = 1.83139
       pc5 = 1.12252
       pc6 = -0.406238
       pc7 = 0.785291
       pc8 = -0.831773
       pc9 = -1.26551
      pc10 = 0.260662
      pc11 = 0.0886671
      pc12 = -0.168264
      pc13 = 0.0546778
      pc14 = 0.0591132
      pc15 = -0.0223993
Constrained:
   Tgbecnw = 80150.4
     Tecnw = 21875.7
       Tnw = 20099.2
       Tec = 9833.97
     twoNb = 1.85862e+06
     twoNc = 175162
     twoNw = 1.99399e+06
    twoNec = 141901
    twoNnw = 9166.35
  twoNecnw = 78369.9
  twoNbecnw = 2084.97
  twoNgbecnw = 308026
         m = 0.10695
        m4 = 0.0273367
        m6 = 6.90603e-06
        Ta = 37600
        Td = 4916.98
        Tf = 2458.49
#       SitePat  BranchLen
              b 123445.5010857
              e 48646.0912123
              c 50135.8595828
              n 45525.4005344
              w 45525.3981433
            b:e 2076.0686487
            b:c 2413.9145412
            b:n 1741.8961613
            b:w 1741.8959877
            e:c 10353.7594394
            e:n 5247.1950078
            e:w 5247.1944127
            c:n 5048.6524910
            c:w 5048.6548820
            n:w 12562.9932274
          b:e:c 2054.8844874
          b:e:n 1102.1754902
          b:e:w 1102.1753003
          b:c:n 1111.3129221
          b:c:w 1111.3130957
          b:n:w 2010.2499154
          e:c:n 4535.4300866
          e:c:w 4535.4306816
          e:n:w 6197.1880521
          c:n:w 5645.4294934
        b:e:c:n 2019.1732801
        b:e:c:w 2019.1734700
        b:e:n:w 3285.8920989
        b:c:n:w 2388.8429076
        e:c:n:w 51202.6380314
