########################################
# legofit: estimate population history #
#       version 2.3.4-4-g53f8760       #
########################################

# Program was compiled: Sep 21 2021 14:36:42
# Program was run: Sat Oct  9 21:00:14 2021

# cmd: legofit -1 -d 0 -t 32 --ptsPerDim 3 --stateOut b1boot7.state --tol 3e-6 -S 5000 adf2.lgo ../../boot/boot7.opf
# Stage nOptItr nSimReps
#     0    5000        0
# algorithm          : deterministic
# ignoring probs <=  : 0
# Branch length floor: 0
# DE strategy        : 2
#    F               : 0.3
#    CR              : 0.8
#    tolerance       : 3e-06
# nthreads           : 32
# lgo input file     : adf2.lgo
# site pat input file: ../../boot/boot7.opf
# free parameters    : 15
# points in DE swarm : 45
# output state file  : b1boot7.state
# Including singleton site patterns.
# cost function      : KL
Initial parameter values
Fixed:
      zero = 0
       one = 1
    Tbecnw = 75200
Free:
       pc1 = 0
       pc2 = 0
       pc3 = 0
       pc4 = 0
       pc5 = 0
       pc6 = 0
       pc7 = 0
       pc8 = 0
       pc9 = 0
      pc10 = 0
      pc11 = 0
      pc12 = 0
      pc13 = 0
      pc14 = 0
      pc15 = 0
Constrained:
   Tgbecnw = 109272
     Tecnw = 23734.2
       Tnw = 20712
       Tec = 11151.8
     twoNb = 1.34166e+06
     twoNc = 373994
     twoNw = 1.68195e+06
    twoNec = 146878
    twoNnw = 15959.5
  twoNecnw = 83376.1
  twoNbecnw = 14114.9
  twoNgbecnw = 259910
         m = 0.139162
        m4 = 0.0278703
        m6 = 3.18945e-06
        Ta = 37600
        Td = 5575.88
        Tf = 2787.94
DiffEv reached_goal. cost=1.94895e-03 spread=2.85127e-06
Fitted parameter values
Free:
       pc1 = 3.77132
       pc2 = -3.88375
       pc3 = 0.983916
       pc4 = 1.78894
       pc5 = -0.131179
       pc6 = 0.900631
       pc7 = 0.371489
       pc8 = 0.159385
       pc9 = -1.01694
      pc10 = 0.132297
      pc11 = -0.0608188
      pc12 = -0.0995914
      pc13 = 0.0511416
      pc14 = 0.0250887
      pc15 = -0.00303623
Constrained:
   Tgbecnw = 81828.8
     Tecnw = 21960.6
       Tnw = 19785.5
       Tec = 11344
     twoNb = 1.46687e+06
     twoNc = 1.03062e+06
     twoNw = 2.20185e+06
    twoNec = 123936
    twoNnw = 11504
  twoNecnw = 78708
  twoNbecnw = 2785.66
  twoNgbecnw = 307472
         m = 0.10991
        m4 = 0.0275295
        m6 = 3.88059e-06
        Ta = 37600
        Td = 5671.99
        Tf = 2835.99
#       SitePat  BranchLen
              b 124653.7278617
              e 48859.3050647
              c 50367.4603030
              n 45800.8354012
              w 45800.8342230
            b:e 2088.4120914
            b:c 2449.3150973
            b:n 1767.3107743
            b:w 1767.3106882
            e:c 10348.6897919
            e:n 5295.9297132
            e:w 5295.9294190
            c:n 5093.8566936
            c:w 5093.8578718
            n:w 12547.1610247
          b:e:c 2064.8335471
          b:e:n 1116.0897340
          b:e:w 1116.0896399
          b:c:n 1125.6502584
          b:c:w 1125.6503445
          b:n:w 2021.2212399
          e:c:n 4590.4389058
          e:c:w 4590.4392000
          e:n:w 6220.4591556
          c:n:w 5652.5103560
        b:e:c:n 2046.1359396
        b:e:c:w 2046.1360337
        b:e:n:w 3317.3754720
        b:c:n:w 2401.2890395
        e:c:n:w 52110.2843791
