########################################
# legofit: estimate population history #
#       version 2.3.4-4-g53f8760       #
########################################

# Program was compiled: Sep 21 2021 14:36:42
# Program was run: Sat Oct  9 21:00:03 2021

# cmd: legofit -1 -d 0 -t 32 --ptsPerDim 3 --stateOut b1boot3.state --tol 3e-6 -S 5000 adf2.lgo ../../boot/boot3.opf
# Stage nOptItr nSimReps
#     0    5000        0
# algorithm          : deterministic
# ignoring probs <=  : 0
# Branch length floor: 0
# DE strategy        : 2
#    F               : 0.3
#    CR              : 0.8
#    tolerance       : 3e-06
# nthreads           : 32
# lgo input file     : adf2.lgo
# site pat input file: ../../boot/boot3.opf
# free parameters    : 15
# points in DE swarm : 45
# output state file  : b1boot3.state
# Including singleton site patterns.
# cost function      : KL
Initial parameter values
Fixed:
      zero = 0
       one = 1
    Tbecnw = 75200
Free:
       pc1 = 0
       pc2 = 0
       pc3 = 0
       pc4 = 0
       pc5 = 0
       pc6 = 0
       pc7 = 0
       pc8 = 0
       pc9 = 0
      pc10 = 0
      pc11 = 0
      pc12 = 0
      pc13 = 0
      pc14 = 0
      pc15 = 0
Constrained:
   Tgbecnw = 109272
     Tecnw = 23734.2
       Tnw = 20712
       Tec = 11151.8
     twoNb = 1.34166e+06
     twoNc = 373994
     twoNw = 1.68195e+06
    twoNec = 146878
    twoNnw = 15959.5
  twoNecnw = 83376.1
  twoNbecnw = 14114.9
  twoNgbecnw = 259910
         m = 0.139162
        m4 = 0.0278703
        m6 = 3.18945e-06
        Ta = 37600
        Td = 5575.88
        Tf = 2787.94
DiffEv reached_goal. cost=1.93745e-03 spread=2.70002e-06
Fitted parameter values
Free:
       pc1 = 3.95814
       pc2 = -3.76211
       pc3 = 1.8689
       pc4 = 1.16048
       pc5 = 0.338178
       pc6 = -0.931246
       pc7 = 1.13223
       pc8 = 0.909985
       pc9 = -1.05218
      pc10 = 0.580521
      pc11 = 0.138753
      pc12 = -0.0515669
      pc13 = 0.0474866
      pc14 = 0.102928
      pc15 = -0.00961454
Constrained:
   Tgbecnw = 80760.8
     Tecnw = 21925
       Tnw = 20025.7
       Tec = 9758.13
     twoNb = 1.30529e+06
     twoNc = 581003
     twoNw = 1.12602e+06
    twoNec = 140404
    twoNnw = 9952.52
  twoNecnw = 78089.6
  twoNbecnw = 2383.82
  twoNgbecnw = 297723
         m = 0.111602
        m4 = 0.0273511
        m6 = 1.03201e-05
        Ta = 37600
        Td = 4879.06
        Tf = 2439.53
#       SitePat  BranchLen
              b 123961.7688036
              e 48614.7869452
              c 50086.7575443
              n 45641.3521146
              w 45641.3457967
            b:e 2088.4244829
            b:c 2458.9906468
            b:n 1765.4883198
            b:w 1765.4878579
            e:c 10434.0981989
            e:n 5274.4195500
            e:w 5274.4179717
            c:n 5073.5522898
            c:w 5073.5586077
            n:w 12540.0065137
          b:e:c 2070.3747132
          b:e:n 1112.6459340
          b:e:w 1112.6454293
          b:c:n 1122.6239505
          b:c:w 1122.6244124
          b:n:w 2026.1021877
          e:c:n 4594.0708989
          e:c:w 4594.0724771
          e:n:w 6234.0007003
          c:n:w 5662.4646748
        b:e:c:n 2042.9052997
        b:e:c:w 2042.9058044
        b:e:n:w 3289.3674170
        b:c:n:w 2400.1359719
        e:c:n:w 51603.3557406
