########################################
# legofit: estimate population history #
#       version 2.3.4-4-g53f8760       #
########################################

# Program was compiled: Sep 21 2021 14:36:42
# Program was run: Sat Oct  9 21:01:23 2021

# cmd: legofit -1 -d 0 -t 32 --ptsPerDim 3 --stateOut b1boot42.state --tol 3e-6 -S 5000 adf2.lgo ../../boot/boot42.opf
# Stage nOptItr nSimReps
#     0    5000        0
# algorithm          : deterministic
# ignoring probs <=  : 0
# Branch length floor: 0
# DE strategy        : 2
#    F               : 0.3
#    CR              : 0.8
#    tolerance       : 3e-06
# nthreads           : 32
# lgo input file     : adf2.lgo
# site pat input file: ../../boot/boot42.opf
# free parameters    : 15
# points in DE swarm : 45
# output state file  : b1boot42.state
# Including singleton site patterns.
# cost function      : KL
Initial parameter values
Fixed:
      zero = 0
       one = 1
    Tbecnw = 75200
Free:
       pc1 = 0
       pc2 = 0
       pc3 = 0
       pc4 = 0
       pc5 = 0
       pc6 = 0
       pc7 = 0
       pc8 = 0
       pc9 = 0
      pc10 = 0
      pc11 = 0
      pc12 = 0
      pc13 = 0
      pc14 = 0
      pc15 = 0
Constrained:
   Tgbecnw = 109272
     Tecnw = 23734.2
       Tnw = 20712
       Tec = 11151.8
     twoNb = 1.34166e+06
     twoNc = 373994
     twoNw = 1.68195e+06
    twoNec = 146878
    twoNnw = 15959.5
  twoNecnw = 83376.1
  twoNbecnw = 14114.9
  twoNgbecnw = 259910
         m = 0.139162
        m4 = 0.0278703
        m6 = 3.18945e-06
        Ta = 37600
        Td = 5575.88
        Tf = 2787.94
DiffEv reached_goal. cost=1.93739e-03 spread=2.09222e-06
Fitted parameter values
Free:
       pc1 = 3.80208
       pc2 = -3.90156
       pc3 = 1.81954
       pc4 = 0.566665
       pc5 = 1.01344
       pc6 = -1.42528
       pc7 = 1.40804
       pc8 = 0.666039
       pc9 = -0.387843
      pc10 = 0.913445
      pc11 = 0.219861
      pc12 = -0.0442234
      pc13 = 0.0560339
      pc14 = 0.139747
      pc15 = -0.0120307
Constrained:
   Tgbecnw = 81288
     Tecnw = 21913.4
       Tnw = 20661.5
       Tec = 9242.91
     twoNb = 1.12933e+06
     twoNc = 73285.7
     twoNw = 996891
    twoNec = 145640
    twoNnw = 6466.31
  twoNecnw = 78066.3
  twoNbecnw = 2590
  twoNgbecnw = 296634
         m = 0.111843
        m4 = 0.0275769
        m6 = 1.08586e-05
        Ta = 37600
        Td = 4621.46
        Tf = 2310.73
#       SitePat  BranchLen
              b 123787.4354176
              e 48558.5517743
              c 50027.6556789
              n 45597.3624418
              w 45597.3546815
            b:e 2055.7888042
            b:c 2440.2032303
            b:n 1731.4975358
            b:w 1731.4969749
            e:c 10450.4077925
            e:n 5245.3534047
            e:w 5245.3514630
            c:n 5042.8282006
            c:w 5042.8359609
            n:w 12527.1246606
          b:e:c 2041.7697829
          b:e:n 1090.1784530
          b:e:w 1090.1778405
          b:c:n 1100.4751224
          b:c:w 1100.4756833
          b:n:w 1997.0253515
          e:c:n 4558.4322641
          e:c:w 4558.4342058
          e:n:w 6225.2847362
          c:n:w 5645.4299326
        b:e:c:n 2002.4292374
        b:e:c:w 2002.4298499
        b:e:n:w 3250.3859360
        b:c:n:w 2361.1682677
        e:c:n:w 51407.9622782
