########################################
# legofit: estimate population history #
#       version 2.3.4-4-g53f8760       #
########################################

# Program was compiled: Sep 21 2021 14:36:42
# Program was run: Sat Oct  9 21:00:34 2021

# cmd: legofit -1 -d 0 -t 32 --ptsPerDim 3 --stateOut b1boot18.state --tol 3e-6 -S 5000 adf2.lgo ../../boot/boot18.opf
# Stage nOptItr nSimReps
#     0    5000        0
# algorithm          : deterministic
# ignoring probs <=  : 0
# Branch length floor: 0
# DE strategy        : 2
#    F               : 0.3
#    CR              : 0.8
#    tolerance       : 3e-06
# nthreads           : 32
# lgo input file     : adf2.lgo
# site pat input file: ../../boot/boot18.opf
# free parameters    : 15
# points in DE swarm : 45
# output state file  : b1boot18.state
# Including singleton site patterns.
# cost function      : KL
Initial parameter values
Fixed:
      zero = 0
       one = 1
    Tbecnw = 75200
Free:
       pc1 = 0
       pc2 = 0
       pc3 = 0
       pc4 = 0
       pc5 = 0
       pc6 = 0
       pc7 = 0
       pc8 = 0
       pc9 = 0
      pc10 = 0
      pc11 = 0
      pc12 = 0
      pc13 = 0
      pc14 = 0
      pc15 = 0
Constrained:
   Tgbecnw = 109272
     Tecnw = 23734.2
       Tnw = 20712
       Tec = 11151.8
     twoNb = 1.34166e+06
     twoNc = 373994
     twoNw = 1.68195e+06
    twoNec = 146878
    twoNnw = 15959.5
  twoNecnw = 83376.1
  twoNbecnw = 14114.9
  twoNgbecnw = 259910
         m = 0.139162
        m4 = 0.0278703
        m6 = 3.18945e-06
        Ta = 37600
        Td = 5575.88
        Tf = 2787.94
DiffEv reached_goal. cost=1.95438e-03 spread=1.81275e-06
Fitted parameter values
Free:
       pc1 = 3.97264
       pc2 = -2.72175
       pc3 = 1.7567
       pc4 = 0.929654
       pc5 = -0.17664
       pc6 = -1.26496
       pc7 = 1.70241
       pc8 = -0.444298
       pc9 = -1.41505
      pc10 = 0.318855
      pc11 = 0.192686
      pc12 = -0.104849
      pc13 = 0.0506451
      pc14 = 0.0599483
      pc15 = -0.00875306
Constrained:
   Tgbecnw = 83453.2
     Tecnw = 22113.7
       Tnw = 19648
       Tec = 7990.46
     twoNb = 1.57529e+06
     twoNc = 233514
     twoNw = 736438
    twoNec = 169096
    twoNnw = 12983.8
  twoNecnw = 79103
  twoNbecnw = 3500.29
  twoNgbecnw = 295554
         m = 0.113941
        m4 = 0.0268543
        m6 = 6.4725e-06
        Ta = 37600
        Td = 3995.23
        Tf = 1997.62
#       SitePat  BranchLen
              b 124756.3307917
              e 49032.9146632
              c 50498.7742504
              n 45976.6726760
              w 45976.6664980
            b:e 2094.2634984
            b:c 2446.7303375
            b:n 1764.2037850
            b:w 1764.2033421
            e:c 10455.5380265
            e:n 5312.3351023
            e:w 5312.3335850
            c:n 5115.3402949
            c:w 5115.3464729
            n:w 12613.0781614
          b:e:c 2060.0557929
          b:e:n 1116.8885466
          b:e:w 1116.8880628
          b:c:n 1125.6760805
          b:c:w 1125.6765235
          b:n:w 2016.9956796
          e:c:n 4586.7280048
          e:c:w 4586.7295221
          e:n:w 6237.6342871
          c:n:w 5682.4246644
        b:e:c:n 2039.3993514
        b:e:c:w 2039.3998352
        b:e:n:w 3290.4428642
        b:c:n:w 2403.7316442
        e:c:n:w 51879.3353345
