########################################
# legofit: estimate population history #
#       version 2.3.4-4-g53f8760       #
########################################

# Program was compiled: Sep 21 2021 14:36:42
# Program was run: Sat Oct  9 21:01:00 2021

# cmd: legofit -1 -d 0 -t 32 --ptsPerDim 3 --stateOut b1boot34.state --tol 3e-6 -S 5000 adf2.lgo ../../boot/boot34.opf
# Stage nOptItr nSimReps
#     0    5000        0
# algorithm          : deterministic
# ignoring probs <=  : 0
# Branch length floor: 0
# DE strategy        : 2
#    F               : 0.3
#    CR              : 0.8
#    tolerance       : 3e-06
# nthreads           : 32
# lgo input file     : adf2.lgo
# site pat input file: ../../boot/boot34.opf
# free parameters    : 15
# points in DE swarm : 45
# output state file  : b1boot34.state
# Including singleton site patterns.
# cost function      : KL
Initial parameter values
Fixed:
      zero = 0
       one = 1
    Tbecnw = 75200
Free:
       pc1 = 0
       pc2 = 0
       pc3 = 0
       pc4 = 0
       pc5 = 0
       pc6 = 0
       pc7 = 0
       pc8 = 0
       pc9 = 0
      pc10 = 0
      pc11 = 0
      pc12 = 0
      pc13 = 0
      pc14 = 0
      pc15 = 0
Constrained:
   Tgbecnw = 109272
     Tecnw = 23734.2
       Tnw = 20712
       Tec = 11151.8
     twoNb = 1.34166e+06
     twoNc = 373994
     twoNw = 1.68195e+06
    twoNec = 146878
    twoNnw = 15959.5
  twoNecnw = 83376.1
  twoNbecnw = 14114.9
  twoNgbecnw = 259910
         m = 0.139162
        m4 = 0.0278703
        m6 = 3.18945e-06
        Ta = 37600
        Td = 5575.88
        Tf = 2787.94
DiffEv reached_goal. cost=1.93446e-03 spread=2.83328e-06
Fitted parameter values
Free:
       pc1 = 3.32688
       pc2 = -3.25286
       pc3 = 1.77506
       pc4 = 1.97595
       pc5 = 1.23751
       pc6 = -0.98094
       pc7 = 0.709404
       pc8 = 0.0225371
       pc9 = -0.507353
      pc10 = 0.732837
      pc11 = 0.321535
      pc12 = 0.042522
      pc13 = 0.0702618
      pc14 = 0.067472
      pc15 = -0.0140132
Constrained:
   Tgbecnw = 83482.4
     Tecnw = 22073.3
       Tnw = 20494.9
       Tec = 8858.15
     twoNb = 1.7116e+06
     twoNc = 248187
     twoNw = 1.77785e+06
    twoNec = 157391
    twoNnw = 8103.71
  twoNecnw = 78096.1
  twoNbecnw = 3573.94
  twoNgbecnw = 285413
         m = 0.11743
        m4 = 0.0278169
        m6 = 9.98613e-06
        Ta = 37600
        Td = 4429.07
        Tf = 2214.54
#       SitePat  BranchLen
              b 124752.3972067
              e 48889.2912089
              c 50412.8971609
              n 45758.4444690
              w 45758.4404332
            b:e 2092.2103138
            b:c 2456.5543980
            b:n 1750.5007159
            b:w 1750.5004232
            e:c 10443.5646841
            e:n 5291.1035572
            e:w 5291.1025478
            c:n 5087.2963237
            c:w 5087.3003595
            n:w 12637.2637533
          b:e:c 2060.8519081
          b:e:n 1106.1151945
          b:e:w 1106.1148755
          b:c:n 1114.8122953
          b:c:w 1114.8125880
          b:n:w 2017.4992604
          e:c:n 4589.4376259
          e:c:w 4589.4386352
          e:n:w 6314.5283375
          c:n:w 5730.3925300
        b:e:c:n 2017.0141163
        b:e:c:w 2017.0144354
        b:e:n:w 3306.9792575
        b:c:n:w 2393.3792611
        e:c:n:w 51941.9899283
