########################################
# legofit: estimate population history #
#       version 2.3.4-4-g53f8760       #
########################################

# Program was compiled: Sep 21 2021 14:36:42
# Program was run: Sat Oct  9 21:01:25 2021

# cmd: legofit -1 -d 0 -t 32 --ptsPerDim 3 --stateOut b1boot46.state --tol 3e-6 -S 5000 adf2.lgo ../../boot/boot46.opf
# Stage nOptItr nSimReps
#     0    5000        0
# algorithm          : deterministic
# ignoring probs <=  : 0
# Branch length floor: 0
# DE strategy        : 2
#    F               : 0.3
#    CR              : 0.8
#    tolerance       : 3e-06
# nthreads           : 32
# lgo input file     : adf2.lgo
# site pat input file: ../../boot/boot46.opf
# free parameters    : 15
# points in DE swarm : 45
# output state file  : b1boot46.state
# Including singleton site patterns.
# cost function      : KL
Initial parameter values
Fixed:
      zero = 0
       one = 1
    Tbecnw = 75200
Free:
       pc1 = 0
       pc2 = 0
       pc3 = 0
       pc4 = 0
       pc5 = 0
       pc6 = 0
       pc7 = 0
       pc8 = 0
       pc9 = 0
      pc10 = 0
      pc11 = 0
      pc12 = 0
      pc13 = 0
      pc14 = 0
      pc15 = 0
Constrained:
   Tgbecnw = 109272
     Tecnw = 23734.2
       Tnw = 20712
       Tec = 11151.8
     twoNb = 1.34166e+06
     twoNc = 373994
     twoNw = 1.68195e+06
    twoNec = 146878
    twoNnw = 15959.5
  twoNecnw = 83376.1
  twoNbecnw = 14114.9
  twoNgbecnw = 259910
         m = 0.139162
        m4 = 0.0278703
        m6 = 3.18945e-06
        Ta = 37600
        Td = 5575.88
        Tf = 2787.94
DiffEv reached_goal. cost=1.87346e-03 spread=2.76692e-06
Fitted parameter values
Free:
       pc1 = 3.83448
       pc2 = -3.33823
       pc3 = 0.890701
       pc4 = 1.82455
       pc5 = 0.86455
       pc6 = 0.00608992
       pc7 = 0.626592
       pc8 = 0.717915
       pc9 = -0.804283
      pc10 = -0.0875574
      pc11 = 0.0730696
      pc12 = 0.0241509
      pc13 = 0.0157053
      pc14 = 0.0293508
      pc15 = -0.0173716
Constrained:
   Tgbecnw = 83317.7
     Tecnw = 21977
       Tnw = 19225.6
       Tec = 10633.7
     twoNb = 1.4182e+06
     twoNc = 594220
     twoNw = 2.09337e+06
    twoNec = 132283
    twoNnw = 14457.9
  twoNecnw = 78670.4
  twoNbecnw = 3443
  twoNgbecnw = 298514
         m = 0.112046
        m4 = 0.0278477
        m6 = 7.99663e-06
        Ta = 37600
        Td = 5316.84
        Tf = 2658.42
#       SitePat  BranchLen
              b 124700.8981933
              e 48906.0985131
              c 50424.5310935
              n 45781.9021021
              w 45781.8995832
            b:e 2098.6038877
            b:c 2469.2163116
            b:n 1772.8594201
            b:w 1772.8592372
            e:c 10424.8201621
            e:n 5314.1801052
            e:w 5314.1794792
            c:n 5108.9252934
            c:w 5108.9278123
            n:w 12675.2875675
          b:e:c 2073.6874809
          b:e:n 1118.2248160
          b:e:w 1118.2246164
          b:c:n 1127.7507612
          b:c:w 1127.7509441
          b:n:w 2030.1909896
          e:c:n 4615.9145212
          e:c:w 4615.9151471
          e:n:w 6275.9056288
          c:n:w 5694.8983386
        b:e:c:n 2047.6876974
        b:e:c:w 2047.6878970
        b:e:n:w 3323.9865612
        b:c:n:w 2407.4027111
        e:c:n:w 51941.9153532
