########################################
# legofit: estimate population history #
#       version 2.3.4-4-g53f8760       #
########################################

# Program was compiled: Sep 21 2021 14:36:42
# Program was run: Sat Oct  9 21:00:34 2021

# cmd: legofit -1 -d 0 -t 32 --ptsPerDim 3 --stateOut b1boot19.state --tol 3e-6 -S 5000 adf2.lgo ../../boot/boot19.opf
# Stage nOptItr nSimReps
#     0    5000        0
# algorithm          : deterministic
# ignoring probs <=  : 0
# Branch length floor: 0
# DE strategy        : 2
#    F               : 0.3
#    CR              : 0.8
#    tolerance       : 3e-06
# nthreads           : 32
# lgo input file     : adf2.lgo
# site pat input file: ../../boot/boot19.opf
# free parameters    : 15
# points in DE swarm : 45
# output state file  : b1boot19.state
# Including singleton site patterns.
# cost function      : KL
Initial parameter values
Fixed:
      zero = 0
       one = 1
    Tbecnw = 75200
Free:
       pc1 = 0
       pc2 = 0
       pc3 = 0
       pc4 = 0
       pc5 = 0
       pc6 = 0
       pc7 = 0
       pc8 = 0
       pc9 = 0
      pc10 = 0
      pc11 = 0
      pc12 = 0
      pc13 = 0
      pc14 = 0
      pc15 = 0
Constrained:
   Tgbecnw = 109272
     Tecnw = 23734.2
       Tnw = 20712
       Tec = 11151.8
     twoNb = 1.34166e+06
     twoNc = 373994
     twoNw = 1.68195e+06
    twoNec = 146878
    twoNnw = 15959.5
  twoNecnw = 83376.1
  twoNbecnw = 14114.9
  twoNgbecnw = 259910
         m = 0.139162
        m4 = 0.0278703
        m6 = 3.18945e-06
        Ta = 37600
        Td = 5575.88
        Tf = 2787.94
DiffEv reached_goal. cost=1.94209e-03 spread=2.91137e-06
Fitted parameter values
Free:
       pc1 = 3.94641
       pc2 = -3.75995
       pc3 = 0.853865
       pc4 = 1.82325
       pc5 = 1.17556
       pc6 = -0.788433
       pc7 = 0.025509
       pc8 = -0.0908691
       pc9 = -0.509878
      pc10 = 0.164025
      pc11 = 0.00171531
      pc12 = -0.0293441
      pc13 = 0.00206245
      pc14 = 0.0610528
      pc15 = -0.0214131
Constrained:
   Tgbecnw = 82767.1
     Tecnw = 21953.4
       Tnw = 19893.1
       Tec = 10359.3
     twoNb = 1.69007e+06
     twoNc = 295544
     twoNw = 1.8288e+06
    twoNec = 134018
    twoNnw = 10710.6
  twoNecnw = 77893.3
  twoNbecnw = 3123.95
  twoNgbecnw = 317211
         m = 0.104213
        m4 = 0.0282094
        m6 = 7.61825e-06
        Ta = 37600
        Td = 5179.67
        Tf = 2589.84
#       SitePat  BranchLen
              b 124270.6012037
              e 48665.2066889
              c 50218.7840003
              n 45600.3936130
              w 45600.3907838
            b:e 2073.5252132
            b:c 2427.6051598
            b:n 1748.1780294
            b:w 1748.1778243
            e:c 10404.0539105
            e:n 5270.4676594
            e:w 5270.4669527
            c:n 5063.7644228
            c:w 5063.7672519
            n:w 12591.4322039
          b:e:c 2053.9820674
          b:e:n 1101.4922830
          b:e:w 1101.4920591
          b:c:n 1110.9605647
          b:c:w 1110.9607698
          b:n:w 2010.5644266
          e:c:n 4581.3493428
          e:c:w 4581.3500496
          e:n:w 6241.8547774
          c:n:w 5665.4873621
        b:e:c:n 2019.0777101
        b:e:c:w 2019.0779340
        b:e:n:w 3315.1984511
        b:c:n:w 2378.3742530
        e:c:n:w 51790.6731504
