########################################
# legofit: estimate population history #
#       version 2.3.4-4-g53f8760       #
########################################

# Program was compiled: Sep 21 2021 14:36:42
# Program was run: Sat Oct  9 21:01:12 2021

# cmd: legofit -1 -d 0 -t 32 --ptsPerDim 3 --stateOut b1boot39.state --tol 3e-6 -S 5000 adf2.lgo ../../boot/boot39.opf
# Stage nOptItr nSimReps
#     0    5000        0
# algorithm          : deterministic
# ignoring probs <=  : 0
# Branch length floor: 0
# DE strategy        : 2
#    F               : 0.3
#    CR              : 0.8
#    tolerance       : 3e-06
# nthreads           : 32
# lgo input file     : adf2.lgo
# site pat input file: ../../boot/boot39.opf
# free parameters    : 15
# points in DE swarm : 45
# output state file  : b1boot39.state
# Including singleton site patterns.
# cost function      : KL
Initial parameter values
Fixed:
      zero = 0
       one = 1
    Tbecnw = 75200
Free:
       pc1 = 0
       pc2 = 0
       pc3 = 0
       pc4 = 0
       pc5 = 0
       pc6 = 0
       pc7 = 0
       pc8 = 0
       pc9 = 0
      pc10 = 0
      pc11 = 0
      pc12 = 0
      pc13 = 0
      pc14 = 0
      pc15 = 0
Constrained:
   Tgbecnw = 109272
     Tecnw = 23734.2
       Tnw = 20712
       Tec = 11151.8
     twoNb = 1.34166e+06
     twoNc = 373994
     twoNw = 1.68195e+06
    twoNec = 146878
    twoNnw = 15959.5
  twoNecnw = 83376.1
  twoNbecnw = 14114.9
  twoNgbecnw = 259910
         m = 0.139162
        m4 = 0.0278703
        m6 = 3.18945e-06
        Ta = 37600
        Td = 5575.88
        Tf = 2787.94
DiffEv reached_goal. cost=1.91633e-03 spread=2.67771e-06
Fitted parameter values
Free:
       pc1 = 3.9345
       pc2 = -3.87559
       pc3 = 1.47118
       pc4 = 1.10554
       pc5 = 1.17384
       pc6 = 0.138473
       pc7 = 0.865445
       pc8 = 1.17759
       pc9 = -0.942832
      pc10 = 0.0951426
      pc11 = 0.0680244
      pc12 = 0.00183609
      pc13 = -0.00167624
      pc14 = 0.072781
      pc15 = -0.0129888
Constrained:
   Tgbecnw = 81875
     Tecnw = 21857.1
       Tnw = 19660.8
       Tec = 11357.8
     twoNb = 1.13063e+06
     twoNc = 526799
     twoNw = 2.08585e+06
    twoNec = 118697
    twoNnw = 11533
  twoNecnw = 78345.7
  twoNbecnw = 2820.26
  twoNgbecnw = 303967
         m = 0.108124
        m4 = 0.0275061
        m6 = 1.01764e-05
        Ta = 37600
        Td = 5678.89
        Tf = 2839.44
#       SitePat  BranchLen
              b 123847.4181798
              e 48637.7032767
              c 50108.3522308
              n 45636.0200398
              w 45636.0168133
            b:e 2080.5875959
            b:c 2458.9575807
            b:n 1764.9751555
            b:w 1764.9749197
            e:c 10440.9693580
            e:n 5280.0631525
            e:w 5280.0623441
            c:n 5076.9511386
            c:w 5076.9543652
            n:w 12598.6853015
          b:e:c 2069.6185462
          b:e:n 1108.8298230
          b:e:w 1108.8295655
          b:c:n 1119.2890698
          b:c:w 1119.2893056
          b:n:w 2025.4541811
          e:c:n 4609.3954212
          e:c:w 4609.3962296
          e:n:w 6231.5947281
          c:n:w 5656.4747285
        b:e:c:n 2041.4978112
        b:e:c:w 2041.4980687
        b:e:n:w 3279.4136159
        b:c:n:w 2390.8153700
        e:c:n:w 51401.9895644
