########################################
# legofit: estimate population history #
#       version 2.3.4-4-g53f8760       #
########################################

# Program was compiled: Sep 21 2021 14:36:42
# Program was run: Sat Oct  9 21:01:00 2021

# cmd: legofit -1 -d 0 -t 32 --ptsPerDim 3 --stateOut b1boot33.state --tol 3e-6 -S 5000 adf2.lgo ../../boot/boot33.opf
# Stage nOptItr nSimReps
#     0    5000        0
# algorithm          : deterministic
# ignoring probs <=  : 0
# Branch length floor: 0
# DE strategy        : 2
#    F               : 0.3
#    CR              : 0.8
#    tolerance       : 3e-06
# nthreads           : 32
# lgo input file     : adf2.lgo
# site pat input file: ../../boot/boot33.opf
# free parameters    : 15
# points in DE swarm : 45
# output state file  : b1boot33.state
# Including singleton site patterns.
# cost function      : KL
Initial parameter values
Fixed:
      zero = 0
       one = 1
    Tbecnw = 75200
Free:
       pc1 = 0
       pc2 = 0
       pc3 = 0
       pc4 = 0
       pc5 = 0
       pc6 = 0
       pc7 = 0
       pc8 = 0
       pc9 = 0
      pc10 = 0
      pc11 = 0
      pc12 = 0
      pc13 = 0
      pc14 = 0
      pc15 = 0
Constrained:
   Tgbecnw = 109272
     Tecnw = 23734.2
       Tnw = 20712
       Tec = 11151.8
     twoNb = 1.34166e+06
     twoNc = 373994
     twoNw = 1.68195e+06
    twoNec = 146878
    twoNnw = 15959.5
  twoNecnw = 83376.1
  twoNbecnw = 14114.9
  twoNgbecnw = 259910
         m = 0.139162
        m4 = 0.0278703
        m6 = 3.18945e-06
        Ta = 37600
        Td = 5575.88
        Tf = 2787.94
DiffEv reached_goal. cost=1.91081e-03 spread=2.54407e-06
Fitted parameter values
Free:
       pc1 = 3.33209
       pc2 = -3.96398
       pc3 = 0.342716
       pc4 = 1.36277
       pc5 = 1.6502
       pc6 = -0.552876
       pc7 = 0.709709
       pc8 = 0.884756
       pc9 = -0.864233
      pc10 = -0.0746797
      pc11 = -0.032808
      pc12 = -0.0228114
      pc13 = 0.0351536
      pc14 = 0.0201984
      pc15 = -0.0198814
Constrained:
   Tgbecnw = 83062.7
     Tecnw = 21938.7
       Tnw = 19472.3
       Tec = 13099.7
     twoNb = 1.33222e+06
     twoNc = 164638
     twoNw = 1.8736e+06
    twoNec = 100339
    twoNnw = 12964.8
  twoNecnw = 79078.7
  twoNbecnw = 3324.95
  twoNgbecnw = 296384
         m = 0.114273
        m4 = 0.0281543
        m6 = 9.22285e-06
        Ta = 37600
        Td = 6549.83
        Tf = 3274.91
#       SitePat  BranchLen
              b 124758.2253489
              e 48936.8563022
              c 50471.3048337
              n 45818.1905385
              w 45818.1873996
            b:e 2065.3559661
            b:c 2442.2826841
            b:n 1751.3196817
            b:w 1751.3194545
            e:c 10369.3511204
            e:n 5288.9528214
            e:w 5288.9520367
            c:n 5081.7287362
            c:w 5081.7318751
            n:w 12647.2240927
          b:e:c 2051.3545893
          b:e:n 1101.1958044
          b:e:w 1101.1955563
          b:c:n 1110.7489598
          b:c:w 1110.7491870
          b:n:w 2008.7081005
          e:c:n 4595.1728523
          e:c:w 4595.1736370
          e:n:w 6229.5473380
          c:n:w 5643.1897289
        b:e:c:n 2024.3101317
        b:e:c:w 2024.3103798
        b:e:n:w 3301.1202884
        b:c:n:w 2371.4397495
        e:c:n:w 52000.7874173
