########################################
# legofit: estimate population history #
#       version 2.3.4-4-g53f8760       #
########################################

# Program was compiled: Sep 21 2021 14:36:42
# Program was run: Sat Oct  9 21:01:23 2021

# cmd: legofit -1 -d 0 -t 32 --ptsPerDim 3 --stateOut b1boot44.state --tol 3e-6 -S 5000 adf2.lgo ../../boot/boot44.opf
# Stage nOptItr nSimReps
#     0    5000        0
# algorithm          : deterministic
# ignoring probs <=  : 0
# Branch length floor: 0
# DE strategy        : 2
#    F               : 0.3
#    CR              : 0.8
#    tolerance       : 3e-06
# nthreads           : 32
# lgo input file     : adf2.lgo
# site pat input file: ../../boot/boot44.opf
# free parameters    : 15
# points in DE swarm : 45
# output state file  : b1boot44.state
# Including singleton site patterns.
# cost function      : KL
Initial parameter values
Fixed:
      zero = 0
       one = 1
    Tbecnw = 75200
Free:
       pc1 = 0
       pc2 = 0
       pc3 = 0
       pc4 = 0
       pc5 = 0
       pc6 = 0
       pc7 = 0
       pc8 = 0
       pc9 = 0
      pc10 = 0
      pc11 = 0
      pc12 = 0
      pc13 = 0
      pc14 = 0
      pc15 = 0
Constrained:
   Tgbecnw = 109272
     Tecnw = 23734.2
       Tnw = 20712
       Tec = 11151.8
     twoNb = 1.34166e+06
     twoNc = 373994
     twoNw = 1.68195e+06
    twoNec = 146878
    twoNnw = 15959.5
  twoNecnw = 83376.1
  twoNbecnw = 14114.9
  twoNgbecnw = 259910
         m = 0.139162
        m4 = 0.0278703
        m6 = 3.18945e-06
        Ta = 37600
        Td = 5575.88
        Tf = 2787.94
DiffEv reached_goal. cost=1.94257e-03 spread=2.90590e-06
Fitted parameter values
Free:
       pc1 = 3.95033
       pc2 = -2.01958
       pc3 = 1.6562
       pc4 = 1.86077
       pc5 = 1.82509
       pc6 = -0.544702
       pc7 = 0.860269
       pc8 = 1.67207
       pc9 = 0.0505541
      pc10 = 0.51378
      pc11 = 0.081244
      pc12 = -0.0178033
      pc13 = 0.0492711
      pc14 = 0.0177503
      pc15 = -0.0197763
Constrained:
   Tgbecnw = 85235
     Tecnw = 22474.2
       Tnw = 19428.6
       Tec = 7508.02
     twoNb = 1.17134e+06
     twoNc = 358274
     twoNw = 2.28232e+06
    twoNec = 179834
    twoNnw = 16081.4
  twoNecnw = 77999.1
  twoNbecnw = 4317.22
  twoNgbecnw = 284719
         m = 0.117667
        m4 = 0.028058
        m6 = 1.40048e-05
        Ta = 37600
        Td = 3754.01
        Tf = 1877
#       SitePat  BranchLen
              b 125147.3244420
              e 49198.1447423
              c 50705.1343165
              n 46139.3876491
              w 46139.3832914
            b:e 2105.9990066
            b:c 2506.4825932
            b:n 1774.6269556
            b:w 1774.6266438
            e:c 10464.8823843
            e:n 5327.1993596
            e:w 5327.1982923
            c:n 5119.8145077
            c:w 5119.8188654
            n:w 12633.0325778
          b:e:c 2066.5913140
          b:e:n 1121.9549578
          b:e:w 1121.9546181
          b:c:n 1131.8162899
          b:c:w 1131.8166017
          b:n:w 2022.8581633
          e:c:n 4620.7068148
          e:c:w 4620.7078820
          e:n:w 6319.7529338
          c:n:w 5718.6985665
        b:e:c:n 2043.8934873
        b:e:c:w 2043.8938269
        b:e:n:w 3320.5155645
        b:c:n:w 2409.1373568
        e:c:n:w 52020.0970144
