########################################
# legofit: estimate population history #
#       version 2.3.4-4-g53f8760       #
########################################

# Program was compiled: Sep 21 2021 14:36:42
# Program was run: Sat Oct  9 21:00:24 2021

# cmd: legofit -1 -d 0 -t 32 --ptsPerDim 3 --stateOut b1boot12.state --tol 3e-6 -S 5000 adf2.lgo ../../boot/boot12.opf
# Stage nOptItr nSimReps
#     0    5000        0
# algorithm          : deterministic
# ignoring probs <=  : 0
# Branch length floor: 0
# DE strategy        : 2
#    F               : 0.3
#    CR              : 0.8
#    tolerance       : 3e-06
# nthreads           : 32
# lgo input file     : adf2.lgo
# site pat input file: ../../boot/boot12.opf
# free parameters    : 15
# points in DE swarm : 45
# output state file  : b1boot12.state
# Including singleton site patterns.
# cost function      : KL
Initial parameter values
Fixed:
      zero = 0
       one = 1
    Tbecnw = 75200
Free:
       pc1 = 0
       pc2 = 0
       pc3 = 0
       pc4 = 0
       pc5 = 0
       pc6 = 0
       pc7 = 0
       pc8 = 0
       pc9 = 0
      pc10 = 0
      pc11 = 0
      pc12 = 0
      pc13 = 0
      pc14 = 0
      pc15 = 0
Constrained:
   Tgbecnw = 109272
     Tecnw = 23734.2
       Tnw = 20712
       Tec = 11151.8
     twoNb = 1.34166e+06
     twoNc = 373994
     twoNw = 1.68195e+06
    twoNec = 146878
    twoNnw = 15959.5
  twoNecnw = 83376.1
  twoNbecnw = 14114.9
  twoNgbecnw = 259910
         m = 0.139162
        m4 = 0.0278703
        m6 = 3.18945e-06
        Ta = 37600
        Td = 5575.88
        Tf = 2787.94
DiffEv reached_goal. cost=1.91653e-03 spread=2.76172e-06
Fitted parameter values
Free:
       pc1 = 3.03762
       pc2 = -3.99406
       pc3 = 0.803166
       pc4 = 1.69478
       pc5 = 1.40143
       pc6 = 1.44394
       pc7 = 1.38023
       pc8 = 1.15941
       pc9 = -0.745687
      pc10 = -0.147948
      pc11 = 0.146797
      pc12 = 0.0644147
      pc13 = 0.0764791
      pc14 = 0.037316
      pc15 = 0.000237997
Constrained:
   Tgbecnw = 82064.9
     Tecnw = 21741.2
       Tnw = 19497.8
       Tec = 12838.4
     twoNb = 1.0537e+06
     twoNc = 616913
     twoNw = 2.99129e+06
    twoNec = 100980
    twoNnw = 11932.3
  twoNecnw = 80156.5
  twoNbecnw = 3029.65
  twoNgbecnw = 273368
         m = 0.124269
        m4 = 0.0276479
        m6 = 7.41863e-06
        Ta = 37600
        Td = 6419.19
        Tf = 3209.59
#       SitePat  BranchLen
              b 124505.8618819
              e 48970.0359518
              c 50437.9489456
              n 45918.9682243
              w 45918.9666250
            b:e 2087.9976818
            b:c 2488.6606756
            b:n 1776.8863647
            b:w 1776.8862477
            e:c 10435.7133743
            e:n 5330.6021601
            e:w 5330.6017588
            c:n 5125.4755102
            c:w 5125.4771095
            n:w 12660.2489904
          b:e:c 2074.1784744
          b:e:n 1117.6858615
          b:e:w 1117.6857336
          b:c:n 1127.7311020
          b:c:w 1127.7312191
          b:n:w 2030.8379586
          e:c:n 4630.8229801
          e:c:w 4630.8233814
          e:n:w 6253.0985993
          c:n:w 5662.4817415
        b:e:c:n 2057.1797448
        b:e:c:w 2057.1798727
        b:e:n:w 3289.3853080
        b:c:n:w 2401.5863371
        e:c:n:w 51654.4839953
