########################################
# legofit: estimate population history #
#       version 2.3.4-4-g53f8760       #
########################################

# Program was compiled: Sep 21 2021 14:36:42
# Program was run: Sat Oct  9 21:00:24 2021

# cmd: legofit -1 -d 0 -t 32 --ptsPerDim 3 --stateOut b1boot15.state --tol 3e-6 -S 5000 adf2.lgo ../../boot/boot15.opf
# Stage nOptItr nSimReps
#     0    5000        0
# algorithm          : deterministic
# ignoring probs <=  : 0
# Branch length floor: 0
# DE strategy        : 2
#    F               : 0.3
#    CR              : 0.8
#    tolerance       : 3e-06
# nthreads           : 32
# lgo input file     : adf2.lgo
# site pat input file: ../../boot/boot15.opf
# free parameters    : 15
# points in DE swarm : 45
# output state file  : b1boot15.state
# Including singleton site patterns.
# cost function      : KL
Initial parameter values
Fixed:
      zero = 0
       one = 1
    Tbecnw = 75200
Free:
       pc1 = 0
       pc2 = 0
       pc3 = 0
       pc4 = 0
       pc5 = 0
       pc6 = 0
       pc7 = 0
       pc8 = 0
       pc9 = 0
      pc10 = 0
      pc11 = 0
      pc12 = 0
      pc13 = 0
      pc14 = 0
      pc15 = 0
Constrained:
   Tgbecnw = 109272
     Tecnw = 23734.2
       Tnw = 20712
       Tec = 11151.8
     twoNb = 1.34166e+06
     twoNc = 373994
     twoNw = 1.68195e+06
    twoNec = 146878
    twoNnw = 15959.5
  twoNecnw = 83376.1
  twoNbecnw = 14114.9
  twoNgbecnw = 259910
         m = 0.139162
        m4 = 0.0278703
        m6 = 3.18945e-06
        Ta = 37600
        Td = 5575.88
        Tf = 2787.94
DiffEv reached_goal. cost=1.93830e-03 spread=2.99331e-06
Fitted parameter values
Free:
       pc1 = 3.93127
       pc2 = -3.4756
       pc3 = 1.85729
       pc4 = 1.49264
       pc5 = -0.614076
       pc6 = 0.0756
       pc7 = 0.903219
       pc8 = 1.73876
       pc9 = -1.01393
      pc10 = 0.509734
      pc11 = 0.0660176
      pc12 = -0.0470451
      pc13 = 0.0663305
      pc14 = 0.0457753
      pc15 = -0.0210842
Constrained:
   Tgbecnw = 81672.3
     Tecnw = 22061.3
       Tnw = 19672.3
       Tec = 9857.24
     twoNb = 1.11831e+06
     twoNc = 1.32726e+06
     twoNw = 1.41082e+06
    twoNec = 143643
    twoNnw = 12427.3
  twoNecnw = 78336.4
  twoNbecnw = 2776.36
  twoNgbecnw = 292072
         m = 0.114852
        m4 = 0.0272903
        m6 = 9.48281e-06
        Ta = 37600
        Td = 4928.62
        Tf = 2464.31
#       SitePat  BranchLen
              b 124241.5067444
              e 48839.5593545
              c 50295.8639830
              n 45716.2741991
              w 45716.2696311
            b:e 2078.5993738
            b:c 2463.7962087
            b:n 1748.7403865
            b:w 1748.7400573
            e:c 10382.1040589
            e:n 5270.6173440
            e:w 5270.6162131
            c:n 5070.1939160
            c:w 5070.1984840
            n:w 12607.6908764
          b:e:c 2054.8082051
          b:e:n 1104.6372529
          b:e:w 1104.6368934
          b:c:n 1114.7686482
          b:c:w 1114.7689774
          b:n:w 2009.7622705
          e:c:n 4566.8887564
          e:c:w 4566.8898874
          e:n:w 6241.8669865
          c:n:w 5665.0105223
        b:e:c:n 2022.9576034
        b:e:c:w 2022.9579629
        b:e:n:w 3271.7988010
        b:c:n:w 2387.7311299
        e:c:n:w 51691.2721718
