########################################
# legofit: estimate population history #
#       version 2.3.4-4-g53f8760       #
########################################

# Program was compiled: Sep 21 2021 14:36:42
# Program was run: Sat Oct  9 21:01:31 2021

# cmd: legofit -1 -d 0 -t 32 --ptsPerDim 3 --stateOut b1boot48.state --tol 3e-6 -S 5000 adf2.lgo ../../boot/boot48.opf
# Stage nOptItr nSimReps
#     0    5000        0
# algorithm          : deterministic
# ignoring probs <=  : 0
# Branch length floor: 0
# DE strategy        : 2
#    F               : 0.3
#    CR              : 0.8
#    tolerance       : 3e-06
# nthreads           : 32
# lgo input file     : adf2.lgo
# site pat input file: ../../boot/boot48.opf
# free parameters    : 15
# points in DE swarm : 45
# output state file  : b1boot48.state
# Including singleton site patterns.
# cost function      : KL
Initial parameter values
Fixed:
      zero = 0
       one = 1
    Tbecnw = 75200
Free:
       pc1 = 0
       pc2 = 0
       pc3 = 0
       pc4 = 0
       pc5 = 0
       pc6 = 0
       pc7 = 0
       pc8 = 0
       pc9 = 0
      pc10 = 0
      pc11 = 0
      pc12 = 0
      pc13 = 0
      pc14 = 0
      pc15 = 0
Constrained:
   Tgbecnw = 109272
     Tecnw = 23734.2
       Tnw = 20712
       Tec = 11151.8
     twoNb = 1.34166e+06
     twoNc = 373994
     twoNw = 1.68195e+06
    twoNec = 146878
    twoNnw = 15959.5
  twoNecnw = 83376.1
  twoNbecnw = 14114.9
  twoNgbecnw = 259910
         m = 0.139162
        m4 = 0.0278703
        m6 = 3.18945e-06
        Ta = 37600
        Td = 5575.88
        Tf = 2787.94
DiffEv reached_goal. cost=1.95489e-03 spread=2.85990e-06
Fitted parameter values
Free:
       pc1 = 3.86139
       pc2 = -3.86812
       pc3 = 1.18441
       pc4 = 1.87714
       pc5 = 0.413383
       pc6 = -1.9114
       pc7 = 1.10354
       pc8 = 1.8928
       pc9 = -0.869778
      pc10 = -0.166185
      pc11 = 0.0156137
      pc12 = 0.00693596
      pc13 = 0.0407408
      pc14 = 0.0445253
      pc15 = -0.0134368
Constrained:
   Tgbecnw = 80617.7
     Tecnw = 21690.7
       Tnw = 18994.2
       Tec = 10459.8
     twoNb = 1.36543e+06
     twoNc = 669970
     twoNw = 692881
    twoNec = 130333
    twoNnw = 14318.4
  twoNecnw = 79595.8
  twoNbecnw = 2335.14
  twoNgbecnw = 291500
         m = 0.116237
        m4 = 0.028081
        m6 = 1.32352e-05
        Ta = 37600
        Td = 5229.89
        Tf = 2614.95
#       SitePat  BranchLen
              b 124229.3373518
              e 48729.5445648
              c 50247.3787661
              n 45669.1603746
              w 45669.1480062
            b:e 2082.3162343
            b:c 2461.1550320
            b:n 1765.3659987
            b:w 1765.3651050
            e:c 10410.5434942
            e:n 5310.9283375
            e:w 5310.9252763
            c:n 5104.2640273
            c:w 5104.2763957
            n:w 12627.7904783
          b:e:c 2062.5669562
          b:e:n 1115.2331549
          b:e:w 1115.2321770
          b:c:n 1125.0907011
          b:c:w 1125.0915948
          b:n:w 2018.5629929
          e:c:n 4589.4993043
          e:c:w 4589.5023655
          e:n:w 6222.8464484
          c:n:w 5639.3008206
        b:e:c:n 2047.5994411
        b:e:c:w 2047.6004190
        b:e:n:w 3318.2276087
        b:c:n:w 2398.6960939
        e:c:n:w 51724.8754496
