########################################
# legofit: estimate population history #
#       version 2.3.4-4-g53f8760       #
########################################

# Program was compiled: Sep 21 2021 14:36:42
# Program was run: Sat Oct  9 21:00:02 2021

# cmd: legofit -1 -d 0 -t 32 --ptsPerDim 3 --stateOut b1boot0.state --tol 3e-6 -S 5000 adf2.lgo ../../boot/boot0.opf
# Stage nOptItr nSimReps
#     0    5000        0
# algorithm          : deterministic
# ignoring probs <=  : 0
# Branch length floor: 0
# DE strategy        : 2
#    F               : 0.3
#    CR              : 0.8
#    tolerance       : 3e-06
# nthreads           : 32
# lgo input file     : adf2.lgo
# site pat input file: ../../boot/boot0.opf
# free parameters    : 15
# points in DE swarm : 45
# output state file  : b1boot0.state
# Including singleton site patterns.
# cost function      : KL
Initial parameter values
Fixed:
      zero = 0
       one = 1
    Tbecnw = 75200
Free:
       pc1 = 0
       pc2 = 0
       pc3 = 0
       pc4 = 0
       pc5 = 0
       pc6 = 0
       pc7 = 0
       pc8 = 0
       pc9 = 0
      pc10 = 0
      pc11 = 0
      pc12 = 0
      pc13 = 0
      pc14 = 0
      pc15 = 0
Constrained:
   Tgbecnw = 109272
     Tecnw = 23734.2
       Tnw = 20712
       Tec = 11151.8
     twoNb = 1.34166e+06
     twoNc = 373994
     twoNw = 1.68195e+06
    twoNec = 146878
    twoNnw = 15959.5
  twoNecnw = 83376.1
  twoNbecnw = 14114.9
  twoNgbecnw = 259910
         m = 0.139162
        m4 = 0.0278703
        m6 = 3.18945e-06
        Ta = 37600
        Td = 5575.88
        Tf = 2787.94
DiffEv reached_goal. cost=1.93088e-03 spread=2.17866e-06
Fitted parameter values
Free:
       pc1 = 3.84262
       pc2 = -3.55476
       pc3 = 1.30161
       pc4 = 1.91431
       pc5 = 1.2017
       pc6 = 0.364195
       pc7 = 0.826495
       pc8 = -0.119216
       pc9 = -0.125691
      pc10 = 0.853243
      pc11 = 0.183109
      pc12 = -0.0932756
      pc13 = 0.101649
      pc14 = 0.120272
      pc15 = -0.0156244
Constrained:
   Tgbecnw = 80608.5
     Tecnw = 22049.9
       Tnw = 20418.2
       Tec = 8871.76
     twoNb = 1.42131e+06
     twoNc = 378388
     twoNw = 2.49952e+06
    twoNec = 153153
    twoNnw = 8455.92
  twoNecnw = 77712.7
  twoNbecnw = 2335.49
  twoNgbecnw = 292073
         m = 0.114173
        m4 = 0.0278548
        m6 = 6.35889e-06
        Ta = 37600
        Td = 4435.88
        Tf = 2217.94
#       SitePat  BranchLen
              b 123970.4238499
              e 48629.7776605
              c 50132.1085695
              n 45645.1624814
              w 45645.1606643
            b:e 2080.6590660
            b:c 2454.6594860
            b:n 1751.3613103
            b:w 1751.3611781
            e:c 10430.8073183
            e:n 5252.5922549
            e:w 5252.5918018
            c:n 5049.0816974
            c:w 5049.0835144
            n:w 12526.5234144
          b:e:c 2061.3008822
          b:e:n 1104.7171496
          b:e:w 1104.7170052
          b:c:n 1114.4836428
          b:c:w 1114.4837750
          b:n:w 2016.8484279
          e:c:n 4569.4749293
          e:c:w 4569.4753824
          e:n:w 6244.4982836
          c:n:w 5661.8845697
        b:e:c:n 2025.1472832
        b:e:c:w 2025.1474275
        b:e:n:w 3295.3633879
        b:c:n:w 2389.1309999
        e:c:n:w 51613.5353939
