########################################
# legofit: estimate population history #
#       version 2.3.4-4-g53f8760       #
########################################

# Program was compiled: Sep 21 2021 14:36:42
# Program was run: Sat Oct  9 21:00:46 2021

# cmd: legofit -1 -d 0 -t 32 --ptsPerDim 3 --stateOut b1boot23.state --tol 3e-6 -S 5000 adf2.lgo ../../boot/boot23.opf
# Stage nOptItr nSimReps
#     0    5000        0
# algorithm          : deterministic
# ignoring probs <=  : 0
# Branch length floor: 0
# DE strategy        : 2
#    F               : 0.3
#    CR              : 0.8
#    tolerance       : 3e-06
# nthreads           : 32
# lgo input file     : adf2.lgo
# site pat input file: ../../boot/boot23.opf
# free parameters    : 15
# points in DE swarm : 45
# output state file  : b1boot23.state
# Including singleton site patterns.
# cost function      : KL
Initial parameter values
Fixed:
      zero = 0
       one = 1
    Tbecnw = 75200
Free:
       pc1 = 0
       pc2 = 0
       pc3 = 0
       pc4 = 0
       pc5 = 0
       pc6 = 0
       pc7 = 0
       pc8 = 0
       pc9 = 0
      pc10 = 0
      pc11 = 0
      pc12 = 0
      pc13 = 0
      pc14 = 0
      pc15 = 0
Constrained:
   Tgbecnw = 109272
     Tecnw = 23734.2
       Tnw = 20712
       Tec = 11151.8
     twoNb = 1.34166e+06
     twoNc = 373994
     twoNw = 1.68195e+06
    twoNec = 146878
    twoNnw = 15959.5
  twoNecnw = 83376.1
  twoNbecnw = 14114.9
  twoNgbecnw = 259910
         m = 0.139162
        m4 = 0.0278703
        m6 = 3.18945e-06
        Ta = 37600
        Td = 5575.88
        Tf = 2787.94
DiffEv reached_goal. cost=1.91478e-03 spread=2.57811e-06
Fitted parameter values
Free:
       pc1 = 3.92938
       pc2 = -3.98823
       pc3 = 1.65838
       pc4 = 1.87047
       pc5 = 1.61142
       pc6 = -0.749223
       pc7 = -0.157866
       pc8 = 0.917419
       pc9 = -1.06108
      pc10 = 0.35749
      pc11 = -0.0642049
      pc12 = -0.104787
      pc13 = 0.00105899
      pc14 = 0.0638269
      pc15 = -0.0279087
Constrained:
   Tgbecnw = 81158.8
     Tecnw = 22029.5
       Tnw = 20044.6
       Tec = 11452.4
     twoNb = 1.62848e+06
     twoNc = 494008
     twoNw = 1.98604e+06
    twoNec = 120045
    twoNnw = 10255.3
  twoNecnw = 77156.5
  twoNbecnw = 2488.95
  twoNgbecnw = 315526
         m = 0.102743
        m4 = 0.0279537
        m6 = 1.25865e-05
        Ta = 37600
        Td = 5726.22
        Tf = 2863.11
#       SitePat  BranchLen
              b 123508.5338077
              e 48560.6542510
              c 50082.1798429
              n 45504.5470544
              w 45504.5428157
            b:e 2081.2435903
            b:c 2432.4444040
            b:n 1756.0178466
            b:w 1756.0175354
            e:c 10379.5962341
            e:n 5236.6160913
            e:w 5236.6150269
            c:n 5032.6382332
            c:w 5032.6424719
            n:w 12563.3900468
          b:e:c 2070.2636140
          b:e:n 1103.8233044
          b:e:w 1103.8229647
          b:c:n 1113.6135113
          b:c:w 1113.6138224
          b:n:w 2026.2347406
          e:c:n 4581.2213133
          e:c:w 4581.2223778
          e:n:w 6228.2595926
          c:n:w 5657.5125553
        b:e:c:n 2029.3219975
        b:e:c:w 2029.3223372
        b:e:n:w 3302.3967169
        b:c:n:w 2388.7864076
        e:c:n:w 51291.0774781
