########################################
# legofit: estimate population history #
#       version 2.3.4-4-g53f8760       #
########################################

# Program was compiled: Sep 21 2021 14:36:42
# Program was run: Sat Oct  9 21:00:03 2021

# cmd: legofit -1 -d 0 -t 32 --ptsPerDim 3 --stateOut b1boot5.state --tol 3e-6 -S 5000 adf2.lgo ../../boot/boot5.opf
# Stage nOptItr nSimReps
#     0    5000        0
# algorithm          : deterministic
# ignoring probs <=  : 0
# Branch length floor: 0
# DE strategy        : 2
#    F               : 0.3
#    CR              : 0.8
#    tolerance       : 3e-06
# nthreads           : 32
# lgo input file     : adf2.lgo
# site pat input file: ../../boot/boot5.opf
# free parameters    : 15
# points in DE swarm : 45
# output state file  : b1boot5.state
# Including singleton site patterns.
# cost function      : KL
Initial parameter values
Fixed:
      zero = 0
       one = 1
    Tbecnw = 75200
Free:
       pc1 = 0
       pc2 = 0
       pc3 = 0
       pc4 = 0
       pc5 = 0
       pc6 = 0
       pc7 = 0
       pc8 = 0
       pc9 = 0
      pc10 = 0
      pc11 = 0
      pc12 = 0
      pc13 = 0
      pc14 = 0
      pc15 = 0
Constrained:
   Tgbecnw = 109272
     Tecnw = 23734.2
       Tnw = 20712
       Tec = 11151.8
     twoNb = 1.34166e+06
     twoNc = 373994
     twoNw = 1.68195e+06
    twoNec = 146878
    twoNnw = 15959.5
  twoNecnw = 83376.1
  twoNbecnw = 14114.9
  twoNgbecnw = 259910
         m = 0.139162
        m4 = 0.0278703
        m6 = 3.18945e-06
        Ta = 37600
        Td = 5575.88
        Tf = 2787.94
DiffEv reached_goal. cost=1.93131e-03 spread=2.89094e-06
Fitted parameter values
Free:
       pc1 = 3.677
       pc2 = -3.94816
       pc3 = 1.95699
       pc4 = 1.4387
       pc5 = 1.12956
       pc6 = -0.61113
       pc7 = 1.05166
       pc8 = 1.21283
       pc9 = -0.450999
      pc10 = 0.609102
      pc11 = 0.147581
      pc12 = 0.00328741
      pc13 = 0.0757692
      pc14 = 0.053112
      pc15 = -0.014053
Constrained:
   Tgbecnw = 80764
     Tecnw = 21838.6
       Tnw = 20325.9
       Tec = 9959.67
     twoNb = 1.21202e+06
     twoNc = 497828
     twoNw = 1.73174e+06
    twoNec = 140260
    twoNnw = 7834.43
  twoNecnw = 78436.4
  twoNbecnw = 2391.66
  twoNgbecnw = 292048
         m = 0.114868
        m4 = 0.0277006
        m6 = 1.20595e-05
        Ta = 37600
        Td = 4979.84
        Tf = 2489.92
#       SitePat  BranchLen
              b 124006.1787397
              e 48670.0932264
              c 50154.8083340
              n 45573.3160940
              w 45573.3112443
            b:e 2070.4483258
            b:c 2453.3380950
            b:n 1738.7374222
            b:w 1738.7370703
            e:c 10361.8607037
            e:n 5269.1278510
            e:w 5269.1266371
            c:n 5065.8595615
            c:w 5065.8644112
            n:w 12553.6304372
          b:e:c 2047.1695544
          b:e:n 1099.3769503
          b:e:w 1099.3765657
          b:c:n 1109.4430287
          b:c:w 1109.4433806
          b:n:w 2001.8875053
          e:c:n 4555.0760546
          e:c:w 4555.0772686
          e:n:w 6245.7853804
          c:n:w 5663.3517431
        b:e:c:n 2012.6537106
        b:e:c:w 2012.6540951
        b:e:n:w 3278.3545578
        b:c:n:w 2379.5805848
        e:c:n:w 51611.1990606
