########################################
# legofit: estimate population history #
#       version 2.3.4-4-g53f8760       #
########################################

# Program was compiled: Sep 21 2021 14:36:42
# Program was run: Sat Oct  9 21:00:03 2021

# cmd: legofit -1 -d 0 -t 32 --ptsPerDim 3 --stateOut b1boot2.state --tol 3e-6 -S 5000 adf2.lgo ../../boot/boot2.opf
# Stage nOptItr nSimReps
#     0    5000        0
# algorithm          : deterministic
# ignoring probs <=  : 0
# Branch length floor: 0
# DE strategy        : 2
#    F               : 0.3
#    CR              : 0.8
#    tolerance       : 3e-06
# nthreads           : 32
# lgo input file     : adf2.lgo
# site pat input file: ../../boot/boot2.opf
# free parameters    : 15
# points in DE swarm : 45
# output state file  : b1boot2.state
# Including singleton site patterns.
# cost function      : KL
Initial parameter values
Fixed:
      zero = 0
       one = 1
    Tbecnw = 75200
Free:
       pc1 = 0
       pc2 = 0
       pc3 = 0
       pc4 = 0
       pc5 = 0
       pc6 = 0
       pc7 = 0
       pc8 = 0
       pc9 = 0
      pc10 = 0
      pc11 = 0
      pc12 = 0
      pc13 = 0
      pc14 = 0
      pc15 = 0
Constrained:
   Tgbecnw = 109272
     Tecnw = 23734.2
       Tnw = 20712
       Tec = 11151.8
     twoNb = 1.34166e+06
     twoNc = 373994
     twoNw = 1.68195e+06
    twoNec = 146878
    twoNnw = 15959.5
  twoNecnw = 83376.1
  twoNbecnw = 14114.9
  twoNgbecnw = 259910
         m = 0.139162
        m4 = 0.0278703
        m6 = 3.18945e-06
        Ta = 37600
        Td = 5575.88
        Tf = 2787.94
DiffEv reached_goal. cost=1.94502e-03 spread=2.80501e-06
Fitted parameter values
Free:
       pc1 = 3.89213
       pc2 = -3.79179
       pc3 = 1.6142
       pc4 = 1.73502
       pc5 = 0.507899
       pc6 = -1.52617
       pc7 = 0.646996
       pc8 = -0.157002
       pc9 = -1.0258
      pc10 = 0.516536
      pc11 = 0.0659597
      pc12 = -0.17702
      pc13 = 0.0638141
      pc14 = 0.0574944
      pc15 = -0.0205338
Constrained:
   Tgbecnw = 80547.3
     Tecnw = 21953.6
       Tnw = 20202.2
       Tec = 9516.39
     twoNb = 1.7925e+06
     twoNc = 349961
     twoNw = 1.04833e+06
    twoNec = 147344
    twoNnw = 9083.81
  twoNecnw = 78210.5
  twoNbecnw = 2259.08
  twoNgbecnw = 306023
         m = 0.108283
        m4 = 0.0276743
        m6 = 8.7752e-06
        Ta = 37600
        Td = 4758.2
        Tf = 2379.1
#       SitePat  BranchLen
              b 123759.2512539
              e 48700.2650914
              c 50210.8072424
              n 45610.9022134
              w 45610.8963844
            b:e 2082.6703015
            b:c 2429.9261462
            b:n 1748.8202755
            b:w 1748.8198516
            e:c 10353.2944337
            e:n 5259.9392028
            e:w 5259.9377520
            c:n 5058.5661994
            c:w 5058.5720285
            n:w 12537.3320307
          b:e:c 2057.9331454
          b:e:n 1107.0429646
          b:e:w 1107.0425012
          b:c:n 1116.3231636
          b:c:w 1116.3235875
          b:n:w 2013.3299914
          e:c:n 4547.3673593
          e:c:w 4547.3688101
          e:n:w 6216.9030819
          c:n:w 5654.0656437
        b:e:c:n 2025.7871391
        b:e:c:w 2025.7876025
        b:e:n:w 3305.7435545
        b:c:n:w 2394.9601201
        e:c:n:w 51442.6789771
