########################################
# legofit: estimate population history #
#       version 2.3.4-4-g53f8760       #
########################################

# Program was compiled: Sep 21 2021 14:36:42
# Program was run: Sat Oct  9 21:01:12 2021

# cmd: legofit -1 -d 0 -t 32 --ptsPerDim 3 --stateOut b1boot38.state --tol 3e-6 -S 5000 adf2.lgo ../../boot/boot38.opf
# Stage nOptItr nSimReps
#     0    5000        0
# algorithm          : deterministic
# ignoring probs <=  : 0
# Branch length floor: 0
# DE strategy        : 2
#    F               : 0.3
#    CR              : 0.8
#    tolerance       : 3e-06
# nthreads           : 32
# lgo input file     : adf2.lgo
# site pat input file: ../../boot/boot38.opf
# free parameters    : 15
# points in DE swarm : 45
# output state file  : b1boot38.state
# Including singleton site patterns.
# cost function      : KL
Initial parameter values
Fixed:
      zero = 0
       one = 1
    Tbecnw = 75200
Free:
       pc1 = 0
       pc2 = 0
       pc3 = 0
       pc4 = 0
       pc5 = 0
       pc6 = 0
       pc7 = 0
       pc8 = 0
       pc9 = 0
      pc10 = 0
      pc11 = 0
      pc12 = 0
      pc13 = 0
      pc14 = 0
      pc15 = 0
Constrained:
   Tgbecnw = 109272
     Tecnw = 23734.2
       Tnw = 20712
       Tec = 11151.8
     twoNb = 1.34166e+06
     twoNc = 373994
     twoNw = 1.68195e+06
    twoNec = 146878
    twoNnw = 15959.5
  twoNecnw = 83376.1
  twoNbecnw = 14114.9
  twoNgbecnw = 259910
         m = 0.139162
        m4 = 0.0278703
        m6 = 3.18945e-06
        Ta = 37600
        Td = 5575.88
        Tf = 2787.94
DiffEv reached_goal. cost=1.91565e-03 spread=2.88781e-06
Fitted parameter values
Free:
       pc1 = 3.86853
       pc2 = -3.58644
       pc3 = 1.87372
       pc4 = 1.61742
       pc5 = 0.856876
       pc6 = 1.31655
       pc7 = 0.887426
       pc8 = 0.617325
       pc9 = -0.725116
      pc10 = 0.0623043
      pc11 = 0.0212043
      pc12 = -0.0141568
      pc13 = 0.0406524
      pc14 = 0.0402316
      pc15 = -0.0110033
Constrained:
   Tgbecnw = 81931.3
     Tecnw = 21872.8
       Tnw = 19855.6
       Tec = 10109.2
     twoNb = 1.2239e+06
     twoNc = 808926
     twoNw = 2.86088e+06
    twoNec = 137709
    twoNnw = 10551.3
  twoNecnw = 79052.4
  twoNbecnw = 2833.11
  twoNgbecnw = 302105
         m = 0.111605
        m4 = 0.027244
        m6 = 7.59606e-06
        Ta = 37600
        Td = 5054.6
        Tf = 2527.3
#       SitePat  BranchLen
              b 124363.7888810
              e 48795.1626612
              c 50265.5626341
              n 45721.0873166
              w 45721.0854993
            b:e 2067.4823697
            b:c 2439.0209082
            b:n 1743.4206934
            b:w 1743.4205625
            e:c 10394.5298195
            e:n 5281.0660767
            e:w 5281.0656252
            c:n 5080.8461844
            c:w 5080.8480018
            n:w 12586.3290618
          b:e:c 2045.7421622
          b:e:n 1101.2317227
          b:e:w 1101.2315796
          b:c:n 1111.0611625
          b:c:w 1111.0612935
          b:n:w 2001.4004057
          e:c:n 4562.6688525
          e:c:w 4562.6693040
          e:n:w 6211.9157192
          c:n:w 5645.1648471
        b:e:c:n 2019.0689546
        b:e:c:w 2019.0690977
        b:e:n:w 3272.0525554
        b:c:n:w 2377.6429476
        e:c:n:w 51801.7391266
