########################################
# legofit: estimate population history #
#       version 2.3.4-4-g53f8760       #
########################################

# Program was compiled: Sep 21 2021 14:36:42
# Program was run: Sat Oct  9 21:01:29 2021

# cmd: legofit -1 -d 0 -t 32 --ptsPerDim 3 --stateOut b1boot47.state --tol 3e-6 -S 5000 adf2.lgo ../../boot/boot47.opf
# Stage nOptItr nSimReps
#     0    5000        0
# algorithm          : deterministic
# ignoring probs <=  : 0
# Branch length floor: 0
# DE strategy        : 2
#    F               : 0.3
#    CR              : 0.8
#    tolerance       : 3e-06
# nthreads           : 32
# lgo input file     : adf2.lgo
# site pat input file: ../../boot/boot47.opf
# free parameters    : 15
# points in DE swarm : 45
# output state file  : b1boot47.state
# Including singleton site patterns.
# cost function      : KL
Initial parameter values
Fixed:
      zero = 0
       one = 1
    Tbecnw = 75200
Free:
       pc1 = 0
       pc2 = 0
       pc3 = 0
       pc4 = 0
       pc5 = 0
       pc6 = 0
       pc7 = 0
       pc8 = 0
       pc9 = 0
      pc10 = 0
      pc11 = 0
      pc12 = 0
      pc13 = 0
      pc14 = 0
      pc15 = 0
Constrained:
   Tgbecnw = 109272
     Tecnw = 23734.2
       Tnw = 20712
       Tec = 11151.8
     twoNb = 1.34166e+06
     twoNc = 373994
     twoNw = 1.68195e+06
    twoNec = 146878
    twoNnw = 15959.5
  twoNecnw = 83376.1
  twoNbecnw = 14114.9
  twoNgbecnw = 259910
         m = 0.139162
        m4 = 0.0278703
        m6 = 3.18945e-06
        Ta = 37600
        Td = 5575.88
        Tf = 2787.94
DiffEv reached_goal. cost=1.92213e-03 spread=2.60525e-06
Fitted parameter values
Free:
       pc1 = 3.91053
       pc2 = -3.95464
       pc3 = 1.03293
       pc4 = 1.84944
       pc5 = -0.359937
       pc6 = -0.107265
       pc7 = 0.393977
       pc8 = 0.313019
       pc9 = -1.20116
      pc10 = 0.520545
      pc11 = 0.0514503
      pc12 = -0.14964
      pc13 = 0.0688267
      pc14 = 0.0710471
      pc15 = -0.0106817
Constrained:
   Tgbecnw = 80392.1
     Tecnw = 22014.8
       Tnw = 19866.3
       Tec = 10929.8
     twoNb = 1.57037e+06
     twoNc = 991927
     twoNw = 1.47645e+06
    twoNec = 128143
    twoNnw = 11282.2
  twoNecnw = 77748.5
  twoNbecnw = 2210.07
  twoNgbecnw = 302178
         m = 0.109526
        m4 = 0.0276205
        m6 = 5.35848e-06
        Ta = 37600
        Td = 5464.89
        Tf = 2732.45
#       SitePat  BranchLen
              b 123745.2202196
              e 48645.6930798
              c 50145.3341173
              n 45623.9680889
              w 45623.9656532
            b:e 2076.6524331
            b:c 2432.7630164
            b:n 1756.0641151
            b:w 1756.0639375
            e:c 10341.9289840
            e:n 5257.4438999
            e:w 5257.4432920
            c:n 5055.6516716
            c:w 5055.6541073
            n:w 12503.7269316
          b:e:c 2057.5789325
          b:e:n 1107.3358340
          b:e:w 1107.3356399
          b:c:n 1116.9237640
          b:c:w 1116.9239416
          b:n:w 2014.0368269
          e:c:n 4574.9040661
          e:c:w 4574.9046740
          e:n:w 6204.3198286
          c:n:w 5636.6233377
        b:e:c:n 2032.2138273
        b:e:c:w 2032.2140214
        b:e:n:w 3290.4065942
        b:c:n:w 2386.7563209
        e:c:n:w 51468.1146421
