########################################
# legofit: estimate population history #
#       version 2.3.4-4-g53f8760       #
########################################

# Program was compiled: Sep 21 2021 14:36:42
# Program was run: Sat Oct  9 21:01:23 2021

# cmd: legofit -1 -d 0 -t 32 --ptsPerDim 3 --stateOut b1boot43.state --tol 3e-6 -S 5000 adf2.lgo ../../boot/boot43.opf
# Stage nOptItr nSimReps
#     0    5000        0
# algorithm          : deterministic
# ignoring probs <=  : 0
# Branch length floor: 0
# DE strategy        : 2
#    F               : 0.3
#    CR              : 0.8
#    tolerance       : 3e-06
# nthreads           : 32
# lgo input file     : adf2.lgo
# site pat input file: ../../boot/boot43.opf
# free parameters    : 15
# points in DE swarm : 45
# output state file  : b1boot43.state
# Including singleton site patterns.
# cost function      : KL
Initial parameter values
Fixed:
      zero = 0
       one = 1
    Tbecnw = 75200
Free:
       pc1 = 0
       pc2 = 0
       pc3 = 0
       pc4 = 0
       pc5 = 0
       pc6 = 0
       pc7 = 0
       pc8 = 0
       pc9 = 0
      pc10 = 0
      pc11 = 0
      pc12 = 0
      pc13 = 0
      pc14 = 0
      pc15 = 0
Constrained:
   Tgbecnw = 109272
     Tecnw = 23734.2
       Tnw = 20712
       Tec = 11151.8
     twoNb = 1.34166e+06
     twoNc = 373994
     twoNw = 1.68195e+06
    twoNec = 146878
    twoNnw = 15959.5
  twoNecnw = 83376.1
  twoNbecnw = 14114.9
  twoNgbecnw = 259910
         m = 0.139162
        m4 = 0.0278703
        m6 = 3.18945e-06
        Ta = 37600
        Td = 5575.88
        Tf = 2787.94
DiffEv reached_goal. cost=1.95956e-03 spread=1.83516e-06
Fitted parameter values
Free:
       pc1 = 3.8571
       pc2 = -3.60838
       pc3 = 0.311947
       pc4 = 1.71277
       pc5 = 0.851399
       pc6 = -0.229441
       pc7 = 0.128186
       pc8 = 1.41272
       pc9 = -1.07021
      pc10 = -0.123766
      pc11 = -0.0756266
      pc12 = -0.0542574
      pc13 = -0.00632068
      pc14 = 0.033028
      pc15 = -0.00606647
Constrained:
   Tgbecnw = 83281.2
     Tecnw = 22101.5
       Tnw = 18951.1
       Tec = 12591
     twoNb = 1.34416e+06
     twoNc = 735127
     twoNw = 1.84506e+06
    twoNec = 106687
    twoNnw = 16807.8
  twoNecnw = 78037.6
  twoNbecnw = 3397.28
  twoNgbecnw = 304464
         m = 0.108219
        m4 = 0.0281622
        m6 = 9.00151e-06
        Ta = 37600
        Td = 6295.48
        Tf = 3147.74
#       SitePat  BranchLen
              b 124275.0021856
              e 48834.9667680
              c 50363.6728532
              n 45825.8000808
              w 45825.7970196
            b:e 2080.2140988
            b:c 2452.1538536
            b:n 1774.5807053
            b:w 1774.5804828
            e:c 10398.0218198
            e:n 5294.2220867
            e:w 5294.2213245
            c:n 5086.3360750
            c:w 5086.3391362
            n:w 12603.7570986
          b:e:c 2066.5785851
          b:e:n 1113.1424569
          b:e:w 1113.1422142
          b:c:n 1123.0710382
          b:c:w 1123.0712607
          b:n:w 2024.5188866
          e:c:n 4633.6673591
          e:c:w 4633.6681213
          e:n:w 6228.8285657
          c:n:w 5644.9847792
        b:e:c:n 2048.5572033
        b:e:c:w 2048.5574461
        b:e:n:w 3307.2135175
        b:c:n:w 2386.3217141
        e:c:n:w 51615.7044039
