########################################
# legofit: estimate population history #
#       version 2.3.4-4-g53f8760       #
########################################

# Program was compiled: Sep 21 2021 14:36:42
# Program was run: Sat Oct  9 21:01:12 2021

# cmd: legofit -1 -d 0 -t 32 --ptsPerDim 3 --stateOut b1boot36.state --tol 3e-6 -S 5000 adf2.lgo ../../boot/boot36.opf
# Stage nOptItr nSimReps
#     0    5000        0
# algorithm          : deterministic
# ignoring probs <=  : 0
# Branch length floor: 0
# DE strategy        : 2
#    F               : 0.3
#    CR              : 0.8
#    tolerance       : 3e-06
# nthreads           : 32
# lgo input file     : adf2.lgo
# site pat input file: ../../boot/boot36.opf
# free parameters    : 15
# points in DE swarm : 45
# output state file  : b1boot36.state
# Including singleton site patterns.
# cost function      : KL
Initial parameter values
Fixed:
      zero = 0
       one = 1
    Tbecnw = 75200
Free:
       pc1 = 0
       pc2 = 0
       pc3 = 0
       pc4 = 0
       pc5 = 0
       pc6 = 0
       pc7 = 0
       pc8 = 0
       pc9 = 0
      pc10 = 0
      pc11 = 0
      pc12 = 0
      pc13 = 0
      pc14 = 0
      pc15 = 0
Constrained:
   Tgbecnw = 109272
     Tecnw = 23734.2
       Tnw = 20712
       Tec = 11151.8
     twoNb = 1.34166e+06
     twoNc = 373994
     twoNw = 1.68195e+06
    twoNec = 146878
    twoNnw = 15959.5
  twoNecnw = 83376.1
  twoNbecnw = 14114.9
  twoNgbecnw = 259910
         m = 0.139162
        m4 = 0.0278703
        m6 = 3.18945e-06
        Ta = 37600
        Td = 5575.88
        Tf = 2787.94
DiffEv reached_goal. cost=1.94864e-03 spread=2.77316e-06
Fitted parameter values
Free:
       pc1 = 3.79079
       pc2 = -2.25891
       pc3 = 1.97643
       pc4 = 1.08366
       pc5 = 1.53986
       pc6 = 0.948915
       pc7 = 1.29668
       pc8 = -0.172457
       pc9 = -0.395093
      pc10 = 0.503896
      pc11 = 0.137272
      pc12 = -0.102722
      pc13 = 0.0525942
      pc14 = 0.0367222
      pc15 = -0.0108245
Constrained:
   Tgbecnw = 85462
     Tecnw = 22385.3
       Tnw = 20147.4
       Tec = 7830.71
     twoNb = 1.22314e+06
     twoNc = 147672
     twoNw = 2.90297e+06
    twoNec = 174801
    twoNnw = 11752.1
  twoNecnw = 78676.7
  twoNbecnw = 4351.93
  twoNgbecnw = 293727
         m = 0.114075
        m4 = 0.0270796
        m6 = 7.24464e-06
        Ta = 37600
        Td = 3915.35
        Tf = 1957.68
#       SitePat  BranchLen
              b 125200.1300306
              e 49261.8774638
              c 50723.7843350
              n 46218.2380866
              w 46218.2362628
            b:e 2116.4140056
            b:c 2494.3183803
            b:n 1780.8400994
            b:w 1780.8399675
            e:c 10487.7491221
            e:n 5327.9196204
            e:w 5327.9191704
            c:n 5128.1682108
            c:w 5128.1700346
            n:w 12622.1569584
          b:e:c 2079.1276157
          b:e:n 1126.2968929
          b:e:w 1126.2967490
          b:c:n 1135.7763228
          b:c:w 1135.7764548
          b:n:w 2035.1627833
          e:c:n 4615.9588826
          e:c:w 4615.9593326
          e:n:w 6297.5721380
          c:n:w 5724.9418331
        b:e:c:n 2053.9181884
        b:e:c:w 2053.9183323
        b:e:n:w 3310.6173713
        b:c:n:w 2423.9774972
        e:c:n:w 52051.8661488
