########################################
# legofit: estimate population history #
#       version 2.3.4-4-g53f8760       #
########################################

# Program was compiled: Sep 21 2021 14:36:42
# Program was run: Sat Oct  9 21:01:12 2021

# cmd: legofit -1 -d 0 -t 32 --ptsPerDim 3 --stateOut b1boot37.state --tol 3e-6 -S 5000 adf2.lgo ../../boot/boot37.opf
# Stage nOptItr nSimReps
#     0    5000        0
# algorithm          : deterministic
# ignoring probs <=  : 0
# Branch length floor: 0
# DE strategy        : 2
#    F               : 0.3
#    CR              : 0.8
#    tolerance       : 3e-06
# nthreads           : 32
# lgo input file     : adf2.lgo
# site pat input file: ../../boot/boot37.opf
# free parameters    : 15
# points in DE swarm : 45
# output state file  : b1boot37.state
# Including singleton site patterns.
# cost function      : KL
Initial parameter values
Fixed:
      zero = 0
       one = 1
    Tbecnw = 75200
Free:
       pc1 = 0
       pc2 = 0
       pc3 = 0
       pc4 = 0
       pc5 = 0
       pc6 = 0
       pc7 = 0
       pc8 = 0
       pc9 = 0
      pc10 = 0
      pc11 = 0
      pc12 = 0
      pc13 = 0
      pc14 = 0
      pc15 = 0
Constrained:
   Tgbecnw = 109272
     Tecnw = 23734.2
       Tnw = 20712
       Tec = 11151.8
     twoNb = 1.34166e+06
     twoNc = 373994
     twoNw = 1.68195e+06
    twoNec = 146878
    twoNnw = 15959.5
  twoNecnw = 83376.1
  twoNbecnw = 14114.9
  twoNgbecnw = 259910
         m = 0.139162
        m4 = 0.0278703
        m6 = 3.18945e-06
        Ta = 37600
        Td = 5575.88
        Tf = 2787.94
DiffEv reached_goal. cost=1.95677e-03 spread=2.20196e-06
Fitted parameter values
Free:
       pc1 = 3.94071
       pc2 = -3.75287
       pc3 = 0.764927
       pc4 = 1.37811
       pc5 = 0.633755
       pc6 = -1.28884
       pc7 = 1.31763
       pc8 = 0.42682
       pc9 = -1.57637
      pc10 = -0.285418
      pc11 = 0.0245872
      pc12 = 0.0149983
      pc13 = 0.0263747
      pc14 = 0.0475761
      pc15 = -0.0162485
Constrained:
   Tgbecnw = 81125.5
     Tecnw = 21752.7
       Tnw = 18893
       Tec = 11389
     twoNb = 1.53893e+06
     twoNc = 226869
     twoNw = 1.00543e+06
    twoNec = 119144
    twoNnw = 15072.2
  twoNecnw = 79210.5
  twoNbecnw = 2511.78
  twoNgbecnw = 300245
         m = 0.113333
        m4 = 0.0275565
        m6 = 8.33785e-06
        Ta = 37600
        Td = 5694.5
        Tf = 2847.25
#       SitePat  BranchLen
              b 124520.4512511
              e 48716.9363899
              c 50226.6984590
              n 45605.4802497
              w 45605.4749903
            b:e 2069.3461930
            b:c 2428.9852024
            b:n 1753.0027754
            b:w 1753.0023969
            e:c 10389.0488200
            e:n 5286.8758719
            e:w 5286.8745692
            c:n 5084.7081420
            c:w 5084.7134014
            n:w 12649.6415038
          b:e:c 2052.6076918
          b:e:n 1105.2958163
          b:e:w 1105.2954023
          b:c:n 1114.5883943
          b:c:w 1114.5887728
          b:n:w 2009.6248584
          e:c:n 4580.9259466
          e:c:w 4580.9272492
          e:n:w 6201.9426278
          c:n:w 5633.9571328
        b:e:c:n 2030.8395601
        b:e:c:w 2030.8399741
        b:e:n:w 3296.5462140
        b:c:n:w 2380.8732330
        e:c:n:w 52031.5857564
