########################################
# legofit: estimate population history #
#       version 2.3.4-4-g53f8760       #
########################################

# Program was compiled: Sep 21 2021 14:36:42
# Program was run: Sat Oct  9 21:00:46 2021

# cmd: legofit -1 -d 0 -t 32 --ptsPerDim 3 --stateOut b1boot27.state --tol 3e-6 -S 5000 adf2.lgo ../../boot/boot27.opf
# Stage nOptItr nSimReps
#     0    5000        0
# algorithm          : deterministic
# ignoring probs <=  : 0
# Branch length floor: 0
# DE strategy        : 2
#    F               : 0.3
#    CR              : 0.8
#    tolerance       : 3e-06
# nthreads           : 32
# lgo input file     : adf2.lgo
# site pat input file: ../../boot/boot27.opf
# free parameters    : 15
# points in DE swarm : 45
# output state file  : b1boot27.state
# Including singleton site patterns.
# cost function      : KL
Initial parameter values
Fixed:
      zero = 0
       one = 1
    Tbecnw = 75200
Free:
       pc1 = 0
       pc2 = 0
       pc3 = 0
       pc4 = 0
       pc5 = 0
       pc6 = 0
       pc7 = 0
       pc8 = 0
       pc9 = 0
      pc10 = 0
      pc11 = 0
      pc12 = 0
      pc13 = 0
      pc14 = 0
      pc15 = 0
Constrained:
   Tgbecnw = 109272
     Tecnw = 23734.2
       Tnw = 20712
       Tec = 11151.8
     twoNb = 1.34166e+06
     twoNc = 373994
     twoNw = 1.68195e+06
    twoNec = 146878
    twoNnw = 15959.5
  twoNecnw = 83376.1
  twoNbecnw = 14114.9
  twoNgbecnw = 259910
         m = 0.139162
        m4 = 0.0278703
        m6 = 3.18945e-06
        Ta = 37600
        Td = 5575.88
        Tf = 2787.94
DiffEv reached_goal. cost=1.92744e-03 spread=2.75923e-06
Fitted parameter values
Free:
       pc1 = 3.9166
       pc2 = -3.66264
       pc3 = 1.63125
       pc4 = 0.377799
       pc5 = 0.907398
       pc6 = -0.480475
       pc7 = 1.41958
       pc8 = 0.149657
       pc9 = -0.791799
      pc10 = 0.58399
      pc11 = 0.147256
      pc12 = -0.0379204
      pc13 = 0.0452233
      pc14 = 0.02981
      pc15 = -0.0065687
Constrained:
   Tgbecnw = 82302.2
     Tecnw = 21958.6
       Tnw = 20314.2
       Tec = 10034
     twoNb = 1.13934e+06
     twoNc = 94987.4
     twoNw = 1.47632e+06
    twoNec = 142588
    twoNnw = 8595.97
  twoNecnw = 78271.6
  twoNbecnw = 2996.33
  twoNgbecnw = 304382
         m = 0.10952
        m4 = 0.0271981
        m6 = 7.85583e-06
        Ta = 37600
        Td = 5016.99
        Tf = 2508.49
#       SitePat  BranchLen
              b 124393.6412283
              e 48819.7919995
              c 50282.4395774
              n 45726.3577075
              w 45726.3539939
            b:e 2094.6788243
            b:c 2473.0333022
            b:n 1761.1261500
            b:w 1761.1258782
            e:c 10353.8628931
            e:n 5299.0585427
            e:w 5299.0576118
            c:n 5098.4656176
            c:w 5098.4693312
            n:w 12540.2283484
          b:e:c 2063.9240651
          b:e:n 1114.4594435
          b:e:w 1114.4591467
          b:c:n 1124.7104350
          b:c:w 1124.7107068
          b:n:w 2018.4940085
          e:c:n 4586.0360883
          e:c:w 4586.0370193
          e:n:w 6266.1290218
          c:n:w 5693.6978502
        b:e:c:n 2036.6214307
        b:e:c:w 2036.6217275
        b:e:n:w 3293.2457172
        b:c:n:w 2405.3531701
        e:c:n:w 51852.2220197
