########################################
# legofit: estimate population history #
#       version 2.3.4-4-g53f8760       #
########################################

# Program was compiled: Sep 21 2021 14:36:42
# Program was run: Sat Oct  9 21:01:12 2021

# cmd: legofit -1 -d 0 -t 32 --ptsPerDim 3 --stateOut b1boot35.state --tol 3e-6 -S 5000 adf2.lgo ../../boot/boot35.opf
# Stage nOptItr nSimReps
#     0    5000        0
# algorithm          : deterministic
# ignoring probs <=  : 0
# Branch length floor: 0
# DE strategy        : 2
#    F               : 0.3
#    CR              : 0.8
#    tolerance       : 3e-06
# nthreads           : 32
# lgo input file     : adf2.lgo
# site pat input file: ../../boot/boot35.opf
# free parameters    : 15
# points in DE swarm : 45
# output state file  : b1boot35.state
# Including singleton site patterns.
# cost function      : KL
Initial parameter values
Fixed:
      zero = 0
       one = 1
    Tbecnw = 75200
Free:
       pc1 = 0
       pc2 = 0
       pc3 = 0
       pc4 = 0
       pc5 = 0
       pc6 = 0
       pc7 = 0
       pc8 = 0
       pc9 = 0
      pc10 = 0
      pc11 = 0
      pc12 = 0
      pc13 = 0
      pc14 = 0
      pc15 = 0
Constrained:
   Tgbecnw = 109272
     Tecnw = 23734.2
       Tnw = 20712
       Tec = 11151.8
     twoNb = 1.34166e+06
     twoNc = 373994
     twoNw = 1.68195e+06
    twoNec = 146878
    twoNnw = 15959.5
  twoNecnw = 83376.1
  twoNbecnw = 14114.9
  twoNgbecnw = 259910
         m = 0.139162
        m4 = 0.0278703
        m6 = 3.18945e-06
        Ta = 37600
        Td = 5575.88
        Tf = 2787.94
DiffEv reached_goal. cost=1.91393e-03 spread=2.17541e-06
Fitted parameter values
Free:
       pc1 = 3.9596
       pc2 = -2.9225
       pc3 = 1.85891
       pc4 = 1.33
       pc5 = -0.453394
       pc6 = -0.431006
       pc7 = 0.558555
       pc8 = 1.51299
       pc9 = -0.494865
      pc10 = 0.563346
      pc11 = 0.0103798
      pc12 = -0.0986988
      pc13 = 0.0445667
      pc14 = -0.00811864
      pc15 = -0.0217628
Constrained:
   Tgbecnw = 84438.6
     Tecnw = 22288
       Tnw = 19877.6
       Tec = 8643.2
     twoNb = 1.16068e+06
     twoNc = 1.14742e+06
     twoNw = 1.27049e+06
    twoNec = 165333
    twoNnw = 12575.7
  twoNecnw = 78338.7
  twoNbecnw = 3888.44
  twoNgbecnw = 300920
         m = 0.111019
        m4 = 0.0275544
        m6 = 9.89264e-06
        Ta = 37600
        Td = 4321.6
        Tf = 2160.8
#       SitePat  BranchLen
              b 124898.2498507
              e 49144.6817795
              c 50628.9014460
              n 45993.1218573
              w 45993.1163634
            b:e 2107.7127653
            b:c 2492.8429686
            b:n 1767.9739156
            b:w 1767.9735186
            e:c 10398.8282264
            e:n 5311.4455064
            e:w 5311.4441500
            c:n 5108.4712549
            c:w 5108.4767488
            n:w 12628.2604144
          b:e:c 2070.4264405
          b:e:n 1120.0086901
          b:e:w 1120.0082571
          b:c:n 1130.0449257
          b:c:w 1130.0453227
          b:n:w 2025.0995703
          e:c:n 4589.7724625
          e:c:w 4589.7738189
          e:n:w 6296.4338383
          c:n:w 5714.8744482
        b:e:c:n 2041.2236693
        b:e:c:w 2041.2241024
        b:e:n:w 3318.1756119
        b:c:n:w 2416.2531536
        e:c:n:w 51986.1037739
