########################################
# legofit: estimate population history #
#       version 2.3.4-4-g53f8760       #
########################################

# Program was compiled: Sep 21 2021 14:36:42
# Program was run: Sat Oct  9 21:00:46 2021

# cmd: legofit -1 -d 0 -t 32 --ptsPerDim 3 --stateOut b1boot25.state --tol 3e-6 -S 5000 adf2.lgo ../../boot/boot25.opf
# Stage nOptItr nSimReps
#     0    5000        0
# algorithm          : deterministic
# ignoring probs <=  : 0
# Branch length floor: 0
# DE strategy        : 2
#    F               : 0.3
#    CR              : 0.8
#    tolerance       : 3e-06
# nthreads           : 32
# lgo input file     : adf2.lgo
# site pat input file: ../../boot/boot25.opf
# free parameters    : 15
# points in DE swarm : 45
# output state file  : b1boot25.state
# Including singleton site patterns.
# cost function      : KL
Initial parameter values
Fixed:
      zero = 0
       one = 1
    Tbecnw = 75200
Free:
       pc1 = 0
       pc2 = 0
       pc3 = 0
       pc4 = 0
       pc5 = 0
       pc6 = 0
       pc7 = 0
       pc8 = 0
       pc9 = 0
      pc10 = 0
      pc11 = 0
      pc12 = 0
      pc13 = 0
      pc14 = 0
      pc15 = 0
Constrained:
   Tgbecnw = 109272
     Tecnw = 23734.2
       Tnw = 20712
       Tec = 11151.8
     twoNb = 1.34166e+06
     twoNc = 373994
     twoNw = 1.68195e+06
    twoNec = 146878
    twoNnw = 15959.5
  twoNecnw = 83376.1
  twoNbecnw = 14114.9
  twoNgbecnw = 259910
         m = 0.139162
        m4 = 0.0278703
        m6 = 3.18945e-06
        Ta = 37600
        Td = 5575.88
        Tf = 2787.94
DiffEv reached_goal. cost=1.93477e-03 spread=2.45796e-06
Fitted parameter values
Free:
       pc1 = 3.98166
       pc2 = -3.86585
       pc3 = 1.8587
       pc4 = 1.28138
       pc5 = 0.933146
       pc6 = -1.56644
       pc7 = 0.540373
       pc8 = 1.73096
       pc9 = -0.929763
      pc10 = 0.215628
      pc11 = -0.0753738
      pc12 = -0.0838874
      pc13 = 0.00255266
      pc14 = 0.0524741
      pc15 = -0.0265489
Constrained:
   Tgbecnw = 81650.2
     Tecnw = 21934.2
       Tnw = 19770.8
       Tec = 10655
     twoNb = 1.31278e+06
     twoNc = 571226
     twoNw = 1.0598e+06
    twoNec = 129889
    twoNnw = 11276.2
  twoNecnw = 78326
  twoNbecnw = 2690.37
  twoNgbecnw = 310195
         m = 0.106335
        m4 = 0.0278104
        m6 = 1.45017e-05
        Ta = 37600
        Td = 5327.51
        Tf = 2663.76
#       SitePat  BranchLen
              b 123761.5946678
              e 48682.8037569
              c 50182.7328925
              n 45622.0561461
              w 45622.0469783
            b:e 2063.3675290
            b:c 2429.9703764
            b:n 1741.9306970
            b:w 1741.9300353
            e:c 10384.4161112
            e:n 5257.5921680
            e:w 5257.5898881
            c:n 5053.7866291
            c:w 5053.7957969
            n:w 12577.2929133
          b:e:c 2047.8398791
          b:e:n 1097.8405215
          b:e:w 1097.8397983
          b:c:n 1107.8890443
          b:c:w 1107.8897060
          b:n:w 2003.5091080
          e:c:n 4560.9175569
          e:c:w 4560.9198368
          e:n:w 6204.0679191
          c:n:w 5632.5939044
        b:e:c:n 2016.4811588
        b:e:c:w 2016.4818820
        b:e:n:w 3279.7573147
        b:c:n:w 2372.2002391
        e:c:n:w 51358.6069438
