########################################
# legofit: estimate population history #
#       version 2.3.4-4-g53f8760       #
########################################

# Program was compiled: Sep 21 2021 14:36:42
# Program was run: Sat Oct  9 21:00:24 2021

# cmd: legofit -1 -d 0 -t 32 --ptsPerDim 3 --stateOut b1boot14.state --tol 3e-6 -S 5000 adf2.lgo ../../boot/boot14.opf
# Stage nOptItr nSimReps
#     0    5000        0
# algorithm          : deterministic
# ignoring probs <=  : 0
# Branch length floor: 0
# DE strategy        : 2
#    F               : 0.3
#    CR              : 0.8
#    tolerance       : 3e-06
# nthreads           : 32
# lgo input file     : adf2.lgo
# site pat input file: ../../boot/boot14.opf
# free parameters    : 15
# points in DE swarm : 45
# output state file  : b1boot14.state
# Including singleton site patterns.
# cost function      : KL
Initial parameter values
Fixed:
      zero = 0
       one = 1
    Tbecnw = 75200
Free:
       pc1 = 0
       pc2 = 0
       pc3 = 0
       pc4 = 0
       pc5 = 0
       pc6 = 0
       pc7 = 0
       pc8 = 0
       pc9 = 0
      pc10 = 0
      pc11 = 0
      pc12 = 0
      pc13 = 0
      pc14 = 0
      pc15 = 0
Constrained:
   Tgbecnw = 109272
     Tecnw = 23734.2
       Tnw = 20712
       Tec = 11151.8
     twoNb = 1.34166e+06
     twoNc = 373994
     twoNw = 1.68195e+06
    twoNec = 146878
    twoNnw = 15959.5
  twoNecnw = 83376.1
  twoNbecnw = 14114.9
  twoNgbecnw = 259910
         m = 0.139162
        m4 = 0.0278703
        m6 = 3.18945e-06
        Ta = 37600
        Td = 5575.88
        Tf = 2787.94
DiffEv reached_goal. cost=1.91839e-03 spread=2.56249e-06
Fitted parameter values
Free:
       pc1 = 3.91138
       pc2 = -3.96415
       pc3 = 1.87826
       pc4 = 1.40757
       pc5 = 1.88325
       pc6 = 0.179792
       pc7 = 0.520983
       pc8 = 0.704003
       pc9 = -0.237356
      pc10 = 0.241881
      pc11 = -0.0701902
      pc12 = -0.0659996
      pc13 = 0.0157912
      pc14 = 0.0548169
      pc15 = -0.0125945
Constrained:
   Tgbecnw = 81509.8
     Tecnw = 21852.4
       Tnw = 20347.5
       Tec = 10248.1
     twoNb = 1.25399e+06
     twoNc = 330738
     twoNw = 2.60037e+06
    twoNec = 134428
    twoNnw = 7875.47
  twoNecnw = 78541
  twoNbecnw = 2628.65
  twoNgbecnw = 314412
         m = 0.105684
        m4 = 0.0277943
        m6 = 1.09875e-05
        Ta = 37600
        Td = 5124.04
        Tf = 2562.02
#       SitePat  BranchLen
              b 124095.8050624
              e 48673.3108064
              c 50175.9627314
              n 45680.3218077
              w 45680.3188635
            b:e 2083.7517036
            b:c 2456.2265530
            b:n 1759.7751413
            b:w 1759.7749255
            e:c 10408.3975123
            e:n 5280.0773613
            e:w 5280.0766228
            c:n 5075.7698332
            c:w 5075.7727773
            n:w 12532.2790532
          b:e:c 2066.2192203
          b:e:n 1110.2779020
          b:e:w 1110.2776661
          b:c:n 1120.6399492
          b:c:w 1120.6401650
          b:n:w 2021.0912125
          e:c:n 4579.4899705
          e:c:w 4579.4907089
          e:n:w 6227.3503923
          c:n:w 5652.9049565
        b:e:c:n 2038.6275065
        b:e:c:w 2038.6277424
        b:e:n:w 3310.1648430
        b:c:n:w 2397.3700294
        e:c:n:w 51703.1299662
