########################################
# legofit: estimate population history #
#       version 2.3.4-4-g53f8760       #
########################################

# Program was compiled: Sep 21 2021 14:36:42
# Program was run: Sat Oct  9 21:00:02 2021

# cmd: legofit -1 -d 0 -t 32 --ptsPerDim 3 --stateOut b1boot1.state --tol 3e-6 -S 5000 adf2.lgo ../../boot/boot1.opf
# Stage nOptItr nSimReps
#     0    5000        0
# algorithm          : deterministic
# ignoring probs <=  : 0
# Branch length floor: 0
# DE strategy        : 2
#    F               : 0.3
#    CR              : 0.8
#    tolerance       : 3e-06
# nthreads           : 32
# lgo input file     : adf2.lgo
# site pat input file: ../../boot/boot1.opf
# free parameters    : 15
# points in DE swarm : 45
# output state file  : b1boot1.state
# Including singleton site patterns.
# cost function      : KL
Initial parameter values
Fixed:
      zero = 0
       one = 1
    Tbecnw = 75200
Free:
       pc1 = 0
       pc2 = 0
       pc3 = 0
       pc4 = 0
       pc5 = 0
       pc6 = 0
       pc7 = 0
       pc8 = 0
       pc9 = 0
      pc10 = 0
      pc11 = 0
      pc12 = 0
      pc13 = 0
      pc14 = 0
      pc15 = 0
Constrained:
   Tgbecnw = 109272
     Tecnw = 23734.2
       Tnw = 20712
       Tec = 11151.8
     twoNb = 1.34166e+06
     twoNc = 373994
     twoNw = 1.68195e+06
    twoNec = 146878
    twoNnw = 15959.5
  twoNecnw = 83376.1
  twoNbecnw = 14114.9
  twoNgbecnw = 259910
         m = 0.139162
        m4 = 0.0278703
        m6 = 3.18945e-06
        Ta = 37600
        Td = 5575.88
        Tf = 2787.94
DiffEv reached_goal. cost=1.91892e-03 spread=2.81900e-06
Fitted parameter values
Free:
       pc1 = 3.93214
       pc2 = -3.92339
       pc3 = 1.41503
       pc4 = 1.25335
       pc5 = 1.35352
       pc6 = 1.15487
       pc7 = 1.09243
       pc8 = -0.447189
       pc9 = -0.256461
      pc10 = 0.838097
      pc11 = 0.185003
      pc12 = -0.11722
      pc13 = 0.095027
      pc14 = 0.0901799
      pc15 = -0.012061
Constrained:
   Tgbecnw = 79953.5
     Tecnw = 21936.1
       Tnw = 20676.1
       Tec = 9766.43
     twoNb = 1.21551e+06
     twoNc = 257856
     twoNw = 2.84986e+06
    twoNec = 142502
    twoNnw = 6481.67
  twoNecnw = 77756.1
  twoNbecnw = 2039.81
  twoNgbecnw = 299261
         m = 0.110292
        m4 = 0.0274516
        m6 = 4.5501e-06
        Ta = 37600
        Td = 4883.22
        Tf = 2441.61
#       SitePat  BranchLen
              b 123615.8342699
              e 48596.2126116
              c 50061.8373802
              n 45538.3094589
              w 45538.3083260
            b:e 2091.8876413
            b:c 2468.3263578
            b:n 1755.2643655
            b:w 1755.2642820
            e:c 10383.2523974
            e:n 5249.2655477
            e:w 5249.2652630
            c:n 5048.4768623
            c:w 5048.4779952
            n:w 12528.3952350
          b:e:c 2073.1830055
          b:e:n 1108.6240443
          b:e:w 1108.6239531
          b:c:n 1119.0020010
          b:c:w 1119.0020844
          b:n:w 2026.8790012
          e:c:n 4561.7634554
          e:c:w 4561.7637401
          e:n:w 6250.3917278
          c:n:w 5675.3124559
        b:e:c:n 2032.6021362
        b:e:c:w 2032.6022274
        b:e:n:w 3291.3161327
        b:c:n:w 2405.1514596
        e:c:n:w 51412.8094035
