########################################
# legofit: estimate population history #
#       version 2.3.4-4-g53f8760       #
########################################

# Program was compiled: Sep 21 2021 14:36:42
# Program was run: Sat Oct  9 21:00:04 2021

# cmd: legofit -1 -d 0 -t 32 --ptsPerDim 3 --stateOut b1boot4.state --tol 3e-6 -S 5000 adf2.lgo ../../boot/boot4.opf
# Stage nOptItr nSimReps
#     0    5000        0
# algorithm          : deterministic
# ignoring probs <=  : 0
# Branch length floor: 0
# DE strategy        : 2
#    F               : 0.3
#    CR              : 0.8
#    tolerance       : 3e-06
# nthreads           : 32
# lgo input file     : adf2.lgo
# site pat input file: ../../boot/boot4.opf
# free parameters    : 15
# points in DE swarm : 45
# output state file  : b1boot4.state
# Including singleton site patterns.
# cost function      : KL
Initial parameter values
Fixed:
      zero = 0
       one = 1
    Tbecnw = 75200
Free:
       pc1 = 0
       pc2 = 0
       pc3 = 0
       pc4 = 0
       pc5 = 0
       pc6 = 0
       pc7 = 0
       pc8 = 0
       pc9 = 0
      pc10 = 0
      pc11 = 0
      pc12 = 0
      pc13 = 0
      pc14 = 0
      pc15 = 0
Constrained:
   Tgbecnw = 109272
     Tecnw = 23734.2
       Tnw = 20712
       Tec = 11151.8
     twoNb = 1.34166e+06
     twoNc = 373994
     twoNw = 1.68195e+06
    twoNec = 146878
    twoNnw = 15959.5
  twoNecnw = 83376.1
  twoNbecnw = 14114.9
  twoNgbecnw = 259910
         m = 0.139162
        m4 = 0.0278703
        m6 = 3.18945e-06
        Ta = 37600
        Td = 5575.88
        Tf = 2787.94
DiffEv reached_goal. cost=1.94557e-03 spread=2.80341e-06
Fitted parameter values
Free:
       pc1 = 3.95964
       pc2 = -3.95179
       pc3 = 1.60529
       pc4 = 1.61308
       pc5 = 0.416937
       pc6 = -1.64421
       pc7 = 0.837467
       pc8 = 0.803273
       pc9 = -0.599855
      pc10 = 0.498431
      pc11 = 0.0850053
      pc12 = -0.067144
      pc13 = 0.0656547
      pc14 = 0.0399339
      pc15 = -0.0147318
Constrained:
   Tgbecnw = 80298
     Tecnw = 21820.7
       Tnw = 20052.9
       Tec = 9436.33
     twoNb = 1.47766e+06
     twoNc = 518007
     twoNw = 883905
    twoNec = 147699
    twoNnw = 9243.55
  twoNecnw = 78399.5
  twoNbecnw = 2167.65
  twoNgbecnw = 301625
         m = 0.110855
        m4 = 0.0278942
        m6 = 1.08004e-05
        Ta = 37600
        Td = 4718.16
        Tf = 2359.08
#       SitePat  BranchLen
              b 123910.2690051
              e 48633.5939775
              c 50146.7320899
              n 45559.1686349
              w 45559.1601890
            b:e 2077.2206693
            b:c 2443.4961365
            b:n 1746.8535530
            b:w 1746.8529401
            e:c 10337.7341366
            e:n 5279.0676535
            e:w 5279.0655487
            c:n 5074.8860421
            c:w 5074.8944881
            n:w 12517.7687995
          b:e:c 2049.5374359
          b:e:n 1106.7753690
          b:e:w 1106.7746989
          b:c:n 1116.5721408
          b:c:w 1116.5727537
          b:n:w 2004.5667894
          e:c:n 4554.1658991
          e:c:w 4554.1680039
          e:n:w 6228.3622824
          c:n:w 5652.7381902
        b:e:c:n 2024.0462336
        b:e:c:w 2024.0469037
        b:e:n:w 3304.6192016
        b:c:n:w 2389.5872246
        e:c:n:w 51608.6133765
