########################################
# legofit: estimate population history #
#       version 2.3.4-4-g53f8760       #
########################################

# Program was compiled: Sep 21 2021 14:36:42
# Program was run: Sat Oct  9 21:00:24 2021

# cmd: legofit -1 -d 0 -t 32 --ptsPerDim 3 --stateOut b1boot13.state --tol 3e-6 -S 5000 adf2.lgo ../../boot/boot13.opf
# Stage nOptItr nSimReps
#     0    5000        0
# algorithm          : deterministic
# ignoring probs <=  : 0
# Branch length floor: 0
# DE strategy        : 2
#    F               : 0.3
#    CR              : 0.8
#    tolerance       : 3e-06
# nthreads           : 32
# lgo input file     : adf2.lgo
# site pat input file: ../../boot/boot13.opf
# free parameters    : 15
# points in DE swarm : 45
# output state file  : b1boot13.state
# Including singleton site patterns.
# cost function      : KL
Initial parameter values
Fixed:
      zero = 0
       one = 1
    Tbecnw = 75200
Free:
       pc1 = 0
       pc2 = 0
       pc3 = 0
       pc4 = 0
       pc5 = 0
       pc6 = 0
       pc7 = 0
       pc8 = 0
       pc9 = 0
      pc10 = 0
      pc11 = 0
      pc12 = 0
      pc13 = 0
      pc14 = 0
      pc15 = 0
Constrained:
   Tgbecnw = 109272
     Tecnw = 23734.2
       Tnw = 20712
       Tec = 11151.8
     twoNb = 1.34166e+06
     twoNc = 373994
     twoNw = 1.68195e+06
    twoNec = 146878
    twoNnw = 15959.5
  twoNecnw = 83376.1
  twoNbecnw = 14114.9
  twoNgbecnw = 259910
         m = 0.139162
        m4 = 0.0278703
        m6 = 3.18945e-06
        Ta = 37600
        Td = 5575.88
        Tf = 2787.94
DiffEv reached_goal. cost=1.92569e-03 spread=2.76554e-06
Fitted parameter values
Free:
       pc1 = 3.96608
       pc2 = -3.61194
       pc3 = 1.40312
       pc4 = 1.65006
       pc5 = 1.69429
       pc6 = 1.16572
       pc7 = 1.04069
       pc8 = 0.0899497
       pc9 = -0.0372351
      pc10 = 0.828062
      pc11 = 0.219149
      pc12 = -0.0207329
      pc13 = 0.101225
      pc14 = 0.0864241
      pc15 = -0.0131182
Constrained:
   Tgbecnw = 80315.1
     Tecnw = 21984.5
       Tnw = 20383.4
       Tec = 9286
     twoNb = 1.17665e+06
     twoNc = 314477
     twoNw = 3.09341e+06
    twoNec = 149175
    twoNnw = 8285.68
  twoNecnw = 77479.2
  twoNbecnw = 2209.23
  twoNgbecnw = 291897
         m = 0.11382
        m4 = 0.0276915
        m6 = 6.53623e-06
        Ta = 37600
        Td = 4643
        Tf = 2321.5
#       SitePat  BranchLen
              b 123766.0604172
              e 48564.9368241
              c 50041.6636201
              n 45527.6722992
              w 45527.6708063
            b:e 2072.1357569
            b:c 2458.6066744
            b:n 1741.0367533
            b:w 1741.0366448
            e:c 10372.1566214
            e:n 5250.3323014
            e:w 5250.3319281
            c:n 5047.2972473
            c:w 5047.2987401
            n:w 12508.7382286
          b:e:c 2049.8247404
          b:e:n 1099.3738520
          b:e:w 1099.3737335
          b:c:n 1109.7091956
          b:c:w 1109.7093041
          b:n:w 2004.4705937
          e:c:n 4559.9708290
          e:c:w 4559.9712023
          e:n:w 6249.3066318
          c:n:w 5663.6888008
        b:e:c:n 2013.2000857
        b:e:c:w 2013.2002042
        b:e:n:w 3271.5007960
        b:c:n:w 2379.3178924
        e:c:n:w 51502.9414862
