########################################
# legofit: estimate population history #
#       version 2.3.4-4-g53f8760       #
########################################

# Program was compiled: Sep 21 2021 14:36:42
# Program was run: Sat Oct  9 11:55:27 2021

# cmd: legofit -1 -d 0 -t 32 --ptsPerDim 3 --stateOut b1boot44.state --tol 3e-6 -S 5000 def2.lgo ../../boot/boot44.opf
# Stage nOptItr nSimReps
#     0    5000        0
# algorithm          : deterministic
# ignoring probs <=  : 0
# Branch length floor: 0
# DE strategy        : 2
#    F               : 0.3
#    CR              : 0.8
#    tolerance       : 3e-06
# nthreads           : 32
# lgo input file     : def2.lgo
# site pat input file: ../../boot/boot44.opf
# free parameters    : 14
# points in DE swarm : 42
# output state file  : b1boot44.state
# Including singleton site patterns.
# cost function      : KL
Initial parameter values
Fixed:
      zero = 0
       one = 1
    Tbecnw = 75200
Free:
       pc1 = 0
       pc2 = 0
       pc3 = 0
       pc4 = 0
       pc5 = 0
       pc6 = 0
       pc7 = 0
       pc8 = 0
       pc9 = 0
      pc10 = 0
      pc11 = 0
      pc12 = 0
      pc13 = 0
      pc14 = 0
Constrained:
     Tecnw = 55628.5
       Tnw = 3196.82
       Tec = 9513.12
     twoNb = 1.32923e+06
     twoNe = 205212
     twoNc = 206654
     twoNw = 976614
    twoNec = 95284
    twoNnw = 156840
  twoNecnw = 18422.8
  twoNbecnw = 83925.8
        m4 = 0.0101683
        m5 = 0.436362
        m6 = 0.332074
        Td = 4756.56
        Te = 2378.28
        Tf = 1189.14
DiffEv reached_goal. cost=2.31450e-03 spread=2.70986e-06
Fitted parameter values
Free:
       pc1 = -0.131781
       pc2 = 3.87194
       pc3 = 3.93109
       pc4 = 1.49843
       pc5 = 0.611184
       pc6 = -1.96509
       pc7 = -1.12
       pc8 = -0.0202187
       pc9 = -0.468296
      pc10 = 0.254825
      pc11 = -0.0671712
      pc12 = -0.107466
      pc13 = 0.0442605
      pc14 = 0.00785262
Constrained:
     Tecnw = 59472.1
       Tnw = 60.4423
       Tec = 225.426
     twoNb = 2.8617e+06
     twoNe = 135470
     twoNc = 340914
     twoNw = 796493
    twoNec = 120754
    twoNnw = 178606
  twoNecnw = 14669.6
  twoNbecnw = 87523.2
        m4 = 0.0167832
        m5 = 0.444798
        m6 = 0.352085
        Td = 112.713
        Te = 56.3566
        Tf = 28.1783
#       SitePat  BranchLen
              b 147285.0978681
              e 57297.9858924
              c 60103.0578005
              n 54277.8667370
              w 54276.8733952
            b:e 2632.6823690
            b:c 3129.3162680
            b:n 2257.0820526
            b:w 2257.0228294
            e:c 12268.0047677
            e:n 6459.5636698
            e:w 6459.5330844
            c:n 5709.5490926
            c:w 5710.3786579
            n:w 14563.1340850
          b:e:c 2516.1219896
          b:e:n 1321.9581473
          b:e:w 1321.9152559
          b:c:n 1322.9234244
          b:c:w 1322.9663112
          b:n:w 2514.6720301
          e:c:n 5392.3052468
          e:c:w 5392.4996087
          e:n:w 8208.6427678
          c:n:w 6867.4734386
        b:e:c:n 2258.0309934
        b:e:c:w 2258.0902212
        b:e:n:w 3097.5161351
        b:c:n:w 2634.1323285
        e:c:n:w 61244.6780749
