########################################
# legofit: estimate population history #
#       version 2.3.4-4-g53f8760       #
########################################

# Program was compiled: Sep 21 2021 14:36:42
# Program was run: Sat Oct  9 11:54:49 2021

# cmd: legofit -1 -d 0 -t 32 --ptsPerDim 3 --stateOut b1boot5.state --tol 3e-6 -S 5000 def2.lgo ../../boot/boot5.opf
# Stage nOptItr nSimReps
#     0    5000        0
# algorithm          : deterministic
# ignoring probs <=  : 0
# Branch length floor: 0
# DE strategy        : 2
#    F               : 0.3
#    CR              : 0.8
#    tolerance       : 3e-06
# nthreads           : 32
# lgo input file     : def2.lgo
# site pat input file: ../../boot/boot5.opf
# free parameters    : 14
# points in DE swarm : 42
# output state file  : b1boot5.state
# Including singleton site patterns.
# cost function      : KL
Initial parameter values
Fixed:
      zero = 0
       one = 1
    Tbecnw = 75200
Free:
       pc1 = 0
       pc2 = 0
       pc3 = 0
       pc4 = 0
       pc5 = 0
       pc6 = 0
       pc7 = 0
       pc8 = 0
       pc9 = 0
      pc10 = 0
      pc11 = 0
      pc12 = 0
      pc13 = 0
      pc14 = 0
Constrained:
     Tecnw = 55628.5
       Tnw = 3196.82
       Tec = 9513.12
     twoNb = 1.32923e+06
     twoNe = 205212
     twoNc = 206654
     twoNw = 976614
    twoNec = 95284
    twoNnw = 156840
  twoNecnw = 18422.8
  twoNbecnw = 83925.8
        m4 = 0.0101683
        m5 = 0.436362
        m6 = 0.332074
        Td = 4756.56
        Te = 2378.28
        Tf = 1189.14
DiffEv reached_goal. cost=2.30743e-03 spread=2.51031e-06
Fitted parameter values
Free:
       pc1 = -0.00085295
       pc2 = 3.97166
       pc3 = 3.94246
       pc4 = 0.851792
       pc5 = 0.263097
       pc6 = -1.96722
       pc7 = -0.734535
       pc8 = 0.0030902
       pc9 = -0.401591
      pc10 = -0.0118295
      pc11 = -0.0836176
      pc12 = -0.178794
      pc13 = -0.0176115
      pc14 = 0.000403661
Constrained:
     Tecnw = 59778.4
       Tnw = 28.3682
       Tec = 18.3954
     twoNb = 2.54263e+06
     twoNe = 161395
     twoNc = 275762
     twoNw = 1.00695e+06
    twoNec = 121227
    twoNnw = 176885
  twoNecnw = 14369.4
  twoNbecnw = 87575.6
        m4 = 0.0169978
        m5 = 0.442872
        m6 = 0.354565
        Td = 9.19768
        Te = 4.59884
        Tf = 2.29942
#       SitePat  BranchLen
              b 147372.2175835
              e 57368.7790837
              c 60092.7810240
              n 54208.0392008
              w 54206.8554538
            b:e 2636.8019823
            b:c 3129.8276444
            b:n 2244.0546084
            b:w 2243.9847289
            e:c 12291.9742410
            e:n 6440.2827127
            e:w 6440.8082862
            c:n 5716.0352015
            c:w 5716.4693758
            n:w 14643.1041150
          b:e:c 2517.0043445
          b:e:n 1314.7116934
          b:e:w 1314.7162198
          b:c:n 1315.8542653
          b:c:w 1315.8497151
          b:n:w 2515.3567556
          e:c:n 5354.1606344
          e:c:w 5354.3846336
          e:n:w 8204.2576322
          c:n:w 6888.7677273
        b:e:c:n 2245.1227506
        b:e:c:w 2245.1926539
        b:e:n:w 3093.6769143
        b:c:n:w 2638.4495712
        e:c:n:w 61320.9476484
