########################################
# legofit: estimate population history #
#       version 2.3.4-4-g53f8760       #
########################################

# Program was compiled: Sep 21 2021 14:36:42
# Program was run: Sat Oct  9 11:55:08 2021

# cmd: legofit -1 -d 0 -t 32 --ptsPerDim 3 --stateOut b1boot25.state --tol 3e-6 -S 5000 def2.lgo ../../boot/boot25.opf
# Stage nOptItr nSimReps
#     0    5000        0
# algorithm          : deterministic
# ignoring probs <=  : 0
# Branch length floor: 0
# DE strategy        : 2
#    F               : 0.3
#    CR              : 0.8
#    tolerance       : 3e-06
# nthreads           : 32
# lgo input file     : def2.lgo
# site pat input file: ../../boot/boot25.opf
# free parameters    : 14
# points in DE swarm : 42
# output state file  : b1boot25.state
# Including singleton site patterns.
# cost function      : KL
Initial parameter values
Fixed:
      zero = 0
       one = 1
    Tbecnw = 75200
Free:
       pc1 = 0
       pc2 = 0
       pc3 = 0
       pc4 = 0
       pc5 = 0
       pc6 = 0
       pc7 = 0
       pc8 = 0
       pc9 = 0
      pc10 = 0
      pc11 = 0
      pc12 = 0
      pc13 = 0
      pc14 = 0
Constrained:
     Tecnw = 55628.5
       Tnw = 3196.82
       Tec = 9513.12
     twoNb = 1.32923e+06
     twoNe = 205212
     twoNc = 206654
     twoNw = 976614
    twoNec = 95284
    twoNnw = 156840
  twoNecnw = 18422.8
  twoNbecnw = 83925.8
        m4 = 0.0101683
        m5 = 0.436362
        m6 = 0.332074
        Td = 4756.56
        Te = 2378.28
        Tf = 1189.14
DiffEv reached_goal. cost=2.31948e-03 spread=2.52806e-06
Fitted parameter values
Free:
       pc1 = 0.130699
       pc2 = 3.96744
       pc3 = 3.97749
       pc4 = 1.52717
       pc5 = 1.00764
       pc6 = -1.95731
       pc7 = -1.32188
       pc8 = -0.178
       pc9 = -0.29177
      pc10 = -0.00163907
      pc11 = -0.0917499
      pc12 = -0.0600953
      pc13 = 0.0748748
      pc14 = 0.0307294
Constrained:
     Tecnw = 60052.9
       Tnw = 78.7036
       Tec = 310.614
     twoNb = 3.01848e+06
     twoNe = 151944
     twoNc = 296015
     twoNw = 672577
    twoNec = 120245
    twoNnw = 177177
  twoNecnw = 14153.4
  twoNbecnw = 87434.1
        m4 = 0.0166915
        m5 = 0.445298
        m6 = 0.353764
        Td = 155.307
        Te = 77.6535
        Tf = 38.8268
#       SitePat  BranchLen
              b 147227.4315927
              e 57464.2040420
              c 60265.6953980
              n 54340.3169894
              w 54339.0166977
            b:e 2633.8691595
            b:c 3127.5486631
            b:n 2246.1656702
            b:w 2246.0884781
            e:c 12288.8240087
            e:n 6451.4409705
            e:w 6451.2358259
            c:n 5701.7416731
            c:w 5702.9920774
            n:w 14644.7607303
          b:e:c 2520.5241997
          b:e:n 1315.3043592
          b:e:w 1315.2321190
          b:c:n 1316.1756714
          b:c:w 1316.2479103
          b:n:w 2519.1589626
          e:c:n 5341.9401585
          e:c:w 5342.1951906
          e:n:w 8196.3261934
          c:n:w 6859.6396744
        b:e:c:n 2247.0320292
        b:e:c:w 2247.1092226
        b:e:n:w 3097.6627948
        b:c:n:w 2635.2343965
        e:c:n:w 61097.8849554
