########################################
# legofit: estimate population history #
#       version 2.3.4-4-g53f8760       #
########################################

# Program was compiled: Sep 21 2021 14:36:42
# Program was run: Sat Oct  9 11:55:03 2021

# cmd: legofit -1 -d 0 -t 32 --ptsPerDim 3 --stateOut b1boot18.state --tol 3e-6 -S 5000 def2.lgo ../../boot/boot18.opf
# Stage nOptItr nSimReps
#     0    5000        0
# algorithm          : deterministic
# ignoring probs <=  : 0
# Branch length floor: 0
# DE strategy        : 2
#    F               : 0.3
#    CR              : 0.8
#    tolerance       : 3e-06
# nthreads           : 32
# lgo input file     : def2.lgo
# site pat input file: ../../boot/boot18.opf
# free parameters    : 14
# points in DE swarm : 42
# output state file  : b1boot18.state
# Including singleton site patterns.
# cost function      : KL
Initial parameter values
Fixed:
      zero = 0
       one = 1
    Tbecnw = 75200
Free:
       pc1 = 0
       pc2 = 0
       pc3 = 0
       pc4 = 0
       pc5 = 0
       pc6 = 0
       pc7 = 0
       pc8 = 0
       pc9 = 0
      pc10 = 0
      pc11 = 0
      pc12 = 0
      pc13 = 0
      pc14 = 0
Constrained:
     Tecnw = 55628.5
       Tnw = 3196.82
       Tec = 9513.12
     twoNb = 1.32923e+06
     twoNe = 205212
     twoNc = 206654
     twoNw = 976614
    twoNec = 95284
    twoNnw = 156840
  twoNecnw = 18422.8
  twoNbecnw = 83925.8
        m4 = 0.0101683
        m5 = 0.436362
        m6 = 0.332074
        Td = 4756.56
        Te = 2378.28
        Tf = 1189.14
DiffEv reached_goal. cost=2.35250e-03 spread=2.21798e-06
Fitted parameter values
Free:
       pc1 = 0.160236
       pc2 = 3.9387
       pc3 = 3.96778
       pc4 = 0.820909
       pc5 = -0.58885
       pc6 = -1.90569
       pc7 = -0.70909
       pc8 = 0.548414
       pc9 = -0.402327
      pc10 = 0.0228628
      pc11 = 0.00206224
      pc12 = -0.167983
      pc13 = 0.0954287
      pc14 = 0.0273765
Constrained:
     Tecnw = 59926.8
       Tnw = 139.639
       Tec = 512.61
     twoNb = 2.46639e+06
     twoNe = 105116
     twoNc = 365649
     twoNw = 1.30875e+06
    twoNec = 117896
    twoNnw = 177752
  twoNecnw = 14271.7
  twoNbecnw = 87462.8
        m4 = 0.016215
        m5 = 0.444931
        m6 = 0.356538
        Td = 256.305
        Te = 128.152
        Tf = 64.0762
#       SitePat  BranchLen
              b 147249.4342240
              e 57412.8848015
              c 60102.4234577
              n 54368.4626782
              w 54366.9909675
            b:e 2633.2474505
            b:c 3114.3449001
            b:n 2253.7062932
            b:w 2253.6188380
            e:c 12336.1654025
            e:n 6440.0646580
            e:w 6440.0585424
            c:n 5719.2068992
            c:w 5720.3983864
            n:w 14603.4071163
          b:e:c 2523.2193905
          b:e:n 1316.5518017
          b:e:w 1316.4922293
          b:c:n 1317.6074495
          b:c:w 1317.6670131
          b:n:w 2521.6091719
          e:c:n 5366.9190308
          e:c:w 5367.2053698
          e:n:w 8153.3309903
          c:n:w 6865.2374226
        b:e:c:n 2254.7340494
        b:e:c:w 2254.8215134
        b:e:n:w 3079.1127239
        b:c:n:w 2634.8576691
        e:c:n:w 61146.2167635
