########################################
# legofit: estimate population history #
#       version 2.3.4-4-g53f8760       #
########################################

# Program was compiled: Sep 21 2021 14:36:42
# Program was run: Sat Oct  9 11:54:58 2021

# cmd: legofit -1 -d 0 -t 32 --ptsPerDim 3 --stateOut b1boot16.state --tol 3e-6 -S 5000 def2.lgo ../../boot/boot16.opf
# Stage nOptItr nSimReps
#     0    5000        0
# algorithm          : deterministic
# ignoring probs <=  : 0
# Branch length floor: 0
# DE strategy        : 2
#    F               : 0.3
#    CR              : 0.8
#    tolerance       : 3e-06
# nthreads           : 32
# lgo input file     : def2.lgo
# site pat input file: ../../boot/boot16.opf
# free parameters    : 14
# points in DE swarm : 42
# output state file  : b1boot16.state
# Including singleton site patterns.
# cost function      : KL
Initial parameter values
Fixed:
      zero = 0
       one = 1
    Tbecnw = 75200
Free:
       pc1 = 0
       pc2 = 0
       pc3 = 0
       pc4 = 0
       pc5 = 0
       pc6 = 0
       pc7 = 0
       pc8 = 0
       pc9 = 0
      pc10 = 0
      pc11 = 0
      pc12 = 0
      pc13 = 0
      pc14 = 0
Constrained:
     Tecnw = 55628.5
       Tnw = 3196.82
       Tec = 9513.12
     twoNb = 1.32923e+06
     twoNe = 205212
     twoNc = 206654
     twoNw = 976614
    twoNec = 95284
    twoNnw = 156840
  twoNecnw = 18422.8
  twoNbecnw = 83925.8
        m4 = 0.0101683
        m5 = 0.436362
        m6 = 0.332074
        Td = 4756.56
        Te = 2378.28
        Tf = 1189.14
DiffEv reached_goal. cost=2.26422e-03 spread=2.87470e-06
Fitted parameter values
Free:
       pc1 = 0.0158932
       pc2 = 3.93618
       pc3 = 3.91889
       pc4 = 1.78039
       pc5 = 1.56004
       pc6 = -1.96929
       pc7 = -1.38998
       pc8 = -0.391122
       pc9 = -0.417743
      pc10 = 0.219344
      pc11 = -0.0586757
      pc12 = -0.125307
      pc13 = 0.0791776
      pc14 = 0.00258423
Constrained:
     Tecnw = 59675.6
       Tnw = 68.247
       Tec = 270.742
     twoNb = 3.11484e+06
     twoNe = 173695
     twoNc = 281279
     twoNw = 446610
    twoNec = 119575
    twoNnw = 178281
  twoNecnw = 14472.2
  twoNbecnw = 87602.1
        m4 = 0.0169041
        m5 = 0.445163
        m6 = 0.353596
        Td = 135.371
        Te = 67.6855
        Tf = 33.8428
#       SitePat  BranchLen
              b 147376.5527130
              e 57325.4918731
              c 60114.8462387
              n 54306.7632749
              w 54305.0959756
            b:e 2631.3101398
            b:c 3125.1503622
            b:n 2254.9843875
            b:w 2254.8850084
            e:c 12303.2352651
            e:n 6454.0836396
            e:w 6453.7952704
            c:n 5709.6323282
            c:w 5711.2594514
            n:w 14584.4089664
          b:e:c 2518.8819119
          b:e:n 1319.2970795
          b:e:w 1319.2017013
          b:c:n 1320.1318723
          b:c:w 1320.2272495
          b:n:w 2517.5419388
          e:c:n 5380.0615411
          e:c:w 5380.3900865
          e:n:w 8197.0717659
          c:n:w 6862.1079255
        b:e:c:n 2255.8151785
        b:e:c:w 2255.9145586
        b:e:n:w 3095.7540712
        b:c:n:w 2632.6501129
        e:c:n:w 61307.9942030
