########################################
# legofit: estimate population history #
#       version 2.3.4-4-g53f8760       #
########################################

# Program was compiled: Sep 21 2021 14:36:42
# Program was run: Sat Oct  9 11:55:13 2021

# cmd: legofit -1 -d 0 -t 32 --ptsPerDim 3 --stateOut b1boot30.state --tol 3e-6 -S 5000 def2.lgo ../../boot/boot30.opf
# Stage nOptItr nSimReps
#     0    5000        0
# algorithm          : deterministic
# ignoring probs <=  : 0
# Branch length floor: 0
# DE strategy        : 2
#    F               : 0.3
#    CR              : 0.8
#    tolerance       : 3e-06
# nthreads           : 32
# lgo input file     : def2.lgo
# site pat input file: ../../boot/boot30.opf
# free parameters    : 14
# points in DE swarm : 42
# output state file  : b1boot30.state
# Including singleton site patterns.
# cost function      : KL
Initial parameter values
Fixed:
      zero = 0
       one = 1
    Tbecnw = 75200
Free:
       pc1 = 0
       pc2 = 0
       pc3 = 0
       pc4 = 0
       pc5 = 0
       pc6 = 0
       pc7 = 0
       pc8 = 0
       pc9 = 0
      pc10 = 0
      pc11 = 0
      pc12 = 0
      pc13 = 0
      pc14 = 0
Constrained:
     Tecnw = 55628.5
       Tnw = 3196.82
       Tec = 9513.12
     twoNb = 1.32923e+06
     twoNe = 205212
     twoNc = 206654
     twoNw = 976614
    twoNec = 95284
    twoNnw = 156840
  twoNecnw = 18422.8
  twoNbecnw = 83925.8
        m4 = 0.0101683
        m5 = 0.436362
        m6 = 0.332074
        Td = 4756.56
        Te = 2378.28
        Tf = 1189.14
DiffEv reached_goal. cost=2.33635e-03 spread=2.85523e-06
Fitted parameter values
Free:
       pc1 = 0.0283894
       pc2 = 3.99044
       pc3 = 3.96727
       pc4 = 1.46302
       pc5 = 0.184553
       pc6 = -1.90407
       pc7 = -0.742527
       pc8 = -0.0202685
       pc9 = -0.606205
      pc10 = 0.0172027
      pc11 = -0.148222
      pc12 = -0.118583
      pc13 = 0.0573762
      pc14 = 0.00430083
Constrained:
     Tecnw = 59826.4
       Tnw = 75.7741
       Tec = 166.139
     twoNb = 2.60982e+06
     twoNe = 168046
     twoNc = 386655
     twoNw = 919727
    twoNec = 120065
    twoNnw = 177380
  twoNecnw = 14292.2
  twoNbecnw = 87771.3
        m4 = 0.0171926
        m5 = 0.443032
        m6 = 0.35145
        Td = 83.0693
        Te = 41.5347
        Tf = 20.7673
#       SitePat  BranchLen
              b 147560.7595585
              e 57348.0104012
              c 60157.7335684
              n 54302.1615812
              w 54299.9010424
            b:e 2628.0734768
            b:c 3133.6940770
            b:n 2247.9768751
            b:w 2247.8432590
            e:c 12341.9883913
            e:n 6433.2085177
            e:w 6433.9613850
            c:n 5684.7194113
            c:w 5685.7970958
            n:w 14642.2042714
          b:e:c 2523.8106138
          b:e:n 1313.4577039
          b:e:w 1313.4415617
          b:c:n 1314.5685980
          b:c:w 1314.5847030
          b:n:w 2522.1807791
          e:c:n 5357.8683190
          e:c:w 5358.2983058
          e:n:w 8205.9489437
          c:n:w 6853.1732195
        b:e:c:n 2248.9702581
        b:e:c:w 2249.1039114
        b:e:n:w 3097.8719945
        b:c:n:w 2629.7033116
        e:c:n:w 61492.0268976
