########################################
# legofit: estimate population history #
#       version 2.3.4-4-g53f8760       #
########################################

# Program was compiled: Sep 21 2021 14:36:42
# Program was run: Sat Oct  9 11:54:53 2021

# cmd: legofit -1 -d 0 -t 32 --ptsPerDim 3 --stateOut b1boot7.state --tol 3e-6 -S 5000 def2.lgo ../../boot/boot7.opf
# Stage nOptItr nSimReps
#     0    5000        0
# algorithm          : deterministic
# ignoring probs <=  : 0
# Branch length floor: 0
# DE strategy        : 2
#    F               : 0.3
#    CR              : 0.8
#    tolerance       : 3e-06
# nthreads           : 32
# lgo input file     : def2.lgo
# site pat input file: ../../boot/boot7.opf
# free parameters    : 14
# points in DE swarm : 42
# output state file  : b1boot7.state
# Including singleton site patterns.
# cost function      : KL
Initial parameter values
Fixed:
      zero = 0
       one = 1
    Tbecnw = 75200
Free:
       pc1 = 0
       pc2 = 0
       pc3 = 0
       pc4 = 0
       pc5 = 0
       pc6 = 0
       pc7 = 0
       pc8 = 0
       pc9 = 0
      pc10 = 0
      pc11 = 0
      pc12 = 0
      pc13 = 0
      pc14 = 0
Constrained:
     Tecnw = 55628.5
       Tnw = 3196.82
       Tec = 9513.12
     twoNb = 1.32923e+06
     twoNe = 205212
     twoNc = 206654
     twoNw = 976614
    twoNec = 95284
    twoNnw = 156840
  twoNecnw = 18422.8
  twoNbecnw = 83925.8
        m4 = 0.0101683
        m5 = 0.436362
        m6 = 0.332074
        Td = 4756.56
        Te = 2378.28
        Tf = 1189.14
DiffEv reached_goal. cost=2.33628e-03 spread=2.88970e-06
Fitted parameter values
Free:
       pc1 = -0.0188671
       pc2 = 3.92258
       pc3 = 3.97295
       pc4 = 1.25553
       pc5 = -0.00166834
       pc6 = -1.85278
       pc7 = -0.34818
       pc8 = 0.15974
       pc9 = -0.564921
      pc10 = 0.190533
      pc11 = 0.0296623
      pc12 = -0.21209
      pc13 = 0.0405149
      pc14 = -0.0184408
Constrained:
     Tecnw = 59512.5
       Tnw = 80.9426
       Tec = 269.624
     twoNb = 2.3838e+06
     twoNe = 218057
     twoNc = 384744
     twoNw = 1.03066e+06
    twoNec = 119242
    twoNnw = 178636
  twoNecnw = 14571.4
  twoNbecnw = 87666.2
        m4 = 0.0171712
        m5 = 0.44338
        m6 = 0.356336
        Td = 134.812
        Te = 67.4061
        Tf = 33.703
#       SitePat  BranchLen
              b 147470.0796628
              e 57290.5708068
              c 59957.7845568
              n 54260.5624518
              w 54259.2307200
            b:e 2628.5078611
            b:c 3118.4170600
            b:n 2251.4503339
            b:w 2251.3712532
            e:c 12284.5323770
            e:n 6432.3236984
            e:w 6432.4836676
            c:n 5724.2477565
            c:w 5725.1617916
            n:w 14535.9712221
          b:e:c 2509.7763348
          b:e:n 1317.0809610
          b:e:w 1317.0434405
          b:c:n 1318.2664886
          b:c:w 1318.3039948
          b:n:w 2508.0158677
          e:c:n 5386.1992699
          e:c:w 5386.4569974
          e:n:w 8168.0411510
          c:n:w 6873.2624184
        b:e:c:n 2252.5942870
        b:e:c:w 2252.6733820
        b:e:n:w 3079.6608085
        b:c:n:w 2630.2683281
        e:c:n:w 61485.5650211
