########################################
# legofit: estimate population history #
#       version 2.3.4-4-g53f8760       #
########################################

# Program was compiled: Sep 21 2021 14:36:42
# Program was run: Sat Oct  9 11:55:13 2021

# cmd: legofit -1 -d 0 -t 32 --ptsPerDim 3 --stateOut b1boot34.state --tol 3e-6 -S 5000 def2.lgo ../../boot/boot34.opf
# Stage nOptItr nSimReps
#     0    5000        0
# algorithm          : deterministic
# ignoring probs <=  : 0
# Branch length floor: 0
# DE strategy        : 2
#    F               : 0.3
#    CR              : 0.8
#    tolerance       : 3e-06
# nthreads           : 32
# lgo input file     : def2.lgo
# site pat input file: ../../boot/boot34.opf
# free parameters    : 14
# points in DE swarm : 42
# output state file  : b1boot34.state
# Including singleton site patterns.
# cost function      : KL
Initial parameter values
Fixed:
      zero = 0
       one = 1
    Tbecnw = 75200
Free:
       pc1 = 0
       pc2 = 0
       pc3 = 0
       pc4 = 0
       pc5 = 0
       pc6 = 0
       pc7 = 0
       pc8 = 0
       pc9 = 0
      pc10 = 0
      pc11 = 0
      pc12 = 0
      pc13 = 0
      pc14 = 0
Constrained:
     Tecnw = 55628.5
       Tnw = 3196.82
       Tec = 9513.12
     twoNb = 1.32923e+06
     twoNe = 205212
     twoNc = 206654
     twoNw = 976614
    twoNec = 95284
    twoNnw = 156840
  twoNecnw = 18422.8
  twoNbecnw = 83925.8
        m4 = 0.0101683
        m5 = 0.436362
        m6 = 0.332074
        Td = 4756.56
        Te = 2378.28
        Tf = 1189.14
DiffEv reached_goal. cost=2.29836e-03 spread=1.88668e-06
Fitted parameter values
Free:
       pc1 = 0.175527
       pc2 = 3.98768
       pc3 = 3.93737
       pc4 = 0.713059
       pc5 = 1.2771
       pc6 = -1.97843
       pc7 = -0.0349199
       pc8 = -0.341247
       pc9 = -0.2156
      pc10 = 0.132476
      pc11 = -0.143019
      pc12 = -0.0727702
      pc13 = 0.0437131
      pc14 = 0.024634
Constrained:
     Tecnw = 59842.6
       Tnw = 5.72177
       Tec = 12.2169
     twoNb = 2.27181e+06
     twoNe = 346864
     twoNc = 162321
     twoNw = 722378
    twoNec = 118990
    twoNnw = 177508
  twoNecnw = 14313.6
  twoNbecnw = 87390.9
        m4 = 0.0184266
        m5 = 0.448279
        m6 = 0.357778
        Td = 6.10846
        Te = 3.05423
        Tf = 1.52711
#       SitePat  BranchLen
              b 147206.0787284
              e 57269.4465424
              c 60079.5284152
              n 54201.5441077
              w 54201.3191888
            b:e 2623.7005190
            b:c 3144.1798215
            b:n 2240.8264172
            b:w 2240.8131457
            e:c 12278.8482145
            e:n 6470.6744498
            e:w 6470.7503192
            c:n 5725.6849687
            c:w 5725.7911261
            n:w 14584.2639678
          b:e:c 2505.1372448
          b:e:n 1313.7336347
          b:e:w 1313.7321313
          b:c:n 1315.1021480
          b:c:w 1315.1036468
          b:n:w 2503.1612227
          e:c:n 5350.0329895
          e:c:w 5350.0758817
          e:n:w 8225.9959474
          c:n:w 6857.6279135
        b:e:c:n 2242.1831578
        b:e:c:w 2242.1964339
        b:e:n:w 3100.6610371
        b:c:n:w 2625.6765411
        e:c:n:w 61175.1173268
