########################################
# legofit: estimate population history #
#       version 2.3.4-4-g53f8760       #
########################################

# Program was compiled: Sep 21 2021 14:36:42
# Program was run: Sat Oct  9 11:55:12 2021

# cmd: legofit -1 -d 0 -t 32 --ptsPerDim 3 --stateOut b1boot32.state --tol 3e-6 -S 5000 def2.lgo ../../boot/boot32.opf
# Stage nOptItr nSimReps
#     0    5000        0
# algorithm          : deterministic
# ignoring probs <=  : 0
# Branch length floor: 0
# DE strategy        : 2
#    F               : 0.3
#    CR              : 0.8
#    tolerance       : 3e-06
# nthreads           : 32
# lgo input file     : def2.lgo
# site pat input file: ../../boot/boot32.opf
# free parameters    : 14
# points in DE swarm : 42
# output state file  : b1boot32.state
# Including singleton site patterns.
# cost function      : KL
Initial parameter values
Fixed:
      zero = 0
       one = 1
    Tbecnw = 75200
Free:
       pc1 = 0
       pc2 = 0
       pc3 = 0
       pc4 = 0
       pc5 = 0
       pc6 = 0
       pc7 = 0
       pc8 = 0
       pc9 = 0
      pc10 = 0
      pc11 = 0
      pc12 = 0
      pc13 = 0
      pc14 = 0
Constrained:
     Tecnw = 55628.5
       Tnw = 3196.82
       Tec = 9513.12
     twoNb = 1.32923e+06
     twoNe = 205212
     twoNc = 206654
     twoNw = 976614
    twoNec = 95284
    twoNnw = 156840
  twoNecnw = 18422.8
  twoNbecnw = 83925.8
        m4 = 0.0101683
        m5 = 0.436362
        m6 = 0.332074
        Td = 4756.56
        Te = 2378.28
        Tf = 1189.14
DiffEv reached_goal. cost=2.35810e-03 spread=2.61120e-06
Fitted parameter values
Free:
       pc1 = -0.0366945
       pc2 = 3.95583
       pc3 = 3.93407
       pc4 = 1.69959
       pc5 = 0.343961
       pc6 = -1.84898
       pc7 = -1.15512
       pc8 = 0.037412
       pc9 = -0.376827
      pc10 = 0.142826
      pc11 = -0.081597
      pc12 = -0.180017
      pc13 = -0.00825416
      pc14 = -0.028838
Constrained:
     Tecnw = 59639.5
       Tnw = 14.1351
       Tec = 11.3226
     twoNb = 2.877e+06
     twoNe = 132320
     twoNc = 399673
     twoNw = 840459
    twoNec = 121213
    twoNnw = 177363
  twoNecnw = 14459.6
  twoNbecnw = 87533
        m4 = 0.016188
        m5 = 0.444836
        m6 = 0.353906
        Td = 5.66131
        Te = 2.83065
        Tf = 1.41533
#       SitePat  BranchLen
              b 147386.5195163
              e 57265.0364032
              c 60024.4528493
              n 54162.6917824
              w 54162.0085684
            b:e 2624.9311994
            b:c 3109.2739317
            b:n 2239.8128999
            b:w 2239.7726112
            e:c 12258.7082553
            e:n 6446.9351418
            e:w 6447.2344988
            c:n 5708.0923151
            c:w 5708.3467360
            n:w 14589.5083756
          b:e:c 2505.1981200
          b:e:n 1312.7864092
          b:e:w 1312.7886318
          b:c:n 1313.7474432
          b:c:w 1313.7452092
          b:n:w 2503.8139233
          e:c:n 5357.5688807
          e:c:w 5357.6983170
          e:n:w 8183.8773076
          c:n:w 6868.3850010
        b:e:c:n 2240.7314111
        b:e:c:w 2240.7717113
        b:e:n:w 3078.7692898
        b:c:n:w 2626.3153961
        e:c:n:w 61415.9421265
