########################################
# legofit: estimate population history #
#       version 2.3.4-4-g53f8760       #
########################################

# Program was compiled: Sep 21 2021 14:36:42
# Program was run: Sat Oct  9 11:54:58 2021

# cmd: legofit -1 -d 0 -t 32 --ptsPerDim 3 --stateOut b1boot15.state --tol 3e-6 -S 5000 def2.lgo ../../boot/boot15.opf
# Stage nOptItr nSimReps
#     0    5000        0
# algorithm          : deterministic
# ignoring probs <=  : 0
# Branch length floor: 0
# DE strategy        : 2
#    F               : 0.3
#    CR              : 0.8
#    tolerance       : 3e-06
# nthreads           : 32
# lgo input file     : def2.lgo
# site pat input file: ../../boot/boot15.opf
# free parameters    : 14
# points in DE swarm : 42
# output state file  : b1boot15.state
# Including singleton site patterns.
# cost function      : KL
Initial parameter values
Fixed:
      zero = 0
       one = 1
    Tbecnw = 75200
Free:
       pc1 = 0
       pc2 = 0
       pc3 = 0
       pc4 = 0
       pc5 = 0
       pc6 = 0
       pc7 = 0
       pc8 = 0
       pc9 = 0
      pc10 = 0
      pc11 = 0
      pc12 = 0
      pc13 = 0
      pc14 = 0
Constrained:
     Tecnw = 55628.5
       Tnw = 3196.82
       Tec = 9513.12
     twoNb = 1.32923e+06
     twoNe = 205212
     twoNc = 206654
     twoNw = 976614
    twoNec = 95284
    twoNnw = 156840
  twoNecnw = 18422.8
  twoNbecnw = 83925.8
        m4 = 0.0101683
        m5 = 0.436362
        m6 = 0.332074
        Td = 4756.56
        Te = 2378.28
        Tf = 1189.14
DiffEv reached_goal. cost=2.30459e-03 spread=2.44109e-06
Fitted parameter values
Free:
       pc1 = 0.0814506
       pc2 = 3.98849
       pc3 = 3.98598
       pc4 = 1.12738
       pc5 = -0.0851807
       pc6 = -1.88331
       pc7 = -1.00842
       pc8 = 0.349457
       pc9 = -0.253468
      pc10 = 0.0533375
      pc11 = -0.0677088
      pc12 = -0.13007
      pc13 = 0.078022
      pc14 = 0.00425192
Constrained:
     Tecnw = 59908.3
       Tnw = 41.851
       Tec = 98.4075
     twoNb = 2.71169e+06
     twoNe = 114764
     twoNc = 354299
     twoNw = 1.09793e+06
    twoNec = 119698
    twoNnw = 177605
  twoNecnw = 14230.5
  twoNbecnw = 87351.3
        m4 = 0.0159838
        m5 = 0.44629
        m6 = 0.35522
        Td = 49.2038
        Te = 24.6019
        Tf = 12.3009
#       SitePat  BranchLen
              b 147229.4822544
              e 57313.2723257
              c 60069.6256676
              n 54260.7780593
              w 54259.7796690
            b:e 2618.2501438
            b:c 3100.9784652
            b:n 2237.9185466
            b:w 2237.8597477
            e:c 12292.5894451
            e:n 6442.8373342
            e:w 6443.1500527
            c:n 5701.6688499
            c:w 5702.1644233
            n:w 14586.4761272
          b:e:c 2505.4749836
          b:e:n 1309.6482415
          b:e:w 1309.6391894
          b:c:n 1310.6388029
          b:c:w 1310.6478410
          b:n:w 2504.0316520
          e:c:n 5341.5485493
          e:c:w 5341.7386478
          e:n:w 8151.2668588
          c:n:w 6841.8274347
        b:e:c:n 2238.8593472
        b:e:c:w 2238.9181601
        b:e:n:w 3069.1808139
        b:c:n:w 2619.6934754
        e:c:n:w 61224.8475717
