########################################
# legofit: estimate population history #
#       version 2.3.4-4-g53f8760       #
########################################

# Program was compiled: Sep 21 2021 14:36:42
# Program was run: Sat Oct  9 11:54:49 2021

# cmd: legofit -1 -d 0 -t 32 --ptsPerDim 3 --stateOut b1boot3.state --tol 3e-6 -S 5000 def2.lgo ../../boot/boot3.opf
# Stage nOptItr nSimReps
#     0    5000        0
# algorithm          : deterministic
# ignoring probs <=  : 0
# Branch length floor: 0
# DE strategy        : 2
#    F               : 0.3
#    CR              : 0.8
#    tolerance       : 3e-06
# nthreads           : 32
# lgo input file     : def2.lgo
# site pat input file: ../../boot/boot3.opf
# free parameters    : 14
# points in DE swarm : 42
# output state file  : b1boot3.state
# Including singleton site patterns.
# cost function      : KL
Initial parameter values
Fixed:
      zero = 0
       one = 1
    Tbecnw = 75200
Free:
       pc1 = 0
       pc2 = 0
       pc3 = 0
       pc4 = 0
       pc5 = 0
       pc6 = 0
       pc7 = 0
       pc8 = 0
       pc9 = 0
      pc10 = 0
      pc11 = 0
      pc12 = 0
      pc13 = 0
      pc14 = 0
Constrained:
     Tecnw = 55628.5
       Tnw = 3196.82
       Tec = 9513.12
     twoNb = 1.32923e+06
     twoNe = 205212
     twoNc = 206654
     twoNw = 976614
    twoNec = 95284
    twoNnw = 156840
  twoNecnw = 18422.8
  twoNbecnw = 83925.8
        m4 = 0.0101683
        m5 = 0.436362
        m6 = 0.332074
        Td = 4756.56
        Te = 2378.28
        Tf = 1189.14
DiffEv reached_goal. cost=2.32251e-03 spread=2.98047e-06
Fitted parameter values
Free:
       pc1 = 0.272213
       pc2 = 3.96361
       pc3 = 3.98363
       pc4 = 1.67645
       pc5 = 0.747992
       pc6 = -1.91314
       pc7 = -0.683523
       pc8 = -0.0605301
       pc9 = -0.51247
      pc10 = 0.236979
      pc11 = 0.0362475
      pc12 = -0.217396
      pc13 = 0.108578
      pc14 = 0.00891794
Constrained:
     Tecnw = 59823.5
       Tnw = 138.278
       Tec = 540.038
     twoNb = 2.68394e+06
     twoNe = 223599
     twoNc = 368115
     twoNw = 729430
    twoNec = 116185
    twoNnw = 178581
  twoNecnw = 14364.7
  twoNbecnw = 87736.6
        m4 = 0.0173283
        m5 = 0.446293
        m6 = 0.359353
        Td = 270.019
        Te = 135.009
        Tf = 67.5047
#       SitePat  BranchLen
              b 147463.6758041
              e 57366.6530158
              c 60044.9865938
              n 54391.9024157
              w 54389.6879500
            b:e 2638.8208269
            b:c 3128.0075082
            b:n 2265.4328103
            b:w 2265.3004978
            e:c 12364.7773879
            e:n 6455.3266634
            e:w 6455.0348591
            c:n 5744.4512269
            c:w 5746.5219933
            n:w 14569.8383853
          b:e:c 2527.7305448
          b:e:n 1322.7903668
          b:e:w 1322.6724063
          b:c:n 1323.7694120
          b:c:w 1323.8873681
          b:n:w 2526.1514374
          e:c:n 5396.6618069
          e:c:w 5397.0973104
          e:n:w 8174.6357888
          c:n:w 6877.3705452
        b:e:c:n 2266.3974991
        b:e:c:w 2266.5298159
        b:e:n:w 3093.4606549
        b:c:n:w 2640.3999344
        e:c:n:w 61326.4379399
