########################################
# legofit: estimate population history #
#       version 2.3.4-4-g53f8760       #
########################################

# Program was compiled: Sep 21 2021 14:36:42
# Program was run: Sat Oct  9 11:55:08 2021

# cmd: legofit -1 -d 0 -t 32 --ptsPerDim 3 --stateOut b1boot27.state --tol 3e-6 -S 5000 def2.lgo ../../boot/boot27.opf
# Stage nOptItr nSimReps
#     0    5000        0
# algorithm          : deterministic
# ignoring probs <=  : 0
# Branch length floor: 0
# DE strategy        : 2
#    F               : 0.3
#    CR              : 0.8
#    tolerance       : 3e-06
# nthreads           : 32
# lgo input file     : def2.lgo
# site pat input file: ../../boot/boot27.opf
# free parameters    : 14
# points in DE swarm : 42
# output state file  : b1boot27.state
# Including singleton site patterns.
# cost function      : KL
Initial parameter values
Fixed:
      zero = 0
       one = 1
    Tbecnw = 75200
Free:
       pc1 = 0
       pc2 = 0
       pc3 = 0
       pc4 = 0
       pc5 = 0
       pc6 = 0
       pc7 = 0
       pc8 = 0
       pc9 = 0
      pc10 = 0
      pc11 = 0
      pc12 = 0
      pc13 = 0
      pc14 = 0
Constrained:
     Tecnw = 55628.5
       Tnw = 3196.82
       Tec = 9513.12
     twoNb = 1.32923e+06
     twoNe = 205212
     twoNc = 206654
     twoNw = 976614
    twoNec = 95284
    twoNnw = 156840
  twoNecnw = 18422.8
  twoNbecnw = 83925.8
        m4 = 0.0101683
        m5 = 0.436362
        m6 = 0.332074
        Td = 4756.56
        Te = 2378.28
        Tf = 1189.14
DiffEv reached_goal. cost=2.29219e-03 spread=2.72262e-06
Fitted parameter values
Free:
       pc1 = -0.25073
       pc2 = 3.9422
       pc3 = 3.97857
       pc4 = 0.927477
       pc5 = 1.41589
       pc6 = -1.99321
       pc7 = -0.705604
       pc8 = -0.48714
       pc9 = -0.668788
      pc10 = 0.159937
      pc11 = -0.0351191
      pc12 = -0.0803226
      pc13 = 0.0363272
      pc14 = 0.00589799
Constrained:
     Tecnw = 59421.7
       Tnw = 48.5204
       Tec = 183.8
     twoNb = 2.64136e+06
     twoNe = 255239
     twoNc = 172661
     twoNw = 628834
    twoNec = 122331
    twoNnw = 179195
  twoNecnw = 14661.7
  twoNbecnw = 87840.4
        m4 = 0.0180183
        m5 = 0.440404
        m6 = 0.350321
        Td = 91.8998
        Te = 45.9499
        Tf = 22.9749
#       SitePat  BranchLen
              b 147566.7187173
              e 57395.8476762
              c 60167.9562390
              n 54333.0903815
              w 54332.1272627
            b:e 2638.6150098
            b:c 3148.5027431
            b:n 2259.1667623
            b:w 2259.1093202
            e:c 12255.9480877
            e:n 6432.1094740
            e:w 6432.0504810
            c:n 5699.4124008
            c:w 5700.2462412
            n:w 14569.8658453
          b:e:c 2520.0070378
          b:e:n 1322.9720879
          b:e:w 1322.9275432
          b:c:n 1324.1035003
          b:c:w 1324.1480408
          b:n:w 2518.3140819
          e:c:n 5394.0815508
          e:c:w 5394.2698222
          e:n:w 8224.5650208
          c:n:w 6875.7474395
        b:e:c:n 2260.2852731
        b:e:c:w 2260.3427194
        b:e:n:w 3111.3372774
        b:c:n:w 2640.3079657
        e:c:n:w 61511.4990188
