########################################
# legofit: estimate population history #
#       version 2.3.4-4-g53f8760       #
########################################

# Program was compiled: Sep 21 2021 14:36:42
# Program was run: Sat Oct  9 11:54:49 2021

# cmd: legofit -1 -d 0 -t 32 --ptsPerDim 3 --stateOut b1boot4.state --tol 3e-6 -S 5000 def2.lgo ../../boot/boot4.opf
# Stage nOptItr nSimReps
#     0    5000        0
# algorithm          : deterministic
# ignoring probs <=  : 0
# Branch length floor: 0
# DE strategy        : 2
#    F               : 0.3
#    CR              : 0.8
#    tolerance       : 3e-06
# nthreads           : 32
# lgo input file     : def2.lgo
# site pat input file: ../../boot/boot4.opf
# free parameters    : 14
# points in DE swarm : 42
# output state file  : b1boot4.state
# Including singleton site patterns.
# cost function      : KL
Initial parameter values
Fixed:
      zero = 0
       one = 1
    Tbecnw = 75200
Free:
       pc1 = 0
       pc2 = 0
       pc3 = 0
       pc4 = 0
       pc5 = 0
       pc6 = 0
       pc7 = 0
       pc8 = 0
       pc9 = 0
      pc10 = 0
      pc11 = 0
      pc12 = 0
      pc13 = 0
      pc14 = 0
Constrained:
     Tecnw = 55628.5
       Tnw = 3196.82
       Tec = 9513.12
     twoNb = 1.32923e+06
     twoNe = 205212
     twoNc = 206654
     twoNw = 976614
    twoNec = 95284
    twoNnw = 156840
  twoNecnw = 18422.8
  twoNbecnw = 83925.8
        m4 = 0.0101683
        m5 = 0.436362
        m6 = 0.332074
        Td = 4756.56
        Te = 2378.28
        Tf = 1189.14
DiffEv reached_goal. cost=2.33882e-03 spread=2.95407e-06
Fitted parameter values
Free:
       pc1 = 0.157694
       pc2 = 3.91792
       pc3 = 3.95562
       pc4 = 1.14467
       pc5 = 0.625562
       pc6 = -1.87115
       pc7 = -0.194228
       pc8 = 0.00586853
       pc9 = -0.33074
      pc10 = 0.103311
      pc11 = -0.0727243
      pc12 = -0.0410556
      pc13 = 0.179527
      pc14 = 0.0231958
Constrained:
     Tecnw = 59855.3
       Tnw = 120.291
       Tec = 358.142
     twoNb = 2.35758e+06
     twoNe = 292706
     twoNc = 302289
     twoNw = 866367
    twoNec = 117158
    twoNnw = 178374
  twoNecnw = 14240.8
  twoNbecnw = 87317.4
        m4 = 0.0176718
        m5 = 0.446964
        m6 = 0.355782
        Td = 179.071
        Te = 89.5354
        Tf = 44.7677
#       SitePat  BranchLen
              b 147212.6817467
              e 57252.1352346
              c 60041.7288588
              n 54318.7578308
              w 54315.9372656
            b:e 2603.3858013
            b:c 3111.9363047
            b:n 2237.0477640
            b:w 2236.8816207
            e:c 12311.7375320
            e:n 6430.4168028
            e:w 6431.0138258
            c:n 5686.5461464
            c:w 5688.2294745
            n:w 14529.7345749
          b:e:c 2500.5021771
          b:e:n 1306.2684590
          b:e:w 1306.2147532
          b:c:n 1307.4786033
          b:c:w 1307.5322690
          b:n:w 2498.6823149
          e:c:n 5343.9419314
          e:c:w 5344.4821453
          e:n:w 8151.8488610
          c:n:w 6804.3301857
        b:e:c:n 2238.1454307
        b:e:c:w 2238.3116141
        b:e:n:w 3071.7037683
        b:c:n:w 2605.2056635
        e:c:n:w 61251.8699539
