########################################
# legofit: estimate population history #
#       version 2.3.4-4-g53f8760       #
########################################

# Program was compiled: Sep 21 2021 14:36:42
# Program was run: Sat Oct  9 11:55:13 2021

# cmd: legofit -1 -d 0 -t 32 --ptsPerDim 3 --stateOut b1boot35.state --tol 3e-6 -S 5000 def2.lgo ../../boot/boot35.opf
# Stage nOptItr nSimReps
#     0    5000        0
# algorithm          : deterministic
# ignoring probs <=  : 0
# Branch length floor: 0
# DE strategy        : 2
#    F               : 0.3
#    CR              : 0.8
#    tolerance       : 3e-06
# nthreads           : 32
# lgo input file     : def2.lgo
# site pat input file: ../../boot/boot35.opf
# free parameters    : 14
# points in DE swarm : 42
# output state file  : b1boot35.state
# Including singleton site patterns.
# cost function      : KL
Initial parameter values
Fixed:
      zero = 0
       one = 1
    Tbecnw = 75200
Free:
       pc1 = 0
       pc2 = 0
       pc3 = 0
       pc4 = 0
       pc5 = 0
       pc6 = 0
       pc7 = 0
       pc8 = 0
       pc9 = 0
      pc10 = 0
      pc11 = 0
      pc12 = 0
      pc13 = 0
      pc14 = 0
Constrained:
     Tecnw = 55628.5
       Tnw = 3196.82
       Tec = 9513.12
     twoNb = 1.32923e+06
     twoNe = 205212
     twoNc = 206654
     twoNw = 976614
    twoNec = 95284
    twoNnw = 156840
  twoNecnw = 18422.8
  twoNbecnw = 83925.8
        m4 = 0.0101683
        m5 = 0.436362
        m6 = 0.332074
        Td = 4756.56
        Te = 2378.28
        Tf = 1189.14
DiffEv reached_goal. cost=2.29670e-03 spread=2.82230e-06
Fitted parameter values
Free:
       pc1 = -0.131135
       pc2 = 3.92606
       pc3 = 3.97322
       pc4 = 1.99581
       pc5 = -0.52174
       pc6 = -1.80621
       pc7 = -0.403668
       pc8 = 0.163783
       pc9 = -0.669864
      pc10 = 0.0126322
      pc11 = -0.022299
      pc12 = -0.161604
      pc13 = -0.0103652
      pc14 = 0.00930382
Constrained:
     Tecnw = 59665.1
       Tnw = 55.9435
       Tec = 150.599
     twoNb = 2.44195e+06
     twoNe = 184660
     twoNc = 555466
     twoNw = 1.0416e+06
    twoNec = 122111
    twoNnw = 177724
  twoNecnw = 14494.5
  twoNbecnw = 87653.6
        m4 = 0.017165
        m5 = 0.440327
        m6 = 0.352583
        Td = 75.2996
        Te = 37.6498
        Tf = 18.8249
#       SitePat  BranchLen
              b 147386.6417377
              e 57458.8861119
              c 60163.0988139
              n 54300.8583251
              w 54299.6354365
            b:e 2646.4512049
            b:c 3141.2638047
            b:n 2254.9477195
            b:w 2254.8751282
            e:c 12284.8851956
            e:n 6431.8879577
            e:w 6432.2089215
            c:n 5714.0349203
            c:w 5714.7027488
            n:w 14637.0112623
          b:e:c 2525.7391423
          b:e:n 1320.6486085
          b:e:w 1320.6313196
          b:c:n 1321.8355306
          b:c:w 1321.8528008
          b:n:w 2523.9977988
          e:c:n 5374.2515719
          e:c:w 5374.4856683
          e:n:w 8209.6367166
          c:n:w 6898.5613895
        b:e:c:n 2256.0793205
        b:e:c:w 2256.1519305
        b:e:n:w 3103.1917164
        b:c:n:w 2648.1925484
        e:c:n:w 61287.3649253
