########################################
# legofit: estimate population history #
#       version 2.3.4-4-g53f8760       #
########################################

# Program was compiled: Sep 21 2021 14:36:42
# Program was run: Sat Oct  9 11:55:27 2021

# cmd: legofit -1 -d 0 -t 32 --ptsPerDim 3 --stateOut b1boot47.state --tol 3e-6 -S 5000 def2.lgo ../../boot/boot47.opf
# Stage nOptItr nSimReps
#     0    5000        0
# algorithm          : deterministic
# ignoring probs <=  : 0
# Branch length floor: 0
# DE strategy        : 2
#    F               : 0.3
#    CR              : 0.8
#    tolerance       : 3e-06
# nthreads           : 32
# lgo input file     : def2.lgo
# site pat input file: ../../boot/boot47.opf
# free parameters    : 14
# points in DE swarm : 42
# output state file  : b1boot47.state
# Including singleton site patterns.
# cost function      : KL
Initial parameter values
Fixed:
      zero = 0
       one = 1
    Tbecnw = 75200
Free:
       pc1 = 0
       pc2 = 0
       pc3 = 0
       pc4 = 0
       pc5 = 0
       pc6 = 0
       pc7 = 0
       pc8 = 0
       pc9 = 0
      pc10 = 0
      pc11 = 0
      pc12 = 0
      pc13 = 0
      pc14 = 0
Constrained:
     Tecnw = 55628.5
       Tnw = 3196.82
       Tec = 9513.12
     twoNb = 1.32923e+06
     twoNe = 205212
     twoNc = 206654
     twoNw = 976614
    twoNec = 95284
    twoNnw = 156840
  twoNecnw = 18422.8
  twoNbecnw = 83925.8
        m4 = 0.0101683
        m5 = 0.436362
        m6 = 0.332074
        Td = 4756.56
        Te = 2378.28
        Tf = 1189.14
DiffEv reached_goal. cost=2.30701e-03 spread=2.73760e-06
Fitted parameter values
Free:
       pc1 = -0.243478
       pc2 = 3.77187
       pc3 = 3.91865
       pc4 = 1.08958
       pc5 = 0.0874877
       pc6 = -1.9368
       pc7 = -1.17085
       pc8 = 0.166587
       pc9 = -0.451504
      pc10 = 0.0469047
      pc11 = -0.0150598
      pc12 = -0.198963
      pc13 = 0.0219818
      pc14 = 0.00809839
Constrained:
     Tecnw = 59445.6
       Tnw = 70.8378
       Tec = 227.634
     twoNb = 2.79617e+06
     twoNe = 91207.6
     twoNc = 326621
     twoNw = 1.03408e+06
    twoNec = 121227
    twoNnw = 177614
  twoNecnw = 14706.1
  twoNbecnw = 87392.4
        m4 = 0.0162526
        m5 = 0.440213
        m6 = 0.351437
        Td = 113.817
        Te = 56.9084
        Tf = 28.4542
#       SitePat  BranchLen
              b 147173.2326801
              e 57327.8817994
              c 60026.6703283
              n 54233.6698864
              w 54232.4479286
            b:e 2636.9091301
            b:c 3116.2943144
            b:n 2253.2269205
            b:w 2253.1542978
            e:c 12308.2850392
            e:n 6425.8338750
            e:w 6426.0230775
            c:n 5705.4317253
            c:w 5706.2286066
            n:w 14619.5766673
          b:e:c 2522.2649159
          b:e:n 1317.6531000
          b:e:w 1317.6228257
          b:c:n 1318.6204004
          b:c:w 1318.6506629
          b:n:w 2520.8240195
          e:c:n 5384.0458033
          e:c:w 5384.2816772
          e:n:w 8181.3251435
          c:n:w 6887.7933143
        b:e:c:n 2254.1518608
        b:e:c:w 2254.2244953
        b:e:n:w 3084.7904277
        b:c:n:w 2638.3500265
        e:c:n:w 61154.6769073
