########################################
# legofit: estimate population history #
#       version 2.3.4-4-g53f8760       #
########################################

# Program was compiled: Sep 21 2021 14:36:42
# Program was run: Sat Oct  9 11:54:53 2021

# cmd: legofit -1 -d 0 -t 32 --ptsPerDim 3 --stateOut b1boot6.state --tol 3e-6 -S 5000 def2.lgo ../../boot/boot6.opf
# Stage nOptItr nSimReps
#     0    5000        0
# algorithm          : deterministic
# ignoring probs <=  : 0
# Branch length floor: 0
# DE strategy        : 2
#    F               : 0.3
#    CR              : 0.8
#    tolerance       : 3e-06
# nthreads           : 32
# lgo input file     : def2.lgo
# site pat input file: ../../boot/boot6.opf
# free parameters    : 14
# points in DE swarm : 42
# output state file  : b1boot6.state
# Including singleton site patterns.
# cost function      : KL
Initial parameter values
Fixed:
      zero = 0
       one = 1
    Tbecnw = 75200
Free:
       pc1 = 0
       pc2 = 0
       pc3 = 0
       pc4 = 0
       pc5 = 0
       pc6 = 0
       pc7 = 0
       pc8 = 0
       pc9 = 0
      pc10 = 0
      pc11 = 0
      pc12 = 0
      pc13 = 0
      pc14 = 0
Constrained:
     Tecnw = 55628.5
       Tnw = 3196.82
       Tec = 9513.12
     twoNb = 1.32923e+06
     twoNe = 205212
     twoNc = 206654
     twoNw = 976614
    twoNec = 95284
    twoNnw = 156840
  twoNecnw = 18422.8
  twoNbecnw = 83925.8
        m4 = 0.0101683
        m5 = 0.436362
        m6 = 0.332074
        Td = 4756.56
        Te = 2378.28
        Tf = 1189.14
DiffEv reached_goal. cost=2.29274e-03 spread=2.80375e-06
Fitted parameter values
Free:
       pc1 = 0.164048
       pc2 = 3.97783
       pc3 = 3.87903
       pc4 = 1.32008
       pc5 = 0.0228606
       pc6 = -1.93234
       pc7 = -0.142785
       pc8 = 0.212242
       pc9 = -0.342071
      pc10 = 0.121648
      pc11 = -0.063027
      pc12 = -0.117826
      pc13 = 0.103817
      pc14 = 0.0147773
Constrained:
     Tecnw = 59846.8
       Tnw = 57.5988
       Tec = 223.432
     twoNb = 2.25971e+06
     twoNe = 225796
     twoNc = 393127
     twoNw = 1.0084e+06
    twoNec = 117788
    twoNnw = 178022
  twoNecnw = 14286.9
  twoNbecnw = 87338.4
        m4 = 0.0174218
        m5 = 0.447302
        m6 = 0.357656
        Td = 111.716
        Te = 55.8581
        Tf = 27.9291
#       SitePat  BranchLen
              b 147196.8806864
              e 57266.8977358
              c 60016.2987711
              n 54263.1337055
              w 54262.4561864
            b:e 2615.4162663
            b:c 3117.9391981
            b:n 2240.4900962
            b:w 2240.4499756
            e:c 12304.7568076
            e:n 6447.2200380
            e:w 6447.1427114
            c:n 5713.8749668
            c:w 5714.4971111
            n:w 14555.4129072
          b:e:c 2503.8973096
          b:e:n 1310.3691478
          b:e:w 1310.3345104
          b:c:n 1311.6336979
          b:c:w 1311.6683333
          b:n:w 2502.0249232
          e:c:n 5351.4228000
          e:c:w 5351.5555015
          e:n:w 8167.0933072
          c:n:w 6837.9311768
        b:e:c:n 2241.7491611
        b:e:c:w 2241.7892837
        b:e:n:w 3076.6581909
        b:c:n:w 2617.2886528
        e:c:n:w 61202.2866620
