########################################
# legofit: estimate population history #
#       version 2.3.4-4-g53f8760       #
########################################

# Program was compiled: Sep 21 2021 14:36:42
# Program was run: Sat Oct  9 11:55:08 2021

# cmd: legofit -1 -d 0 -t 32 --ptsPerDim 3 --stateOut b1boot29.state --tol 3e-6 -S 5000 def2.lgo ../../boot/boot29.opf
# Stage nOptItr nSimReps
#     0    5000        0
# algorithm          : deterministic
# ignoring probs <=  : 0
# Branch length floor: 0
# DE strategy        : 2
#    F               : 0.3
#    CR              : 0.8
#    tolerance       : 3e-06
# nthreads           : 32
# lgo input file     : def2.lgo
# site pat input file: ../../boot/boot29.opf
# free parameters    : 14
# points in DE swarm : 42
# output state file  : b1boot29.state
# Including singleton site patterns.
# cost function      : KL
Initial parameter values
Fixed:
      zero = 0
       one = 1
    Tbecnw = 75200
Free:
       pc1 = 0
       pc2 = 0
       pc3 = 0
       pc4 = 0
       pc5 = 0
       pc6 = 0
       pc7 = 0
       pc8 = 0
       pc9 = 0
      pc10 = 0
      pc11 = 0
      pc12 = 0
      pc13 = 0
      pc14 = 0
Constrained:
     Tecnw = 55628.5
       Tnw = 3196.82
       Tec = 9513.12
     twoNb = 1.32923e+06
     twoNe = 205212
     twoNc = 206654
     twoNw = 976614
    twoNec = 95284
    twoNnw = 156840
  twoNecnw = 18422.8
  twoNbecnw = 83925.8
        m4 = 0.0101683
        m5 = 0.436362
        m6 = 0.332074
        Td = 4756.56
        Te = 2378.28
        Tf = 1189.14
DiffEv reached_goal. cost=2.31876e-03 spread=2.71122e-06
Fitted parameter values
Free:
       pc1 = -0.139776
       pc2 = 3.46763
       pc3 = 3.94531
       pc4 = 0.764186
       pc5 = 0.0277499
       pc6 = -1.80009
       pc7 = -0.246641
       pc8 = 0.0711951
       pc9 = -0.534648
      pc10 = -0.0577557
      pc11 = -0.0537874
      pc12 = -0.124459
      pc13 = 0.0412155
      pc14 = -0.00159992
Constrained:
     Tecnw = 59280.9
       Tnw = 245.098
       Tec = 951.325
     twoNb = 2.32855e+06
     twoNe = 263654
     twoNc = 302408
     twoNw = 1.11797e+06
    twoNec = 118539
    twoNnw = 176533
  twoNecnw = 14759.2
  twoNbecnw = 87261.1
        m4 = 0.0177213
        m5 = 0.439053
        m6 = 0.350945
        Td = 475.663
        Te = 237.831
        Tf = 118.916
#       SitePat  BranchLen
              b 147149.9590418
              e 57227.7203856
              c 59940.3584587
              n 54135.2031162
              w 54132.6695035
            b:e 2611.8799728
            b:c 3113.7609900
            b:n 2234.2490016
            b:w 2234.0986883
            e:c 12254.1511303
            e:n 6388.6598905
            e:w 6388.3665465
            c:n 5671.0543547
            c:w 5673.3844584
            n:w 14573.5551682
          b:e:c 2505.3979073
          b:e:n 1304.6717061
          b:e:w 1304.5415901
          b:c:n 1305.8275215
          b:c:w 1305.9576302
          b:n:w 2503.5390581
          e:c:n 5360.5972322
          e:c:w 5361.0940851
          e:n:w 8176.9119088
          c:n:w 6851.5195085
        b:e:c:n 2235.3846124
        b:e:c:w 2235.5349330
        b:e:n:w 3072.8497435
        b:c:n:w 2613.7388220
        e:c:n:w 61303.6295745
