########################################
# legofit: estimate population history #
#       version 2.3.4-4-g53f8760       #
########################################

# Program was compiled: Sep 21 2021 14:36:42
# Program was run: Sat Oct  9 11:55:20 2021

# cmd: legofit -1 -d 0 -t 32 --ptsPerDim 3 --stateOut b1boot38.state --tol 3e-6 -S 5000 def2.lgo ../../boot/boot38.opf
# Stage nOptItr nSimReps
#     0    5000        0
# algorithm          : deterministic
# ignoring probs <=  : 0
# Branch length floor: 0
# DE strategy        : 2
#    F               : 0.3
#    CR              : 0.8
#    tolerance       : 3e-06
# nthreads           : 32
# lgo input file     : def2.lgo
# site pat input file: ../../boot/boot38.opf
# free parameters    : 14
# points in DE swarm : 42
# output state file  : b1boot38.state
# Including singleton site patterns.
# cost function      : KL
Initial parameter values
Fixed:
      zero = 0
       one = 1
    Tbecnw = 75200
Free:
       pc1 = 0
       pc2 = 0
       pc3 = 0
       pc4 = 0
       pc5 = 0
       pc6 = 0
       pc7 = 0
       pc8 = 0
       pc9 = 0
      pc10 = 0
      pc11 = 0
      pc12 = 0
      pc13 = 0
      pc14 = 0
Constrained:
     Tecnw = 55628.5
       Tnw = 3196.82
       Tec = 9513.12
     twoNb = 1.32923e+06
     twoNe = 205212
     twoNc = 206654
     twoNw = 976614
    twoNec = 95284
    twoNnw = 156840
  twoNecnw = 18422.8
  twoNbecnw = 83925.8
        m4 = 0.0101683
        m5 = 0.436362
        m6 = 0.332074
        Td = 4756.56
        Te = 2378.28
        Tf = 1189.14
DiffEv reached_goal. cost=2.29835e-03 spread=2.69670e-06
Fitted parameter values
Free:
       pc1 = 0.00810533
       pc2 = 3.84343
       pc3 = 3.98914
       pc4 = 0.803235
       pc5 = 1.50667
       pc6 = -1.53045
       pc7 = -0.345888
       pc8 = -0.317442
       pc9 = -0.236832
      pc10 = 0.148548
      pc11 = -0.0712172
      pc12 = -0.0417288
      pc13 = 0.0774292
      pc14 = 0.0162342
Constrained:
     Tecnw = 59606.2
       Tnw = 117.778
       Tec = 441.304
     twoNb = 2.51145e+06
     twoNe = 413861
     twoNc = 156516
     twoNw = 666238
    twoNec = 119294
    twoNnw = 177882
  twoNecnw = 14512.3
  twoNbecnw = 87364.3
        m4 = 0.0169033
        m5 = 0.446222
        m6 = 0.35367
        Td = 220.652
        Te = 110.326
        Tf = 55.163
#       SitePat  BranchLen
              b 147203.5343422
              e 57270.5703956
              c 60074.3673632
              n 54241.7560371
              w 54239.4642900
            b:e 2618.8742842
            b:c 3119.5726268
            b:n 2243.7860103
            b:w 2243.6499737
            e:c 12247.4567166
            e:n 6450.1044217
            e:w 6450.0140553
            c:n 5699.1128633
            c:w 5701.0470378
            n:w 14548.1137057
          b:e:c 2505.0415732
          b:e:n 1313.8409771
          b:e:w 1313.7404524
          b:c:n 1314.8840266
          b:c:w 1314.9845399
          b:n:w 2503.3950092
          e:c:n 5365.0095258
          e:c:w 5365.4574648
          e:n:w 8188.5360410
          c:n:w 6844.5160262
        b:e:c:n 2244.7935365
        b:e:c:w 2244.9295845
        b:e:n:w 3083.3247047
        b:c:n:w 2620.5208482
        e:c:n:w 61227.1787561
