########################################
# legofit: estimate population history #
#       version 2.3.4-4-g53f8760       #
########################################

# Program was compiled: Sep 21 2021 14:36:42
# Program was run: Sat Oct  9 11:55:20 2021

# cmd: legofit -1 -d 0 -t 32 --ptsPerDim 3 --stateOut b1boot36.state --tol 3e-6 -S 5000 def2.lgo ../../boot/boot36.opf
# Stage nOptItr nSimReps
#     0    5000        0
# algorithm          : deterministic
# ignoring probs <=  : 0
# Branch length floor: 0
# DE strategy        : 2
#    F               : 0.3
#    CR              : 0.8
#    tolerance       : 3e-06
# nthreads           : 32
# lgo input file     : def2.lgo
# site pat input file: ../../boot/boot36.opf
# free parameters    : 14
# points in DE swarm : 42
# output state file  : b1boot36.state
# Including singleton site patterns.
# cost function      : KL
Initial parameter values
Fixed:
      zero = 0
       one = 1
    Tbecnw = 75200
Free:
       pc1 = 0
       pc2 = 0
       pc3 = 0
       pc4 = 0
       pc5 = 0
       pc6 = 0
       pc7 = 0
       pc8 = 0
       pc9 = 0
      pc10 = 0
      pc11 = 0
      pc12 = 0
      pc13 = 0
      pc14 = 0
Constrained:
     Tecnw = 55628.5
       Tnw = 3196.82
       Tec = 9513.12
     twoNb = 1.32923e+06
     twoNe = 205212
     twoNc = 206654
     twoNw = 976614
    twoNec = 95284
    twoNnw = 156840
  twoNecnw = 18422.8
  twoNbecnw = 83925.8
        m4 = 0.0101683
        m5 = 0.436362
        m6 = 0.332074
        Td = 4756.56
        Te = 2378.28
        Tf = 1189.14
DiffEv reached_goal. cost=2.33432e-03 spread=2.99054e-06
Fitted parameter values
Free:
       pc1 = -0.0612256
       pc2 = 3.96649
       pc3 = 3.93772
       pc4 = 1.81931
       pc5 = 0.552747
       pc6 = -1.83581
       pc7 = -0.516445
       pc8 = -0.0690595
       pc9 = -0.512829
      pc10 = 0.0804339
      pc11 = 0.00668126
      pc12 = -0.135048
      pc13 = 0.11901
      pc14 = 0.0209233
Constrained:
     Tecnw = 59743
       Tnw = 44.5439
       Tec = 171.679
     twoNb = 2.57108e+06
     twoNe = 242756
     twoNc = 413614
     twoNw = 752404
    twoNec = 119626
    twoNnw = 178748
  twoNecnw = 14403.6
  twoNbecnw = 87504.4
        m4 = 0.017211
        m5 = 0.442404
        m6 = 0.354052
        Td = 85.8396
        Te = 42.9198
        Tf = 21.4599
#       SitePat  BranchLen
              b 147289.7127028
              e 57378.1307312
              c 60089.6050187
              n 54362.8514519
              w 54362.1413248
            b:e 2629.8537617
            b:c 3123.0230326
            b:n 2253.4726874
            b:w 2253.4304907
            e:c 12337.2778229
            e:n 6426.7701676
            e:w 6426.7000083
            c:n 5705.6702806
            c:w 5706.3118213
            n:w 14589.5866945
          b:e:c 2520.0540705
          b:e:n 1316.3144199
          b:e:w 1316.2790408
          b:c:n 1317.4220741
          b:c:w 1317.4574510
          b:n:w 2518.4055997
          e:c:n 5372.4712129
          e:c:w 5372.6099586
          e:n:w 8166.6866755
          c:n:w 6856.6100939
        b:e:c:n 2254.5735218
        b:e:c:w 2254.6157207
        b:e:n:w 3086.8671998
        b:c:n:w 2631.5022325
        e:c:n:w 61223.7796939
