########################################
# legofit: estimate population history #
#       version 2.3.4-4-g53f8760       #
########################################

# Program was compiled: Sep 21 2021 14:36:42
# Program was run: Sat Oct  9 11:54:58 2021

# cmd: legofit -1 -d 0 -t 32 --ptsPerDim 3 --stateOut b1boot14.state --tol 3e-6 -S 5000 def2.lgo ../../boot/boot14.opf
# Stage nOptItr nSimReps
#     0    5000        0
# algorithm          : deterministic
# ignoring probs <=  : 0
# Branch length floor: 0
# DE strategy        : 2
#    F               : 0.3
#    CR              : 0.8
#    tolerance       : 3e-06
# nthreads           : 32
# lgo input file     : def2.lgo
# site pat input file: ../../boot/boot14.opf
# free parameters    : 14
# points in DE swarm : 42
# output state file  : b1boot14.state
# Including singleton site patterns.
# cost function      : KL
Initial parameter values
Fixed:
      zero = 0
       one = 1
    Tbecnw = 75200
Free:
       pc1 = 0
       pc2 = 0
       pc3 = 0
       pc4 = 0
       pc5 = 0
       pc6 = 0
       pc7 = 0
       pc8 = 0
       pc9 = 0
      pc10 = 0
      pc11 = 0
      pc12 = 0
      pc13 = 0
      pc14 = 0
Constrained:
     Tecnw = 55628.5
       Tnw = 3196.82
       Tec = 9513.12
     twoNb = 1.32923e+06
     twoNe = 205212
     twoNc = 206654
     twoNw = 976614
    twoNec = 95284
    twoNnw = 156840
  twoNecnw = 18422.8
  twoNbecnw = 83925.8
        m4 = 0.0101683
        m5 = 0.436362
        m6 = 0.332074
        Td = 4756.56
        Te = 2378.28
        Tf = 1189.14
DiffEv reached_goal. cost=2.29537e-03 spread=2.86919e-06
Fitted parameter values
Free:
       pc1 = -0.0515621
       pc2 = 3.87926
       pc3 = 3.97062
       pc4 = 0.687209
       pc5 = 0.704818
       pc6 = -1.9934
       pc7 = -1.09924
       pc8 = -0.169751
       pc9 = -0.552911
      pc10 = 0.0649988
      pc11 = -0.141529
      pc12 = -0.13246
      pc13 = 0.00531174
      pc14 = 0.0150485
Constrained:
     Tecnw = 59628
       Tnw = 114.233
       Tec = 286.958
     twoNb = 2.76558e+06
     twoNe = 142488
     twoNc = 197199
     twoNw = 901068
    twoNec = 120735
    twoNnw = 177152
  twoNecnw = 14536.3
  twoNbecnw = 87785.2
        m4 = 0.017114
        m5 = 0.442368
        m6 = 0.350635
        Td = 143.479
        Te = 71.7394
        Tf = 35.8697
#       SitePat  BranchLen
              b 147496.7006108
              e 57369.6312645
              c 60180.0092256
              n 54285.4986428
              w 54282.4067718
            b:e 2643.5880220
            b:c 3147.2996203
            b:n 2259.4362634
            b:w 2259.2523325
            e:c 12325.6110589
            e:n 6449.1214116
            e:w 6450.0255812
            c:n 5701.1971045
            c:w 5702.7926407
            n:w 14656.2676716
          b:e:c 2533.4603260
          b:e:n 1321.6779238
          b:e:w 1321.6434021
          b:c:n 1322.7092756
          b:c:w 1322.7437528
          b:n:w 2531.9198865
          e:c:n 5384.7560876
          e:c:w 5385.3482527
          e:n:w 8240.2111898
          c:n:w 6887.6527384
        b:e:c:n 2260.3181615
        b:e:c:w 2260.5021369
        b:e:n:w 3113.6340243
        b:c:n:w 2645.1284615
        e:c:n:w 61380.4853571
