########################################
# legofit: estimate population history #
#       version 2.3.4-4-g53f8760       #
########################################

# Program was compiled: Sep 21 2021 14:36:42
# Program was run: Sat Oct  9 11:54:58 2021

# cmd: legofit -1 -d 0 -t 32 --ptsPerDim 3 --stateOut b1boot12.state --tol 3e-6 -S 5000 def2.lgo ../../boot/boot12.opf
# Stage nOptItr nSimReps
#     0    5000        0
# algorithm          : deterministic
# ignoring probs <=  : 0
# Branch length floor: 0
# DE strategy        : 2
#    F               : 0.3
#    CR              : 0.8
#    tolerance       : 3e-06
# nthreads           : 32
# lgo input file     : def2.lgo
# site pat input file: ../../boot/boot12.opf
# free parameters    : 14
# points in DE swarm : 42
# output state file  : b1boot12.state
# Including singleton site patterns.
# cost function      : KL
Initial parameter values
Fixed:
      zero = 0
       one = 1
    Tbecnw = 75200
Free:
       pc1 = 0
       pc2 = 0
       pc3 = 0
       pc4 = 0
       pc5 = 0
       pc6 = 0
       pc7 = 0
       pc8 = 0
       pc9 = 0
      pc10 = 0
      pc11 = 0
      pc12 = 0
      pc13 = 0
      pc14 = 0
Constrained:
     Tecnw = 55628.5
       Tnw = 3196.82
       Tec = 9513.12
     twoNb = 1.32923e+06
     twoNe = 205212
     twoNc = 206654
     twoNw = 976614
    twoNec = 95284
    twoNnw = 156840
  twoNecnw = 18422.8
  twoNbecnw = 83925.8
        m4 = 0.0101683
        m5 = 0.436362
        m6 = 0.332074
        Td = 4756.56
        Te = 2378.28
        Tf = 1189.14
DiffEv reached_goal. cost=2.30241e-03 spread=2.38754e-06
Fitted parameter values
Free:
       pc1 = -0.245384
       pc2 = 3.87113
       pc3 = 3.86755
       pc4 = 1.75004
       pc5 = -0.0584322
       pc6 = -1.65347
       pc7 = -0.678378
       pc8 = 0.319517
       pc9 = -0.344486
      pc10 = 0.196084
      pc11 = -0.0178547
      pc12 = -0.128102
      pc13 = 0.0925356
      pc14 = 0.0383569
Constrained:
     Tecnw = 59490.2
       Tnw = 22.0324
       Tec = 64.111
     twoNb = 2.59251e+06
     twoNe = 194921
     twoNc = 465739
     twoNw = 971928
    twoNec = 120573
    twoNnw = 178810
  twoNecnw = 14719.3
  twoNbecnw = 87188
        m4 = 0.0157745
        m5 = 0.444338
        m6 = 0.352019
        Td = 32.0555
        Te = 16.0277
        Tf = 8.01387
#       SitePat  BranchLen
              b 146948.4382210
              e 57285.7139407
              c 60047.8098945
              n 54304.9730401
              w 54304.5016387
            b:e 2633.6242992
            b:c 3116.5576676
            b:n 2260.7493244
            b:w 2260.7212928
            e:c 12326.1637741
            e:n 6457.4668478
            e:w 6457.5734095
            c:n 5712.8585717
            c:w 5713.1327246
            n:w 14582.0650851
          b:e:c 2521.6569689
          b:e:n 1322.0623050
          b:e:w 1322.0539441
          b:c:n 1323.1008287
          b:c:w 1323.1091838
          b:n:w 2520.1510509
          e:c:n 5396.8351580
          e:c:w 5396.9258448
          e:n:w 8176.0276595
          c:n:w 6866.4802722
        b:e:c:n 2261.7681717
        b:e:c:w 2261.7962090
        b:e:n:w 3083.6569546
        b:c:n:w 2635.1302172
        e:c:n:w 60891.2511520
