########################################
# legofit: estimate population history #
#       version 2.3.4-4-g53f8760       #
########################################

# Program was compiled: Sep 21 2021 14:36:42
# Program was run: Sat Oct  9 11:55:20 2021

# cmd: legofit -1 -d 0 -t 32 --ptsPerDim 3 --stateOut b1boot41.state --tol 3e-6 -S 5000 def2.lgo ../../boot/boot41.opf
# Stage nOptItr nSimReps
#     0    5000        0
# algorithm          : deterministic
# ignoring probs <=  : 0
# Branch length floor: 0
# DE strategy        : 2
#    F               : 0.3
#    CR              : 0.8
#    tolerance       : 3e-06
# nthreads           : 32
# lgo input file     : def2.lgo
# site pat input file: ../../boot/boot41.opf
# free parameters    : 14
# points in DE swarm : 42
# output state file  : b1boot41.state
# Including singleton site patterns.
# cost function      : KL
Initial parameter values
Fixed:
      zero = 0
       one = 1
    Tbecnw = 75200
Free:
       pc1 = 0
       pc2 = 0
       pc3 = 0
       pc4 = 0
       pc5 = 0
       pc6 = 0
       pc7 = 0
       pc8 = 0
       pc9 = 0
      pc10 = 0
      pc11 = 0
      pc12 = 0
      pc13 = 0
      pc14 = 0
Constrained:
     Tecnw = 55628.5
       Tnw = 3196.82
       Tec = 9513.12
     twoNb = 1.32923e+06
     twoNe = 205212
     twoNc = 206654
     twoNw = 976614
    twoNec = 95284
    twoNnw = 156840
  twoNecnw = 18422.8
  twoNbecnw = 83925.8
        m4 = 0.0101683
        m5 = 0.436362
        m6 = 0.332074
        Td = 4756.56
        Te = 2378.28
        Tf = 1189.14
DiffEv reached_goal. cost=2.32363e-03 spread=2.95414e-06
Fitted parameter values
Free:
       pc1 = -0.157187
       pc2 = 3.99253
       pc3 = 3.9429
       pc4 = 0.903339
       pc5 = 0.845632
       pc6 = -1.88306
       pc7 = -0.938891
       pc8 = 0.0298081
       pc9 = -0.353912
      pc10 = 0.196314
      pc11 = -0.0043755
      pc12 = -0.107835
      pc13 = 0.120574
      pc14 = 0.0466196
Constrained:
     Tecnw = 59647.3
       Tnw = 14.3117
       Tec = 55.627
     twoNb = 2.71043e+06
     twoNe = 187618
     twoNc = 225465
     twoNw = 843261
    twoNec = 120333
    twoNnw = 179471
  twoNecnw = 14567.1
  twoNbecnw = 87436.3
        m4 = 0.0163636
        m5 = 0.444515
        m6 = 0.353008
        Td = 27.8135
        Te = 13.9068
        Tf = 6.95338
#       SitePat  BranchLen
              b 147152.8619842
              e 57373.1261948
              c 60134.0233312
              n 54404.4128001
              w 54404.2146409
            b:e 2639.8101901
            b:c 3128.2820001
            b:n 2267.2445082
            b:w 2267.2326709
            e:c 12340.0620262
            e:n 6460.0267069
            e:w 6460.0031629
            c:n 5719.2457564
            c:w 5719.4285522
            n:w 14582.4721995
          b:e:c 2527.6711461
          b:e:n 1325.5797998
          b:e:w 1325.5694964
          b:c:n 1326.6102504
          b:c:w 1326.6205533
          b:n:w 2526.1746814
          e:c:n 5400.2097751
          e:c:w 5400.2486826
          e:n:w 8183.1067760
          c:n:w 6867.3093104
        b:e:c:n 2268.2734244
        b:e:c:w 2268.2852622
        b:e:n:w 3095.6040820
        b:c:n:w 2641.3066548
        e:c:n:w 61019.5499788
