########################################
# legofit: estimate population history #
#       version 2.3.4-4-g53f8760       #
########################################

# Program was compiled: Sep 21 2021 14:36:42
# Program was run: Sat Oct  9 11:54:54 2021

# cmd: legofit -1 -d 0 -t 32 --ptsPerDim 3 --stateOut b1boot9.state --tol 3e-6 -S 5000 def2.lgo ../../boot/boot9.opf
# Stage nOptItr nSimReps
#     0    5000        0
# algorithm          : deterministic
# ignoring probs <=  : 0
# Branch length floor: 0
# DE strategy        : 2
#    F               : 0.3
#    CR              : 0.8
#    tolerance       : 3e-06
# nthreads           : 32
# lgo input file     : def2.lgo
# site pat input file: ../../boot/boot9.opf
# free parameters    : 14
# points in DE swarm : 42
# output state file  : b1boot9.state
# Including singleton site patterns.
# cost function      : KL
Initial parameter values
Fixed:
      zero = 0
       one = 1
    Tbecnw = 75200
Free:
       pc1 = 0
       pc2 = 0
       pc3 = 0
       pc4 = 0
       pc5 = 0
       pc6 = 0
       pc7 = 0
       pc8 = 0
       pc9 = 0
      pc10 = 0
      pc11 = 0
      pc12 = 0
      pc13 = 0
      pc14 = 0
Constrained:
     Tecnw = 55628.5
       Tnw = 3196.82
       Tec = 9513.12
     twoNb = 1.32923e+06
     twoNe = 205212
     twoNc = 206654
     twoNw = 976614
    twoNec = 95284
    twoNnw = 156840
  twoNecnw = 18422.8
  twoNbecnw = 83925.8
        m4 = 0.0101683
        m5 = 0.436362
        m6 = 0.332074
        Td = 4756.56
        Te = 2378.28
        Tf = 1189.14
DiffEv reached_goal. cost=2.33252e-03 spread=2.90186e-06
Fitted parameter values
Free:
       pc1 = -0.00754304
       pc2 = 3.94104
       pc3 = 3.94536
       pc4 = 0.0839851
       pc5 = -0.233784
       pc6 = -1.92749
       pc7 = -0.784551
       pc8 = 0.455138
       pc9 = -0.281091
      pc10 = -0.0172308
      pc11 = -0.00428339
      pc12 = -0.164969
      pc13 = 0.0850742
      pc14 = 0.0268412
Constrained:
     Tecnw = 59809.3
       Tnw = 87.4492
       Tec = 220.858
     twoNb = 2.44219e+06
     twoNe = 112725
     twoNc = 205020
     twoNw = 1.32933e+06
    twoNec = 119490
    twoNnw = 177765
  twoNecnw = 14364.6
  twoNbecnw = 87346.8
        m4 = 0.0159893
        m5 = 0.443623
        m6 = 0.355068
        Td = 110.429
        Te = 55.2145
        Tf = 27.6072
#       SitePat  BranchLen
              b 147165.6393965
              e 57366.6584867
              c 60052.4966507
              n 54311.0980620
              w 54309.4869741
            b:e 2629.3797117
            b:c 3107.6119168
            b:n 2248.3125032
            b:w 2248.2172257
            e:c 12326.2183183
            e:n 6431.6180902
            e:w 6432.0822263
            c:n 5710.9313128
            c:w 5711.7706330
            n:w 14601.5201356
          b:e:c 2517.2852039
          b:e:n 1314.0829776
          b:e:w 1314.0643417
          b:c:n 1315.1769922
          b:c:w 1315.1956042
          b:n:w 2515.6782287
          e:c:n 5361.9790202
          e:c:w 5362.2866519
          e:n:w 8147.5917200
          c:n:w 6863.6961728
        b:e:c:n 2249.3298522
        b:e:c:w 2249.4251537
        b:e:n:w 3072.3884151
        b:c:n:w 2630.9866869
        e:c:n:w 61118.3840405
