########################################
# legofit: estimate population history #
#       version 2.3.4-4-g53f8760       #
########################################

# Program was compiled: Sep 21 2021 14:36:42
# Program was run: Sat Oct  9 11:55:27 2021

# cmd: legofit -1 -d 0 -t 32 --ptsPerDim 3 --stateOut b1boot42.state --tol 3e-6 -S 5000 def2.lgo ../../boot/boot42.opf
# Stage nOptItr nSimReps
#     0    5000        0
# algorithm          : deterministic
# ignoring probs <=  : 0
# Branch length floor: 0
# DE strategy        : 2
#    F               : 0.3
#    CR              : 0.8
#    tolerance       : 3e-06
# nthreads           : 32
# lgo input file     : def2.lgo
# site pat input file: ../../boot/boot42.opf
# free parameters    : 14
# points in DE swarm : 42
# output state file  : b1boot42.state
# Including singleton site patterns.
# cost function      : KL
Initial parameter values
Fixed:
      zero = 0
       one = 1
    Tbecnw = 75200
Free:
       pc1 = 0
       pc2 = 0
       pc3 = 0
       pc4 = 0
       pc5 = 0
       pc6 = 0
       pc7 = 0
       pc8 = 0
       pc9 = 0
      pc10 = 0
      pc11 = 0
      pc12 = 0
      pc13 = 0
      pc14 = 0
Constrained:
     Tecnw = 55628.5
       Tnw = 3196.82
       Tec = 9513.12
     twoNb = 1.32923e+06
     twoNe = 205212
     twoNc = 206654
     twoNw = 976614
    twoNec = 95284
    twoNnw = 156840
  twoNecnw = 18422.8
  twoNbecnw = 83925.8
        m4 = 0.0101683
        m5 = 0.436362
        m6 = 0.332074
        Td = 4756.56
        Te = 2378.28
        Tf = 1189.14
DiffEv reached_goal. cost=2.31524e-03 spread=2.55190e-06
Fitted parameter values
Free:
       pc1 = 0.00700901
       pc2 = 3.96621
       pc3 = 3.92825
       pc4 = 1.54164
       pc5 = 0.337447
       pc6 = -1.91396
       pc7 = -0.775277
       pc8 = 0.107439
       pc9 = -0.299961
      pc10 = -0.0431359
      pc11 = -0.0526119
      pc12 = -0.108439
      pc13 = 0.144829
      pc14 = 0.0146633
Constrained:
     Tecnw = 59935.7
       Tnw = 17.699
       Tec = 63.0757
     twoNb = 2.65692e+06
     twoNe = 174780
     twoNc = 381398
     twoNw = 878894
    twoNec = 119356
    twoNnw = 177843
  twoNecnw = 14177.6
  twoNbecnw = 87233.2
        m4 = 0.0167162
        m5 = 0.443702
        m6 = 0.354158
        Td = 31.5379
        Te = 15.7689
        Tf = 7.88447
#       SitePat  BranchLen
              b 147148.2399376
              e 57309.9339316
              c 60047.7495797
              n 54284.2805542
              w 54283.9843229
            b:e 2609.1300723
            b:c 3097.6608923
            b:n 2232.2822965
            b:w 2232.2648632
            e:c 12330.2558182
            e:n 6413.3542827
            e:w 6413.3669736
            c:n 5681.4835013
            c:w 5681.7098779
            n:w 14595.5923938
          b:e:c 2504.3120273
          b:e:n 1303.5957239
          b:e:w 1303.5851812
          b:c:n 1304.6503513
          b:c:w 1304.6608919
          b:n:w 2502.7720813
          e:c:n 5328.1315861
          e:c:w 5328.1887498
          e:n:w 8132.3197392
          c:n:w 6820.3890239
        b:e:c:n 2233.3300312
        b:e:c:w 2233.3474666
        b:e:n:w 3063.6882321
        b:c:n:w 2610.6700183
        e:c:n:w 61177.6502513
