########################################
# legofit: estimate population history #
#       version 2.3.4-4-g53f8760       #
########################################

# Program was compiled: Sep 21 2021 14:36:42
# Program was run: Sat Oct  9 11:55:27 2021

# cmd: legofit -1 -d 0 -t 32 --ptsPerDim 3 --stateOut b1boot43.state --tol 3e-6 -S 5000 def2.lgo ../../boot/boot43.opf
# Stage nOptItr nSimReps
#     0    5000        0
# algorithm          : deterministic
# ignoring probs <=  : 0
# Branch length floor: 0
# DE strategy        : 2
#    F               : 0.3
#    CR              : 0.8
#    tolerance       : 3e-06
# nthreads           : 32
# lgo input file     : def2.lgo
# site pat input file: ../../boot/boot43.opf
# free parameters    : 14
# points in DE swarm : 42
# output state file  : b1boot43.state
# Including singleton site patterns.
# cost function      : KL
Initial parameter values
Fixed:
      zero = 0
       one = 1
    Tbecnw = 75200
Free:
       pc1 = 0
       pc2 = 0
       pc3 = 0
       pc4 = 0
       pc5 = 0
       pc6 = 0
       pc7 = 0
       pc8 = 0
       pc9 = 0
      pc10 = 0
      pc11 = 0
      pc12 = 0
      pc13 = 0
      pc14 = 0
Constrained:
     Tecnw = 55628.5
       Tnw = 3196.82
       Tec = 9513.12
     twoNb = 1.32923e+06
     twoNe = 205212
     twoNc = 206654
     twoNw = 976614
    twoNec = 95284
    twoNnw = 156840
  twoNecnw = 18422.8
  twoNbecnw = 83925.8
        m4 = 0.0101683
        m5 = 0.436362
        m6 = 0.332074
        Td = 4756.56
        Te = 2378.28
        Tf = 1189.14
DiffEv reached_goal. cost=2.32781e-03 spread=2.98097e-06
Fitted parameter values
Free:
       pc1 = -0.308051
       pc2 = 3.85229
       pc3 = 3.99558
       pc4 = 1.26554
       pc5 = 0.0459493
       pc6 = -1.90876
       pc7 = -0.772636
       pc8 = 0.247583
       pc9 = -0.622384
      pc10 = 0.19942
      pc11 = -0.0565032
      pc12 = -0.0369065
      pc13 = 0.172887
      pc14 = 0.0390293
Constrained:
     Tecnw = 59426.6
       Tnw = 74.7869
       Tec = 235.94
     twoNb = 2.61377e+06
     twoNe = 152187
     twoNc = 373434
     twoNw = 1.02807e+06
    twoNec = 120238
    twoNnw = 180066
  twoNecnw = 14687.7
  twoNbecnw = 87485.8
        m4 = 0.0168764
        m5 = 0.442313
        m6 = 0.348129
        Td = 117.97
        Te = 58.9849
        Tf = 29.4925
#       SitePat  BranchLen
              b 147251.8160294
              e 57291.7148076
              c 60118.9349717
              n 54419.8002932
              w 54418.4662103
            b:e 2621.4161595
            b:c 3124.8964562
            b:n 2262.1789157
            b:w 2262.0996117
            e:c 12336.7520861
            e:n 6430.0361514
            e:w 6430.2679266
            c:n 5672.4274481
            c:w 5673.2730187
            n:w 14542.9690263
          b:e:c 2521.7724437
          b:e:n 1319.6989373
          b:e:w 1319.6683354
          b:c:n 1320.7845031
          b:c:w 1320.8150898
          b:n:w 2520.1702334
          e:c:n 5400.5026584
          e:c:w 5400.7593955
          e:n:w 8175.9184385
          c:n:w 6824.2974482
        b:e:c:n 2263.2157642
        b:e:c:w 2263.2950834
        b:e:n:w 3089.7265493
        b:c:n:w 2623.0183698
        e:c:n:w 61219.8277450
