########################################
# legofit: estimate population history #
#       version 2.3.4-4-g53f8760       #
########################################

# Program was compiled: Sep 21 2021 14:36:42
# Program was run: Sat Oct  9 11:55:03 2021

# cmd: legofit -1 -d 0 -t 32 --ptsPerDim 3 --stateOut b1boot23.state --tol 3e-6 -S 5000 def2.lgo ../../boot/boot23.opf
# Stage nOptItr nSimReps
#     0    5000        0
# algorithm          : deterministic
# ignoring probs <=  : 0
# Branch length floor: 0
# DE strategy        : 2
#    F               : 0.3
#    CR              : 0.8
#    tolerance       : 3e-06
# nthreads           : 32
# lgo input file     : def2.lgo
# site pat input file: ../../boot/boot23.opf
# free parameters    : 14
# points in DE swarm : 42
# output state file  : b1boot23.state
# Including singleton site patterns.
# cost function      : KL
Initial parameter values
Fixed:
      zero = 0
       one = 1
    Tbecnw = 75200
Free:
       pc1 = 0
       pc2 = 0
       pc3 = 0
       pc4 = 0
       pc5 = 0
       pc6 = 0
       pc7 = 0
       pc8 = 0
       pc9 = 0
      pc10 = 0
      pc11 = 0
      pc12 = 0
      pc13 = 0
      pc14 = 0
Constrained:
     Tecnw = 55628.5
       Tnw = 3196.82
       Tec = 9513.12
     twoNb = 1.32923e+06
     twoNe = 205212
     twoNc = 206654
     twoNw = 976614
    twoNec = 95284
    twoNnw = 156840
  twoNecnw = 18422.8
  twoNbecnw = 83925.8
        m4 = 0.0101683
        m5 = 0.436362
        m6 = 0.332074
        Td = 4756.56
        Te = 2378.28
        Tf = 1189.14
DiffEv reached_goal. cost=2.30034e-03 spread=2.85166e-06
Fitted parameter values
Free:
       pc1 = -0.103788
       pc2 = 3.84755
       pc3 = 3.94799
       pc4 = 0.859835
       pc5 = 1.57709
       pc6 = -1.99107
       pc7 = -1.0385
       pc8 = -0.389472
       pc9 = -0.272095
      pc10 = 0.0814097
      pc11 = -0.0647262
      pc12 = -0.145063
      pc13 = 0.0644073
      pc14 = 0.0394348
Constrained:
     Tecnw = 59646
       Tnw = 21.4303
       Tec = 60.2217
     twoNb = 2.84944e+06
     twoNe = 228568
     twoNc = 134364
     twoNw = 613192
    twoNec = 120172
    twoNnw = 177749
  twoNecnw = 14569.4
  twoNbecnw = 87356.2
        m4 = 0.0172631
        m5 = 0.442965
        m6 = 0.353504
        Td = 30.1109
        Te = 15.0554
        Tf = 7.52772
#       SitePat  BranchLen
              b 147092.4232786
              e 57338.2913367
              c 60091.8081974
              n 54276.4023650
              w 54275.6420570
            b:e 2640.6888805
            b:c 3136.0226550
            b:n 2257.9552985
            b:w 2257.9101308
            e:c 12350.1731270
            e:n 6451.0846990
            e:w 6451.2694293
            c:n 5719.5073340
            c:w 5719.9369405
            n:w 14641.2102125
          b:e:c 2528.1228574
          b:e:n 1320.4944220
          b:e:w 1320.4822128
          b:c:n 1321.5223058
          b:c:w 1321.5345055
          b:n:w 2526.6209496
          e:c:n 5382.3953390
          e:c:w 5382.5413102
          e:n:w 8212.1146071
          c:n:w 6885.1552916
        b:e:c:n 2258.9502143
        b:e:c:w 2258.9953916
        b:e:n:w 3103.2524308
        b:c:n:w 2642.1907883
        e:c:n:w 60988.3100639
