########################################
# legofit: estimate population history #
#       version 2.3.4-4-g53f8760       #
########################################

# Program was compiled: Sep 21 2021 14:36:42
# Program was run: Sat Oct  9 11:55:08 2021

# cmd: legofit -1 -d 0 -t 32 --ptsPerDim 3 --stateOut b1boot26.state --tol 3e-6 -S 5000 def2.lgo ../../boot/boot26.opf
# Stage nOptItr nSimReps
#     0    5000        0
# algorithm          : deterministic
# ignoring probs <=  : 0
# Branch length floor: 0
# DE strategy        : 2
#    F               : 0.3
#    CR              : 0.8
#    tolerance       : 3e-06
# nthreads           : 32
# lgo input file     : def2.lgo
# site pat input file: ../../boot/boot26.opf
# free parameters    : 14
# points in DE swarm : 42
# output state file  : b1boot26.state
# Including singleton site patterns.
# cost function      : KL
Initial parameter values
Fixed:
      zero = 0
       one = 1
    Tbecnw = 75200
Free:
       pc1 = 0
       pc2 = 0
       pc3 = 0
       pc4 = 0
       pc5 = 0
       pc6 = 0
       pc7 = 0
       pc8 = 0
       pc9 = 0
      pc10 = 0
      pc11 = 0
      pc12 = 0
      pc13 = 0
      pc14 = 0
Constrained:
     Tecnw = 55628.5
       Tnw = 3196.82
       Tec = 9513.12
     twoNb = 1.32923e+06
     twoNe = 205212
     twoNc = 206654
     twoNw = 976614
    twoNec = 95284
    twoNnw = 156840
  twoNecnw = 18422.8
  twoNbecnw = 83925.8
        m4 = 0.0101683
        m5 = 0.436362
        m6 = 0.332074
        Td = 4756.56
        Te = 2378.28
        Tf = 1189.14
DiffEv reached_goal. cost=2.32218e-03 spread=2.59826e-06
Fitted parameter values
Free:
       pc1 = -0.0838971
       pc2 = 3.98721
       pc3 = 3.9555
       pc4 = 1.32989
       pc5 = 0.0577421
       pc6 = -1.35756
       pc7 = -0.316143
       pc8 = 0.344038
       pc9 = -0.29607
      pc10 = 0.20623
      pc11 = -0.00921374
      pc12 = -0.114551
      pc13 = 0.106836
      pc14 = 0.027713
Constrained:
     Tecnw = 59642.8
       Tnw = 56.1059
       Tec = 156.701
     twoNb = 2.39297e+06
     twoNe = 315919
     twoNc = 399019
     twoNw = 1.03004e+06
    twoNec = 119552
    twoNnw = 178902
  twoNecnw = 14541.8
  twoNbecnw = 87355.1
        m4 = 0.0153304
        m5 = 0.446638
        m6 = 0.353775
        Td = 78.3506
        Te = 39.1753
        Tf = 19.5876
#       SitePat  BranchLen
              b 147140.4203844
              e 57290.4127579
              c 60051.0224325
              n 54335.7558835
              w 54334.5572248
            b:e 2628.5405569
            b:c 3109.1119700
            b:n 2258.2773715
            b:w 2258.2061991
            e:c 12317.5044544
            e:n 6462.1048256
            e:w 6462.4021536
            c:n 5714.2812662
            c:w 5714.9524272
            n:w 14556.3937015
          b:e:c 2517.2512081
          b:e:n 1320.5577117
          b:e:w 1320.5390849
          b:c:n 1321.6351569
          b:c:w 1321.6537677
          b:n:w 2515.6757064
          e:c:n 5389.5779930
          e:c:w 5389.8081626
          e:n:w 8157.3390984
          c:n:w 6853.6966773
        b:e:c:n 2259.3022550
        b:e:c:w 2259.3734435
        b:e:n:w 3074.5735674
        b:c:n:w 2630.1160587
        e:c:n:w 61085.9471693
