########################################
# legofit: estimate population history #
#       version 2.3.4-4-g53f8760       #
########################################

# Program was compiled: Sep 21 2021 14:36:42
# Program was run: Sat Oct  9 11:55:13 2021

# cmd: legofit -1 -d 0 -t 32 --ptsPerDim 3 --stateOut b1boot31.state --tol 3e-6 -S 5000 def2.lgo ../../boot/boot31.opf
# Stage nOptItr nSimReps
#     0    5000        0
# algorithm          : deterministic
# ignoring probs <=  : 0
# Branch length floor: 0
# DE strategy        : 2
#    F               : 0.3
#    CR              : 0.8
#    tolerance       : 3e-06
# nthreads           : 32
# lgo input file     : def2.lgo
# site pat input file: ../../boot/boot31.opf
# free parameters    : 14
# points in DE swarm : 42
# output state file  : b1boot31.state
# Including singleton site patterns.
# cost function      : KL
Initial parameter values
Fixed:
      zero = 0
       one = 1
    Tbecnw = 75200
Free:
       pc1 = 0
       pc2 = 0
       pc3 = 0
       pc4 = 0
       pc5 = 0
       pc6 = 0
       pc7 = 0
       pc8 = 0
       pc9 = 0
      pc10 = 0
      pc11 = 0
      pc12 = 0
      pc13 = 0
      pc14 = 0
Constrained:
     Tecnw = 55628.5
       Tnw = 3196.82
       Tec = 9513.12
     twoNb = 1.32923e+06
     twoNe = 205212
     twoNc = 206654
     twoNw = 976614
    twoNec = 95284
    twoNnw = 156840
  twoNecnw = 18422.8
  twoNbecnw = 83925.8
        m4 = 0.0101683
        m5 = 0.436362
        m6 = 0.332074
        Td = 4756.56
        Te = 2378.28
        Tf = 1189.14
DiffEv reached_goal. cost=2.30482e-03 spread=2.71022e-06
Fitted parameter values
Free:
       pc1 = 0.0844717
       pc2 = 3.96806
       pc3 = 3.86102
       pc4 = 1.72002
       pc5 = 0.703655
       pc6 = -1.1237
       pc7 = -0.0378381
       pc8 = -0.0546291
       pc9 = -0.348602
      pc10 = 0.224345
      pc11 = -0.0329754
      pc12 = -0.14111
      pc13 = 0.0173273
      pc14 = 0.014632
Constrained:
     Tecnw = 59641.5
       Tnw = 134.318
       Tec = 509.99
     twoNb = 2.33431e+06
     twoNe = 445057
     twoNc = 403854
     twoNw = 738381
    twoNec = 118896
    twoNnw = 177538
  twoNecnw = 14573.8
  twoNbecnw = 87564.5
        m4 = 0.0156027
        m5 = 0.447435
        m6 = 0.355173
        Td = 254.995
        Te = 127.497
        Tf = 63.7487
#       SitePat  BranchLen
              b 147289.6259050
              e 57328.8634437
              c 60092.4788082
              n 54276.4364752
              w 54274.1522518
            b:e 2642.8929292
            b:c 3128.5724553
            b:n 2262.7151842
            b:w 2262.5785311
            e:c 12289.2016002
            e:n 6481.6414057
            e:w 6481.4887617
            c:n 5735.1108582
            c:w 5737.0984767
            n:w 14594.1026140
          b:e:c 2525.4468566
          b:e:n 1325.2645450
          b:e:w 1325.1575513
          b:c:n 1326.2984530
          b:c:w 1326.4054373
          b:n:w 2523.8039072
          e:c:n 5397.6035014
          e:c:w 5398.0527503
          e:n:w 8204.4625626
          c:n:w 6891.9566085
        b:e:c:n 2263.7194234
        b:e:c:w 2263.8560859
        b:e:n:w 3092.6857766
        b:c:n:w 2644.5358786
        e:c:n:w 61183.2217260
