########################################
# legofit: estimate population history #
#       version 2.3.4-4-g53f8760       #
########################################

# Program was compiled: Sep 21 2021 14:36:42
# Program was run: Fri Sep 24 10:10:42 2021

# cmd: legofit -1 -d 0 -t 32 --ptsPerDim 3 --stateOut b1.state --tol 3e-6 -S 5000 acd2.lgo ../../chrX/pan_chrX.opf
# Stage nOptItr nSimReps
#     0    5000        0
# algorithm          : deterministic
# ignoring probs <=  : 0
# Branch length floor: 0
# DE strategy        : 2
#    F               : 0.3
#    CR              : 0.8
#    tolerance       : 3e-06
# nthreads           : 32
# lgo input file     : acd2.lgo
# site pat input file: ../../chrX/pan_chrX.opf
# free parameters    : 16
# points in DE swarm : 48
# output state file  : b1.state
# Including singleton site patterns.
# cost function      : KL
Initial parameter values
Fixed:
      zero = 0
       one = 1
    Tbecnw = 75200
Free:
       pc1 = 0
       pc2 = 0
       pc3 = 0
       pc4 = 0
       pc5 = 0
       pc6 = 0
       pc7 = 0
       pc8 = 0
       pc9 = 0
      pc10 = 0
      pc11 = 0
      pc12 = 0
      pc13 = 0
      pc14 = 0
      pc15 = 0
      pc16 = 0
Constrained:
   Tgbecnw = 131171
     Tecnw = 27548
       Tnw = 24087.8
       Tec = 12156.7
     twoNb = 1.35329e+06
     twoNe = 5257.56
     twoNc = 751218
     twoNn = 294547
    twoNec = 89397.9
    twoNnw = 10488.9
  twoNecnw = 66602.6
  twoNbecnw = 20176
  twoNgbecnw = 161981
         m = 0.176992
        m3 = 0.207308
        m4 = 0.0213933
        Ta = 37600
        Tc = 12043.9
        Td = 6021.95
DiffEv reached_goal. cost=2.10305e-03 spread=2.84303e-06
Fitted parameter values
Free:
       pc1 = -3.55571
       pc2 = -2.65918
       pc3 = 1.97056
       pc4 = 1.91658
       pc5 = 0.464664
       pc6 = 1.8659
       pc7 = 1.44836
       pc8 = 1.26884
       pc9 = -1.91888
      pc10 = 0.144225
      pc11 = -0.0742546
      pc12 = -0.10035
      pc13 = -0.0276342
      pc14 = -0.174948
      pc15 = 0.0199944
      pc16 = 0.0365938
Constrained:
   Tgbecnw = 111991
     Tecnw = 25853.6
       Tnw = 25363.4
       Tec = 12728.6
     twoNb = 2.78113e+06
     twoNe = 1617.42
     twoNc = 1.50378e+06
     twoNn = 430615
    twoNec = 75884.2
    twoNnw = 1438.47
  twoNecnw = 66247.1
  twoNbecnw = 13865.9
  twoNgbecnw = 183134
         m = 0.154596
        m3 = 0.204709
        m4 = 0.0210917
        Ta = 37600
        Tc = 12681.7
        Td = 6340.85
#       SitePat  BranchLen
              b 123283.4564586
              e 46499.5205168
              c 47874.9466421
              n 43903.0458769
              w 46391.3215334
            b:e 1266.5115858
            b:c 1524.3670854
            b:n 1030.6425798
            b:w 1185.6449650
            e:c 11832.4222035
            e:n 5009.4225305
            e:w 4088.0048363
            c:n 4613.8503471
            c:w 4005.9362295
            n:w 12771.6881795
          b:e:c 1411.8762470
          b:e:n 612.8470272
          b:e:w 602.9431624
          b:c:n 600.7398664
          b:c:w 616.4015227
          b:n:w 1402.5167264
          e:c:n 4989.4575171
          e:c:w 4030.5136723
          e:n:w 5693.4843801
          c:n:w 5161.8768255
        b:e:c:n 1267.5867438
        b:e:c:w 1106.8265672
        b:e:n:w 1979.6433679
        b:c:n:w 1354.2583897
        e:c:n:w 48855.2024360
