########################################
# legofit: estimate population history #
#       version 2.3.4-4-g53f8760       #
########################################

# Program was compiled: Sep 21 2021 14:36:42
# Program was run: Fri Sep 24 10:11:42 2021

# cmd: legofit -1 -d 0 -t 32 --ptsPerDim 3 --stateOut b1boot15.state --tol 3e-6 -S 5000 acd2.lgo ../../chrX/boot_chrX/boot15.opf
# Stage nOptItr nSimReps
#     0    5000        0
# algorithm          : deterministic
# ignoring probs <=  : 0
# Branch length floor: 0
# DE strategy        : 2
#    F               : 0.3
#    CR              : 0.8
#    tolerance       : 3e-06
# nthreads           : 32
# lgo input file     : acd2.lgo
# site pat input file: ../../chrX/boot_chrX/boot15.opf
# free parameters    : 16
# points in DE swarm : 48
# output state file  : b1boot15.state
# Including singleton site patterns.
# cost function      : KL
Initial parameter values
Fixed:
      zero = 0
       one = 1
    Tbecnw = 75200
Free:
       pc1 = 0
       pc2 = 0
       pc3 = 0
       pc4 = 0
       pc5 = 0
       pc6 = 0
       pc7 = 0
       pc8 = 0
       pc9 = 0
      pc10 = 0
      pc11 = 0
      pc12 = 0
      pc13 = 0
      pc14 = 0
      pc15 = 0
      pc16 = 0
Constrained:
   Tgbecnw = 131171
     Tecnw = 27548
       Tnw = 24087.8
       Tec = 12156.7
     twoNb = 1.35329e+06
     twoNe = 5257.56
     twoNc = 751218
     twoNn = 294547
    twoNec = 89397.9
    twoNnw = 10488.9
  twoNecnw = 66602.6
  twoNbecnw = 20176
  twoNgbecnw = 161981
         m = 0.176992
        m3 = 0.207308
        m4 = 0.0213933
        Ta = 37600
        Tc = 12043.9
        Td = 6021.95
DiffEv reached_goal. cost=2.07818e-03 spread=2.96964e-06
Fitted parameter values
Free:
       pc1 = -2.34353
       pc2 = -2.75559
       pc3 = 1.95458
       pc4 = 1.27939
       pc5 = 0.355686
       pc6 = 1.45619
       pc7 = 0.979953
       pc8 = 0.566485
       pc9 = -1.95905
      pc10 = 0.137084
      pc11 = 0.566636
      pc12 = -0.126991
      pc13 = 0.0235323
      pc14 = 0.0455522
      pc15 = -0.0393078
      pc16 = -0.00268674
Constrained:
   Tgbecnw = 114711
     Tecnw = 25810.6
       Tnw = 24830.7
       Tec = 12464.3
     twoNb = 2.21866e+06
     twoNe = 1607.12
     twoNc = 1.07088e+06
     twoNn = 512267
    twoNec = 81545
    twoNnw = 2900.91
  twoNecnw = 65240.2
  twoNbecnw = 15285
  twoNgbecnw = 183406
         m = 0.143976
        m3 = 0.203397
        m4 = 0.0214013
        Ta = 37600
        Tc = 12415.3
        Td = 6207.67
#       SitePat  BranchLen
              b 122934.1340336
              e 46727.5774790
              c 48122.4317897
              n 43886.0735967
              w 46281.8465024
            b:e 1373.4814804
            b:c 1638.4458367
            b:n 1108.8691606
            b:w 1267.4309647
            e:c 11760.0517338
            e:n 5108.7703286
            e:w 4206.9054608
            c:n 4696.2350989
            c:w 4124.3703634
            n:w 12899.2983766
          b:e:c 1505.6021613
          b:e:n 665.0352899
          b:e:w 653.6386971
          b:c:n 651.8663037
          b:c:w 669.0610770
          b:n:w 1494.6233902
          e:c:n 5071.5931267
          e:c:w 4149.5498243
          e:n:w 5914.2591638
          c:n:w 5362.4774257
        b:e:c:n 1353.0677457
        b:e:c:w 1188.7077610
        b:e:n:w 2081.2916783
        b:c:n:w 1466.0712455
        e:c:n:w 48291.7953323
