########################################
# legofit: estimate population history #
#       version 2.3.4-4-g53f8760       #
########################################

# Program was compiled: Sep 21 2021 14:36:42
# Program was run: Fri Sep 24 10:11:16 2021

# cmd: legofit -1 -d 0 -t 32 --ptsPerDim 3 --stateOut b1boot3.state --tol 3e-6 -S 5000 acd2.lgo ../../chrX/boot_chrX/boot3.opf
# Stage nOptItr nSimReps
#     0    5000        0
# algorithm          : deterministic
# ignoring probs <=  : 0
# Branch length floor: 0
# DE strategy        : 2
#    F               : 0.3
#    CR              : 0.8
#    tolerance       : 3e-06
# nthreads           : 32
# lgo input file     : acd2.lgo
# site pat input file: ../../chrX/boot_chrX/boot3.opf
# free parameters    : 16
# points in DE swarm : 48
# output state file  : b1boot3.state
# Including singleton site patterns.
# cost function      : KL
Initial parameter values
Fixed:
      zero = 0
       one = 1
    Tbecnw = 75200
Free:
       pc1 = 0
       pc2 = 0
       pc3 = 0
       pc4 = 0
       pc5 = 0
       pc6 = 0
       pc7 = 0
       pc8 = 0
       pc9 = 0
      pc10 = 0
      pc11 = 0
      pc12 = 0
      pc13 = 0
      pc14 = 0
      pc15 = 0
      pc16 = 0
Constrained:
   Tgbecnw = 131171
     Tecnw = 27548
       Tnw = 24087.8
       Tec = 12156.7
     twoNb = 1.35329e+06
     twoNe = 5257.56
     twoNc = 751218
     twoNn = 294547
    twoNec = 89397.9
    twoNnw = 10488.9
  twoNecnw = 66602.6
  twoNbecnw = 20176
  twoNgbecnw = 161981
         m = 0.176992
        m3 = 0.207308
        m4 = 0.0213933
        Ta = 37600
        Tc = 12043.9
        Td = 6021.95
DiffEv reached_goal. cost=2.09053e-03 spread=1.92613e-06
Fitted parameter values
Free:
       pc1 = -2.61601
       pc2 = -3.35206
       pc3 = 1.92547
       pc4 = 1.92255
       pc5 = -1.45166
       pc6 = 1.49723
       pc7 = 1.96303
       pc8 = -0.453384
       pc9 = -1.98438
      pc10 = -0.211265
      pc11 = -0.368479
      pc12 = -0.0913475
      pc13 = 0.00463126
      pc14 = -0.133085
      pc15 = -0.0335168
      pc16 = 0.0315501
Constrained:
   Tgbecnw = 111719
     Tecnw = 25992.1
       Tnw = 24869.5
       Tec = 12469.5
     twoNb = 2.42821e+06
     twoNe = 2039.45
     twoNc = 214067
     twoNn = 511721
    twoNec = 76697.1
    twoNnw = 3217.99
  twoNecnw = 65148.2
  twoNbecnw = 13440.9
  twoNgbecnw = 194167
         m = 0.141134
        m3 = 0.227993
        m4 = 0.0226903
        Ta = 37600
        Tc = 12434.7
        Td = 6217.37
#       SitePat  BranchLen
              b 121945.7939835
              e 46200.1084879
              c 47576.7698912
              n 43600.9772435
              w 46305.2809680
            b:e 1243.9897549
            b:c 1505.4057061
            b:n 1012.8014260
            b:w 1180.7908841
            e:c 11738.8978484
            e:n 4996.1140921
            e:w 4053.9918108
            c:n 4661.7514209
            c:w 3943.9789158
            n:w 12620.0477119
          b:e:c 1387.1630762
          b:e:n 603.8956042
          b:e:w 597.8911651
          b:c:n 595.8343510
          b:c:w 608.1217192
          b:n:w 1377.5771572
          e:c:n 5023.1391113
          e:c:w 3978.7301732
          e:n:w 5626.1189707
          c:n:w 5088.9519441
        b:e:c:n 1262.3807069
        b:e:c:w 1088.1083197
        b:e:n:w 1989.6438902
        b:c:n:w 1330.9393817
        e:c:n:w 47940.1645604
