########################################
# legofit: estimate population history #
#       version 2.3.4-4-g53f8760       #
########################################

# Program was compiled: Sep 21 2021 14:36:42
# Program was run: Fri Sep 24 10:12:20 2021

# cmd: legofit -1 -d 0 -t 32 --ptsPerDim 3 --stateOut b1boot33.state --tol 3e-6 -S 5000 acd2.lgo ../../chrX/boot_chrX/boot33.opf
# Stage nOptItr nSimReps
#     0    5000        0
# algorithm          : deterministic
# ignoring probs <=  : 0
# Branch length floor: 0
# DE strategy        : 2
#    F               : 0.3
#    CR              : 0.8
#    tolerance       : 3e-06
# nthreads           : 32
# lgo input file     : acd2.lgo
# site pat input file: ../../chrX/boot_chrX/boot33.opf
# free parameters    : 16
# points in DE swarm : 48
# output state file  : b1boot33.state
# Including singleton site patterns.
# cost function      : KL
Initial parameter values
Fixed:
      zero = 0
       one = 1
    Tbecnw = 75200
Free:
       pc1 = 0
       pc2 = 0
       pc3 = 0
       pc4 = 0
       pc5 = 0
       pc6 = 0
       pc7 = 0
       pc8 = 0
       pc9 = 0
      pc10 = 0
      pc11 = 0
      pc12 = 0
      pc13 = 0
      pc14 = 0
      pc15 = 0
      pc16 = 0
Constrained:
   Tgbecnw = 131171
     Tecnw = 27548
       Tnw = 24087.8
       Tec = 12156.7
     twoNb = 1.35329e+06
     twoNe = 5257.56
     twoNc = 751218
     twoNn = 294547
    twoNec = 89397.9
    twoNnw = 10488.9
  twoNecnw = 66602.6
  twoNbecnw = 20176
  twoNgbecnw = 161981
         m = 0.176992
        m3 = 0.207308
        m4 = 0.0213933
        Ta = 37600
        Tc = 12043.9
        Td = 6021.95
DiffEv reached_goal. cost=2.15164e-03 spread=2.34028e-06
Fitted parameter values
Free:
       pc1 = -2.94178
       pc2 = -2.30488
       pc3 = 1.98845
       pc4 = 1.89308
       pc5 = 0.0341264
       pc6 = 1.96253
       pc7 = 1.2756
       pc8 = 1.99026
       pc9 = -1.95263
      pc10 = -0.12355
      pc11 = -0.201333
      pc12 = 0.0800539
      pc13 = -0.0516205
      pc14 = -0.14432
      pc15 = 0.0568272
      pc16 = 0.0318319
Constrained:
   Tgbecnw = 112031
     Tecnw = 26176.6
       Tnw = 24909.7
       Tec = 12498.4
     twoNb = 2.9338e+06
     twoNe = 2515.39
     twoNc = 1.60489e+06
     twoNn = 483494
    twoNec = 78539.8
    twoNnw = 3527.23
  twoNecnw = 65623.4
  twoNbecnw = 13920.1
  twoNgbecnw = 187941
         m = 0.157907
        m3 = 0.207408
        m4 = 0.0202969
        Ta = 37600
        Tc = 12454.8
        Td = 6227.42
#       SitePat  BranchLen
              b 124976.3168257
              e 46712.3726882
              c 47978.9976804
              n 43787.5309038
              w 46248.5372363
            b:e 1297.5590907
            b:c 1550.4136955
            b:n 1036.9191585
            b:w 1193.2721580
            e:c 11953.5851577
            e:n 4893.4375186
            e:w 4035.9427511
            c:n 4592.8003436
            c:w 3939.9894654
            n:w 13088.4852552
          b:e:c 1455.0290564
          b:e:n 613.3967221
          b:e:w 607.8112681
          b:c:n 605.4214904
          b:c:w 616.8500593
          b:n:w 1444.5982122
          e:c:n 4952.0183172
          e:c:w 4001.3176305
          e:n:w 5737.8780642
          c:n:w 5234.4017248
        b:e:c:n 1276.1680832
        b:e:c:w 1113.9719688
        b:e:n:w 2007.9093801
        b:c:n:w 1387.4325229
        e:c:n:w 50524.6724957
