########################################
# legofit: estimate population history #
#       version 2.3.4-4-g53f8760       #
########################################

# Program was compiled: Sep 21 2021 14:36:42
# Program was run: Fri Sep 24 10:10:57 2021

# cmd: legofit -1 -d 0 -t 32 --ptsPerDim 3 --stateOut b1boot1.state --tol 3e-6 -S 5000 acd2.lgo ../../chrX/boot_chrX/boot1.opf
# Stage nOptItr nSimReps
#     0    5000        0
# algorithm          : deterministic
# ignoring probs <=  : 0
# Branch length floor: 0
# DE strategy        : 2
#    F               : 0.3
#    CR              : 0.8
#    tolerance       : 3e-06
# nthreads           : 32
# lgo input file     : acd2.lgo
# site pat input file: ../../chrX/boot_chrX/boot1.opf
# free parameters    : 16
# points in DE swarm : 48
# output state file  : b1boot1.state
# Including singleton site patterns.
# cost function      : KL
Initial parameter values
Fixed:
      zero = 0
       one = 1
    Tbecnw = 75200
Free:
       pc1 = 0
       pc2 = 0
       pc3 = 0
       pc4 = 0
       pc5 = 0
       pc6 = 0
       pc7 = 0
       pc8 = 0
       pc9 = 0
      pc10 = 0
      pc11 = 0
      pc12 = 0
      pc13 = 0
      pc14 = 0
      pc15 = 0
      pc16 = 0
Constrained:
   Tgbecnw = 131171
     Tecnw = 27548
       Tnw = 24087.8
       Tec = 12156.7
     twoNb = 1.35329e+06
     twoNe = 5257.56
     twoNc = 751218
     twoNn = 294547
    twoNec = 89397.9
    twoNnw = 10488.9
  twoNecnw = 66602.6
  twoNbecnw = 20176
  twoNgbecnw = 161981
         m = 0.176992
        m3 = 0.207308
        m4 = 0.0213933
        Ta = 37600
        Tc = 12043.9
        Td = 6021.95
DiffEv reached_goal. cost=2.16403e-03 spread=2.89684e-06
Fitted parameter values
Free:
       pc1 = -3.00182
       pc2 = -3.09553
       pc3 = 1.92515
       pc4 = 1.99305
       pc5 = -0.133238
       pc6 = 1.89643
       pc7 = 1.92951
       pc8 = 0.311172
       pc9 = -1.9812
      pc10 = -0.657925
      pc11 = -0.59332
      pc12 = 0.174725
      pc13 = 0.247739
      pc14 = -0.115199
      pc15 = -0.00933236
      pc16 = 0.0306584
Constrained:
   Tgbecnw = 111745
     Tecnw = 25955.5
       Tnw = 24764.1
       Tec = 12407
     twoNb = 2.74761e+06
     twoNe = 1021.64
     twoNc = 824411
     twoNn = 470082
    twoNec = 76007.1
    twoNnw = 3336.87
  twoNecnw = 67623
  twoNbecnw = 13431.3
  twoNgbecnw = 200739
         m = 0.140129
        m3 = 0.215797
        m4 = 0.0219386
        Ta = 37600
        Tc = 12382
        Td = 6191.02
#       SitePat  BranchLen
              b 122667.5355830
              e 46634.8333217
              c 48028.6000725
              n 43823.6659952
              w 46506.0728645
            b:e 1303.2021420
            b:c 1555.9315258
            b:n 1050.2798292
            b:w 1221.3212232
            e:c 12020.1567184
            e:n 5008.0389219
            e:w 4037.4885313
            c:n 4628.1106060
            c:w 3946.7249995
            n:w 13069.5017701
          b:e:c 1471.0772703
          b:e:n 625.5807534
          b:e:w 616.8993502
          b:c:n 614.5970812
          b:c:w 630.0884425
          b:n:w 1459.8340255
          e:c:n 4993.4946582
          e:c:w 3963.0237859
          e:n:w 5658.4087582
          c:n:w 5134.2239860
        b:e:c:n 1311.6700990
        b:e:c:w 1133.8187469
        b:e:n:w 2054.1119342
        b:c:n:w 1400.2865735
        e:c:n:w 48284.4300143
