########################################
# legofit: estimate population history #
#       version 2.3.4-4-g53f8760       #
########################################

# Program was compiled: Sep 21 2021 14:36:42
# Program was run: Fri Sep 24 10:11:42 2021

# cmd: legofit -1 -d 0 -t 32 --ptsPerDim 3 --stateOut b1boot14.state --tol 3e-6 -S 5000 acd2.lgo ../../chrX/boot_chrX/boot14.opf
# Stage nOptItr nSimReps
#     0    5000        0
# algorithm          : deterministic
# ignoring probs <=  : 0
# Branch length floor: 0
# DE strategy        : 2
#    F               : 0.3
#    CR              : 0.8
#    tolerance       : 3e-06
# nthreads           : 32
# lgo input file     : acd2.lgo
# site pat input file: ../../chrX/boot_chrX/boot14.opf
# free parameters    : 16
# points in DE swarm : 48
# output state file  : b1boot14.state
# Including singleton site patterns.
# cost function      : KL
Initial parameter values
Fixed:
      zero = 0
       one = 1
    Tbecnw = 75200
Free:
       pc1 = 0
       pc2 = 0
       pc3 = 0
       pc4 = 0
       pc5 = 0
       pc6 = 0
       pc7 = 0
       pc8 = 0
       pc9 = 0
      pc10 = 0
      pc11 = 0
      pc12 = 0
      pc13 = 0
      pc14 = 0
      pc15 = 0
      pc16 = 0
Constrained:
   Tgbecnw = 131171
     Tecnw = 27548
       Tnw = 24087.8
       Tec = 12156.7
     twoNb = 1.35329e+06
     twoNe = 5257.56
     twoNc = 751218
     twoNn = 294547
    twoNec = 89397.9
    twoNnw = 10488.9
  twoNecnw = 66602.6
  twoNbecnw = 20176
  twoNgbecnw = 161981
         m = 0.176992
        m3 = 0.207308
        m4 = 0.0213933
        Ta = 37600
        Tc = 12043.9
        Td = 6021.95
DiffEv reached_goal. cost=1.98017e-03 spread=2.83586e-06
Fitted parameter values
Free:
       pc1 = -2.69445
       pc2 = -3.1281
       pc3 = 1.97682
       pc4 = 1.32749
       pc5 = -0.191114
       pc6 = 1.94606
       pc7 = 1.25938
       pc8 = 1.97853
       pc9 = -1.97038
      pc10 = -0.649966
      pc11 = 0.304944
      pc12 = -0.0705599
      pc13 = -0.0653008
      pc14 = -0.11248
      pc15 = -0.0156563
      pc16 = 0.0505839
Constrained:
   Tgbecnw = 115500
     Tecnw = 25774.1
       Tnw = 24759.8
       Tec = 12400.7
     twoNb = 2.83203e+06
     twoNe = 3025.28
     twoNc = 1.30201e+06
     twoNn = 595652
    twoNec = 79288.4
    twoNnw = 2954.3
  twoNecnw = 65452.2
  twoNbecnw = 14346.2
  twoNgbecnw = 200286
         m = 0.137904
        m3 = 0.21068
        m4 = 0.0198926
        Ta = 37600
        Tc = 12379.9
        Td = 6189.95
#       SitePat  BranchLen
              b 122860.2979744
              e 46470.6564755
              c 47623.6311322
              n 43723.1562075
              w 46069.1165194
            b:e 1251.9017885
            b:c 1471.6965099
            b:n 1013.4686864
            b:w 1158.1568535
            e:c 11728.9503238
            e:n 4882.4437310
            e:w 4110.4387316
            c:n 4665.6628216
            c:w 3994.7787256
            n:w 12754.8213522
          b:e:c 1380.3014651
          b:e:n 598.1692350
          b:e:w 596.5839064
          b:c:n 594.5589309
          b:c:w 601.3144938
          b:n:w 1371.1571364
          e:c:n 4927.8766103
          e:c:w 4024.8053939
          e:n:w 5645.2598223
          c:n:w 5191.2105434
        b:e:c:n 1234.7115513
        b:e:c:w 1084.8531499
        b:e:n:w 1921.8553973
        b:c:n:w 1334.4555562
        e:c:n:w 48614.6754272
