########################################
# legofit: estimate population history #
#       version 2.3.4-4-g53f8760       #
########################################

# Program was compiled: Sep 21 2021 14:36:42
# Program was run: Fri Sep 24 10:12:30 2021

# cmd: legofit -1 -d 0 -t 32 --ptsPerDim 3 --stateOut b1boot38.state --tol 3e-6 -S 5000 acd2.lgo ../../chrX/boot_chrX/boot38.opf
# Stage nOptItr nSimReps
#     0    5000        0
# algorithm          : deterministic
# ignoring probs <=  : 0
# Branch length floor: 0
# DE strategy        : 2
#    F               : 0.3
#    CR              : 0.8
#    tolerance       : 3e-06
# nthreads           : 32
# lgo input file     : acd2.lgo
# site pat input file: ../../chrX/boot_chrX/boot38.opf
# free parameters    : 16
# points in DE swarm : 48
# output state file  : b1boot38.state
# Including singleton site patterns.
# cost function      : KL
Initial parameter values
Fixed:
      zero = 0
       one = 1
    Tbecnw = 75200
Free:
       pc1 = 0
       pc2 = 0
       pc3 = 0
       pc4 = 0
       pc5 = 0
       pc6 = 0
       pc7 = 0
       pc8 = 0
       pc9 = 0
      pc10 = 0
      pc11 = 0
      pc12 = 0
      pc13 = 0
      pc14 = 0
      pc15 = 0
      pc16 = 0
Constrained:
   Tgbecnw = 131171
     Tecnw = 27548
       Tnw = 24087.8
       Tec = 12156.7
     twoNb = 1.35329e+06
     twoNe = 5257.56
     twoNc = 751218
     twoNn = 294547
    twoNec = 89397.9
    twoNnw = 10488.9
  twoNecnw = 66602.6
  twoNbecnw = 20176
  twoNgbecnw = 161981
         m = 0.176992
        m3 = 0.207308
        m4 = 0.0213933
        Ta = 37600
        Tc = 12043.9
        Td = 6021.95
DiffEv reached_goal. cost=2.20661e-03 spread=2.71183e-06
Fitted parameter values
Free:
       pc1 = -2.52928
       pc2 = -2.93681
       pc3 = 1.95853
       pc4 = 1.95387
       pc5 = -1.65809
       pc6 = 1.99196
       pc7 = 1.38108
       pc8 = 1.15432
       pc9 = -1.96331
      pc10 = -0.301329
      pc11 = -0.038216
      pc12 = 0.208032
      pc13 = -0.0906533
      pc14 = -0.20253
      pc15 = -0.033933
      pc16 = 0.0142797
Constrained:
   Tgbecnw = 111732
     Tecnw = 26176.1
       Tnw = 24906
       Tec = 12521.4
     twoNb = 2.82876e+06
     twoNe = 2749.64
     twoNc = 715193
     twoNn = 537142
    twoNec = 80666.6
    twoNnw = 3681.4
  twoNecnw = 63904.8
  twoNbecnw = 13430.8
  twoNgbecnw = 197014
         m = 0.147346
        m3 = 0.22617
        m4 = 0.0207647
        Ta = 37600
        Tc = 12453
        Td = 6226.51
#       SitePat  BranchLen
              b 123825.6370595
              e 46258.8815945
              c 47630.1691672
              n 43587.9895777
              w 46231.2656852
            b:e 1240.3545398
            b:c 1490.9212006
            b:n 1005.7314279
            b:w 1168.6110107
            e:c 11521.2607552
            e:n 5025.2224170
            e:w 4059.5963945
            c:n 4642.1061881
            c:w 3977.3503556
            n:w 12470.4750762
          b:e:c 1365.9045719
          b:e:n 604.9420256
          b:e:w 595.8440808
          b:c:n 593.7289798
          b:c:w 608.8129227
          b:n:w 1356.6225328
          e:c:n 4994.7780862
          e:c:w 3981.8838336
          e:n:w 5644.9899990
          c:n:w 5121.0517358
        b:e:c:n 1247.7359519
        b:e:c:w 1078.8703709
        b:e:n:w 1959.2005675
        b:c:n:w 1324.8906229
        e:c:n:w 49888.3431228
