########################################
# legofit: estimate population history #
#       version 2.3.4-4-g53f8760       #
########################################

# Program was compiled: Sep 21 2021 14:36:42
# Program was run: Fri Sep 24 10:11:56 2021

# cmd: legofit -1 -d 0 -t 32 --ptsPerDim 3 --stateOut b1boot20.state --tol 3e-6 -S 5000 acd2.lgo ../../chrX/boot_chrX/boot20.opf
# Stage nOptItr nSimReps
#     0    5000        0
# algorithm          : deterministic
# ignoring probs <=  : 0
# Branch length floor: 0
# DE strategy        : 2
#    F               : 0.3
#    CR              : 0.8
#    tolerance       : 3e-06
# nthreads           : 32
# lgo input file     : acd2.lgo
# site pat input file: ../../chrX/boot_chrX/boot20.opf
# free parameters    : 16
# points in DE swarm : 48
# output state file  : b1boot20.state
# Including singleton site patterns.
# cost function      : KL
Initial parameter values
Fixed:
      zero = 0
       one = 1
    Tbecnw = 75200
Free:
       pc1 = 0
       pc2 = 0
       pc3 = 0
       pc4 = 0
       pc5 = 0
       pc6 = 0
       pc7 = 0
       pc8 = 0
       pc9 = 0
      pc10 = 0
      pc11 = 0
      pc12 = 0
      pc13 = 0
      pc14 = 0
      pc15 = 0
      pc16 = 0
Constrained:
   Tgbecnw = 131171
     Tecnw = 27548
       Tnw = 24087.8
       Tec = 12156.7
     twoNb = 1.35329e+06
     twoNe = 5257.56
     twoNc = 751218
     twoNn = 294547
    twoNec = 89397.9
    twoNnw = 10488.9
  twoNecnw = 66602.6
  twoNbecnw = 20176
  twoNgbecnw = 161981
         m = 0.176992
        m3 = 0.207308
        m4 = 0.0213933
        Ta = 37600
        Tc = 12043.9
        Td = 6021.95
DiffEv reached_goal. cost=2.13788e-03 spread=1.98191e-06
Fitted parameter values
Free:
       pc1 = -2.05607
       pc2 = -2.69268
       pc3 = 1.95011
       pc4 = 1.65079
       pc5 = -0.476374
       pc6 = 1.885
       pc7 = 1.99777
       pc8 = 0.757526
       pc9 = -1.96728
      pc10 = -0.328876
      pc11 = 0.260462
      pc12 = 0.150669
      pc13 = -0.00790484
      pc14 = -0.171395
      pc15 = -0.00251515
      pc16 = 0.00148763
Constrained:
   Tgbecnw = 114097
     Tecnw = 25933.4
       Tnw = 24354.6
       Tec = 12242.8
     twoNb = 2.81804e+06
     twoNe = 2972.19
     twoNc = 809966
     twoNn = 529106
    twoNec = 82241.9
    twoNnw = 4538.61
  twoNecnw = 65481
  twoNbecnw = 14359.3
  twoNgbecnw = 190769
         m = 0.145577
        m3 = 0.21398
        m4 = 0.0217735
        Ta = 37600
        Tc = 12177.3
        Td = 6088.64
#       SitePat  BranchLen
              b 123185.0507987
              e 46618.9440750
              c 47996.3493990
              n 43679.0848879
              w 46163.6734011
            b:e 1283.9383960
            b:c 1539.8577580
            b:n 1031.1409728
            b:w 1186.0210438
            e:c 11687.7493505
            e:n 5013.8950010
            e:w 4114.4649807
            c:n 4655.1994940
            c:w 4017.4002730
            n:w 12877.1250544
          b:e:c 1412.6330464
          b:e:n 617.6829309
          b:e:w 609.8235309
          b:c:n 607.7106351
          b:c:w 621.2218800
          b:n:w 1402.6755269
          e:c:n 4960.7624866
          e:c:w 4013.4032148
          e:n:w 5757.3860917
          c:n:w 5223.1521846
        b:e:c:n 1265.9395662
        b:e:c:w 1105.4076505
        b:e:n:w 2015.0325627
        b:c:n:w 1370.2754889
        e:c:n:w 48777.3493601
