########################################
# legofit: estimate population history #
#       version 2.3.4-4-g53f8760       #
########################################

# Program was compiled: Sep 21 2021 14:36:42
# Program was run: Fri Sep 24 10:12:42 2021

# cmd: legofit -1 -d 0 -t 32 --ptsPerDim 3 --stateOut b1boot45.state --tol 3e-6 -S 5000 acd2.lgo ../../chrX/boot_chrX/boot45.opf
# Stage nOptItr nSimReps
#     0    5000        0
# algorithm          : deterministic
# ignoring probs <=  : 0
# Branch length floor: 0
# DE strategy        : 2
#    F               : 0.3
#    CR              : 0.8
#    tolerance       : 3e-06
# nthreads           : 32
# lgo input file     : acd2.lgo
# site pat input file: ../../chrX/boot_chrX/boot45.opf
# free parameters    : 16
# points in DE swarm : 48
# output state file  : b1boot45.state
# Including singleton site patterns.
# cost function      : KL
Initial parameter values
Fixed:
      zero = 0
       one = 1
    Tbecnw = 75200
Free:
       pc1 = 0
       pc2 = 0
       pc3 = 0
       pc4 = 0
       pc5 = 0
       pc6 = 0
       pc7 = 0
       pc8 = 0
       pc9 = 0
      pc10 = 0
      pc11 = 0
      pc12 = 0
      pc13 = 0
      pc14 = 0
      pc15 = 0
      pc16 = 0
Constrained:
   Tgbecnw = 131171
     Tecnw = 27548
       Tnw = 24087.8
       Tec = 12156.7
     twoNb = 1.35329e+06
     twoNe = 5257.56
     twoNc = 751218
     twoNn = 294547
    twoNec = 89397.9
    twoNnw = 10488.9
  twoNecnw = 66602.6
  twoNbecnw = 20176
  twoNgbecnw = 161981
         m = 0.176992
        m3 = 0.207308
        m4 = 0.0213933
        Ta = 37600
        Tc = 12043.9
        Td = 6021.95
DiffEv reached_goal. cost=1.89698e-03 spread=2.47257e-06
Fitted parameter values
Free:
       pc1 = -3.48658
       pc2 = -2.95181
       pc3 = 1.98537
       pc4 = 1.61955
       pc5 = 0.98536
       pc6 = 1.70405
       pc7 = 1.89734
       pc8 = 0.785845
       pc9 = -1.88234
      pc10 = 0.124917
      pc11 = -0.210345
      pc12 = -0.0993678
      pc13 = -0.00245226
      pc14 = -0.15896
      pc15 = 0.0102444
      pc16 = 0.0182637
Constrained:
   Tgbecnw = 113482
     Tecnw = 25691.2
       Tnw = 25214.7
       Tec = 12678.6
     twoNb = 2.68248e+06
     twoNe = 1847.13
     twoNc = 1.36504e+06
     twoNn = 442373
    twoNec = 74382.6
    twoNnw = 1429.56
  twoNecnw = 67346.8
  twoNbecnw = 14005.6
  twoNgbecnw = 189903
         m = 0.14884
        m3 = 0.199584
        m4 = 0.0219122
        Ta = 37600
        Tc = 12607.4
        Td = 6303.69
#       SitePat  BranchLen
              b 123147.2107141
              e 46452.9382556
              c 47940.7614528
              n 43987.9354982
              w 46511.6868433
            b:e 1251.8522975
            b:c 1515.8098608
            b:n 1028.1515550
            b:w 1183.1031539
            e:c 11890.5322537
            e:n 5073.4489702
            e:w 4098.0939271
            c:n 4604.9030087
            c:w 4025.6446031
            n:w 12772.8210601
          b:e:c 1400.0698246
          b:e:n 611.5403112
          b:e:w 598.4657110
          b:c:n 596.3667859
          b:c:w 615.1888346
          b:n:w 1391.1532534
          e:c:n 5000.4932645
          e:c:w 4031.3553680
          e:n:w 5662.6705210
          c:n:w 5107.2602373
        b:e:c:n 1265.0016349
        b:e:c:w 1104.3025875
        b:e:n:w 1995.9440958
        b:c:n:w 1339.0188262
        e:c:n:w 48606.4709038
