########################################
# legofit: estimate population history #
#       version 2.3.4-4-g53f8760       #
########################################

# Program was compiled: Sep 21 2021 14:36:42
# Program was run: Fri Sep 24 10:12:09 2021

# cmd: legofit -1 -d 0 -t 32 --ptsPerDim 3 --stateOut b1boot27.state --tol 3e-6 -S 5000 acd2.lgo ../../chrX/boot_chrX/boot27.opf
# Stage nOptItr nSimReps
#     0    5000        0
# algorithm          : deterministic
# ignoring probs <=  : 0
# Branch length floor: 0
# DE strategy        : 2
#    F               : 0.3
#    CR              : 0.8
#    tolerance       : 3e-06
# nthreads           : 32
# lgo input file     : acd2.lgo
# site pat input file: ../../chrX/boot_chrX/boot27.opf
# free parameters    : 16
# points in DE swarm : 48
# output state file  : b1boot27.state
# Including singleton site patterns.
# cost function      : KL
Initial parameter values
Fixed:
      zero = 0
       one = 1
    Tbecnw = 75200
Free:
       pc1 = 0
       pc2 = 0
       pc3 = 0
       pc4 = 0
       pc5 = 0
       pc6 = 0
       pc7 = 0
       pc8 = 0
       pc9 = 0
      pc10 = 0
      pc11 = 0
      pc12 = 0
      pc13 = 0
      pc14 = 0
      pc15 = 0
      pc16 = 0
Constrained:
   Tgbecnw = 131171
     Tecnw = 27548
       Tnw = 24087.8
       Tec = 12156.7
     twoNb = 1.35329e+06
     twoNe = 5257.56
     twoNc = 751218
     twoNn = 294547
    twoNec = 89397.9
    twoNnw = 10488.9
  twoNecnw = 66602.6
  twoNbecnw = 20176
  twoNgbecnw = 161981
         m = 0.176992
        m3 = 0.207308
        m4 = 0.0213933
        Ta = 37600
        Tc = 12043.9
        Td = 6021.95
DiffEv reached_goal. cost=2.18370e-03 spread=2.54260e-06
Fitted parameter values
Free:
       pc1 = -2.30335
       pc2 = -3.29017
       pc3 = 1.83323
       pc4 = 0.865926
       pc5 = 1.69069
       pc6 = 1.86599
       pc7 = 1.91119
       pc8 = 1.37374
       pc9 = -1.95381
      pc10 = -0.660964
      pc11 = -0.068342
      pc12 = 0.276115
      pc13 = 0.181669
      pc14 = 0.0577304
      pc15 = 0.00185167
      pc16 = 0.0288996
Constrained:
   Tgbecnw = 118303
     Tecnw = 25673.9
       Tnw = 24360.6
       Tec = 12194.9
     twoNb = 2.76762e+06
     twoNe = 2269.58
     twoNc = 1.41474e+06
     twoNn = 593041
    twoNec = 78516.6
    twoNnw = 3848.98
  twoNecnw = 68502.2
  twoNbecnw = 15120.3
  twoNgbecnw = 216700
         m = 0.128055
        m3 = 0.190876
        m4 = 0.0213244
        Ta = 37600
        Tc = 12180.3
        Td = 6090.16
#       SitePat  BranchLen
              b 123627.4956697
              e 47090.8710511
              c 48317.1699871
              n 44245.1109629
              w 46454.3536059
            b:e 1359.2102930
            b:c 1589.5760829
            b:n 1101.1327610
            b:w 1245.5054050
            e:c 12143.4257330
            e:n 4895.1618175
            e:w 4168.9622688
            c:n 4676.2097582
            c:w 4042.1619862
            n:w 13301.3517597
          b:e:c 1518.0316375
          b:e:n 643.7724172
          b:e:w 642.4620677
          b:c:n 640.5024523
          b:c:w 647.3085848
          b:n:w 1506.9816049
          e:c:n 4940.4442755
          e:c:w 4091.4489532
          e:n:w 5743.2537574
          c:n:w 5272.0355252
        b:e:c:n 1333.9170101
        b:e:c:w 1184.0485830
        b:e:n:w 2096.4068129
        b:c:n:w 1455.1357631
        e:c:n:w 48740.0708130
