########################################
# legofit: estimate population history #
#       version 2.3.4-4-g53f8760       #
########################################

# Program was compiled: Sep 21 2021 14:36:42
# Program was run: Fri Sep 24 10:11:05 2021

# cmd: legofit -1 -d 0 -t 32 --ptsPerDim 3 --stateOut b1boot2.state --tol 3e-6 -S 5000 acd2.lgo ../../chrX/boot_chrX/boot2.opf
# Stage nOptItr nSimReps
#     0    5000        0
# algorithm          : deterministic
# ignoring probs <=  : 0
# Branch length floor: 0
# DE strategy        : 2
#    F               : 0.3
#    CR              : 0.8
#    tolerance       : 3e-06
# nthreads           : 32
# lgo input file     : acd2.lgo
# site pat input file: ../../chrX/boot_chrX/boot2.opf
# free parameters    : 16
# points in DE swarm : 48
# output state file  : b1boot2.state
# Including singleton site patterns.
# cost function      : KL
Initial parameter values
Fixed:
      zero = 0
       one = 1
    Tbecnw = 75200
Free:
       pc1 = 0
       pc2 = 0
       pc3 = 0
       pc4 = 0
       pc5 = 0
       pc6 = 0
       pc7 = 0
       pc8 = 0
       pc9 = 0
      pc10 = 0
      pc11 = 0
      pc12 = 0
      pc13 = 0
      pc14 = 0
      pc15 = 0
      pc16 = 0
Constrained:
   Tgbecnw = 131171
     Tecnw = 27548
       Tnw = 24087.8
       Tec = 12156.7
     twoNb = 1.35329e+06
     twoNe = 5257.56
     twoNc = 751218
     twoNn = 294547
    twoNec = 89397.9
    twoNnw = 10488.9
  twoNecnw = 66602.6
  twoNbecnw = 20176
  twoNgbecnw = 161981
         m = 0.176992
        m3 = 0.207308
        m4 = 0.0213933
        Ta = 37600
        Tc = 12043.9
        Td = 6021.95
DiffEv reached_goal. cost=2.12819e-03 spread=2.51700e-06
Fitted parameter values
Free:
       pc1 = -3.4385
       pc2 = -2.62758
       pc3 = 1.98982
       pc4 = 1.35317
       pc5 = 0.263789
       pc6 = 1.09222
       pc7 = 1.95043
       pc8 = 0.799941
       pc9 = -1.953
      pc10 = -0.769107
      pc11 = 0.0550039
      pc12 = 0.0579194
      pc13 = 0.126544
      pc14 = -0.249195
      pc15 = -0.021009
      pc16 = 0.02452
Constrained:
   Tgbecnw = 113312
     Tecnw = 25686.7
       Tnw = 24988.8
       Tec = 12570.3
     twoNb = 2.51951e+06
     twoNe = 3457.56
     twoNc = 1.17627e+06
     twoNn = 530933
    twoNec = 77213.9
    twoNnw = 1949.65
  twoNecnw = 68825.9
  twoNbecnw = 14142
  twoNgbecnw = 183263
         m = 0.154532
        m3 = 0.211607
        m4 = 0.0213811
        Ta = 37600
        Tc = 12494.4
        Td = 6247.19
#       SitePat  BranchLen
              b 123248.1618264
              e 46988.5774283
              c 48323.0444340
              n 43928.1459152
              w 46453.4396057
            b:e 1287.8584731
            b:c 1546.5594476
            b:n 1025.9968224
            b:w 1182.3616373
            e:c 11922.2596685
            e:n 5008.8575526
            e:w 4097.9073473
            c:n 4656.8385706
            c:w 4004.0297695
            n:w 13172.9835040
          b:e:c 1432.6402479
          b:e:n 613.2190264
          b:e:w 605.6718637
          b:c:n 603.2194413
          b:c:w 616.7541080
          b:n:w 1421.9912879
          e:c:n 4922.9220341
          e:c:w 3961.3873499
          e:n:w 5729.8875725
          c:n:w 5212.1638042
        b:e:c:n 1266.2687103
        b:e:c:w 1103.9163915
        b:e:n:w 2009.5102400
        b:c:n:w 1378.8794244
        e:c:n:w 48392.1255465
