########################################
# legofit: estimate population history #
#       version 2.3.4-4-g53f8760       #
########################################

# Program was compiled: Sep 21 2021 14:36:42
# Program was run: Fri Sep 24 10:11:56 2021

# cmd: legofit -1 -d 0 -t 32 --ptsPerDim 3 --stateOut b1boot19.state --tol 3e-6 -S 5000 acd2.lgo ../../chrX/boot_chrX/boot19.opf
# Stage nOptItr nSimReps
#     0    5000        0
# algorithm          : deterministic
# ignoring probs <=  : 0
# Branch length floor: 0
# DE strategy        : 2
#    F               : 0.3
#    CR              : 0.8
#    tolerance       : 3e-06
# nthreads           : 32
# lgo input file     : acd2.lgo
# site pat input file: ../../chrX/boot_chrX/boot19.opf
# free parameters    : 16
# points in DE swarm : 48
# output state file  : b1boot19.state
# Including singleton site patterns.
# cost function      : KL
Initial parameter values
Fixed:
      zero = 0
       one = 1
    Tbecnw = 75200
Free:
       pc1 = 0
       pc2 = 0
       pc3 = 0
       pc4 = 0
       pc5 = 0
       pc6 = 0
       pc7 = 0
       pc8 = 0
       pc9 = 0
      pc10 = 0
      pc11 = 0
      pc12 = 0
      pc13 = 0
      pc14 = 0
      pc15 = 0
      pc16 = 0
Constrained:
   Tgbecnw = 131171
     Tecnw = 27548
       Tnw = 24087.8
       Tec = 12156.7
     twoNb = 1.35329e+06
     twoNe = 5257.56
     twoNc = 751218
     twoNn = 294547
    twoNec = 89397.9
    twoNnw = 10488.9
  twoNecnw = 66602.6
  twoNbecnw = 20176
  twoNgbecnw = 161981
         m = 0.176992
        m3 = 0.207308
        m4 = 0.0213933
        Ta = 37600
        Tc = 12043.9
        Td = 6021.95
DiffEv reached_goal. cost=2.02945e-03 spread=2.52864e-06
Fitted parameter values
Free:
       pc1 = -3.04805
       pc2 = -2.10673
       pc3 = 1.90204
       pc4 = 1.89345
       pc5 = -1.82863
       pc6 = 1.92029
       pc7 = 1.56669
       pc8 = -0.203444
       pc9 = -1.39729
      pc10 = -0.429438
      pc11 = -0.70784
      pc12 = -0.236658
      pc13 = 0.059725
      pc14 = -0.183579
      pc15 = 0.0608406
      pc16 = 0.04632
Constrained:
   Tgbecnw = 110490
     Tecnw = 26405.6
       Tnw = 24876.5
       Tec = 12478.6
     twoNb = 2.57365e+06
     twoNe = 2559.08
     twoNc = 100866
     twoNn = 311777
    twoNec = 75918.9
    twoNnw = 4015.48
  twoNecnw = 65764.6
  twoNbecnw = 13631.1
  twoNgbecnw = 174342
         m = 0.161475
        m3 = 0.230104
        m4 = 0.0214824
        Ta = 37600
        Tc = 12438.2
        Td = 6219.12
#       SitePat  BranchLen
              b 122928.2816829
              e 46537.8398533
              c 47829.6103844
              n 43538.5571748
              w 46372.2970175
            b:e 1263.2458157
            b:c 1528.7522203
            b:n 1002.0030024
            b:w 1179.3107405
            e:c 12073.6364347
            e:n 4915.7990950
            e:w 3942.8302473
            c:n 4602.0713697
            c:w 3842.1161474
            n:w 13168.0025611
          b:e:c 1436.1301507
          b:e:n 594.9374559
          b:e:w 589.5189861
          b:c:n 586.8040484
          b:c:w 598.8107098
          b:n:w 1425.8801869
          e:c:n 5010.1651348
          e:c:w 3909.3493621
          e:n:w 5678.5799137
          c:n:w 5155.0247916
        b:e:c:n 1260.5380580
        b:e:c:w 1076.6421284
        b:e:n:w 1971.2887013
        b:c:n:w 1350.8498432
        e:c:n:w 48532.4929469
