########################################
# legofit: estimate population history #
#       version 2.3.4-4-g53f8760       #
########################################

# Program was compiled: Sep 21 2021 14:36:42
# Program was run: Fri Sep 24 10:12:52 2021

# cmd: legofit -1 -d 0 -t 32 --ptsPerDim 3 --stateOut b1boot49.state --tol 3e-6 -S 5000 acd2.lgo ../../chrX/boot_chrX/boot49.opf
# Stage nOptItr nSimReps
#     0    5000        0
# algorithm          : deterministic
# ignoring probs <=  : 0
# Branch length floor: 0
# DE strategy        : 2
#    F               : 0.3
#    CR              : 0.8
#    tolerance       : 3e-06
# nthreads           : 32
# lgo input file     : acd2.lgo
# site pat input file: ../../chrX/boot_chrX/boot49.opf
# free parameters    : 16
# points in DE swarm : 48
# output state file  : b1boot49.state
# Including singleton site patterns.
# cost function      : KL
Initial parameter values
Fixed:
      zero = 0
       one = 1
    Tbecnw = 75200
Free:
       pc1 = 0
       pc2 = 0
       pc3 = 0
       pc4 = 0
       pc5 = 0
       pc6 = 0
       pc7 = 0
       pc8 = 0
       pc9 = 0
      pc10 = 0
      pc11 = 0
      pc12 = 0
      pc13 = 0
      pc14 = 0
      pc15 = 0
      pc16 = 0
Constrained:
   Tgbecnw = 131171
     Tecnw = 27548
       Tnw = 24087.8
       Tec = 12156.7
     twoNb = 1.35329e+06
     twoNe = 5257.56
     twoNc = 751218
     twoNn = 294547
    twoNec = 89397.9
    twoNnw = 10488.9
  twoNecnw = 66602.6
  twoNbecnw = 20176
  twoNgbecnw = 161981
         m = 0.176992
        m3 = 0.207308
        m4 = 0.0213933
        Ta = 37600
        Tc = 12043.9
        Td = 6021.95
DiffEv reached_goal. cost=2.04309e-03 spread=2.91236e-06
Fitted parameter values
Free:
       pc1 = -2.94541
       pc2 = -2.82448
       pc3 = 1.99503
       pc4 = 1.96002
       pc5 = -1.03643
       pc6 = 1.90367
       pc7 = 1.97571
       pc8 = 0.0966395
       pc9 = -1.99882
      pc10 = -0.115058
      pc11 = 0.157605
      pc12 = 0.271045
      pc13 = 0.0401054
      pc14 = -0.210454
      pc15 = -0.039811
      pc16 = 0.0277744
Constrained:
   Tgbecnw = 110317
     Tecnw = 25883.6
       Tnw = 25120.1
       Tec = 12606.3
     twoNb = 2.7542e+06
     twoNe = 2115.77
     twoNc = 489681
     twoNn = 464980
    twoNec = 80267.7
    twoNnw = 2321.13
  twoNecnw = 65581.7
  twoNbecnw = 13549.2
  twoNgbecnw = 185863
         m = 0.151483
        m3 = 0.221238
        m4 = 0.0221254
        Ta = 37600
        Tc = 12560.1
        Td = 6280.03
#       SitePat  BranchLen
              b 123116.7780838
              e 46575.6566566
              c 47969.8550541
              n 44039.4750115
              w 46581.8124425
            b:e 1309.4184870
            b:c 1578.5423011
            b:n 1074.5756637
            b:w 1238.1957972
            e:c 11556.9642761
            e:n 5112.7986934
            e:w 4194.6211903
            c:n 4745.3168564
            c:w 4094.6148429
            n:w 12447.8878024
          b:e:c 1430.7550918
          b:e:n 646.9190436
          b:e:w 638.7795394
          b:c:n 636.5984516
          b:c:w 651.0962907
          b:n:w 1420.9182008
          e:c:n 5059.4244454
          e:c:w 4085.9665312
          e:n:w 5727.0741146
          c:n:w 5180.5289839
        b:e:c:n 1326.9176163
        b:e:c:w 1156.9391478
        b:e:n:w 2055.0855076
        b:c:n:w 1403.7999500
        e:c:n:w 48807.9993332
