########################################
# legofit: estimate population history #
#       version 2.3.4-4-g53f8760       #
########################################

# Program was compiled: Sep 21 2021 14:36:42
# Program was run: Fri Sep 24 10:11:27 2021

# cmd: legofit -1 -d 0 -t 32 --ptsPerDim 3 --stateOut b1boot9.state --tol 3e-6 -S 5000 acd2.lgo ../../chrX/boot_chrX/boot9.opf
# Stage nOptItr nSimReps
#     0    5000        0
# algorithm          : deterministic
# ignoring probs <=  : 0
# Branch length floor: 0
# DE strategy        : 2
#    F               : 0.3
#    CR              : 0.8
#    tolerance       : 3e-06
# nthreads           : 32
# lgo input file     : acd2.lgo
# site pat input file: ../../chrX/boot_chrX/boot9.opf
# free parameters    : 16
# points in DE swarm : 48
# output state file  : b1boot9.state
# Including singleton site patterns.
# cost function      : KL
Initial parameter values
Fixed:
      zero = 0
       one = 1
    Tbecnw = 75200
Free:
       pc1 = 0
       pc2 = 0
       pc3 = 0
       pc4 = 0
       pc5 = 0
       pc6 = 0
       pc7 = 0
       pc8 = 0
       pc9 = 0
      pc10 = 0
      pc11 = 0
      pc12 = 0
      pc13 = 0
      pc14 = 0
      pc15 = 0
      pc16 = 0
Constrained:
   Tgbecnw = 131171
     Tecnw = 27548
       Tnw = 24087.8
       Tec = 12156.7
     twoNb = 1.35329e+06
     twoNe = 5257.56
     twoNc = 751218
     twoNn = 294547
    twoNec = 89397.9
    twoNnw = 10488.9
  twoNecnw = 66602.6
  twoNbecnw = 20176
  twoNgbecnw = 161981
         m = 0.176992
        m3 = 0.207308
        m4 = 0.0213933
        Ta = 37600
        Tc = 12043.9
        Td = 6021.95
DiffEv reached_goal. cost=2.13836e-03 spread=2.52982e-06
Fitted parameter values
Free:
       pc1 = -3.92914
       pc2 = -1.72194
       pc3 = 1.97327
       pc4 = -0.309106
       pc5 = -0.286378
       pc6 = 1.41486
       pc7 = 1.4269
       pc8 = 1.78637
       pc9 = -1.9868
      pc10 = -0.607283
      pc11 = -0.330185
      pc12 = -0.0371453
      pc13 = 0.126914
      pc14 = -0.237682
      pc15 = -0.0405043
      pc16 = 0.00377256
Constrained:
   Tgbecnw = 113468
     Tecnw = 26133.8
       Tnw = 25398.8
       Tec = 12885.9
     twoNb = 2.58818e+06
     twoNe = 6315.12
     twoNc = 710650
     twoNn = 610271
    twoNec = 74911.6
    twoNnw = 2172.17
  twoNecnw = 68749.7
  twoNbecnw = 14618.6
  twoNgbecnw = 168790
         m = 0.17345
        m3 = 0.201922
        m4 = 0.0191716
        Ta = 37600
        Tc = 12699.4
        Td = 6349.71
#       SitePat  BranchLen
              b 124730.5898947
              e 47111.8392187
              c 48379.5031447
              n 44575.2611472
              w 47120.5430875
            b:e 1271.2758727
            b:c 1525.0628010
            b:n 1041.9158919
            b:w 1199.2871109
            e:c 12097.1587110
            e:n 5044.1323931
            e:w 4102.9759437
            c:n 4659.0795125
            c:w 4033.6736567
            n:w 12979.7238886
          b:e:c 1426.3193467
          b:e:n 615.5990445
          b:e:w 605.7357862
          b:c:n 602.9756551
          b:c:w 618.6224948
          b:n:w 1418.1084639
          e:c:n 5030.6663631
          e:c:w 4051.9467280
          e:n:w 5644.3363418
          c:n:w 5149.8560530
        b:e:c:n 1281.7287099
        b:e:c:w 1118.5739095
        b:e:n:w 1931.7841912
        b:c:n:w 1358.9049042
        e:c:n:w 49412.4120869
