########################################
# legofit: estimate population history #
#       version 2.3.4-4-g53f8760       #
########################################

# Program was compiled: Sep 21 2021 14:36:42
# Program was run: Fri Sep 24 10:11:13 2021

# cmd: legofit -1 -d 0 -t 32 --ptsPerDim 3 --stateOut b1boot5.state --tol 3e-6 -S 5000 acd2.lgo ../../chrX/boot_chrX/boot5.opf
# Stage nOptItr nSimReps
#     0    5000        0
# algorithm          : deterministic
# ignoring probs <=  : 0
# Branch length floor: 0
# DE strategy        : 2
#    F               : 0.3
#    CR              : 0.8
#    tolerance       : 3e-06
# nthreads           : 32
# lgo input file     : acd2.lgo
# site pat input file: ../../chrX/boot_chrX/boot5.opf
# free parameters    : 16
# points in DE swarm : 48
# output state file  : b1boot5.state
# Including singleton site patterns.
# cost function      : KL
Initial parameter values
Fixed:
      zero = 0
       one = 1
    Tbecnw = 75200
Free:
       pc1 = 0
       pc2 = 0
       pc3 = 0
       pc4 = 0
       pc5 = 0
       pc6 = 0
       pc7 = 0
       pc8 = 0
       pc9 = 0
      pc10 = 0
      pc11 = 0
      pc12 = 0
      pc13 = 0
      pc14 = 0
      pc15 = 0
      pc16 = 0
Constrained:
   Tgbecnw = 131171
     Tecnw = 27548
       Tnw = 24087.8
       Tec = 12156.7
     twoNb = 1.35329e+06
     twoNe = 5257.56
     twoNc = 751218
     twoNn = 294547
    twoNec = 89397.9
    twoNnw = 10488.9
  twoNecnw = 66602.6
  twoNbecnw = 20176
  twoNgbecnw = 161981
         m = 0.176992
        m3 = 0.207308
        m4 = 0.0213933
        Ta = 37600
        Tc = 12043.9
        Td = 6021.95
DiffEv reached_goal. cost=2.08377e-03 spread=2.60283e-06
Fitted parameter values
Free:
       pc1 = -3.44901
       pc2 = -3.20788
       pc3 = 1.97741
       pc4 = 1.99041
       pc5 = -0.376408
       pc6 = 0.855681
       pc7 = 1.80395
       pc8 = 0.786325
       pc9 = -1.96064
      pc10 = -0.641463
      pc11 = -0.135767
      pc12 = -0.519497
      pc13 = 0.0280732
      pc14 = -0.150596
      pc15 = -0.087049
      pc16 = 0.00271566
Constrained:
   Tgbecnw = 112310
     Tecnw = 25671.1
       Tnw = 24974.1
       Tec = 12584.7
     twoNb = 2.40633e+06
     twoNe = 2949.68
     twoNc = 1.31038e+06
     twoNn = 543021
    twoNec = 73553.9
    twoNnw = 1994.67
  twoNecnw = 66990.1
  twoNbecnw = 13761.1
  twoNgbecnw = 184326
         m = 0.14332
        m3 = 0.222941
        m4 = 0.0215814
        Ta = 37600
        Tc = 12487
        Td = 6243.52
#       SitePat  BranchLen
              b 120971.8087775
              e 46184.2910682
              c 47608.5847720
              n 43571.5908622
              w 46378.5413000
            b:e 1242.8388237
            b:c 1494.4791216
            b:n 1011.3876854
            b:w 1183.8986838
            e:c 11877.9287524
            e:n 5108.8066866
            e:w 4054.4888592
            c:n 4652.3838456
            c:w 3982.6564440
            n:w 12775.9742269
          b:e:c 1393.2789741
          b:e:n 606.0863437
          b:e:w 593.8400140
          b:c:n 591.6406584
          b:c:w 610.3154724
          b:n:w 1383.8922105
          e:c:n 5060.0381809
          e:c:w 3977.1329722
          e:n:w 5630.6908362
          c:n:w 5093.8927172
        b:e:c:n 1265.6316638
        b:e:c:w 1086.6921811
        b:e:n:w 1942.6402759
        b:c:n:w 1329.7294387
        e:c:n:w 46683.7751301
