########################################
# legofit: estimate population history #
#       version 2.3.4-4-g53f8760       #
########################################

# Program was compiled: Sep 21 2021 14:36:42
# Program was run: Fri Sep 24 10:11:22 2021

# cmd: legofit -1 -d 0 -t 32 --ptsPerDim 3 --stateOut b1boot7.state --tol 3e-6 -S 5000 acd2.lgo ../../chrX/boot_chrX/boot7.opf
# Stage nOptItr nSimReps
#     0    5000        0
# algorithm          : deterministic
# ignoring probs <=  : 0
# Branch length floor: 0
# DE strategy        : 2
#    F               : 0.3
#    CR              : 0.8
#    tolerance       : 3e-06
# nthreads           : 32
# lgo input file     : acd2.lgo
# site pat input file: ../../chrX/boot_chrX/boot7.opf
# free parameters    : 16
# points in DE swarm : 48
# output state file  : b1boot7.state
# Including singleton site patterns.
# cost function      : KL
Initial parameter values
Fixed:
      zero = 0
       one = 1
    Tbecnw = 75200
Free:
       pc1 = 0
       pc2 = 0
       pc3 = 0
       pc4 = 0
       pc5 = 0
       pc6 = 0
       pc7 = 0
       pc8 = 0
       pc9 = 0
      pc10 = 0
      pc11 = 0
      pc12 = 0
      pc13 = 0
      pc14 = 0
      pc15 = 0
      pc16 = 0
Constrained:
   Tgbecnw = 131171
     Tecnw = 27548
       Tnw = 24087.8
       Tec = 12156.7
     twoNb = 1.35329e+06
     twoNe = 5257.56
     twoNc = 751218
     twoNn = 294547
    twoNec = 89397.9
    twoNnw = 10488.9
  twoNecnw = 66602.6
  twoNbecnw = 20176
  twoNgbecnw = 161981
         m = 0.176992
        m3 = 0.207308
        m4 = 0.0213933
        Ta = 37600
        Tc = 12043.9
        Td = 6021.95
DiffEv reached_goal. cost=2.10306e-03 spread=1.87628e-06
Fitted parameter values
Free:
       pc1 = -2.25682
       pc2 = -2.47152
       pc3 = 1.9713
       pc4 = 1.17958
       pc5 = -0.431822
       pc6 = 1.67507
       pc7 = 1.96403
       pc8 = 1.08825
       pc9 = -1.97887
      pc10 = -0.876191
      pc11 = -0.530966
      pc12 = -0.11466
      pc13 = 0.17898
      pc14 = -0.105015
      pc15 = -0.0812774
      pc16 = -0.0174517
Constrained:
   Tgbecnw = 113967
     Tecnw = 26162.9
       Tnw = 24076.9
       Tec = 12169.7
     twoNb = 2.74798e+06
     twoNe = 3888.81
     twoNc = 794008
     twoNn = 575601
    twoNec = 77549.9
    twoNnw = 6274.69
  twoNecnw = 67169.6
  twoNbecnw = 14291.3
  twoNgbecnw = 190784
         m = 0.145464
        m3 = 0.213445
        m4 = 0.0210373
        Ta = 37600
        Tc = 12038.5
        Td = 6019.23
#       SitePat  BranchLen
              b 122941.4957765
              e 46542.5967938
              c 47963.7438586
              n 44160.0365408
              w 46921.2760507
            b:e 1278.1208442
            b:c 1528.4777226
            b:n 1061.1506602
            b:w 1234.3874331
            e:c 12035.8504897
            e:n 5132.5726549
            e:w 4091.8917401
            c:n 4681.5672553
            c:w 4021.2942832
            n:w 12814.7764407
          b:e:c 1436.5979350
          b:e:n 630.3693435
          b:e:w 618.0808273
          b:c:n 615.6691141
          b:c:w 634.4258408
          b:n:w 1428.1515139
          e:c:n 5118.7176721
          e:c:w 4058.4320491
          e:n:w 5598.7609500
          c:n:w 5072.3908360
        b:e:c:n 1320.3092890
        b:e:c:w 1140.6043056
        b:e:n:w 1993.6088207
        b:c:n:w 1368.4326239
        e:c:n:w 48233.3687754
