########################################
# legofit: estimate population history #
#       version 2.3.4-4-g53f8760       #
########################################

# Program was compiled: Sep 21 2021 14:36:42
# Program was run: Fri Sep 24 10:11:56 2021

# cmd: legofit -1 -d 0 -t 32 --ptsPerDim 3 --stateOut b1boot21.state --tol 3e-6 -S 5000 acd2.lgo ../../chrX/boot_chrX/boot21.opf
# Stage nOptItr nSimReps
#     0    5000        0
# algorithm          : deterministic
# ignoring probs <=  : 0
# Branch length floor: 0
# DE strategy        : 2
#    F               : 0.3
#    CR              : 0.8
#    tolerance       : 3e-06
# nthreads           : 32
# lgo input file     : acd2.lgo
# site pat input file: ../../chrX/boot_chrX/boot21.opf
# free parameters    : 16
# points in DE swarm : 48
# output state file  : b1boot21.state
# Including singleton site patterns.
# cost function      : KL
Initial parameter values
Fixed:
      zero = 0
       one = 1
    Tbecnw = 75200
Free:
       pc1 = 0
       pc2 = 0
       pc3 = 0
       pc4 = 0
       pc5 = 0
       pc6 = 0
       pc7 = 0
       pc8 = 0
       pc9 = 0
      pc10 = 0
      pc11 = 0
      pc12 = 0
      pc13 = 0
      pc14 = 0
      pc15 = 0
      pc16 = 0
Constrained:
   Tgbecnw = 131171
     Tecnw = 27548
       Tnw = 24087.8
       Tec = 12156.7
     twoNb = 1.35329e+06
     twoNe = 5257.56
     twoNc = 751218
     twoNn = 294547
    twoNec = 89397.9
    twoNnw = 10488.9
  twoNecnw = 66602.6
  twoNbecnw = 20176
  twoNgbecnw = 161981
         m = 0.176992
        m3 = 0.207308
        m4 = 0.0213933
        Ta = 37600
        Tc = 12043.9
        Td = 6021.95
DiffEv reached_goal. cost=2.14307e-03 spread=2.59480e-06
Fitted parameter values
Free:
       pc1 = -2.57131
       pc2 = -2.97207
       pc3 = 1.9584
       pc4 = 1.87936
       pc5 = -1.81143
       pc6 = 1.74509
       pc7 = 1.86492
       pc8 = 1.96165
       pc9 = -1.99105
      pc10 = -1.07094
      pc11 = 0.0588996
      pc12 = -0.0811397
      pc13 = -0.00964852
      pc14 = -0.165555
      pc15 = -0.0280972
      pc16 = 0.0379604
Constrained:
   Tgbecnw = 112186
     Tecnw = 26020.4
       Tnw = 24502.2
       Tec = 12300.4
     twoNb = 3.06463e+06
     twoNe = 4696.05
     twoNc = 998000
     twoNn = 629875
    twoNec = 79366.6
    twoNnw = 4136.17
  twoNecnw = 64930
  twoNbecnw = 13579.2
  twoNgbecnw = 195660
         m = 0.140851
        m3 = 0.232223
        m4 = 0.0201298
        Ta = 37600
        Tc = 12251.1
        Td = 6125.56
#       SitePat  BranchLen
              b 122310.3515294
              e 46330.7775399
              c 47525.1031661
              n 43335.7843353
              w 46001.5304292
            b:e 1259.8793904
            b:c 1484.7194277
            b:n 1003.6131816
            b:w 1169.7025116
            e:c 11750.2683627
            e:n 4918.4587874
            e:w 4022.9192714
            c:n 4660.7875801
            c:w 3917.8699330
            n:w 12870.5846491
          b:e:c 1400.8857562
          b:e:n 598.9816855
          b:e:w 595.7909654
          b:c:n 593.4429403
          b:c:w 602.8036786
          b:n:w 1390.6339554
          e:c:n 4967.4124609
          e:c:w 3940.1235301
          e:n:w 5646.1718186
          c:n:w 5176.9321397
        b:e:c:n 1249.7195817
        b:e:c:w 1077.4602336
        b:e:n:w 1935.0060703
        b:c:n:w 1346.3262683
        e:c:n:w 48325.4621171
