########################################
# legofit: estimate population history #
#       version 2.3.4-4-g53f8760       #
########################################

# Program was compiled: Sep 21 2021 14:36:42
# Program was run: Fri Sep 24 10:12:32 2021

# cmd: legofit -1 -d 0 -t 32 --ptsPerDim 3 --stateOut b1boot41.state --tol 3e-6 -S 5000 acd2.lgo ../../chrX/boot_chrX/boot41.opf
# Stage nOptItr nSimReps
#     0    5000        0
# algorithm          : deterministic
# ignoring probs <=  : 0
# Branch length floor: 0
# DE strategy        : 2
#    F               : 0.3
#    CR              : 0.8
#    tolerance       : 3e-06
# nthreads           : 32
# lgo input file     : acd2.lgo
# site pat input file: ../../chrX/boot_chrX/boot41.opf
# free parameters    : 16
# points in DE swarm : 48
# output state file  : b1boot41.state
# Including singleton site patterns.
# cost function      : KL
Initial parameter values
Fixed:
      zero = 0
       one = 1
    Tbecnw = 75200
Free:
       pc1 = 0
       pc2 = 0
       pc3 = 0
       pc4 = 0
       pc5 = 0
       pc6 = 0
       pc7 = 0
       pc8 = 0
       pc9 = 0
      pc10 = 0
      pc11 = 0
      pc12 = 0
      pc13 = 0
      pc14 = 0
      pc15 = 0
      pc16 = 0
Constrained:
   Tgbecnw = 131171
     Tecnw = 27548
       Tnw = 24087.8
       Tec = 12156.7
     twoNb = 1.35329e+06
     twoNe = 5257.56
     twoNc = 751218
     twoNn = 294547
    twoNec = 89397.9
    twoNnw = 10488.9
  twoNecnw = 66602.6
  twoNbecnw = 20176
  twoNgbecnw = 161981
         m = 0.176992
        m3 = 0.207308
        m4 = 0.0213933
        Ta = 37600
        Tc = 12043.9
        Td = 6021.95
DiffEv reached_goal. cost=2.08579e-03 spread=1.98132e-06
Fitted parameter values
Free:
       pc1 = -2.42159
       pc2 = -2.78191
       pc3 = 1.98566
       pc4 = 1.78968
       pc5 = 0.529562
       pc6 = 0.746588
       pc7 = 1.64799
       pc8 = -0.676419
       pc9 = -1.95289
      pc10 = 0.14949
      pc11 = 0.0753324
      pc12 = 0.436883
      pc13 = 0.00515977
      pc14 = -0.197564
      pc15 = 0.0416311
      pc16 = 0.0247445
Constrained:
   Tgbecnw = 113834
     Tecnw = 25882.9
       Tnw = 24908
       Tec = 12467.7
     twoNb = 1.95857e+06
     twoNe = 1235.46
     twoNc = 942730
     twoNn = 463696
    twoNec = 81605.4
    twoNnw = 2807.75
  twoNecnw = 67267.4
  twoNbecnw = 14339.2
  twoNgbecnw = 190600
         m = 0.155512
        m3 = 0.208087
        m4 = 0.0234158
        Ta = 37600
        Tc = 12454
        Td = 6227.01
#       SitePat  BranchLen
              b 125057.0657911
              e 47144.8972352
              c 48525.1258286
              n 44133.0171511
              w 46462.8715506
            b:e 1314.8669716
            b:c 1614.0105516
            b:n 1052.6044375
            b:w 1200.0064310
            e:c 11756.1547393
            e:n 4963.7105925
            e:w 4167.4245422
            c:n 4684.7253437
            c:w 4037.2027098
            n:w 13015.5620455
          b:e:c 1445.3640378
          b:e:n 627.6308157
          b:e:w 624.1744626
          b:c:n 622.1582631
          b:c:w 631.2575792
          b:n:w 1434.2468233
          e:c:n 4909.5542429
          e:c:w 4023.5085276
          e:n:w 5819.5809376
          c:n:w 5258.6805040
        b:e:c:n 1284.9019720
        b:e:c:w 1131.8570155
        b:e:n:w 2118.1287436
        b:c:n:w 1407.2529637
        e:c:n:w 50233.7725806
