########################################
# legofit: estimate population history #
#       version 2.3.4-4-g53f8760       #
########################################

# Program was compiled: Sep 21 2021 14:36:42
# Program was run: Fri Sep 24 10:11:32 2021

# cmd: legofit -1 -d 0 -t 32 --ptsPerDim 3 --stateOut b1boot11.state --tol 3e-6 -S 5000 acd2.lgo ../../chrX/boot_chrX/boot11.opf
# Stage nOptItr nSimReps
#     0    5000        0
# algorithm          : deterministic
# ignoring probs <=  : 0
# Branch length floor: 0
# DE strategy        : 2
#    F               : 0.3
#    CR              : 0.8
#    tolerance       : 3e-06
# nthreads           : 32
# lgo input file     : acd2.lgo
# site pat input file: ../../chrX/boot_chrX/boot11.opf
# free parameters    : 16
# points in DE swarm : 48
# output state file  : b1boot11.state
# Including singleton site patterns.
# cost function      : KL
Initial parameter values
Fixed:
      zero = 0
       one = 1
    Tbecnw = 75200
Free:
       pc1 = 0
       pc2 = 0
       pc3 = 0
       pc4 = 0
       pc5 = 0
       pc6 = 0
       pc7 = 0
       pc8 = 0
       pc9 = 0
      pc10 = 0
      pc11 = 0
      pc12 = 0
      pc13 = 0
      pc14 = 0
      pc15 = 0
      pc16 = 0
Constrained:
   Tgbecnw = 131171
     Tecnw = 27548
       Tnw = 24087.8
       Tec = 12156.7
     twoNb = 1.35329e+06
     twoNe = 5257.56
     twoNc = 751218
     twoNn = 294547
    twoNec = 89397.9
    twoNnw = 10488.9
  twoNecnw = 66602.6
  twoNbecnw = 20176
  twoNgbecnw = 161981
         m = 0.176992
        m3 = 0.207308
        m4 = 0.0213933
        Ta = 37600
        Tc = 12043.9
        Td = 6021.95
DiffEv reached_goal. cost=2.11597e-03 spread=2.79397e-06
Fitted parameter values
Free:
       pc1 = -2.58124
       pc2 = -2.58763
       pc3 = 1.99169
       pc4 = 1.89132
       pc5 = 0.579697
       pc6 = 1.92016
       pc7 = 1.57389
       pc8 = 1.79803
       pc9 = -1.95953
      pc10 = -1.26074
      pc11 = -0.238909
      pc12 = -0.27801
      pc13 = -0.0704552
      pc14 = -0.049394
      pc15 = 0.00948503
      pc16 = 0.00645598
Constrained:
   Tgbecnw = 114870
     Tecnw = 25835.1
       Tnw = 23955.2
       Tec = 12012.6
     twoNb = 2.92322e+06
     twoNe = 1868.76
     twoNc = 1.64258e+06
     twoNn = 513806
    twoNec = 76977
    twoNnw = 5314.33
  twoNecnw = 67589
  twoNbecnw = 14394.9
  twoNgbecnw = 196153
         m = 0.147422
        m3 = 0.209862
        m4 = 0.0203179
        Ta = 37600
        Tc = 11977.6
        Td = 5988.79
#       SitePat  BranchLen
              b 124282.5951983
              e 46556.8495333
              c 47836.9120743
              n 43748.0618593
              w 46348.9370915
            b:e 1285.0600661
            b:c 1524.8534928
            b:n 1040.3604776
            b:w 1203.1489814
            e:c 12177.0210608
            e:n 4971.6066599
            e:w 4060.7962981
            c:n 4653.5458865
            c:w 3966.9557224
            n:w 13232.7580134
          b:e:c 1450.6754674
          b:e:n 612.9126739
          b:e:w 606.7504976
          b:c:n 604.2544478
          b:c:w 616.4426737
          b:n:w 1441.1556050
          e:c:n 5023.2400850
          e:c:w 4019.7653788
          e:n:w 5669.9310418
          c:n:w 5180.0665117
        b:e:c:n 1286.1636698
        b:e:c:w 1117.3491165
        b:e:n:w 1993.1890924
        b:c:n:w 1374.0646171
        e:c:n:w 49607.6658728
