########################################
# legofit: estimate population history #
#       version 2.3.4-4-g53f8760       #
########################################

# Program was compiled: Sep 21 2021 14:36:42
# Program was run: Fri Sep 24 10:12:20 2021

# cmd: legofit -1 -d 0 -t 32 --ptsPerDim 3 --stateOut b1boot31.state --tol 3e-6 -S 5000 acd2.lgo ../../chrX/boot_chrX/boot31.opf
# Stage nOptItr nSimReps
#     0    5000        0
# algorithm          : deterministic
# ignoring probs <=  : 0
# Branch length floor: 0
# DE strategy        : 2
#    F               : 0.3
#    CR              : 0.8
#    tolerance       : 3e-06
# nthreads           : 32
# lgo input file     : acd2.lgo
# site pat input file: ../../chrX/boot_chrX/boot31.opf
# free parameters    : 16
# points in DE swarm : 48
# output state file  : b1boot31.state
# Including singleton site patterns.
# cost function      : KL
Initial parameter values
Fixed:
      zero = 0
       one = 1
    Tbecnw = 75200
Free:
       pc1 = 0
       pc2 = 0
       pc3 = 0
       pc4 = 0
       pc5 = 0
       pc6 = 0
       pc7 = 0
       pc8 = 0
       pc9 = 0
      pc10 = 0
      pc11 = 0
      pc12 = 0
      pc13 = 0
      pc14 = 0
      pc15 = 0
      pc16 = 0
Constrained:
   Tgbecnw = 131171
     Tecnw = 27548
       Tnw = 24087.8
       Tec = 12156.7
     twoNb = 1.35329e+06
     twoNe = 5257.56
     twoNc = 751218
     twoNn = 294547
    twoNec = 89397.9
    twoNnw = 10488.9
  twoNecnw = 66602.6
  twoNbecnw = 20176
  twoNgbecnw = 161981
         m = 0.176992
        m3 = 0.207308
        m4 = 0.0213933
        Ta = 37600
        Tc = 12043.9
        Td = 6021.95
DiffEv reached_goal. cost=2.06904e-03 spread=2.38533e-06
Fitted parameter values
Free:
       pc1 = -3.51023
       pc2 = -2.31499
       pc3 = 1.97622
       pc4 = 1.7503
       pc5 = -1.69337
       pc6 = 1.92813
       pc7 = 1.24319
       pc8 = 0.491879
       pc9 = -1.76737
      pc10 = 0.233577
      pc11 = -0.00356441
      pc12 = -0.297433
      pc13 = -0.189489
      pc14 = -0.173926
      pc15 = -0.0228878
      pc16 = 0.0286572
Constrained:
   Tgbecnw = 109520
     Tecnw = 26116.7
       Tnw = 25549.8
       Tec = 12851.4
     twoNb = 2.62005e+06
     twoNe = 2742.3
     twoNc = 452999
     twoNn = 398601
    twoNec = 76802.4
    twoNnw = 1670.62
  twoNecnw = 63998.3
  twoNbecnw = 13736.4
  twoNgbecnw = 167633
         m = 0.16652
        m3 = 0.224031
        m4 = 0.0209004
        Ta = 37600
        Tc = 12774.9
        Td = 6387.46
#       SitePat  BranchLen
              b 123072.8217222
              e 46227.1502177
              c 47592.4010693
              n 43769.9283358
              w 46451.3651288
            b:e 1264.9634320
            b:c 1535.9982405
            b:n 1035.5941041
            b:w 1205.1138894
            e:c 11654.3144749
            e:n 5083.5527462
            e:w 4099.5321855
            c:n 4675.9886678
            c:w 4020.9712251
            n:w 12436.0268739
          b:e:c 1399.3023423
          b:e:n 620.9213670
          b:e:w 610.4464913
          b:c:n 608.0907872
          b:c:w 624.7025126
          b:n:w 1390.6933202
          e:c:n 5111.9871834
          e:c:w 4069.5883937
          e:n:w 5717.9029641
          c:n:w 5168.6413943
        b:e:c:n 1285.7692195
        b:e:c:w 1110.1125845
        b:e:n:w 1952.7717044
        b:c:n:w 1350.4466386
        e:c:n:w 48859.4336221
