########################################
# legofit: estimate population history #
#       version 2.3.4-4-g53f8760       #
########################################

# Program was compiled: Sep 21 2021 14:36:42
# Program was run: Fri Sep 24 10:12:42 2021

# cmd: legofit -1 -d 0 -t 32 --ptsPerDim 3 --stateOut b1boot43.state --tol 3e-6 -S 5000 acd2.lgo ../../chrX/boot_chrX/boot43.opf
# Stage nOptItr nSimReps
#     0    5000        0
# algorithm          : deterministic
# ignoring probs <=  : 0
# Branch length floor: 0
# DE strategy        : 2
#    F               : 0.3
#    CR              : 0.8
#    tolerance       : 3e-06
# nthreads           : 32
# lgo input file     : acd2.lgo
# site pat input file: ../../chrX/boot_chrX/boot43.opf
# free parameters    : 16
# points in DE swarm : 48
# output state file  : b1boot43.state
# Including singleton site patterns.
# cost function      : KL
Initial parameter values
Fixed:
      zero = 0
       one = 1
    Tbecnw = 75200
Free:
       pc1 = 0
       pc2 = 0
       pc3 = 0
       pc4 = 0
       pc5 = 0
       pc6 = 0
       pc7 = 0
       pc8 = 0
       pc9 = 0
      pc10 = 0
      pc11 = 0
      pc12 = 0
      pc13 = 0
      pc14 = 0
      pc15 = 0
      pc16 = 0
Constrained:
   Tgbecnw = 131171
     Tecnw = 27548
       Tnw = 24087.8
       Tec = 12156.7
     twoNb = 1.35329e+06
     twoNe = 5257.56
     twoNc = 751218
     twoNn = 294547
    twoNec = 89397.9
    twoNnw = 10488.9
  twoNecnw = 66602.6
  twoNbecnw = 20176
  twoNgbecnw = 161981
         m = 0.176992
        m3 = 0.207308
        m4 = 0.0213933
        Ta = 37600
        Tc = 12043.9
        Td = 6021.95
DiffEv reached_goal. cost=2.23603e-03 spread=2.13678e-06
Fitted parameter values
Free:
       pc1 = -2.71217
       pc2 = -3.25073
       pc3 = 1.96846
       pc4 = 1.93687
       pc5 = 1.106
       pc6 = 1.22578
       pc7 = 1.95711
       pc8 = 0.14153
       pc9 = -1.99006
      pc10 = -0.448498
      pc11 = 0.239058
      pc12 = 0.0216018
      pc13 = -0.0010759
      pc14 = -0.136244
      pc15 = 0.00207563
      pc16 = 0.0132693
Constrained:
   Tgbecnw = 115295
     Tecnw = 25463
       Tnw = 24598.5
       Tec = 12317.3
     twoNb = 2.39682e+06
     twoNe = 941.576
     twoNc = 1.36171e+06
     twoNn = 490832
    twoNec = 78568
    twoNnw = 2454.31
  twoNecnw = 67928.6
  twoNbecnw = 14423
  twoNgbecnw = 196727
         m = 0.140814
        m3 = 0.20614
        m4 = 0.0227069
        Ta = 37600
        Tc = 12299.3
        Td = 6149.63
#       SitePat  BranchLen
              b 122873.1653527
              e 46763.4189411
              c 48152.3746850
              n 43709.6495214
              w 46111.8043246
            b:e 1290.8277481
            b:c 1552.9097067
            b:n 1030.3981865
            b:w 1179.4825317
            e:c 11849.9808593
            e:n 4987.2693636
            e:w 4130.8262882
            c:n 4651.5819769
            c:w 4020.7383275
            n:w 13137.2257266
          b:e:c 1428.5050508
          b:e:n 614.4210494
          b:e:w 607.9625078
          b:c:n 605.9790522
          b:c:w 618.0290888
          b:n:w 1417.6527271
          e:c:n 4906.1479211
          e:c:w 3991.2798429
          e:n:w 5773.5234228
          c:n:w 5237.0487065
        b:e:c:n 1261.3775789
        b:e:c:w 1106.7017387
        b:e:n:w 2050.3797465
        b:c:n:w 1379.9670795
        e:c:n:w 48255.1375306
