########################################
# legofit: estimate population history #
#       version 2.3.4-4-g53f8760       #
########################################

# Program was compiled: Sep 21 2021 14:36:42
# Program was run: Fri Sep 24 10:11:42 2021

# cmd: legofit -1 -d 0 -t 32 --ptsPerDim 3 --stateOut b1boot18.state --tol 3e-6 -S 5000 acd2.lgo ../../chrX/boot_chrX/boot18.opf
# Stage nOptItr nSimReps
#     0    5000        0
# algorithm          : deterministic
# ignoring probs <=  : 0
# Branch length floor: 0
# DE strategy        : 2
#    F               : 0.3
#    CR              : 0.8
#    tolerance       : 3e-06
# nthreads           : 32
# lgo input file     : acd2.lgo
# site pat input file: ../../chrX/boot_chrX/boot18.opf
# free parameters    : 16
# points in DE swarm : 48
# output state file  : b1boot18.state
# Including singleton site patterns.
# cost function      : KL
Initial parameter values
Fixed:
      zero = 0
       one = 1
    Tbecnw = 75200
Free:
       pc1 = 0
       pc2 = 0
       pc3 = 0
       pc4 = 0
       pc5 = 0
       pc6 = 0
       pc7 = 0
       pc8 = 0
       pc9 = 0
      pc10 = 0
      pc11 = 0
      pc12 = 0
      pc13 = 0
      pc14 = 0
      pc15 = 0
      pc16 = 0
Constrained:
   Tgbecnw = 131171
     Tecnw = 27548
       Tnw = 24087.8
       Tec = 12156.7
     twoNb = 1.35329e+06
     twoNe = 5257.56
     twoNc = 751218
     twoNn = 294547
    twoNec = 89397.9
    twoNnw = 10488.9
  twoNecnw = 66602.6
  twoNbecnw = 20176
  twoNgbecnw = 161981
         m = 0.176992
        m3 = 0.207308
        m4 = 0.0213933
        Ta = 37600
        Tc = 12043.9
        Td = 6021.95
DiffEv reached_goal. cost=2.13141e-03 spread=2.68569e-06
Fitted parameter values
Free:
       pc1 = -2.0203
       pc2 = -3.22891
       pc3 = 1.99408
       pc4 = 1.811
       pc5 = -1.87193
       pc6 = 0.616464
       pc7 = 1.73014
       pc8 = 0.0736503
       pc9 = -1.89964
      pc10 = -0.102283
      pc11 = 0.138167
      pc12 = 0.257772
      pc13 = -0.0266391
      pc14 = -0.2093
      pc15 = -0.113094
      pc16 = -0.0510192
Constrained:
   Tgbecnw = 112480
     Tecnw = 26114.1
       Tnw = 24784.6
       Tec = 12551.6
     twoNb = 2.13514e+06
     twoNe = 4255.6
     twoNc = 526650
     twoNn = 605957
    twoNec = 82394.4
    twoNnw = 3902.25
  twoNecnw = 64246.5
  twoNbecnw = 13769.3
  twoNgbecnw = 196340
         m = 0.142697
        m3 = 0.232409
        m4 = 0.0224781
        Ta = 37600
        Tc = 12392.3
        Td = 6196.15
#       SitePat  BranchLen
              b 123050.4818434
              e 46347.1036380
              c 47909.4434040
              n 43618.1528353
              w 46384.0142472
            b:e 1265.0637889
            b:c 1544.7853039
            b:n 1025.8231360
            b:w 1197.8222877
            e:c 11383.4730204
            e:n 5196.1115258
            e:w 4113.6951204
            c:n 4680.5178623
            c:w 4047.3644356
            n:w 12402.6692597
          b:e:c 1379.4410199
          b:e:n 626.9778850
          b:e:w 611.8964251
          b:c:n 610.0964116
          b:c:w 631.5795810
          b:n:w 1369.3993463
          e:c:n 5043.9461254
          e:c:w 3993.6545455
          e:n:w 5725.0801365
          c:n:w 5136.5863671
        b:e:c:n 1279.4907633
        b:e:c:w 1101.0899021
        b:e:n:w 2026.6175389
        b:c:n:w 1352.1722421
        e:c:n:w 48979.0964907
