########################################
# legofit: estimate population history #
#       version 2.3.4-4-g53f8760       #
########################################

# Program was compiled: Sep 21 2021 14:36:42
# Program was run: Fri Sep 24 10:11:13 2021

# cmd: legofit -1 -d 0 -t 32 --ptsPerDim 3 --stateOut b1boot4.state --tol 3e-6 -S 5000 acd2.lgo ../../chrX/boot_chrX/boot4.opf
# Stage nOptItr nSimReps
#     0    5000        0
# algorithm          : deterministic
# ignoring probs <=  : 0
# Branch length floor: 0
# DE strategy        : 2
#    F               : 0.3
#    CR              : 0.8
#    tolerance       : 3e-06
# nthreads           : 32
# lgo input file     : acd2.lgo
# site pat input file: ../../chrX/boot_chrX/boot4.opf
# free parameters    : 16
# points in DE swarm : 48
# output state file  : b1boot4.state
# Including singleton site patterns.
# cost function      : KL
Initial parameter values
Fixed:
      zero = 0
       one = 1
    Tbecnw = 75200
Free:
       pc1 = 0
       pc2 = 0
       pc3 = 0
       pc4 = 0
       pc5 = 0
       pc6 = 0
       pc7 = 0
       pc8 = 0
       pc9 = 0
      pc10 = 0
      pc11 = 0
      pc12 = 0
      pc13 = 0
      pc14 = 0
      pc15 = 0
      pc16 = 0
Constrained:
   Tgbecnw = 131171
     Tecnw = 27548
       Tnw = 24087.8
       Tec = 12156.7
     twoNb = 1.35329e+06
     twoNe = 5257.56
     twoNc = 751218
     twoNn = 294547
    twoNec = 89397.9
    twoNnw = 10488.9
  twoNecnw = 66602.6
  twoNbecnw = 20176
  twoNgbecnw = 161981
         m = 0.176992
        m3 = 0.207308
        m4 = 0.0213933
        Ta = 37600
        Tc = 12043.9
        Td = 6021.95
DiffEv reached_goal. cost=2.11489e-03 spread=2.59540e-06
Fitted parameter values
Free:
       pc1 = -3.79988
       pc2 = -1.75601
       pc3 = 1.99748
       pc4 = 1.69724
       pc5 = -1.30361
       pc6 = 1.52768
       pc7 = 1.68312
       pc8 = 0.741884
       pc9 = -1.93808
      pc10 = -0.351148
      pc11 = -0.254367
      pc12 = -0.100362
      pc13 = -0.152473
      pc14 = -0.272565
      pc15 = -0.0192153
      pc16 = -0.000517356
Constrained:
   Tgbecnw = 108656
     Tecnw = 26145.1
       Tnw = 25300.2
       Tec = 12773.8
     twoNb = 2.70735e+06
     twoNe = 3720.39
     twoNc = 715143
     twoNn = 437479
    twoNec = 76278
    twoNnw = 2407.49
  twoNecnw = 66621.5
  twoNbecnw = 13585.2
  twoNgbecnw = 162439
         m = 0.182147
        m3 = 0.223637
        m4 = 0.0208432
        Ta = 37600
        Tc = 12650.1
        Td = 6325.05
#       SitePat  BranchLen
              b 124483.5026543
              e 46664.9164222
              c 48074.1389144
              n 43971.6833614
              w 46768.8280246
            b:e 1286.1271689
            b:c 1575.1445507
            b:n 1041.9642476
            b:w 1218.4866351
            e:c 11886.6510050
            e:n 5133.0684182
            e:w 4079.6783301
            c:n 4678.5050924
            c:w 4013.9670311
            n:w 12826.4052372
          b:e:c 1436.4450260
          b:e:n 626.8341769
          b:e:w 614.1657835
          b:c:n 611.2984444
          b:c:w 630.6678412
          b:n:w 1427.1525285
          e:c:n 5104.4412679
          e:c:w 4025.2247541
          e:n:w 5742.8089434
          c:n:w 5179.8768204
        b:e:c:n 1304.2597158
        b:e:c:w 1121.0363248
        b:e:n:w 1993.3592178
        b:c:n:w 1377.3590828
        e:c:n:w 49728.7875273
