########################################
# legofit: estimate population history #
#       version 2.3.4-4-g53f8760       #
########################################

# Program was compiled: Sep 21 2021 14:36:42
# Program was run: Fri Sep 24 10:12:46 2021

# cmd: legofit -1 -d 0 -t 32 --ptsPerDim 3 --stateOut b1boot46.state --tol 3e-6 -S 5000 acd2.lgo ../../chrX/boot_chrX/boot46.opf
# Stage nOptItr nSimReps
#     0    5000        0
# algorithm          : deterministic
# ignoring probs <=  : 0
# Branch length floor: 0
# DE strategy        : 2
#    F               : 0.3
#    CR              : 0.8
#    tolerance       : 3e-06
# nthreads           : 32
# lgo input file     : acd2.lgo
# site pat input file: ../../chrX/boot_chrX/boot46.opf
# free parameters    : 16
# points in DE swarm : 48
# output state file  : b1boot46.state
# Including singleton site patterns.
# cost function      : KL
Initial parameter values
Fixed:
      zero = 0
       one = 1
    Tbecnw = 75200
Free:
       pc1 = 0
       pc2 = 0
       pc3 = 0
       pc4 = 0
       pc5 = 0
       pc6 = 0
       pc7 = 0
       pc8 = 0
       pc9 = 0
      pc10 = 0
      pc11 = 0
      pc12 = 0
      pc13 = 0
      pc14 = 0
      pc15 = 0
      pc16 = 0
Constrained:
   Tgbecnw = 131171
     Tecnw = 27548
       Tnw = 24087.8
       Tec = 12156.7
     twoNb = 1.35329e+06
     twoNe = 5257.56
     twoNc = 751218
     twoNn = 294547
    twoNec = 89397.9
    twoNnw = 10488.9
  twoNecnw = 66602.6
  twoNbecnw = 20176
  twoNgbecnw = 161981
         m = 0.176992
        m3 = 0.207308
        m4 = 0.0213933
        Ta = 37600
        Tc = 12043.9
        Td = 6021.95
DiffEv reached_goal. cost=2.06400e-03 spread=2.43276e-06
Fitted parameter values
Free:
       pc1 = -2.81586
       pc2 = -1.93138
       pc3 = 1.98935
       pc4 = 1.94408
       pc5 = -0.232741
       pc6 = 1.9637
       pc7 = 1.99899
       pc8 = 1.66735
       pc9 = -1.9695
      pc10 = -0.732593
      pc11 = 0.120496
      pc12 = 0.0593368
      pc13 = 0.0401997
      pc14 = -0.277896
      pc15 = 0.00108389
      pc16 = 0.0425184
Constrained:
   Tgbecnw = 111931
     Tecnw = 25992.4
       Tnw = 24475.1
       Tec = 12287
     twoNb = 3.13684e+06
     twoNe = 3427.67
     twoNc = 1.35608e+06
     twoNn = 481130
    twoNec = 80562.4
    twoNnw = 4546.81
  twoNecnw = 66966.3
  twoNbecnw = 14051.5
  twoNgbecnw = 175655
         m = 0.161654
        m3 = 0.214184
        m4 = 0.0206973
        Ta = 37600
        Tc = 12237.6
        Td = 6118.78
#       SitePat  BranchLen
              b 123457.0127767
              e 46818.7760997
              c 48064.9618432
              n 44208.1729446
              w 46702.0546507
            b:e 1276.2144470
            b:c 1527.1140010
            b:n 1046.3459896
            b:w 1201.6119422
            e:c 11812.9734157
            e:n 5019.9818182
            e:w 4157.5894302
            c:n 4730.1348718
            c:w 4051.5390710
            n:w 12753.9506155
          b:e:c 1407.9836496
          b:e:n 621.4903140
          b:e:w 616.8640378
          b:c:n 614.2423829
          b:c:w 624.6916536
          b:n:w 1399.4131918
          e:c:n 5014.9033810
          e:c:w 4062.0098636
          e:n:w 5655.6309694
          c:n:w 5159.0903773
        b:e:c:n 1285.1916057
        b:e:c:w 1124.1026585
        b:e:n:w 1970.3908486
        b:c:n:w 1365.1632286
        e:c:n:w 48693.7307241
