########################################
# legofit: estimate population history #
#       version 2.3.4-4-g53f8760       #
########################################

# Program was compiled: Sep 21 2021 14:36:42
# Program was run: Fri Sep 24 10:12:47 2021

# cmd: legofit -1 -d 0 -t 32 --ptsPerDim 3 --stateOut b1boot47.state --tol 3e-6 -S 5000 acd2.lgo ../../chrX/boot_chrX/boot47.opf
# Stage nOptItr nSimReps
#     0    5000        0
# algorithm          : deterministic
# ignoring probs <=  : 0
# Branch length floor: 0
# DE strategy        : 2
#    F               : 0.3
#    CR              : 0.8
#    tolerance       : 3e-06
# nthreads           : 32
# lgo input file     : acd2.lgo
# site pat input file: ../../chrX/boot_chrX/boot47.opf
# free parameters    : 16
# points in DE swarm : 48
# output state file  : b1boot47.state
# Including singleton site patterns.
# cost function      : KL
Initial parameter values
Fixed:
      zero = 0
       one = 1
    Tbecnw = 75200
Free:
       pc1 = 0
       pc2 = 0
       pc3 = 0
       pc4 = 0
       pc5 = 0
       pc6 = 0
       pc7 = 0
       pc8 = 0
       pc9 = 0
      pc10 = 0
      pc11 = 0
      pc12 = 0
      pc13 = 0
      pc14 = 0
      pc15 = 0
      pc16 = 0
Constrained:
   Tgbecnw = 131171
     Tecnw = 27548
       Tnw = 24087.8
       Tec = 12156.7
     twoNb = 1.35329e+06
     twoNe = 5257.56
     twoNc = 751218
     twoNn = 294547
    twoNec = 89397.9
    twoNnw = 10488.9
  twoNecnw = 66602.6
  twoNbecnw = 20176
  twoNgbecnw = 161981
         m = 0.176992
        m3 = 0.207308
        m4 = 0.0213933
        Ta = 37600
        Tc = 12043.9
        Td = 6021.95
DiffEv reached_goal. cost=2.17414e-03 spread=2.88042e-06
Fitted parameter values
Free:
       pc1 = -3.04534
       pc2 = -2.61089
       pc3 = 1.98407
       pc4 = 1.85798
       pc5 = 1.02159
       pc6 = 1.93774
       pc7 = 1.91643
       pc8 = 0.230764
       pc9 = -1.94419
      pc10 = 0.2134
      pc11 = -0.0761542
      pc12 = 0.0372399
      pc13 = 0.00137135
      pc14 = -0.285144
      pc15 = 0.0685249
      pc16 = 0.0533117
Constrained:
   Tgbecnw = 113802
     Tecnw = 25761.5
       Tnw = 24970.4
       Tec = 12497.5
     twoNb = 2.68843e+06
     twoNe = 757.459
     twoNc = 1.16901e+06
     twoNn = 388163
    twoNec = 77508.3
    twoNnw = 2406.34
  twoNecnw = 67155.9
  twoNbecnw = 14018.7
  twoNgbecnw = 182652
         m = 0.154421
        m3 = 0.199008
        m4 = 0.0224868
        Ta = 37600
        Tc = 12485.2
        Td = 6242.6
#       SitePat  BranchLen
              b 122899.1896073
              e 46647.6883079
              c 47993.6218753
              n 44157.2092064
              w 46478.2172421
            b:e 1211.7179325
            b:c 1475.8258796
            b:n 996.4345776
            b:w 1134.4910694
            e:c 11773.4924423
            e:n 4937.9220445
            e:w 4126.0135100
            c:n 4632.2392614
            c:w 4008.8143183
            n:w 12690.5032404
          b:e:c 1341.5828626
          b:e:n 587.3535173
          b:e:w 582.4420975
          b:c:n 580.2733523
          b:c:w 590.1691806
          b:n:w 1333.6242327
          e:c:n 4901.8806602
          e:c:w 4016.2061020
          e:n:w 5611.3293921
          c:n:w 5083.4486540
        b:e:c:n 1210.8067940
        b:e:c:w 1067.7658937
        b:e:n:w 1953.1028734
        b:c:n:w 1293.1766236
        e:c:n:w 48288.6525942
