########################################
# legofit: estimate population history #
#       version 2.3.4-4-g53f8760       #
########################################

# Program was compiled: Sep 21 2021 14:36:42
# Program was run: Fri Sep 24 10:10:56 2021

# cmd: legofit -1 -d 0 -t 32 --ptsPerDim 3 --stateOut b1boot0.state --tol 3e-6 -S 5000 acd2.lgo ../../chrX/boot_chrX/boot0.opf
# Stage nOptItr nSimReps
#     0    5000        0
# algorithm          : deterministic
# ignoring probs <=  : 0
# Branch length floor: 0
# DE strategy        : 2
#    F               : 0.3
#    CR              : 0.8
#    tolerance       : 3e-06
# nthreads           : 32
# lgo input file     : acd2.lgo
# site pat input file: ../../chrX/boot_chrX/boot0.opf
# free parameters    : 16
# points in DE swarm : 48
# output state file  : b1boot0.state
# Including singleton site patterns.
# cost function      : KL
Initial parameter values
Fixed:
      zero = 0
       one = 1
    Tbecnw = 75200
Free:
       pc1 = 0
       pc2 = 0
       pc3 = 0
       pc4 = 0
       pc5 = 0
       pc6 = 0
       pc7 = 0
       pc8 = 0
       pc9 = 0
      pc10 = 0
      pc11 = 0
      pc12 = 0
      pc13 = 0
      pc14 = 0
      pc15 = 0
      pc16 = 0
Constrained:
   Tgbecnw = 131171
     Tecnw = 27548
       Tnw = 24087.8
       Tec = 12156.7
     twoNb = 1.35329e+06
     twoNe = 5257.56
     twoNc = 751218
     twoNn = 294547
    twoNec = 89397.9
    twoNnw = 10488.9
  twoNecnw = 66602.6
  twoNbecnw = 20176
  twoNgbecnw = 161981
         m = 0.176992
        m3 = 0.207308
        m4 = 0.0213933
        Ta = 37600
        Tc = 12043.9
        Td = 6021.95
DiffEv reached_goal. cost=2.05111e-03 spread=2.93889e-06
Fitted parameter values
Free:
       pc1 = -3.09738
       pc2 = -2.76819
       pc3 = 1.98693
       pc4 = 1.843
       pc5 = 0.240194
       pc6 = 1.92506
       pc7 = 1.42571
       pc8 = 0.233034
       pc9 = -1.94109
      pc10 = -0.556693
      pc11 = -0.0209386
      pc12 = 0.052224
      pc13 = 0.0941908
      pc14 = -0.146408
      pc15 = 0.00203778
      pc16 = 0.0334921
Constrained:
   Tgbecnw = 112760
     Tecnw = 25765.4
       Tnw = 24863.7
       Tec = 12440.2
     twoNb = 2.567e+06
     twoNe = 334.438
     twoNc = 907952
     twoNn = 421281
    twoNec = 78189.5
    twoNnw = 2567.78
  twoNecnw = 67364.6
  twoNbecnw = 14033.3
  twoNgbecnw = 188422
         m = 0.149266
        m3 = 0.210872
        m4 = 0.0215153
        Ta = 37600
        Tc = 12431.8
        Td = 6215.92
#       SitePat  BranchLen
              b 123190.0829271
              e 46740.4956613
              c 48111.4726570
              n 43837.7277251
              w 46369.3024302
            b:e 1302.2436088
            b:c 1561.3081390
            b:n 1045.7850430
            b:w 1205.4340373
            e:c 11877.5365707
            e:n 5029.8471501
            e:w 4105.3710880
            c:n 4654.1982605
            c:w 4015.3759308
            n:w 13022.2293126
          b:e:c 1448.0856499
          b:e:n 625.1168166
          b:e:w 616.3376578
          b:c:n 614.0932155
          b:c:w 628.9851981
          b:n:w 1437.3818613
          e:c:n 4973.4565208
          e:c:w 4005.1802074
          e:n:w 5743.5158056
          c:n:w 5214.4282292
        b:e:c:n 1290.9727204
        b:e:c:w 1125.2109023
        b:e:n:w 2031.5520145
        b:c:n:w 1394.6176989
        e:c:n:w 48602.2855900
