########################################
# legofit: estimate population history #
#       version 2.3.4-4-g53f8760       #
########################################

# Program was compiled: Sep 21 2021 14:36:42
# Program was run: Fri Sep 24 10:11:56 2021

# cmd: legofit -1 -d 0 -t 32 --ptsPerDim 3 --stateOut b1boot23.state --tol 3e-6 -S 5000 acd2.lgo ../../chrX/boot_chrX/boot23.opf
# Stage nOptItr nSimReps
#     0    5000        0
# algorithm          : deterministic
# ignoring probs <=  : 0
# Branch length floor: 0
# DE strategy        : 2
#    F               : 0.3
#    CR              : 0.8
#    tolerance       : 3e-06
# nthreads           : 32
# lgo input file     : acd2.lgo
# site pat input file: ../../chrX/boot_chrX/boot23.opf
# free parameters    : 16
# points in DE swarm : 48
# output state file  : b1boot23.state
# Including singleton site patterns.
# cost function      : KL
Initial parameter values
Fixed:
      zero = 0
       one = 1
    Tbecnw = 75200
Free:
       pc1 = 0
       pc2 = 0
       pc3 = 0
       pc4 = 0
       pc5 = 0
       pc6 = 0
       pc7 = 0
       pc8 = 0
       pc9 = 0
      pc10 = 0
      pc11 = 0
      pc12 = 0
      pc13 = 0
      pc14 = 0
      pc15 = 0
      pc16 = 0
Constrained:
   Tgbecnw = 131171
     Tecnw = 27548
       Tnw = 24087.8
       Tec = 12156.7
     twoNb = 1.35329e+06
     twoNe = 5257.56
     twoNc = 751218
     twoNn = 294547
    twoNec = 89397.9
    twoNnw = 10488.9
  twoNecnw = 66602.6
  twoNbecnw = 20176
  twoNgbecnw = 161981
         m = 0.176992
        m3 = 0.207308
        m4 = 0.0213933
        Ta = 37600
        Tc = 12043.9
        Td = 6021.95
DiffEv reached_goal. cost=2.09374e-03 spread=2.78193e-06
Fitted parameter values
Free:
       pc1 = -2.6237
       pc2 = -2.37324
       pc3 = 1.99289
       pc4 = 1.64844
       pc5 = 1.51808
       pc6 = 1.45394
       pc7 = 1.977
       pc8 = -0.0979983
       pc9 = -1.88667
      pc10 = 0.235946
      pc11 = -0.128619
      pc12 = -0.272861
      pc13 = -0.0708142
      pc14 = -0.0967614
      pc15 = 0.0408864
      pc16 = 0.0236676
Constrained:
   Tgbecnw = 114774
     Tecnw = 25756
       Tnw = 24524.9
       Tec = 12292.5
     twoNb = 2.38286e+06
     twoNe = 1128.65
     twoNc = 1.2516e+06
     twoNn = 390158
    twoNec = 76823.8
    twoNnw = 3804.15
  twoNecnw = 67599.6
  twoNbecnw = 14884.3
  twoNgbecnw = 177249
         m = 0.157299
        m3 = 0.1947
        m4 = 0.0230249
        Ta = 37600
        Tc = 12262.5
        Td = 6131.23
#       SitePat  BranchLen
              b 123561.8267106
              e 46684.1175156
              c 48131.9660110
              n 44304.4175033
              w 46717.9351226
            b:e 1279.6801854
            b:c 1565.6800273
            b:n 1062.3572348
            b:w 1212.7228906
            e:c 12030.1217223
            e:n 5062.8624736
            e:w 4178.4131073
            c:n 4674.8994377
            c:w 4074.3126040
            n:w 12882.4831391
          b:e:c 1427.3602421
          b:e:n 625.6083556
          b:e:w 616.7324062
          b:c:n 614.5102755
          b:c:w 628.8049680
          b:n:w 1419.2700817
          e:c:n 5055.6657971
          e:c:w 4127.1843778
          e:n:w 5727.3727339
          c:n:w 5158.0366428
        b:e:c:n 1294.4849050
        b:e:c:w 1138.7005061
        b:e:n:w 2039.7594987
        b:c:n:w 1366.3357478
        e:c:n:w 48565.7707711
