########################################
# legofit: estimate population history #
#       version 2.3.4-4-g53f8760       #
########################################

# Program was compiled: Sep 21 2021 14:36:42
# Program was run: Fri Sep 24 10:12:09 2021

# cmd: legofit -1 -d 0 -t 32 --ptsPerDim 3 --stateOut b1boot25.state --tol 3e-6 -S 5000 acd2.lgo ../../chrX/boot_chrX/boot25.opf
# Stage nOptItr nSimReps
#     0    5000        0
# algorithm          : deterministic
# ignoring probs <=  : 0
# Branch length floor: 0
# DE strategy        : 2
#    F               : 0.3
#    CR              : 0.8
#    tolerance       : 3e-06
# nthreads           : 32
# lgo input file     : acd2.lgo
# site pat input file: ../../chrX/boot_chrX/boot25.opf
# free parameters    : 16
# points in DE swarm : 48
# output state file  : b1boot25.state
# Including singleton site patterns.
# cost function      : KL
Initial parameter values
Fixed:
      zero = 0
       one = 1
    Tbecnw = 75200
Free:
       pc1 = 0
       pc2 = 0
       pc3 = 0
       pc4 = 0
       pc5 = 0
       pc6 = 0
       pc7 = 0
       pc8 = 0
       pc9 = 0
      pc10 = 0
      pc11 = 0
      pc12 = 0
      pc13 = 0
      pc14 = 0
      pc15 = 0
      pc16 = 0
Constrained:
   Tgbecnw = 131171
     Tecnw = 27548
       Tnw = 24087.8
       Tec = 12156.7
     twoNb = 1.35329e+06
     twoNe = 5257.56
     twoNc = 751218
     twoNn = 294547
    twoNec = 89397.9
    twoNnw = 10488.9
  twoNecnw = 66602.6
  twoNbecnw = 20176
  twoNgbecnw = 161981
         m = 0.176992
        m3 = 0.207308
        m4 = 0.0213933
        Ta = 37600
        Tc = 12043.9
        Td = 6021.95
DiffEv reached_goal. cost=2.13323e-03 spread=2.65184e-06
Fitted parameter values
Free:
       pc1 = -3.03714
       pc2 = -3.70964
       pc3 = 1.99111
       pc4 = 1.78045
       pc5 = 1.19302
       pc6 = 1.95961
       pc7 = 1.9719
       pc8 = 1.22921
       pc9 = -1.98834
      pc10 = -0.382125
      pc11 = -0.0835072
      pc12 = 0.0983637
      pc13 = -0.101425
      pc14 = -0.027467
      pc15 = -0.00330266
      pc16 = 0.0154935
Constrained:
   Tgbecnw = 115155
     Tecnw = 25471.5
       Tnw = 24817.8
       Tec = 12433.3
     twoNb = 2.87774e+06
     twoNe = 1233.17
     twoNc = 1.55437e+06
     twoNn = 524728
    twoNec = 75555.2
    twoNnw = 1889.84
  twoNecnw = 67214
  twoNbecnw = 13979.2
  twoNgbecnw = 216385
         m = 0.132837
        m3 = 0.20059
        m4 = 0.0216698
        Ta = 37600
        Tc = 12408.9
        Td = 6204.44
#       SitePat  BranchLen
              b 123692.5225239
              e 46447.0914714
              c 47809.7832076
              n 43674.0186674
              w 46057.2256112
            b:e 1280.6677634
            b:c 1522.5275457
            b:n 1034.7835678
            b:w 1183.9262766
            e:c 11918.7664324
            e:n 4940.0836247
            e:w 4095.5489777
            c:n 4614.0676721
            c:w 3992.2915656
            n:w 13000.6783179
          b:e:c 1430.8711227
          b:e:n 611.8241458
          b:e:w 605.4669925
          b:c:n 603.5655829
          b:c:w 615.5645334
          b:n:w 1420.3931478
          e:c:n 4927.7623081
          e:c:w 4010.8661177
          e:n:w 5693.4275293
          c:n:w 5183.5083418
        b:e:c:n 1267.2283951
        b:e:c:w 1112.4438890
        b:e:n:w 2037.9057917
        b:c:n:w 1370.7074691
        e:c:n:w 49410.4445642
