########################################
# legofit: estimate population history #
#       version 2.3.4-4-g53f8760       #
########################################

# Program was compiled: Sep 21 2021 14:36:42
# Program was run: Fri Sep 24 10:11:28 2021

# cmd: legofit -1 -d 0 -t 32 --ptsPerDim 3 --stateOut b1boot10.state --tol 3e-6 -S 5000 acd2.lgo ../../chrX/boot_chrX/boot10.opf
# Stage nOptItr nSimReps
#     0    5000        0
# algorithm          : deterministic
# ignoring probs <=  : 0
# Branch length floor: 0
# DE strategy        : 2
#    F               : 0.3
#    CR              : 0.8
#    tolerance       : 3e-06
# nthreads           : 32
# lgo input file     : acd2.lgo
# site pat input file: ../../chrX/boot_chrX/boot10.opf
# free parameters    : 16
# points in DE swarm : 48
# output state file  : b1boot10.state
# Including singleton site patterns.
# cost function      : KL
Initial parameter values
Fixed:
      zero = 0
       one = 1
    Tbecnw = 75200
Free:
       pc1 = 0
       pc2 = 0
       pc3 = 0
       pc4 = 0
       pc5 = 0
       pc6 = 0
       pc7 = 0
       pc8 = 0
       pc9 = 0
      pc10 = 0
      pc11 = 0
      pc12 = 0
      pc13 = 0
      pc14 = 0
      pc15 = 0
      pc16 = 0
Constrained:
   Tgbecnw = 131171
     Tecnw = 27548
       Tnw = 24087.8
       Tec = 12156.7
     twoNb = 1.35329e+06
     twoNe = 5257.56
     twoNc = 751218
     twoNn = 294547
    twoNec = 89397.9
    twoNnw = 10488.9
  twoNecnw = 66602.6
  twoNbecnw = 20176
  twoNgbecnw = 161981
         m = 0.176992
        m3 = 0.207308
        m4 = 0.0213933
        Ta = 37600
        Tc = 12043.9
        Td = 6021.95
DiffEv reached_goal. cost=1.99242e-03 spread=2.54196e-06
Fitted parameter values
Free:
       pc1 = -3.04758
       pc2 = -2.64222
       pc3 = 1.97937
       pc4 = 1.91142
       pc5 = 0.108213
       pc6 = 1.9923
       pc7 = 1.96298
       pc8 = 1.30965
       pc9 = -1.96547
      pc10 = -0.581648
      pc11 = 0.0551401
      pc12 = -0.268305
      pc13 = -0.0914677
      pc14 = -0.0696765
      pc15 = -0.0234489
      pc16 = 0.0473429
Constrained:
   Tgbecnw = 112518
     Tecnw = 25718.8
       Tnw = 24638.3
       Tec = 12333.4
     twoNb = 2.99531e+06
     twoNe = 2406.73
     twoNc = 1.31166e+06
     twoNn = 480640
    twoNec = 76717.1
    twoNnw = 3314.22
  twoNecnw = 66621.1
  twoNbecnw = 14205.8
  twoNgbecnw = 185255
         m = 0.151045
        m3 = 0.211748
        m4 = 0.0210782
        Ta = 37600
        Tc = 12319.1
        Td = 6159.56
#       SitePat  BranchLen
              b 123376.0721402
              e 46512.1459140
              c 47717.1201205
              n 44166.7455447
              w 46612.6843508
            b:e 1307.0169537
            b:c 1553.2652522
            b:n 1086.1520820
            b:w 1244.2315881
            e:c 11946.7876673
            e:n 4995.2979365
            e:w 4199.6061498
            c:n 4772.2171266
            c:w 4072.6585650
            n:w 12688.2099973
          b:e:c 1450.3967095
          b:e:n 638.2116361
          b:e:w 637.0070159
          b:c:n 634.5671734
          b:c:w 641.7247383
          b:n:w 1441.8537602
          e:c:n 5102.8388201
          e:c:w 4152.1503623
          e:n:w 5670.6605039
          c:n:w 5183.5174247
        b:e:c:n 1331.3482480
        b:e:c:w 1167.3157972
        b:e:n:w 2014.2882275
        b:c:n:w 1399.1634608
        e:c:n:w 48797.5433173
