########################################
# legofit: estimate population history #
#       version 2.3.4-4-g53f8760       #
########################################

# Program was compiled: Sep 21 2021 14:36:42
# Program was run: Fri Sep 24 10:11:56 2021

# cmd: legofit -1 -d 0 -t 32 --ptsPerDim 3 --stateOut b1boot22.state --tol 3e-6 -S 5000 acd2.lgo ../../chrX/boot_chrX/boot22.opf
# Stage nOptItr nSimReps
#     0    5000        0
# algorithm          : deterministic
# ignoring probs <=  : 0
# Branch length floor: 0
# DE strategy        : 2
#    F               : 0.3
#    CR              : 0.8
#    tolerance       : 3e-06
# nthreads           : 32
# lgo input file     : acd2.lgo
# site pat input file: ../../chrX/boot_chrX/boot22.opf
# free parameters    : 16
# points in DE swarm : 48
# output state file  : b1boot22.state
# Including singleton site patterns.
# cost function      : KL
Initial parameter values
Fixed:
      zero = 0
       one = 1
    Tbecnw = 75200
Free:
       pc1 = 0
       pc2 = 0
       pc3 = 0
       pc4 = 0
       pc5 = 0
       pc6 = 0
       pc7 = 0
       pc8 = 0
       pc9 = 0
      pc10 = 0
      pc11 = 0
      pc12 = 0
      pc13 = 0
      pc14 = 0
      pc15 = 0
      pc16 = 0
Constrained:
   Tgbecnw = 131171
     Tecnw = 27548
       Tnw = 24087.8
       Tec = 12156.7
     twoNb = 1.35329e+06
     twoNe = 5257.56
     twoNc = 751218
     twoNn = 294547
    twoNec = 89397.9
    twoNnw = 10488.9
  twoNecnw = 66602.6
  twoNbecnw = 20176
  twoNgbecnw = 161981
         m = 0.176992
        m3 = 0.207308
        m4 = 0.0213933
        Ta = 37600
        Tc = 12043.9
        Td = 6021.95
DiffEv reached_goal. cost=1.98327e-03 spread=2.34613e-06
Fitted parameter values
Free:
       pc1 = -2.34872
       pc2 = -2.89403
       pc3 = 1.96051
       pc4 = 1.92243
       pc5 = -1.35918
       pc6 = -0.403245
       pc7 = 0.104457
       pc8 = -0.919766
       pc9 = -1.88456
      pc10 = -0.455476
      pc11 = -0.19581
      pc12 = -0.4896
      pc13 = -0.0423862
      pc14 = -0.0533704
      pc15 = -0.0371245
      pc16 = 0.0142693
Constrained:
   Tgbecnw = 113262
     Tecnw = 26218
       Tnw = 24830.1
       Tec = 12437.3
     twoNb = 1.01794e+06
     twoNe = 1115.75
     twoNc = 706343
     twoNn = 528634
    twoNec = 78566
    twoNnw = 3758.08
  twoNecnw = 65334.4
  twoNbecnw = 14463.6
  twoNgbecnw = 177725
         m = 0.153308
        m3 = 0.234927
        m4 = 0.0220384
        Ta = 37600
        Tc = 12415.1
        Td = 6207.53
#       SitePat  BranchLen
              b 122684.9658913
              e 46537.1929537
              c 47858.9936705
              n 43557.1895100
              w 46379.8792884
            b:e 1275.5683838
            b:c 1589.9345662
            b:n 1016.5279790
            b:w 1193.5232585
            e:c 11854.0567512
            e:n 5036.8531714
            e:w 4038.5395663
            c:n 4674.8042890
            c:w 3940.3014518
            n:w 12959.8660770
          b:e:c 1424.7006132
          b:e:n 609.7439137
          b:e:w 602.1775972
          b:c:n 600.8212097
          b:c:w 614.8749507
          b:n:w 1412.9859001
          e:c:n 5055.5053314
          e:c:w 3965.6319952
          e:n:w 5764.2832672
          c:n:w 5203.5613904
        b:e:c:n 1273.7755585
        b:e:c:w 1090.2928545
        b:e:n:w 1981.3375373
        b:c:n:w 1362.4043599
        e:c:n:w 48223.9755814
