########################################
# legofit: estimate population history #
#       version 2.3.4-4-g53f8760       #
########################################

# Program was compiled: Sep 21 2021 14:36:42
# Program was run: Fri Sep 24 10:12:20 2021

# cmd: legofit -1 -d 0 -t 32 --ptsPerDim 3 --stateOut b1boot32.state --tol 3e-6 -S 5000 acd2.lgo ../../chrX/boot_chrX/boot32.opf
# Stage nOptItr nSimReps
#     0    5000        0
# algorithm          : deterministic
# ignoring probs <=  : 0
# Branch length floor: 0
# DE strategy        : 2
#    F               : 0.3
#    CR              : 0.8
#    tolerance       : 3e-06
# nthreads           : 32
# lgo input file     : acd2.lgo
# site pat input file: ../../chrX/boot_chrX/boot32.opf
# free parameters    : 16
# points in DE swarm : 48
# output state file  : b1boot32.state
# Including singleton site patterns.
# cost function      : KL
Initial parameter values
Fixed:
      zero = 0
       one = 1
    Tbecnw = 75200
Free:
       pc1 = 0
       pc2 = 0
       pc3 = 0
       pc4 = 0
       pc5 = 0
       pc6 = 0
       pc7 = 0
       pc8 = 0
       pc9 = 0
      pc10 = 0
      pc11 = 0
      pc12 = 0
      pc13 = 0
      pc14 = 0
      pc15 = 0
      pc16 = 0
Constrained:
   Tgbecnw = 131171
     Tecnw = 27548
       Tnw = 24087.8
       Tec = 12156.7
     twoNb = 1.35329e+06
     twoNe = 5257.56
     twoNc = 751218
     twoNn = 294547
    twoNec = 89397.9
    twoNnw = 10488.9
  twoNecnw = 66602.6
  twoNbecnw = 20176
  twoNgbecnw = 161981
         m = 0.176992
        m3 = 0.207308
        m4 = 0.0213933
        Ta = 37600
        Tc = 12043.9
        Td = 6021.95
DiffEv reached_goal. cost=2.06603e-03 spread=2.56533e-06
Fitted parameter values
Free:
       pc1 = -1.13726
       pc2 = -1.7621
       pc3 = 1.97529
       pc4 = 1.75607
       pc5 = 0.930215
       pc6 = 1.99005
       pc7 = 1.35598
       pc8 = 1.53209
       pc9 = -1.79206
      pc10 = 1.03812
      pc11 = -0.267593
      pc12 = 0.0849127
      pc13 = 0.0378538
      pc14 = -0.121172
      pc15 = 0.105872
      pc16 = 0.0482264
Constrained:
   Tgbecnw = 115320
     Tecnw = 26614.4
       Tnw = 24139.6
       Tec = 12099.2
     twoNb = 2.73844e+06
     twoNe = 2468.52
     twoNc = 1.65605e+06
     twoNn = 427055
    twoNec = 83447.2
    twoNnw = 7559.5
  twoNecnw = 63760
  twoNbecnw = 14977.2
  twoNgbecnw = 182357
         m = 0.15275
        m3 = 0.189325
        m4 = 0.0218624
        Ta = 37600
        Tc = 12069.8
        Td = 6034.89
#       SitePat  BranchLen
              b 123893.7474910
              e 46752.3165190
              c 48040.7169277
              n 44291.2167634
              w 46497.0359143
            b:e 1265.5538032
            b:c 1527.4782604
            b:n 1044.1384548
            b:w 1181.7935071
            e:c 11878.5820884
            e:n 4843.4213949
            e:w 4094.6868389
            c:n 4580.5094415
            c:w 3973.1505399
            n:w 12794.9174122
          b:e:c 1408.8483485
          b:e:n 608.1693282
          b:e:w 604.7410418
          b:c:n 602.7509636
          b:c:w 610.8860015
          b:n:w 1400.9056902
          e:c:n 4954.6100552
          e:c:w 4104.8843619
          e:n:w 5687.7948944
          c:n:w 5163.8261912
        b:e:c:n 1257.3302692
        b:e:c:w 1114.9684656
        b:e:n:w 1988.9515599
        b:c:n:w 1346.3165503
        e:c:n:w 49291.7212706
