########################################
# legofit: estimate population history #
#       version 2.3.4-4-g53f8760       #
########################################

# Program was compiled: Sep 21 2021 14:36:42
# Program was run: Fri Sep 24 10:12:09 2021

# cmd: legofit -1 -d 0 -t 32 --ptsPerDim 3 --stateOut b1boot26.state --tol 3e-6 -S 5000 acd2.lgo ../../chrX/boot_chrX/boot26.opf
# Stage nOptItr nSimReps
#     0    5000        0
# algorithm          : deterministic
# ignoring probs <=  : 0
# Branch length floor: 0
# DE strategy        : 2
#    F               : 0.3
#    CR              : 0.8
#    tolerance       : 3e-06
# nthreads           : 32
# lgo input file     : acd2.lgo
# site pat input file: ../../chrX/boot_chrX/boot26.opf
# free parameters    : 16
# points in DE swarm : 48
# output state file  : b1boot26.state
# Including singleton site patterns.
# cost function      : KL
Initial parameter values
Fixed:
      zero = 0
       one = 1
    Tbecnw = 75200
Free:
       pc1 = 0
       pc2 = 0
       pc3 = 0
       pc4 = 0
       pc5 = 0
       pc6 = 0
       pc7 = 0
       pc8 = 0
       pc9 = 0
      pc10 = 0
      pc11 = 0
      pc12 = 0
      pc13 = 0
      pc14 = 0
      pc15 = 0
      pc16 = 0
Constrained:
   Tgbecnw = 131171
     Tecnw = 27548
       Tnw = 24087.8
       Tec = 12156.7
     twoNb = 1.35329e+06
     twoNe = 5257.56
     twoNc = 751218
     twoNn = 294547
    twoNec = 89397.9
    twoNnw = 10488.9
  twoNecnw = 66602.6
  twoNbecnw = 20176
  twoNgbecnw = 161981
         m = 0.176992
        m3 = 0.207308
        m4 = 0.0213933
        Ta = 37600
        Tc = 12043.9
        Td = 6021.95
DiffEv reached_goal. cost=2.11107e-03 spread=2.99359e-06
Fitted parameter values
Free:
       pc1 = -2.81755
       pc2 = -3.05137
       pc3 = 1.76746
       pc4 = 1.55484
       pc5 = 0.978232
       pc6 = 1.74867
       pc7 = 1.74359
       pc8 = 1.40661
       pc9 = -1.90222
      pc10 = -0.256317
      pc11 = 0.301992
      pc12 = 0.0573483
      pc13 = 0.0753347
      pc14 = -0.0464401
      pc15 = -0.0420022
      pc16 = 0.000455925
Constrained:
   Tgbecnw = 115715
     Tecnw = 25664.1
       Tnw = 24862.7
       Tec = 12497
     twoNb = 2.80541e+06
     twoNe = 2121.84
     twoNc = 1.57648e+06
     twoNn = 525521
    twoNec = 78787.5
    twoNnw = 2397.88
  twoNecnw = 66976
  twoNbecnw = 14840.7
  twoNgbecnw = 197702
         m = 0.13775
        m3 = 0.200988
        m4 = 0.0213173
        Ta = 37600
        Tc = 12431.4
        Td = 6215.68
#       SitePat  BranchLen
              b 123030.5484218
              e 46737.2127380
              c 48143.6002235
              n 44023.2193881
              w 46441.4138341
            b:e 1330.7847255
            b:c 1577.9721451
            b:n 1082.5968853
            b:w 1237.9950271
            e:c 11826.9477883
            e:n 5092.8513282
            e:w 4181.7123620
            c:n 4681.1394777
            c:w 4099.9705810
            n:w 12886.8948205
          b:e:c 1467.9868587
          b:e:n 646.6713843
          b:e:w 635.6482282
          b:c:n 633.6629037
          b:c:w 650.4789573
          b:n:w 1457.7882913
          e:c:n 5021.9383799
          e:c:w 4096.0517968
          e:n:w 5779.9181309
          c:n:w 5250.6709988
        b:e:c:n 1323.6151926
        b:e:c:w 1162.4241533
        b:e:n:w 2055.4926755
        b:c:n:w 1422.7958855
        e:c:n:w 48357.2063930
