########################################
# legofit: estimate population history #
#       version 2.3.4-4-g53f8760       #
########################################

# Program was compiled: Sep 21 2021 14:36:42
# Program was run: Thu Sep 23 01:55:56 2021

# cmd: legofit -1 -d 0 -t 56 --ptsPerDim 3 --stateOut b1.state --tol 3e-6 -S 5000 abcef2.lgo ../../pan.opf
# Stage nOptItr nSimReps
#     0    5000        0
# algorithm          : deterministic
# ignoring probs <=  : 0
# Branch length floor: 0
# DE strategy        : 2
#    F               : 0.3
#    CR              : 0.8
#    tolerance       : 3e-06
# nthreads           : 56
# lgo input file     : abcef2.lgo
# site pat input file: ../../pan.opf
# free parameters    : 19
# points in DE swarm : 57
# output state file  : b1.state
# Including singleton site patterns.
# cost function      : KL
Initial parameter values
Fixed:
      zero = 0
       one = 1
    Tbecnw = 75200
Free:
       pc1 = 0
       pc2 = 0
       pc3 = 0
       pc4 = 0
       pc5 = 0
       pc6 = 0
       pc7 = 0
       pc8 = 0
       pc9 = 0
      pc10 = 0
      pc11 = 0
      pc12 = 0
      pc13 = 0
      pc14 = 0
      pc15 = 0
      pc16 = 0
      pc17 = 0
      pc18 = 0
      pc19 = 0
Constrained:
   Tgbecnw = 104782
     Tecnw = 27140
       Tnw = 19021.5
       Tec = 16721.8
     twoNb = 724834
     twoNe = 172388
     twoNc = 1.34254e+06
     twoNn = 2.27416e+06
     twoNw = 2.98905e+07
    twoNec = 60093.9
    twoNnw = 24874.6
  twoNecnw = 75101.5
  twoNbecnw = 10970.8
  twoNgbecnw = 336578
         m = 0.0995938
        m2 = 0.0318112
        m3 = 0.259429
        m5 = 0.14725
        m6 = 0.026026
        Tb = 21930.9
        Ta = 48565.5
        Tc = 9510.77
        Te = 4755.39
        Tf = 2377.69
DiffEv reached_goal. cost=1.51167e-03 spread=2.88289e-06
Fitted parameter values
Free:
       pc1 = 3.41775
       pc2 = -3.28862
       pc3 = 1.93595
       pc4 = -1.64163
       pc5 = 1.30215
       pc6 = -0.0707316
       pc7 = -0.807361
       pc8 = -0.439814
       pc9 = -0.177617
      pc10 = -0.118045
      pc11 = 0.124217
      pc12 = 0.145954
      pc13 = 0.0740983
      pc14 = 0.141276
      pc15 = -0.0859789
      pc16 = 0.0744893
      pc17 = -0.0149678
      pc18 = -0.0355396
      pc19 = -0.0309745
Constrained:
   Tgbecnw = 80717
     Tecnw = 26068.8
       Tnw = 16938.9
       Tec = 15161.5
     twoNb = 590998
     twoNe = 161242
     twoNc = 1.64801e+06
     twoNn = 3.07163e+06
     twoNw = 6.24452e+07
    twoNec = 64344.2
    twoNnw = 28589.3
  twoNecnw = 69018.1
  twoNbecnw = 2119.66
  twoNgbecnw = 378716
         m = 0.0818217
        m2 = 0.0318971
        m3 = 0.260412
        m5 = 0.141042
        m6 = 0.0171977
        Tb = 20615.1
        Ta = 47907.6
        Tc = 8469.44
        Te = 4234.72
        Tf = 2117.36
#       SitePat  BranchLen
              b 122082.9193972
              e 47513.6016819
              c 49842.7664307
              n 43845.0077161
              w 45996.3731162
            b:e 2103.9830439
            b:c 2369.5394202
            b:n 1608.5248121
            b:w 1748.9402778
            e:c 10158.1503670
            e:n 5721.0385978
            e:w 5082.0834974
            c:n 5181.9433496
            c:w 4349.1385574
            n:w 12227.3508043
          b:e:c 1962.1868378
          b:e:n 1016.7228540
          b:e:w 1051.1850617
          b:c:n 1043.8485634
          b:c:w 1044.3867638
          b:n:w 1948.6427351
          e:c:n 4948.1342861
          e:c:w 4130.0200397
          e:n:w 6302.4504208
          c:n:w 5311.1968217
        b:e:c:n 2007.9582319
        b:e:c:w 1971.0511525
        b:e:n:w 3157.5017795
        b:c:n:w 2805.7470049
        e:c:n:w 50797.0703080
