########################################
# legofit: estimate population history #
#       version 2.3.4-4-g53f8760       #
########################################

# Program was compiled: Sep 21 2021 14:36:42
# Program was run: Thu Sep 23 17:24:19 2021

# cmd: legofit -1 -d 0 -t 56 --ptsPerDim 3 --stateOut b1boot44.state --tol 3e-6 -S 5000 abcef2.lgo ../../boot/boot44.opf
# Stage nOptItr nSimReps
#     0    5000        0
# algorithm          : deterministic
# ignoring probs <=  : 0
# Branch length floor: 0
# DE strategy        : 2
#    F               : 0.3
#    CR              : 0.8
#    tolerance       : 3e-06
# nthreads           : 56
# lgo input file     : abcef2.lgo
# site pat input file: ../../boot/boot44.opf
# free parameters    : 19
# points in DE swarm : 57
# output state file  : b1boot44.state
# Including singleton site patterns.
# cost function      : KL
Initial parameter values
Fixed:
      zero = 0
       one = 1
    Tbecnw = 75200
Free:
       pc1 = 0
       pc2 = 0
       pc3 = 0
       pc4 = 0
       pc5 = 0
       pc6 = 0
       pc7 = 0
       pc8 = 0
       pc9 = 0
      pc10 = 0
      pc11 = 0
      pc12 = 0
      pc13 = 0
      pc14 = 0
      pc15 = 0
      pc16 = 0
      pc17 = 0
      pc18 = 0
      pc19 = 0
Constrained:
   Tgbecnw = 104782
     Tecnw = 27140
       Tnw = 19021.5
       Tec = 16721.8
     twoNb = 724834
     twoNe = 172388
     twoNc = 1.34254e+06
     twoNn = 2.27416e+06
     twoNw = 2.98905e+07
    twoNec = 60093.9
    twoNnw = 24874.6
  twoNecnw = 75101.5
  twoNbecnw = 10970.8
  twoNgbecnw = 336578
         m = 0.0995938
        m2 = 0.0318112
        m3 = 0.259429
        m5 = 0.14725
        m6 = 0.026026
        Tb = 21930.9
        Ta = 48565.5
        Tc = 9510.77
        Te = 4755.39
        Tf = 2377.69
DiffEv reached_goal. cost=1.49917e-03 spread=2.99459e-06
Fitted parameter values
Free:
       pc1 = 2.61394
       pc2 = -3.38857
       pc3 = 1.91361
       pc4 = -2.54976
       pc5 = 1.96138
       pc6 = 0.20262
       pc7 = -0.314873
       pc8 = -0.254343
       pc9 = 1.61943
      pc10 = -1.55936
      pc11 = 0.38403
      pc12 = 0.218654
      pc13 = 0.103113
      pc14 = 0.140753
      pc15 = -0.139619
      pc16 = 0.100587
      pc17 = -0.0568688
      pc18 = -0.0536522
      pc19 = -0.0339478
Constrained:
   Tgbecnw = 79519.1
     Tecnw = 25658.4
       Tnw = 17409.9
       Tec = 15965.5
     twoNb = 535975
     twoNe = 175275
     twoNc = 4.41209e+06
     twoNn = 1.1451e+06
     twoNw = 2.99198e+07
    twoNec = 57800.9
    twoNnw = 25651
  twoNecnw = 69873.5
  twoNbecnw = 1667.58
  twoNgbecnw = 372774
         m = 0.0833691
        m2 = 0.0329105
        m3 = 0.264655
        m5 = 0.137879
        m6 = 0.0141674
        Tb = 20811.9
        Ta = 48006
        Tc = 8704.93
        Te = 4352.47
        Tf = 2176.23
#       SitePat  BranchLen
              b 121623.2134573
              e 47464.9226285
              c 49791.8689690
              n 43740.8448906
              w 45884.2820749
            b:e 2105.4955703
            b:c 2373.2424075
            b:n 1596.1605096
            b:w 1730.3862325
            e:c 10093.7369759
            e:n 5706.8795407
            e:w 5073.7094066
            c:n 5172.8868387
            c:w 4342.5759519
            n:w 12208.0404927
          b:e:c 1949.0651136
          b:e:n 1008.3992968
          b:e:w 1042.7122504
          b:c:n 1035.5886989
          b:c:w 1036.3082070
          b:n:w 1932.6135053
          e:c:n 4926.8435317
          e:c:w 4107.9424847
          e:n:w 6301.7384970
          c:n:w 5304.8675518
        b:e:c:n 1993.1159273
        b:e:c:w 1962.8026866
        b:e:n:w 3162.8662240
        b:c:n:w 2809.3847623
        e:c:n:w 50461.1249556
