########################################
# legofit: estimate population history #
#       version 2.3.4-4-g53f8760       #
########################################

# Program was compiled: Sep 21 2021 14:36:42
# Program was run: Thu Sep 23 03:24:31 2021

# cmd: legofit -1 -d 0 -t 56 --ptsPerDim 3 --stateOut b1boot1.state --tol 3e-6 -S 5000 abcef2.lgo ../../boot/boot1.opf
# Stage nOptItr nSimReps
#     0    5000        0
# algorithm          : deterministic
# ignoring probs <=  : 0
# Branch length floor: 0
# DE strategy        : 2
#    F               : 0.3
#    CR              : 0.8
#    tolerance       : 3e-06
# nthreads           : 56
# lgo input file     : abcef2.lgo
# site pat input file: ../../boot/boot1.opf
# free parameters    : 19
# points in DE swarm : 57
# output state file  : b1boot1.state
# Including singleton site patterns.
# cost function      : KL
Initial parameter values
Fixed:
      zero = 0
       one = 1
    Tbecnw = 75200
Free:
       pc1 = 0
       pc2 = 0
       pc3 = 0
       pc4 = 0
       pc5 = 0
       pc6 = 0
       pc7 = 0
       pc8 = 0
       pc9 = 0
      pc10 = 0
      pc11 = 0
      pc12 = 0
      pc13 = 0
      pc14 = 0
      pc15 = 0
      pc16 = 0
      pc17 = 0
      pc18 = 0
      pc19 = 0
Constrained:
   Tgbecnw = 104782
     Tecnw = 27140
       Tnw = 19021.5
       Tec = 16721.8
     twoNb = 724834
     twoNe = 172388
     twoNc = 1.34254e+06
     twoNn = 2.27416e+06
     twoNw = 2.98905e+07
    twoNec = 60093.9
    twoNnw = 24874.6
  twoNecnw = 75101.5
  twoNbecnw = 10970.8
  twoNgbecnw = 336578
         m = 0.0995938
        m2 = 0.0318112
        m3 = 0.259429
        m5 = 0.14725
        m6 = 0.026026
        Tb = 21930.9
        Ta = 48565.5
        Tc = 9510.77
        Te = 4755.39
        Tf = 2377.69
DiffEv reached_goal. cost=1.49572e-03 spread=2.88528e-06
Fitted parameter values
Free:
       pc1 = 2.78801
       pc2 = -3.37166
       pc3 = 1.9927
       pc4 = -1.92853
       pc5 = 1.55879
       pc6 = -0.427413
       pc7 = -0.35614
       pc8 = 0.482803
       pc9 = -0.318102
      pc10 = 1.32487
      pc11 = -0.600326
      pc12 = 0.265216
      pc13 = -0.241025
      pc14 = -0.208418
      pc15 = 0.0197761
      pc16 = 0.0792868
      pc17 = 0.00909656
      pc18 = -0.0492139
      pc19 = 0.0124001
Constrained:
   Tgbecnw = 82807.4
     Tecnw = 25875.9
       Tnw = 17919.4
       Tec = 15370
     twoNb = 546630
     twoNe = 170383
     twoNc = 293293
     twoNn = 5.93198e+06
     twoNw = 9.65347e+07
    twoNec = 62823.1
    twoNnw = 24504
  twoNecnw = 69749.4
  twoNbecnw = 2921.22
  twoNgbecnw = 371528
         m = 0.0830208
        m2 = 0.0327681
        m3 = 0.262563
        m5 = 0.138746
        m6 = 0.0169578
        Tb = 20622.9
        Ta = 47911.5
        Tc = 8959.69
        Te = 4479.84
        Tf = 2239.92
#       SitePat  BranchLen
              b 122189.9090349
              e 47720.2155949
              c 49993.6907610
              n 43962.1735078
              w 46072.4937737
            b:e 2130.8280670
            b:c 2395.8163921
            b:n 1610.6266853
            b:w 1741.6378928
            e:c 10183.6911373
            e:n 5705.5358359
            e:w 5096.1293403
            c:n 5209.3542730
            c:w 4371.5975030
            n:w 12276.8338066
          b:e:c 1968.8838113
          b:e:n 1015.1000442
          b:e:w 1051.2396513
          b:c:n 1044.1499688
          b:c:w 1041.8059777
          b:n:w 1952.6088974
          e:c:n 4943.1858186
          e:c:w 4142.2357113
          e:n:w 6368.5636882
          c:n:w 5379.7165717
        b:e:c:n 1999.1036247
        b:e:c:w 1972.0899670
        b:e:n:w 3178.3689539
        b:c:n:w 2829.8497020
        e:c:n:w 50646.8476611
