########################################
# legofit: estimate population history #
#       version 2.3.4-4-g53f8760       #
########################################

# Program was compiled: Sep 21 2021 14:36:42
# Program was run: Thu Sep 23 09:09:25 2021

# cmd: legofit -1 -d 0 -t 56 --ptsPerDim 3 --stateOut b1boot16.state --tol 3e-6 -S 5000 abcef2.lgo ../../boot/boot16.opf
# Stage nOptItr nSimReps
#     0    5000        0
# algorithm          : deterministic
# ignoring probs <=  : 0
# Branch length floor: 0
# DE strategy        : 2
#    F               : 0.3
#    CR              : 0.8
#    tolerance       : 3e-06
# nthreads           : 56
# lgo input file     : abcef2.lgo
# site pat input file: ../../boot/boot16.opf
# free parameters    : 19
# points in DE swarm : 57
# output state file  : b1boot16.state
# Including singleton site patterns.
# cost function      : KL
Initial parameter values
Fixed:
      zero = 0
       one = 1
    Tbecnw = 75200
Free:
       pc1 = 0
       pc2 = 0
       pc3 = 0
       pc4 = 0
       pc5 = 0
       pc6 = 0
       pc7 = 0
       pc8 = 0
       pc9 = 0
      pc10 = 0
      pc11 = 0
      pc12 = 0
      pc13 = 0
      pc14 = 0
      pc15 = 0
      pc16 = 0
      pc17 = 0
      pc18 = 0
      pc19 = 0
Constrained:
   Tgbecnw = 104782
     Tecnw = 27140
       Tnw = 19021.5
       Tec = 16721.8
     twoNb = 724834
     twoNe = 172388
     twoNc = 1.34254e+06
     twoNn = 2.27416e+06
     twoNw = 2.98905e+07
    twoNec = 60093.9
    twoNnw = 24874.6
  twoNecnw = 75101.5
  twoNbecnw = 10970.8
  twoNgbecnw = 336578
         m = 0.0995938
        m2 = 0.0318112
        m3 = 0.259429
        m5 = 0.14725
        m6 = 0.026026
        Tb = 21930.9
        Ta = 48565.5
        Tc = 9510.77
        Te = 4755.39
        Tf = 2377.69
DiffEv reached_goal. cost=1.46519e-03 spread=2.39592e-06
Fitted parameter values
Free:
       pc1 = 3.93547
       pc2 = -3.93993
       pc3 = 1.95796
       pc4 = -1.74803
       pc5 = 1.28634
       pc6 = -0.281082
       pc7 = -0.659576
       pc8 = -0.619476
       pc9 = -0.728651
      pc10 = 0.372268
      pc11 = -0.57964
      pc12 = 0.0690366
      pc13 = 0.0620728
      pc14 = 0.212974
      pc15 = -0.345835
      pc16 = 0.102954
      pc17 = -0.0457412
      pc18 = -0.033451
      pc19 = -0.044856
Constrained:
   Tgbecnw = 78516.6
     Tecnw = 26018.2
       Tnw = 16915.8
       Tec = 15223.1
     twoNb = 587549
     twoNe = 156076
     twoNc = 633132
     twoNn = 3.81449e+06
     twoNw = 8.16169e+07
    twoNec = 63877.3
    twoNnw = 28989.7
  twoNecnw = 67785.9
  twoNbecnw = 1265.41
  twoNgbecnw = 393941
         m = 0.0776999
        m2 = 0.0321917
        m3 = 0.255734
        m5 = 0.141195
        m6 = 0.013833
        Tb = 20620.6
        Ta = 47910.3
        Tc = 8457.92
        Te = 4228.96
        Tf = 2114.48
#       SitePat  BranchLen
              b 121534.9355610
              e 47241.8952948
              c 49599.6264944
              n 43666.1943270
              w 45776.7205159
            b:e 2088.7974653
            b:c 2358.5068234
            b:n 1600.0358828
            b:w 1737.7534631
            e:c 10083.2592114
            e:n 5678.9478698
            e:w 5046.7296665
            c:n 5124.6620210
            c:w 4313.1454447
            n:w 12108.8468975
          b:e:c 1949.5406284
          b:e:n 1010.4828626
          b:e:w 1043.6265929
          b:c:n 1036.8648442
          b:c:w 1038.1308812
          b:n:w 1935.3427545
          e:c:n 4924.3222087
          e:c:w 4121.1057620
          e:n:w 6273.4886134
          c:n:w 5271.5707316
        b:e:c:n 1996.1405972
        b:e:c:w 1960.4383366
        b:e:n:w 3150.4145131
        b:c:n:w 2791.8756140
        e:c:n:w 50663.6974015
