########################################
# legofit: estimate population history #
#       version 2.3.4-4-g53f8760       #
########################################

# Program was compiled: Sep 21 2021 14:36:42
# Program was run: Thu Sep 23 08:42:14 2021

# cmd: legofit -1 -d 0 -t 56 --ptsPerDim 3 --stateOut b1boot15.state --tol 3e-6 -S 5000 abcef2.lgo ../../boot/boot15.opf
# Stage nOptItr nSimReps
#     0    5000        0
# algorithm          : deterministic
# ignoring probs <=  : 0
# Branch length floor: 0
# DE strategy        : 2
#    F               : 0.3
#    CR              : 0.8
#    tolerance       : 3e-06
# nthreads           : 56
# lgo input file     : abcef2.lgo
# site pat input file: ../../boot/boot15.opf
# free parameters    : 19
# points in DE swarm : 57
# output state file  : b1boot15.state
# Including singleton site patterns.
# cost function      : KL
Initial parameter values
Fixed:
      zero = 0
       one = 1
    Tbecnw = 75200
Free:
       pc1 = 0
       pc2 = 0
       pc3 = 0
       pc4 = 0
       pc5 = 0
       pc6 = 0
       pc7 = 0
       pc8 = 0
       pc9 = 0
      pc10 = 0
      pc11 = 0
      pc12 = 0
      pc13 = 0
      pc14 = 0
      pc15 = 0
      pc16 = 0
      pc17 = 0
      pc18 = 0
      pc19 = 0
Constrained:
   Tgbecnw = 104782
     Tecnw = 27140
       Tnw = 19021.5
       Tec = 16721.8
     twoNb = 724834
     twoNe = 172388
     twoNc = 1.34254e+06
     twoNn = 2.27416e+06
     twoNw = 2.98905e+07
    twoNec = 60093.9
    twoNnw = 24874.6
  twoNecnw = 75101.5
  twoNbecnw = 10970.8
  twoNgbecnw = 336578
         m = 0.0995938
        m2 = 0.0318112
        m3 = 0.259429
        m5 = 0.14725
        m6 = 0.026026
        Tb = 21930.9
        Ta = 48565.5
        Tc = 9510.77
        Te = 4755.39
        Tf = 2377.69
DiffEv reached_goal. cost=1.51159e-03 spread=2.55834e-06
Fitted parameter values
Free:
       pc1 = 3.91609
       pc2 = -3.67108
       pc3 = 1.96553
       pc4 = -1.20111
       pc5 = 1.69236
       pc6 = 0.192235
       pc7 = -1.08517
       pc8 = -0.537811
       pc9 = -0.708312
      pc10 = -0.625094
      pc11 = -0.350939
      pc12 = 0.223915
      pc13 = 0.122403
      pc14 = -0.0961429
      pc15 = -0.12084
      pc16 = 0.00855363
      pc17 = -0.062294
      pc18 = -0.0529853
      pc19 = -0.0378705
Constrained:
   Tgbecnw = 78253
     Tecnw = 25913.1
       Tnw = 16582.6
       Tec = 15007.6
     twoNb = 643758
     twoNe = 162882
     twoNc = 817696
     twoNn = 2.67196e+06
     twoNw = 4.0542e+07
    twoNec = 65544
    twoNnw = 29394.5
  twoNecnw = 67731.4
  twoNbecnw = 1167.42
  twoNgbecnw = 390092
         m = 0.0776239
        m2 = 0.0318536
        m3 = 0.258638
        m5 = 0.137421
        m6 = 0.0174285
        Tb = 20460.3
        Ta = 47830.2
        Tc = 8291.31
        Te = 4145.65
        Tf = 2072.83
#       SitePat  BranchLen
              b 121118.7572510
              e 47208.8873538
              c 49458.2249781
              n 43491.0367497
              w 45577.3328892
            b:e 2073.3513880
            b:c 2325.8713427
            b:n 1583.4932129
            b:w 1719.7465884
            e:c 10039.6972861
            e:n 5665.9451946
            e:w 5031.5792323
            c:n 5132.2828381
            c:w 4333.1963118
            n:w 12140.5071468
          b:e:c 1930.8401271
          b:e:n 1003.3308094
          b:e:w 1035.1042357
          b:c:n 1027.7795256
          b:c:w 1030.2976826
          b:n:w 1917.3946527
          e:c:n 4898.2888267
          e:c:w 4106.0257102
          e:n:w 6249.4177608
          c:n:w 5296.8073600
        b:e:c:n 1973.9135353
        b:e:c:w 1942.7880919
        b:e:n:w 3115.8161397
        b:c:n:w 2778.9720534
        e:c:n:w 50302.4711470
