########################################
# legofit: estimate population history #
#       version 2.3.4-4-g53f8760       #
########################################

# Program was compiled: Sep 21 2021 14:36:42
# Program was run: Thu Sep 23 08:04:34 2021

# cmd: legofit -1 -d 0 -t 56 --ptsPerDim 3 --stateOut b1boot13.state --tol 3e-6 -S 5000 abcef2.lgo ../../boot/boot13.opf
# Stage nOptItr nSimReps
#     0    5000        0
# algorithm          : deterministic
# ignoring probs <=  : 0
# Branch length floor: 0
# DE strategy        : 2
#    F               : 0.3
#    CR              : 0.8
#    tolerance       : 3e-06
# nthreads           : 56
# lgo input file     : abcef2.lgo
# site pat input file: ../../boot/boot13.opf
# free parameters    : 19
# points in DE swarm : 57
# output state file  : b1boot13.state
# Including singleton site patterns.
# cost function      : KL
Initial parameter values
Fixed:
      zero = 0
       one = 1
    Tbecnw = 75200
Free:
       pc1 = 0
       pc2 = 0
       pc3 = 0
       pc4 = 0
       pc5 = 0
       pc6 = 0
       pc7 = 0
       pc8 = 0
       pc9 = 0
      pc10 = 0
      pc11 = 0
      pc12 = 0
      pc13 = 0
      pc14 = 0
      pc15 = 0
      pc16 = 0
      pc17 = 0
      pc18 = 0
      pc19 = 0
Constrained:
   Tgbecnw = 104782
     Tecnw = 27140
       Tnw = 19021.5
       Tec = 16721.8
     twoNb = 724834
     twoNe = 172388
     twoNc = 1.34254e+06
     twoNn = 2.27416e+06
     twoNw = 2.98905e+07
    twoNec = 60093.9
    twoNnw = 24874.6
  twoNecnw = 75101.5
  twoNbecnw = 10970.8
  twoNgbecnw = 336578
         m = 0.0995938
        m2 = 0.0318112
        m3 = 0.259429
        m5 = 0.14725
        m6 = 0.026026
        Tb = 21930.9
        Ta = 48565.5
        Tc = 9510.77
        Te = 4755.39
        Tf = 2377.69
DiffEv reached_goal. cost=1.50931e-03 spread=2.20171e-06
Fitted parameter values
Free:
       pc1 = 3.3247
       pc2 = -3.80191
       pc3 = 1.9514
       pc4 = -1.8853
       pc5 = 1.14609
       pc6 = 0.181497
       pc7 = -0.459674
       pc8 = -0.847052
       pc9 = 0.294406
      pc10 = -0.204827
      pc11 = -0.295884
      pc12 = 0.300057
      pc13 = -0.0876312
      pc14 = 0.138964
      pc15 = -0.221948
      pc16 = 0.0444598
      pc17 = -0.0161825
      pc18 = -0.0404739
      pc19 = -0.0319455
Constrained:
   Tgbecnw = 80140.3
     Tecnw = 25762.4
       Tnw = 17267.1
       Tec = 15114
     twoNb = 549357
     twoNe = 157738
     twoNc = 2.077e+06
     twoNn = 2.52695e+06
     twoNw = 5.95009e+07
    twoNec = 63400.4
    twoNnw = 26936.6
  twoNecnw = 69140.7
  twoNbecnw = 1886.03
  twoNgbecnw = 384420
         m = 0.0807342
        m2 = 0.032383
        m3 = 0.255021
        m5 = 0.140772
        m6 = 0.013653
        Tb = 20438.2
        Ta = 47819.1
        Tc = 8633.54
        Te = 4316.77
        Tf = 2158.39
#       SitePat  BranchLen
              b 121926.1651177
              e 47364.6070807
              c 49711.2078937
              n 43751.8861679
              w 45844.7878117
            b:e 2100.7644128
            b:c 2371.0802088
            b:n 1600.0848464
            b:w 1731.4069423
            e:c 10152.9863410
            e:n 5694.3944391
            e:w 5079.4910446
            c:n 5159.8866073
            c:w 4340.9765229
            n:w 12194.3468804
          b:e:c 1951.1429757
          b:e:n 1008.4819996
          b:e:w 1042.6843758
          b:c:n 1036.1741265
          b:c:w 1035.5387254
          b:n:w 1935.5750912
          e:c:n 4924.6710646
          e:c:w 4131.4355193
          e:n:w 6311.2832245
          c:n:w 5304.5726094
        b:e:c:n 1990.5947818
        b:e:c:w 1959.8531447
        b:e:n:w 3158.1688327
        b:c:n:w 2800.4386903
        e:c:n:w 50777.5952552
