########################################
# legofit: estimate population history #
#       version 2.3.4-4-g53f8760       #
########################################

# Program was compiled: Sep 21 2021 14:36:42
# Program was run: Thu Sep 23 11:27:45 2021

# cmd: legofit -1 -d 0 -t 56 --ptsPerDim 3 --stateOut b1boot23.state --tol 3e-6 -S 5000 abcef2.lgo ../../boot/boot23.opf
# Stage nOptItr nSimReps
#     0    5000        0
# algorithm          : deterministic
# ignoring probs <=  : 0
# Branch length floor: 0
# DE strategy        : 2
#    F               : 0.3
#    CR              : 0.8
#    tolerance       : 3e-06
# nthreads           : 56
# lgo input file     : abcef2.lgo
# site pat input file: ../../boot/boot23.opf
# free parameters    : 19
# points in DE swarm : 57
# output state file  : b1boot23.state
# Including singleton site patterns.
# cost function      : KL
Initial parameter values
Fixed:
      zero = 0
       one = 1
    Tbecnw = 75200
Free:
       pc1 = 0
       pc2 = 0
       pc3 = 0
       pc4 = 0
       pc5 = 0
       pc6 = 0
       pc7 = 0
       pc8 = 0
       pc9 = 0
      pc10 = 0
      pc11 = 0
      pc12 = 0
      pc13 = 0
      pc14 = 0
      pc15 = 0
      pc16 = 0
      pc17 = 0
      pc18 = 0
      pc19 = 0
Constrained:
   Tgbecnw = 104782
     Tecnw = 27140
       Tnw = 19021.5
       Tec = 16721.8
     twoNb = 724834
     twoNe = 172388
     twoNc = 1.34254e+06
     twoNn = 2.27416e+06
     twoNw = 2.98905e+07
    twoNec = 60093.9
    twoNnw = 24874.6
  twoNecnw = 75101.5
  twoNbecnw = 10970.8
  twoNgbecnw = 336578
         m = 0.0995938
        m2 = 0.0318112
        m3 = 0.259429
        m5 = 0.14725
        m6 = 0.026026
        Tb = 21930.9
        Ta = 48565.5
        Tc = 9510.77
        Te = 4755.39
        Tf = 2377.69
DiffEv reached_goal. cost=1.49630e-03 spread=2.95498e-06
Fitted parameter values
Free:
       pc1 = 3.73603
       pc2 = -3.41505
       pc3 = 1.93936
       pc4 = -1.59674
       pc5 = 1.22925
       pc6 = 0.259253
       pc7 = -0.378432
       pc8 = 0.342381
       pc9 = -1.00374
      pc10 = 0.642171
      pc11 = -0.557912
      pc12 = 0.249072
      pc13 = 0.0525359
      pc14 = -0.0354309
      pc15 = -0.127652
      pc16 = 0.0780216
      pc17 = -0.0554163
      pc18 = -0.0550714
      pc19 = 0.0216738
Constrained:
   Tgbecnw = 81669.4
     Tecnw = 26055.1
       Tnw = 16998.3
       Tec = 15155.5
     twoNb = 596118
     twoNe = 161232
     twoNc = 315938
     twoNn = 6.85886e+06
     twoNw = 6.76313e+07
    twoNec = 65383.2
    twoNnw = 28203.7
  twoNecnw = 68878.6
  twoNbecnw = 2459.4
  twoNgbecnw = 387697
         m = 0.0786776
        m2 = 0.0322423
        m3 = 0.258813
        m5 = 0.139208
        m6 = 0.016734
        Tb = 20605.3
        Ta = 47902.6
        Tc = 8499.16
        Te = 4249.58
        Tf = 2124.79
#       SitePat  BranchLen
              b 121901.7767182
              e 47615.6100177
              c 49934.8791577
              n 43842.2164325
              w 45947.2636815
            b:e 2116.7070453
            b:c 2381.5660712
            b:n 1610.2076608
            b:w 1746.7923781
            e:c 10140.3420631
            e:n 5713.3220700
            e:w 5082.3590180
            c:n 5173.5247607
            c:w 4358.6905914
            n:w 12284.7691468
          b:e:c 1969.4381957
          b:e:n 1019.1083384
          b:e:w 1052.5010960
          b:c:n 1045.4300819
          b:c:w 1046.4156041
          b:n:w 1954.3998424
          e:c:n 4929.9982091
          e:c:w 4131.8759466
          e:n:w 6336.7584790
          c:n:w 5346.6711698
        b:e:c:n 2004.6583882
        b:e:c:w 1972.5676776
        b:e:n:w 3174.9934787
        b:c:n:w 2824.1820829
        e:c:n:w 50560.5048456
