########################################
# legofit: estimate population history #
#       version 2.3.4-4-g53f8760       #
########################################

# Program was compiled: Sep 21 2021 14:36:42
# Program was run: Thu Sep 23 17:24:51 2021

# cmd: legofit -1 -d 0 -t 56 --ptsPerDim 3 --stateOut b1boot45.state --tol 3e-6 -S 5000 abcef2.lgo ../../boot/boot45.opf
# Stage nOptItr nSimReps
#     0    5000        0
# algorithm          : deterministic
# ignoring probs <=  : 0
# Branch length floor: 0
# DE strategy        : 2
#    F               : 0.3
#    CR              : 0.8
#    tolerance       : 3e-06
# nthreads           : 56
# lgo input file     : abcef2.lgo
# site pat input file: ../../boot/boot45.opf
# free parameters    : 19
# points in DE swarm : 57
# output state file  : b1boot45.state
# Including singleton site patterns.
# cost function      : KL
Initial parameter values
Fixed:
      zero = 0
       one = 1
    Tbecnw = 75200
Free:
       pc1 = 0
       pc2 = 0
       pc3 = 0
       pc4 = 0
       pc5 = 0
       pc6 = 0
       pc7 = 0
       pc8 = 0
       pc9 = 0
      pc10 = 0
      pc11 = 0
      pc12 = 0
      pc13 = 0
      pc14 = 0
      pc15 = 0
      pc16 = 0
      pc17 = 0
      pc18 = 0
      pc19 = 0
Constrained:
   Tgbecnw = 104782
     Tecnw = 27140
       Tnw = 19021.5
       Tec = 16721.8
     twoNb = 724834
     twoNe = 172388
     twoNc = 1.34254e+06
     twoNn = 2.27416e+06
     twoNw = 2.98905e+07
    twoNec = 60093.9
    twoNnw = 24874.6
  twoNecnw = 75101.5
  twoNbecnw = 10970.8
  twoNgbecnw = 336578
         m = 0.0995938
        m2 = 0.0318112
        m3 = 0.259429
        m5 = 0.14725
        m6 = 0.026026
        Tb = 21930.9
        Ta = 48565.5
        Tc = 9510.77
        Te = 4755.39
        Tf = 2377.69
DiffEv reached_goal. cost=1.54996e-03 spread=2.72102e-06
Fitted parameter values
Free:
       pc1 = 3.71598
       pc2 = -3.78251
       pc3 = 1.93617
       pc4 = -1.42178
       pc5 = 1.70509
       pc6 = 0.205741
       pc7 = -0.982907
       pc8 = 0.9366
       pc9 = 0.109999
      pc10 = -0.309315
      pc11 = 0.319401
      pc12 = 0.118152
      pc13 = -0.138559
      pc14 = -0.225725
      pc15 = -0.0715739
      pc16 = 0.00161145
      pc17 = -0.0212008
      pc18 = -0.0752224
      pc19 = -0.0431231
Constrained:
   Tgbecnw = 77341.3
     Tecnw = 25996.1
       Tnw = 17422.8
       Tec = 14932.3
     twoNb = 573123
     twoNe = 164387
     twoNc = 1.48141e+06
     twoNn = 5.04364e+06
     twoNw = 3.61403e+07
    twoNec = 64971.6
    twoNnw = 25877.5
  twoNecnw = 68446.3
  twoNbecnw = 822.858
  twoNgbecnw = 384970
         m = 0.0803395
        m2 = 0.0322326
        m3 = 0.268558
        m5 = 0.140914
        m6 = 0.0240674
        Tb = 20464.2
        Ta = 47832.1
        Tc = 8711.42
        Te = 4355.71
        Tf = 2177.86
#       SitePat  BranchLen
              b 121307.0783058
              e 47261.4548266
              c 49465.7131038
              n 43489.6250609
              w 45634.0867557
            b:e 2086.3618412
            b:c 2338.9958186
            b:n 1576.8074348
            b:w 1711.1044188
            e:c 10044.9583739
            e:n 5649.2923550
            e:w 5019.5556616
            c:n 5160.1467516
            c:w 4316.3434092
            n:w 12123.1673820
          b:e:c 1933.7852616
          b:e:n 998.5672934
          b:e:w 1034.2989609
          b:c:n 1026.5254147
          b:c:w 1025.7747060
          b:n:w 1917.8436587
          e:c:n 4876.1823811
          e:c:w 4063.2214743
          e:n:w 6254.0232148
          c:n:w 5303.9224765
        b:e:c:n 1969.7786063
        b:e:c:w 1942.5399671
        b:e:n:w 3122.0058584
        b:c:n:w 2788.1383082
        e:c:n:w 50523.5799963
