########################################
# legofit: estimate population history #
#       version 2.3.4-4-g53f8760       #
########################################

# Program was compiled: Sep 21 2021 14:36:42
# Program was run: Thu Sep 23 17:20:17 2021

# cmd: legofit -1 -d 0 -t 56 --ptsPerDim 3 --stateOut b1boot43.state --tol 3e-6 -S 5000 abcef2.lgo ../../boot/boot43.opf
# Stage nOptItr nSimReps
#     0    5000        0
# algorithm          : deterministic
# ignoring probs <=  : 0
# Branch length floor: 0
# DE strategy        : 2
#    F               : 0.3
#    CR              : 0.8
#    tolerance       : 3e-06
# nthreads           : 56
# lgo input file     : abcef2.lgo
# site pat input file: ../../boot/boot43.opf
# free parameters    : 19
# points in DE swarm : 57
# output state file  : b1boot43.state
# Including singleton site patterns.
# cost function      : KL
Initial parameter values
Fixed:
      zero = 0
       one = 1
    Tbecnw = 75200
Free:
       pc1 = 0
       pc2 = 0
       pc3 = 0
       pc4 = 0
       pc5 = 0
       pc6 = 0
       pc7 = 0
       pc8 = 0
       pc9 = 0
      pc10 = 0
      pc11 = 0
      pc12 = 0
      pc13 = 0
      pc14 = 0
      pc15 = 0
      pc16 = 0
      pc17 = 0
      pc18 = 0
      pc19 = 0
Constrained:
   Tgbecnw = 104782
     Tecnw = 27140
       Tnw = 19021.5
       Tec = 16721.8
     twoNb = 724834
     twoNe = 172388
     twoNc = 1.34254e+06
     twoNn = 2.27416e+06
     twoNw = 2.98905e+07
    twoNec = 60093.9
    twoNnw = 24874.6
  twoNecnw = 75101.5
  twoNbecnw = 10970.8
  twoNgbecnw = 336578
         m = 0.0995938
        m2 = 0.0318112
        m3 = 0.259429
        m5 = 0.14725
        m6 = 0.026026
        Tb = 21930.9
        Ta = 48565.5
        Tc = 9510.77
        Te = 4755.39
        Tf = 2377.69
DiffEv reached_goal. cost=1.54447e-03 spread=2.87606e-06
Fitted parameter values
Free:
       pc1 = 3.85966
       pc2 = -3.99726
       pc3 = 1.96578
       pc4 = -2.83853
       pc5 = 1.18089
       pc6 = 0.161827
       pc7 = 0.107354
       pc8 = -0.610221
       pc9 = -0.630122
      pc10 = -0.643766
      pc11 = 0.856696
      pc12 = 0.163444
      pc13 = 0.0119741
      pc14 = 0.15936
      pc15 = -0.174278
      pc16 = 0.115573
      pc17 = -0.0137623
      pc18 = 0.0219197
      pc19 = -0.0665162
Constrained:
   Tgbecnw = 78153.8
     Tecnw = 25937.6
       Tnw = 16413.3
       Tec = 15506.1
     twoNb = 510152
     twoNe = 177234
     twoNc = 3.13333e+06
     twoNn = 4.78607e+06
     twoNw = 6.86108e+07
    twoNec = 61482.6
    twoNnw = 30539.1
  twoNecnw = 68388.7
  twoNbecnw = 1123.33
  twoNgbecnw = 400163
         m = 0.07553
        m2 = 0.0313671
        m3 = 0.255943
        m5 = 0.142987
        m6 = 0.0168373
        Tb = 20721.9
        Ta = 47960.9
        Tc = 8206.65
        Te = 4103.33
        Tf = 2051.66
#       SitePat  BranchLen
              b 121127.3387235
              e 47229.2438501
              c 49548.2307405
              n 43668.1584220
              w 45765.4333570
            b:e 2109.0494924
            b:c 2376.5038301
            b:n 1618.2715762
            b:w 1754.8331982
            e:c 10077.7938774
            e:n 5691.3068301
            e:w 5081.1478438
            c:n 5154.2724083
            c:w 4344.3540142
            n:w 12135.0620515
          b:e:c 1964.7331376
          b:e:n 1021.9114750
          b:e:w 1055.4140583
          b:c:n 1049.6517170
          b:c:w 1048.2824710
          b:n:w 1945.6244516
          e:c:n 4937.8966858
          e:c:w 4137.1587246
          e:n:w 6261.9904375
          c:n:w 5277.7224515
        b:e:c:n 2020.9577659
        b:e:c:w 1975.8032585
        b:e:n:w 3130.5349363
        b:c:n:w 2781.5812692
        e:c:n:w 50285.5491736
