########################################
# legofit: estimate population history #
#       version 2.3.4-4-g53f8760       #
########################################

# Program was compiled: Sep 21 2021 14:36:42
# Program was run: Thu Sep 23 04:06:16 2021

# cmd: legofit -1 -d 0 -t 56 --ptsPerDim 3 --stateOut b1boot2.state --tol 3e-6 -S 5000 abcef2.lgo ../../boot/boot2.opf
# Stage nOptItr nSimReps
#     0    5000        0
# algorithm          : deterministic
# ignoring probs <=  : 0
# Branch length floor: 0
# DE strategy        : 2
#    F               : 0.3
#    CR              : 0.8
#    tolerance       : 3e-06
# nthreads           : 56
# lgo input file     : abcef2.lgo
# site pat input file: ../../boot/boot2.opf
# free parameters    : 19
# points in DE swarm : 57
# output state file  : b1boot2.state
# Including singleton site patterns.
# cost function      : KL
Initial parameter values
Fixed:
      zero = 0
       one = 1
    Tbecnw = 75200
Free:
       pc1 = 0
       pc2 = 0
       pc3 = 0
       pc4 = 0
       pc5 = 0
       pc6 = 0
       pc7 = 0
       pc8 = 0
       pc9 = 0
      pc10 = 0
      pc11 = 0
      pc12 = 0
      pc13 = 0
      pc14 = 0
      pc15 = 0
      pc16 = 0
      pc17 = 0
      pc18 = 0
      pc19 = 0
Constrained:
   Tgbecnw = 104782
     Tecnw = 27140
       Tnw = 19021.5
       Tec = 16721.8
     twoNb = 724834
     twoNe = 172388
     twoNc = 1.34254e+06
     twoNn = 2.27416e+06
     twoNw = 2.98905e+07
    twoNec = 60093.9
    twoNnw = 24874.6
  twoNecnw = 75101.5
  twoNbecnw = 10970.8
  twoNgbecnw = 336578
         m = 0.0995938
        m2 = 0.0318112
        m3 = 0.259429
        m5 = 0.14725
        m6 = 0.026026
        Tb = 21930.9
        Ta = 48565.5
        Tc = 9510.77
        Te = 4755.39
        Tf = 2377.69
DiffEv reached_goal. cost=1.52086e-03 spread=2.98646e-06
Fitted parameter values
Free:
       pc1 = 3.8691
       pc2 = -3.79392
       pc3 = 1.98259
       pc4 = -3.58426
       pc5 = 0.0633225
       pc6 = -0.294515
       pc7 = -0.336857
       pc8 = -0.171272
       pc9 = 0.767141
      pc10 = 0.196489
      pc11 = 0.0906437
      pc12 = -0.00330783
      pc13 = 0.300063
      pc14 = -0.121512
      pc15 = -0.0919532
      pc16 = 0.110344
      pc17 = -0.0143972
      pc18 = -0.0418723
      pc19 = -0.0441158
Constrained:
   Tgbecnw = 77560.1
     Tecnw = 25957.5
       Tnw = 17337.9
       Tec = 15326.7
     twoNb = 531761
     twoNe = 146902
     twoNc = 4.08998e+06
     twoNn = 5.86635e+06
     twoNw = 1.05968e+08
    twoNec = 61393.5
    twoNnw = 27007.7
  twoNecnw = 68785.1
  twoNbecnw = 910.51
  twoNgbecnw = 381278
         m = 0.0808474
        m2 = 0.0327141
        m3 = 0.255118
        m5 = 0.141786
        m6 = 0.0245531
        Tb = 20642.1
        Ta = 47921.1
        Tc = 8668.94
        Te = 4334.47
        Tf = 2167.23
#       SitePat  BranchLen
              b 121208.3701992
              e 47288.9497692
              c 49518.6820593
              n 43640.9405125
              w 45771.7742015
            b:e 2099.9985961
            b:c 2356.0171015
            b:n 1590.9070103
            b:w 1725.6158059
            e:c 10099.5049228
            e:n 5680.0909258
            e:w 5012.1985888
            c:n 5126.8629978
            c:w 4341.5752903
            n:w 12118.9752235
          b:e:c 1947.6706769
          b:e:n 1007.6997996
          b:e:w 1036.1379841
          b:c:n 1029.2551757
          b:c:w 1035.0951770
          b:n:w 1930.9498182
          e:c:n 4900.2193322
          e:c:w 4090.9376413
          e:n:w 6239.0406129
          c:n:w 5293.6459071
        b:e:c:n 1988.6020372
        b:e:c:w 1951.2431566
        b:e:n:w 3132.1222727
        b:c:n:w 2795.1048163
        e:c:n:w 50360.3735316
