########################################
# legofit: estimate population history #
#       version 2.3.4-4-g53f8760       #
########################################

# Program was compiled: Sep 21 2021 14:36:42
# Program was run: Thu Sep 23 15:19:40 2021

# cmd: legofit -1 -d 0 -t 56 --ptsPerDim 3 --stateOut b1boot30.state --tol 3e-6 -S 5000 abcef2.lgo ../../boot/boot30.opf
# Stage nOptItr nSimReps
#     0    5000        0
# algorithm          : deterministic
# ignoring probs <=  : 0
# Branch length floor: 0
# DE strategy        : 2
#    F               : 0.3
#    CR              : 0.8
#    tolerance       : 3e-06
# nthreads           : 56
# lgo input file     : abcef2.lgo
# site pat input file: ../../boot/boot30.opf
# free parameters    : 19
# points in DE swarm : 57
# output state file  : b1boot30.state
# Including singleton site patterns.
# cost function      : KL
Initial parameter values
Fixed:
      zero = 0
       one = 1
    Tbecnw = 75200
Free:
       pc1 = 0
       pc2 = 0
       pc3 = 0
       pc4 = 0
       pc5 = 0
       pc6 = 0
       pc7 = 0
       pc8 = 0
       pc9 = 0
      pc10 = 0
      pc11 = 0
      pc12 = 0
      pc13 = 0
      pc14 = 0
      pc15 = 0
      pc16 = 0
      pc17 = 0
      pc18 = 0
      pc19 = 0
Constrained:
   Tgbecnw = 104782
     Tecnw = 27140
       Tnw = 19021.5
       Tec = 16721.8
     twoNb = 724834
     twoNe = 172388
     twoNc = 1.34254e+06
     twoNn = 2.27416e+06
     twoNw = 2.98905e+07
    twoNec = 60093.9
    twoNnw = 24874.6
  twoNecnw = 75101.5
  twoNbecnw = 10970.8
  twoNgbecnw = 336578
         m = 0.0995938
        m2 = 0.0318112
        m3 = 0.259429
        m5 = 0.14725
        m6 = 0.026026
        Tb = 21930.9
        Ta = 48565.5
        Tc = 9510.77
        Te = 4755.39
        Tf = 2377.69
DiffEv reached_goal. cost=1.53245e-03 spread=2.82289e-06
Fitted parameter values
Free:
       pc1 = 3.32728
       pc2 = -3.09727
       pc3 = 1.94073
       pc4 = -2.39305
       pc5 = 0.687362
       pc6 = -0.675977
       pc7 = -1.40913
       pc8 = -0.335018
       pc9 = -0.213116
      pc10 = -0.392992
      pc11 = 0.0883796
      pc12 = 0.0938876
      pc13 = -0.0744421
      pc14 = 0.22414
      pc15 = -0.0558071
      pc16 = 0.11314
      pc17 = 0.0168042
      pc18 = -0.0910169
      pc19 = -0.00955621
Constrained:
   Tgbecnw = 78919.9
     Tecnw = 26080.2
       Tnw = 17150.6
       Tec = 15263.7
     twoNb = 686900
     twoNe = 160195
     twoNc = 2.53554e+06
     twoNn = 3.2392e+06
     twoNw = 8.70868e+07
    twoNec = 62688.5
    twoNnw = 27299.8
  twoNecnw = 68793.9
  twoNbecnw = 1447.07
  twoNgbecnw = 372134
         m = 0.0831456
        m2 = 0.0317025
        m3 = 0.260024
        m5 = 0.144805
        m6 = 0.0198802
        Tb = 20672
        Ta = 47936
        Tc = 8575.29
        Te = 4287.64
        Tf = 2143.82
#       SitePat  BranchLen
              b 121747.6984700
              e 47353.8069972
              c 49719.1663413
              n 43638.9060820
              w 45782.3065700
            b:e 2081.1271648
            b:c 2349.3149662
            b:n 1592.3104295
            b:w 1737.8933452
            e:c 10147.9567115
            e:n 5684.6768028
            e:w 5058.2069603
            c:n 5149.2774148
            c:w 4311.9340397
            n:w 12245.6066005
          b:e:c 1961.5391960
          b:e:n 1008.2268731
          b:e:w 1044.7790093
          b:c:n 1036.8439086
          b:c:w 1036.6554608
          b:n:w 1950.5281436
          e:c:n 4920.4042782
          e:c:w 4097.1080974
          e:n:w 6308.9958244
          c:n:w 5294.3517402
        b:e:c:n 1994.7572124
        b:e:c:w 1956.5195760
        b:e:n:w 3150.9437880
        b:c:n:w 2793.2195219
        e:c:n:w 50673.3088047
