########################################
# legofit: estimate population history #
#       version 2.3.4-4-g53f8760       #
########################################

# Program was compiled: Sep 21 2021 14:36:42
# Program was run: Thu Sep 23 09:44:18 2021

# cmd: legofit -1 -d 0 -t 56 --ptsPerDim 3 --stateOut b1boot18.state --tol 3e-6 -S 5000 abcef2.lgo ../../boot/boot18.opf
# Stage nOptItr nSimReps
#     0    5000        0
# algorithm          : deterministic
# ignoring probs <=  : 0
# Branch length floor: 0
# DE strategy        : 2
#    F               : 0.3
#    CR              : 0.8
#    tolerance       : 3e-06
# nthreads           : 56
# lgo input file     : abcef2.lgo
# site pat input file: ../../boot/boot18.opf
# free parameters    : 19
# points in DE swarm : 57
# output state file  : b1boot18.state
# Including singleton site patterns.
# cost function      : KL
Initial parameter values
Fixed:
      zero = 0
       one = 1
    Tbecnw = 75200
Free:
       pc1 = 0
       pc2 = 0
       pc3 = 0
       pc4 = 0
       pc5 = 0
       pc6 = 0
       pc7 = 0
       pc8 = 0
       pc9 = 0
      pc10 = 0
      pc11 = 0
      pc12 = 0
      pc13 = 0
      pc14 = 0
      pc15 = 0
      pc16 = 0
      pc17 = 0
      pc18 = 0
      pc19 = 0
Constrained:
   Tgbecnw = 104782
     Tecnw = 27140
       Tnw = 19021.5
       Tec = 16721.8
     twoNb = 724834
     twoNe = 172388
     twoNc = 1.34254e+06
     twoNn = 2.27416e+06
     twoNw = 2.98905e+07
    twoNec = 60093.9
    twoNnw = 24874.6
  twoNecnw = 75101.5
  twoNbecnw = 10970.8
  twoNgbecnw = 336578
         m = 0.0995938
        m2 = 0.0318112
        m3 = 0.259429
        m5 = 0.14725
        m6 = 0.026026
        Tb = 21930.9
        Ta = 48565.5
        Tc = 9510.77
        Te = 4755.39
        Tf = 2377.69
DiffEv reached_goal. cost=1.50897e-03 spread=2.81168e-06
Fitted parameter values
Free:
       pc1 = 3.80535
       pc2 = -3.34663
       pc3 = 1.98173
       pc4 = -2.64201
       pc5 = 1.66308
       pc6 = -0.39468
       pc7 = -0.118592
       pc8 = 0.168118
       pc9 = 0.283169
      pc10 = -1.01428
      pc11 = 0.113475
      pc12 = 0.374201
      pc13 = 0.234017
      pc14 = -0.209239
      pc15 = -0.145541
      pc16 = 0.0245919
      pc17 = -0.0121995
      pc18 = -0.00888084
      pc19 = -0.0338534
Constrained:
   Tgbecnw = 79371.6
     Tecnw = 25923.2
       Tnw = 16744.5
       Tec = 15494.4
     twoNb = 598673
     twoNe = 177234
     twoNc = 3.34002e+06
     twoNn = 3.98768e+06
     twoNw = 6.27427e+07
    twoNec = 61367.3
    twoNnw = 28552.7
  twoNecnw = 68313.7
  twoNbecnw = 1581.03
  twoNgbecnw = 394742
         m = 0.0768571
        m2 = 0.0328056
        m3 = 0.263873
        m5 = 0.137069
        m6 = 0.0202431
        Tb = 20708.8
        Ta = 47954.4
        Tc = 8372.23
        Te = 4186.12
        Tf = 2093.06
#       SitePat  BranchLen
              b 121275.7146901
              e 47334.8384199
              c 49546.4271708
              n 43576.3405778
              w 45711.9426521
            b:e 2089.7536274
            b:c 2340.0197187
            b:n 1589.7700552
            b:w 1728.1629932
            e:c 10080.4142221
            e:n 5678.7675684
            e:w 5034.6782254
            c:n 5160.8140885
            c:w 4343.7184058
            n:w 12179.7958726
          b:e:c 1940.6939068
          b:e:n 1005.5389419
          b:e:w 1038.4535572
          b:c:n 1030.4341796
          b:c:w 1033.1142144
          b:n:w 1927.4036464
          e:c:n 4927.3177576
          e:c:w 4108.7857574
          e:n:w 6253.4602842
          c:n:w 5314.5897608
        b:e:c:n 1985.1347132
        b:e:c:w 1955.2621277
        b:e:n:w 3137.3587129
        b:c:n:w 2803.7317771
        e:c:n:w 50310.0892430
