########################################
# legofit: estimate population history #
#       version 2.3.4-4-g53f8760       #
########################################

# Program was compiled: Sep 21 2021 14:36:42
# Program was run: Thu Sep 23 08:23:52 2021

# cmd: legofit -1 -d 0 -t 56 --ptsPerDim 3 --stateOut b1boot14.state --tol 3e-6 -S 5000 abcef2.lgo ../../boot/boot14.opf
# Stage nOptItr nSimReps
#     0    5000        0
# algorithm          : deterministic
# ignoring probs <=  : 0
# Branch length floor: 0
# DE strategy        : 2
#    F               : 0.3
#    CR              : 0.8
#    tolerance       : 3e-06
# nthreads           : 56
# lgo input file     : abcef2.lgo
# site pat input file: ../../boot/boot14.opf
# free parameters    : 19
# points in DE swarm : 57
# output state file  : b1boot14.state
# Including singleton site patterns.
# cost function      : KL
Initial parameter values
Fixed:
      zero = 0
       one = 1
    Tbecnw = 75200
Free:
       pc1 = 0
       pc2 = 0
       pc3 = 0
       pc4 = 0
       pc5 = 0
       pc6 = 0
       pc7 = 0
       pc8 = 0
       pc9 = 0
      pc10 = 0
      pc11 = 0
      pc12 = 0
      pc13 = 0
      pc14 = 0
      pc15 = 0
      pc16 = 0
      pc17 = 0
      pc18 = 0
      pc19 = 0
Constrained:
   Tgbecnw = 104782
     Tecnw = 27140
       Tnw = 19021.5
       Tec = 16721.8
     twoNb = 724834
     twoNe = 172388
     twoNc = 1.34254e+06
     twoNn = 2.27416e+06
     twoNw = 2.98905e+07
    twoNec = 60093.9
    twoNnw = 24874.6
  twoNecnw = 75101.5
  twoNbecnw = 10970.8
  twoNgbecnw = 336578
         m = 0.0995938
        m2 = 0.0318112
        m3 = 0.259429
        m5 = 0.14725
        m6 = 0.026026
        Tb = 21930.9
        Ta = 48565.5
        Tc = 9510.77
        Te = 4755.39
        Tf = 2377.69
DiffEv reached_goal. cost=1.49571e-03 spread=2.99139e-06
Fitted parameter values
Free:
       pc1 = 3.38013
       pc2 = -3.74164
       pc3 = 1.93959
       pc4 = -1.2901
       pc5 = 1.74038
       pc6 = -0.384649
       pc7 = -0.696849
       pc8 = 0.316157
       pc9 = 1.31981
      pc10 = -1.11523
      pc11 = 0.834348
      pc12 = 0.0703277
      pc13 = 0.0479349
      pc14 = -0.0670474
      pc15 = -0.0294846
      pc16 = 0.0140151
      pc17 = -0.0177909
      pc18 = -0.0483971
      pc19 = -0.0178781
Constrained:
   Tgbecnw = 78941.5
     Tecnw = 26036.3
       Tnw = 17563.3
       Tec = 15134.9
     twoNb = 533378
     twoNe = 161164
     twoNc = 3.05882e+06
     twoNn = 1.03997e+06
     twoNw = 3.22268e+07
    twoNec = 63451.2
    twoNnw = 25232.1
  twoNecnw = 68944.9
  twoNbecnw = 1433.08
  twoNgbecnw = 386433
         m = 0.0796132
        m2 = 0.0324171
        m3 = 0.271584
        m5 = 0.141421
        m6 = 0.0245404
        Tb = 20585.6
        Ta = 47892.8
        Tc = 8781.63
        Te = 4390.82
        Tf = 2195.41
#       SitePat  BranchLen
              b 121524.6188086
              e 47381.9207079
              c 49625.1745495
              n 43571.7590433
              w 45771.9325599
            b:e 2116.4027729
            b:c 2376.3164936
            b:n 1594.9927472
            b:w 1733.3681989
            e:c 10105.0131977
            e:n 5690.9976671
            e:w 5043.0849669
            c:n 5188.0081833
            c:w 4332.3526373
            n:w 12209.4815848
          b:e:c 1961.6060703
          b:e:n 1010.2765867
          b:e:w 1045.9045575
          b:c:n 1038.3132687
          b:c:w 1037.8918137
          b:n:w 1943.5345292
          e:c:n 4916.4225217
          e:c:w 4080.1213596
          e:n:w 6308.3674258
          c:n:w 5338.9557580
        b:e:c:n 1995.2644258
        b:e:c:w 1961.3784055
        b:e:n:w 3150.4450837
        b:c:n:w 2810.3870414
        e:c:n:w 50533.4952694
