########################################
# legofit: estimate population history #
#       version 2.3.4-4-g53f8760       #
########################################

# Program was compiled: Sep 21 2021 14:36:42
# Program was run: Thu Sep 23 18:11:53 2021

# cmd: legofit -1 -d 0 -t 56 --ptsPerDim 3 --stateOut b1boot48.state --tol 3e-6 -S 5000 abcef2.lgo ../../boot/boot48.opf
# Stage nOptItr nSimReps
#     0    5000        0
# algorithm          : deterministic
# ignoring probs <=  : 0
# Branch length floor: 0
# DE strategy        : 2
#    F               : 0.3
#    CR              : 0.8
#    tolerance       : 3e-06
# nthreads           : 56
# lgo input file     : abcef2.lgo
# site pat input file: ../../boot/boot48.opf
# free parameters    : 19
# points in DE swarm : 57
# output state file  : b1boot48.state
# Including singleton site patterns.
# cost function      : KL
Initial parameter values
Fixed:
      zero = 0
       one = 1
    Tbecnw = 75200
Free:
       pc1 = 0
       pc2 = 0
       pc3 = 0
       pc4 = 0
       pc5 = 0
       pc6 = 0
       pc7 = 0
       pc8 = 0
       pc9 = 0
      pc10 = 0
      pc11 = 0
      pc12 = 0
      pc13 = 0
      pc14 = 0
      pc15 = 0
      pc16 = 0
      pc17 = 0
      pc18 = 0
      pc19 = 0
Constrained:
   Tgbecnw = 104782
     Tecnw = 27140
       Tnw = 19021.5
       Tec = 16721.8
     twoNb = 724834
     twoNe = 172388
     twoNc = 1.34254e+06
     twoNn = 2.27416e+06
     twoNw = 2.98905e+07
    twoNec = 60093.9
    twoNnw = 24874.6
  twoNecnw = 75101.5
  twoNbecnw = 10970.8
  twoNgbecnw = 336578
         m = 0.0995938
        m2 = 0.0318112
        m3 = 0.259429
        m5 = 0.14725
        m6 = 0.026026
        Tb = 21930.9
        Ta = 48565.5
        Tc = 9510.77
        Te = 4755.39
        Tf = 2377.69
DiffEv reached_goal. cost=1.51418e-03 spread=2.99152e-06
Fitted parameter values
Free:
       pc1 = 3.56363
       pc2 = -3.26169
       pc3 = 1.99793
       pc4 = -2.91429
       pc5 = 1.44016
       pc6 = 0.580795
       pc7 = -0.196054
       pc8 = 1.65116
       pc9 = -0.6598
      pc10 = 0.427389
      pc11 = -0.906601
      pc12 = 0.387947
      pc13 = 0.0504036
      pc14 = 0.139541
      pc15 = -0.265589
      pc16 = 0.0737209
      pc17 = -0.049186
      pc18 = -0.0557571
      pc19 = -0.0242203
Constrained:
   Tgbecnw = 79572.1
     Tecnw = 25771.6
       Tnw = 17230.2
       Tec = 15711.1
     twoNb = 624861
     twoNe = 170997
     twoNc = 1.47228e+06
     twoNn = 1.05791e+07
     twoNw = 6.63866e+07
    twoNec = 59558.8
    twoNnw = 26815.8
  twoNecnw = 69249.7
  twoNbecnw = 1675.34
  twoNgbecnw = 383522
         m = 0.0807083
        m2 = 0.0331962
        m3 = 0.262844
        m5 = 0.138774
        m6 = 0.0133847
        Tb = 20741.3
        Ta = 47970.7
        Tc = 8615.12
        Te = 4307.56
        Tf = 2153.78
#       SitePat  BranchLen
              b 121782.7465777
              e 47434.6465758
              c 49779.6172186
              n 43759.5844708
              w 45903.9176634
            b:e 2098.1317932
            b:c 2366.1371958
            b:n 1603.4678007
            b:w 1744.0530301
            e:c 10121.0574838
            e:n 5708.1802527
            e:w 5073.2821477
            c:n 5171.7575551
            c:w 4336.1743459
            n:w 12185.0156325
          b:e:c 1956.7958467
          b:e:n 1013.2694626
          b:e:w 1049.0203900
          b:c:n 1040.9771841
          b:c:w 1042.2165825
          b:n:w 1945.1628764
          e:c:n 4946.0632569
          e:c:w 4122.9872951
          e:n:w 6296.1493197
          c:n:w 5295.8966259
        b:e:c:n 2005.3050396
        b:e:c:w 1976.9536250
        b:e:n:w 3191.1099314
        b:c:n:w 2831.0131391
        e:c:n:w 50653.4082832
