########################################
# legofit: estimate population history #
#       version 2.3.4-4-g53f8760       #
########################################

# Program was compiled: Sep 21 2021 14:36:42
# Program was run: Thu Sep 23 16:12:46 2021

# cmd: legofit -1 -d 0 -t 56 --ptsPerDim 3 --stateOut b1boot32.state --tol 3e-6 -S 5000 abcef2.lgo ../../boot/boot32.opf
# Stage nOptItr nSimReps
#     0    5000        0
# algorithm          : deterministic
# ignoring probs <=  : 0
# Branch length floor: 0
# DE strategy        : 2
#    F               : 0.3
#    CR              : 0.8
#    tolerance       : 3e-06
# nthreads           : 56
# lgo input file     : abcef2.lgo
# site pat input file: ../../boot/boot32.opf
# free parameters    : 19
# points in DE swarm : 57
# output state file  : b1boot32.state
# Including singleton site patterns.
# cost function      : KL
Initial parameter values
Fixed:
      zero = 0
       one = 1
    Tbecnw = 75200
Free:
       pc1 = 0
       pc2 = 0
       pc3 = 0
       pc4 = 0
       pc5 = 0
       pc6 = 0
       pc7 = 0
       pc8 = 0
       pc9 = 0
      pc10 = 0
      pc11 = 0
      pc12 = 0
      pc13 = 0
      pc14 = 0
      pc15 = 0
      pc16 = 0
      pc17 = 0
      pc18 = 0
      pc19 = 0
Constrained:
   Tgbecnw = 104782
     Tecnw = 27140
       Tnw = 19021.5
       Tec = 16721.8
     twoNb = 724834
     twoNe = 172388
     twoNc = 1.34254e+06
     twoNn = 2.27416e+06
     twoNw = 2.98905e+07
    twoNec = 60093.9
    twoNnw = 24874.6
  twoNecnw = 75101.5
  twoNbecnw = 10970.8
  twoNgbecnw = 336578
         m = 0.0995938
        m2 = 0.0318112
        m3 = 0.259429
        m5 = 0.14725
        m6 = 0.026026
        Tb = 21930.9
        Ta = 48565.5
        Tc = 9510.77
        Te = 4755.39
        Tf = 2377.69
DiffEv reached_goal. cost=1.53372e-03 spread=2.00090e-06
Fitted parameter values
Free:
       pc1 = 3.65544
       pc2 = -3.90817
       pc3 = 1.99743
       pc4 = -2.81195
       pc5 = 1.05896
       pc6 = 0.835478
       pc7 = -0.229506
       pc8 = 1.03887
       pc9 = -1.03883
      pc10 = 0.0593941
      pc11 = -0.261359
      pc12 = 0.200862
      pc13 = 0.246324
      pc14 = 0.0806372
      pc15 = -0.227363
      pc16 = -0.0215655
      pc17 = -0.0515516
      pc18 = -0.0542195
      pc19 = -0.0280867
Constrained:
   Tgbecnw = 77962.4
     Tecnw = 25729.5
       Tnw = 16923.9
       Tec = 15775.2
     twoNb = 584559
     twoNe = 166183
     twoNc = 1.74536e+06
     twoNn = 9.7093e+06
     twoNw = 5.8415e+07
    twoNec = 58972.6
    twoNnw = 27679.6
  twoNecnw = 69068
  twoNbecnw = 1050.3
  twoNgbecnw = 394164
         m = 0.078781
        m2 = 0.0320659
        m3 = 0.25863
        m5 = 0.139533
        m6 = 0.0173639
        Tb = 20752.4
        Ta = 47976.2
        Tc = 8461.94
        Te = 4230.97
        Tf = 2115.48
#       SitePat  BranchLen
              b 121558.0058013
              e 47270.5644918
              c 49578.0513508
              n 43570.2272716
              w 45683.6151952
            b:e 2081.7378842
            b:c 2342.7660086
            b:n 1588.0187473
            b:w 1726.3688550
            e:c 10058.2672252
            e:n 5690.8155683
            e:w 5046.0842333
            c:n 5135.2547889
            c:w 4337.1014263
            n:w 12164.5168509
          b:e:c 1941.5636893
          b:e:n 1006.8443943
          b:e:w 1038.3106288
          b:c:n 1031.0313640
          b:c:w 1034.9564481
          b:n:w 1927.2504964
          e:c:n 4907.5926350
          e:c:w 4097.4185642
          e:n:w 6254.2848531
          c:n:w 5277.3181312
        b:e:c:n 1987.9733634
        b:e:c:w 1953.9028335
        b:e:n:w 3142.0695046
        b:c:n:w 2794.2320171
        e:c:n:w 50677.6023754
