########################################
# legofit: estimate population history #
#       version 2.3.4-4-g53f8760       #
########################################

# Program was compiled: Sep 21 2021 14:36:42
# Program was run: Thu Sep 23 11:13:31 2021

# cmd: legofit -1 -d 0 -t 56 --ptsPerDim 3 --stateOut b1boot22.state --tol 3e-6 -S 5000 abcef2.lgo ../../boot/boot22.opf
# Stage nOptItr nSimReps
#     0    5000        0
# algorithm          : deterministic
# ignoring probs <=  : 0
# Branch length floor: 0
# DE strategy        : 2
#    F               : 0.3
#    CR              : 0.8
#    tolerance       : 3e-06
# nthreads           : 56
# lgo input file     : abcef2.lgo
# site pat input file: ../../boot/boot22.opf
# free parameters    : 19
# points in DE swarm : 57
# output state file  : b1boot22.state
# Including singleton site patterns.
# cost function      : KL
Initial parameter values
Fixed:
      zero = 0
       one = 1
    Tbecnw = 75200
Free:
       pc1 = 0
       pc2 = 0
       pc3 = 0
       pc4 = 0
       pc5 = 0
       pc6 = 0
       pc7 = 0
       pc8 = 0
       pc9 = 0
      pc10 = 0
      pc11 = 0
      pc12 = 0
      pc13 = 0
      pc14 = 0
      pc15 = 0
      pc16 = 0
      pc17 = 0
      pc18 = 0
      pc19 = 0
Constrained:
   Tgbecnw = 104782
     Tecnw = 27140
       Tnw = 19021.5
       Tec = 16721.8
     twoNb = 724834
     twoNe = 172388
     twoNc = 1.34254e+06
     twoNn = 2.27416e+06
     twoNw = 2.98905e+07
    twoNec = 60093.9
    twoNnw = 24874.6
  twoNecnw = 75101.5
  twoNbecnw = 10970.8
  twoNgbecnw = 336578
         m = 0.0995938
        m2 = 0.0318112
        m3 = 0.259429
        m5 = 0.14725
        m6 = 0.026026
        Tb = 21930.9
        Ta = 48565.5
        Tc = 9510.77
        Te = 4755.39
        Tf = 2377.69
DiffEv reached_goal. cost=1.51162e-03 spread=2.37413e-06
Fitted parameter values
Free:
       pc1 = 3.50101
       pc2 = -3.31443
       pc3 = 1.91012
       pc4 = -2.92337
       pc5 = 0.865831
       pc6 = 0.0789746
       pc7 = 0.511309
       pc8 = 0.177105
       pc9 = -0.71304
      pc10 = -0.640613
      pc11 = 0.993266
      pc12 = 0.417396
      pc13 = -0.34465
      pc14 = -0.0524866
      pc15 = -0.19066
      pc16 = 0.0909801
      pc17 = 0.0372176
      pc18 = 0.0148599
      pc19 = -0.0290061
Constrained:
   Tgbecnw = 82212.4
     Tecnw = 26087.5
       Tnw = 16895.5
       Tec = 15387.1
     twoNb = 544913
     twoNe = 188685
     twoNc = 3.53718e+06
     twoNn = 6.76005e+06
     twoNw = 6.98715e+07
    twoNec = 63055.9
    twoNnw = 28725.7
  twoNecnw = 69469.8
  twoNbecnw = 2631.11
  twoNgbecnw = 400103
         m = 0.0770641
        m2 = 0.0314611
        m3 = 0.258946
        m5 = 0.14444
        m6 = 0.0189879
        Tb = 20737.3
        Ta = 47968.6
        Tc = 8447.76
        Te = 4223.88
        Tf = 2111.94
#       SitePat  BranchLen
              b 122306.7539792
              e 47648.2230672
              c 49968.3157485
              n 43959.9679085
              w 46048.2919088
            b:e 2123.4806927
            b:c 2391.4481035
            b:n 1624.1679858
            b:w 1760.4960708
            e:c 10173.6258706
            e:n 5708.0737870
            e:w 5125.7541126
            c:n 5208.7523180
            c:w 4368.0777524
            n:w 12284.3085588
          b:e:c 1980.3044469
          b:e:n 1024.2803874
          b:e:w 1062.5592178
          b:c:n 1055.8364444
          b:c:w 1050.8662518
          b:n:w 1964.2174433
          e:c:n 4947.7106334
          e:c:w 4148.6580042
          e:n:w 6333.4439184
          c:n:w 5335.1337374
        b:e:c:n 2022.8485271
        b:e:c:w 1986.9347213
        b:e:n:w 3169.7710411
        b:c:n:w 2817.1558458
        e:c:n:w 50885.4529263
