########################################
# legofit: estimate population history #
#       version 2.3.4-4-g53f8760       #
########################################

# Program was compiled: Sep 21 2021 14:36:42
# Program was run: Thu Sep 23 05:08:39 2021

# cmd: legofit -1 -d 0 -t 56 --ptsPerDim 3 --stateOut b1boot4.state --tol 3e-6 -S 5000 abcef2.lgo ../../boot/boot4.opf
# Stage nOptItr nSimReps
#     0    5000        0
# algorithm          : deterministic
# ignoring probs <=  : 0
# Branch length floor: 0
# DE strategy        : 2
#    F               : 0.3
#    CR              : 0.8
#    tolerance       : 3e-06
# nthreads           : 56
# lgo input file     : abcef2.lgo
# site pat input file: ../../boot/boot4.opf
# free parameters    : 19
# points in DE swarm : 57
# output state file  : b1boot4.state
# Including singleton site patterns.
# cost function      : KL
Initial parameter values
Fixed:
      zero = 0
       one = 1
    Tbecnw = 75200
Free:
       pc1 = 0
       pc2 = 0
       pc3 = 0
       pc4 = 0
       pc5 = 0
       pc6 = 0
       pc7 = 0
       pc8 = 0
       pc9 = 0
      pc10 = 0
      pc11 = 0
      pc12 = 0
      pc13 = 0
      pc14 = 0
      pc15 = 0
      pc16 = 0
      pc17 = 0
      pc18 = 0
      pc19 = 0
Constrained:
   Tgbecnw = 104782
     Tecnw = 27140
       Tnw = 19021.5
       Tec = 16721.8
     twoNb = 724834
     twoNe = 172388
     twoNc = 1.34254e+06
     twoNn = 2.27416e+06
     twoNw = 2.98905e+07
    twoNec = 60093.9
    twoNnw = 24874.6
  twoNecnw = 75101.5
  twoNbecnw = 10970.8
  twoNgbecnw = 336578
         m = 0.0995938
        m2 = 0.0318112
        m3 = 0.259429
        m5 = 0.14725
        m6 = 0.026026
        Tb = 21930.9
        Ta = 48565.5
        Tc = 9510.77
        Te = 4755.39
        Tf = 2377.69
DiffEv reached_goal. cost=1.50963e-03 spread=2.95932e-06
Fitted parameter values
Free:
       pc1 = 3.47942
       pc2 = -3.51592
       pc3 = 1.78123
       pc4 = -1.80737
       pc5 = 1.42242
       pc6 = -0.410935
       pc7 = -1.30187
       pc8 = 0.928205
       pc9 = -0.137813
      pc10 = -0.535266
      pc11 = -0.671794
      pc12 = 0.171946
      pc13 = -0.016232
      pc14 = 0.120001
      pc15 = -0.242119
      pc16 = 0.0828009
      pc17 = -0.0102903
      pc18 = -0.0591872
      pc19 = -0.0505647
Constrained:
   Tgbecnw = 77556.7
     Tecnw = 25950.6
       Tnw = 17633.2
       Tec = 15455.7
     twoNb = 705715
     twoNe = 160959
     twoNc = 1.39936e+06
     twoNn = 4.79352e+06
     twoNw = 5.56664e+07
    twoNec = 60305.8
    twoNnw = 25452.3
  twoNecnw = 68498.5
  twoNbecnw = 906.403
  twoNgbecnw = 384432
         m = 0.0799346
        m2 = 0.0327122
        m3 = 0.266152
        m5 = 0.142331
        m6 = 0.0200422
        Tb = 20703.2
        Ta = 47951.6
        Tc = 8816.6
        Te = 4408.3
        Tf = 2204.15
#       SitePat  BranchLen
              b 121247.0765260
              e 47203.9105855
              c 49500.6257979
              n 43559.3804805
              w 45747.3124005
            b:e 2061.2885952
            b:c 2321.7355901
            b:n 1578.4083506
            b:w 1726.3042370
            e:c 10100.5620101
            e:n 5665.7069043
            e:w 5019.9044800
            c:n 5147.9041790
            c:w 4296.5603300
            n:w 12092.3817688
          b:e:c 1939.2926373
          b:e:n 999.4478084
          b:e:w 1036.4991942
          b:c:n 1027.5046567
          b:c:w 1028.8723969
          b:n:w 1930.4860611
          e:c:n 4923.0766039
          e:c:w 4078.4666058
          e:n:w 6246.1962754
          c:n:w 5261.3053719
        b:e:c:n 1983.5719917
        b:e:c:w 1951.0813865
        b:e:n:w 3145.1892526
        b:c:n:w 2793.6347482
        e:c:n:w 50416.1993226
