########################################
# legofit: estimate population history #
#       version 2.3.4-4-g53f8760       #
########################################

# Program was compiled: Sep 21 2021 14:36:42
# Program was run: Thu Sep 23 16:35:40 2021

# cmd: legofit -1 -d 0 -t 56 --ptsPerDim 3 --stateOut b1boot38.state --tol 3e-6 -S 5000 abcef2.lgo ../../boot/boot38.opf
# Stage nOptItr nSimReps
#     0    5000        0
# algorithm          : deterministic
# ignoring probs <=  : 0
# Branch length floor: 0
# DE strategy        : 2
#    F               : 0.3
#    CR              : 0.8
#    tolerance       : 3e-06
# nthreads           : 56
# lgo input file     : abcef2.lgo
# site pat input file: ../../boot/boot38.opf
# free parameters    : 19
# points in DE swarm : 57
# output state file  : b1boot38.state
# Including singleton site patterns.
# cost function      : KL
Initial parameter values
Fixed:
      zero = 0
       one = 1
    Tbecnw = 75200
Free:
       pc1 = 0
       pc2 = 0
       pc3 = 0
       pc4 = 0
       pc5 = 0
       pc6 = 0
       pc7 = 0
       pc8 = 0
       pc9 = 0
      pc10 = 0
      pc11 = 0
      pc12 = 0
      pc13 = 0
      pc14 = 0
      pc15 = 0
      pc16 = 0
      pc17 = 0
      pc18 = 0
      pc19 = 0
Constrained:
   Tgbecnw = 104782
     Tecnw = 27140
       Tnw = 19021.5
       Tec = 16721.8
     twoNb = 724834
     twoNe = 172388
     twoNc = 1.34254e+06
     twoNn = 2.27416e+06
     twoNw = 2.98905e+07
    twoNec = 60093.9
    twoNnw = 24874.6
  twoNecnw = 75101.5
  twoNbecnw = 10970.8
  twoNgbecnw = 336578
         m = 0.0995938
        m2 = 0.0318112
        m3 = 0.259429
        m5 = 0.14725
        m6 = 0.026026
        Tb = 21930.9
        Ta = 48565.5
        Tc = 9510.77
        Te = 4755.39
        Tf = 2377.69
DiffEv reached_goal. cost=1.50050e-03 spread=2.58570e-06
Fitted parameter values
Free:
       pc1 = 3.54631
       pc2 = -3.94665
       pc3 = 1.88744
       pc4 = -1.09618
       pc5 = 1.92941
       pc6 = 0.40066
       pc7 = -0.77633
       pc8 = -0.992598
       pc9 = 0.212102
      pc10 = -0.938887
      pc11 = 0.0106974
      pc12 = 0.502964
      pc13 = 0.0161885
      pc14 = -0.0551335
      pc15 = -0.240994
      pc16 = 0.0789718
      pc17 = -0.0269649
      pc18 = -0.0366835
      pc19 = -0.0431268
Constrained:
   Tgbecnw = 78359.2
     Tecnw = 25753.6
       Tnw = 16771.8
       Tec = 14892.9
     twoNb = 561532
     twoNe = 165957
     twoNc = 1.61188e+06
     twoNn = 469153
     twoNw = 2.43579e+07
    twoNec = 65215.8
    twoNnw = 28323.3
  twoNecnw = 69102.9
  twoNbecnw = 1201.42
  twoNgbecnw = 390925
         m = 0.0789192
        m2 = 0.0321464
        m3 = 0.258341
        m5 = 0.138231
        m6 = 0.0155043
        Tb = 20323.2
        Ta = 47761.6
        Tc = 8385.89
        Te = 4192.95
        Tf = 2096.47
#       SitePat  BranchLen
              b 121330.8628674
              e 47302.9020664
              c 49581.5708484
              n 43614.7055120
              w 45704.7477244
            b:e 2085.2488541
            b:c 2344.0944228
            b:n 1586.6364176
            b:w 1717.1559371
            e:c 10094.8214773
            e:n 5671.8477584
            e:w 5055.2046019
            c:n 5152.0153722
            c:w 4331.2266968
            n:w 12185.9992836
          b:e:c 1935.9580996
          b:e:n 1002.5751466
          b:e:w 1036.6280432
          b:c:n 1029.8141538
          b:c:w 1029.3895960
          b:n:w 1919.7604450
          e:c:n 4884.5741407
          e:c:w 4096.1732906
          e:n:w 6249.5545612
          c:n:w 5279.2041844
        b:e:c:n 1978.4066065
        b:e:c:w 1950.0492692
        b:e:n:w 3132.2047179
        b:c:n:w 2788.8504519
        e:c:n:w 50391.4866048
