########################################
# legofit: estimate population history #
#       version 2.3.4-4-g53f8760       #
########################################

# Program was compiled: Sep 21 2021 14:36:42
# Program was run: Thu Sep 23 16:27:38 2021

# cmd: legofit -1 -d 0 -t 56 --ptsPerDim 3 --stateOut b1boot35.state --tol 3e-6 -S 5000 abcef2.lgo ../../boot/boot35.opf
# Stage nOptItr nSimReps
#     0    5000        0
# algorithm          : deterministic
# ignoring probs <=  : 0
# Branch length floor: 0
# DE strategy        : 2
#    F               : 0.3
#    CR              : 0.8
#    tolerance       : 3e-06
# nthreads           : 56
# lgo input file     : abcef2.lgo
# site pat input file: ../../boot/boot35.opf
# free parameters    : 19
# points in DE swarm : 57
# output state file  : b1boot35.state
# Including singleton site patterns.
# cost function      : KL
Initial parameter values
Fixed:
      zero = 0
       one = 1
    Tbecnw = 75200
Free:
       pc1 = 0
       pc2 = 0
       pc3 = 0
       pc4 = 0
       pc5 = 0
       pc6 = 0
       pc7 = 0
       pc8 = 0
       pc9 = 0
      pc10 = 0
      pc11 = 0
      pc12 = 0
      pc13 = 0
      pc14 = 0
      pc15 = 0
      pc16 = 0
      pc17 = 0
      pc18 = 0
      pc19 = 0
Constrained:
   Tgbecnw = 104782
     Tecnw = 27140
       Tnw = 19021.5
       Tec = 16721.8
     twoNb = 724834
     twoNe = 172388
     twoNc = 1.34254e+06
     twoNn = 2.27416e+06
     twoNw = 2.98905e+07
    twoNec = 60093.9
    twoNnw = 24874.6
  twoNecnw = 75101.5
  twoNbecnw = 10970.8
  twoNgbecnw = 336578
         m = 0.0995938
        m2 = 0.0318112
        m3 = 0.259429
        m5 = 0.14725
        m6 = 0.026026
        Tb = 21930.9
        Ta = 48565.5
        Tc = 9510.77
        Te = 4755.39
        Tf = 2377.69
DiffEv reached_goal. cost=1.49891e-03 spread=2.88249e-06
Fitted parameter values
Free:
       pc1 = 2.89567
       pc2 = -3.80451
       pc3 = 1.92293
       pc4 = -2.55305
       pc5 = 1.39271
       pc6 = 0.0427381
       pc7 = -0.116713
       pc8 = 0.798809
       pc9 = -0.55789
      pc10 = 0.511928
      pc11 = -0.00500244
      pc12 = 0.279027
      pc13 = 0.0109777
      pc14 = -0.114583
      pc15 = -0.115682
      pc16 = 0.0892275
      pc17 = -0.043181
      pc18 = -0.0550256
      pc19 = 0.00233773
Constrained:
   Tgbecnw = 80246.3
     Tecnw = 25776.3
       Tnw = 17548.3
       Tec = 15878.7
     twoNb = 534841
     twoNe = 175717
     twoNc = 1.47615e+06
     twoNn = 7.37612e+06
     twoNw = 7.8884e+07
    twoNec = 59302.2
    twoNnw = 25369
  twoNecnw = 70187.7
  twoNbecnw = 1920.48
  twoNgbecnw = 385251
         m = 0.0807742
        m2 = 0.0322311
        m3 = 0.262039
        m5 = 0.140009
        m6 = 0.0190351
        Tb = 20827.5
        Ta = 48013.7
        Tc = 8774.14
        Te = 4387.07
        Tf = 2193.53
#       SitePat  BranchLen
              b 121849.6971530
              e 47630.5555309
              c 49916.5588456
              n 43830.5054640
              w 45924.1230928
            b:e 2114.3511621
            b:c 2377.4900683
            b:n 1599.6368308
            b:w 1731.8111072
            e:c 10082.4261462
            e:n 5701.3128796
            e:w 5081.6958122
            c:n 5177.5244619
            c:w 4364.7184765
            n:w 12245.7152364
          b:e:c 1958.4753884
          b:e:n 1013.6543666
          b:e:w 1047.3837499
          b:c:n 1040.4915530
          b:c:w 1040.9503933
          b:n:w 1940.7227527
          e:c:n 4899.6224183
          e:c:w 4101.5924581
          e:n:w 6312.3420920
          c:n:w 5330.2764702
        b:e:c:n 1995.7690394
        b:e:c:w 1966.2419786
        b:e:n:w 3164.5642797
        b:c:n:w 2817.8495799
        e:c:n:w 50589.1023208
