########################################
# legofit: estimate population history #
#       version 2.3.4-4-g53f8760       #
########################################

# Program was compiled: Sep 21 2021 14:36:42
# Program was run: Thu Sep 23 07:42:13 2021

# cmd: legofit -1 -d 0 -t 56 --ptsPerDim 3 --stateOut b1boot10.state --tol 3e-6 -S 5000 abcef2.lgo ../../boot/boot10.opf
# Stage nOptItr nSimReps
#     0    5000        0
# algorithm          : deterministic
# ignoring probs <=  : 0
# Branch length floor: 0
# DE strategy        : 2
#    F               : 0.3
#    CR              : 0.8
#    tolerance       : 3e-06
# nthreads           : 56
# lgo input file     : abcef2.lgo
# site pat input file: ../../boot/boot10.opf
# free parameters    : 19
# points in DE swarm : 57
# output state file  : b1boot10.state
# Including singleton site patterns.
# cost function      : KL
Initial parameter values
Fixed:
      zero = 0
       one = 1
    Tbecnw = 75200
Free:
       pc1 = 0
       pc2 = 0
       pc3 = 0
       pc4 = 0
       pc5 = 0
       pc6 = 0
       pc7 = 0
       pc8 = 0
       pc9 = 0
      pc10 = 0
      pc11 = 0
      pc12 = 0
      pc13 = 0
      pc14 = 0
      pc15 = 0
      pc16 = 0
      pc17 = 0
      pc18 = 0
      pc19 = 0
Constrained:
   Tgbecnw = 104782
     Tecnw = 27140
       Tnw = 19021.5
       Tec = 16721.8
     twoNb = 724834
     twoNe = 172388
     twoNc = 1.34254e+06
     twoNn = 2.27416e+06
     twoNw = 2.98905e+07
    twoNec = 60093.9
    twoNnw = 24874.6
  twoNecnw = 75101.5
  twoNbecnw = 10970.8
  twoNgbecnw = 336578
         m = 0.0995938
        m2 = 0.0318112
        m3 = 0.259429
        m5 = 0.14725
        m6 = 0.026026
        Tb = 21930.9
        Ta = 48565.5
        Tc = 9510.77
        Te = 4755.39
        Tf = 2377.69
DiffEv reached_goal. cost=1.51314e-03 spread=2.58341e-06
Fitted parameter values
Free:
       pc1 = 3.25129
       pc2 = -3.65836
       pc3 = 1.98138
       pc4 = -2.86361
       pc5 = 1.09673
       pc6 = -0.376502
       pc7 = -0.244403
       pc8 = -1.5107
       pc9 = -0.0993972
      pc10 = -0.037444
      pc11 = 0.186912
      pc12 = 0.376645
      pc13 = -0.00659223
      pc14 = -0.089473
      pc15 = -0.0765404
      pc16 = 0.0658905
      pc17 = 0.00375389
      pc18 = -0.0246718
      pc19 = -0.0325078
Constrained:
   Tgbecnw = 80100
     Tecnw = 25755.5
       Tnw = 16740.5
       Tec = 15362.2
     twoNb = 529540
     twoNe = 173293
     twoNc = 2.78839e+06
     twoNn = 2.18902e+06
     twoNw = 9.77144e+07
    twoNec = 62387.4
    twoNnw = 28840.6
  twoNecnw = 69114.6
  twoNbecnw = 1879.89
  twoNgbecnw = 382451
         m = 0.0807964
        m2 = 0.0319489
        m3 = 0.251642
        m5 = 0.139775
        m6 = 0.0161152
        Tb = 20558.9
        Ta = 47879.4
        Tc = 8370.27
        Te = 4185.14
        Tf = 2092.57
#       SitePat  BranchLen
              b 121897.3335385
              e 47426.7073562
              c 49714.9153531
              n 43747.6231510
              w 45785.2641020
            b:e 2119.3616745
            b:c 2382.9455715
            b:n 1612.7689827
            b:w 1741.2465402
            e:c 10128.6144611
            e:n 5692.6895367
            e:w 5090.7225102
            c:n 5162.0882686
            c:w 4372.8332010
            n:w 12242.1819805
          b:e:c 1962.4397199
          b:e:n 1017.4246254
          b:e:w 1049.5903742
          b:c:n 1043.5814484
          b:c:w 1043.4362875
          b:n:w 1944.7203402
          e:c:n 4924.1059212
          e:c:w 4150.2827664
          e:n:w 6313.4235001
          c:n:w 5336.3141301
        b:e:c:n 2002.3922648
        b:e:c:w 1969.2984695
        b:e:n:w 3153.9338616
        b:c:n:w 2807.7391542
        e:c:n:w 50747.2260280
