########################################
# legofit: estimate population history #
#       version 2.3.4-4-g53f8760       #
########################################

# Program was compiled: Sep 21 2021 14:36:42
# Program was run: Thu Sep 23 06:08:39 2021

# cmd: legofit -1 -d 0 -t 56 --ptsPerDim 3 --stateOut b1boot6.state --tol 3e-6 -S 5000 abcef2.lgo ../../boot/boot6.opf
# Stage nOptItr nSimReps
#     0    5000        0
# algorithm          : deterministic
# ignoring probs <=  : 0
# Branch length floor: 0
# DE strategy        : 2
#    F               : 0.3
#    CR              : 0.8
#    tolerance       : 3e-06
# nthreads           : 56
# lgo input file     : abcef2.lgo
# site pat input file: ../../boot/boot6.opf
# free parameters    : 19
# points in DE swarm : 57
# output state file  : b1boot6.state
# Including singleton site patterns.
# cost function      : KL
Initial parameter values
Fixed:
      zero = 0
       one = 1
    Tbecnw = 75200
Free:
       pc1 = 0
       pc2 = 0
       pc3 = 0
       pc4 = 0
       pc5 = 0
       pc6 = 0
       pc7 = 0
       pc8 = 0
       pc9 = 0
      pc10 = 0
      pc11 = 0
      pc12 = 0
      pc13 = 0
      pc14 = 0
      pc15 = 0
      pc16 = 0
      pc17 = 0
      pc18 = 0
      pc19 = 0
Constrained:
   Tgbecnw = 104782
     Tecnw = 27140
       Tnw = 19021.5
       Tec = 16721.8
     twoNb = 724834
     twoNe = 172388
     twoNc = 1.34254e+06
     twoNn = 2.27416e+06
     twoNw = 2.98905e+07
    twoNec = 60093.9
    twoNnw = 24874.6
  twoNecnw = 75101.5
  twoNbecnw = 10970.8
  twoNgbecnw = 336578
         m = 0.0995938
        m2 = 0.0318112
        m3 = 0.259429
        m5 = 0.14725
        m6 = 0.026026
        Tb = 21930.9
        Ta = 48565.5
        Tc = 9510.77
        Te = 4755.39
        Tf = 2377.69
DiffEv reached_goal. cost=1.49543e-03 spread=2.92316e-06
Fitted parameter values
Free:
       pc1 = 3.64275
       pc2 = -3.69638
       pc3 = 1.94463
       pc4 = -2.32351
       pc5 = 1.71522
       pc6 = -0.0663166
       pc7 = -0.431277
       pc8 = 0.248711
       pc9 = -0.0472088
      pc10 = -0.609467
      pc11 = 0.426774
      pc12 = 0.367358
      pc13 = -0.0481987
      pc14 = -0.0142228
      pc15 = -0.145318
      pc16 = 0.0595613
      pc17 = -0.0516248
      pc18 = -0.0205494
      pc19 = -0.0717613
Constrained:
   Tgbecnw = 77974.8
     Tecnw = 25854.9
       Tnw = 16901.8
       Tec = 15347.7
     twoNb = 564160
     twoNe = 176986
     twoNc = 2.5186e+06
     twoNn = 4.46284e+06
     twoNw = 5.64332e+07
    twoNec = 62409.4
    twoNnw = 28122.7
  twoNecnw = 68786.2
  twoNbecnw = 1059.22
  twoNgbecnw = 391044
         m = 0.0785752
        m2 = 0.0322324
        m3 = 0.264114
        m5 = 0.141304
        m6 = 0.0193131
        Tb = 20601.3
        Ta = 47900.7
        Tc = 8450.91
        Te = 4225.45
        Tf = 2112.73
#       SitePat  BranchLen
              b 121277.1490014
              e 47299.9201509
              c 49559.4526494
              n 43639.4410395
              w 45751.1510905
            b:e 2090.8260616
            b:c 2349.0892628
            b:n 1595.8181748
            b:w 1730.0866902
            e:c 10031.4257390
            e:n 5685.8272529
            e:w 5068.1505985
            c:n 5175.1637716
            c:w 4346.1021843
            n:w 12092.6083308
          b:e:c 1937.4210715
          b:e:n 1009.9753420
          b:e:w 1045.1762047
          b:c:n 1037.9779977
          b:c:w 1037.2045325
          b:n:w 1921.7603213
          e:c:n 4908.2201827
          e:c:w 4104.3032809
          e:n:w 6246.4318307
          c:n:w 5283.7880745
        b:e:c:n 1992.6121588
        b:e:c:w 1962.8613909
        b:e:n:w 3135.9979584
        b:c:n:w 2793.5269035
        e:c:n:w 50398.3340573
