########################################
# legofit: estimate population history #
#       version 2.3.4-4-g53f8760       #
########################################

# Program was compiled: Sep 21 2021 14:36:42
# Program was run: Thu Sep 23 16:35:06 2021

# cmd: legofit -1 -d 0 -t 56 --ptsPerDim 3 --stateOut b1boot37.state --tol 3e-6 -S 5000 abcef2.lgo ../../boot/boot37.opf
# Stage nOptItr nSimReps
#     0    5000        0
# algorithm          : deterministic
# ignoring probs <=  : 0
# Branch length floor: 0
# DE strategy        : 2
#    F               : 0.3
#    CR              : 0.8
#    tolerance       : 3e-06
# nthreads           : 56
# lgo input file     : abcef2.lgo
# site pat input file: ../../boot/boot37.opf
# free parameters    : 19
# points in DE swarm : 57
# output state file  : b1boot37.state
# Including singleton site patterns.
# cost function      : KL
Initial parameter values
Fixed:
      zero = 0
       one = 1
    Tbecnw = 75200
Free:
       pc1 = 0
       pc2 = 0
       pc3 = 0
       pc4 = 0
       pc5 = 0
       pc6 = 0
       pc7 = 0
       pc8 = 0
       pc9 = 0
      pc10 = 0
      pc11 = 0
      pc12 = 0
      pc13 = 0
      pc14 = 0
      pc15 = 0
      pc16 = 0
      pc17 = 0
      pc18 = 0
      pc19 = 0
Constrained:
   Tgbecnw = 104782
     Tecnw = 27140
       Tnw = 19021.5
       Tec = 16721.8
     twoNb = 724834
     twoNe = 172388
     twoNc = 1.34254e+06
     twoNn = 2.27416e+06
     twoNw = 2.98905e+07
    twoNec = 60093.9
    twoNnw = 24874.6
  twoNecnw = 75101.5
  twoNbecnw = 10970.8
  twoNgbecnw = 336578
         m = 0.0995938
        m2 = 0.0318112
        m3 = 0.259429
        m5 = 0.14725
        m6 = 0.026026
        Tb = 21930.9
        Ta = 48565.5
        Tc = 9510.77
        Te = 4755.39
        Tf = 2377.69
DiffEv reached_goal. cost=1.51377e-03 spread=2.76549e-06
Fitted parameter values
Free:
       pc1 = 3.67119
       pc2 = -2.88742
       pc3 = 1.84312
       pc4 = -3.18285
       pc5 = 0.850868
       pc6 = -0.559055
       pc7 = -0.403934
       pc8 = -0.593398
       pc9 = -0.480767
      pc10 = -1.33621
      pc11 = 0.583839
      pc12 = -0.0373852
      pc13 = 0.279587
      pc14 = 0.0667466
      pc15 = -0.221259
      pc16 = 0.0921638
      pc17 = 0.0284507
      pc18 = -0.0132528
      pc19 = -0.0368269
Constrained:
   Tgbecnw = 79996.2
     Tecnw = 26278.1
       Tnw = 16385.4
       Tec = 15886.6
     twoNb = 663637
     twoNe = 177488
     twoNc = 4.1208e+06
     twoNn = 3.70953e+06
     twoNw = 8.03857e+07
    twoNec = 59830
    twoNnw = 30942.7
  twoNecnw = 67953.7
  twoNbecnw = 1829.18
  twoNgbecnw = 390008
         m = 0.0790347
        m2 = 0.0315517
        m3 = 0.257693
        m5 = 0.141036
        m6 = 0.0197456
        Tb = 21082.3
        Ta = 48141.2
        Tc = 8192.68
        Te = 4096.34
        Tf = 2048.17
#       SitePat  BranchLen
              b 122036.4174607
              e 47417.8614902
              c 49725.2962828
              n 43717.4820299
              w 45863.0272484
            b:e 2079.4875209
            b:c 2337.9431656
            b:n 1598.8894675
            b:w 1748.1428213
            e:c 10132.2522653
            e:n 5683.0520318
            e:w 5037.7995854
            c:n 5131.7979868
            c:w 4321.5656813
            n:w 12239.1938262
          b:e:c 1959.5782420
          b:e:n 1010.7956834
          b:e:w 1043.9474910
          b:c:n 1035.7576924
          b:c:w 1039.0661068
          b:n:w 1950.1926735
          e:c:n 4953.6472870
          e:c:w 4120.7869221
          e:n:w 6259.7671908
          c:n:w 5287.0333297
        b:e:c:n 2002.8650647
        b:e:c:w 1959.9514381
        b:e:n:w 3137.0673407
        b:c:n:w 2791.3180658
        e:c:n:w 50932.5608874
