########################################
# legofit: estimate population history #
#       version 2.3.4-4-g53f8760       #
########################################

# Program was compiled: Sep 21 2021 14:36:42
# Program was run: Thu Sep 23 09:24:04 2021

# cmd: legofit -1 -d 0 -t 56 --ptsPerDim 3 --stateOut b1boot17.state --tol 3e-6 -S 5000 abcef2.lgo ../../boot/boot17.opf
# Stage nOptItr nSimReps
#     0    5000        0
# algorithm          : deterministic
# ignoring probs <=  : 0
# Branch length floor: 0
# DE strategy        : 2
#    F               : 0.3
#    CR              : 0.8
#    tolerance       : 3e-06
# nthreads           : 56
# lgo input file     : abcef2.lgo
# site pat input file: ../../boot/boot17.opf
# free parameters    : 19
# points in DE swarm : 57
# output state file  : b1boot17.state
# Including singleton site patterns.
# cost function      : KL
Initial parameter values
Fixed:
      zero = 0
       one = 1
    Tbecnw = 75200
Free:
       pc1 = 0
       pc2 = 0
       pc3 = 0
       pc4 = 0
       pc5 = 0
       pc6 = 0
       pc7 = 0
       pc8 = 0
       pc9 = 0
      pc10 = 0
      pc11 = 0
      pc12 = 0
      pc13 = 0
      pc14 = 0
      pc15 = 0
      pc16 = 0
      pc17 = 0
      pc18 = 0
      pc19 = 0
Constrained:
   Tgbecnw = 104782
     Tecnw = 27140
       Tnw = 19021.5
       Tec = 16721.8
     twoNb = 724834
     twoNe = 172388
     twoNc = 1.34254e+06
     twoNn = 2.27416e+06
     twoNw = 2.98905e+07
    twoNec = 60093.9
    twoNnw = 24874.6
  twoNecnw = 75101.5
  twoNbecnw = 10970.8
  twoNgbecnw = 336578
         m = 0.0995938
        m2 = 0.0318112
        m3 = 0.259429
        m5 = 0.14725
        m6 = 0.026026
        Tb = 21930.9
        Ta = 48565.5
        Tc = 9510.77
        Te = 4755.39
        Tf = 2377.69
DiffEv reached_goal. cost=1.51019e-03 spread=2.87611e-06
Fitted parameter values
Free:
       pc1 = 3.68781
       pc2 = -3.9906
       pc3 = 1.99703
       pc4 = -1.96437
       pc5 = 1.98012
       pc6 = -0.325969
       pc7 = -0.477716
       pc8 = -0.706071
       pc9 = -0.492069
      pc10 = 0.626242
      pc11 = -0.746439
      pc12 = 0.227527
      pc13 = 0.48818
      pc14 = 0.0224952
      pc15 = -0.115673
      pc16 = 0.0592149
      pc17 = -0.0174263
      pc18 = -0.0294918
      pc19 = -0.00730681
Constrained:
   Tgbecnw = 78628.6
     Tecnw = 25765.1
       Tnw = 16539.3
       Tec = 15531.9
     twoNb = 542866
     twoNe = 162395
     twoNc = 393674
     twoNn = 3.30782e+06
     twoNw = 8.71824e+07
    twoNec = 60796.1
    twoNnw = 29312
  twoNecnw = 68272
  twoNbecnw = 1313.25
  twoNgbecnw = 387470
         m = 0.0779804
        m2 = 0.0327094
        m3 = 0.257206
        m5 = 0.135158
        m6 = 0.0142041
        Tb = 20648.5
        Ta = 47924.3
        Tc = 8269.67
        Te = 4134.84
        Tf = 2067.42
#       SitePat  BranchLen
              b 121022.6760942
              e 47209.0382815
              c 49498.0873656
              n 43523.9531234
              w 45659.3161424
            b:e 2098.6029250
            b:c 2358.9864767
            b:n 1595.6918455
            b:w 1732.0234365
            e:c 10097.0389750
            e:n 5691.7207127
            e:w 5029.7374098
            c:n 5126.5473997
            c:w 4333.9925377
            n:w 12195.8742761
          b:e:c 1947.7781511
          b:e:n 1008.2570753
          b:e:w 1037.3220288
          b:c:n 1030.6452515
          b:c:w 1035.5236403
          b:n:w 1931.0030314
          e:c:n 4933.9608674
          e:c:w 4120.9366719
          e:n:w 6264.0256661
          c:n:w 5298.0626060
        b:e:c:n 1991.6886128
        b:e:c:w 1953.6130720
        b:e:n:w 3135.4313008
        b:c:n:w 2792.2900994
        e:c:n:w 50152.3814986
