########################################
# legofit: estimate population history #
#       version 2.3.4-4-g53f8760       #
########################################

# Program was compiled: Sep 21 2021 14:36:42
# Program was run: Thu Sep 23 12:06:46 2021

# cmd: legofit -1 -d 0 -t 56 --ptsPerDim 3 --stateOut b1boot24.state --tol 3e-6 -S 5000 abcef2.lgo ../../boot/boot24.opf
# Stage nOptItr nSimReps
#     0    5000        0
# algorithm          : deterministic
# ignoring probs <=  : 0
# Branch length floor: 0
# DE strategy        : 2
#    F               : 0.3
#    CR              : 0.8
#    tolerance       : 3e-06
# nthreads           : 56
# lgo input file     : abcef2.lgo
# site pat input file: ../../boot/boot24.opf
# free parameters    : 19
# points in DE swarm : 57
# output state file  : b1boot24.state
# Including singleton site patterns.
# cost function      : KL
Initial parameter values
Fixed:
      zero = 0
       one = 1
    Tbecnw = 75200
Free:
       pc1 = 0
       pc2 = 0
       pc3 = 0
       pc4 = 0
       pc5 = 0
       pc6 = 0
       pc7 = 0
       pc8 = 0
       pc9 = 0
      pc10 = 0
      pc11 = 0
      pc12 = 0
      pc13 = 0
      pc14 = 0
      pc15 = 0
      pc16 = 0
      pc17 = 0
      pc18 = 0
      pc19 = 0
Constrained:
   Tgbecnw = 104782
     Tecnw = 27140
       Tnw = 19021.5
       Tec = 16721.8
     twoNb = 724834
     twoNe = 172388
     twoNc = 1.34254e+06
     twoNn = 2.27416e+06
     twoNw = 2.98905e+07
    twoNec = 60093.9
    twoNnw = 24874.6
  twoNecnw = 75101.5
  twoNbecnw = 10970.8
  twoNgbecnw = 336578
         m = 0.0995938
        m2 = 0.0318112
        m3 = 0.259429
        m5 = 0.14725
        m6 = 0.026026
        Tb = 21930.9
        Ta = 48565.5
        Tc = 9510.77
        Te = 4755.39
        Tf = 2377.69
DiffEv reached_goal. cost=1.53086e-03 spread=1.88430e-06
Fitted parameter values
Free:
       pc1 = 3.0935
       pc2 = -3.89418
       pc3 = 1.93233
       pc4 = -2.56693
       pc5 = 1.28785
       pc6 = 0.77314
       pc7 = -0.816002
       pc8 = -0.397049
       pc9 = -1.42523
      pc10 = -0.395183
      pc11 = 0.0602152
      pc12 = 0.142449
      pc13 = -0.189788
      pc14 = 0.0766587
      pc15 = -0.0720616
      pc16 = 0.0941344
      pc17 = -0.0266969
      pc18 = -0.0532272
      pc19 = -0.0604313
Constrained:
   Tgbecnw = 77416.5
     Tecnw = 25645.2
       Tnw = 16825.8
       Tec = 15712.9
     twoNb = 606387
     twoNe = 179207
     twoNc = 1.5504e+06
     twoNn = 5.88752e+06
     twoNw = 5.49179e+07
    twoNec = 59814.4
    twoNnw = 28349.1
  twoNecnw = 68870.7
  twoNbecnw = 858.101
  twoNgbecnw = 380995
         m = 0.0803308
        m2 = 0.0309728
        m3 = 0.25289
        m5 = 0.140808
        m6 = 0.0140344
        Tb = 20679.1
        Ta = 47939.5
        Tc = 8412.91
        Te = 4206.46
        Tf = 2103.23
#       SitePat  BranchLen
              b 121161.8885294
              e 47210.2976609
              c 49523.1727209
              n 43610.9439743
              w 45643.7352772
            b:e 2080.4260731
            b:c 2343.5343298
            b:n 1600.1707735
            b:w 1735.7754410
            e:c 10046.5739844
            e:n 5667.8246570
            e:w 5075.3143920
            c:n 5135.9273230
            c:w 4345.2205184
            n:w 12128.1753389
          b:e:c 1947.3305635
          b:e:n 1012.6356836
          b:e:w 1046.1592720
          b:c:n 1039.8686937
          b:c:w 1039.1840236
          b:n:w 1931.9470506
          e:c:n 4907.1134563
          e:c:w 4127.8724689
          e:n:w 6260.0181804
          c:n:w 5274.1362506
        b:e:c:n 1997.4524162
        b:e:c:w 1958.6756350
        b:e:n:w 3119.8487295
        b:c:n:w 2771.4807639
        e:c:n:w 50328.8350157
