########################################
# legofit: estimate population history #
#       version 2.3.4-4-g53f8760       #
########################################

# Program was compiled: Sep 21 2021 14:36:42
# Program was run: Thu Sep 23 07:21:22 2021

# cmd: legofit -1 -d 0 -t 56 --ptsPerDim 3 --stateOut b1boot9.state --tol 3e-6 -S 5000 abcef2.lgo ../../boot/boot9.opf
# Stage nOptItr nSimReps
#     0    5000        0
# algorithm          : deterministic
# ignoring probs <=  : 0
# Branch length floor: 0
# DE strategy        : 2
#    F               : 0.3
#    CR              : 0.8
#    tolerance       : 3e-06
# nthreads           : 56
# lgo input file     : abcef2.lgo
# site pat input file: ../../boot/boot9.opf
# free parameters    : 19
# points in DE swarm : 57
# output state file  : b1boot9.state
# Including singleton site patterns.
# cost function      : KL
Initial parameter values
Fixed:
      zero = 0
       one = 1
    Tbecnw = 75200
Free:
       pc1 = 0
       pc2 = 0
       pc3 = 0
       pc4 = 0
       pc5 = 0
       pc6 = 0
       pc7 = 0
       pc8 = 0
       pc9 = 0
      pc10 = 0
      pc11 = 0
      pc12 = 0
      pc13 = 0
      pc14 = 0
      pc15 = 0
      pc16 = 0
      pc17 = 0
      pc18 = 0
      pc19 = 0
Constrained:
   Tgbecnw = 104782
     Tecnw = 27140
       Tnw = 19021.5
       Tec = 16721.8
     twoNb = 724834
     twoNe = 172388
     twoNc = 1.34254e+06
     twoNn = 2.27416e+06
     twoNw = 2.98905e+07
    twoNec = 60093.9
    twoNnw = 24874.6
  twoNecnw = 75101.5
  twoNbecnw = 10970.8
  twoNgbecnw = 336578
         m = 0.0995938
        m2 = 0.0318112
        m3 = 0.259429
        m5 = 0.14725
        m6 = 0.026026
        Tb = 21930.9
        Ta = 48565.5
        Tc = 9510.77
        Te = 4755.39
        Tf = 2377.69
DiffEv reached_goal. cost=1.50245e-03 spread=2.72871e-06
Fitted parameter values
Free:
       pc1 = 3.25656
       pc2 = -3.98155
       pc3 = 1.93834
       pc4 = -3.21259
       pc5 = 1.30633
       pc6 = 1.37218
       pc7 = 0.0334523
       pc8 = 0.640326
       pc9 = 0.159494
      pc10 = -1.13094
      pc11 = -0.340424
      pc12 = 0.147406
      pc13 = 0.40653
      pc14 = -0.137056
      pc15 = -0.356285
      pc16 = 0.0830578
      pc17 = -0.0553179
      pc18 = -0.0432858
      pc19 = -0.0459099
Constrained:
   Tgbecnw = 76995.4
     Tecnw = 25545.6
       Tnw = 17191.5
       Tec = 16193.1
     twoNb = 560438
     twoNe = 169545
     twoNc = 3.5921e+06
     twoNn = 7.64188e+06
     twoNw = 2.46682e+07
    twoNec = 55704.6
    twoNnw = 26556.9
  twoNecnw = 69459.5
  twoNbecnw = 686.409
  twoNgbecnw = 390737
         m = 0.0794942
        m2 = 0.0326898
        m3 = 0.256386
        m5 = 0.134061
        m6 = 0.0152962
        Tb = 20869.3
        Ta = 48034.7
        Tc = 8595.77
        Te = 4297.89
        Tf = 2148.94
#       SitePat  BranchLen
              b 121276.8843979
              e 47310.3124675
              c 49553.9173595
              n 43611.9353626
              w 45713.8331272
            b:e 2092.8857030
            b:c 2348.2814309
            b:n 1591.1653633
            b:w 1727.7048408
            e:c 10060.4774091
            e:n 5672.3823270
            e:w 5015.5319146
            c:n 5116.0584895
            c:w 4339.7192006
            n:w 12150.5515278
          b:e:c 1947.5971319
          b:e:n 1008.3454844
          b:e:w 1037.1414744
          b:c:n 1029.8839587
          b:c:w 1036.4788440
          b:n:w 1932.0607907
          e:c:n 4903.1479245
          e:c:w 4096.3056673
          e:n:w 6223.1515587
          c:n:w 5275.6704620
        b:e:c:n 1993.9851135
        b:e:c:w 1960.1890075
        b:e:n:w 3153.3737830
        b:c:n:w 2813.1149439
        e:c:n:w 50474.2655171
