########################################
# legofit: estimate population history #
#       version 2.3.4-4-g53f8760       #
########################################

# Program was compiled: Sep 21 2021 14:36:42
# Program was run: Thu Sep 23 18:11:53 2021

# cmd: legofit -1 -d 0 -t 56 --ptsPerDim 3 --stateOut b1boot47.state --tol 3e-6 -S 5000 abcef2.lgo ../../boot/boot47.opf
# Stage nOptItr nSimReps
#     0    5000        0
# algorithm          : deterministic
# ignoring probs <=  : 0
# Branch length floor: 0
# DE strategy        : 2
#    F               : 0.3
#    CR              : 0.8
#    tolerance       : 3e-06
# nthreads           : 56
# lgo input file     : abcef2.lgo
# site pat input file: ../../boot/boot47.opf
# free parameters    : 19
# points in DE swarm : 57
# output state file  : b1boot47.state
# Including singleton site patterns.
# cost function      : KL
Initial parameter values
Fixed:
      zero = 0
       one = 1
    Tbecnw = 75200
Free:
       pc1 = 0
       pc2 = 0
       pc3 = 0
       pc4 = 0
       pc5 = 0
       pc6 = 0
       pc7 = 0
       pc8 = 0
       pc9 = 0
      pc10 = 0
      pc11 = 0
      pc12 = 0
      pc13 = 0
      pc14 = 0
      pc15 = 0
      pc16 = 0
      pc17 = 0
      pc18 = 0
      pc19 = 0
Constrained:
   Tgbecnw = 104782
     Tecnw = 27140
       Tnw = 19021.5
       Tec = 16721.8
     twoNb = 724834
     twoNe = 172388
     twoNc = 1.34254e+06
     twoNn = 2.27416e+06
     twoNw = 2.98905e+07
    twoNec = 60093.9
    twoNnw = 24874.6
  twoNecnw = 75101.5
  twoNbecnw = 10970.8
  twoNgbecnw = 336578
         m = 0.0995938
        m2 = 0.0318112
        m3 = 0.259429
        m5 = 0.14725
        m6 = 0.026026
        Tb = 21930.9
        Ta = 48565.5
        Tc = 9510.77
        Te = 4755.39
        Tf = 2377.69
DiffEv reached_goal. cost=1.51514e-03 spread=2.88688e-06
Fitted parameter values
Free:
       pc1 = 3.85606
       pc2 = -3.31427
       pc3 = 1.77662
       pc4 = -3.16085
       pc5 = 0.559731
       pc6 = 0.712007
       pc7 = 0.0183999
       pc8 = -0.628621
       pc9 = -0.521178
      pc10 = -0.396995
      pc11 = 0.0978431
      pc12 = 0.507902
      pc13 = -0.0886074
      pc14 = -0.100798
      pc15 = -0.118316
      pc16 = 0.0774953
      pc17 = -0.00289766
      pc18 = -0.0103134
      pc19 = -0.0449945
Constrained:
   Tgbecnw = 80443
     Tecnw = 25865.8
       Tnw = 16466.7
       Tec = 15107.8
     twoNb = 574867
     twoNe = 172540
     twoNc = 3.33087e+06
     twoNn = 6.46508e+06
     twoNw = 6.7744e+07
    twoNec = 63947.4
    twoNnw = 30295.8
  twoNecnw = 69082.2
  twoNbecnw = 1999.44
  twoNgbecnw = 386906
         m = 0.0793203
        m2 = 0.0320153
        m3 = 0.249376
        m5 = 0.141527
        m6 = 0.017629
        Tb = 20486.8
        Ta = 47843.4
        Tc = 8233.33
        Te = 4116.67
        Tf = 2058.33
#       SitePat  BranchLen
              b 121775.7627336
              e 47450.9672803
              c 49737.0416953
              n 43806.9821345
              w 45840.0078195
            b:e 2107.0700019
            b:c 2367.7197431
            b:n 1612.5470802
            b:w 1743.6031657
            e:c 10157.4127008
            e:n 5694.7405707
            e:w 5095.8572328
            c:n 5166.3783890
            c:w 4374.0847540
            n:w 12243.1633263
          b:e:c 1960.3122441
          b:e:n 1017.3326280
          b:e:w 1050.2989414
          b:c:n 1043.8362496
          b:c:w 1043.6029603
          b:n:w 1945.4931842
          e:c:n 4925.3186251
          e:c:w 4152.3630951
          e:n:w 6290.6518154
          c:n:w 5319.8499786
        b:e:c:n 2003.9642958
        b:e:c:w 1971.2820543
        b:e:n:w 3152.9086515
        b:c:n:w 2807.3133282
        e:c:n:w 50572.5673342
