########################################
# legofit: estimate population history #
#       version 2.3.4-4-g53f8760       #
########################################

# Program was compiled: Sep 21 2021 14:36:42
# Program was run: Thu Sep 23 16:29:47 2021

# cmd: legofit -1 -d 0 -t 56 --ptsPerDim 3 --stateOut b1boot36.state --tol 3e-6 -S 5000 abcef2.lgo ../../boot/boot36.opf
# Stage nOptItr nSimReps
#     0    5000        0
# algorithm          : deterministic
# ignoring probs <=  : 0
# Branch length floor: 0
# DE strategy        : 2
#    F               : 0.3
#    CR              : 0.8
#    tolerance       : 3e-06
# nthreads           : 56
# lgo input file     : abcef2.lgo
# site pat input file: ../../boot/boot36.opf
# free parameters    : 19
# points in DE swarm : 57
# output state file  : b1boot36.state
# Including singleton site patterns.
# cost function      : KL
Initial parameter values
Fixed:
      zero = 0
       one = 1
    Tbecnw = 75200
Free:
       pc1 = 0
       pc2 = 0
       pc3 = 0
       pc4 = 0
       pc5 = 0
       pc6 = 0
       pc7 = 0
       pc8 = 0
       pc9 = 0
      pc10 = 0
      pc11 = 0
      pc12 = 0
      pc13 = 0
      pc14 = 0
      pc15 = 0
      pc16 = 0
      pc17 = 0
      pc18 = 0
      pc19 = 0
Constrained:
   Tgbecnw = 104782
     Tecnw = 27140
       Tnw = 19021.5
       Tec = 16721.8
     twoNb = 724834
     twoNe = 172388
     twoNc = 1.34254e+06
     twoNn = 2.27416e+06
     twoNw = 2.98905e+07
    twoNec = 60093.9
    twoNnw = 24874.6
  twoNecnw = 75101.5
  twoNbecnw = 10970.8
  twoNgbecnw = 336578
         m = 0.0995938
        m2 = 0.0318112
        m3 = 0.259429
        m5 = 0.14725
        m6 = 0.026026
        Tb = 21930.9
        Ta = 48565.5
        Tc = 9510.77
        Te = 4755.39
        Tf = 2377.69
DiffEv reached_goal. cost=1.52575e-03 spread=2.78994e-06
Fitted parameter values
Free:
       pc1 = 3.06067
       pc2 = -3.80481
       pc3 = 1.96934
       pc4 = -2.22593
       pc5 = 1.69082
       pc6 = -0.0324212
       pc7 = -0.510007
       pc8 = -0.0515388
       pc9 = 0.197857
      pc10 = -1.13328
      pc11 = 0.743581
      pc12 = 0.517748
      pc13 = 0.0233685
      pc14 = 0.0800717
      pc15 = -0.101485
      pc16 = 0.0712785
      pc17 = -0.0245469
      pc18 = -0.0237741
      pc19 = -0.0466964
Constrained:
   Tgbecnw = 78372.8
     Tecnw = 25678.7
       Tnw = 16991.6
       Tec = 15533.3
     twoNb = 562509
     twoNe = 178999
     twoNc = 3.06863e+06
     twoNn = 2.77179e+06
     twoNw = 4.55009e+07
    twoNec = 60282.5
    twoNnw = 27027.1
  twoNecnw = 70092.3
  twoNbecnw = 1208.43
  twoNgbecnw = 389693
         m = 0.079504
        m2 = 0.0318312
        m3 = 0.264257
        m5 = 0.141559
        m6 = 0.0189123
        Tb = 20606
        Ta = 47903
        Tc = 8495.78
        Te = 4247.89
        Tf = 2123.95
#       SitePat  BranchLen
              b 121397.7370017
              e 47377.9922418
              c 49671.1627204
              n 43666.2849319
              w 45789.9719521
            b:e 2092.0026070
            b:c 2353.2206164
            b:n 1596.0870739
            b:w 1732.7391332
            e:c 10076.6673977
            e:n 5705.5689944
            e:w 5088.5330223
            c:n 5189.2302792
            c:w 4354.6183483
            n:w 12188.6340225
          b:e:c 1947.5009715
          b:e:n 1011.7513727
          b:e:w 1047.5525547
          b:c:n 1040.3514812
          b:c:w 1039.3569527
          b:n:w 1931.3044480
          e:c:n 4906.3577574
          e:c:w 4095.8385029
          e:n:w 6262.1538671
          c:n:w 5283.5079798
        b:e:c:n 1999.1076898
        b:e:c:w 1966.1291671
        b:e:n:w 3142.7101070
        b:c:n:w 2796.8163654
        e:c:n:w 50374.5015001
