########################################
# legofit: estimate population history #
#       version 2.3.4-4-g53f8760       #
########################################

# Program was compiled: Sep 21 2021 14:36:42
# Program was run: Thu Sep 23 10:50:56 2021

# cmd: legofit -1 -d 0 -t 56 --ptsPerDim 3 --stateOut b1boot21.state --tol 3e-6 -S 5000 abcef2.lgo ../../boot/boot21.opf
# Stage nOptItr nSimReps
#     0    5000        0
# algorithm          : deterministic
# ignoring probs <=  : 0
# Branch length floor: 0
# DE strategy        : 2
#    F               : 0.3
#    CR              : 0.8
#    tolerance       : 3e-06
# nthreads           : 56
# lgo input file     : abcef2.lgo
# site pat input file: ../../boot/boot21.opf
# free parameters    : 19
# points in DE swarm : 57
# output state file  : b1boot21.state
# Including singleton site patterns.
# cost function      : KL
Initial parameter values
Fixed:
      zero = 0
       one = 1
    Tbecnw = 75200
Free:
       pc1 = 0
       pc2 = 0
       pc3 = 0
       pc4 = 0
       pc5 = 0
       pc6 = 0
       pc7 = 0
       pc8 = 0
       pc9 = 0
      pc10 = 0
      pc11 = 0
      pc12 = 0
      pc13 = 0
      pc14 = 0
      pc15 = 0
      pc16 = 0
      pc17 = 0
      pc18 = 0
      pc19 = 0
Constrained:
   Tgbecnw = 104782
     Tecnw = 27140
       Tnw = 19021.5
       Tec = 16721.8
     twoNb = 724834
     twoNe = 172388
     twoNc = 1.34254e+06
     twoNn = 2.27416e+06
     twoNw = 2.98905e+07
    twoNec = 60093.9
    twoNnw = 24874.6
  twoNecnw = 75101.5
  twoNbecnw = 10970.8
  twoNgbecnw = 336578
         m = 0.0995938
        m2 = 0.0318112
        m3 = 0.259429
        m5 = 0.14725
        m6 = 0.026026
        Tb = 21930.9
        Ta = 48565.5
        Tc = 9510.77
        Te = 4755.39
        Tf = 2377.69
DiffEv reached_goal. cost=1.49738e-03 spread=2.45460e-06
Fitted parameter values
Free:
       pc1 = 3.78942
       pc2 = -3.91898
       pc3 = 1.97259
       pc4 = -2.07505
       pc5 = 1.39054
       pc6 = -0.898877
       pc7 = -0.538188
       pc8 = -0.162273
       pc9 = 0.345207
      pc10 = -0.399291
      pc11 = -0.449142
      pc12 = 0.379029
      pc13 = -0.358065
      pc14 = -0.206731
      pc15 = -0.284686
      pc16 = 0.0536463
      pc17 = -0.00735102
      pc18 = -0.0613341
      pc19 = -0.0151404
Constrained:
   Tgbecnw = 78142.8
     Tecnw = 25862.8
       Tnw = 17586.3
       Tec = 14973.6
     twoNb = 604418
     twoNe = 167369
     twoNc = 2.13604e+06
     twoNn = 2.54562e+06
     twoNw = 7.9891e+07
    twoNec = 64377.3
    twoNnw = 25281.3
  twoNecnw = 67791.9
  twoNbecnw = 1122.12
  twoNgbecnw = 396822
         m = 0.0764253
        m2 = 0.0329654
        m3 = 0.261123
        m5 = 0.141542
        m6 = 0.0191861
        Tb = 20418.2
        Ta = 47809.1
        Tc = 8793.15
        Te = 4396.57
        Tf = 2198.29
#       SitePat  BranchLen
              b 121283.8889574
              e 47197.4363084
              c 49461.8464009
              n 43451.8100974
              w 45517.9875161
            b:e 2104.3474640
            b:c 2367.8982392
            b:n 1592.5593910
            b:w 1724.1955094
            e:c 10082.0700696
            e:n 5626.8331666
            e:w 5036.9320835
            c:n 5142.5362391
            c:w 4311.5789228
            n:w 12160.0318889
          b:e:c 1956.8636290
          b:e:n 1005.0307923
          b:e:w 1042.5217931
          b:c:n 1035.2203013
          b:c:w 1032.0653012
          b:n:w 1941.2425847
          e:c:n 4891.6235327
          e:c:w 4103.4847729
          e:n:w 6326.6746941
          c:n:w 5338.8363708
        b:e:c:n 1981.0987556
        b:e:c:w 1957.9464273
        b:e:n:w 3169.5712834
        b:c:n:w 2819.3657875
        e:c:n:w 50531.3816457
