########################################
# legofit: estimate population history #
#       version 2.3.4-4-g53f8760       #
########################################

# Program was compiled: Sep 21 2021 14:36:42
# Program was run: Thu Sep 23 02:30:48 2021

# cmd: legofit -1 -d 0 -t 56 --ptsPerDim 3 --stateOut b1boot0.state --tol 3e-6 -S 5000 abcef2.lgo ../../boot/boot0.opf
# Stage nOptItr nSimReps
#     0    5000        0
# algorithm          : deterministic
# ignoring probs <=  : 0
# Branch length floor: 0
# DE strategy        : 2
#    F               : 0.3
#    CR              : 0.8
#    tolerance       : 3e-06
# nthreads           : 56
# lgo input file     : abcef2.lgo
# site pat input file: ../../boot/boot0.opf
# free parameters    : 19
# points in DE swarm : 57
# output state file  : b1boot0.state
# Including singleton site patterns.
# cost function      : KL
Initial parameter values
Fixed:
      zero = 0
       one = 1
    Tbecnw = 75200
Free:
       pc1 = 0
       pc2 = 0
       pc3 = 0
       pc4 = 0
       pc5 = 0
       pc6 = 0
       pc7 = 0
       pc8 = 0
       pc9 = 0
      pc10 = 0
      pc11 = 0
      pc12 = 0
      pc13 = 0
      pc14 = 0
      pc15 = 0
      pc16 = 0
      pc17 = 0
      pc18 = 0
      pc19 = 0
Constrained:
   Tgbecnw = 104782
     Tecnw = 27140
       Tnw = 19021.5
       Tec = 16721.8
     twoNb = 724834
     twoNe = 172388
     twoNc = 1.34254e+06
     twoNn = 2.27416e+06
     twoNw = 2.98905e+07
    twoNec = 60093.9
    twoNnw = 24874.6
  twoNecnw = 75101.5
  twoNbecnw = 10970.8
  twoNgbecnw = 336578
         m = 0.0995938
        m2 = 0.0318112
        m3 = 0.259429
        m5 = 0.14725
        m6 = 0.026026
        Tb = 21930.9
        Ta = 48565.5
        Tc = 9510.77
        Te = 4755.39
        Tf = 2377.69
DiffEv reached_goal. cost=1.50253e-03 spread=2.95637e-06
Fitted parameter values
Free:
       pc1 = 3.81283
       pc2 = -3.87626
       pc3 = 1.95731
       pc4 = -3.67893
       pc5 = 0.728661
       pc6 = -0.48534
       pc7 = 0.182929
       pc8 = 0.599394
       pc9 = -0.651793
      pc10 = 0.948312
      pc11 = 0.326302
      pc12 = 0.208074
      pc13 = -0.274226
      pc14 = 0.190771
      pc15 = -0.167922
      pc16 = 0.0944848
      pc17 = 0.00154128
      pc18 = -0.0498899
      pc19 = -0.0124475
Constrained:
   Tgbecnw = 78533.8
     Tecnw = 25958.1
       Tnw = 17128.4
       Tec = 15512.9
     twoNb = 506849
     twoNe = 173712
     twoNc = 2.54561e+06
     twoNn = 8.96249e+06
     twoNw = 1.22653e+08
    twoNec = 60800.2
    twoNnw = 27390.9
  twoNecnw = 68648
  twoNbecnw = 1270.42
  twoNgbecnw = 392015
         m = 0.0783941
        m2 = 0.0322796
        m3 = 0.258867
        m5 = 0.147329
        m6 = 0.0189833
        Tb = 20735.5
        Ta = 47967.7
        Tc = 8564.2
        Te = 4282.1
        Tf = 2141.05
#       SitePat  BranchLen
              b 121420.5971730
              e 47253.7143395
              c 49627.7301544
              n 43614.9623506
              w 45708.3247370
            b:e 2099.6121126
            b:c 2375.4523638
            b:n 1595.5268923
            b:w 1726.6623735
            e:c 10073.7439563
            e:n 5667.1066938
            e:w 5076.2225602
            c:n 5145.5134149
            c:w 4312.8804168
            n:w 12161.6978773
          b:e:c 1950.6042425
          b:e:n 1005.8569142
          b:e:w 1042.6829593
          b:c:n 1036.6066285
          b:c:w 1032.7476143
          b:n:w 1932.0755014
          e:c:n 4900.6062384
          e:c:w 4100.6976564
          e:n:w 6308.4537509
          c:n:w 5283.8585922
        b:e:c:n 1988.4300475
        b:e:c:w 1954.3909135
        b:e:n:w 3142.5674764
        b:c:n:w 2781.4275980
        e:c:n:w 50520.5511550
