########################################
# legofit: estimate population history #
#       version 2.3.4-4-g53f8760       #
########################################

# Program was compiled: Sep 21 2021 14:36:42
# Program was run: Thu Sep 23 05:48:18 2021

# cmd: legofit -1 -d 0 -t 56 --ptsPerDim 3 --stateOut b1boot5.state --tol 3e-6 -S 5000 abcef2.lgo ../../boot/boot5.opf
# Stage nOptItr nSimReps
#     0    5000        0
# algorithm          : deterministic
# ignoring probs <=  : 0
# Branch length floor: 0
# DE strategy        : 2
#    F               : 0.3
#    CR              : 0.8
#    tolerance       : 3e-06
# nthreads           : 56
# lgo input file     : abcef2.lgo
# site pat input file: ../../boot/boot5.opf
# free parameters    : 19
# points in DE swarm : 57
# output state file  : b1boot5.state
# Including singleton site patterns.
# cost function      : KL
Initial parameter values
Fixed:
      zero = 0
       one = 1
    Tbecnw = 75200
Free:
       pc1 = 0
       pc2 = 0
       pc3 = 0
       pc4 = 0
       pc5 = 0
       pc6 = 0
       pc7 = 0
       pc8 = 0
       pc9 = 0
      pc10 = 0
      pc11 = 0
      pc12 = 0
      pc13 = 0
      pc14 = 0
      pc15 = 0
      pc16 = 0
      pc17 = 0
      pc18 = 0
      pc19 = 0
Constrained:
   Tgbecnw = 104782
     Tecnw = 27140
       Tnw = 19021.5
       Tec = 16721.8
     twoNb = 724834
     twoNe = 172388
     twoNc = 1.34254e+06
     twoNn = 2.27416e+06
     twoNw = 2.98905e+07
    twoNec = 60093.9
    twoNnw = 24874.6
  twoNecnw = 75101.5
  twoNbecnw = 10970.8
  twoNgbecnw = 336578
         m = 0.0995938
        m2 = 0.0318112
        m3 = 0.259429
        m5 = 0.14725
        m6 = 0.026026
        Tb = 21930.9
        Ta = 48565.5
        Tc = 9510.77
        Te = 4755.39
        Tf = 2377.69
DiffEv reached_goal. cost=1.51958e-03 spread=2.61172e-06
Fitted parameter values
Free:
       pc1 = 3.33581
       pc2 = -3.48948
       pc3 = 1.91186
       pc4 = -3.18539
       pc5 = 1.35639
       pc6 = -0.115054
       pc7 = 0.329042
       pc8 = -0.0561867
       pc9 = -0.217617
      pc10 = -0.987495
      pc11 = 0.403292
      pc12 = 0.407564
      pc13 = -0.214962
      pc14 = -0.404613
      pc15 = -0.200757
      pc16 = 0.0662929
      pc17 = 0.0521949
      pc18 = -0.0055844
      pc19 = -0.0273328
Constrained:
   Tgbecnw = 80294.3
     Tecnw = 25855
       Tnw = 17059.9
       Tec = 15643.6
     twoNb = 565368
     twoNe = 192778
     twoNc = 3.72572e+06
     twoNn = 5.14166e+06
     twoNw = 6.87277e+07
    twoNec = 60427
    twoNnw = 27404
  twoNecnw = 68830.7
  twoNbecnw = 1919.6
  twoNgbecnw = 396712
         m = 0.0771487
        m2 = 0.0321926
        m3 = 0.258158
        m5 = 0.138559
        m6 = 0.0191969
        Tb = 20749.3
        Ta = 47974.7
        Tc = 8529.95
        Te = 4264.98
        Tf = 2132.49
#       SitePat  BranchLen
              b 121617.7320345
              e 47435.0696739
              c 49649.0429554
              n 43680.1415394
              w 45738.4572378
            b:e 2094.5573767
            b:c 2347.7533764
            b:n 1591.0416170
            b:w 1722.9864909
            e:c 10110.1675557
            e:n 5645.4880937
            e:w 5052.2284624
            c:n 5155.8679750
            c:w 4344.1022228
            n:w 12231.2759478
          b:e:c 1947.0004010
          b:e:n 1003.0819485
          b:e:w 1038.1375055
          b:c:n 1030.8967840
          b:c:w 1029.3943406
          b:n:w 1931.9630316
          e:c:n 4907.0136394
          e:c:w 4116.7196136
          e:n:w 6279.6217118
          c:n:w 5326.7397260
        b:e:c:n 1979.8629973
        b:e:c:w 1951.3687703
        b:e:n:w 3132.9354809
        b:c:n:w 2797.3228512
        e:c:n:w 50522.7819758
