########################################
# legofit: estimate population history #
#       version 2.3.4-4-g53f8760       #
########################################

# Program was compiled: Sep 21 2021 14:36:42
# Program was run: Thu Sep 23 16:26:35 2021

# cmd: legofit -1 -d 0 -t 56 --ptsPerDim 3 --stateOut b1boot34.state --tol 3e-6 -S 5000 abcef2.lgo ../../boot/boot34.opf
# Stage nOptItr nSimReps
#     0    5000        0
# algorithm          : deterministic
# ignoring probs <=  : 0
# Branch length floor: 0
# DE strategy        : 2
#    F               : 0.3
#    CR              : 0.8
#    tolerance       : 3e-06
# nthreads           : 56
# lgo input file     : abcef2.lgo
# site pat input file: ../../boot/boot34.opf
# free parameters    : 19
# points in DE swarm : 57
# output state file  : b1boot34.state
# Including singleton site patterns.
# cost function      : KL
Initial parameter values
Fixed:
      zero = 0
       one = 1
    Tbecnw = 75200
Free:
       pc1 = 0
       pc2 = 0
       pc3 = 0
       pc4 = 0
       pc5 = 0
       pc6 = 0
       pc7 = 0
       pc8 = 0
       pc9 = 0
      pc10 = 0
      pc11 = 0
      pc12 = 0
      pc13 = 0
      pc14 = 0
      pc15 = 0
      pc16 = 0
      pc17 = 0
      pc18 = 0
      pc19 = 0
Constrained:
   Tgbecnw = 104782
     Tecnw = 27140
       Tnw = 19021.5
       Tec = 16721.8
     twoNb = 724834
     twoNe = 172388
     twoNc = 1.34254e+06
     twoNn = 2.27416e+06
     twoNw = 2.98905e+07
    twoNec = 60093.9
    twoNnw = 24874.6
  twoNecnw = 75101.5
  twoNbecnw = 10970.8
  twoNgbecnw = 336578
         m = 0.0995938
        m2 = 0.0318112
        m3 = 0.259429
        m5 = 0.14725
        m6 = 0.026026
        Tb = 21930.9
        Ta = 48565.5
        Tc = 9510.77
        Te = 4755.39
        Tf = 2377.69
DiffEv reached_goal. cost=1.51334e-03 spread=2.17688e-06
Fitted parameter values
Free:
       pc1 = 2.59655
       pc2 = -3.96148
       pc3 = 1.953
       pc4 = -2.69508
       pc5 = 1.53831
       pc6 = -0.69568
       pc7 = -0.072856
       pc8 = -0.0519689
       pc9 = 0.634435
      pc10 = -0.527546
      pc11 = 0.253223
      pc12 = 0.0207659
      pc13 = 0.0007762
      pc14 = 0.148737
      pc15 = -0.0726282
      pc16 = -0.0258684
      pc17 = -0.0126158
      pc18 = -0.0460417
      pc19 = -0.00293823
Constrained:
   Tgbecnw = 80091.4
     Tecnw = 25679.1
       Tnw = 17763.2
       Tec = 16183.7
     twoNb = 519652
     twoNe = 173945
     twoNc = 3.16746e+06
     twoNn = 2.71437e+06
     twoNw = 7.87266e+07
    twoNec = 55800
    twoNnw = 24229.4
  twoNecnw = 69189.1
  twoNbecnw = 1861.07
  twoNgbecnw = 385439
         m = 0.0798429
        m2 = 0.0324292
        m3 = 0.263564
        m5 = 0.141282
        m6 = 0.0171833
        Tb = 20931.4
        Ta = 48065.7
        Tc = 8881.58
        Te = 4440.79
        Tf = 2220.4
#       SitePat  BranchLen
              b 121593.8998750
              e 47299.6130891
              c 49633.7984347
              n 43575.3581528
              w 45706.2118577
            b:e 2090.6693414
            b:c 2360.0623364
            b:n 1581.4499843
            b:w 1715.7958611
            e:c 10079.0381065
            e:n 5680.6888442
            e:w 5059.1367674
            c:n 5151.6413029
            c:w 4328.6825776
            n:w 12191.9121058
          b:e:c 1939.6159891
          b:e:n 998.2673206
          b:e:w 1032.5462077
          b:c:n 1025.7390891
          b:c:w 1025.6475600
          b:n:w 1922.5770250
          e:c:n 4924.4300733
          e:c:w 4102.8972044
          e:n:w 6327.5305500
          c:n:w 5316.5011791
        b:e:c:n 1972.2540449
        b:e:c:w 1938.9108304
        b:e:n:w 3130.8692009
        b:c:n:w 2777.2488168
        e:c:n:w 50529.0861287
