########################################
# legofit: estimate population history #
#            version 2.3.3             #
########################################

# Program was compiled: Sep 12 2021 17:54:39
# Program was run: Wed Sep 15 23:49:48 2021

# cmd: legofit -1 -d 0 -t 32 --ptsPerDim 3 --stateOut b1.state --tol 3e-6 -S 5000 abce2.lgo ../../chrX/pan_chrX.opf
# Stage nOptItr nSimReps
#     0    5000        0
# algorithm          : deterministic
# ignoring probs <=  : 0
# Branch length floor: 0
# DE strategy        : 2
#    F               : 0.3
#    CR              : 0.8
#    tolerance       : 3e-06
# nthreads           : 32
# lgo input file     : abce2.lgo
# site pat input file: ../../chrX/pan_chrX.opf
# free parameters    : 17
# points in DE swarm : 51
# output state file  : b1.state
# Including singleton site patterns.
# cost function      : KL
Initial parameter values
Fixed:
      zero = 0
       one = 1
    Tbecnw = 75200
Free:
       pc1 = 0
       pc2 = 0
       pc3 = 0
       pc4 = 0
       pc5 = 0
       pc6 = 0
       pc7 = 0
       pc8 = 0
       pc9 = 0
      pc10 = 0
      pc11 = 0
      pc12 = 0
      pc13 = 0
      pc14 = 0
      pc15 = 0
      pc16 = 0
      pc17 = 0
Constrained:
   Tgbecnw = 360324
     Tecnw = 29676.9
       Tnw = 20020.7
       Tec = 10225.1
     twoNb = 917719
     twoNe = 19692.4
     twoNn = 467323
     twoNw = 1.94227e+06
    twoNec = 84623.8
    twoNnw = 27309
  twoNecnw = 58539.6
  twoNbecnw = 25559.2
  twoNgbecnw = 287245
         m = 0.062519
        m2 = 0.0289997
        m3 = 0.235666
        m5 = 0.108404
        Tb = 19951
        Ta = 47575.5
        Tc = 10010.3
        Te = 5005.17
DiffEv reached_goal. cost=1.81653e-03 spread=2.93976e-06
Fitted parameter values
Free:
       pc1 = -2.08023
       pc2 = 0.277885
       pc3 = 0.943691
       pc4 = -1.22923
       pc5 = 0.6659
       pc6 = -0.101844
       pc7 = 1.10445
       pc8 = -1.11715
       pc9 = -0.200329
      pc10 = 1.26752
      pc11 = 0.206687
      pc12 = 0.0929304
      pc13 = 0.155145
      pc14 = 0.103802
      pc15 = -0.235719
      pc16 = -0.0127966
      pc17 = 0.0419474
Constrained:
   Tgbecnw = 169881
     Tecnw = 28649.4
       Tnw = 21493.5
       Tec = 10913
     twoNb = 985529
     twoNe = 116240
     twoNn = 743748
     twoNw = 3.50458e+06
    twoNec = 76584.4
    twoNnw = 18957.1
  twoNecnw = 59167.5
  twoNbecnw = 21380.3
  twoNgbecnw = 452111
         m = 0.0567964
        m2 = 0.0292349
        m3 = 0.251526
        m5 = 0.107875
        Tb = 19781.2
        Ta = 47490.6
        Tc = 10746.7
        Te = 5373.37
#       SitePat  BranchLen
              b 123926.5940560
              e 46495.0437652
              c 48220.6581601
              n 43835.6227914
              w 46634.0719896
            b:e 1304.7803339
            b:c 1447.9058466
            b:n 997.5165126
            b:w 1127.3888472
            e:c 11967.3133423
            e:n 4956.9401172
            e:w 4367.4400825
            c:n 4894.2518811
            c:w 3648.8170504
            n:w 12652.7130936
          b:e:c 1300.1321231
          b:e:n 549.2731749
          b:e:w 596.1091555
          b:c:n 580.7079693
          b:c:w 564.9230158
          b:n:w 1353.4217383
          e:c:n 5082.9631732
          e:c:w 3960.4826103
          e:n:w 5878.9554044
          c:n:w 5002.8296191
        b:e:c:n 1163.0738584
        b:e:c:w 1161.1167510
        b:e:n:w 2046.9061372
        b:c:n:w 1835.3546184
        e:c:n:w 49124.6742078
