########################################
# legofit: estimate population history #
#            version 2.3.3             #
########################################

# Program was compiled: Sep 12 2021 17:54:39
# Program was run: Thu Sep 16 05:34:49 2021

# cmd: legofit -1 -d 0 -t 32 --ptsPerDim 3 --stateOut b1boot14.state --tol 3e-6 -S 5000 abce2.lgo ../../chrX/boot_chrX/boot14.opf
# Stage nOptItr nSimReps
#     0    5000        0
# algorithm          : deterministic
# ignoring probs <=  : 0
# Branch length floor: 0
# DE strategy        : 2
#    F               : 0.3
#    CR              : 0.8
#    tolerance       : 3e-06
# nthreads           : 32
# lgo input file     : abce2.lgo
# site pat input file: ../../chrX/boot_chrX/boot14.opf
# free parameters    : 17
# points in DE swarm : 51
# output state file  : b1boot14.state
# Including singleton site patterns.
# cost function      : KL
Initial parameter values
Fixed:
      zero = 0
       one = 1
    Tbecnw = 75200
Free:
       pc1 = 0
       pc2 = 0
       pc3 = 0
       pc4 = 0
       pc5 = 0
       pc6 = 0
       pc7 = 0
       pc8 = 0
       pc9 = 0
      pc10 = 0
      pc11 = 0
      pc12 = 0
      pc13 = 0
      pc14 = 0
      pc15 = 0
      pc16 = 0
      pc17 = 0
Constrained:
   Tgbecnw = 360324
     Tecnw = 29676.9
       Tnw = 20020.7
       Tec = 10225.1
     twoNb = 917719
     twoNe = 19692.4
     twoNn = 467323
     twoNw = 1.94227e+06
    twoNec = 84623.8
    twoNnw = 27309
  twoNecnw = 58539.6
  twoNbecnw = 25559.2
  twoNgbecnw = 287245
         m = 0.062519
        m2 = 0.0289997
        m3 = 0.235666
        m5 = 0.108404
        Tb = 19951
        Ta = 47575.5
        Tc = 10010.3
        Te = 5005.17
DiffEv reached_goal. cost=1.70432e-03 spread=2.80880e-06
Fitted parameter values
Free:
       pc1 = -1.69992
       pc2 = 0.92708
       pc3 = 1.18791
       pc4 = -0.794712
       pc5 = 0.431875
       pc6 = 0.503663
       pc7 = -1.03394
       pc8 = -1.98533
       pc9 = -0.103474
      pc10 = -0.130824
      pc11 = -0.110834
      pc12 = -0.168876
      pc13 = 0.0278214
      pc14 = 0.0595943
      pc15 = -0.174623
      pc16 = 0.0364403
      pc17 = 0.0171902
Constrained:
   Tgbecnw = 157298
     Tecnw = 28474
       Tnw = 20341.1
       Tec = 10279.4
     twoNb = 911710
     twoNe = 13934.9
     twoNn = 985142
     twoNw = 4.03237e+06
    twoNec = 81703.8
    twoNnw = 22715
  twoNecnw = 58508.7
  twoNbecnw = 20366.3
  twoNgbecnw = 343619
         m = 0.0735052
        m2 = 0.0292408
        m3 = 0.241035
        m5 = 0.094282
        Tb = 19376.7
        Ta = 47288.3
        Tc = 10170.6
        Te = 5085.28
#       SitePat  BranchLen
              b 123454.0073073
              e 46414.7909178
              c 47954.4760490
              n 43722.3341096
              w 46423.6072419
            b:e 1302.8388618
            b:c 1426.4180652
            b:n 984.3126189
            b:w 1099.7500722
            e:c 11883.4036078
            e:n 4967.6174237
            e:w 4302.6150086
            c:n 4827.8415984
            c:w 3707.6918384
            n:w 12610.3489129
          b:e:c 1264.8845266
          b:e:n 543.4975014
          b:e:w 578.8923283
          b:c:n 565.4711561
          b:c:w 558.1872176
          b:n:w 1313.3578866
          e:c:n 5046.6751183
          e:c:w 3989.0845556
          e:n:w 5788.8984483
          c:n:w 5039.2489252
        b:e:c:n 1137.7987948
        b:e:c:w 1135.7200971
        b:e:n:w 1989.4991749
        b:c:n:w 1809.3148001
        e:c:n:w 48817.7342080
