########################################
# legofit: estimate population history #
#            version 2.3.3             #
########################################

# Program was compiled: Sep 12 2021 17:54:39
# Program was run: Thu Sep 16 08:43:00 2021

# cmd: legofit -1 -d 0 -t 32 --ptsPerDim 3 --stateOut b1boot43.state --tol 3e-6 -S 5000 abce2.lgo ../../chrX/boot_chrX/boot43.opf
# Stage nOptItr nSimReps
#     0    5000        0
# algorithm          : deterministic
# ignoring probs <=  : 0
# Branch length floor: 0
# DE strategy        : 2
#    F               : 0.3
#    CR              : 0.8
#    tolerance       : 3e-06
# nthreads           : 32
# lgo input file     : abce2.lgo
# site pat input file: ../../chrX/boot_chrX/boot43.opf
# free parameters    : 17
# points in DE swarm : 51
# output state file  : b1boot43.state
# Including singleton site patterns.
# cost function      : KL
Initial parameter values
Fixed:
      zero = 0
       one = 1
    Tbecnw = 75200
Free:
       pc1 = 0
       pc2 = 0
       pc3 = 0
       pc4 = 0
       pc5 = 0
       pc6 = 0
       pc7 = 0
       pc8 = 0
       pc9 = 0
      pc10 = 0
      pc11 = 0
      pc12 = 0
      pc13 = 0
      pc14 = 0
      pc15 = 0
      pc16 = 0
      pc17 = 0
Constrained:
   Tgbecnw = 360324
     Tecnw = 29676.9
       Tnw = 20020.7
       Tec = 10225.1
     twoNb = 917719
     twoNe = 19692.4
     twoNn = 467323
     twoNw = 1.94227e+06
    twoNec = 84623.8
    twoNnw = 27309
  twoNecnw = 58539.6
  twoNbecnw = 25559.2
  twoNgbecnw = 287245
         m = 0.062519
        m2 = 0.0289997
        m3 = 0.235666
        m5 = 0.108404
        Tb = 19951
        Ta = 47575.5
        Tc = 10010.3
        Te = 5005.17
DiffEv reached_goal. cost=1.84471e-03 spread=2.52088e-06
Fitted parameter values
Free:
       pc1 = -1.81514
       pc2 = 1.8737
       pc3 = -0.980483
       pc4 = -1.71052
       pc5 = 0.0643232
       pc6 = 1.605
       pc7 = 1.6641
       pc8 = -0.0649601
       pc9 = 1.79471
      pc10 = 0.978334
      pc11 = 1.47614
      pc12 = 0.621392
      pc13 = -0.519027
      pc14 = 0.461549
      pc15 = -0.624809
      pc16 = -0.353288
      pc17 = 0.130501
Constrained:
   Tgbecnw = 113399
     Tecnw = 27165.9
       Tnw = 18676.1
       Tec = 9417.88
     twoNb = 922933
     twoNe = 107055
     twoNn = 30297.2
     twoNw = 1.67323e+06
    twoNec = 76832.6
    twoNnw = 22406.7
  twoNecnw = 58082
  twoNbecnw = 11206.2
  twoNgbecnw = 365439
         m = 0.0702646
        m2 = 0.0309944
        m3 = 0.242981
        m5 = 0.120677
        Tb = 18291.9
        Ta = 46745.9
        Tc = 9338.03
        Te = 4669.02
#       SitePat  BranchLen
              b 117822.4946473
              e 44374.8849836
              c 46319.5961602
              n 41650.5039447
              w 44194.7807088
            b:e 1252.9919554
            b:c 1411.8317415
            b:n 939.0904919
            b:w 1044.2514001
            e:c 11475.0016736
            e:n 4778.0546973
            e:w 4298.4238557
            c:n 4686.0240448
            c:w 3483.9533615
            n:w 12429.8863380
          b:e:c 1248.5915564
          b:e:n 523.4156221
          b:e:w 571.4296037
          b:c:n 558.3091187
          b:c:w 539.3474192
          b:n:w 1286.4793198
          e:c:n 4758.2601461
          e:c:w 3757.9112333
          e:n:w 5748.7776141
          c:n:w 4778.9932624
        b:e:c:n 1118.8883324
        b:e:c:w 1122.4488533
        b:e:n:w 2002.4740861
        b:c:n:w 1772.3972916
        e:c:n:w 46182.8873853
