########################################
# legofit: estimate population history #
#            version 2.3.3             #
########################################

# Program was compiled: Sep 12 2021 17:54:39
# Program was run: Thu Sep 16 06:55:40 2021

# cmd: legofit -1 -d 0 -t 32 --ptsPerDim 3 --stateOut b1boot26.state --tol 3e-6 -S 5000 abce2.lgo ../../chrX/boot_chrX/boot26.opf
# Stage nOptItr nSimReps
#     0    5000        0
# algorithm          : deterministic
# ignoring probs <=  : 0
# Branch length floor: 0
# DE strategy        : 2
#    F               : 0.3
#    CR              : 0.8
#    tolerance       : 3e-06
# nthreads           : 32
# lgo input file     : abce2.lgo
# site pat input file: ../../chrX/boot_chrX/boot26.opf
# free parameters    : 17
# points in DE swarm : 51
# output state file  : b1boot26.state
# Including singleton site patterns.
# cost function      : KL
Initial parameter values
Fixed:
      zero = 0
       one = 1
    Tbecnw = 75200
Free:
       pc1 = 0
       pc2 = 0
       pc3 = 0
       pc4 = 0
       pc5 = 0
       pc6 = 0
       pc7 = 0
       pc8 = 0
       pc9 = 0
      pc10 = 0
      pc11 = 0
      pc12 = 0
      pc13 = 0
      pc14 = 0
      pc15 = 0
      pc16 = 0
      pc17 = 0
Constrained:
   Tgbecnw = 360324
     Tecnw = 29676.9
       Tnw = 20020.7
       Tec = 10225.1
     twoNb = 917719
     twoNe = 19692.4
     twoNn = 467323
     twoNw = 1.94227e+06
    twoNec = 84623.8
    twoNnw = 27309
  twoNecnw = 58539.6
  twoNbecnw = 25559.2
  twoNgbecnw = 287245
         m = 0.062519
        m2 = 0.0289997
        m3 = 0.235666
        m5 = 0.108404
        Tb = 19951
        Ta = 47575.5
        Tc = 10010.3
        Te = 5005.17
DiffEv reached_goal. cost=1.82123e-03 spread=2.48657e-06
Fitted parameter values
Free:
       pc1 = -3.03764
       pc2 = 0.848357
       pc3 = -0.482676
       pc4 = -0.778948
       pc5 = 0.416675
       pc6 = 0.978577
       pc7 = 1.55334
       pc8 = -1.9638
       pc9 = 0.854716
      pc10 = 0.130119
      pc11 = -0.348523
      pc12 = -0.231662
      pc13 = 0.0317288
      pc14 = 0.209832
      pc15 = -0.198196
      pc16 = -0.134117
      pc17 = 0.0187665
Constrained:
   Tgbecnw = 140938
     Tecnw = 27613.6
       Tnw = 21319.5
       Tec = 11275.8
     twoNb = 1.01478e+06
     twoNe = 70914.7
     twoNn = 184473
     twoNw = 4.38077e+06
    twoNec = 72472.2
    twoNnw = 17555.4
  twoNecnw = 60245
  twoNbecnw = 17812.9
  twoNgbecnw = 349497
         m = 0.0723481
        m2 = 0.0315291
        m3 = 0.234342
        m5 = 0.110278
        Tb = 19444.7
        Ta = 47322.4
        Tc = 10659.7
        Te = 5329.87
#       SitePat  BranchLen
              b 121829.1312728
              e 46110.8197951
              c 47900.3465995
              n 43468.2535285
              w 46010.5865234
            b:e 1357.5231316
            b:c 1510.3486282
            b:n 1030.5705824
            b:w 1147.5997106
            e:c 11772.2934215
            e:n 4977.9170585
            e:w 4402.6993892
            c:n 4822.0222944
            c:w 3723.5896678
            n:w 12546.6507320
          b:e:c 1337.1804073
          b:e:n 574.2993640
          b:e:w 615.4306421
          b:c:n 601.6720987
          b:c:w 590.4947915
          b:n:w 1384.7066728
          e:c:n 5007.7148268
          e:c:w 3993.9328803
          e:n:w 5923.2642040
          c:n:w 5037.0232828
        b:e:c:n 1204.9189361
        b:e:c:w 1203.0351238
        b:e:n:w 2125.5595035
        b:c:n:w 1902.0157073
        e:c:n:w 47807.8980596
