########################################
# legofit: estimate population history #
#            version 2.3.3             #
########################################

# Program was compiled: Sep 12 2021 17:54:39
# Program was run: Thu Sep 16 02:02:57 2021

# cmd: legofit -1 -d 0 -t 32 --ptsPerDim 3 --stateOut b1boot2.state --tol 3e-6 -S 5000 abce2.lgo ../../chrX/boot_chrX/boot2.opf
# Stage nOptItr nSimReps
#     0    5000        0
# algorithm          : deterministic
# ignoring probs <=  : 0
# Branch length floor: 0
# DE strategy        : 2
#    F               : 0.3
#    CR              : 0.8
#    tolerance       : 3e-06
# nthreads           : 32
# lgo input file     : abce2.lgo
# site pat input file: ../../chrX/boot_chrX/boot2.opf
# free parameters    : 17
# points in DE swarm : 51
# output state file  : b1boot2.state
# Including singleton site patterns.
# cost function      : KL
Initial parameter values
Fixed:
      zero = 0
       one = 1
    Tbecnw = 75200
Free:
       pc1 = 0
       pc2 = 0
       pc3 = 0
       pc4 = 0
       pc5 = 0
       pc6 = 0
       pc7 = 0
       pc8 = 0
       pc9 = 0
      pc10 = 0
      pc11 = 0
      pc12 = 0
      pc13 = 0
      pc14 = 0
      pc15 = 0
      pc16 = 0
      pc17 = 0
Constrained:
   Tgbecnw = 360324
     Tecnw = 29676.9
       Tnw = 20020.7
       Tec = 10225.1
     twoNb = 917719
     twoNe = 19692.4
     twoNn = 467323
     twoNw = 1.94227e+06
    twoNec = 84623.8
    twoNnw = 27309
  twoNecnw = 58539.6
  twoNbecnw = 25559.2
  twoNgbecnw = 287245
         m = 0.062519
        m2 = 0.0289997
        m3 = 0.235666
        m5 = 0.108404
        Tb = 19951
        Ta = 47575.5
        Tc = 10010.3
        Te = 5005.17
DiffEv reached_goal. cost=1.80967e-03 spread=2.80426e-06
Fitted parameter values
Free:
       pc1 = -3.77692
       pc2 = 0.132964
       pc3 = 0.576267
       pc4 = -1.95899
       pc5 = 0.362928
       pc6 = 1.22669
       pc7 = 0.828095
       pc8 = -0.910104
       pc9 = -0.481311
      pc10 = 0.816439
      pc11 = 0.301537
      pc12 = -0.190928
      pc13 = 0.449225
      pc14 = 0.142694
      pc15 = -0.29252
      pc16 = -0.0747771
      pc17 = 0.125604
Constrained:
   Tgbecnw = 139291
     Tecnw = 27606.6
       Tnw = 22187.5
       Tec = 11843.9
     twoNb = 1.00431e+06
     twoNe = 115354
     twoNn = 1.18746e+06
     twoNw = 3.1432e+06
    twoNec = 67298.7
    twoNnw = 13526.1
  twoNecnw = 60906.6
  twoNbecnw = 16990.2
  twoNgbecnw = 353316
         m = 0.0725001
        m2 = 0.030147
        m3 = 0.253121
        m5 = 0.106095
        Tb = 19725.2
        Ta = 47462.6
        Tc = 11093.8
        Te = 5546.89
#       SitePat  BranchLen
              b 121190.4845049
              e 45829.9337789
              c 47609.6220072
              n 42925.7951777
              w 45741.8095037
            b:e 1285.6797745
            b:c 1433.1777008
            b:n 957.9275051
            b:w 1086.0656025
            e:c 11871.6589895
            e:n 4877.5532159
            e:w 4265.4157978
            c:n 4778.9817083
            c:w 3561.9304636
            n:w 12748.7432738
          b:e:c 1295.2161721
          b:e:n 531.8757823
          b:e:w 576.9751411
          b:c:n 561.8730179
          b:c:w 548.8798205
          b:n:w 1343.2838857
          e:c:n 4963.2375480
          e:c:w 3824.2172158
          e:n:w 5866.2591323
          c:n:w 4952.4196723
        b:e:c:n 1138.9319321
        b:e:c:w 1130.8823830
        b:e:n:w 2024.1468975
        b:c:n:w 1810.9551131
        e:c:n:w 47434.3716380
