########################################
# legofit: estimate population history #
#            version 2.3.3             #
########################################

# Program was compiled: Sep 12 2021 17:54:39
# Program was run: Thu Sep 16 08:30:12 2021

# cmd: legofit -1 -d 0 -t 32 --ptsPerDim 3 --stateOut b1boot40.state --tol 3e-6 -S 5000 abce2.lgo ../../chrX/boot_chrX/boot40.opf
# Stage nOptItr nSimReps
#     0    5000        0
# algorithm          : deterministic
# ignoring probs <=  : 0
# Branch length floor: 0
# DE strategy        : 2
#    F               : 0.3
#    CR              : 0.8
#    tolerance       : 3e-06
# nthreads           : 32
# lgo input file     : abce2.lgo
# site pat input file: ../../chrX/boot_chrX/boot40.opf
# free parameters    : 17
# points in DE swarm : 51
# output state file  : b1boot40.state
# Including singleton site patterns.
# cost function      : KL
Initial parameter values
Fixed:
      zero = 0
       one = 1
    Tbecnw = 75200
Free:
       pc1 = 0
       pc2 = 0
       pc3 = 0
       pc4 = 0
       pc5 = 0
       pc6 = 0
       pc7 = 0
       pc8 = 0
       pc9 = 0
      pc10 = 0
      pc11 = 0
      pc12 = 0
      pc13 = 0
      pc14 = 0
      pc15 = 0
      pc16 = 0
      pc17 = 0
Constrained:
   Tgbecnw = 360324
     Tecnw = 29676.9
       Tnw = 20020.7
       Tec = 10225.1
     twoNb = 917719
     twoNe = 19692.4
     twoNn = 467323
     twoNw = 1.94227e+06
    twoNec = 84623.8
    twoNnw = 27309
  twoNecnw = 58539.6
  twoNbecnw = 25559.2
  twoNgbecnw = 287245
         m = 0.062519
        m2 = 0.0289997
        m3 = 0.235666
        m5 = 0.108404
        Tb = 19951
        Ta = 47575.5
        Tc = 10010.3
        Te = 5005.17
DiffEv reached_goal. cost=1.79540e-03 spread=2.97299e-06
Fitted parameter values
Free:
       pc1 = -3.77205
       pc2 = 0.697125
       pc3 = 0.108197
       pc4 = -1.4312
       pc5 = 1.32268
       pc6 = 0.725498
       pc7 = 0.170246
       pc8 = -0.203121
       pc9 = -0.84662
      pc10 = 1.10831
      pc11 = 0.856095
      pc12 = -0.0515301
      pc13 = -0.224637
      pc14 = 0.559209
      pc15 = -0.298961
      pc16 = -0.0874274
      pc17 = -0.00437448
Constrained:
   Tgbecnw = 136251
     Tecnw = 27276.5
       Tnw = 22272.2
       Tec = 11389
     twoNb = 1.04101e+06
     twoNe = 161971
     twoNn = 828350
     twoNw = 2.39012e+06
    twoNec = 73126.1
    twoNnw = 13171.1
  twoNecnw = 60794.3
  twoNbecnw = 16713.2
  twoNgbecnw = 336975
         m = 0.0788998
        m2 = 0.0281159
        m3 = 0.245233
        m5 = 0.102818
        Tb = 19332.7
        Ta = 47266.4
        Tc = 11136.1
        Te = 5568.06
#       SitePat  BranchLen
              b 122355.2664763
              e 45980.8346259
              c 47614.2307230
              n 43098.7844832
              w 45636.1499592
            b:e 1306.8486996
            b:c 1444.4018425
            b:n 978.1202625
            b:w 1091.3452973
            e:c 11639.9007816
            e:n 4878.9462492
            e:w 4341.3140332
            c:n 4810.4055075
            c:w 3678.5378128
            n:w 12539.6239839
          b:e:c 1289.5974098
          b:e:n 546.7686255
          b:e:w 589.2183520
          b:c:n 575.9707305
          b:c:w 561.4860873
          b:n:w 1331.8057240
          e:c:n 4908.6314641
          e:c:w 3900.0881175
          e:n:w 5882.4316508
          c:n:w 5039.3338849
        b:e:c:n 1147.1633922
        b:e:c:w 1146.6510990
        b:e:n:w 2018.4130255
        b:c:n:w 1820.4086556
        e:c:n:w 48626.6583378
