########################################
# legofit: estimate population history #
#            version 2.3.3             #
########################################

# Program was compiled: Sep 12 2021 17:54:39
# Program was run: Thu Sep 16 05:03:18 2021

# cmd: legofit -1 -d 0 -t 32 --ptsPerDim 3 --stateOut b1boot11.state --tol 3e-6 -S 5000 abce2.lgo ../../chrX/boot_chrX/boot11.opf
# Stage nOptItr nSimReps
#     0    5000        0
# algorithm          : deterministic
# ignoring probs <=  : 0
# Branch length floor: 0
# DE strategy        : 2
#    F               : 0.3
#    CR              : 0.8
#    tolerance       : 3e-06
# nthreads           : 32
# lgo input file     : abce2.lgo
# site pat input file: ../../chrX/boot_chrX/boot11.opf
# free parameters    : 17
# points in DE swarm : 51
# output state file  : b1boot11.state
# Including singleton site patterns.
# cost function      : KL
Initial parameter values
Fixed:
      zero = 0
       one = 1
    Tbecnw = 75200
Free:
       pc1 = 0
       pc2 = 0
       pc3 = 0
       pc4 = 0
       pc5 = 0
       pc6 = 0
       pc7 = 0
       pc8 = 0
       pc9 = 0
      pc10 = 0
      pc11 = 0
      pc12 = 0
      pc13 = 0
      pc14 = 0
      pc15 = 0
      pc16 = 0
      pc17 = 0
Constrained:
   Tgbecnw = 360324
     Tecnw = 29676.9
       Tnw = 20020.7
       Tec = 10225.1
     twoNb = 917719
     twoNe = 19692.4
     twoNn = 467323
     twoNw = 1.94227e+06
    twoNec = 84623.8
    twoNnw = 27309
  twoNecnw = 58539.6
  twoNbecnw = 25559.2
  twoNgbecnw = 287245
         m = 0.062519
        m2 = 0.0289997
        m3 = 0.235666
        m5 = 0.108404
        Tb = 19951
        Ta = 47575.5
        Tc = 10010.3
        Te = 5005.17
DiffEv reached_goal. cost=1.81185e-03 spread=1.91122e-06
Fitted parameter values
Free:
       pc1 = -1.01726
       pc2 = 1.14337
       pc3 = 0.419371
       pc4 = -1.50802
       pc5 = 1.16092
       pc6 = 0.896983
       pc7 = 0.263285
       pc8 = -1.9224
       pc9 = -0.133809
      pc10 = -0.0383305
      pc11 = -0.603705
      pc12 = -0.492864
      pc13 = 0.911607
      pc14 = -0.281544
      pc15 = -0.0397456
      pc16 = 0.11859
      pc17 = 0.261998
Constrained:
   Tgbecnw = 164429
     Tecnw = 29074.8
       Tnw = 18723.3
       Tec = 10479.8
     twoNb = 984076
     twoNe = 97079.4
     twoNn = 928836
     twoNw = 3.98455e+06
    twoNec = 77066.2
    twoNnw = 28165.9
  twoNecnw = 58328.3
  twoNbecnw = 21759.4
  twoNgbecnw = 347475
         m = 0.0732312
        m2 = 0.0314235
        m3 = 0.23613
        m5 = 0.0980721
        Tb = 19777.3
        Ta = 47488.6
        Tc = 9361.66
        Te = 4680.83
#       SitePat  BranchLen
              b 124873.4660245
              e 46538.2093070
              c 48262.4585878
              n 43762.3328907
              w 46618.3426840
            b:e 1338.4703085
            b:c 1476.0858416
            b:n 1014.3262733
            b:w 1145.4177551
            e:c 12334.9000265
            e:n 4987.2827285
            e:w 4285.4591492
            c:n 4799.1033719
            c:w 3635.9136100
            n:w 13135.3181745
          b:e:c 1333.5500813
          b:e:n 553.0498988
          b:e:w 591.5389090
          b:c:n 575.9405115
          b:c:w 570.1103279
          b:n:w 1393.8351817
          e:c:n 5159.6640696
          e:c:w 4013.5354349
          e:n:w 5860.0292644
          c:n:w 5037.9359562
        b:e:c:n 1180.4564765
        b:e:c:w 1171.8383913
        b:e:n:w 2092.2180174
        b:c:n:w 1888.7093596
        e:c:n:w 49758.8114679
