########################################
# legofit: estimate population history #
#            version 2.3.3             #
########################################

# Program was compiled: Sep 12 2021 17:54:39
# Program was run: Thu Sep 16 09:40:23 2021

# cmd: legofit -1 -d 0 -t 32 --ptsPerDim 3 --stateOut b1boot49.state --tol 3e-6 -S 5000 abce2.lgo ../../chrX/boot_chrX/boot49.opf
# Stage nOptItr nSimReps
#     0    5000        0
# algorithm          : deterministic
# ignoring probs <=  : 0
# Branch length floor: 0
# DE strategy        : 2
#    F               : 0.3
#    CR              : 0.8
#    tolerance       : 3e-06
# nthreads           : 32
# lgo input file     : abce2.lgo
# site pat input file: ../../chrX/boot_chrX/boot49.opf
# free parameters    : 17
# points in DE swarm : 51
# output state file  : b1boot49.state
# Including singleton site patterns.
# cost function      : KL
Initial parameter values
Fixed:
      zero = 0
       one = 1
    Tbecnw = 75200
Free:
       pc1 = 0
       pc2 = 0
       pc3 = 0
       pc4 = 0
       pc5 = 0
       pc6 = 0
       pc7 = 0
       pc8 = 0
       pc9 = 0
      pc10 = 0
      pc11 = 0
      pc12 = 0
      pc13 = 0
      pc14 = 0
      pc15 = 0
      pc16 = 0
      pc17 = 0
Constrained:
   Tgbecnw = 360324
     Tecnw = 29676.9
       Tnw = 20020.7
       Tec = 10225.1
     twoNb = 917719
     twoNe = 19692.4
     twoNn = 467323
     twoNw = 1.94227e+06
    twoNec = 84623.8
    twoNnw = 27309
  twoNecnw = 58539.6
  twoNbecnw = 25559.2
  twoNgbecnw = 287245
         m = 0.062519
        m2 = 0.0289997
        m3 = 0.235666
        m5 = 0.108404
        Tb = 19951
        Ta = 47575.5
        Tc = 10010.3
        Te = 5005.17
DiffEv reached_goal. cost=1.77244e-03 spread=2.82648e-06
Fitted parameter values
Free:
       pc1 = -0.130162
       pc2 = -0.621329
       pc3 = 1.78821
       pc4 = -0.284867
       pc5 = -0.389169
       pc6 = -0.237666
       pc7 = 1.54471
       pc8 = 0.582365
       pc9 = -0.522851
      pc10 = 0.543459
      pc11 = -0.421396
      pc12 = 0.829102
      pc13 = 0.289366
      pc14 = 0.175662
      pc15 = 0.00284732
      pc16 = 0.0111972
      pc17 = -0.0241374
Constrained:
   Tgbecnw = 255713
     Tecnw = 30072.4
       Tnw = 21220.2
       Tec = 10768
     twoNb = 1.09034e+06
     twoNe = 20572.4
     twoNn = 1.03725e+06
     twoNw = 1.703e+06
    twoNec = 85780
    twoNnw = 24871.5
  twoNecnw = 59763.1
  twoNbecnw = 29076.2
  twoNgbecnw = 478635
         m = 0.0491122
        m2 = 0.029163
        m3 = 0.253076
        m5 = 0.11653
        Tb = 20420.2
        Ta = 47810.1
        Tc = 10610.1
        Te = 5305.04
#       SitePat  BranchLen
              b 128163.6832980
              e 48225.2367986
              c 50179.0932045
              n 45668.4709291
              w 48517.7844694
            b:e 1397.7812961
            b:c 1558.8413877
            b:n 1100.6039712
            b:w 1243.1610258
            e:c 12142.5457466
            e:n 5273.6732926
            e:w 4664.9383217
            c:n 5143.1869973
            c:w 3865.9038336
            n:w 12802.8358391
          b:e:c 1366.7163373
          b:e:n 606.3810008
          b:e:w 655.0184170
          b:c:n 638.8825197
          b:c:w 621.7901749
          b:n:w 1428.4484053
          e:c:n 5318.7552925
          e:c:w 4181.6437521
          e:n:w 6111.2073625
          c:n:w 5166.9064641
        b:e:c:n 1247.9596761
        b:e:c:w 1247.6737030
        b:e:n:w 2172.5873913
        b:c:n:w 1932.2192908
        e:c:n:w 50769.6295809
