########################################
# legofit: estimate population history #
#            version 2.3.3             #
########################################

# Program was compiled: Sep 12 2021 17:54:39
# Program was run: Thu Sep 16 07:46:28 2021

# cmd: legofit -1 -d 0 -t 32 --ptsPerDim 3 --stateOut b1boot31.state --tol 3e-6 -S 5000 abce2.lgo ../../chrX/boot_chrX/boot31.opf
# Stage nOptItr nSimReps
#     0    5000        0
# algorithm          : deterministic
# ignoring probs <=  : 0
# Branch length floor: 0
# DE strategy        : 2
#    F               : 0.3
#    CR              : 0.8
#    tolerance       : 3e-06
# nthreads           : 32
# lgo input file     : abce2.lgo
# site pat input file: ../../chrX/boot_chrX/boot31.opf
# free parameters    : 17
# points in DE swarm : 51
# output state file  : b1boot31.state
# Including singleton site patterns.
# cost function      : KL
Initial parameter values
Fixed:
      zero = 0
       one = 1
    Tbecnw = 75200
Free:
       pc1 = 0
       pc2 = 0
       pc3 = 0
       pc4 = 0
       pc5 = 0
       pc6 = 0
       pc7 = 0
       pc8 = 0
       pc9 = 0
      pc10 = 0
      pc11 = 0
      pc12 = 0
      pc13 = 0
      pc14 = 0
      pc15 = 0
      pc16 = 0
      pc17 = 0
Constrained:
   Tgbecnw = 360324
     Tecnw = 29676.9
       Tnw = 20020.7
       Tec = 10225.1
     twoNb = 917719
     twoNe = 19692.4
     twoNn = 467323
     twoNw = 1.94227e+06
    twoNec = 84623.8
    twoNnw = 27309
  twoNecnw = 58539.6
  twoNbecnw = 25559.2
  twoNgbecnw = 287245
         m = 0.062519
        m2 = 0.0289997
        m3 = 0.235666
        m5 = 0.108404
        Tb = 19951
        Ta = 47575.5
        Tc = 10010.3
        Te = 5005.17
DiffEv reached_goal. cost=1.80943e-03 spread=2.80850e-06
Fitted parameter values
Free:
       pc1 = -2.74607
       pc2 = 0.38358
       pc3 = 1.20195
       pc4 = -0.807784
       pc5 = -0.921161
       pc6 = 1.38402
       pc7 = 1.19772
       pc8 = -1.19199
       pc9 = -0.271059
      pc10 = 1.28901
      pc11 = -0.32808
      pc12 = -0.729002
      pc13 = 0.728456
      pc14 = -0.00218154
      pc15 = -0.0405888
      pc16 = -0.0196614
      pc17 = 0.0806701
Constrained:
   Tgbecnw = 145701
     Tecnw = 28721.7
       Tnw = 21862.2
       Tec = 11938.3
     twoNb = 1.10017e+06
     twoNe = 41201.6
     twoNn = 1.20297e+06
     twoNw = 4.10073e+06
    twoNec = 70697.4
    twoNnw = 18493.4
  twoNecnw = 58011.7
  twoNbecnw = 18827.5
  twoNgbecnw = 329770
         m = 0.0771796
        m2 = 0.030107
        m3 = 0.258108
        m5 = 0.113868
        Tb = 20330
        Ta = 47765
        Tc = 10931.1
        Te = 5465.54
#       SitePat  BranchLen
              b 122896.9553562
              e 46024.7620399
              c 47986.7623226
              n 43604.6489066
              w 46628.5184453
            b:e 1293.2911125
            b:c 1452.7539780
            b:n 995.2754248
            b:w 1138.4516946
            e:c 11700.3577648
            e:n 5090.1201164
            e:w 4330.0333099
            c:n 4833.9829299
            c:w 3631.8353371
            n:w 12258.3382904
          b:e:c 1289.2570212
          b:e:n 557.6604617
          b:e:w 597.6053416
          b:c:n 582.0212061
          b:c:w 577.0538812
          b:n:w 1341.1878275
          e:c:n 5157.6825357
          e:c:w 3938.1867391
          e:n:w 5850.2890525
          c:n:w 4912.2662625
        b:e:c:n 1185.1021511
        b:e:c:w 1164.8090306
        b:e:n:w 2043.4961273
        b:c:n:w 1810.5816245
        e:c:n:w 48702.8496225
