########################################
# legofit: estimate population history #
#            version 2.3.3             #
########################################

# Program was compiled: Sep 12 2021 17:54:39
# Program was run: Thu Sep 16 08:49:12 2021

# cmd: legofit -1 -d 0 -t 32 --ptsPerDim 3 --stateOut b1boot45.state --tol 3e-6 -S 5000 abce2.lgo ../../chrX/boot_chrX/boot45.opf
# Stage nOptItr nSimReps
#     0    5000        0
# algorithm          : deterministic
# ignoring probs <=  : 0
# Branch length floor: 0
# DE strategy        : 2
#    F               : 0.3
#    CR              : 0.8
#    tolerance       : 3e-06
# nthreads           : 32
# lgo input file     : abce2.lgo
# site pat input file: ../../chrX/boot_chrX/boot45.opf
# free parameters    : 17
# points in DE swarm : 51
# output state file  : b1boot45.state
# Including singleton site patterns.
# cost function      : KL
Initial parameter values
Fixed:
      zero = 0
       one = 1
    Tbecnw = 75200
Free:
       pc1 = 0
       pc2 = 0
       pc3 = 0
       pc4 = 0
       pc5 = 0
       pc6 = 0
       pc7 = 0
       pc8 = 0
       pc9 = 0
      pc10 = 0
      pc11 = 0
      pc12 = 0
      pc13 = 0
      pc14 = 0
      pc15 = 0
      pc16 = 0
      pc17 = 0
Constrained:
   Tgbecnw = 360324
     Tecnw = 29676.9
       Tnw = 20020.7
       Tec = 10225.1
     twoNb = 917719
     twoNe = 19692.4
     twoNn = 467323
     twoNw = 1.94227e+06
    twoNec = 84623.8
    twoNnw = 27309
  twoNecnw = 58539.6
  twoNbecnw = 25559.2
  twoNgbecnw = 287245
         m = 0.062519
        m2 = 0.0289997
        m3 = 0.235666
        m5 = 0.108404
        Tb = 19951
        Ta = 47575.5
        Tc = 10010.3
        Te = 5005.17
DiffEv reached_goal. cost=1.61363e-03 spread=2.62844e-06
Fitted parameter values
Free:
       pc1 = -2.51378
       pc2 = 1.09002
       pc3 = -0.00335369
       pc4 = -0.000887764
       pc5 = -0.193792
       pc6 = 0.64076
       pc7 = 1.41697
       pc8 = -1.44855
       pc9 = 0.692133
      pc10 = -0.270081
      pc11 = -0.186613
      pc12 = -0.373352
      pc13 = 0.0451946
      pc14 = -0.110555
      pc15 = -0.197944
      pc16 = -0.117076
      pc17 = 0.0159872
Constrained:
   Tgbecnw = 148630
     Tecnw = 28259.7
       Tnw = 21111.3
       Tec = 11018.3
     twoNb = 1.06195e+06
     twoNe = 14052.8
     twoNn = 331710
     twoNw = 4.08735e+06
    twoNec = 72954.9
    twoNnw = 20090.6
  twoNecnw = 59474.1
  twoNbecnw = 18726
  twoNgbecnw = 359039
         m = 0.0710144
        m2 = 0.0304342
        m3 = 0.22796
        m5 = 0.112663
        Tb = 19639
        Ta = 47419.5
        Tc = 10555.6
        Te = 5277.82
#       SitePat  BranchLen
              b 122343.9007076
              e 45924.4030367
              c 47935.9562844
              n 43559.5943827
              w 46335.9571335
            b:e 1275.0215599
            b:c 1431.5022132
            b:n 980.0071218
            b:w 1107.1890669
            e:c 11910.5968735
            e:n 5070.4986830
            e:w 4311.0405626
            c:n 4714.0014682
            c:w 3659.2305033
            n:w 12509.7564493
          b:e:c 1277.6863792
          b:e:n 547.3340873
          b:e:w 578.2857223
          b:c:n 564.5807289
          b:c:w 565.6915606
          b:n:w 1330.7023711
          e:c:n 5046.2507359
          e:c:w 3941.4855394
          e:n:w 5824.3654896
          c:n:w 4891.6112580
        b:e:c:n 1152.4011720
        b:e:c:w 1135.7883267
        b:e:n:w 2035.6792136
        b:c:n:w 1804.0543214
        e:c:n:w 48098.9873279
