########################################
# legofit: estimate population history #
#            version 2.3.3             #
########################################

# Program was compiled: Sep 12 2021 17:54:39
# Program was run: Thu Sep 16 09:05:36 2021

# cmd: legofit -1 -d 0 -t 32 --ptsPerDim 3 --stateOut b1boot47.state --tol 3e-6 -S 5000 abce2.lgo ../../chrX/boot_chrX/boot47.opf
# Stage nOptItr nSimReps
#     0    5000        0
# algorithm          : deterministic
# ignoring probs <=  : 0
# Branch length floor: 0
# DE strategy        : 2
#    F               : 0.3
#    CR              : 0.8
#    tolerance       : 3e-06
# nthreads           : 32
# lgo input file     : abce2.lgo
# site pat input file: ../../chrX/boot_chrX/boot47.opf
# free parameters    : 17
# points in DE swarm : 51
# output state file  : b1boot47.state
# Including singleton site patterns.
# cost function      : KL
Initial parameter values
Fixed:
      zero = 0
       one = 1
    Tbecnw = 75200
Free:
       pc1 = 0
       pc2 = 0
       pc3 = 0
       pc4 = 0
       pc5 = 0
       pc6 = 0
       pc7 = 0
       pc8 = 0
       pc9 = 0
      pc10 = 0
      pc11 = 0
      pc12 = 0
      pc13 = 0
      pc14 = 0
      pc15 = 0
      pc16 = 0
      pc17 = 0
Constrained:
   Tgbecnw = 360324
     Tecnw = 29676.9
       Tnw = 20020.7
       Tec = 10225.1
     twoNb = 917719
     twoNe = 19692.4
     twoNn = 467323
     twoNw = 1.94227e+06
    twoNec = 84623.8
    twoNnw = 27309
  twoNecnw = 58539.6
  twoNbecnw = 25559.2
  twoNgbecnw = 287245
         m = 0.062519
        m2 = 0.0289997
        m3 = 0.235666
        m5 = 0.108404
        Tb = 19951
        Ta = 47575.5
        Tc = 10010.3
        Te = 5005.17
DiffEv reached_goal. cost=1.81230e-03 spread=2.54792e-06
Fitted parameter values
Free:
       pc1 = -2.55729
       pc2 = 1.39659
       pc3 = -0.509962
       pc4 = -0.914848
       pc5 = -0.415728
       pc6 = 1.19608
       pc7 = 1.46484
       pc8 = -0.069971
       pc9 = -0.0870795
      pc10 = 0.713354
      pc11 = -0.0508065
      pc12 = 0.454974
      pc13 = 0.123962
      pc14 = 0.0828616
      pc15 = -0.0365349
      pc16 = 0.0518507
      pc17 = 0.00373228
Constrained:
   Tgbecnw = 141337
     Tecnw = 28131.6
       Tnw = 20693.7
       Tec = 10546.5
     twoNb = 1.06393e+06
     twoNe = 89896.5
     twoNn = 749932
     twoNw = 2.79721e+06
    twoNec = 75403.6
    twoNnw = 20491.5
  twoNecnw = 61250.3
  twoNbecnw = 17525.1
  twoNgbecnw = 307618
         m = 0.0857506
        m2 = 0.0300383
        m3 = 0.239362
        m5 = 0.119763
        Tb = 19339
        Ta = 47269.5
        Tc = 10346.9
        Te = 5173.44
#       SitePat  BranchLen
              b 122370.5393717
              e 46122.0317911
              c 48028.8087871
              n 43658.1566056
              w 46303.3059826
            b:e 1242.4821339
            b:c 1393.5585291
            b:n 949.7171049
            b:w 1059.3540536
            e:c 11843.4037772
            e:n 4939.2983066
            e:w 4406.4970739
            c:n 4835.4904972
            c:w 3620.2891698
            n:w 12526.0495266
          b:e:c 1225.0573025
          b:e:n 522.3881318
          b:e:w 568.2492844
          b:c:n 553.6657238
          b:c:w 537.8431631
          b:n:w 1277.3505498
          e:c:n 4926.7384835
          e:c:w 3882.0428555
          e:n:w 5782.1627682
          c:n:w 4839.2263457
        b:e:c:n 1105.0719003
        b:e:c:w 1112.9452247
        b:e:n:w 1988.8259826
        b:c:n:w 1763.0532307
        e:c:n:w 48002.9069006
