########################################
# legofit: estimate population history #
#            version 2.3.3             #
########################################

# Program was compiled: Sep 12 2021 17:54:39
# Program was run: Thu Sep 16 08:30:12 2021

# cmd: legofit -1 -d 0 -t 32 --ptsPerDim 3 --stateOut b1boot42.state --tol 3e-6 -S 5000 abce2.lgo ../../chrX/boot_chrX/boot42.opf
# Stage nOptItr nSimReps
#     0    5000        0
# algorithm          : deterministic
# ignoring probs <=  : 0
# Branch length floor: 0
# DE strategy        : 2
#    F               : 0.3
#    CR              : 0.8
#    tolerance       : 3e-06
# nthreads           : 32
# lgo input file     : abce2.lgo
# site pat input file: ../../chrX/boot_chrX/boot42.opf
# free parameters    : 17
# points in DE swarm : 51
# output state file  : b1boot42.state
# Including singleton site patterns.
# cost function      : KL
Initial parameter values
Fixed:
      zero = 0
       one = 1
    Tbecnw = 75200
Free:
       pc1 = 0
       pc2 = 0
       pc3 = 0
       pc4 = 0
       pc5 = 0
       pc6 = 0
       pc7 = 0
       pc8 = 0
       pc9 = 0
      pc10 = 0
      pc11 = 0
      pc12 = 0
      pc13 = 0
      pc14 = 0
      pc15 = 0
      pc16 = 0
      pc17 = 0
Constrained:
   Tgbecnw = 360324
     Tecnw = 29676.9
       Tnw = 20020.7
       Tec = 10225.1
     twoNb = 917719
     twoNe = 19692.4
     twoNn = 467323
     twoNw = 1.94227e+06
    twoNec = 84623.8
    twoNnw = 27309
  twoNecnw = 58539.6
  twoNbecnw = 25559.2
  twoNgbecnw = 287245
         m = 0.062519
        m2 = 0.0289997
        m3 = 0.235666
        m5 = 0.108404
        Tb = 19951
        Ta = 47575.5
        Tc = 10010.3
        Te = 5005.17
DiffEv reached_goal. cost=1.82197e-03 spread=2.89685e-06
Fitted parameter values
Free:
       pc1 = 0.445326
       pc2 = 1.25888
       pc3 = 0.642289
       pc4 = -0.764652
       pc5 = 0.0018176
       pc6 = 1.54232
       pc7 = 0.0962322
       pc8 = -0.65882
       pc9 = 1.12973
      pc10 = 0.782473
      pc11 = -0.427322
      pc12 = -0.395549
      pc13 = 0.215277
      pc14 = -0.130356
      pc15 = 0.129104
      pc16 = -0.274874
      pc17 = 0.0382346
Constrained:
   Tgbecnw = 148865
     Tecnw = 29825.5
       Tnw = 18581.9
       Tec = 9879.28
     twoNb = 941672
     twoNe = 24497.6
     twoNn = 540573
     twoNw = 2.55484e+06
    twoNec = 87655.1
    twoNnw = 31769.6
  twoNecnw = 54794.8
  twoNbecnw = 19712.3
  twoNgbecnw = 310646
         m = 0.0801133
        m2 = 0.0312384
        m3 = 0.247032
        m5 = 0.108269
        Tb = 19852.4
        Ta = 47526.2
        Tc = 9290.96
        Te = 4645.48
#       SitePat  BranchLen
              b 123190.5751356
              e 46361.9644734
              c 48281.1064316
              n 43740.3691376
              w 46589.4522661
            b:e 1310.0634361
            b:c 1460.2337534
            b:n 993.0210435
            b:w 1113.6248358
            e:c 11595.0258586
            e:n 5067.3412999
            e:w 4306.8869118
            c:n 4765.2749287
            c:w 3626.8176918
            n:w 12379.3467549
          b:e:c 1260.2141330
          b:e:n 554.0108226
          b:e:w 588.3403498
          b:c:n 574.2687534
          b:c:w 571.5678191
          b:n:w 1309.7248428
          e:c:n 5047.3680601
          e:c:w 3948.5932009
          e:n:w 5811.5339001
          c:n:w 4939.6573422
        b:e:c:n 1155.4047402
        b:e:c:w 1151.7757611
        b:e:n:w 2039.9869979
        b:c:n:w 1821.2014501
        e:c:n:w 48895.5041371
