########################################
# legofit: estimate population history #
#            version 2.3.3             #
########################################

# Program was compiled: Sep 12 2021 17:54:39
# Program was run: Thu Sep 16 09:08:11 2021

# cmd: legofit -1 -d 0 -t 32 --ptsPerDim 3 --stateOut b1boot48.state --tol 3e-6 -S 5000 abce2.lgo ../../chrX/boot_chrX/boot48.opf
# Stage nOptItr nSimReps
#     0    5000        0
# algorithm          : deterministic
# ignoring probs <=  : 0
# Branch length floor: 0
# DE strategy        : 2
#    F               : 0.3
#    CR              : 0.8
#    tolerance       : 3e-06
# nthreads           : 32
# lgo input file     : abce2.lgo
# site pat input file: ../../chrX/boot_chrX/boot48.opf
# free parameters    : 17
# points in DE swarm : 51
# output state file  : b1boot48.state
# Including singleton site patterns.
# cost function      : KL
Initial parameter values
Fixed:
      zero = 0
       one = 1
    Tbecnw = 75200
Free:
       pc1 = 0
       pc2 = 0
       pc3 = 0
       pc4 = 0
       pc5 = 0
       pc6 = 0
       pc7 = 0
       pc8 = 0
       pc9 = 0
      pc10 = 0
      pc11 = 0
      pc12 = 0
      pc13 = 0
      pc14 = 0
      pc15 = 0
      pc16 = 0
      pc17 = 0
Constrained:
   Tgbecnw = 360324
     Tecnw = 29676.9
       Tnw = 20020.7
       Tec = 10225.1
     twoNb = 917719
     twoNe = 19692.4
     twoNn = 467323
     twoNw = 1.94227e+06
    twoNec = 84623.8
    twoNnw = 27309
  twoNecnw = 58539.6
  twoNbecnw = 25559.2
  twoNgbecnw = 287245
         m = 0.062519
        m2 = 0.0289997
        m3 = 0.235666
        m5 = 0.108404
        Tb = 19951
        Ta = 47575.5
        Tc = 10010.3
        Te = 5005.17
DiffEv reached_goal. cost=1.82765e-03 spread=2.83525e-06
Fitted parameter values
Free:
       pc1 = -3.86282
       pc2 = 1.57096
       pc3 = -0.455277
       pc4 = -0.983768
       pc5 = 0.252315
       pc6 = 0.0468979
       pc7 = 1.29034
       pc8 = -0.409886
       pc9 = -1.15085
      pc10 = 1.2707
      pc11 = 0.0608915
      pc12 = -0.954526
      pc13 = -0.0348479
      pc14 = 0.16497
      pc15 = -0.0341605
      pc16 = -0.0341397
      pc17 = -0.0450257
Constrained:
   Tgbecnw = 136011
     Tecnw = 27904.5
       Tnw = 22614.8
       Tec = 11819.6
     twoNb = 1.0625e+06
     twoNe = 169795
     twoNn = 963092
     twoNw = 3.89628e+06
    twoNec = 70799
    twoNnw = 14823.1
  twoNecnw = 59840.3
  twoNbecnw = 17272.5
  twoNgbecnw = 307518
         m = 0.0834617
        m2 = 0.0280409
        m3 = 0.2298
        m5 = 0.115202
        Tb = 19862
        Ta = 47531
        Tc = 11307.4
        Te = 5653.71
#       SitePat  BranchLen
              b 122161.0271616
              e 46107.0298151
              c 47867.4027608
              n 43761.5645122
              w 46228.8329730
            b:e 1320.4598337
            b:c 1472.9537990
            b:n 1017.0081608
            b:w 1133.3288839
            e:c 11723.4185019
            e:n 4887.0045074
            e:w 4382.4609899
            c:n 4783.8436684
            c:w 3686.3757002
            n:w 12322.2585671
          b:e:c 1320.3085710
          b:e:n 564.3204839
          b:e:w 606.7748965
          b:c:n 594.6048334
          b:c:w 578.3232076
          b:n:w 1362.7815081
          e:c:n 4981.8084605
          e:c:w 3990.6880677
          e:n:w 5875.2131271
          c:n:w 4977.1835763
        b:e:c:n 1190.4497833
        b:e:c:w 1173.8197367
        b:e:n:w 2023.1396277
        b:c:n:w 1805.7157137
        e:c:n:w 48178.1200010
