########################################
# legofit: estimate population history #
#            version 2.3.3             #
########################################

# Program was compiled: Sep 12 2021 17:54:39
# Program was run: Thu Sep 16 05:14:53 2021

# cmd: legofit -1 -d 0 -t 32 --ptsPerDim 3 --stateOut b1boot12.state --tol 3e-6 -S 5000 abce2.lgo ../../chrX/boot_chrX/boot12.opf
# Stage nOptItr nSimReps
#     0    5000        0
# algorithm          : deterministic
# ignoring probs <=  : 0
# Branch length floor: 0
# DE strategy        : 2
#    F               : 0.3
#    CR              : 0.8
#    tolerance       : 3e-06
# nthreads           : 32
# lgo input file     : abce2.lgo
# site pat input file: ../../chrX/boot_chrX/boot12.opf
# free parameters    : 17
# points in DE swarm : 51
# output state file  : b1boot12.state
# Including singleton site patterns.
# cost function      : KL
Initial parameter values
Fixed:
      zero = 0
       one = 1
    Tbecnw = 75200
Free:
       pc1 = 0
       pc2 = 0
       pc3 = 0
       pc4 = 0
       pc5 = 0
       pc6 = 0
       pc7 = 0
       pc8 = 0
       pc9 = 0
      pc10 = 0
      pc11 = 0
      pc12 = 0
      pc13 = 0
      pc14 = 0
      pc15 = 0
      pc16 = 0
      pc17 = 0
Constrained:
   Tgbecnw = 360324
     Tecnw = 29676.9
       Tnw = 20020.7
       Tec = 10225.1
     twoNb = 917719
     twoNe = 19692.4
     twoNn = 467323
     twoNw = 1.94227e+06
    twoNec = 84623.8
    twoNnw = 27309
  twoNecnw = 58539.6
  twoNbecnw = 25559.2
  twoNgbecnw = 287245
         m = 0.062519
        m2 = 0.0289997
        m3 = 0.235666
        m5 = 0.108404
        Tb = 19951
        Ta = 47575.5
        Tc = 10010.3
        Te = 5005.17
DiffEv reached_goal. cost=1.82840e-03 spread=2.98123e-06
Fitted parameter values
Free:
       pc1 = -2.22741
       pc2 = 1.20652
       pc3 = 0.74265
       pc4 = -1.70282
       pc5 = -0.811524
       pc6 = 1.13625
       pc7 = 1.39137
       pc8 = -1.73807
       pc9 = 0.0208678
      pc10 = 0.732914
      pc11 = -0.283517
      pc12 = -0.753427
      pc13 = 0.797265
      pc14 = -0.238396
      pc15 = -0.171518
      pc16 = 0.103733
      pc17 = 0.162335
Constrained:
   Tgbecnw = 141817
     Tecnw = 28529.2
       Tnw = 20250.8
       Tec = 11046.4
     twoNb = 986357
     twoNe = 66265.5
     twoNn = 1.31726e+06
     twoNw = 4.53922e+06
    twoNec = 70248.4
    twoNnw = 22613.6
  twoNecnw = 57630.4
  twoNbecnw = 17642.5
  twoNgbecnw = 358131
         m = 0.0723869
        m2 = 0.0311798
        m3 = 0.246808
        m5 = 0.113609
        Tb = 19787.8
        Ta = 47493.9
        Tc = 10125.4
        Te = 5062.69
#       SitePat  BranchLen
              b 122318.7611149
              e 45462.2443140
              c 47343.3810816
              n 43167.9932666
              w 46114.4728942
            b:e 1272.6891576
            b:c 1425.5675794
            b:n 980.0965023
            b:w 1115.1240809
            e:c 11958.9571068
            e:n 4953.9068789
            e:w 4271.9919179
            c:n 4775.0116268
            c:w 3551.1563159
            n:w 12434.6841439
          b:e:c 1282.0064939
          b:e:n 538.6547727
          b:e:w 582.1378642
          b:c:n 566.1794852
          b:c:w 557.1601528
          b:n:w 1337.3268772
          e:c:n 5122.2647572
          e:c:w 3926.1555519
          e:n:w 5748.8268592
          c:n:w 4838.9533665
        b:e:c:n 1165.1512561
        b:e:c:w 1151.0598092
        b:e:n:w 2033.9549130
        b:c:n:w 1806.9970512
        e:c:n:w 48662.8656264
