########################################
# legofit: estimate population history #
#            version 2.3.3             #
########################################

# Program was compiled: Sep 12 2021 17:54:39
# Program was run: Thu Sep 16 07:13:30 2021

# cmd: legofit -1 -d 0 -t 32 --ptsPerDim 3 --stateOut b1boot27.state --tol 3e-6 -S 5000 abce2.lgo ../../chrX/boot_chrX/boot27.opf
# Stage nOptItr nSimReps
#     0    5000        0
# algorithm          : deterministic
# ignoring probs <=  : 0
# Branch length floor: 0
# DE strategy        : 2
#    F               : 0.3
#    CR              : 0.8
#    tolerance       : 3e-06
# nthreads           : 32
# lgo input file     : abce2.lgo
# site pat input file: ../../chrX/boot_chrX/boot27.opf
# free parameters    : 17
# points in DE swarm : 51
# output state file  : b1boot27.state
# Including singleton site patterns.
# cost function      : KL
Initial parameter values
Fixed:
      zero = 0
       one = 1
    Tbecnw = 75200
Free:
       pc1 = 0
       pc2 = 0
       pc3 = 0
       pc4 = 0
       pc5 = 0
       pc6 = 0
       pc7 = 0
       pc8 = 0
       pc9 = 0
      pc10 = 0
      pc11 = 0
      pc12 = 0
      pc13 = 0
      pc14 = 0
      pc15 = 0
      pc16 = 0
      pc17 = 0
Constrained:
   Tgbecnw = 360324
     Tecnw = 29676.9
       Tnw = 20020.7
       Tec = 10225.1
     twoNb = 917719
     twoNe = 19692.4
     twoNn = 467323
     twoNw = 1.94227e+06
    twoNec = 84623.8
    twoNnw = 27309
  twoNecnw = 58539.6
  twoNbecnw = 25559.2
  twoNgbecnw = 287245
         m = 0.062519
        m2 = 0.0289997
        m3 = 0.235666
        m5 = 0.108404
        Tb = 19951
        Ta = 47575.5
        Tc = 10010.3
        Te = 5005.17
DiffEv reached_goal. cost=1.88845e-03 spread=2.86901e-06
Fitted parameter values
Free:
       pc1 = -2.37517
       pc2 = 1.45254
       pc3 = -0.294465
       pc4 = -1.97579
       pc5 = 1.2294
       pc6 = 1.21173
       pc7 = 1.20306
       pc8 = -1.13123
       pc9 = -0.729365
      pc10 = -0.424952
      pc11 = -0.54312
      pc12 = -0.24434
      pc13 = 0.139351
      pc14 = -0.326194
      pc15 = 0.00608921
      pc16 = -0.0805657
      pc17 = 0.0654449
Constrained:
   Tgbecnw = 143033
     Tecnw = 28236.8
       Tnw = 20611.6
       Tec = 10616.3
     twoNb = 1.08581e+06
     twoNe = 145454
     twoNn = 1.1182e+06
     twoNw = 3.35965e+06
    twoNec = 75203.7
    twoNnw = 20671.9
  twoNecnw = 61022.3
  twoNbecnw = 18428.9
  twoNgbecnw = 336433
         m = 0.0770733
        m2 = 0.0317505
        m3 = 0.223904
        m5 = 0.104267
        Tb = 19426.5
        Ta = 47313.3
        Tc = 10305.8
        Te = 5152.91
#       SitePat  BranchLen
              b 123000.4877113
              e 46584.2274351
              c 48313.7863797
              n 43817.8447859
              w 46364.1346647
            b:e 1385.5524787
            b:c 1534.1979513
            b:n 1046.0597261
            b:w 1166.9046802
            e:c 12241.9952516
            e:n 4885.9329622
            e:w 4329.5264579
            c:n 4768.8492746
            c:w 3649.7769075
            n:w 13066.5969059
          b:e:c 1395.6586071
          b:e:n 574.7154190
          b:e:w 617.8184760
          b:c:n 603.4119808
          b:c:w 590.5701435
          b:n:w 1449.2407571
          e:c:n 4987.2499288
          e:c:w 3971.6289165
          e:n:w 5904.8726114
          c:n:w 5039.5815620
        b:e:c:n 1223.6678081
        b:e:c:w 1217.3716823
        b:e:n:w 2169.7228179
        b:c:n:w 1952.1944393
        e:c:n:w 48437.6340192
