########################################
# legofit: estimate population history #
#            version 2.3.3             #
########################################

# Program was compiled: Sep 12 2021 17:54:39
# Program was run: Thu Sep 16 06:45:41 2021

# cmd: legofit -1 -d 0 -t 32 --ptsPerDim 3 --stateOut b1boot25.state --tol 3e-6 -S 5000 abce2.lgo ../../chrX/boot_chrX/boot25.opf
# Stage nOptItr nSimReps
#     0    5000        0
# algorithm          : deterministic
# ignoring probs <=  : 0
# Branch length floor: 0
# DE strategy        : 2
#    F               : 0.3
#    CR              : 0.8
#    tolerance       : 3e-06
# nthreads           : 32
# lgo input file     : abce2.lgo
# site pat input file: ../../chrX/boot_chrX/boot25.opf
# free parameters    : 17
# points in DE swarm : 51
# output state file  : b1boot25.state
# Including singleton site patterns.
# cost function      : KL
Initial parameter values
Fixed:
      zero = 0
       one = 1
    Tbecnw = 75200
Free:
       pc1 = 0
       pc2 = 0
       pc3 = 0
       pc4 = 0
       pc5 = 0
       pc6 = 0
       pc7 = 0
       pc8 = 0
       pc9 = 0
      pc10 = 0
      pc11 = 0
      pc12 = 0
      pc13 = 0
      pc14 = 0
      pc15 = 0
      pc16 = 0
      pc17 = 0
Constrained:
   Tgbecnw = 360324
     Tecnw = 29676.9
       Tnw = 20020.7
       Tec = 10225.1
     twoNb = 917719
     twoNe = 19692.4
     twoNn = 467323
     twoNw = 1.94227e+06
    twoNec = 84623.8
    twoNnw = 27309
  twoNecnw = 58539.6
  twoNbecnw = 25559.2
  twoNgbecnw = 287245
         m = 0.062519
        m2 = 0.0289997
        m3 = 0.235666
        m5 = 0.108404
        Tb = 19951
        Ta = 47575.5
        Tc = 10010.3
        Te = 5005.17
DiffEv reached_goal. cost=1.80624e-03 spread=2.46465e-06
Fitted parameter values
Free:
       pc1 = -1.34279
       pc2 = 0.965372
       pc3 = 0.196253
       pc4 = -0.192675
       pc5 = -0.336648
       pc6 = 1.26646
       pc7 = 1.12139
       pc8 = -0.290278
       pc9 = 0.34284
      pc10 = -0.250829
      pc11 = -0.412133
      pc12 = 0.652203
      pc13 = 0.0824801
      pc14 = -0.165741
      pc15 = -0.00702316
      pc16 = 0.036359
      pc17 = 0.0631201
Constrained:
   Tgbecnw = 159771
     Tecnw = 28906.3
       Tnw = 20110.6
       Tec = 10102.8
     twoNb = 1.10146e+06
     twoNe = 5374.95
     twoNn = 616005
     twoNw = 2.54567e+06
    twoNec = 80099.5
    twoNnw = 23615.8
  twoNecnw = 60702.6
  twoNbecnw = 20915.4
  twoNgbecnw = 338642
         m = 0.0786485
        m2 = 0.030729
        m3 = 0.236283
        m5 = 0.114451
        Tb = 19504.5
        Ta = 47352.3
        Tc = 10055.3
        Te = 5027.65
#       SitePat  BranchLen
              b 125420.0714399
              e 46828.2293918
              c 48807.7014322
              n 44085.0426437
              w 46821.8920548
            b:e 1330.8427754
            b:c 1490.4585097
            b:n 1011.2120894
            b:w 1134.5093662
            e:c 12187.6884654
            e:n 5031.3749012
            e:w 4424.1767146
            c:n 4861.0113866
            c:w 3654.6580320
            n:w 13019.3029950
          b:e:c 1322.9672381
          b:e:n 556.0987867
          b:e:w 600.9334261
          b:c:n 585.2131624
          b:c:w 573.0432649
          b:n:w 1382.5636151
          e:c:n 5042.5364595
          e:c:w 3959.5828330
          e:n:w 5957.8677254
          c:n:w 4995.6119996
        b:e:c:n 1172.4233915
        b:e:c:w 1176.1171751
        b:e:n:w 2128.7543386
        b:c:n:w 1890.5802510
        e:c:n:w 50056.1954046
