########################################
# legofit: estimate population history #
#            version 2.3.3             #
########################################

# Program was compiled: Sep 12 2021 17:54:39
# Program was run: Thu Sep 16 05:39:31 2021

# cmd: legofit -1 -d 0 -t 32 --ptsPerDim 3 --stateOut b1boot16.state --tol 3e-6 -S 5000 abce2.lgo ../../chrX/boot_chrX/boot16.opf
# Stage nOptItr nSimReps
#     0    5000        0
# algorithm          : deterministic
# ignoring probs <=  : 0
# Branch length floor: 0
# DE strategy        : 2
#    F               : 0.3
#    CR              : 0.8
#    tolerance       : 3e-06
# nthreads           : 32
# lgo input file     : abce2.lgo
# site pat input file: ../../chrX/boot_chrX/boot16.opf
# free parameters    : 17
# points in DE swarm : 51
# output state file  : b1boot16.state
# Including singleton site patterns.
# cost function      : KL
Initial parameter values
Fixed:
      zero = 0
       one = 1
    Tbecnw = 75200
Free:
       pc1 = 0
       pc2 = 0
       pc3 = 0
       pc4 = 0
       pc5 = 0
       pc6 = 0
       pc7 = 0
       pc8 = 0
       pc9 = 0
      pc10 = 0
      pc11 = 0
      pc12 = 0
      pc13 = 0
      pc14 = 0
      pc15 = 0
      pc16 = 0
      pc17 = 0
Constrained:
   Tgbecnw = 360324
     Tecnw = 29676.9
       Tnw = 20020.7
       Tec = 10225.1
     twoNb = 917719
     twoNe = 19692.4
     twoNn = 467323
     twoNw = 1.94227e+06
    twoNec = 84623.8
    twoNnw = 27309
  twoNecnw = 58539.6
  twoNbecnw = 25559.2
  twoNgbecnw = 287245
         m = 0.062519
        m2 = 0.0289997
        m3 = 0.235666
        m5 = 0.108404
        Tb = 19951
        Ta = 47575.5
        Tc = 10010.3
        Te = 5005.17
DiffEv reached_goal. cost=1.77686e-03 spread=2.41033e-06
Fitted parameter values
Free:
       pc1 = -2.1224
       pc2 = 0.199328
       pc3 = 1.81005
       pc4 = -1.83993
       pc5 = -0.530709
       pc6 = 1.77714
       pc7 = -0.278124
       pc8 = -0.646901
       pc9 = -0.575298
      pc10 = -0.198625
      pc11 = -0.258567
      pc12 = 0.0418855
      pc13 = 0.199832
      pc14 = -0.295195
      pc15 = -0.0552675
      pc16 = -0.10379
      pc17 = 0.0653539
Constrained:
   Tgbecnw = 146304
     Tecnw = 28687.5
       Tnw = 21506.9
       Tec = 10818.3
     twoNb = 985547
     twoNe = 3096.02
     twoNn = 1.84358e+06
     twoNw = 2.50876e+06
    twoNec = 77305.7
    twoNnw = 18291.9
  twoNecnw = 59681.2
  twoNbecnw = 18705.2
  twoNgbecnw = 336090
         m = 0.0762094
        m2 = 0.0306858
        m3 = 0.252916
        m5 = 0.101734
        Tb = 19752.9
        Ta = 47476.5
        Tc = 10753.4
        Te = 5376.71
#       SitePat  BranchLen
              b 122657.1927705
              e 46439.3682261
              c 48299.0127292
              n 43519.2949778
              w 46493.8416650
            b:e 1326.0318882
            b:c 1476.4539169
            b:n 986.5962763
            b:w 1121.3177908
            e:c 11936.5622167
            e:n 5027.2221910
            e:w 4256.6878591
            c:n 4786.0402775
            c:w 3597.3266599
            n:w 12800.5982818
          b:e:c 1319.2007474
          b:e:n 552.2942716
          b:e:w 589.9940301
          b:c:n 574.8751064
          b:c:w 570.9742064
          b:n:w 1369.3859618
          e:c:n 5020.1130749
          e:c:w 3849.1372138
          e:n:w 5875.0718334
          c:n:w 4978.5906301
        b:e:c:n 1169.4610529
        b:e:c:w 1156.6178493
        b:e:n:w 2074.8218781
        b:c:n:w 1858.2186334
        e:c:n:w 48210.8522333
