########################################
# legofit: estimate population history #
#            version 2.3.3             #
########################################

# Program was compiled: Sep 12 2021 17:54:39
# Program was run: Thu Sep 16 05:54:46 2021

# cmd: legofit -1 -d 0 -t 32 --ptsPerDim 3 --stateOut b1boot17.state --tol 3e-6 -S 5000 abce2.lgo ../../chrX/boot_chrX/boot17.opf
# Stage nOptItr nSimReps
#     0    5000        0
# algorithm          : deterministic
# ignoring probs <=  : 0
# Branch length floor: 0
# DE strategy        : 2
#    F               : 0.3
#    CR              : 0.8
#    tolerance       : 3e-06
# nthreads           : 32
# lgo input file     : abce2.lgo
# site pat input file: ../../chrX/boot_chrX/boot17.opf
# free parameters    : 17
# points in DE swarm : 51
# output state file  : b1boot17.state
# Including singleton site patterns.
# cost function      : KL
Initial parameter values
Fixed:
      zero = 0
       one = 1
    Tbecnw = 75200
Free:
       pc1 = 0
       pc2 = 0
       pc3 = 0
       pc4 = 0
       pc5 = 0
       pc6 = 0
       pc7 = 0
       pc8 = 0
       pc9 = 0
      pc10 = 0
      pc11 = 0
      pc12 = 0
      pc13 = 0
      pc14 = 0
      pc15 = 0
      pc16 = 0
      pc17 = 0
Constrained:
   Tgbecnw = 360324
     Tecnw = 29676.9
       Tnw = 20020.7
       Tec = 10225.1
     twoNb = 917719
     twoNe = 19692.4
     twoNn = 467323
     twoNw = 1.94227e+06
    twoNec = 84623.8
    twoNnw = 27309
  twoNecnw = 58539.6
  twoNbecnw = 25559.2
  twoNgbecnw = 287245
         m = 0.062519
        m2 = 0.0289997
        m3 = 0.235666
        m5 = 0.108404
        Tb = 19951
        Ta = 47575.5
        Tc = 10010.3
        Te = 5005.17
DiffEv reached_goal. cost=1.80673e-03 spread=2.17077e-06
Fitted parameter values
Free:
       pc1 = -2.78135
       pc2 = 1.5465
       pc3 = 1.02079
       pc4 = -0.132618
       pc5 = -0.187746
       pc6 = 1.8817
       pc7 = 1.40194
       pc8 = -0.950966
       pc9 = -1.05431
      pc10 = -0.53591
      pc11 = 0.276687
      pc12 = -0.218985
      pc13 = 0.336382
      pc14 = -0.256582
      pc15 = -0.223234
      pc16 = 0.0134459
      pc17 = 0.0521429
Constrained:
   Tgbecnw = 138391
     Tecnw = 28197.5
       Tnw = 20847.4
       Tec = 10774.5
     twoNb = 1.39628e+06
     twoNe = 18186.6
     twoNn = 1.29811e+06
     twoNw = 3.47112e+06
    twoNec = 70483.6
    twoNnw = 20434.9
  twoNecnw = 60212.3
  twoNbecnw = 16933.9
  twoNgbecnw = 339800
         m = 0.0785529
        m2 = 0.0299379
        m3 = 0.23265
        m5 = 0.109473
        Tb = 19486
        Ta = 47343
        Tc = 10423.7
        Te = 5211.85
#       SitePat  BranchLen
              b 122446.9287078
              e 45655.0735433
              c 47514.4129534
              n 43455.7701353
              w 46328.4506384
            b:e 1245.2434158
            b:c 1390.0932351
            b:n 970.8874038
            b:w 1106.4735970
            e:c 12149.2471070
            e:n 4965.5766151
            e:w 4250.7756946
            c:n 4730.6604981
            c:w 3579.6434303
            n:w 12552.0260826
          b:e:c 1280.7728263
          b:e:n 535.8706104
          b:e:w 574.0522827
          b:c:n 558.5083449
          b:c:w 554.5991493
          b:n:w 1339.7806173
          e:c:n 5064.7075705
          e:c:w 3906.6957327
          e:n:w 5678.0909947
          c:n:w 4795.9226517
        b:e:c:n 1157.7676240
        b:e:c:w 1139.0583211
        b:e:n:w 2016.5204380
        b:c:n:w 1797.3633119
        e:c:n:w 48494.4672995
