########################################
# legofit: estimate population history #
#            version 2.3.3             #
########################################

# Program was compiled: Sep 12 2021 17:54:39
# Program was run: Thu Sep 16 08:30:12 2021

# cmd: legofit -1 -d 0 -t 32 --ptsPerDim 3 --stateOut b1boot41.state --tol 3e-6 -S 5000 abce2.lgo ../../chrX/boot_chrX/boot41.opf
# Stage nOptItr nSimReps
#     0    5000        0
# algorithm          : deterministic
# ignoring probs <=  : 0
# Branch length floor: 0
# DE strategy        : 2
#    F               : 0.3
#    CR              : 0.8
#    tolerance       : 3e-06
# nthreads           : 32
# lgo input file     : abce2.lgo
# site pat input file: ../../chrX/boot_chrX/boot41.opf
# free parameters    : 17
# points in DE swarm : 51
# output state file  : b1boot41.state
# Including singleton site patterns.
# cost function      : KL
Initial parameter values
Fixed:
      zero = 0
       one = 1
    Tbecnw = 75200
Free:
       pc1 = 0
       pc2 = 0
       pc3 = 0
       pc4 = 0
       pc5 = 0
       pc6 = 0
       pc7 = 0
       pc8 = 0
       pc9 = 0
      pc10 = 0
      pc11 = 0
      pc12 = 0
      pc13 = 0
      pc14 = 0
      pc15 = 0
      pc16 = 0
      pc17 = 0
Constrained:
   Tgbecnw = 360324
     Tecnw = 29676.9
       Tnw = 20020.7
       Tec = 10225.1
     twoNb = 917719
     twoNe = 19692.4
     twoNn = 467323
     twoNw = 1.94227e+06
    twoNec = 84623.8
    twoNnw = 27309
  twoNecnw = 58539.6
  twoNbecnw = 25559.2
  twoNgbecnw = 287245
         m = 0.062519
        m2 = 0.0289997
        m3 = 0.235666
        m5 = 0.108404
        Tb = 19951
        Ta = 47575.5
        Tc = 10010.3
        Te = 5005.17
DiffEv reached_goal. cost=1.78450e-03 spread=2.96055e-06
Fitted parameter values
Free:
       pc1 = -0.32869
       pc2 = 1.93911
       pc3 = -0.464266
       pc4 = -0.630617
       pc5 = 0.168106
       pc6 = 0.637641
       pc7 = 1.40109
       pc8 = -1.03173
       pc9 = 0.917286
      pc10 = 1.98854
      pc11 = -0.196358
      pc12 = 0.137945
      pc13 = -0.231166
      pc14 = 0.095598
      pc15 = 0.0711778
      pc16 = -0.133371
      pc17 = 0.069429
Constrained:
   Tgbecnw = 144169
     Tecnw = 29244.3
       Tnw = 18890.4
       Tec = 9458.98
     twoNb = 981379
     twoNe = 119753
     twoNn = 35006.3
     twoNw = 3.68357e+06
    twoNec = 87432
    twoNnw = 27493
  twoNecnw = 56378.5
  twoNbecnw = 18561
  twoNgbecnw = 343914
         m = 0.0758866
        m2 = 0.0302961
        m3 = 0.245316
        m5 = 0.118829
        Tb = 19351.6
        Ta = 47275.8
        Tc = 9445.18
        Te = 4722.59
#       SitePat  BranchLen
              b 123546.9778383
              e 46246.7382574
              c 48189.7573387
              n 43358.9447607
              w 45960.7035890
            b:e 1334.7190300
            b:c 1497.2401832
            b:n 1003.9267464
            b:w 1116.3955356
            e:c 11685.5273477
            e:n 4899.7671195
            e:w 4387.9082314
            c:n 4805.1821249
            c:w 3578.2032293
            n:w 12692.6863425
          b:e:c 1306.6076733
          b:e:n 555.5801000
          b:e:w 604.6100547
          b:c:n 590.3148320
          b:c:w 570.8741790
          b:n:w 1354.0042981
          e:c:n 4924.5202580
          e:c:w 3911.5835790
          e:n:w 5952.1691810
          c:n:w 4986.1062472
        b:e:c:n 1166.1440046
        b:e:c:w 1174.1015916
        b:e:n:w 2096.8167043
        b:c:n:w 1860.6305238
        e:c:n:w 49532.1503449
