########################################
# legofit: estimate population history #
#            version 2.3.3             #
########################################

# Program was compiled: Sep 12 2021 17:54:39
# Program was run: Thu Sep 16 04:14:59 2021

# cmd: legofit -1 -d 0 -t 32 --ptsPerDim 3 --stateOut b1boot10.state --tol 3e-6 -S 5000 abce2.lgo ../../chrX/boot_chrX/boot10.opf
# Stage nOptItr nSimReps
#     0    5000        0
# algorithm          : deterministic
# ignoring probs <=  : 0
# Branch length floor: 0
# DE strategy        : 2
#    F               : 0.3
#    CR              : 0.8
#    tolerance       : 3e-06
# nthreads           : 32
# lgo input file     : abce2.lgo
# site pat input file: ../../chrX/boot_chrX/boot10.opf
# free parameters    : 17
# points in DE swarm : 51
# output state file  : b1boot10.state
# Including singleton site patterns.
# cost function      : KL
Initial parameter values
Fixed:
      zero = 0
       one = 1
    Tbecnw = 75200
Free:
       pc1 = 0
       pc2 = 0
       pc3 = 0
       pc4 = 0
       pc5 = 0
       pc6 = 0
       pc7 = 0
       pc8 = 0
       pc9 = 0
      pc10 = 0
      pc11 = 0
      pc12 = 0
      pc13 = 0
      pc14 = 0
      pc15 = 0
      pc16 = 0
      pc17 = 0
Constrained:
   Tgbecnw = 360324
     Tecnw = 29676.9
       Tnw = 20020.7
       Tec = 10225.1
     twoNb = 917719
     twoNe = 19692.4
     twoNn = 467323
     twoNw = 1.94227e+06
    twoNec = 84623.8
    twoNnw = 27309
  twoNecnw = 58539.6
  twoNbecnw = 25559.2
  twoNgbecnw = 287245
         m = 0.062519
        m2 = 0.0289997
        m3 = 0.235666
        m5 = 0.108404
        Tb = 19951
        Ta = 47575.5
        Tc = 10010.3
        Te = 5005.17
DiffEv reached_goal. cost=1.74952e-03 spread=2.37521e-06
Fitted parameter values
Free:
       pc1 = -0.763102
       pc2 = 1.17518
       pc3 = 0.824404
       pc4 = -0.577254
       pc5 = 0.261153
       pc6 = 1.43616
       pc7 = 0.300025
       pc8 = -1.62935
       pc9 = 0.364712
      pc10 = 0.504265
      pc11 = -0.171633
      pc12 = -0.141292
      pc13 = 0.272126
      pc14 = -0.0440388
      pc15 = -0.232965
      pc16 = 0.0910379
      pc17 = 0.0406854
Constrained:
   Tgbecnw = 149978
     Tecnw = 28942.2
       Tnw = 19336.9
       Tec = 9880.86
     twoNb = 1.07293e+06
     twoNe = 30933
     twoNn = 672809
     twoNw = 3.64589e+06
    twoNec = 81213.4
    twoNnw = 27331.6
  twoNecnw = 56911.6
  twoNbecnw = 20007.8
  twoNgbecnw = 328833
         m = 0.0745829
        m2 = 0.0307205
        m3 = 0.247074
        m5 = 0.104218
        Tb = 19411.5
        Ta = 47305.8
        Tc = 9668.46
        Te = 4834.23
#       SitePat  BranchLen
              b 123013.1655857
              e 46121.2979050
              c 47794.5205318
              n 43726.1725079
              w 46583.2843424
            b:e 1347.5726084
            b:c 1487.5400121
            b:n 1043.1428831
            b:w 1176.5974458
            e:c 11996.2898922
            e:n 5020.5252838
            e:w 4357.7453843
            c:n 4893.8416045
            c:w 3683.4958080
            n:w 12514.2402360
          b:e:c 1332.1195550
          b:e:n 574.8436944
          b:e:w 617.2765578
          b:c:n 602.4701648
          b:c:w 591.0830649
          b:n:w 1383.5108207
          e:c:n 5193.3017193
          e:c:w 4060.6983761
          e:n:w 5821.1737324
          c:n:w 5011.5725116
        b:e:c:n 1223.3698835
        b:e:c:w 1207.4868050
        b:e:n:w 2069.6250150
        b:c:n:w 1865.5364658
        e:c:n:w 48592.0143277
