########################################
# legofit: estimate population history #
#            version 2.3.3             #
########################################

# Program was compiled: Sep 12 2021 17:54:39
# Program was run: Thu Sep 16 05:39:31 2021

# cmd: legofit -1 -d 0 -t 32 --ptsPerDim 3 --stateOut b1boot15.state --tol 3e-6 -S 5000 abce2.lgo ../../chrX/boot_chrX/boot15.opf
# Stage nOptItr nSimReps
#     0    5000        0
# algorithm          : deterministic
# ignoring probs <=  : 0
# Branch length floor: 0
# DE strategy        : 2
#    F               : 0.3
#    CR              : 0.8
#    tolerance       : 3e-06
# nthreads           : 32
# lgo input file     : abce2.lgo
# site pat input file: ../../chrX/boot_chrX/boot15.opf
# free parameters    : 17
# points in DE swarm : 51
# output state file  : b1boot15.state
# Including singleton site patterns.
# cost function      : KL
Initial parameter values
Fixed:
      zero = 0
       one = 1
    Tbecnw = 75200
Free:
       pc1 = 0
       pc2 = 0
       pc3 = 0
       pc4 = 0
       pc5 = 0
       pc6 = 0
       pc7 = 0
       pc8 = 0
       pc9 = 0
      pc10 = 0
      pc11 = 0
      pc12 = 0
      pc13 = 0
      pc14 = 0
      pc15 = 0
      pc16 = 0
      pc17 = 0
Constrained:
   Tgbecnw = 360324
     Tecnw = 29676.9
       Tnw = 20020.7
       Tec = 10225.1
     twoNb = 917719
     twoNe = 19692.4
     twoNn = 467323
     twoNw = 1.94227e+06
    twoNec = 84623.8
    twoNnw = 27309
  twoNecnw = 58539.6
  twoNbecnw = 25559.2
  twoNgbecnw = 287245
         m = 0.062519
        m2 = 0.0289997
        m3 = 0.235666
        m5 = 0.108404
        Tb = 19951
        Ta = 47575.5
        Tc = 10010.3
        Te = 5005.17
DiffEv reached_goal. cost=1.85586e-03 spread=2.37975e-06
Fitted parameter values
Free:
       pc1 = -0.440431
       pc2 = 1.5911
       pc3 = 1.04454
       pc4 = -1.75018
       pc5 = -1.06853
       pc6 = 0.481331
       pc7 = -0.318308
       pc8 = -0.243009
       pc9 = -0.648493
      pc10 = -0.126457
      pc11 = -0.63823
      pc12 = -0.382738
      pc13 = 0.0537189
      pc14 = 0.0852228
      pc15 = -0.128331
      pc16 = 0.0882182
      pc17 = 0.104449
Constrained:
   Tgbecnw = 156450
     Tecnw = 29119.1
       Tnw = 19315.3
       Tec = 9929.76
     twoNb = 840119
     twoNe = 27240.3
     twoNn = 1.86157e+06
     twoNw = 2.79415e+06
    twoNec = 86874.5
    twoNnw = 27528.4
  twoNecnw = 57042.3
  twoNbecnw = 22099
  twoNgbecnw = 304573
         m = 0.0766783
        m2 = 0.0296438
        m3 = 0.234737
        m5 = 0.109835
        Tb = 19524.4
        Ta = 47362.2
        Tc = 9657.67
        Te = 4828.84
#       SitePat  BranchLen
              b 123707.9798970
              e 46762.6818861
              c 48614.3510257
              n 44009.1707812
              w 46603.5581907
            b:e 1447.7432728
            b:c 1609.2809926
            b:n 1099.1386572
            b:w 1220.4171962
            e:c 11910.1479693
            e:n 5077.7341307
            e:w 4487.3924587
            c:n 4892.3887026
            c:w 3779.2453970
            n:w 12836.5783414
          b:e:c 1407.8764543
          b:e:n 610.9723634
          b:e:w 650.2819997
          b:c:n 638.8553983
          b:c:w 624.5589762
          b:n:w 1447.2791774
          e:c:n 5149.5167225
          e:c:w 4135.4547186
          e:n:w 6114.2038402
          c:n:w 5213.6543839
        b:e:c:n 1267.4715154
        b:e:c:w 1244.3393754
        b:e:n:w 2130.1777495
        b:c:n:w 1908.8528063
        e:c:n:w 48619.2315550
