########################################
# legofit: estimate population history #
#            version 2.3.3             #
########################################

# Program was compiled: Sep 12 2021 17:54:39
# Program was run: Thu Sep 16 08:48:10 2021

# cmd: legofit -1 -d 0 -t 32 --ptsPerDim 3 --stateOut b1boot44.state --tol 3e-6 -S 5000 abce2.lgo ../../chrX/boot_chrX/boot44.opf
# Stage nOptItr nSimReps
#     0    5000        0
# algorithm          : deterministic
# ignoring probs <=  : 0
# Branch length floor: 0
# DE strategy        : 2
#    F               : 0.3
#    CR              : 0.8
#    tolerance       : 3e-06
# nthreads           : 32
# lgo input file     : abce2.lgo
# site pat input file: ../../chrX/boot_chrX/boot44.opf
# free parameters    : 17
# points in DE swarm : 51
# output state file  : b1boot44.state
# Including singleton site patterns.
# cost function      : KL
Initial parameter values
Fixed:
      zero = 0
       one = 1
    Tbecnw = 75200
Free:
       pc1 = 0
       pc2 = 0
       pc3 = 0
       pc4 = 0
       pc5 = 0
       pc6 = 0
       pc7 = 0
       pc8 = 0
       pc9 = 0
      pc10 = 0
      pc11 = 0
      pc12 = 0
      pc13 = 0
      pc14 = 0
      pc15 = 0
      pc16 = 0
      pc17 = 0
Constrained:
   Tgbecnw = 360324
     Tecnw = 29676.9
       Tnw = 20020.7
       Tec = 10225.1
     twoNb = 917719
     twoNe = 19692.4
     twoNn = 467323
     twoNw = 1.94227e+06
    twoNec = 84623.8
    twoNnw = 27309
  twoNecnw = 58539.6
  twoNbecnw = 25559.2
  twoNgbecnw = 287245
         m = 0.062519
        m2 = 0.0289997
        m3 = 0.235666
        m5 = 0.108404
        Tb = 19951
        Ta = 47575.5
        Tc = 10010.3
        Te = 5005.17
DiffEv reached_goal. cost=1.71280e-03 spread=2.80200e-06
Fitted parameter values
Free:
       pc1 = -2.65966
       pc2 = 1.79109
       pc3 = -0.0419218
       pc4 = 0.201521
       pc5 = -1.3222
       pc6 = 0.8066
       pc7 = 1.91568
       pc8 = -1.93383
       pc9 = 0.37438
      pc10 = 1.09691
      pc11 = 0.014924
      pc12 = 0.436201
      pc13 = 0.114577
      pc14 = 0.240311
      pc15 = -0.217081
      pc16 = 0.160501
      pc17 = 0.0686605
Constrained:
   Tgbecnw = 138064
     Tecnw = 27921.2
       Tnw = 20264.9
       Tec = 10284.8
     twoNb = 1.13357e+06
     twoNe = 23948.8
     twoNn = 414178
     twoNw = 5.2139e+06
    twoNec = 75176.1
    twoNnw = 20447.3
  twoNecnw = 60006.3
  twoNbecnw = 16990.7
  twoNgbecnw = 345614
         m = 0.0765603
        m2 = 0.0295681
        m3 = 0.244922
        m5 = 0.123099
        Tb = 19103
        Ta = 47151.5
        Tc = 10132.4
        Te = 5066.22
#       SitePat  BranchLen
              b 122384.0405721
              e 45611.6705703
              c 47626.4667817
              n 43031.4164236
              w 45765.7823445
            b:e 1281.8904158
            b:c 1446.1614438
            b:n 982.3953732
            b:w 1106.1222513
            e:c 11831.2686440
            e:n 4976.4156363
            e:w 4414.1767827
            c:n 4843.1366567
            c:w 3609.0125241
            n:w 12599.2196318
          b:e:c 1286.6621193
          b:e:n 545.9638631
          b:e:w 593.8792353
          b:c:n 579.0856356
          b:c:w 562.7207273
          b:n:w 1336.2666668
          e:c:n 4989.7627707
          e:c:w 3901.2236188
          e:n:w 5896.8276321
          c:n:w 4896.1348880
        b:e:c:n 1160.2531112
        b:e:c:w 1155.5120297
        b:e:n:w 2050.5227921
        b:c:n:w 1808.6282496
        e:c:n:w 48584.0754459
