########################################
# legofit: estimate population history #
#            version 2.3.3             #
########################################

# Program was compiled: Sep 12 2021 17:54:39
# Program was run: Thu Sep 16 08:25:17 2021

# cmd: legofit -1 -d 0 -t 32 --ptsPerDim 3 --stateOut b1boot37.state --tol 3e-6 -S 5000 abce2.lgo ../../chrX/boot_chrX/boot37.opf
# Stage nOptItr nSimReps
#     0    5000        0
# algorithm          : deterministic
# ignoring probs <=  : 0
# Branch length floor: 0
# DE strategy        : 2
#    F               : 0.3
#    CR              : 0.8
#    tolerance       : 3e-06
# nthreads           : 32
# lgo input file     : abce2.lgo
# site pat input file: ../../chrX/boot_chrX/boot37.opf
# free parameters    : 17
# points in DE swarm : 51
# output state file  : b1boot37.state
# Including singleton site patterns.
# cost function      : KL
Initial parameter values
Fixed:
      zero = 0
       one = 1
    Tbecnw = 75200
Free:
       pc1 = 0
       pc2 = 0
       pc3 = 0
       pc4 = 0
       pc5 = 0
       pc6 = 0
       pc7 = 0
       pc8 = 0
       pc9 = 0
      pc10 = 0
      pc11 = 0
      pc12 = 0
      pc13 = 0
      pc14 = 0
      pc15 = 0
      pc16 = 0
      pc17 = 0
Constrained:
   Tgbecnw = 360324
     Tecnw = 29676.9
       Tnw = 20020.7
       Tec = 10225.1
     twoNb = 917719
     twoNe = 19692.4
     twoNn = 467323
     twoNw = 1.94227e+06
    twoNec = 84623.8
    twoNnw = 27309
  twoNecnw = 58539.6
  twoNbecnw = 25559.2
  twoNgbecnw = 287245
         m = 0.062519
        m2 = 0.0289997
        m3 = 0.235666
        m5 = 0.108404
        Tb = 19951
        Ta = 47575.5
        Tc = 10010.3
        Te = 5005.17
DiffEv reached_goal. cost=1.70123e-03 spread=2.70323e-06
Fitted parameter values
Free:
       pc1 = -1.88009
       pc2 = 0.702729
       pc3 = 0.181171
       pc4 = -0.859105
       pc5 = 0.763411
       pc6 = 0.334068
       pc7 = 0.380759
       pc8 = -1.57131
       pc9 = 0.49025
      pc10 = 1.79827
      pc11 = 0.200293
      pc12 = -0.0706088
      pc13 = 0.651982
      pc14 = 0.199182
      pc15 = -0.128878
      pc16 = -0.18165
      pc17 = 0.0607041
Constrained:
   Tgbecnw = 148691
     Tecnw = 28700.3
       Tnw = 20041.8
       Tec = 10987.6
     twoNb = 914071
     twoNe = 115863
     twoNn = 243618
     twoNw = 3.95925e+06
    twoNec = 76876.5
    twoNnw = 24382.2
  twoNecnw = 58391.2
  twoNbecnw = 19154.4
  twoNgbecnw = 360434
         m = 0.0704412
        m2 = 0.0293103
        m3 = 0.25556
        m5 = 0.105897
        Tb = 19843.9
        Ta = 47522
        Tc = 10020.9
        Te = 5010.46
#       SitePat  BranchLen
              b 122871.3922774
              e 46252.8874068
              c 47950.9304256
              n 43796.5066418
              w 46684.2617414
            b:e 1332.4778911
            b:c 1473.7330713
            b:n 1031.2445779
            b:w 1165.8840017
            e:c 11783.2179614
            e:n 5046.8508340
            e:w 4380.0916729
            c:n 4915.1490085
            c:w 3695.1328254
            n:w 12385.8582761
          b:e:c 1312.8598536
          b:e:n 572.8262886
          b:e:w 615.4687402
          b:c:n 600.9960912
          b:c:w 589.1885945
          b:n:w 1359.6589772
          e:c:n 5153.3011014
          e:c:w 4004.2978828
          e:n:w 5773.1745122
          c:n:w 4953.1292119
        b:e:c:n 1216.3167971
        b:e:c:w 1198.8659192
        b:e:n:w 2042.1065333
        b:c:n:w 1837.6246357
        e:c:n:w 48535.9010077
