########################################
# legofit: estimate population history #
#            version 2.3.3             #
########################################

# Program was compiled: Sep 12 2021 17:54:39
# Program was run: Thu Sep 16 03:02:38 2021

# cmd: legofit -1 -d 0 -t 32 --ptsPerDim 3 --stateOut b1boot5.state --tol 3e-6 -S 5000 abce2.lgo ../../chrX/boot_chrX/boot5.opf
# Stage nOptItr nSimReps
#     0    5000        0
# algorithm          : deterministic
# ignoring probs <=  : 0
# Branch length floor: 0
# DE strategy        : 2
#    F               : 0.3
#    CR              : 0.8
#    tolerance       : 3e-06
# nthreads           : 32
# lgo input file     : abce2.lgo
# site pat input file: ../../chrX/boot_chrX/boot5.opf
# free parameters    : 17
# points in DE swarm : 51
# output state file  : b1boot5.state
# Including singleton site patterns.
# cost function      : KL
Initial parameter values
Fixed:
      zero = 0
       one = 1
    Tbecnw = 75200
Free:
       pc1 = 0
       pc2 = 0
       pc3 = 0
       pc4 = 0
       pc5 = 0
       pc6 = 0
       pc7 = 0
       pc8 = 0
       pc9 = 0
      pc10 = 0
      pc11 = 0
      pc12 = 0
      pc13 = 0
      pc14 = 0
      pc15 = 0
      pc16 = 0
      pc17 = 0
Constrained:
   Tgbecnw = 360324
     Tecnw = 29676.9
       Tnw = 20020.7
       Tec = 10225.1
     twoNb = 917719
     twoNe = 19692.4
     twoNn = 467323
     twoNw = 1.94227e+06
    twoNec = 84623.8
    twoNnw = 27309
  twoNecnw = 58539.6
  twoNbecnw = 25559.2
  twoNgbecnw = 287245
         m = 0.062519
        m2 = 0.0289997
        m3 = 0.235666
        m5 = 0.108404
        Tb = 19951
        Ta = 47575.5
        Tc = 10010.3
        Te = 5005.17
DiffEv reached_goal. cost=1.85411e-03 spread=2.94975e-06
Fitted parameter values
Free:
       pc1 = 2.12622
       pc2 = -0.0567732
       pc3 = 1.93522
       pc4 = -0.586476
       pc5 = -0.78438
       pc6 = 0.516526
       pc7 = 1.39337
       pc8 = -0.346555
       pc9 = -1.99721
      pc10 = -0.163617
      pc11 = 0.0791772
      pc12 = -0.270545
      pc13 = 0.538111
      pc14 = -0.137932
      pc15 = -0.0151182
      pc16 = 0.188676
      pc17 = 0.18487
Constrained:
   Tgbecnw = 517873
     Tecnw = 30820.2
       Tnw = 18395.2
       Tec = 9612.86
     twoNb = 1.26887e+06
     twoNe = 13901.8
     twoNn = 1.85364e+06
     twoNw = 2.19931e+06
    twoNec = 88046.5
    twoNnw = 34282
  twoNecnw = 55806.3
  twoNbecnw = 29614.1
  twoNgbecnw = 360633
         m = 0.0355364
        m2 = 0.0299141
        m3 = 0.245354
        m5 = 0.111906
        Tb = 20216.5
        Ta = 47708.3
        Tc = 9197.62
        Te = 4598.81
#       SitePat  BranchLen
              b 124850.3059737
              e 47251.0737505
              c 49381.5096232
              n 44704.6249596
              w 47851.6994749
            b:e 1305.8574349
            b:c 1462.7345655
            b:n 1031.7933559
            b:w 1187.7197761
            e:c 12327.1081023
            e:n 5281.5736131
            e:w 4441.2772825
            c:n 4920.9043114
            c:w 3701.1951625
            n:w 13030.6489503
          b:e:c 1315.2433214
          b:e:n 568.6752325
          b:e:w 603.8290043
          b:c:n 588.5039692
          b:c:w 585.7466128
          b:n:w 1378.4539394
          e:c:n 5340.4503928
          e:c:w 4092.1586045
          e:n:w 5989.2450912
          c:n:w 5033.0943325
        b:e:c:n 1185.3825654
        b:e:c:w 1158.2824920
        b:e:n:w 2038.9633707
        b:c:n:w 1806.8061984
        e:c:n:w 48169.1775934
