########################################
# legofit: estimate population history #
#            version 2.3.3             #
########################################

# Program was compiled: Sep 12 2021 17:54:39
# Program was run: Thu Sep 16 08:02:06 2021

# cmd: legofit -1 -d 0 -t 32 --ptsPerDim 3 --stateOut b1boot34.state --tol 3e-6 -S 5000 abce2.lgo ../../chrX/boot_chrX/boot34.opf
# Stage nOptItr nSimReps
#     0    5000        0
# algorithm          : deterministic
# ignoring probs <=  : 0
# Branch length floor: 0
# DE strategy        : 2
#    F               : 0.3
#    CR              : 0.8
#    tolerance       : 3e-06
# nthreads           : 32
# lgo input file     : abce2.lgo
# site pat input file: ../../chrX/boot_chrX/boot34.opf
# free parameters    : 17
# points in DE swarm : 51
# output state file  : b1boot34.state
# Including singleton site patterns.
# cost function      : KL
Initial parameter values
Fixed:
      zero = 0
       one = 1
    Tbecnw = 75200
Free:
       pc1 = 0
       pc2 = 0
       pc3 = 0
       pc4 = 0
       pc5 = 0
       pc6 = 0
       pc7 = 0
       pc8 = 0
       pc9 = 0
      pc10 = 0
      pc11 = 0
      pc12 = 0
      pc13 = 0
      pc14 = 0
      pc15 = 0
      pc16 = 0
      pc17 = 0
Constrained:
   Tgbecnw = 360324
     Tecnw = 29676.9
       Tnw = 20020.7
       Tec = 10225.1
     twoNb = 917719
     twoNe = 19692.4
     twoNn = 467323
     twoNw = 1.94227e+06
    twoNec = 84623.8
    twoNnw = 27309
  twoNecnw = 58539.6
  twoNbecnw = 25559.2
  twoNgbecnw = 287245
         m = 0.062519
        m2 = 0.0289997
        m3 = 0.235666
        m5 = 0.108404
        Tb = 19951
        Ta = 47575.5
        Tc = 10010.3
        Te = 5005.17
DiffEv reached_goal. cost=1.69423e-03 spread=2.45015e-06
Fitted parameter values
Free:
       pc1 = 3.8149
       pc2 = 1.44244
       pc3 = -0.131893
       pc4 = 0.551234
       pc5 = -1.41382
       pc6 = 0.0762054
       pc7 = 1.9847
       pc8 = -0.0210108
       pc9 = -1.64036
      pc10 = -0.0994663
      pc11 = 0.305372
      pc12 = -0.841205
      pc13 = 0.152373
      pc14 = 0.0332691
      pc15 = -0.00619876
      pc16 = 0.160628
      pc17 = 0.0292986
Constrained:
   Tgbecnw = 649572
     Tecnw = 31135.5
       Tnw = 16198.8
       Tec = 8499.51
     twoNb = 1.27733e+06
     twoNe = 25188.4
     twoNn = 1.12418e+06
     twoNw = 2.36485e+06
    twoNec = 94451.7
    twoNnw = 44797.3
  twoNecnw = 53160.9
  twoNbecnw = 29261.6
  twoNgbecnw = 223244
         m = 0.0384037
        m2 = 0.0293519
        m3 = 0.22159
        m5 = 0.125195
        Tb = 19817.5
        Ta = 47508.7
        Tc = 8099.42
        Te = 4049.71
#       SitePat  BranchLen
              b 126814.7736130
              e 46943.6482829
              c 49096.8071735
              n 44694.5009774
              w 47365.7681976
            b:e 1253.1784525
            b:c 1408.3871605
            b:n 1005.5218371
            b:w 1129.4268027
            e:c 12149.9474563
            e:n 5111.7982140
            e:w 4492.5002582
            c:n 4828.4621504
            c:w 3676.7142503
            n:w 12790.5692050
          b:e:c 1245.4593603
          b:e:n 545.3710426
          b:e:w 584.2117870
          b:c:n 569.4369367
          b:c:w 559.8730095
          b:n:w 1311.6202508
          e:c:n 5202.0973674
          e:c:w 4148.4765586
          e:n:w 5936.2081181
          c:n:w 4968.8398720
        b:e:c:n 1127.1184164
        b:e:c:w 1127.3360880
        b:e:n:w 2017.4114455
        b:c:n:w 1775.8070426
        e:c:n:w 50590.1704420
