########################################
# legofit: estimate population history #
#            version 2.3.3             #
########################################

# Program was compiled: Sep 12 2021 17:54:39
# Program was run: Thu Sep 16 08:13:31 2021

# cmd: legofit -1 -d 0 -t 32 --ptsPerDim 3 --stateOut b1boot35.state --tol 3e-6 -S 5000 abce2.lgo ../../chrX/boot_chrX/boot35.opf
# Stage nOptItr nSimReps
#     0    5000        0
# algorithm          : deterministic
# ignoring probs <=  : 0
# Branch length floor: 0
# DE strategy        : 2
#    F               : 0.3
#    CR              : 0.8
#    tolerance       : 3e-06
# nthreads           : 32
# lgo input file     : abce2.lgo
# site pat input file: ../../chrX/boot_chrX/boot35.opf
# free parameters    : 17
# points in DE swarm : 51
# output state file  : b1boot35.state
# Including singleton site patterns.
# cost function      : KL
Initial parameter values
Fixed:
      zero = 0
       one = 1
    Tbecnw = 75200
Free:
       pc1 = 0
       pc2 = 0
       pc3 = 0
       pc4 = 0
       pc5 = 0
       pc6 = 0
       pc7 = 0
       pc8 = 0
       pc9 = 0
      pc10 = 0
      pc11 = 0
      pc12 = 0
      pc13 = 0
      pc14 = 0
      pc15 = 0
      pc16 = 0
      pc17 = 0
Constrained:
   Tgbecnw = 360324
     Tecnw = 29676.9
       Tnw = 20020.7
       Tec = 10225.1
     twoNb = 917719
     twoNe = 19692.4
     twoNn = 467323
     twoNw = 1.94227e+06
    twoNec = 84623.8
    twoNnw = 27309
  twoNecnw = 58539.6
  twoNbecnw = 25559.2
  twoNgbecnw = 287245
         m = 0.062519
        m2 = 0.0289997
        m3 = 0.235666
        m5 = 0.108404
        Tb = 19951
        Ta = 47575.5
        Tc = 10010.3
        Te = 5005.17
DiffEv reached_goal. cost=1.89377e-03 spread=2.56446e-06
Fitted parameter values
Free:
       pc1 = -1.11459
       pc2 = 1.95388
       pc3 = -0.425315
       pc4 = -1.94901
       pc5 = 1.11541
       pc6 = -0.324325
       pc7 = 0.827201
       pc8 = 0.782009
       pc9 = -0.966337
      pc10 = 1.57402
      pc11 = 0.586048
      pc12 = 0.218043
      pc13 = 0.27981
      pc14 = 0.145143
      pc15 = -0.0170579
      pc16 = -0.302477
      pc17 = -0.00159825
Constrained:
   Tgbecnw = 151536
     Tecnw = 28971.2
       Tnw = 19124.1
       Tec = 10127.3
     twoNb = 937147
     twoNe = 225763
     twoNn = 960749
     twoNw = 1.79985e+06
    twoNec = 83004.2
    twoNnw = 28576.5
  twoNecnw = 59325.7
  twoNbecnw = 19050.6
  twoNgbecnw = 376719
         m = 0.0718608
        m2 = 0.0280541
        m3 = 0.23542
        m5 = 0.113543
        Tb = 19549.2
        Ta = 47374.6
        Tc = 9562.06
        Te = 4781.03
#       SitePat  BranchLen
              b 124180.9314200
              e 46563.5681871
              c 48362.9343040
              n 44156.5167653
              w 46744.8257710
            b:e 1289.4607984
            b:c 1432.6560912
            b:n 1003.1390028
            b:w 1117.6137857
            e:c 11805.9729296
            e:n 4970.9550580
            e:w 4429.4435659
            c:n 4850.5961619
            c:w 3677.8974596
            n:w 12496.7739061
          b:e:c 1270.0242009
          b:e:n 553.3187231
          b:e:w 596.5592046
          b:c:n 583.0009272
          b:c:w 567.8880750
          b:n:w 1319.0318070
          e:c:n 4981.9123275
          e:c:w 3966.2702508
          e:n:w 5729.1344281
          c:n:w 4869.9398523
        b:e:c:n 1163.6483563
        b:e:c:w 1162.5892439
        b:e:n:w 2017.3629743
        b:c:n:w 1804.8900522
        e:c:n:w 49561.8945644
