########################################
# legofit: estimate population history #
#            version 2.3.3             #
########################################

# Program was compiled: Sep 12 2021 17:54:39
# Program was run: Thu Sep 16 06:12:04 2021

# cmd: legofit -1 -d 0 -t 32 --ptsPerDim 3 --stateOut b1boot20.state --tol 3e-6 -S 5000 abce2.lgo ../../chrX/boot_chrX/boot20.opf
# Stage nOptItr nSimReps
#     0    5000        0
# algorithm          : deterministic
# ignoring probs <=  : 0
# Branch length floor: 0
# DE strategy        : 2
#    F               : 0.3
#    CR              : 0.8
#    tolerance       : 3e-06
# nthreads           : 32
# lgo input file     : abce2.lgo
# site pat input file: ../../chrX/boot_chrX/boot20.opf
# free parameters    : 17
# points in DE swarm : 51
# output state file  : b1boot20.state
# Including singleton site patterns.
# cost function      : KL
Initial parameter values
Fixed:
      zero = 0
       one = 1
    Tbecnw = 75200
Free:
       pc1 = 0
       pc2 = 0
       pc3 = 0
       pc4 = 0
       pc5 = 0
       pc6 = 0
       pc7 = 0
       pc8 = 0
       pc9 = 0
      pc10 = 0
      pc11 = 0
      pc12 = 0
      pc13 = 0
      pc14 = 0
      pc15 = 0
      pc16 = 0
      pc17 = 0
Constrained:
   Tgbecnw = 360324
     Tecnw = 29676.9
       Tnw = 20020.7
       Tec = 10225.1
     twoNb = 917719
     twoNe = 19692.4
     twoNn = 467323
     twoNw = 1.94227e+06
    twoNec = 84623.8
    twoNnw = 27309
  twoNecnw = 58539.6
  twoNbecnw = 25559.2
  twoNgbecnw = 287245
         m = 0.062519
        m2 = 0.0289997
        m3 = 0.235666
        m5 = 0.108404
        Tb = 19951
        Ta = 47575.5
        Tc = 10010.3
        Te = 5005.17
DiffEv reached_goal. cost=1.79903e-03 spread=2.81037e-06
Fitted parameter values
Free:
       pc1 = 1.12078
       pc2 = 1.93106
       pc3 = 0.361515
       pc4 = -1.44531
       pc5 = 0.0984585
       pc6 = 0.859182
       pc7 = 1.31929
       pc8 = -1.88633
       pc9 = 1.29384
      pc10 = 0.834228
      pc11 = -0.367956
      pc12 = 0.150067
      pc13 = 0.0431285
      pc14 = 0.0537182
      pc15 = -0.216614
      pc16 = -0.0616944
      pc17 = 0.129523
Constrained:
   Tgbecnw = 159993
     Tecnw = 29366.5
       Tnw = 17060
       Tec = 8680.46
     twoNb = 924273
     twoNe = 70332.1
     twoNn = 441746
     twoNw = 3.83766e+06
    twoNec = 90280.3
    twoNnw = 34424.7
  twoNecnw = 54788
  twoNbecnw = 20492
  twoNgbecnw = 406873
         m = 0.0596133
        m2 = 0.0322737
        m3 = 0.243586
        m5 = 0.11293
        Tb = 19023.5
        Ta = 47111.7
        Tc = 8530.01
        Te = 4265
#       SitePat  BranchLen
              b 122321.1327987
              e 46006.1872452
              c 47844.9505276
              n 43255.1448183
              w 45912.9876576
            b:e 1304.0278671
            b:c 1451.0109767
            b:n 989.0403010
            b:w 1098.7995343
            e:c 11745.3772637
            e:n 4938.7561015
            e:w 4369.4845413
            c:n 4817.8517982
            c:w 3605.6763582
            n:w 12637.9443324
          b:e:c 1259.1118700
          b:e:n 543.1660460
          b:e:w 587.7198273
          b:c:n 573.1174342
          b:c:w 558.3719677
          b:n:w 1310.3589372
          e:c:n 4998.6807449
          e:c:w 3968.5301231
          e:n:w 5855.2294108
          c:n:w 4972.4613705
        b:e:c:n 1137.6486782
        b:e:c:w 1151.8359413
        b:e:n:w 2055.2251672
        b:c:n:w 1836.3557606
        e:c:n:w 48255.9423990
