########################################
# legofit: estimate population history #
#            version 2.3.3             #
########################################

# Program was compiled: Sep 12 2021 17:54:39
# Program was run: Thu Sep 16 06:05:14 2021

# cmd: legofit -1 -d 0 -t 32 --ptsPerDim 3 --stateOut b1boot19.state --tol 3e-6 -S 5000 abce2.lgo ../../chrX/boot_chrX/boot19.opf
# Stage nOptItr nSimReps
#     0    5000        0
# algorithm          : deterministic
# ignoring probs <=  : 0
# Branch length floor: 0
# DE strategy        : 2
#    F               : 0.3
#    CR              : 0.8
#    tolerance       : 3e-06
# nthreads           : 32
# lgo input file     : abce2.lgo
# site pat input file: ../../chrX/boot_chrX/boot19.opf
# free parameters    : 17
# points in DE swarm : 51
# output state file  : b1boot19.state
# Including singleton site patterns.
# cost function      : KL
Initial parameter values
Fixed:
      zero = 0
       one = 1
    Tbecnw = 75200
Free:
       pc1 = 0
       pc2 = 0
       pc3 = 0
       pc4 = 0
       pc5 = 0
       pc6 = 0
       pc7 = 0
       pc8 = 0
       pc9 = 0
      pc10 = 0
      pc11 = 0
      pc12 = 0
      pc13 = 0
      pc14 = 0
      pc15 = 0
      pc16 = 0
      pc17 = 0
Constrained:
   Tgbecnw = 360324
     Tecnw = 29676.9
       Tnw = 20020.7
       Tec = 10225.1
     twoNb = 917719
     twoNe = 19692.4
     twoNn = 467323
     twoNw = 1.94227e+06
    twoNec = 84623.8
    twoNnw = 27309
  twoNecnw = 58539.6
  twoNbecnw = 25559.2
  twoNgbecnw = 287245
         m = 0.062519
        m2 = 0.0289997
        m3 = 0.235666
        m5 = 0.108404
        Tb = 19951
        Ta = 47575.5
        Tc = 10010.3
        Te = 5005.17
DiffEv reached_goal. cost=1.77697e-03 spread=2.70946e-06
Fitted parameter values
Free:
       pc1 = 1.50208
       pc2 = -1.52328
       pc3 = 1.33973
       pc4 = 0.288644
       pc5 = 0.375186
       pc6 = 0.812367
       pc7 = 0.387132
       pc8 = -1.24266
       pc9 = -1.22909
      pc10 = 0.284907
      pc11 = 0.201635
      pc12 = -0.31769
      pc13 = 0.173737
      pc14 = -0.303886
      pc15 = 0.190962
      pc16 = 0.0629811
      pc17 = 0.1907
Constrained:
   Tgbecnw = 610814
     Tecnw = 30860.1
       Tnw = 20010.8
       Tec = 10127.4
     twoNb = 1.2193e+06
     twoNe = 6290.25
     twoNn = 813022
     twoNw = 2.44983e+06
    twoNec = 86168
    twoNnw = 27039.7
  twoNecnw = 56511.2
  twoNbecnw = 29320.6
  twoNgbecnw = 285573
         m = 0.0372168
        m2 = 0.0299916
        m3 = 0.255525
        m5 = 0.0999515
        Tb = 20493.7
        Ta = 47846.9
        Tc = 10005.4
        Te = 5002.69
#       SitePat  BranchLen
              b 126555.1759741
              e 47640.0653615
              c 49565.2574670
              n 44567.8098313
              w 47774.0328611
            b:e 1322.7489315
            b:c 1469.3891493
            b:n 1008.4631327
            b:w 1167.5379429
            e:c 12474.7177017
            e:n 5126.7980433
            e:w 4303.1936965
            c:n 4885.3771736
            c:w 3603.9430133
            n:w 13385.2510307
          b:e:c 1341.0060944
          b:e:n 553.4705303
          b:e:w 593.4495441
          b:c:n 576.2005933
          b:c:w 571.4842442
          b:n:w 1409.8190541
          e:c:n 5257.8797973
          e:c:w 3976.4923568
          e:n:w 6015.5281066
          c:n:w 5101.4959807
        b:e:c:n 1164.9198541
        b:e:c:w 1150.7853079
        b:e:n:w 2085.9356366
        b:c:n:w 1868.0422248
        e:c:n:w 49831.4372952
