########################################
# legofit: estimate population history #
#            version 2.3.3             #
########################################

# Program was compiled: Sep 12 2021 17:54:39
# Program was run: Thu Sep 16 07:26:38 2021

# cmd: legofit -1 -d 0 -t 32 --ptsPerDim 3 --stateOut b1boot29.state --tol 3e-6 -S 5000 abce2.lgo ../../chrX/boot_chrX/boot29.opf
# Stage nOptItr nSimReps
#     0    5000        0
# algorithm          : deterministic
# ignoring probs <=  : 0
# Branch length floor: 0
# DE strategy        : 2
#    F               : 0.3
#    CR              : 0.8
#    tolerance       : 3e-06
# nthreads           : 32
# lgo input file     : abce2.lgo
# site pat input file: ../../chrX/boot_chrX/boot29.opf
# free parameters    : 17
# points in DE swarm : 51
# output state file  : b1boot29.state
# Including singleton site patterns.
# cost function      : KL
Initial parameter values
Fixed:
      zero = 0
       one = 1
    Tbecnw = 75200
Free:
       pc1 = 0
       pc2 = 0
       pc3 = 0
       pc4 = 0
       pc5 = 0
       pc6 = 0
       pc7 = 0
       pc8 = 0
       pc9 = 0
      pc10 = 0
      pc11 = 0
      pc12 = 0
      pc13 = 0
      pc14 = 0
      pc15 = 0
      pc16 = 0
      pc17 = 0
Constrained:
   Tgbecnw = 360324
     Tecnw = 29676.9
       Tnw = 20020.7
       Tec = 10225.1
     twoNb = 917719
     twoNe = 19692.4
     twoNn = 467323
     twoNw = 1.94227e+06
    twoNec = 84623.8
    twoNnw = 27309
  twoNecnw = 58539.6
  twoNbecnw = 25559.2
  twoNgbecnw = 287245
         m = 0.062519
        m2 = 0.0289997
        m3 = 0.235666
        m5 = 0.108404
        Tb = 19951
        Ta = 47575.5
        Tc = 10010.3
        Te = 5005.17
DiffEv reached_goal. cost=1.78884e-03 spread=2.63265e-06
Fitted parameter values
Free:
       pc1 = -0.512608
       pc2 = 0.704416
       pc3 = 1.18781
       pc4 = -1.09747
       pc5 = -0.728321
       pc6 = 1.44202
       pc7 = 0.686049
       pc8 = -0.463814
       pc9 = 0.941327
      pc10 = 0.956126
      pc11 = -0.00790805
      pc12 = -0.682663
      pc13 = 0.187938
      pc14 = -0.180647
      pc15 = -0.240364
      pc16 = -0.0302454
      pc17 = 0.0863066
Constrained:
   Tgbecnw = 150235
     Tecnw = 29375.3
       Tnw = 20038
       Tec = 10351.8
     twoNb = 945262
     twoNe = 14273.9
     twoNn = 907839
     twoNw = 2.53767e+06
    twoNec = 79118.1
    twoNnw = 25573.7
  twoNecnw = 54524
  twoNbecnw = 19256.3
  twoNgbecnw = 347672
         m = 0.0711241
        m2 = 0.0308812
        m3 = 0.253635
        m5 = 0.112983
        Tb = 19863.6
        Ta = 47531.8
        Tc = 10019
        Te = 5009.51
#       SitePat  BranchLen
              b 122323.0225254
              e 45578.4488552
              c 47523.5249584
              n 43237.2006076
              w 46237.8076695
            b:e 1247.0947616
            b:c 1399.1600127
            b:n 952.7750255
            b:w 1081.8574807
            e:c 11672.7280750
            e:n 5009.9562136
            e:w 4250.4548615
            c:n 4750.2589878
            c:w 3545.4993165
            n:w 12188.2301246
          b:e:c 1225.4768340
          b:e:n 527.8995550
          b:e:w 565.8842515
          b:c:n 550.8487906
          b:c:w 546.1794467
          b:n:w 1277.4068992
          e:c:n 5100.6818010
          e:c:w 3911.4360786
          e:n:w 5767.8677415
          c:n:w 4855.5544761
        b:e:c:n 1120.9702440
        b:e:c:w 1111.4721605
        b:e:n:w 1974.1408311
        b:c:n:w 1750.7210649
        e:c:n:w 48590.3977817
