########################################
# legofit: estimate population history #
#            version 2.3.3             #
########################################

# Program was compiled: Sep 12 2021 17:54:39
# Program was run: Thu Sep 16 04:03:22 2021

# cmd: legofit -1 -d 0 -t 32 --ptsPerDim 3 --stateOut b1boot7.state --tol 3e-6 -S 5000 abce2.lgo ../../chrX/boot_chrX/boot7.opf
# Stage nOptItr nSimReps
#     0    5000        0
# algorithm          : deterministic
# ignoring probs <=  : 0
# Branch length floor: 0
# DE strategy        : 2
#    F               : 0.3
#    CR              : 0.8
#    tolerance       : 3e-06
# nthreads           : 32
# lgo input file     : abce2.lgo
# site pat input file: ../../chrX/boot_chrX/boot7.opf
# free parameters    : 17
# points in DE swarm : 51
# output state file  : b1boot7.state
# Including singleton site patterns.
# cost function      : KL
Initial parameter values
Fixed:
      zero = 0
       one = 1
    Tbecnw = 75200
Free:
       pc1 = 0
       pc2 = 0
       pc3 = 0
       pc4 = 0
       pc5 = 0
       pc6 = 0
       pc7 = 0
       pc8 = 0
       pc9 = 0
      pc10 = 0
      pc11 = 0
      pc12 = 0
      pc13 = 0
      pc14 = 0
      pc15 = 0
      pc16 = 0
      pc17 = 0
Constrained:
   Tgbecnw = 360324
     Tecnw = 29676.9
       Tnw = 20020.7
       Tec = 10225.1
     twoNb = 917719
     twoNe = 19692.4
     twoNn = 467323
     twoNw = 1.94227e+06
    twoNec = 84623.8
    twoNnw = 27309
  twoNecnw = 58539.6
  twoNbecnw = 25559.2
  twoNgbecnw = 287245
         m = 0.062519
        m2 = 0.0289997
        m3 = 0.235666
        m5 = 0.108404
        Tb = 19951
        Ta = 47575.5
        Tc = 10010.3
        Te = 5005.17
DiffEv reached_goal. cost=1.80819e-03 spread=2.87545e-06
Fitted parameter values
Free:
       pc1 = -1.81015
       pc2 = 1.33811
       pc3 = 0.508341
       pc4 = -1.63544
       pc5 = 1.01354
       pc6 = 1.99915
       pc7 = 0.968399
       pc8 = -0.887462
       pc9 = -1.2192
      pc10 = 1.00484
      pc11 = 0.209878
      pc12 = 0.201046
      pc13 = 1.2848
      pc14 = 0.0155295
      pc15 = -0.093237
      pc16 = -0.0576035
      pc17 = 0.18142
Constrained:
   Tgbecnw = 141381
     Tecnw = 28611.1
       Tnw = 18747
       Tec = 10713.1
     twoNb = 1.25208e+06
     twoNe = 151328
     twoNn = 1.27515e+06
     twoNw = 2.99915e+06
    twoNec = 73812.3
    twoNnw = 27886.4
  twoNecnw = 60184.5
  twoNbecnw = 18012.5
  twoNgbecnw = 321593
         m = 0.0800966
        m2 = 0.0305846
        m3 = 0.252895
        m5 = 0.105009
        Tb = 19662.1
        Ta = 47431.1
        Tc = 9373.48
        Te = 4686.74
#       SitePat  BranchLen
              b 122449.9077966
              e 46135.6085680
              c 47868.9248228
              n 43751.4525514
              w 46777.9313240
            b:e 1304.5303670
            b:c 1442.5711975
            b:n 1022.9128448
            b:w 1167.9797307
            e:c 12097.4539468
            e:n 5062.0089373
            e:w 4356.7176544
            c:n 4917.6230849
            c:w 3650.9974247
            n:w 12634.3380879
          b:e:c 1315.6341504
          b:e:n 564.7432599
          b:e:w 609.2599775
          b:c:n 592.7049806
          b:c:w 583.1145024
          b:n:w 1372.2277681
          e:c:n 5188.5649887
          e:c:w 3974.2840866
          e:n:w 5672.0159195
          c:n:w 4855.1259106
        b:e:c:n 1221.0344722
        b:e:c:w 1200.7604703
        b:e:n:w 2054.0413793
        b:c:n:w 1847.8641190
        e:c:n:w 47992.6290436
