########################################
# legofit: estimate population history #
#            version 2.3.3             #
########################################

# Program was compiled: Sep 12 2021 17:54:39
# Program was run: Thu Sep 16 07:25:06 2021

# cmd: legofit -1 -d 0 -t 32 --ptsPerDim 3 --stateOut b1boot28.state --tol 3e-6 -S 5000 abce2.lgo ../../chrX/boot_chrX/boot28.opf
# Stage nOptItr nSimReps
#     0    5000        0
# algorithm          : deterministic
# ignoring probs <=  : 0
# Branch length floor: 0
# DE strategy        : 2
#    F               : 0.3
#    CR              : 0.8
#    tolerance       : 3e-06
# nthreads           : 32
# lgo input file     : abce2.lgo
# site pat input file: ../../chrX/boot_chrX/boot28.opf
# free parameters    : 17
# points in DE swarm : 51
# output state file  : b1boot28.state
# Including singleton site patterns.
# cost function      : KL
Initial parameter values
Fixed:
      zero = 0
       one = 1
    Tbecnw = 75200
Free:
       pc1 = 0
       pc2 = 0
       pc3 = 0
       pc4 = 0
       pc5 = 0
       pc6 = 0
       pc7 = 0
       pc8 = 0
       pc9 = 0
      pc10 = 0
      pc11 = 0
      pc12 = 0
      pc13 = 0
      pc14 = 0
      pc15 = 0
      pc16 = 0
      pc17 = 0
Constrained:
   Tgbecnw = 360324
     Tecnw = 29676.9
       Tnw = 20020.7
       Tec = 10225.1
     twoNb = 917719
     twoNe = 19692.4
     twoNn = 467323
     twoNw = 1.94227e+06
    twoNec = 84623.8
    twoNnw = 27309
  twoNecnw = 58539.6
  twoNbecnw = 25559.2
  twoNgbecnw = 287245
         m = 0.062519
        m2 = 0.0289997
        m3 = 0.235666
        m5 = 0.108404
        Tb = 19951
        Ta = 47575.5
        Tc = 10010.3
        Te = 5005.17
DiffEv reached_goal. cost=1.84667e-03 spread=2.98804e-06
Fitted parameter values
Free:
       pc1 = -2.19246
       pc2 = 1.95855
       pc3 = -0.149379
       pc4 = -1.00171
       pc5 = 0.0139275
       pc6 = 0.259729
       pc7 = 0.832197
       pc8 = -1.81638
       pc9 = -0.297758
      pc10 = 1.18157
      pc11 = -0.108319
      pc12 = -0.0632494
      pc13 = 0.0997169
      pc14 = 0.147514
      pc15 = -0.07807
      pc16 = 0.0639325
      pc17 = 0.0523802
Constrained:
   Tgbecnw = 142655
     Tecnw = 28228.1
       Tnw = 19959.7
       Tec = 10220.6
     twoNb = 983632
     twoNe = 116282
     twoNn = 745442
     twoNw = 4.83276e+06
    twoNec = 79144
    twoNnw = 22612.2
  twoNecnw = 59140.3
  twoNbecnw = 17868.6
  twoNgbecnw = 335833
         m = 0.0771431
        m2 = 0.0292726
        m3 = 0.238893
        m5 = 0.111705
        Tb = 19224.4
        Ta = 47212.2
        Tc = 9979.83
        Te = 4989.91
#       SitePat  BranchLen
              b 122349.6525280
              e 45989.9158287
              c 47773.6084813
              n 43324.7382512
              w 45930.8201892
            b:e 1281.5787143
            b:c 1426.1981563
            b:n 972.7412049
            b:w 1084.6026002
            e:c 11789.5006574
            e:n 4907.6905348
            e:w 4356.7981872
            c:n 4801.4479475
            c:w 3631.1726583
            n:w 12608.7537934
          b:e:c 1263.3245217
          b:e:n 537.5330808
          b:e:w 580.5060093
          b:c:n 566.9683431
          b:c:w 552.2180947
          b:n:w 1310.2414260
          e:c:n 4942.0981835
          e:c:w 3916.9354880
          e:n:w 5823.2078826
          c:n:w 4936.9623003
        b:e:c:n 1133.0893262
        b:e:c:w 1133.2536873
        b:e:n:w 2001.3057029
        b:c:n:w 1789.9599401
        e:c:n:w 48326.4357122
