########################################
# legofit: estimate population history #
#            version 2.3.3             #
########################################

# Program was compiled: Sep 12 2021 17:54:39
# Program was run: Thu Sep 16 07:49:06 2021

# cmd: legofit -1 -d 0 -t 32 --ptsPerDim 3 --stateOut b1boot33.state --tol 3e-6 -S 5000 abce2.lgo ../../chrX/boot_chrX/boot33.opf
# Stage nOptItr nSimReps
#     0    5000        0
# algorithm          : deterministic
# ignoring probs <=  : 0
# Branch length floor: 0
# DE strategy        : 2
#    F               : 0.3
#    CR              : 0.8
#    tolerance       : 3e-06
# nthreads           : 32
# lgo input file     : abce2.lgo
# site pat input file: ../../chrX/boot_chrX/boot33.opf
# free parameters    : 17
# points in DE swarm : 51
# output state file  : b1boot33.state
# Including singleton site patterns.
# cost function      : KL
Initial parameter values
Fixed:
      zero = 0
       one = 1
    Tbecnw = 75200
Free:
       pc1 = 0
       pc2 = 0
       pc3 = 0
       pc4 = 0
       pc5 = 0
       pc6 = 0
       pc7 = 0
       pc8 = 0
       pc9 = 0
      pc10 = 0
      pc11 = 0
      pc12 = 0
      pc13 = 0
      pc14 = 0
      pc15 = 0
      pc16 = 0
      pc17 = 0
Constrained:
   Tgbecnw = 360324
     Tecnw = 29676.9
       Tnw = 20020.7
       Tec = 10225.1
     twoNb = 917719
     twoNe = 19692.4
     twoNn = 467323
     twoNw = 1.94227e+06
    twoNec = 84623.8
    twoNnw = 27309
  twoNecnw = 58539.6
  twoNbecnw = 25559.2
  twoNgbecnw = 287245
         m = 0.062519
        m2 = 0.0289997
        m3 = 0.235666
        m5 = 0.108404
        Tb = 19951
        Ta = 47575.5
        Tc = 10010.3
        Te = 5005.17
DiffEv reached_goal. cost=1.86344e-03 spread=2.14869e-06
Fitted parameter values
Free:
       pc1 = -2.46863
       pc2 = 1.21013
       pc3 = 1.7813
       pc4 = -1.24346
       pc5 = 0.695079
       pc6 = -0.693973
       pc7 = 1.97505
       pc8 = -1.68858
       pc9 = -1.17852
      pc10 = -0.547094
      pc11 = 0.0160902
      pc12 = -0.578199
      pc13 = -0.0773155
      pc14 = -0.188701
      pc15 = -0.0511861
      pc16 = -0.00695225
      pc17 = 0.0221101
Constrained:
   Tgbecnw = 175788
     Tecnw = 28504.5
       Tnw = 21871.5
       Tec = 11050.2
     twoNb = 1.16735e+06
     twoNe = 92588.5
     twoNn = 1.46234e+06
     twoNw = 4.504e+06
    twoNec = 74832.2
    twoNnw = 17793.5
  twoNecnw = 59279.5
  twoNbecnw = 21558.5
  twoNgbecnw = 570965
         m = 0.0479474
        m2 = 0.0294525
        m3 = 0.222844
        m5 = 0.105903
        Tb = 19777.4
        Ta = 47488.7
        Tc = 10935.8
        Te = 5467.88
#       SitePat  BranchLen
              b 125437.3096228
              e 46607.7667642
              c 48323.5586921
              n 43910.5140798
              w 46400.9834780
            b:e 1315.3084775
            b:c 1457.7907575
            b:n 1005.5083827
            b:w 1127.3961089
            e:c 12159.2506580
            e:n 4835.5910405
            e:w 4300.1862598
            c:n 4735.1134202
            c:w 3632.5416535
            n:w 12886.5208109
          b:e:c 1338.8827433
          b:e:n 550.5504198
          b:e:w 593.4588026
          b:c:n 578.2593901
          b:c:w 566.0181471
          b:n:w 1399.6607903
          e:c:n 4984.6833893
          e:c:w 3974.6569517
          e:n:w 5907.9908598
          c:n:w 5035.1867328
        b:e:c:n 1163.2237081
        b:e:c:w 1168.2024443
        b:e:n:w 2124.5657163
        b:c:n:w 1906.9495403
        e:c:n:w 50708.7668858
