########################################
# legofit: estimate population history #
#            version 2.3.3             #
########################################

# Program was compiled: Sep 12 2021 17:54:39
# Program was run: Thu Sep 16 06:12:35 2021

# cmd: legofit -1 -d 0 -t 32 --ptsPerDim 3 --stateOut b1boot22.state --tol 3e-6 -S 5000 abce2.lgo ../../chrX/boot_chrX/boot22.opf
# Stage nOptItr nSimReps
#     0    5000        0
# algorithm          : deterministic
# ignoring probs <=  : 0
# Branch length floor: 0
# DE strategy        : 2
#    F               : 0.3
#    CR              : 0.8
#    tolerance       : 3e-06
# nthreads           : 32
# lgo input file     : abce2.lgo
# site pat input file: ../../chrX/boot_chrX/boot22.opf
# free parameters    : 17
# points in DE swarm : 51
# output state file  : b1boot22.state
# Including singleton site patterns.
# cost function      : KL
Initial parameter values
Fixed:
      zero = 0
       one = 1
    Tbecnw = 75200
Free:
       pc1 = 0
       pc2 = 0
       pc3 = 0
       pc4 = 0
       pc5 = 0
       pc6 = 0
       pc7 = 0
       pc8 = 0
       pc9 = 0
      pc10 = 0
      pc11 = 0
      pc12 = 0
      pc13 = 0
      pc14 = 0
      pc15 = 0
      pc16 = 0
      pc17 = 0
Constrained:
   Tgbecnw = 360324
     Tecnw = 29676.9
       Tnw = 20020.7
       Tec = 10225.1
     twoNb = 917719
     twoNe = 19692.4
     twoNn = 467323
     twoNw = 1.94227e+06
    twoNec = 84623.8
    twoNnw = 27309
  twoNecnw = 58539.6
  twoNbecnw = 25559.2
  twoNgbecnw = 287245
         m = 0.062519
        m2 = 0.0289997
        m3 = 0.235666
        m5 = 0.108404
        Tb = 19951
        Ta = 47575.5
        Tc = 10010.3
        Te = 5005.17
DiffEv reached_goal. cost=1.76947e-03 spread=2.60338e-06
Fitted parameter values
Free:
       pc1 = -2.61244
       pc2 = -0.278597
       pc3 = 1.34584
       pc4 = 0.118452
       pc5 = -0.0469534
       pc6 = 0.501518
       pc7 = -0.625901
       pc8 = -1.58547
       pc9 = 0.281363
      pc10 = 1.75015
      pc11 = 0.178347
      pc12 = -0.151657
      pc13 = 0.329953
      pc14 = -0.0294529
      pc15 = -0.128525
      pc16 = -0.0619647
      pc17 = 0.0858523
Constrained:
   Tgbecnw = 151622
     Tecnw = 28954.8
       Tnw = 22157.5
       Tec = 11434.5
     twoNb = 942371
     twoNe = 15253
     twoNn = 455008
     twoNw = 4.04169e+06
    twoNec = 75176.2
    twoNnw = 16538.7
  twoNecnw = 58473.7
  twoNbecnw = 19973.2
  twoNgbecnw = 330536
         m = 0.0740112
        m2 = 0.0279528
        m3 = 0.266566
        m5 = 0.101525
        Tb = 20194.7
        Ta = 47697.3
        Tc = 11078.8
        Te = 5539.38
#       SitePat  BranchLen
              b 122629.0980486
              e 46309.6697547
              c 48188.4148123
              n 43358.2822001
              w 46542.5291452
            b:e 1325.1197597
            b:c 1478.9285283
            b:n 988.7316208
            b:w 1141.3950984
            e:c 11920.6581561
            e:n 5058.4073499
            e:w 4237.0629997
            c:n 4814.9443197
            c:w 3578.2017193
            n:w 12789.8382117
          b:e:c 1337.4012074
          b:e:n 556.5664259
          b:e:w 593.9502768
          b:c:n 579.8857481
          b:c:w 574.2201705
          b:n:w 1380.8558270
          e:c:n 5128.0593525
          e:c:w 3858.4013950
          e:n:w 5944.3257282
          c:n:w 5022.5579351
        b:e:c:n 1185.4362629
        b:e:c:w 1144.5525162
        b:e:n:w 2003.7712529
        b:c:n:w 1791.7202991
        e:c:n:w 48108.2507660
