########################################
# legofit: estimate population history #
#       version 2.3.4-4-g53f8760       #
########################################

# Program was compiled: Sep 21 2021 14:36:42
# Program was run: Thu Oct 14 10:21:22 2021

# cmd: legofit -1 -d 0 -t 32 --ptsPerDim 3 --stateOut b1boot33.state --tol 3e-6 -S 5000 egh2.lgo ../../boot/boot33.opf
# Stage nOptItr nSimReps
#     0    5000        0
# algorithm          : deterministic
# ignoring probs <=  : 0
# Branch length floor: 0
# DE strategy        : 2
#    F               : 0.3
#    CR              : 0.8
#    tolerance       : 3e-06
# nthreads           : 32
# lgo input file     : egh2.lgo
# site pat input file: ../../boot/boot33.opf
# free parameters    : 13
# points in DE swarm : 39
# output state file  : b1boot33.state
# Including singleton site patterns.
# cost function      : KL
Initial parameter values
Fixed:
      zero = 0
       one = 1
    Tbecnw = 75200
Free:
       pc1 = 0
       pc2 = 0
       pc3 = 0
       pc4 = 0
       pc5 = 0
       pc6 = 0
       pc7 = 0
       pc8 = 0
       pc9 = 0
      pc10 = 0
      pc11 = 0
      pc12 = 0
      pc13 = 0
Constrained:
     Tecnw = 61144.2
       Tnw = 5041.29
       Tec = 5000.54
     twoNb = 890808
     twoNe = 86366.2
     twoNw = 599854
    twoNec = 97404.7
    twoNnw = 149717
  twoNecnw = 13578.4
  twoNbecnw = 88263.7
        m5 = 0.172867
        m7 = 0.000173462
        m8 = 0.374888
        Th = 5020.91
        Te = 2500.27
        Tg = 1250.13
DiffEv reached_goal. cost=2.30889e-03 spread=2.13772e-06
Fitted parameter values
Free:
       pc1 = -3.96261
       pc2 = -0.474351
       pc3 = 0.284997
       pc4 = 0.0131673
       pc5 = -0.725926
       pc6 = 1.06876
       pc7 = -0.196891
       pc8 = -0.0679315
       pc9 = 0.0782301
      pc10 = -0.0343966
      pc11 = -0.00178557
      pc12 = 0.0457833
      pc13 = -0.0210904
Constrained:
     Tecnw = 61441.2
       Tnw = 177.084
       Tec = 25.4305
     twoNb = 1.4982e+06
     twoNe = 126264
     twoNw = 706078
    twoNec = 123420
    twoNnw = 175752
  twoNecnw = 12955.7
  twoNbecnw = 89083.1
        m5 = 0.173219
        m7 = 0.000415031
        m8 = 0.351795
        Th = 101.257
        Te = 12.7152
        Tg = 6.35761
#       SitePat  BranchLen
              b 148769.3603738
              e 57764.3968874
              c 60650.1364749
              n 54680.7800420
              w 54674.1292151
            b:e 2686.8079518
            b:c 3015.6748680
            b:n 2282.4546649
            b:w 2282.0586952
            e:c 12348.5890478
            e:n 6603.5144918
            e:w 6607.4363900
            c:n 5730.0271795
            c:w 5731.5096268
            n:w 14766.8127462
          b:e:c 2565.7014880
          b:e:n 1340.4468527
          b:e:w 1340.5691026
          b:c:n 1340.4955052
          b:c:w 1340.3732497
          b:n:w 2565.5880966
          e:c:n 5361.2604974
          e:c:w 5362.5069789
          e:n:w 8041.6348482
          c:n:w 6907.8893590
        b:e:c:n 2282.1322927
        b:e:c:w 2282.5282679
        b:e:n:w 3015.7882595
        b:c:n:w 2684.4885209
        e:c:n:w 62191.1548328
