########################################
# legofit: estimate population history #
#       version 2.3.4-4-g53f8760       #
########################################

# Program was compiled: Sep 21 2021 14:36:42
# Program was run: Thu Sep 23 10:35:24 2021

# cmd: legofit -1 -d 0 -t 32 --ptsPerDim 3 --stateOut b1.state --tol 3e-6 -S 5000 ae2.lgo ../../pan.opf
# Stage nOptItr nSimReps
#     0    5000        0
# algorithm          : deterministic
# ignoring probs <=  : 0
# Branch length floor: 0
# DE strategy        : 2
#    F               : 0.3
#    CR              : 0.8
#    tolerance       : 3e-06
# nthreads           : 32
# lgo input file     : ae2.lgo
# site pat input file: ../../pan.opf
# free parameters    : 14
# points in DE swarm : 42
# output state file  : b1.state
# Including singleton site patterns.
# cost function      : KL
Initial parameter values
Fixed:
      zero = 0
       one = 1
    Tbecnw = 75200
Free:
       pc1 = 0
       pc2 = 0
       pc3 = 0
       pc4 = 0
       pc5 = 0
       pc6 = 0
       pc7 = 0
       pc8 = 0
       pc9 = 0
      pc10 = 0
      pc11 = 0
      pc12 = 0
      pc13 = 0
      pc14 = 0
Constrained:
   Tgbecnw = 105165
     Tecnw = 27127
       Tnw = 19789.5
       Tec = 10286.6
     twoNb = 174178
     twoNe = 281013
     twoNw = 1.83251e+06
    twoNec = 156847
    twoNnw = 32703.3
  twoNecnw = 84787.4
  twoNbecnw = 14758
  twoNgbecnw = 193985
         m = 0.200077
        m5 = 0.179037
        Ta = 37600
        Te = 9894.76
DiffEv reached_goal. cost=1.97934e-03 spread=2.90166e-06
Fitted parameter values
Free:
       pc1 = 2.54026
       pc2 = 1.96987
       pc3 = 1.48087
       pc4 = -1.65689
       pc5 = 0.695612
       pc6 = 0.389255
       pc7 = -1.73215
       pc8 = -0.517919
       pc9 = -0.564344
      pc10 = -0.151053
      pc11 = -0.0185378
      pc12 = 0.00447122
      pc13 = -0.0493336
      pc14 = -0.0156935
Constrained:
   Tgbecnw = 94599.9
     Tecnw = 25398.3
       Tnw = 22478
       Tec = 11343.2
     twoNb = 43601.6
     twoNe = 211816
     twoNw = 3.64951e+06
    twoNec = 131443
    twoNnw = 12650.1
  twoNecnw = 89514.7
  twoNbecnw = 10330
  twoNgbecnw = 179438
         m = 0.224061
        m5 = 0.178545
        Ta = 37600
        Te = 11239
#       SitePat  BranchLen
              b 133923.7544975
              e 52165.7676729
              c 54807.0567619
              n 49265.4028461
              w 49244.3678074
            b:e 2298.4138104
            b:c 2600.3048580
            b:n 1953.9171998
            b:w 1952.1631966
            e:c 11092.5660610
            e:n 5905.3705986
            e:w 5926.4056373
            c:n 5206.2045154
            c:w 5200.6994466
            n:w 13631.9039271
          b:e:c 2328.7772280
          b:e:n 1240.9851172
          b:e:w 1242.7391204
          b:c:n 1252.3896235
          b:c:w 1250.4772783
          b:n:w 2288.0274059
          e:c:n 4821.2326210
          e:c:w 4826.7376897
          e:n:w 7124.3825873
          c:n:w 5907.9657724
        b:e:c:n 2230.9314567
        b:e:c:w 2232.8438020
        b:e:n:w 2929.4734433
        b:c:n:w 2608.4397316
        e:c:n:w 55967.0109235
