########################################
# legofit: estimate population history #
#       version 2.3.4-4-g53f8760       #
########################################

# Program was compiled: Sep 21 2021 14:36:42
# Program was run: Thu Sep 23 10:36:28 2021

# cmd: legofit -1 -d 0 -t 32 --ptsPerDim 3 --stateOut b1boot32.state --tol 3e-6 -S 5000 ae2.lgo ../../boot/boot32.opf
# Stage nOptItr nSimReps
#     0    5000        0
# algorithm          : deterministic
# ignoring probs <=  : 0
# Branch length floor: 0
# DE strategy        : 2
#    F               : 0.3
#    CR              : 0.8
#    tolerance       : 3e-06
# nthreads           : 32
# lgo input file     : ae2.lgo
# site pat input file: ../../boot/boot32.opf
# free parameters    : 14
# points in DE swarm : 42
# output state file  : b1boot32.state
# Including singleton site patterns.
# cost function      : KL
Initial parameter values
Fixed:
      zero = 0
       one = 1
    Tbecnw = 75200
Free:
       pc1 = 0
       pc2 = 0
       pc3 = 0
       pc4 = 0
       pc5 = 0
       pc6 = 0
       pc7 = 0
       pc8 = 0
       pc9 = 0
      pc10 = 0
      pc11 = 0
      pc12 = 0
      pc13 = 0
      pc14 = 0
Constrained:
   Tgbecnw = 105165
     Tecnw = 27127
       Tnw = 19789.5
       Tec = 10286.6
     twoNb = 174178
     twoNe = 281013
     twoNw = 1.83251e+06
    twoNec = 156847
    twoNnw = 32703.3
  twoNecnw = 84787.4
  twoNbecnw = 14758
  twoNgbecnw = 193985
         m = 0.200077
        m5 = 0.179037
        Ta = 37600
        Te = 9894.76
DiffEv reached_goal. cost=2.01478e-03 spread=2.92604e-06
Fitted parameter values
Free:
       pc1 = 2.52622
       pc2 = 1.98599
       pc3 = 1.34989
       pc4 = -1.96465
       pc5 = -1.88704
       pc6 = -0.131144
       pc7 = -1.34866
       pc8 = -0.99772
       pc9 = -0.420531
      pc10 = -0.328947
      pc11 = -0.0752879
      pc12 = 0.0554824
      pc13 = -0.0440941
      pc14 = -0.0185041
Constrained:
   Tgbecnw = 94821.3
     Tecnw = 25166.5
       Tnw = 22358.6
       Tec = 11685.5
     twoNb = 336124
     twoNe = 168605
     twoNw = 3.48101e+06
    twoNec = 125569
    twoNnw = 12167.4
  twoNecnw = 90603.4
  twoNbecnw = 10367.5
  twoNgbecnw = 180348
         m = 0.224458
        m5 = 0.183569
        Ta = 37600
        Te = 11179.3
#       SitePat  BranchLen
              b 134130.2510188
              e 52101.9391620
              c 54829.1136218
              n 49202.6710657
              w 49180.0827581
            b:e 2286.3705305
            b:c 2595.7513606
            b:n 1946.7179056
            b:w 1944.8433677
            e:c 11077.0788487
            e:n 5940.2882450
            e:w 5962.8765526
            c:n 5217.4078208
            c:w 5211.5033861
            n:w 13651.9750870
          b:e:c 2317.5286941
          b:e:n 1238.0749793
          b:e:w 1239.9495172
          b:c:n 1249.9111331
          b:c:w 1247.8662068
          b:n:w 2276.6939331
          e:c:n 4814.0786119
          e:c:w 4819.9830465
          e:n:w 7142.7445054
          c:n:w 5889.8236363
        b:e:c:n 2224.3674373
        b:e:c:w 2226.4123636
        b:e:n:w 2926.0718071
        b:c:n:w 2596.9381336
        e:c:n:w 56129.9840873
