########################################
# legofit: estimate population history #
#       version 2.3.4-4-g53f8760       #
########################################

# Program was compiled: Sep 21 2021 14:36:42
# Program was run: Thu Sep 23 10:36:10 2021

# cmd: legofit -1 -d 0 -t 32 --ptsPerDim 3 --stateOut b1boot14.state --tol 3e-6 -S 5000 ae2.lgo ../../boot/boot14.opf
# Stage nOptItr nSimReps
#     0    5000        0
# algorithm          : deterministic
# ignoring probs <=  : 0
# Branch length floor: 0
# DE strategy        : 2
#    F               : 0.3
#    CR              : 0.8
#    tolerance       : 3e-06
# nthreads           : 32
# lgo input file     : ae2.lgo
# site pat input file: ../../boot/boot14.opf
# free parameters    : 14
# points in DE swarm : 42
# output state file  : b1boot14.state
# Including singleton site patterns.
# cost function      : KL
Initial parameter values
Fixed:
      zero = 0
       one = 1
    Tbecnw = 75200
Free:
       pc1 = 0
       pc2 = 0
       pc3 = 0
       pc4 = 0
       pc5 = 0
       pc6 = 0
       pc7 = 0
       pc8 = 0
       pc9 = 0
      pc10 = 0
      pc11 = 0
      pc12 = 0
      pc13 = 0
      pc14 = 0
Constrained:
   Tgbecnw = 105165
     Tecnw = 27127
       Tnw = 19789.5
       Tec = 10286.6
     twoNb = 174178
     twoNe = 281013
     twoNw = 1.83251e+06
    twoNec = 156847
    twoNnw = 32703.3
  twoNecnw = 84787.4
  twoNbecnw = 14758
  twoNgbecnw = 193985
         m = 0.200077
        m5 = 0.179037
        Ta = 37600
        Te = 9894.76
DiffEv reached_goal. cost=1.95927e-03 spread=2.95307e-06
Fitted parameter values
Free:
       pc1 = 2.66207
       pc2 = 1.91267
       pc3 = 1.48979
       pc4 = -1.9708
       pc5 = -0.115119
       pc6 = 1.96895
       pc7 = -1.89286
       pc8 = -1.10977
       pc9 = -0.630498
      pc10 = -0.202795
      pc11 = 0.000832986
      pc12 = 0.0651416
      pc13 = -0.0262084
      pc14 = -0.0181351
Constrained:
   Tgbecnw = 96416.8
     Tecnw = 25180.7
       Tnw = 22766.9
       Tec = 11539.3
     twoNb = 81665.7
     twoNe = 511794
     twoNw = 4.22931e+06
    twoNec = 127131
    twoNnw = 10419.7
  twoNecnw = 90622.9
  twoNbecnw = 10958
  twoNgbecnw = 186786
         m = 0.213285
        m5 = 0.183575
        Ta = 37600
        Te = 11383.5
#       SitePat  BranchLen
              b 134157.2756697
              e 52178.1916465
              c 54902.0599715
              n 49284.9555820
              w 49266.1249863
            b:e 2307.7770293
            b:c 2620.7097234
            b:n 1962.2632382
            b:w 1960.6790098
            e:c 11115.2921332
            e:n 5949.6658318
            e:w 5968.4964275
            c:n 5229.0253621
            c:w 5224.0637253
            n:w 13665.8863957
          b:e:c 2339.8548353
          b:e:n 1248.3266034
          b:e:w 1249.9108318
          b:c:n 1259.9572506
          b:c:w 1258.2290706
          b:n:w 2298.4131650
          e:c:n 4826.2044685
          e:c:w 4831.1661053
          e:n:w 7172.0741258
          c:n:w 5913.2789726
        b:e:c:n 2242.3641456
        b:e:c:w 2244.0923255
        b:e:n:w 2953.8829482
        b:c:n:w 2621.0013681
        e:c:n:w 56097.4377568
