########################################
# legofit: estimate population history #
#       version 2.3.4-4-g53f8760       #
########################################

# Program was compiled: Sep 21 2021 14:36:42
# Program was run: Thu Sep 23 10:36:34 2021

# cmd: legofit -1 -d 0 -t 32 --ptsPerDim 3 --stateOut b1boot37.state --tol 3e-6 -S 5000 ae2.lgo ../../boot/boot37.opf
# Stage nOptItr nSimReps
#     0    5000        0
# algorithm          : deterministic
# ignoring probs <=  : 0
# Branch length floor: 0
# DE strategy        : 2
#    F               : 0.3
#    CR              : 0.8
#    tolerance       : 3e-06
# nthreads           : 32
# lgo input file     : ae2.lgo
# site pat input file: ../../boot/boot37.opf
# free parameters    : 14
# points in DE swarm : 42
# output state file  : b1boot37.state
# Including singleton site patterns.
# cost function      : KL
Initial parameter values
Fixed:
      zero = 0
       one = 1
    Tbecnw = 75200
Free:
       pc1 = 0
       pc2 = 0
       pc3 = 0
       pc4 = 0
       pc5 = 0
       pc6 = 0
       pc7 = 0
       pc8 = 0
       pc9 = 0
      pc10 = 0
      pc11 = 0
      pc12 = 0
      pc13 = 0
      pc14 = 0
Constrained:
   Tgbecnw = 105165
     Tecnw = 27127
       Tnw = 19789.5
       Tec = 10286.6
     twoNb = 174178
     twoNe = 281013
     twoNw = 1.83251e+06
    twoNec = 156847
    twoNnw = 32703.3
  twoNecnw = 84787.4
  twoNbecnw = 14758
  twoNgbecnw = 193985
         m = 0.200077
        m5 = 0.179037
        Ta = 37600
        Te = 9894.76
DiffEv reached_goal. cost=1.99422e-03 spread=1.80943e-06
Fitted parameter values
Free:
       pc1 = 2.61995
       pc2 = 1.98883
       pc3 = 1.64778
       pc4 = -1.96458
       pc5 = 0.0169998
       pc6 = 1.96106
       pc7 = -1.9612
       pc8 = -0.742355
       pc9 = -0.632767
      pc10 = -0.141979
      pc11 = -0.0373111
      pc12 = -0.0140328
      pc13 = -0.0466691
      pc14 = -0.0209843
Constrained:
   Tgbecnw = 95192.5
     Tecnw = 25305
       Tnw = 22726.4
       Tec = 11675.1
     twoNb = 63192.8
     twoNe = 506608
     twoNw = 4.26617e+06
    twoNec = 124914
    twoNnw = 11142.5
  twoNecnw = 89336.3
  twoNbecnw = 10414.5
  twoNgbecnw = 184651
         m = 0.216936
        m5 = 0.182897
        Ta = 37600
        Te = 11363.2
#       SitePat  BranchLen
              b 133952.6372883
              e 51972.6160265
              c 54665.2099110
              n 49159.0151169
              w 49140.5201916
            b:e 2276.6548249
            b:c 2584.3007908
            b:n 1940.9924971
            b:w 1939.4492053
            e:c 11091.4116770
            e:n 5898.8718260
            e:w 5917.3667513
            c:n 5186.4006085
            c:w 5181.5372133
            n:w 13578.2017259
          b:e:c 2314.4543841
          b:e:n 1231.1816019
          b:e:w 1232.7248937
          b:c:n 1242.5477919
          b:c:w 1240.8650840
          b:n:w 2274.3088139
          e:c:n 4810.1123609
          e:c:w 4814.9757561
          e:n:w 7117.0458888
          c:n:w 5872.7527598
        b:e:c:n 2216.1904720
        b:e:c:w 2217.8731799
        b:e:n:w 2911.0105259
        b:c:n:w 2583.8581797
        e:c:n:w 56136.5593643
