########################################
# legofit: estimate population history #
#       version 2.3.4-4-g53f8760       #
########################################

# Program was compiled: Sep 21 2021 14:36:42
# Program was run: Thu Sep 23 10:36:49 2021

# cmd: legofit -1 -d 0 -t 32 --ptsPerDim 3 --stateOut b1boot49.state --tol 3e-6 -S 5000 ae2.lgo ../../boot/boot49.opf
# Stage nOptItr nSimReps
#     0    5000        0
# algorithm          : deterministic
# ignoring probs <=  : 0
# Branch length floor: 0
# DE strategy        : 2
#    F               : 0.3
#    CR              : 0.8
#    tolerance       : 3e-06
# nthreads           : 32
# lgo input file     : ae2.lgo
# site pat input file: ../../boot/boot49.opf
# free parameters    : 14
# points in DE swarm : 42
# output state file  : b1boot49.state
# Including singleton site patterns.
# cost function      : KL
Initial parameter values
Fixed:
      zero = 0
       one = 1
    Tbecnw = 75200
Free:
       pc1 = 0
       pc2 = 0
       pc3 = 0
       pc4 = 0
       pc5 = 0
       pc6 = 0
       pc7 = 0
       pc8 = 0
       pc9 = 0
      pc10 = 0
      pc11 = 0
      pc12 = 0
      pc13 = 0
      pc14 = 0
Constrained:
   Tgbecnw = 105165
     Tecnw = 27127
       Tnw = 19789.5
       Tec = 10286.6
     twoNb = 174178
     twoNe = 281013
     twoNw = 1.83251e+06
    twoNec = 156847
    twoNnw = 32703.3
  twoNecnw = 84787.4
  twoNbecnw = 14758
  twoNgbecnw = 193985
         m = 0.200077
        m5 = 0.179037
        Ta = 37600
        Te = 9894.76
DiffEv reached_goal. cost=1.99604e-03 spread=1.90477e-06
Fitted parameter values
Free:
       pc1 = 2.10607
       pc2 = 1.99427
       pc3 = 1.88879
       pc4 = -1.75145
       pc5 = 0.293166
       pc6 = 1.08764
       pc7 = -1.67986
       pc8 = -0.902933
       pc9 = -0.568956
      pc10 = -0.244442
      pc11 = -0.0770394
      pc12 = 0.075649
      pc13 = -0.049604
      pc14 = -0.0109191
Constrained:
   Tgbecnw = 93331.6
     Tecnw = 25212.6
       Tnw = 21996.3
       Tec = 11044.7
     twoNb = 61506.2
     twoNe = 361942
     twoNw = 3.80682e+06
    twoNec = 133773
    twoNnw = 14192.8
  twoNecnw = 89166
  twoNbecnw = 9657.06
  twoNgbecnw = 180682
         m = 0.221157
        m5 = 0.182227
        Ta = 37600
        Te = 10998.2
#       SitePat  BranchLen
              b 133230.5317784
              e 51885.0427534
              c 54541.6928383
              n 49061.9440215
              w 49041.7088903
            b:e 2281.1730850
            b:c 2582.3092472
            b:n 1948.2814008
            b:w 1946.6048928
            e:c 10991.4995819
            e:n 5923.9758957
            e:w 5944.2110270
            c:n 5214.8275945
            c:w 5209.5566316
            n:w 13497.3659690
          b:e:c 2302.8478737
          b:e:n 1240.7756048
          b:e:w 1242.4521128
          b:c:n 1252.2200256
          b:c:w 1250.3908426
          b:n:w 2262.7644432
          e:c:n 4811.6090371
          e:c:w 4816.8800001
          e:n:w 7076.3431656
          c:n:w 5863.4957772
        b:e:c:n 2227.2555121
        b:e:c:w 2229.0846951
        b:e:n:w 2912.8112098
        b:c:n:w 2592.2918969
        e:c:n:w 55615.8330670
