########################################
# legofit: estimate population history #
#       version 2.3.4-4-g53f8760       #
########################################

# Program was compiled: Sep 21 2021 14:36:42
# Program was run: Thu Sep 23 10:36:42 2021

# cmd: legofit -1 -d 0 -t 32 --ptsPerDim 3 --stateOut b1boot47.state --tol 3e-6 -S 5000 ae2.lgo ../../boot/boot47.opf
# Stage nOptItr nSimReps
#     0    5000        0
# algorithm          : deterministic
# ignoring probs <=  : 0
# Branch length floor: 0
# DE strategy        : 2
#    F               : 0.3
#    CR              : 0.8
#    tolerance       : 3e-06
# nthreads           : 32
# lgo input file     : ae2.lgo
# site pat input file: ../../boot/boot47.opf
# free parameters    : 14
# points in DE swarm : 42
# output state file  : b1boot47.state
# Including singleton site patterns.
# cost function      : KL
Initial parameter values
Fixed:
      zero = 0
       one = 1
    Tbecnw = 75200
Free:
       pc1 = 0
       pc2 = 0
       pc3 = 0
       pc4 = 0
       pc5 = 0
       pc6 = 0
       pc7 = 0
       pc8 = 0
       pc9 = 0
      pc10 = 0
      pc11 = 0
      pc12 = 0
      pc13 = 0
      pc14 = 0
Constrained:
   Tgbecnw = 105165
     Tecnw = 27127
       Tnw = 19789.5
       Tec = 10286.6
     twoNb = 174178
     twoNe = 281013
     twoNw = 1.83251e+06
    twoNec = 156847
    twoNnw = 32703.3
  twoNecnw = 84787.4
  twoNbecnw = 14758
  twoNgbecnw = 193985
         m = 0.200077
        m5 = 0.179037
        Ta = 37600
        Te = 9894.76
DiffEv reached_goal. cost=1.96325e-03 spread=2.97169e-06
Fitted parameter values
Free:
       pc1 = 2.31083
       pc2 = 1.93971
       pc3 = 1.36412
       pc4 = -1.60648
       pc5 = -0.524259
       pc6 = 1.41709
       pc7 = -1.71933
       pc8 = -1.03398
       pc9 = -0.634451
      pc10 = -0.207372
      pc11 = 0.0435331
      pc12 = 0.0175118
      pc13 = -0.0445486
      pc14 = -0.0209271
Constrained:
   Tgbecnw = 95676.5
     Tecnw = 25281.8
       Tnw = 22474.8
       Tec = 11281.1
     twoNb = 150091
     twoNe = 463192
     twoNw = 3.82584e+06
    twoNec = 129324
    twoNnw = 12178.8
  twoNecnw = 89922.9
  twoNbecnw = 10585.2
  twoNgbecnw = 186697
         m = 0.212179
        m5 = 0.182576
        Ta = 37600
        Te = 11237.4
#       SitePat  BranchLen
              b 133659.6878735
              e 52057.0276222
              c 54754.5631782
              n 49224.8969658
              w 49204.3935778
            b:e 2289.6580484
            b:c 2597.4813399
            b:n 1952.1525418
            b:w 1950.4432373
            e:c 11101.3708888
            e:n 5918.0127023
            e:w 5938.5160903
            c:n 5202.2817718
            c:w 5196.9207072
            n:w 13611.1831969
          b:e:c 2324.7557290
          b:e:n 1239.9293740
          b:e:w 1241.6386785
          b:c:n 1251.5649831
          b:c:w 1249.7000376
          b:n:w 2284.0978089
          e:c:n 4809.3676956
          e:c:w 4814.7287603
          e:n:w 7113.4906694
          c:n:w 5873.2814271
        b:e:c:n 2231.1724401
        b:e:c:w 2233.0373856
        b:e:n:w 2928.7947673
        b:c:n:w 2601.2745077
        e:c:n:w 55793.8879009
