########################################
# legofit: estimate population history #
#       version 2.3.4-4-g53f8760       #
########################################

# Program was compiled: Sep 21 2021 14:36:42
# Program was run: Thu Sep 23 10:36:24 2021

# cmd: legofit -1 -d 0 -t 32 --ptsPerDim 3 --stateOut b1boot27.state --tol 3e-6 -S 5000 ae2.lgo ../../boot/boot27.opf
# Stage nOptItr nSimReps
#     0    5000        0
# algorithm          : deterministic
# ignoring probs <=  : 0
# Branch length floor: 0
# DE strategy        : 2
#    F               : 0.3
#    CR              : 0.8
#    tolerance       : 3e-06
# nthreads           : 32
# lgo input file     : ae2.lgo
# site pat input file: ../../boot/boot27.opf
# free parameters    : 14
# points in DE swarm : 42
# output state file  : b1boot27.state
# Including singleton site patterns.
# cost function      : KL
Initial parameter values
Fixed:
      zero = 0
       one = 1
    Tbecnw = 75200
Free:
       pc1 = 0
       pc2 = 0
       pc3 = 0
       pc4 = 0
       pc5 = 0
       pc6 = 0
       pc7 = 0
       pc8 = 0
       pc9 = 0
      pc10 = 0
      pc11 = 0
      pc12 = 0
      pc13 = 0
      pc14 = 0
Constrained:
   Tgbecnw = 105165
     Tecnw = 27127
       Tnw = 19789.5
       Tec = 10286.6
     twoNb = 174178
     twoNe = 281013
     twoNw = 1.83251e+06
    twoNec = 156847
    twoNnw = 32703.3
  twoNecnw = 84787.4
  twoNbecnw = 14758
  twoNgbecnw = 193985
         m = 0.200077
        m5 = 0.179037
        Ta = 37600
        Te = 9894.76
DiffEv reached_goal. cost=1.96536e-03 spread=2.89818e-06
Fitted parameter values
Free:
       pc1 = 2.28277
       pc2 = 1.97737
       pc3 = 1.19193
       pc4 = -1.67792
       pc5 = 0.480025
       pc6 = 1.56999
       pc7 = -1.86845
       pc8 = -0.884051
       pc9 = -0.668441
      pc10 = -0.222123
      pc11 = -0.0393882
      pc12 = 0.0674144
      pc13 = -0.00355426
      pc14 = -0.0193085
Constrained:
   Tgbecnw = 96687.3
     Tecnw = 25253.7
       Tnw = 22420.1
       Tec = 11227.8
     twoNb = 41054.8
     twoNe = 439129
     twoNw = 3.96882e+06
    twoNec = 132133
    twoNnw = 12239.8
  twoNecnw = 89228.5
  twoNbecnw = 11010.4
  twoNgbecnw = 189204
         m = 0.207728
        m5 = 0.180701
        Ta = 37600
        Te = 11210.1
#       SitePat  BranchLen
              b 133834.0675164
              e 52046.4035862
              c 54723.2164668
              n 49113.2261285
              w 49093.7420875
            b:e 2300.6378524
            b:c 2606.9427009
            b:n 1952.7199249
            b:w 1951.0916684
            e:c 11075.6822378
            e:n 5927.5826079
            e:w 5947.0666489
            c:n 5219.3649802
            c:w 5214.2473971
            n:w 13643.0611033
          b:e:c 2326.8267250
          b:e:n 1241.9740093
          b:e:w 1243.6022658
          b:c:n 1253.3238718
          b:c:w 1251.5494534
          b:n:w 2285.8739449
          e:c:n 4821.5049319
          e:c:w 4826.6225149
          e:n:w 7155.8987769
          c:n:w 5920.1227757
        b:e:c:n 2228.1447137
        b:e:c:w 2229.9191321
        b:e:n:w 2934.6701321
        b:c:n:w 2609.0682337
        e:c:n:w 55943.8760100
