########################################
# legofit: estimate population history #
#       version 2.3.4-4-g53f8760       #
########################################

# Program was compiled: Sep 21 2021 14:36:42
# Program was run: Thu Sep 23 10:36:42 2021

# cmd: legofit -1 -d 0 -t 32 --ptsPerDim 3 --stateOut b1boot44.state --tol 3e-6 -S 5000 ae2.lgo ../../boot/boot44.opf
# Stage nOptItr nSimReps
#     0    5000        0
# algorithm          : deterministic
# ignoring probs <=  : 0
# Branch length floor: 0
# DE strategy        : 2
#    F               : 0.3
#    CR              : 0.8
#    tolerance       : 3e-06
# nthreads           : 32
# lgo input file     : ae2.lgo
# site pat input file: ../../boot/boot44.opf
# free parameters    : 14
# points in DE swarm : 42
# output state file  : b1boot44.state
# Including singleton site patterns.
# cost function      : KL
Initial parameter values
Fixed:
      zero = 0
       one = 1
    Tbecnw = 75200
Free:
       pc1 = 0
       pc2 = 0
       pc3 = 0
       pc4 = 0
       pc5 = 0
       pc6 = 0
       pc7 = 0
       pc8 = 0
       pc9 = 0
      pc10 = 0
      pc11 = 0
      pc12 = 0
      pc13 = 0
      pc14 = 0
Constrained:
   Tgbecnw = 105165
     Tecnw = 27127
       Tnw = 19789.5
       Tec = 10286.6
     twoNb = 174178
     twoNe = 281013
     twoNw = 1.83251e+06
    twoNec = 156847
    twoNnw = 32703.3
  twoNecnw = 84787.4
  twoNbecnw = 14758
  twoNgbecnw = 193985
         m = 0.200077
        m5 = 0.179037
        Ta = 37600
        Te = 9894.76
DiffEv reached_goal. cost=1.97537e-03 spread=2.14671e-06
Fitted parameter values
Free:
       pc1 = 2.13474
       pc2 = 1.93117
       pc3 = 1.90846
       pc4 = -1.86535
       pc5 = -1.14423
       pc6 = 1.92906
       pc7 = -1.95334
       pc8 = -0.874119
       pc9 = -0.89314
      pc10 = -0.24689
      pc11 = -0.0343447
      pc12 = 0.0330877
      pc13 = -0.0639425
      pc14 = -0.0207897
Constrained:
   Tgbecnw = 93278.1
     Tecnw = 25307.4
       Tnw = 22543.4
       Tec = 11324
     twoNb = 194530
     twoNe = 576463
     twoNw = 4.24741e+06
    twoNec = 128480
    twoNnw = 12021.3
  twoNecnw = 88170.3
  twoNbecnw = 9606.46
  twoNgbecnw = 181649
         m = 0.217274
        m5 = 0.185136
        Ta = 37600
        Te = 11271.7
#       SitePat  BranchLen
              b 132845.4159186
              e 51712.5549392
              c 54410.2852568
              n 48959.9470631
              w 48941.3313219
            b:e 2269.6807023
            b:c 2578.6080646
            b:n 1938.7471073
            b:w 1937.1918167
            e:c 11020.0577246
            e:n 5885.4462677
            e:w 5904.0620090
            c:n 5170.8764148
            c:w 5165.9827205
            n:w 13464.5744699
          b:e:c 2304.1899112
          b:e:n 1231.0564872
          b:e:w 1232.6117778
          b:c:n 1242.5167278
          b:c:w 1240.8206621
          b:n:w 2264.3309229
          e:c:n 4802.8547345
          e:c:w 4807.7484287
          e:n:w 7094.1063298
          c:n:w 5849.0251536
        b:e:c:n 2214.1976540
        b:e:c:w 2215.8937197
        b:e:n:w 2905.3778402
        b:c:n:w 2576.7813531
        e:c:n:w 55397.5821396
