########################################
# legofit: estimate population history #
#       version 2.3.4-4-g53f8760       #
########################################

# Program was compiled: Sep 21 2021 14:36:42
# Program was run: Thu Sep 23 10:36:18 2021

# cmd: legofit -1 -d 0 -t 32 --ptsPerDim 3 --stateOut b1boot23.state --tol 3e-6 -S 5000 ae2.lgo ../../boot/boot23.opf
# Stage nOptItr nSimReps
#     0    5000        0
# algorithm          : deterministic
# ignoring probs <=  : 0
# Branch length floor: 0
# DE strategy        : 2
#    F               : 0.3
#    CR              : 0.8
#    tolerance       : 3e-06
# nthreads           : 32
# lgo input file     : ae2.lgo
# site pat input file: ../../boot/boot23.opf
# free parameters    : 14
# points in DE swarm : 42
# output state file  : b1boot23.state
# Including singleton site patterns.
# cost function      : KL
Initial parameter values
Fixed:
      zero = 0
       one = 1
    Tbecnw = 75200
Free:
       pc1 = 0
       pc2 = 0
       pc3 = 0
       pc4 = 0
       pc5 = 0
       pc6 = 0
       pc7 = 0
       pc8 = 0
       pc9 = 0
      pc10 = 0
      pc11 = 0
      pc12 = 0
      pc13 = 0
      pc14 = 0
Constrained:
   Tgbecnw = 105165
     Tecnw = 27127
       Tnw = 19789.5
       Tec = 10286.6
     twoNb = 174178
     twoNe = 281013
     twoNw = 1.83251e+06
    twoNec = 156847
    twoNnw = 32703.3
  twoNecnw = 84787.4
  twoNbecnw = 14758
  twoNgbecnw = 193985
         m = 0.200077
        m5 = 0.179037
        Ta = 37600
        Te = 9894.76
DiffEv reached_goal. cost=1.96203e-03 spread=2.99360e-06
Fitted parameter values
Free:
       pc1 = 2.58354
       pc2 = 1.9821
       pc3 = 0.486517
       pc4 = -1.73906
       pc5 = -1.79098
       pc6 = 0.783639
       pc7 = -1.7398
       pc8 = -0.938383
       pc9 = -0.6843
      pc10 = -0.367572
      pc11 = -7.50229e-05
      pc12 = 0.0271996
      pc13 = 0.011936
      pc14 = -0.014129
Constrained:
   Tgbecnw = 98755.6
     Tecnw = 25226.1
       Tnw = 22918.6
       Tec = 11789.6
     twoNb = 321391
     twoNe = 352983
     twoNw = 3.77838e+06
    twoNec = 124121
    twoNnw = 9935.54
  twoNecnw = 89916.2
  twoNbecnw = 11891.4
  twoNgbecnw = 190738
         m = 0.203252
        m5 = 0.181629
        Ta = 37600
        Te = 11459.3
#       SitePat  BranchLen
              b 133945.8715280
              e 52165.9488894
              c 54861.8320717
              n 49289.3020364
              w 49268.3761853
            b:e 2303.2720745
            b:c 2613.0167506
            b:n 1959.1545978
            b:w 1957.3937423
            e:c 11162.3499658
            e:n 5942.3754245
            e:w 5963.3012756
            c:n 5233.1898516
            c:w 5227.6472654
            n:w 13685.9411110
          b:e:c 2336.8520578
          b:e:n 1242.2872671
          b:e:w 1244.0481225
          b:c:n 1253.7855569
          b:c:w 1251.8680558
          b:n:w 2296.5019540
          e:c:n 4843.8821855
          e:c:w 4849.4247717
          e:n:w 7183.6355026
          c:n:w 5932.5919034
        b:e:c:n 2232.4563781
        b:e:c:w 2234.3738792
        b:e:n:w 2938.1669246
        b:c:n:w 2609.1040253
        e:c:n:w 55775.7781956
