########################################
# legofit: estimate population history #
#       version 2.3.4-4-g53f8760       #
########################################

# Program was compiled: Sep 21 2021 14:36:42
# Program was run: Thu Sep 23 10:36:28 2021

# cmd: legofit -1 -d 0 -t 32 --ptsPerDim 3 --stateOut b1boot34.state --tol 3e-6 -S 5000 ae2.lgo ../../boot/boot34.opf
# Stage nOptItr nSimReps
#     0    5000        0
# algorithm          : deterministic
# ignoring probs <=  : 0
# Branch length floor: 0
# DE strategy        : 2
#    F               : 0.3
#    CR              : 0.8
#    tolerance       : 3e-06
# nthreads           : 32
# lgo input file     : ae2.lgo
# site pat input file: ../../boot/boot34.opf
# free parameters    : 14
# points in DE swarm : 42
# output state file  : b1boot34.state
# Including singleton site patterns.
# cost function      : KL
Initial parameter values
Fixed:
      zero = 0
       one = 1
    Tbecnw = 75200
Free:
       pc1 = 0
       pc2 = 0
       pc3 = 0
       pc4 = 0
       pc5 = 0
       pc6 = 0
       pc7 = 0
       pc8 = 0
       pc9 = 0
      pc10 = 0
      pc11 = 0
      pc12 = 0
      pc13 = 0
      pc14 = 0
Constrained:
   Tgbecnw = 105165
     Tecnw = 27127
       Tnw = 19789.5
       Tec = 10286.6
     twoNb = 174178
     twoNe = 281013
     twoNw = 1.83251e+06
    twoNec = 156847
    twoNnw = 32703.3
  twoNecnw = 84787.4
  twoNbecnw = 14758
  twoNgbecnw = 193985
         m = 0.200077
        m5 = 0.179037
        Ta = 37600
        Te = 9894.76
DiffEv reached_goal. cost=1.98089e-03 spread=2.46577e-06
Fitted parameter values
Free:
       pc1 = 2.58132
       pc2 = 1.88594
       pc3 = 0.779357
       pc4 = -1.91215
       pc5 = -1.89814
       pc6 = -0.219734
       pc7 = -1.90707
       pc8 = -0.413181
       pc9 = -0.956056
      pc10 = -0.318665
      pc11 = -0.0260452
      pc12 = 0.0827257
      pc13 = -0.0242787
      pc14 = -0.0024954
Constrained:
   Tgbecnw = 96187.8
     Tecnw = 25450
       Tnw = 23151.3
       Tec = 11812
     twoNb = 361954
     twoNe = 163997
     twoNw = 3.8246e+06
    twoNec = 127792
    twoNnw = 9899.02
  twoNecnw = 88485.7
  twoNbecnw = 11053.2
  twoNgbecnw = 180859
         m = 0.217383
        m5 = 0.179777
        Ta = 37600
        Te = 11575.6
#       SitePat  BranchLen
              b 133757.0059341
              e 52142.1638574
              c 54785.0610205
              n 49250.9666237
              w 49230.4331955
            b:e 2296.1644652
            b:c 2601.1199912
            b:n 1948.5458440
            b:w 1946.8152972
            e:c 11073.0860759
            e:n 5903.7974065
            e:w 5924.3308347
            c:n 5211.1130507
            c:w 5205.6539213
            n:w 13580.9141777
          b:e:c 2322.9031879
          b:e:n 1236.7322095
          b:e:w 1238.4627564
          b:c:n 1247.9766158
          b:c:w 1246.0933127
          b:n:w 2282.7048484
          e:c:n 4837.0662595
          e:c:w 4842.5253889
          e:n:w 7170.6481988
          c:n:w 5939.1123048
        b:e:c:n 2218.4676215
        b:e:c:w 2220.3509247
        b:e:n:w 2922.4845145
        b:c:n:w 2598.6540259
        e:c:n:w 55735.2978477
