########################################
# legofit: estimate population history #
#       version 2.3.4-4-g53f8760       #
########################################

# Program was compiled: Sep 21 2021 14:36:42
# Program was run: Thu Sep 23 10:36:28 2021

# cmd: legofit -1 -d 0 -t 32 --ptsPerDim 3 --stateOut b1boot35.state --tol 3e-6 -S 5000 ae2.lgo ../../boot/boot35.opf
# Stage nOptItr nSimReps
#     0    5000        0
# algorithm          : deterministic
# ignoring probs <=  : 0
# Branch length floor: 0
# DE strategy        : 2
#    F               : 0.3
#    CR              : 0.8
#    tolerance       : 3e-06
# nthreads           : 32
# lgo input file     : ae2.lgo
# site pat input file: ../../boot/boot35.opf
# free parameters    : 14
# points in DE swarm : 42
# output state file  : b1boot35.state
# Including singleton site patterns.
# cost function      : KL
Initial parameter values
Fixed:
      zero = 0
       one = 1
    Tbecnw = 75200
Free:
       pc1 = 0
       pc2 = 0
       pc3 = 0
       pc4 = 0
       pc5 = 0
       pc6 = 0
       pc7 = 0
       pc8 = 0
       pc9 = 0
      pc10 = 0
      pc11 = 0
      pc12 = 0
      pc13 = 0
      pc14 = 0
Constrained:
   Tgbecnw = 105165
     Tecnw = 27127
       Tnw = 19789.5
       Tec = 10286.6
     twoNb = 174178
     twoNe = 281013
     twoNw = 1.83251e+06
    twoNec = 156847
    twoNnw = 32703.3
  twoNecnw = 84787.4
  twoNbecnw = 14758
  twoNgbecnw = 193985
         m = 0.200077
        m5 = 0.179037
        Ta = 37600
        Te = 9894.76
DiffEv reached_goal. cost=1.96017e-03 spread=2.96355e-06
Fitted parameter values
Free:
       pc1 = 3.13202
       pc2 = 1.84466
       pc3 = 1.84897
       pc4 = -1.86641
       pc5 = -1.28512
       pc6 = 1.36471
       pc7 = -1.07215
       pc8 = -1.0454
       pc9 = -0.233241
      pc10 = -0.243838
      pc11 = -0.051633
      pc12 = 0.164055
      pc13 = -0.0418444
      pc14 = -0.011388
Constrained:
   Tgbecnw = 95790.4
     Tecnw = 25208.3
       Tnw = 22866.1
       Tec = 12367.7
     twoNb = 200484
     twoNe = 427129
     twoNw = 3.57706e+06
    twoNec = 120834
    twoNnw = 10070.3
  twoNecnw = 91696.8
  twoNbecnw = 10939.5
  twoNgbecnw = 177747
         m = 0.227816
        m5 = 0.186844
        Ta = 37600
        Te = 11433
#       SitePat  BranchLen
              b 134461.4157073
              e 52412.9201299
              c 55209.5157889
              n 49431.4767469
              w 49408.6610208
            b:e 2308.6889837
            b:c 2628.7194544
            b:n 1959.3172735
            b:w 1957.4042754
            e:c 11067.6549462
            e:n 5981.1289530
            e:w 6003.9446791
            c:n 5243.3266954
            c:w 5237.3230325
            n:w 13713.2646518
          b:e:c 2336.2851111
          b:e:n 1249.1252211
          b:e:w 1251.0382192
          b:c:n 1261.2966446
          b:c:w 1259.2100596
          b:n:w 2294.3244479
          e:c:n 4825.8975742
          e:c:w 4831.9012371
          e:n:w 7220.5246530
          c:n:w 5928.3528983
        b:e:c:n 2238.2822072
        b:e:c:w 2240.3687921
        b:e:n:w 2961.8164748
        b:c:n:w 2621.4427401
        e:c:n:w 56099.1584303
