########################################
# legofit: estimate population history #
#       version 2.3.4-4-g53f8760       #
########################################

# Program was compiled: Sep 21 2021 14:36:42
# Program was run: Thu Sep 23 10:36:42 2021

# cmd: legofit -1 -d 0 -t 32 --ptsPerDim 3 --stateOut b1boot46.state --tol 3e-6 -S 5000 ae2.lgo ../../boot/boot46.opf
# Stage nOptItr nSimReps
#     0    5000        0
# algorithm          : deterministic
# ignoring probs <=  : 0
# Branch length floor: 0
# DE strategy        : 2
#    F               : 0.3
#    CR              : 0.8
#    tolerance       : 3e-06
# nthreads           : 32
# lgo input file     : ae2.lgo
# site pat input file: ../../boot/boot46.opf
# free parameters    : 14
# points in DE swarm : 42
# output state file  : b1boot46.state
# Including singleton site patterns.
# cost function      : KL
Initial parameter values
Fixed:
      zero = 0
       one = 1
    Tbecnw = 75200
Free:
       pc1 = 0
       pc2 = 0
       pc3 = 0
       pc4 = 0
       pc5 = 0
       pc6 = 0
       pc7 = 0
       pc8 = 0
       pc9 = 0
      pc10 = 0
      pc11 = 0
      pc12 = 0
      pc13 = 0
      pc14 = 0
Constrained:
   Tgbecnw = 105165
     Tecnw = 27127
       Tnw = 19789.5
       Tec = 10286.6
     twoNb = 174178
     twoNe = 281013
     twoNw = 1.83251e+06
    twoNec = 156847
    twoNnw = 32703.3
  twoNecnw = 84787.4
  twoNbecnw = 14758
  twoNgbecnw = 193985
         m = 0.200077
        m5 = 0.179037
        Ta = 37600
        Te = 9894.76
DiffEv reached_goal. cost=1.92128e-03 spread=2.95783e-06
Fitted parameter values
Free:
       pc1 = 2.34598
       pc2 = 1.99276
       pc3 = 1.13613
       pc4 = -1.03796
       pc5 = -0.916358
       pc6 = 1.74381
       pc7 = -1.75851
       pc8 = -0.947763
       pc9 = -0.644107
      pc10 = -0.206887
      pc11 = -0.00746331
      pc12 = 0.0792644
      pc13 = -0.0184521
      pc14 = -0.0167355
Constrained:
   Tgbecnw = 96523.2
     Tecnw = 25267.5
       Tnw = 22602.8
       Tec = 11539.6
     twoNb = 189989
     twoNe = 603986
     twoNw = 3.60852e+06
    twoNec = 128489
    twoNnw = 11542.3
  twoNecnw = 89379.5
  twoNbecnw = 10967.8
  twoNgbecnw = 188569
         m = 0.208891
        m5 = 0.181639
        Ta = 37600
        Te = 11301.4
#       SitePat  BranchLen
              b 133877.5969235
              e 52076.2755003
              c 54759.2118417
              n 49187.4876379
              w 49165.8080731
            b:e 2304.5689391
            b:c 2612.7668698
            b:n 1959.9865555
            b:w 1958.1657141
            e:c 11081.6131511
            e:n 5931.3837507
            e:w 5953.0633155
            c:n 5223.3589718
            c:w 5217.6486825
            n:w 13619.4702809
          b:e:c 2332.9791759
          b:e:n 1245.8428375
          b:e:w 1247.6636789
          b:c:n 1257.4866511
          b:c:w 1255.5019462
          b:n:w 2292.1460982
          e:c:n 4830.3520009
          e:c:w 4836.0622902
          e:n:w 7156.1942959
          c:n:w 5916.6973666
        b:e:c:n 2236.8459050
        b:e:c:w 2238.8306099
        b:e:n:w 2942.1031106
        b:c:n:w 2614.4230990
        e:c:n:w 55963.1295527
