########################################
# legofit: estimate population history #
#       version 2.3.4-4-g53f8760       #
########################################

# Program was compiled: Sep 21 2021 14:36:42
# Program was run: Thu Sep 23 10:36:34 2021

# cmd: legofit -1 -d 0 -t 32 --ptsPerDim 3 --stateOut b1boot39.state --tol 3e-6 -S 5000 ae2.lgo ../../boot/boot39.opf
# Stage nOptItr nSimReps
#     0    5000        0
# algorithm          : deterministic
# ignoring probs <=  : 0
# Branch length floor: 0
# DE strategy        : 2
#    F               : 0.3
#    CR              : 0.8
#    tolerance       : 3e-06
# nthreads           : 32
# lgo input file     : ae2.lgo
# site pat input file: ../../boot/boot39.opf
# free parameters    : 14
# points in DE swarm : 42
# output state file  : b1boot39.state
# Including singleton site patterns.
# cost function      : KL
Initial parameter values
Fixed:
      zero = 0
       one = 1
    Tbecnw = 75200
Free:
       pc1 = 0
       pc2 = 0
       pc3 = 0
       pc4 = 0
       pc5 = 0
       pc6 = 0
       pc7 = 0
       pc8 = 0
       pc9 = 0
      pc10 = 0
      pc11 = 0
      pc12 = 0
      pc13 = 0
      pc14 = 0
Constrained:
   Tgbecnw = 105165
     Tecnw = 27127
       Tnw = 19789.5
       Tec = 10286.6
     twoNb = 174178
     twoNe = 281013
     twoNw = 1.83251e+06
    twoNec = 156847
    twoNnw = 32703.3
  twoNecnw = 84787.4
  twoNbecnw = 14758
  twoNgbecnw = 193985
         m = 0.200077
        m5 = 0.179037
        Ta = 37600
        Te = 9894.76
DiffEv reached_goal. cost=1.95816e-03 spread=2.80166e-06
Fitted parameter values
Free:
       pc1 = 1.50689
       pc2 = 1.95781
       pc3 = 0.4931
       pc4 = -1.38686
       pc5 = -2.14666
       pc6 = 0.640724
       pc7 = -1.88865
       pc8 = -0.647073
       pc9 = -0.651798
      pc10 = -0.365908
      pc11 = -0.0141063
      pc12 = -0.0414442
      pc13 = 0.00934865
      pc14 = -0.0219373
Constrained:
   Tgbecnw = 96669
     Tecnw = 25453.7
       Tnw = 21746.5
       Tec = 11263.7
     twoNb = 379110
     twoNe = 396394
     twoNw = 3.64728e+06
    twoNec = 129825
    twoNnw = 16268.9
  twoNecnw = 87046.6
  twoNbecnw = 10905.9
  twoNgbecnw = 192906
         m = 0.197737
        m5 = 0.180647
        Ta = 37600
        Te = 10873.3
#       SitePat  BranchLen
              b 132889.0367235
              e 51732.1573559
              c 54373.8934396
              n 48970.4083619
              w 48949.6733411
            b:e 2281.5807442
            b:c 2582.0622180
            b:n 1954.2089643
            b:w 1952.4932257
            e:c 11080.3038158
            e:n 5896.1914193
            e:w 5916.9264401
            c:n 5193.2050330
            c:w 5187.8092790
            n:w 13536.2365307
          b:e:c 2314.0473347
          b:e:n 1236.4250921
          b:e:w 1238.1408307
          b:c:n 1247.6164263
          b:c:w 1245.7485825
          b:n:w 2275.5493005
          e:c:n 4840.8852743
          e:c:w 4846.2810283
          e:n:w 7085.4512507
          c:n:w 5875.8187145
        b:e:c:n 2225.8764067
        b:e:c:w 2227.7442505
        b:e:n:w 2903.4190288
        b:c:n:w 2584.1384691
        e:c:n:w 55332.6573253
