########################################
# legofit: estimate population history #
#       version 2.3.4-4-g53f8760       #
########################################

# Program was compiled: Sep 21 2021 14:36:42
# Program was run: Thu Sep 23 10:36:49 2021

# cmd: legofit -1 -d 0 -t 32 --ptsPerDim 3 --stateOut b1boot48.state --tol 3e-6 -S 5000 ae2.lgo ../../boot/boot48.opf
# Stage nOptItr nSimReps
#     0    5000        0
# algorithm          : deterministic
# ignoring probs <=  : 0
# Branch length floor: 0
# DE strategy        : 2
#    F               : 0.3
#    CR              : 0.8
#    tolerance       : 3e-06
# nthreads           : 32
# lgo input file     : ae2.lgo
# site pat input file: ../../boot/boot48.opf
# free parameters    : 14
# points in DE swarm : 42
# output state file  : b1boot48.state
# Including singleton site patterns.
# cost function      : KL
Initial parameter values
Fixed:
      zero = 0
       one = 1
    Tbecnw = 75200
Free:
       pc1 = 0
       pc2 = 0
       pc3 = 0
       pc4 = 0
       pc5 = 0
       pc6 = 0
       pc7 = 0
       pc8 = 0
       pc9 = 0
      pc10 = 0
      pc11 = 0
      pc12 = 0
      pc13 = 0
      pc14 = 0
Constrained:
   Tgbecnw = 105165
     Tecnw = 27127
       Tnw = 19789.5
       Tec = 10286.6
     twoNb = 174178
     twoNe = 281013
     twoNw = 1.83251e+06
    twoNec = 156847
    twoNnw = 32703.3
  twoNecnw = 84787.4
  twoNbecnw = 14758
  twoNgbecnw = 193985
         m = 0.200077
        m5 = 0.179037
        Ta = 37600
        Te = 9894.76
DiffEv reached_goal. cost=1.99065e-03 spread=2.81756e-06
Fitted parameter values
Free:
       pc1 = 3.44528
       pc2 = 1.93509
       pc3 = 1.72481
       pc4 = -1.81831
       pc5 = -0.0779325
       pc6 = 1.61062
       pc7 = -1.58652
       pc8 = -1.55069
       pc9 = -0.334886
      pc10 = -0.18315
      pc11 = 0.0600346
      pc12 = 0.0146899
      pc13 = -0.0522206
      pc14 = -0.0136358
Constrained:
   Tgbecnw = 96714.8
     Tecnw = 24948.8
       Tnw = 23174.4
       Tec = 11751.5
     twoNb = 73051.7
     twoNe = 457576
     twoNw = 3.86924e+06
    twoNec = 121870
    twoNnw = 7712.12
  twoNecnw = 94288.4
  twoNbecnw = 11213.7
  twoNgbecnw = 181494
         m = 0.225794
        m5 = 0.184069
        Ta = 37600
        Te = 11587.2
#       SitePat  BranchLen
              b 135013.1226636
              e 52562.0179539
              c 55307.0995818
              n 49719.3953954
              w 49698.2923594
            b:e 2315.2095046
            b:c 2628.9384828
            b:n 1975.4203704
            b:w 1973.6414136
            e:c 11225.4281948
            e:n 5999.4254643
            e:w 6020.5285003
            c:n 5271.4743325
            c:w 5265.9108422
            n:w 13754.4520640
          b:e:c 2352.9888333
          b:e:n 1256.6653343
          b:e:w 1258.4442911
          b:c:n 1268.7501047
          b:c:w 1266.8062210
          b:n:w 2311.1812061
          e:c:n 4836.5154836
          e:c:w 4842.0789739
          e:n:w 7167.2446691
          c:n:w 5904.7318309
        b:e:c:n 2262.9819128
        b:e:c:w 2264.9257965
        b:e:n:w 2970.3924227
        b:c:n:w 2636.2167442
        e:c:n:w 56420.8379667
