########################################
# legofit: estimate population history #
#       version 2.3.4-4-g53f8760       #
########################################

# Program was compiled: Sep 21 2021 14:36:42
# Program was run: Thu Sep 23 10:36:10 2021

# cmd: legofit -1 -d 0 -t 32 --ptsPerDim 3 --stateOut b1boot13.state --tol 3e-6 -S 5000 ae2.lgo ../../boot/boot13.opf
# Stage nOptItr nSimReps
#     0    5000        0
# algorithm          : deterministic
# ignoring probs <=  : 0
# Branch length floor: 0
# DE strategy        : 2
#    F               : 0.3
#    CR              : 0.8
#    tolerance       : 3e-06
# nthreads           : 32
# lgo input file     : ae2.lgo
# site pat input file: ../../boot/boot13.opf
# free parameters    : 14
# points in DE swarm : 42
# output state file  : b1boot13.state
# Including singleton site patterns.
# cost function      : KL
Initial parameter values
Fixed:
      zero = 0
       one = 1
    Tbecnw = 75200
Free:
       pc1 = 0
       pc2 = 0
       pc3 = 0
       pc4 = 0
       pc5 = 0
       pc6 = 0
       pc7 = 0
       pc8 = 0
       pc9 = 0
      pc10 = 0
      pc11 = 0
      pc12 = 0
      pc13 = 0
      pc14 = 0
Constrained:
   Tgbecnw = 105165
     Tecnw = 27127
       Tnw = 19789.5
       Tec = 10286.6
     twoNb = 174178
     twoNe = 281013
     twoNw = 1.83251e+06
    twoNec = 156847
    twoNnw = 32703.3
  twoNecnw = 84787.4
  twoNbecnw = 14758
  twoNgbecnw = 193985
         m = 0.200077
        m5 = 0.179037
        Ta = 37600
        Te = 9894.76
DiffEv reached_goal. cost=1.97385e-03 spread=2.87341e-06
Fitted parameter values
Free:
       pc1 = 1.74248
       pc2 = 1.96601
       pc3 = 0.303933
       pc4 = -1.40754
       pc5 = -3.73099
       pc6 = 0.304845
       pc7 = -1.44222
       pc8 = -0.882186
       pc9 = -0.795792
      pc10 = -0.247753
      pc11 = 0.0969968
      pc12 = 0.0880833
      pc13 = -0.0474396
      pc14 = -0.0173081
Constrained:
   Tgbecnw = 96868.4
     Tecnw = 25498.6
       Tnw = 22464.1
       Tec = 11629.7
     twoNb = 557785
     twoNe = 375532
     twoNw = 3.35944e+06
    twoNec = 127631
    twoNnw = 13070.4
  twoNecnw = 88035
  twoNbecnw = 10894.4
  twoNgbecnw = 195648
         m = 0.198654
        m5 = 0.183496
        Ta = 37600
        Te = 11232.1
#       SitePat  BranchLen
              b 133506.2348790
              e 51930.8553422
              c 54642.2199719
              n 49083.1876302
              w 49059.8369580
            b:e 2285.9776826
            b:c 2597.0363425
            b:n 1946.4778884
            b:w 1944.5292975
            e:c 11046.2877383
            e:n 5886.5263205
            e:w 5909.8769927
            c:n 5171.4716138
            c:w 5165.3645516
            n:w 13568.3374254
          b:e:c 2321.9509076
          b:e:n 1234.9941267
          b:e:w 1236.9427176
          b:c:n 1246.8343779
          b:c:w 1244.7105712
          b:n:w 2281.5316910
          e:c:n 4799.5526428
          e:c:w 4805.6597051
          e:n:w 7121.4805908
          c:n:w 5869.6831089
        b:e:c:n 2220.7131159
        b:e:c:w 2222.8369226
        b:e:n:w 2923.5310378
        b:c:n:w 2592.8642731
        e:c:n:w 55859.9799882
