########################################
# legofit: estimate population history #
#       version 2.3.4-4-g53f8760       #
########################################

# Program was compiled: Sep 21 2021 14:36:42
# Program was run: Thu Sep 23 10:36:02 2021

# cmd: legofit -1 -d 0 -t 32 --ptsPerDim 3 --stateOut b1boot9.state --tol 3e-6 -S 5000 ae2.lgo ../../boot/boot9.opf
# Stage nOptItr nSimReps
#     0    5000        0
# algorithm          : deterministic
# ignoring probs <=  : 0
# Branch length floor: 0
# DE strategy        : 2
#    F               : 0.3
#    CR              : 0.8
#    tolerance       : 3e-06
# nthreads           : 32
# lgo input file     : ae2.lgo
# site pat input file: ../../boot/boot9.opf
# free parameters    : 14
# points in DE swarm : 42
# output state file  : b1boot9.state
# Including singleton site patterns.
# cost function      : KL
Initial parameter values
Fixed:
      zero = 0
       one = 1
    Tbecnw = 75200
Free:
       pc1 = 0
       pc2 = 0
       pc3 = 0
       pc4 = 0
       pc5 = 0
       pc6 = 0
       pc7 = 0
       pc8 = 0
       pc9 = 0
      pc10 = 0
      pc11 = 0
      pc12 = 0
      pc13 = 0
      pc14 = 0
Constrained:
   Tgbecnw = 105165
     Tecnw = 27127
       Tnw = 19789.5
       Tec = 10286.6
     twoNb = 174178
     twoNe = 281013
     twoNw = 1.83251e+06
    twoNec = 156847
    twoNnw = 32703.3
  twoNecnw = 84787.4
  twoNbecnw = 14758
  twoNgbecnw = 193985
         m = 0.200077
        m5 = 0.179037
        Ta = 37600
        Te = 9894.76
DiffEv reached_goal. cost=1.97939e-03 spread=2.90972e-06
Fitted parameter values
Free:
       pc1 = 2.30778
       pc2 = 1.97339
       pc3 = 1.27067
       pc4 = -0.972151
       pc5 = -0.0673147
       pc6 = 1.88771
       pc7 = -1.96556
       pc8 = -0.953887
       pc9 = -0.592805
      pc10 = -0.144535
      pc11 = 0.0793907
      pc12 = 0.00810146
      pc13 = -0.0441198
      pc14 = -0.012652
Constrained:
   Tgbecnw = 96017.1
     Tecnw = 25306.2
       Tnw = 22440.4
       Tec = 11271.6
     twoNb = 94713.9
     twoNe = 618757
     twoNw = 3.71078e+06
    twoNec = 130174
    twoNnw = 12632.8
  twoNecnw = 89873.5
  twoNbecnw = 10701.6
  twoNgbecnw = 188014
         m = 0.209574
        m5 = 0.180158
        Ta = 37600
        Te = 11220.2
#       SitePat  BranchLen
              b 133557.8722717
              e 52109.2641280
              c 54739.5076175
              n 49344.9794370
              w 49324.0713585
            b:e 2290.4681096
            b:c 2590.0540060
            b:n 1960.1112156
            b:w 1958.3682393
            e:c 11093.7671279
            e:n 5922.3612486
            e:w 5943.2693271
            c:n 5222.0244841
            c:w 5216.5606882
            n:w 13543.7102021
          b:e:c 2320.7059913
          b:e:n 1244.3791764
          b:e:w 1246.1221527
          b:c:n 1255.8355795
          b:c:w 1253.9339401
          b:n:w 2280.9201891
          e:c:n 4823.2535790
          e:c:w 4828.7173750
          e:n:w 7067.5019209
          c:n:w 5864.3038348
        b:e:c:n 2240.3594504
        b:e:c:w 2242.2610897
        b:e:n:w 2921.5444463
        b:c:n:w 2602.6903592
        e:c:n:w 55671.6510939
