########################################
# legofit: estimate population history #
#       version 2.3.4-4-g53f8760       #
########################################

# Program was compiled: Sep 21 2021 14:36:42
# Program was run: Thu Sep 23 10:36:02 2021

# cmd: legofit -1 -d 0 -t 32 --ptsPerDim 3 --stateOut b1boot7.state --tol 3e-6 -S 5000 ae2.lgo ../../boot/boot7.opf
# Stage nOptItr nSimReps
#     0    5000        0
# algorithm          : deterministic
# ignoring probs <=  : 0
# Branch length floor: 0
# DE strategy        : 2
#    F               : 0.3
#    CR              : 0.8
#    tolerance       : 3e-06
# nthreads           : 32
# lgo input file     : ae2.lgo
# site pat input file: ../../boot/boot7.opf
# free parameters    : 14
# points in DE swarm : 42
# output state file  : b1boot7.state
# Including singleton site patterns.
# cost function      : KL
Initial parameter values
Fixed:
      zero = 0
       one = 1
    Tbecnw = 75200
Free:
       pc1 = 0
       pc2 = 0
       pc3 = 0
       pc4 = 0
       pc5 = 0
       pc6 = 0
       pc7 = 0
       pc8 = 0
       pc9 = 0
      pc10 = 0
      pc11 = 0
      pc12 = 0
      pc13 = 0
      pc14 = 0
Constrained:
   Tgbecnw = 105165
     Tecnw = 27127
       Tnw = 19789.5
       Tec = 10286.6
     twoNb = 174178
     twoNe = 281013
     twoNw = 1.83251e+06
    twoNec = 156847
    twoNnw = 32703.3
  twoNecnw = 84787.4
  twoNbecnw = 14758
  twoNgbecnw = 193985
         m = 0.200077
        m5 = 0.179037
        Ta = 37600
        Te = 9894.76
DiffEv reached_goal. cost=2.00224e-03 spread=2.35810e-06
Fitted parameter values
Free:
       pc1 = 2.43239
       pc2 = 1.92656
       pc3 = 1.27297
       pc4 = -1.82789
       pc5 = 0.868933
       pc6 = 1.00806
       pc7 = -1.6452
       pc8 = -0.772038
       pc9 = -0.241065
      pc10 = -0.210829
      pc11 = -0.0784848
      pc12 = -0.0144325
      pc13 = -0.00693963
      pc14 = -0.00555705
Constrained:
   Tgbecnw = 96842.8
     Tecnw = 25285.1
       Tnw = 21989.4
       Tec = 11429.1
     twoNb = 5384.03
     twoNe = 287861
     twoNw = 3.7693e+06
    twoNec = 129311
    twoNnw = 14655.4
  twoNecnw = 90113.9
  twoNbecnw = 11129.5
  twoNgbecnw = 186326
         m = 0.214991
        m5 = 0.18018
        Ta = 37600
        Te = 10994.7
#       SitePat  BranchLen
              b 134443.9891949
              e 52187.0338579
              c 54821.2349444
              n 49397.2677259
              w 49376.8699721
            b:e 2286.6681421
            b:c 2583.2603359
            b:n 1960.1358999
            b:w 1958.4541953
            e:c 11097.7702489
            e:n 5959.4795543
            e:w 5979.8773082
            c:n 5254.0902852
            c:w 5248.7875536
            n:w 13583.7056884
          b:e:c 2309.9499393
          b:e:n 1244.3063030
          b:e:w 1245.9880076
          b:c:n 1255.5115116
          b:c:w 1253.6786368
          b:n:w 2271.0741185
          e:c:n 4850.1200627
          e:c:w 4855.4227943
          e:n:w 7082.7625725
          c:n:w 5885.0405098
        b:e:c:n 2236.9812743
        b:e:c:w 2238.8141490
        b:e:n:w 2910.1867396
        b:c:n:w 2594.6987080
        e:c:n:w 56308.3362020
