########################################
# legofit: estimate population history #
#       version 2.3.4-4-g53f8760       #
########################################

# Program was compiled: Sep 21 2021 14:36:42
# Program was run: Thu Sep 23 10:36:18 2021

# cmd: legofit -1 -d 0 -t 32 --ptsPerDim 3 --stateOut b1boot19.state --tol 3e-6 -S 5000 ae2.lgo ../../boot/boot19.opf
# Stage nOptItr nSimReps
#     0    5000        0
# algorithm          : deterministic
# ignoring probs <=  : 0
# Branch length floor: 0
# DE strategy        : 2
#    F               : 0.3
#    CR              : 0.8
#    tolerance       : 3e-06
# nthreads           : 32
# lgo input file     : ae2.lgo
# site pat input file: ../../boot/boot19.opf
# free parameters    : 14
# points in DE swarm : 42
# output state file  : b1boot19.state
# Including singleton site patterns.
# cost function      : KL
Initial parameter values
Fixed:
      zero = 0
       one = 1
    Tbecnw = 75200
Free:
       pc1 = 0
       pc2 = 0
       pc3 = 0
       pc4 = 0
       pc5 = 0
       pc6 = 0
       pc7 = 0
       pc8 = 0
       pc9 = 0
      pc10 = 0
      pc11 = 0
      pc12 = 0
      pc13 = 0
      pc14 = 0
Constrained:
   Tgbecnw = 105165
     Tecnw = 27127
       Tnw = 19789.5
       Tec = 10286.6
     twoNb = 174178
     twoNe = 281013
     twoNw = 1.83251e+06
    twoNec = 156847
    twoNnw = 32703.3
  twoNecnw = 84787.4
  twoNbecnw = 14758
  twoNgbecnw = 193985
         m = 0.200077
        m5 = 0.179037
        Ta = 37600
        Te = 9894.76
DiffEv reached_goal. cost=1.98431e-03 spread=2.92511e-06
Fitted parameter values
Free:
       pc1 = 3.11912
       pc2 = 1.87433
       pc3 = 1.86167
       pc4 = -1.06075
       pc5 = -1.74453
       pc6 = 0.858395
       pc7 = -1.33462
       pc8 = -1.23763
       pc9 = -0.546444
      pc10 = -0.292102
      pc11 = -0.138974
      pc12 = -0.0480521
      pc13 = -0.0355127
      pc14 = -0.0230923
Constrained:
   Tgbecnw = 95064.6
     Tecnw = 25065.8
       Tnw = 23086.2
       Tec = 11671.1
     twoNb = 281597
     twoNe = 475429
     twoNw = 3.22971e+06
    twoNec = 122123
    twoNnw = 8501.98
  twoNecnw = 91848.6
  twoNbecnw = 10772.1
  twoNgbecnw = 173026
         m = 0.236628
        m5 = 0.183964
        Ta = 37600
        Te = 11543.1
#       SitePat  BranchLen
              b 134676.2461068
              e 52243.6448385
              c 54995.2322738
              n 49408.3645997
              w 49383.3836312
            b:e 2305.3504784
            b:c 2621.1027926
            b:n 1964.2400718
            b:w 1962.1337628
            e:c 11242.8860018
            e:n 5964.9847864
            e:w 5989.9657550
            c:n 5243.7364440
            c:w 5237.1036909
            n:w 13750.2411392
          b:e:c 2346.7495172
          b:e:n 1245.0262691
          b:e:w 1247.1325781
          b:c:n 1257.1927812
          b:c:w 1254.8966156
          b:n:w 2305.9426093
          e:c:n 4862.2220202
          e:c:w 4868.8547733
          e:n:w 7220.4862144
          c:n:w 5943.0091857
        b:e:c:n 2241.3475401
        b:e:c:w 2243.6437057
        b:e:n:w 2951.1836810
        b:c:n:w 2615.5008171
        e:c:n:w 56264.2111677
