########################################
# legofit: estimate population history #
#       version 2.3.4-4-g53f8760       #
########################################

# Program was compiled: Sep 21 2021 14:36:42
# Program was run: Thu Sep 23 10:36:18 2021

# cmd: legofit -1 -d 0 -t 32 --ptsPerDim 3 --stateOut b1boot20.state --tol 3e-6 -S 5000 ae2.lgo ../../boot/boot20.opf
# Stage nOptItr nSimReps
#     0    5000        0
# algorithm          : deterministic
# ignoring probs <=  : 0
# Branch length floor: 0
# DE strategy        : 2
#    F               : 0.3
#    CR              : 0.8
#    tolerance       : 3e-06
# nthreads           : 32
# lgo input file     : ae2.lgo
# site pat input file: ../../boot/boot20.opf
# free parameters    : 14
# points in DE swarm : 42
# output state file  : b1boot20.state
# Including singleton site patterns.
# cost function      : KL
Initial parameter values
Fixed:
      zero = 0
       one = 1
    Tbecnw = 75200
Free:
       pc1 = 0
       pc2 = 0
       pc3 = 0
       pc4 = 0
       pc5 = 0
       pc6 = 0
       pc7 = 0
       pc8 = 0
       pc9 = 0
      pc10 = 0
      pc11 = 0
      pc12 = 0
      pc13 = 0
      pc14 = 0
Constrained:
   Tgbecnw = 105165
     Tecnw = 27127
       Tnw = 19789.5
       Tec = 10286.6
     twoNb = 174178
     twoNe = 281013
     twoNw = 1.83251e+06
    twoNec = 156847
    twoNnw = 32703.3
  twoNecnw = 84787.4
  twoNbecnw = 14758
  twoNgbecnw = 193985
         m = 0.200077
        m5 = 0.179037
        Ta = 37600
        Te = 9894.76
DiffEv reached_goal. cost=1.97605e-03 spread=2.34069e-06
Fitted parameter values
Free:
       pc1 = 3.14637
       pc2 = 1.97489
       pc3 = 1.94675
       pc4 = -1.52329
       pc5 = 0.079395
       pc6 = 1.85708
       pc7 = -1.92491
       pc8 = -0.895804
       pc9 = -0.670701
      pc10 = -0.266998
      pc11 = -0.135838
      pc12 = -0.0312594
      pc13 = -0.0245255
      pc14 = -0.0143025
Constrained:
   Tgbecnw = 95202.5
     Tecnw = 25089.6
       Tnw = 23168.8
       Tec = 11701.5
     twoNb = 53378.4
     twoNe = 547080
     twoNw = 4.00523e+06
    twoNec = 123297
    twoNnw = 8357.01
  twoNecnw = 90589.1
  twoNbecnw = 10686.4
  twoNgbecnw = 175545
         m = 0.228506
        m5 = 0.182195
        Ta = 37600
        Te = 11584.4
#       SitePat  BranchLen
              b 133900.0559929
              e 52080.7829975
              c 54750.1600244
              n 49306.3812016
              w 49286.4551586
            b:e 2275.3771558
            b:c 2579.7824073
            b:n 1942.4102844
            b:w 1940.7400431
            e:c 11142.6283869
            e:n 5934.8714646
            e:w 5954.7975076
            c:n 5231.3773112
            c:w 5226.0770962
            n:w 13583.8389865
          b:e:c 2308.1470160
          b:e:n 1231.7130832
          b:e:w 1233.3833245
          b:c:n 1243.0447446
          b:c:w 1241.2249771
          b:n:w 2268.6771537
          e:c:n 4841.1410113
          e:c:w 4846.4412263
          e:n:w 7140.2150811
          c:n:w 5903.0526191
        b:e:c:n 2215.2380433
        b:e:c:w 2217.0578109
        b:e:n:w 2903.4116899
        b:c:n:w 2579.8331245
        e:c:n:w 55754.8910522
