########################################
# legofit: estimate population history #
#       version 2.3.4-4-g53f8760       #
########################################

# Program was compiled: Sep 21 2021 14:36:42
# Program was run: Thu Sep 23 10:36:34 2021

# cmd: legofit -1 -d 0 -t 32 --ptsPerDim 3 --stateOut b1boot36.state --tol 3e-6 -S 5000 ae2.lgo ../../boot/boot36.opf
# Stage nOptItr nSimReps
#     0    5000        0
# algorithm          : deterministic
# ignoring probs <=  : 0
# Branch length floor: 0
# DE strategy        : 2
#    F               : 0.3
#    CR              : 0.8
#    tolerance       : 3e-06
# nthreads           : 32
# lgo input file     : ae2.lgo
# site pat input file: ../../boot/boot36.opf
# free parameters    : 14
# points in DE swarm : 42
# output state file  : b1boot36.state
# Including singleton site patterns.
# cost function      : KL
Initial parameter values
Fixed:
      zero = 0
       one = 1
    Tbecnw = 75200
Free:
       pc1 = 0
       pc2 = 0
       pc3 = 0
       pc4 = 0
       pc5 = 0
       pc6 = 0
       pc7 = 0
       pc8 = 0
       pc9 = 0
      pc10 = 0
      pc11 = 0
      pc12 = 0
      pc13 = 0
      pc14 = 0
Constrained:
   Tgbecnw = 105165
     Tecnw = 27127
       Tnw = 19789.5
       Tec = 10286.6
     twoNb = 174178
     twoNe = 281013
     twoNw = 1.83251e+06
    twoNec = 156847
    twoNnw = 32703.3
  twoNecnw = 84787.4
  twoNbecnw = 14758
  twoNgbecnw = 193985
         m = 0.200077
        m5 = 0.179037
        Ta = 37600
        Te = 9894.76
DiffEv reached_goal. cost=1.98736e-03 spread=2.46741e-06
Fitted parameter values
Free:
       pc1 = 2.31436
       pc2 = 1.987
       pc3 = 1.4441
       pc4 = -1.89225
       pc5 = -0.625521
       pc6 = 0.463154
       pc7 = -1.87787
       pc8 = -0.434574
       pc9 = -0.832725
      pc10 = -0.253957
      pc11 = -0.0333537
      pc12 = 0.0621578
      pc13 = -0.0491333
      pc14 = -0.00346627
Constrained:
   Tgbecnw = 93810.8
     Tecnw = 25414.2
       Tnw = 22639.2
       Tec = 11477.2
     twoNb = 189619
     twoNe = 256774
     twoNw = 3.91041e+06
    twoNec = 130474
    twoNnw = 12150
  twoNecnw = 88026.7
  twoNbecnw = 9967.77
  twoNgbecnw = 179200
         m = 0.220136
        m5 = 0.180571
        Ta = 37600
        Te = 11319.6
#       SitePat  BranchLen
              b 133068.8609330
              e 51925.3000626
              c 54546.5862514
              n 49125.7209732
              w 49105.8644858
            b:e 2286.5758154
            b:c 2587.5720653
            b:n 1950.3959775
            b:w 1948.7313171
            e:c 11011.4123526
            e:n 5893.7867178
            e:w 5913.6432053
            c:n 5200.5400836
            c:w 5195.3061859
            n:w 13467.1036712
          b:e:c 2311.6568498
          b:e:n 1238.9078104
          b:e:w 1240.5724708
          b:c:n 1250.1534438
          b:c:w 1248.3396508
          b:n:w 2271.9583791
          e:c:n 4827.0245633
          e:c:w 4832.2584609
          e:n:w 7098.9518886
          c:n:w 5889.2493534
        b:e:c:n 2224.8719683
        b:e:c:w 2226.6857614
        b:e:n:w 2912.9921603
        b:c:n:w 2592.9830969
        e:c:n:w 55416.6176125
