########################################
# legofit: estimate population history #
#       version 2.3.4-4-g53f8760       #
########################################

# Program was compiled: Sep 21 2021 14:36:42
# Program was run: Thu Sep 23 10:36:28 2021

# cmd: legofit -1 -d 0 -t 32 --ptsPerDim 3 --stateOut b1boot33.state --tol 3e-6 -S 5000 ae2.lgo ../../boot/boot33.opf
# Stage nOptItr nSimReps
#     0    5000        0
# algorithm          : deterministic
# ignoring probs <=  : 0
# Branch length floor: 0
# DE strategy        : 2
#    F               : 0.3
#    CR              : 0.8
#    tolerance       : 3e-06
# nthreads           : 32
# lgo input file     : ae2.lgo
# site pat input file: ../../boot/boot33.opf
# free parameters    : 14
# points in DE swarm : 42
# output state file  : b1boot33.state
# Including singleton site patterns.
# cost function      : KL
Initial parameter values
Fixed:
      zero = 0
       one = 1
    Tbecnw = 75200
Free:
       pc1 = 0
       pc2 = 0
       pc3 = 0
       pc4 = 0
       pc5 = 0
       pc6 = 0
       pc7 = 0
       pc8 = 0
       pc9 = 0
      pc10 = 0
      pc11 = 0
      pc12 = 0
      pc13 = 0
      pc14 = 0
Constrained:
   Tgbecnw = 105165
     Tecnw = 27127
       Tnw = 19789.5
       Tec = 10286.6
     twoNb = 174178
     twoNe = 281013
     twoNw = 1.83251e+06
    twoNec = 156847
    twoNnw = 32703.3
  twoNecnw = 84787.4
  twoNbecnw = 14758
  twoNgbecnw = 193985
         m = 0.200077
        m5 = 0.179037
        Ta = 37600
        Te = 9894.76
DiffEv reached_goal. cost=1.94986e-03 spread=2.44598e-06
Fitted parameter values
Free:
       pc1 = 1.66546
       pc2 = 1.97615
       pc3 = 0.943067
       pc4 = -1.71736
       pc5 = -2.47441
       pc6 = 0.681502
       pc7 = -1.76676
       pc8 = -1.02925
       pc9 = -0.848729
      pc10 = -0.337944
      pc11 = -0.0186195
      pc12 = 0.072892
      pc13 = -0.0391021
      pc14 = -0.026107
Constrained:
   Tgbecnw = 95215.6
     Tecnw = 25284.4
       Tnw = 22121.5
       Tec = 11137.2
     twoNb = 402324
     twoNe = 390199
     twoNw = 3.78581e+06
    twoNec = 131453
    twoNnw = 13675.5
  twoNecnw = 88070.9
  twoNbecnw = 10226.7
  twoNgbecnw = 190334
         m = 0.205284
        m5 = 0.183612
        Ta = 37600
        Te = 11060.8
#       SitePat  BranchLen
              b 133048.4812186
              e 51704.6511564
              c 54407.6625844
              n 48847.4627976
              w 48827.0322846
            b:e 2257.6595082
            b:c 2563.5887062
            b:n 1921.6163206
            b:w 1919.9328284
            e:c 10997.1468973
            e:n 5881.4335704
            e:w 5901.8640833
            c:n 5164.4058241
            c:w 5159.0808027
            n:w 13528.8618568
          b:e:c 2288.5180156
          b:e:n 1221.1902999
          b:e:w 1222.8737921
          b:c:n 1232.6282170
          b:c:w 1230.7929867
          b:n:w 2248.4750337
          e:c:n 4776.5445562
          e:c:w 4781.8695776
          e:n:w 7088.0016373
          c:n:w 5844.8012361
        b:e:c:n 2193.4487714
        b:e:c:w 2195.2840017
        b:e:n:w 2886.9020561
        b:c:n:w 2561.6157463
        e:c:n:w 55595.6195791
