########################################
# legofit: estimate population history #
#       version 2.3.4-4-g53f8760       #
########################################

# Program was compiled: Sep 21 2021 14:36:42
# Program was run: Thu Sep 23 10:35:54 2021

# cmd: legofit -1 -d 0 -t 32 --ptsPerDim 3 --stateOut b1boot5.state --tol 3e-6 -S 5000 ae2.lgo ../../boot/boot5.opf
# Stage nOptItr nSimReps
#     0    5000        0
# algorithm          : deterministic
# ignoring probs <=  : 0
# Branch length floor: 0
# DE strategy        : 2
#    F               : 0.3
#    CR              : 0.8
#    tolerance       : 3e-06
# nthreads           : 32
# lgo input file     : ae2.lgo
# site pat input file: ../../boot/boot5.opf
# free parameters    : 14
# points in DE swarm : 42
# output state file  : b1boot5.state
# Including singleton site patterns.
# cost function      : KL
Initial parameter values
Fixed:
      zero = 0
       one = 1
    Tbecnw = 75200
Free:
       pc1 = 0
       pc2 = 0
       pc3 = 0
       pc4 = 0
       pc5 = 0
       pc6 = 0
       pc7 = 0
       pc8 = 0
       pc9 = 0
      pc10 = 0
      pc11 = 0
      pc12 = 0
      pc13 = 0
      pc14 = 0
Constrained:
   Tgbecnw = 105165
     Tecnw = 27127
       Tnw = 19789.5
       Tec = 10286.6
     twoNb = 174178
     twoNe = 281013
     twoNw = 1.83251e+06
    twoNec = 156847
    twoNnw = 32703.3
  twoNecnw = 84787.4
  twoNbecnw = 14758
  twoNgbecnw = 193985
         m = 0.200077
        m5 = 0.179037
        Ta = 37600
        Te = 9894.76
DiffEv reached_goal. cost=1.97814e-03 spread=2.59903e-06
Fitted parameter values
Free:
       pc1 = 2.55924
       pc2 = 1.98416
       pc3 = 1.29145
       pc4 = -1.98664
       pc5 = 0.345004
       pc6 = 1.45321
       pc7 = -1.9758
       pc8 = -0.833086
       pc9 = -0.644506
      pc10 = -0.17809
      pc11 = 0.0232092
      pc12 = 0.0219879
      pc13 = -0.0339101
      pc14 = -0.0202946
Constrained:
   Tgbecnw = 96197.6
     Tecnw = 25278.3
       Tnw = 22665
       Tec = 11450.6
     twoNb = 53258.6
     twoNe = 390011
     twoNw = 4.17275e+06
    twoNec = 128515
    twoNnw = 11251.5
  twoNecnw = 89923.6
  twoNbecnw = 10808.4
  twoNgbecnw = 187136
         m = 0.211943
        m5 = 0.181055
        Ta = 37600
        Te = 11332.5
#       SitePat  BranchLen
              b 133877.8147848
              e 52112.9273570
              c 54797.8925445
              n 49213.5917348
              w 49194.8688235
            b:e 2290.6985420
            b:c 2597.5487869
            b:n 1946.2172240
            b:w 1944.6543468
            e:c 11100.1341806
            e:n 5910.9614052
            e:w 5929.6843164
            c:n 5200.2274102
            c:w 5195.3146846
            n:w 13646.0890502
          b:e:c 2324.7525291
          b:e:n 1236.5095219
          b:e:w 1238.0723990
          b:c:n 1247.8859827
          b:c:w 1246.1815215
          b:n:w 2283.7317321
          e:c:n 4804.3104197
          e:c:w 4809.2231453
          e:n:w 7131.9223649
          c:n:w 5892.0608041
        b:e:c:n 2223.1699917
        b:e:c:w 2224.8744528
        b:e:n:w 2926.8988124
        b:c:n:w 2600.5629842
        e:c:n:w 55945.4341739
