########################################
# legofit: estimate population history #
#       version 2.3.4-4-g53f8760       #
########################################

# Program was compiled: Sep 21 2021 14:36:42
# Program was run: Thu Sep 23 10:36:24 2021

# cmd: legofit -1 -d 0 -t 32 --ptsPerDim 3 --stateOut b1boot26.state --tol 3e-6 -S 5000 ae2.lgo ../../boot/boot26.opf
# Stage nOptItr nSimReps
#     0    5000        0
# algorithm          : deterministic
# ignoring probs <=  : 0
# Branch length floor: 0
# DE strategy        : 2
#    F               : 0.3
#    CR              : 0.8
#    tolerance       : 3e-06
# nthreads           : 32
# lgo input file     : ae2.lgo
# site pat input file: ../../boot/boot26.opf
# free parameters    : 14
# points in DE swarm : 42
# output state file  : b1boot26.state
# Including singleton site patterns.
# cost function      : KL
Initial parameter values
Fixed:
      zero = 0
       one = 1
    Tbecnw = 75200
Free:
       pc1 = 0
       pc2 = 0
       pc3 = 0
       pc4 = 0
       pc5 = 0
       pc6 = 0
       pc7 = 0
       pc8 = 0
       pc9 = 0
      pc10 = 0
      pc11 = 0
      pc12 = 0
      pc13 = 0
      pc14 = 0
Constrained:
   Tgbecnw = 105165
     Tecnw = 27127
       Tnw = 19789.5
       Tec = 10286.6
     twoNb = 174178
     twoNe = 281013
     twoNw = 1.83251e+06
    twoNec = 156847
    twoNnw = 32703.3
  twoNecnw = 84787.4
  twoNbecnw = 14758
  twoNgbecnw = 193985
         m = 0.200077
        m5 = 0.179037
        Ta = 37600
        Te = 9894.76
DiffEv reached_goal. cost=1.96825e-03 spread=2.04946e-06
Fitted parameter values
Free:
       pc1 = 2.50523
       pc2 = 1.95526
       pc3 = 1.56679
       pc4 = -1.40241
       pc5 = -0.627574
       pc6 = 1.67443
       pc7 = -1.96744
       pc8 = -0.791165
       pc9 = -0.838836
      pc10 = -0.2666
      pc11 = -0.0585325
      pc12 = 0.00109604
      pc13 = -0.0290657
      pc14 = -0.00332432
Constrained:
   Tgbecnw = 95073.7
     Tecnw = 25263
       Tnw = 22865.7
       Tec = 11437.2
     twoNb = 152720
     twoNe = 553248
     twoNw = 3.94442e+06
    twoNec = 127609
    twoNnw = 10632.5
  twoNecnw = 88900.5
  twoNbecnw = 10491.6
  twoNgbecnw = 181022
         m = 0.217578
        m5 = 0.181876
        Ta = 37600
        Te = 11432.9
#       SitePat  BranchLen
              b 133350.1422136
              e 51933.5244884
              c 54549.5682437
              n 49271.0043807
              w 49250.9756039
            b:e 2278.9633467
            b:c 2578.3802043
            b:n 1955.7718669
            b:w 1954.0896371
            e:c 11080.4460802
            e:n 5923.9067775
            e:w 5943.9355543
            c:n 5231.0944049
            c:w 5225.7858502
            n:w 13435.9231619
          b:e:c 2306.0746195
          b:e:n 1239.9355803
          b:e:w 1241.6178102
          b:c:n 1251.1761464
          b:c:w 1249.3434455
          b:n:w 2267.6076682
          e:c:n 4853.4890645
          e:c:w 4858.7976192
          e:n:w 7083.7634732
          c:n:w 5878.6817946
        b:e:c:n 2230.3788013
        b:e:c:w 2232.2115022
        b:e:n:w 2902.6946560
        b:c:n:w 2584.3115971
        e:c:n:w 55512.9597217
