########################################
# legofit: estimate population history #
#       version 2.3.4-4-g53f8760       #
########################################

# Program was compiled: Sep 21 2021 14:36:42
# Program was run: Thu Sep 23 10:36:42 2021

# cmd: legofit -1 -d 0 -t 32 --ptsPerDim 3 --stateOut b1boot43.state --tol 3e-6 -S 5000 ae2.lgo ../../boot/boot43.opf
# Stage nOptItr nSimReps
#     0    5000        0
# algorithm          : deterministic
# ignoring probs <=  : 0
# Branch length floor: 0
# DE strategy        : 2
#    F               : 0.3
#    CR              : 0.8
#    tolerance       : 3e-06
# nthreads           : 32
# lgo input file     : ae2.lgo
# site pat input file: ../../boot/boot43.opf
# free parameters    : 14
# points in DE swarm : 42
# output state file  : b1boot43.state
# Including singleton site patterns.
# cost function      : KL
Initial parameter values
Fixed:
      zero = 0
       one = 1
    Tbecnw = 75200
Free:
       pc1 = 0
       pc2 = 0
       pc3 = 0
       pc4 = 0
       pc5 = 0
       pc6 = 0
       pc7 = 0
       pc8 = 0
       pc9 = 0
      pc10 = 0
      pc11 = 0
      pc12 = 0
      pc13 = 0
      pc14 = 0
Constrained:
   Tgbecnw = 105165
     Tecnw = 27127
       Tnw = 19789.5
       Tec = 10286.6
     twoNb = 174178
     twoNe = 281013
     twoNw = 1.83251e+06
    twoNec = 156847
    twoNnw = 32703.3
  twoNecnw = 84787.4
  twoNbecnw = 14758
  twoNgbecnw = 193985
         m = 0.200077
        m5 = 0.179037
        Ta = 37600
        Te = 9894.76
DiffEv reached_goal. cost=1.99126e-03 spread=2.25023e-06
Fitted parameter values
Free:
       pc1 = 1.79895
       pc2 = 1.9931
       pc3 = 0.535956
       pc4 = -1.6332
       pc5 = -1.42749
       pc6 = 1.92789
       pc7 = -1.88525
       pc8 = -0.68649
       pc9 = -0.899525
      pc10 = -0.123498
      pc11 = 0.115381
      pc12 = 0.0708615
      pc13 = -0.0316116
      pc14 = -0.00837387
Constrained:
   Tgbecnw = 97459.7
     Tecnw = 25562.3
       Tnw = 22620.5
       Tec = 11529.5
     twoNb = 253991
     twoNe = 572127
     twoNw = 4.05292e+06
    twoNec = 129228
    twoNnw = 12799.1
  twoNecnw = 87155.7
  twoNbecnw = 11055.3
  twoNgbecnw = 200023
         m = 0.190449
        m5 = 0.182513
        Ta = 37600
        Te = 11310.3
#       SitePat  BranchLen
              b 133038.9212448
              e 51869.5787812
              c 54527.2198088
              n 49100.3075803
              w 49080.9715753
            b:e 2287.7597263
            b:c 2594.3036736
            b:n 1953.0510909
            b:w 1951.4278418
            e:c 11029.5570630
            e:n 5879.2069928
            e:w 5898.5429978
            c:n 5176.4650899
            c:w 5171.3846722
            n:w 13473.3406743
          b:e:c 2320.2867965
          b:e:n 1238.4389650
          b:e:w 1240.0622140
          b:c:n 1249.7739907
          b:c:w 1248.0056501
          b:n:w 2280.6576279
          e:c:n 4812.2071872
          e:c:w 4817.2876049
          e:n:w 7092.5939015
          c:n:w 5864.8531024
        b:e:c:n 2226.9822603
        b:e:c:w 2228.7506008
        b:e:n:w 2919.1990373
        b:c:n:w 2593.3766282
        e:c:n:w 55510.5432196
