########################################
# legofit: estimate population history #
#       version 2.3.4-4-g53f8760       #
########################################

# Program was compiled: Sep 21 2021 14:36:42
# Program was run: Thu Sep 23 10:36:10 2021

# cmd: legofit -1 -d 0 -t 32 --ptsPerDim 3 --stateOut b1boot17.state --tol 3e-6 -S 5000 ae2.lgo ../../boot/boot17.opf
# Stage nOptItr nSimReps
#     0    5000        0
# algorithm          : deterministic
# ignoring probs <=  : 0
# Branch length floor: 0
# DE strategy        : 2
#    F               : 0.3
#    CR              : 0.8
#    tolerance       : 3e-06
# nthreads           : 32
# lgo input file     : ae2.lgo
# site pat input file: ../../boot/boot17.opf
# free parameters    : 14
# points in DE swarm : 42
# output state file  : b1boot17.state
# Including singleton site patterns.
# cost function      : KL
Initial parameter values
Fixed:
      zero = 0
       one = 1
    Tbecnw = 75200
Free:
       pc1 = 0
       pc2 = 0
       pc3 = 0
       pc4 = 0
       pc5 = 0
       pc6 = 0
       pc7 = 0
       pc8 = 0
       pc9 = 0
      pc10 = 0
      pc11 = 0
      pc12 = 0
      pc13 = 0
      pc14 = 0
Constrained:
   Tgbecnw = 105165
     Tecnw = 27127
       Tnw = 19789.5
       Tec = 10286.6
     twoNb = 174178
     twoNe = 281013
     twoNw = 1.83251e+06
    twoNec = 156847
    twoNnw = 32703.3
  twoNecnw = 84787.4
  twoNbecnw = 14758
  twoNgbecnw = 193985
         m = 0.200077
        m5 = 0.179037
        Ta = 37600
        Te = 9894.76
DiffEv reached_goal. cost=2.00816e-03 spread=2.81858e-06
Fitted parameter values
Free:
       pc1 = 1.36293
       pc2 = 1.98309
       pc3 = -0.167906
       pc4 = -1.49171
       pc5 = -1.12305
       pc6 = -0.212531
       pc7 = -1.80405
       pc8 = 0.219061
       pc9 = -0.566182
      pc10 = -0.172204
      pc11 = 0.0633588
      pc12 = -0.00285731
      pc13 = 0.00615867
      pc14 = -0.0142052
Constrained:
   Tgbecnw = 97627.5
     Tecnw = 25915.4
       Tnw = 21677.1
       Tec = 11623.4
     twoNb = 302133
     twoNe = 146888
     twoNw = 3.46785e+06
    twoNec = 132321
    twoNnw = 18440.9
  twoNecnw = 85035.4
  twoNbecnw = 11273.5
  twoNgbecnw = 197694
         m = 0.191061
        m5 = 0.175909
        Ta = 37600
        Te = 10838.5
#       SitePat  BranchLen
              b 133091.8940502
              e 51888.7697126
              c 54470.8006874
              n 49012.4884906
              w 48991.2941669
            b:e 2301.3002956
            b:c 2597.7383804
            b:n 1961.2821038
            b:w 1959.5248020
            e:c 11028.8500762
            e:n 5852.3922081
            e:w 5873.5865319
            c:n 5167.8057709
            c:w 5162.3115877
            n:w 13547.8492042
          b:e:c 2330.0007183
          b:e:n 1240.0098049
          b:e:w 1241.7671067
          b:c:n 1250.9378175
          b:c:w 1249.0273128
          b:n:w 2291.1869470
          e:c:n 4840.9955157
          e:c:w 4846.4896989
          e:n:w 7095.7221473
          c:n:w 5909.5525538
        b:e:c:n 2229.4453039
        b:e:c:w 2231.3558087
        b:e:n:w 2915.6433644
        b:c:n:w 2601.0170609
        e:c:n:w 55575.8025839
