########################################
# legofit: estimate population history #
#       version 2.3.4-4-g53f8760       #
########################################

# Program was compiled: Sep 21 2021 14:36:42
# Program was run: Thu Sep 23 10:35:53 2021

# cmd: legofit -1 -d 0 -t 32 --ptsPerDim 3 --stateOut b1boot2.state --tol 3e-6 -S 5000 ae2.lgo ../../boot/boot2.opf
# Stage nOptItr nSimReps
#     0    5000        0
# algorithm          : deterministic
# ignoring probs <=  : 0
# Branch length floor: 0
# DE strategy        : 2
#    F               : 0.3
#    CR              : 0.8
#    tolerance       : 3e-06
# nthreads           : 32
# lgo input file     : ae2.lgo
# site pat input file: ../../boot/boot2.opf
# free parameters    : 14
# points in DE swarm : 42
# output state file  : b1boot2.state
# Including singleton site patterns.
# cost function      : KL
Initial parameter values
Fixed:
      zero = 0
       one = 1
    Tbecnw = 75200
Free:
       pc1 = 0
       pc2 = 0
       pc3 = 0
       pc4 = 0
       pc5 = 0
       pc6 = 0
       pc7 = 0
       pc8 = 0
       pc9 = 0
      pc10 = 0
      pc11 = 0
      pc12 = 0
      pc13 = 0
      pc14 = 0
Constrained:
   Tgbecnw = 105165
     Tecnw = 27127
       Tnw = 19789.5
       Tec = 10286.6
     twoNb = 174178
     twoNe = 281013
     twoNw = 1.83251e+06
    twoNec = 156847
    twoNnw = 32703.3
  twoNecnw = 84787.4
  twoNbecnw = 14758
  twoNgbecnw = 193985
         m = 0.200077
        m5 = 0.179037
        Ta = 37600
        Te = 9894.76
DiffEv reached_goal. cost=1.99077e-03 spread=2.55194e-06
Fitted parameter values
Free:
       pc1 = 2.3851
       pc2 = 1.99078
       pc3 = 1.20056
       pc4 = -1.15038
       pc5 = 0.944428
       pc6 = 0.674399
       pc7 = -1.99949
       pc8 = -0.424841
       pc9 = -0.409475
      pc10 = -0.230597
      pc11 = -0.0513239
      pc12 = 0.0313508
      pc13 = -0.00739776
      pc14 = -0.0123996
Constrained:
   Tgbecnw = 95706.2
     Tecnw = 25353.9
       Tnw = 22067.7
       Tec = 11390.3
     twoNb = 20812.8
     twoNe = 320297
     twoNw = 3.56235e+06
    twoNec = 132638
    twoNnw = 14425.3
  twoNecnw = 89128.1
  twoNbecnw = 10778.7
  twoNgbecnw = 181422
         m = 0.217314
        m5 = 0.176115
        Ta = 37600
        Te = 11033.9
#       SitePat  BranchLen
              b 133574.9584805
              e 52156.8341879
              c 54745.6480670
              n 49237.9695707
              w 49216.9392286
            b:e 2294.4950299
            b:c 2587.7859810
            b:n 1953.1713301
            b:w 1951.4315577
            e:c 11053.3419124
            e:n 5922.8319087
            e:w 5943.8622508
            c:n 5234.0775005
            c:w 5228.5938239
            n:w 13606.1559017
          b:e:c 2314.0496611
          b:e:n 1241.1468698
          b:e:w 1242.8866423
          b:c:n 1252.2104835
          b:c:w 1250.3152675
          b:n:w 2274.2295592
          e:c:n 4834.2550852
          e:c:w 4839.7387619
          e:n:w 7100.3651841
          c:n:w 5915.5741400
        b:e:c:n 2227.5105772
        b:e:c:w 2229.4057932
        b:e:n:w 2913.0089435
        b:c:n:w 2601.2257536
        e:c:n:w 55594.0991222
