########################################
# legofit: estimate population history #
#       version 2.3.4-4-g53f8760       #
########################################

# Program was compiled: Sep 21 2021 14:36:42
# Program was run: Thu Sep 23 10:36:10 2021

# cmd: legofit -1 -d 0 -t 32 --ptsPerDim 3 --stateOut b1boot15.state --tol 3e-6 -S 5000 ae2.lgo ../../boot/boot15.opf
# Stage nOptItr nSimReps
#     0    5000        0
# algorithm          : deterministic
# ignoring probs <=  : 0
# Branch length floor: 0
# DE strategy        : 2
#    F               : 0.3
#    CR              : 0.8
#    tolerance       : 3e-06
# nthreads           : 32
# lgo input file     : ae2.lgo
# site pat input file: ../../boot/boot15.opf
# free parameters    : 14
# points in DE swarm : 42
# output state file  : b1boot15.state
# Including singleton site patterns.
# cost function      : KL
Initial parameter values
Fixed:
      zero = 0
       one = 1
    Tbecnw = 75200
Free:
       pc1 = 0
       pc2 = 0
       pc3 = 0
       pc4 = 0
       pc5 = 0
       pc6 = 0
       pc7 = 0
       pc8 = 0
       pc9 = 0
      pc10 = 0
      pc11 = 0
      pc12 = 0
      pc13 = 0
      pc14 = 0
Constrained:
   Tgbecnw = 105165
     Tecnw = 27127
       Tnw = 19789.5
       Tec = 10286.6
     twoNb = 174178
     twoNe = 281013
     twoNw = 1.83251e+06
    twoNec = 156847
    twoNnw = 32703.3
  twoNecnw = 84787.4
  twoNbecnw = 14758
  twoNgbecnw = 193985
         m = 0.200077
        m5 = 0.179037
        Ta = 37600
        Te = 9894.76
DiffEv reached_goal. cost=1.97581e-03 spread=2.57672e-06
Fitted parameter values
Free:
       pc1 = 2.68086
       pc2 = 1.97628
       pc3 = 1.09714
       pc4 = -1.35137
       pc5 = -1.03806
       pc6 = 0.742053
       pc7 = -1.88372
       pc8 = -0.95835
       pc9 = -0.562433
      pc10 = -0.328203
      pc11 = -0.0312073
      pc12 = 0.010922
      pc13 = -0.0230313
      pc14 = -0.0184069
Constrained:
   Tgbecnw = 96576.8
     Tecnw = 25148.8
       Tnw = 22655.5
       Tec = 11573.4
     twoNb = 233174
     twoNe = 388825
     twoNw = 3.64017e+06
    twoNec = 126416
    twoNnw = 10838.4
  twoNecnw = 90667.5
  twoNbecnw = 11065.6
  twoNgbecnw = 182494
         m = 0.217143
        m5 = 0.180205
        Ta = 37600
        Te = 11327.8
#       SitePat  BranchLen
              b 133816.6554226
              e 52153.6979244
              c 54815.3931045
              n 49288.5991746
              w 49267.1949358
            b:e 2272.0944406
            b:c 2572.6641165
            b:n 1935.3743380
            b:w 1933.6027693
            e:c 11109.7321040
            e:n 5928.5836282
            e:w 5949.9878670
            c:n 5223.5345334
            c:w 5217.9154963
            n:w 13633.2800332
          b:e:c 2301.8117848
          b:e:n 1228.6894795
          b:e:w 1230.4610482
          b:c:n 1240.0467753
          b:c:w 1238.1158700
          b:n:w 2261.9411331
          e:c:n 4812.1992286
          e:c:w 4817.8182657
          e:n:w 7110.3961345
          c:n:w 5885.8224200
        b:e:c:n 2208.5959358
        b:e:c:w 2210.5268411
        b:e:n:w 2897.1136619
        b:c:n:w 2577.5318683
        e:c:n:w 55693.5171408
