########################################
# legofit: estimate population history #
#       version 2.3.4-4-g53f8760       #
########################################

# Program was compiled: Sep 21 2021 14:36:42
# Program was run: Thu Sep 23 10:36:42 2021

# cmd: legofit -1 -d 0 -t 32 --ptsPerDim 3 --stateOut b1boot42.state --tol 3e-6 -S 5000 ae2.lgo ../../boot/boot42.opf
# Stage nOptItr nSimReps
#     0    5000        0
# algorithm          : deterministic
# ignoring probs <=  : 0
# Branch length floor: 0
# DE strategy        : 2
#    F               : 0.3
#    CR              : 0.8
#    tolerance       : 3e-06
# nthreads           : 32
# lgo input file     : ae2.lgo
# site pat input file: ../../boot/boot42.opf
# free parameters    : 14
# points in DE swarm : 42
# output state file  : b1boot42.state
# Including singleton site patterns.
# cost function      : KL
Initial parameter values
Fixed:
      zero = 0
       one = 1
    Tbecnw = 75200
Free:
       pc1 = 0
       pc2 = 0
       pc3 = 0
       pc4 = 0
       pc5 = 0
       pc6 = 0
       pc7 = 0
       pc8 = 0
       pc9 = 0
      pc10 = 0
      pc11 = 0
      pc12 = 0
      pc13 = 0
      pc14 = 0
Constrained:
   Tgbecnw = 105165
     Tecnw = 27127
       Tnw = 19789.5
       Tec = 10286.6
     twoNb = 174178
     twoNe = 281013
     twoNw = 1.83251e+06
    twoNec = 156847
    twoNnw = 32703.3
  twoNecnw = 84787.4
  twoNbecnw = 14758
  twoNgbecnw = 193985
         m = 0.200077
        m5 = 0.179037
        Ta = 37600
        Te = 9894.76
DiffEv reached_goal. cost=1.99408e-03 spread=2.95970e-06
Fitted parameter values
Free:
       pc1 = 2.59311
       pc2 = 1.97499
       pc3 = 0.50352
       pc4 = -1.21139
       pc5 = -2.41784
       pc6 = -0.109997
       pc7 = -1.80509
       pc8 = -1.00827
       pc9 = -0.658932
      pc10 = -0.293675
      pc11 = 0.0710978
      pc12 = -0.0150092
      pc13 = -0.0442893
      pc14 = -0.0149673
Constrained:
   Tgbecnw = 97371.3
     Tecnw = 25240.8
       Tnw = 22859.9
       Tec = 11595.6
     twoNb = 424095
     twoNe = 290260
     twoNw = 3.35857e+06
    twoNec = 125586
    twoNnw = 10335
  twoNecnw = 90942.5
  twoNbecnw = 11317.2
  twoNgbecnw = 186567
         m = 0.213144
        m5 = 0.179462
        Ta = 37600
        Te = 11429.9
#       SitePat  BranchLen
              b 134209.5367819
              e 52257.2124175
              c 54912.3145301
              n 49433.3358463
              w 49410.0372987
            b:e 2281.6249660
            b:c 2583.0599135
            b:n 1945.9018526
            b:w 1943.9634275
            e:c 11163.2182856
            e:n 5920.8048689
            e:w 5944.1034164
            c:n 5219.2020797
            c:w 5213.0835614
            n:w 13652.3070188
          b:e:c 2317.9048501
          b:e:n 1233.3523593
          b:e:w 1235.2907843
          b:c:n 1244.9510153
          b:c:w 1242.8374219
          b:n:w 2277.9065503
          e:c:n 4815.9165555
          e:c:w 4822.0350739
          e:n:w 7104.2037170
          c:n:w 5881.7242487
        b:e:c:n 2221.6007617
        b:e:c:w 2223.7143551
        b:e:n:w 2910.3557785
        b:c:n:w 2589.7755374
        e:c:n:w 56010.4381656
