########################################
# legofit: estimate population history #
#       version 2.3.4-4-g53f8760       #
########################################

# Program was compiled: Sep 21 2021 14:36:42
# Program was run: Thu Sep 23 15:25:19 2021

# cmd: legofit -1 -d 0 -t 32 --ptsPerDim 3 --stateOut b1boot30.state --tol 3e-6 -S 5000 bcde2.lgo ../../boot/boot30.opf
# Stage nOptItr nSimReps
#     0    5000        0
# algorithm          : deterministic
# ignoring probs <=  : 0
# Branch length floor: 0
# DE strategy        : 2
#    F               : 0.3
#    CR              : 0.8
#    tolerance       : 3e-06
# nthreads           : 32
# lgo input file     : bcde2.lgo
# site pat input file: ../../boot/boot30.opf
# free parameters    : 16
# points in DE swarm : 48
# output state file  : b1boot30.state
# Including singleton site patterns.
# cost function      : KL
Initial parameter values
Fixed:
      zero = 0
       one = 1
    Tbecnw = 75200
Free:
       pc1 = 0
       pc2 = 0
       pc3 = 0
       pc4 = 0
       pc5 = 0
       pc6 = 0
       pc7 = 0
       pc8 = 0
       pc9 = 0
      pc10 = 0
      pc11 = 0
      pc12 = 0
      pc13 = 0
      pc14 = 0
      pc15 = 0
      pc16 = 0
Constrained:
     Tecnw = 45046.6
       Tnw = 2257.76
       Tec = 2752.99
     twoNb = 1.23564e+06
     twoNe = 38843.1
     twoNc = 299608
     twoNn = 200636
     twoNw = 565546
    twoNec = 265461
    twoNnw = 122207
  twoNecnw = 26314.3
  twoNbecnw = 79618.8
        m2 = 0.0159705
        m3 = 0.300818
        m4 = 3.54193e-05
        m5 = 0.143097
        Tb = 23899.8
        Tc = 1128.88
        Td = 564.441
        Te = 282.22
DiffEv reached_goal. cost=2.50659e-03 spread=2.22542e-06
Fitted parameter values
Free:
       pc1 = -2.75721
       pc2 = 3.88048
       pc3 = 1.95218
       pc4 = -1.68836
       pc5 = -1.93408
       pc6 = 1.78842
       pc7 = 0.452387
       pc8 = 1.78585
       pc9 = -1.388
      pc10 = -0.935998
      pc11 = -0.132616
      pc12 = 0.228101
      pc13 = 0.188703
      pc14 = -0.144265
      pc15 = -0.0849489
      pc16 = 0.0400486
Constrained:
     Tecnw = 45606.3
       Tnw = 9.15971
       Tec = 80.3323
     twoNb = 3.33093e+06
     twoNe = 1906.62
     twoNc = 126746
     twoNn = 94421.7
     twoNw = 1.27959e+06
    twoNec = 261971
    twoNnw = 134132
  twoNecnw = 25014.7
  twoNbecnw = 79898.1
        m2 = 0.0293223
        m3 = 0.305308
        m4 = 5.66434e-05
        m5 = 0.14663
        Tb = 22843.3
        Tc = 4.57985
        Td = 2.28993
        Te = 1.14496
#       SitePat  BranchLen
              b 140518.9214116
              e 54143.9210214
              c 57641.7628924
              n 49958.1367986
              w 53296.4673356
            b:e 2614.2606625
            b:c 3001.4819223
            b:n 2031.6368231
            b:w 2232.4029220
            e:c 11210.1365561
            e:n 6351.3545402
            e:w 5388.0752528
            c:n 5502.9705862
            c:w 4123.3212263
            n:w 13837.3360437
          b:e:c 2261.5845521
          b:e:n 1195.3299444
          b:e:w 1237.1263101
          b:c:n 1238.7689204
          b:c:w 1193.9778842
          b:n:w 2255.1762836
          e:c:n 6329.1421537
          e:c:w 5348.5597557
          e:n:w 8210.8190031
          c:n:w 6818.8517644
        b:e:c:n 2236.0780276
        b:e:c:w 2023.4871076
        b:e:n:w 2964.5224601
        b:c:n:w 2584.2739982
        e:c:n:w 58074.6318824
