########################################
# legofit: estimate population history #
#       version 2.3.4-4-g53f8760       #
########################################

# Program was compiled: Sep 21 2021 14:36:42
# Program was run: Thu Sep 23 15:26:08 2021

# cmd: legofit -1 -d 0 -t 32 --ptsPerDim 3 --stateOut b1boot41.state --tol 3e-6 -S 5000 bcde2.lgo ../../boot/boot41.opf
# Stage nOptItr nSimReps
#     0    5000        0
# algorithm          : deterministic
# ignoring probs <=  : 0
# Branch length floor: 0
# DE strategy        : 2
#    F               : 0.3
#    CR              : 0.8
#    tolerance       : 3e-06
# nthreads           : 32
# lgo input file     : bcde2.lgo
# site pat input file: ../../boot/boot41.opf
# free parameters    : 16
# points in DE swarm : 48
# output state file  : b1boot41.state
# Including singleton site patterns.
# cost function      : KL
Initial parameter values
Fixed:
      zero = 0
       one = 1
    Tbecnw = 75200
Free:
       pc1 = 0
       pc2 = 0
       pc3 = 0
       pc4 = 0
       pc5 = 0
       pc6 = 0
       pc7 = 0
       pc8 = 0
       pc9 = 0
      pc10 = 0
      pc11 = 0
      pc12 = 0
      pc13 = 0
      pc14 = 0
      pc15 = 0
      pc16 = 0
Constrained:
     Tecnw = 45046.6
       Tnw = 2257.76
       Tec = 2752.99
     twoNb = 1.23564e+06
     twoNe = 38843.1
     twoNc = 299608
     twoNn = 200636
     twoNw = 565546
    twoNec = 265461
    twoNnw = 122207
  twoNecnw = 26314.3
  twoNbecnw = 79618.8
        m2 = 0.0159705
        m3 = 0.300818
        m4 = 3.54193e-05
        m5 = 0.143097
        Tb = 23899.8
        Tc = 1128.88
        Td = 564.441
        Te = 282.22
DiffEv reached_goal. cost=2.48425e-03 spread=2.75527e-06
Fitted parameter values
Free:
       pc1 = -2.69527
       pc2 = 3.85112
       pc3 = 1.97315
       pc4 = -1.73995
       pc5 = -1.99403
       pc6 = 1.47393
       pc7 = 0.515386
       pc8 = 1.14768
       pc9 = -1.28549
      pc10 = -0.866263
      pc11 = 0.151197
      pc12 = 0.380898
      pc13 = -0.104131
      pc14 = 0.0245862
      pc15 = -0.0844663
      pc16 = -0.0130372
Constrained:
     Tecnw = 45720.9
       Tnw = 4.30957
       Tec = 82.8723
     twoNb = 3.2618e+06
     twoNe = 2021.23
     twoNc = 177853
     twoNn = 71345.1
     twoNw = 890514
    twoNec = 261284
    twoNnw = 135905
  twoNecnw = 25154.8
  twoNbecnw = 79796.2
        m2 = 0.0288495
        m3 = 0.305148
        m4 = 5.65431e-05
        m5 = 0.14816
        Tb = 22901.9
        Tc = 2.15479
        Td = 1.07739
        Te = 0.538697
#       SitePat  BranchLen
              b 140306.7666388
              e 54248.9790250
              c 57759.0955271
              n 50164.2898466
              w 53539.4053128
            b:e 2622.4968764
            b:c 3011.8171876
            b:n 2051.8683820
            b:w 2260.3916321
            e:c 11260.2179756
            e:n 6390.8000296
            e:w 5422.7346037
            c:n 5540.4289353
            c:w 4148.3745628
            n:w 13819.7975193
          b:e:c 2278.2363955
          b:e:n 1208.2641336
          b:e:w 1251.0067833
          b:c:n 1252.6616083
          b:c:w 1206.9133613
          b:n:w 2271.7931263
          e:c:n 6377.8047714
          e:c:w 5377.6537111
          e:n:w 8204.4056562
          c:n:w 6811.6640139
        b:e:c:n 2264.1179060
        b:e:c:w 2043.7556457
        b:e:n:w 2974.8456730
        b:c:n:w 2592.5775844
        e:c:n:w 57672.1937484
