########################################
# legofit: estimate population history #
#       version 2.3.4-4-g53f8760       #
########################################

# Program was compiled: Sep 21 2021 14:36:42
# Program was run: Thu Sep 23 15:24:29 2021

# cmd: legofit -1 -d 0 -t 32 --ptsPerDim 3 --stateOut b1boot14.state --tol 3e-6 -S 5000 bcde2.lgo ../../boot/boot14.opf
# Stage nOptItr nSimReps
#     0    5000        0
# algorithm          : deterministic
# ignoring probs <=  : 0
# Branch length floor: 0
# DE strategy        : 2
#    F               : 0.3
#    CR              : 0.8
#    tolerance       : 3e-06
# nthreads           : 32
# lgo input file     : bcde2.lgo
# site pat input file: ../../boot/boot14.opf
# free parameters    : 16
# points in DE swarm : 48
# output state file  : b1boot14.state
# Including singleton site patterns.
# cost function      : KL
Initial parameter values
Fixed:
      zero = 0
       one = 1
    Tbecnw = 75200
Free:
       pc1 = 0
       pc2 = 0
       pc3 = 0
       pc4 = 0
       pc5 = 0
       pc6 = 0
       pc7 = 0
       pc8 = 0
       pc9 = 0
      pc10 = 0
      pc11 = 0
      pc12 = 0
      pc13 = 0
      pc14 = 0
      pc15 = 0
      pc16 = 0
Constrained:
     Tecnw = 45046.6
       Tnw = 2257.76
       Tec = 2752.99
     twoNb = 1.23564e+06
     twoNe = 38843.1
     twoNc = 299608
     twoNn = 200636
     twoNw = 565546
    twoNec = 265461
    twoNnw = 122207
  twoNecnw = 26314.3
  twoNbecnw = 79618.8
        m2 = 0.0159705
        m3 = 0.300818
        m4 = 3.54193e-05
        m5 = 0.143097
        Tb = 23899.8
        Tc = 1128.88
        Td = 564.441
        Te = 282.22
DiffEv reached_goal. cost=2.47329e-03 spread=2.33186e-06
Fitted parameter values
Free:
       pc1 = -2.61784
       pc2 = 3.8242
       pc3 = 1.9553
       pc4 = -1.5997
       pc5 = -1.92388
       pc6 = 1.79073
       pc7 = -0.0101799
       pc8 = 1.81494
       pc9 = -1.64469
      pc10 = -0.608411
      pc11 = -0.0778093
      pc12 = -0.0583412
      pc13 = 0.0962021
      pc14 = -0.146116
      pc15 = -0.108344
      pc16 = 0.0238818
Constrained:
     Tecnw = 45529.8
       Tnw = 19.9971
       Tec = 78.2952
     twoNb = 3.30092e+06
     twoNe = 1800.71
     twoNc = 163452
     twoNn = 25182.4
     twoNw = 1.36476e+06
    twoNec = 262931
    twoNnw = 133961
  twoNecnw = 25133.3
  twoNbecnw = 80002.3
        m2 = 0.0289754
        m3 = 0.307191
        m4 = 4.12233e-05
        m5 = 0.146447
        Tb = 22804
        Tc = 9.99856
        Td = 4.99928
        Te = 2.49964
#       SitePat  BranchLen
              b 140578.8158756
              e 54160.0787456
              c 57624.6318386
              n 49980.3395166
              w 53305.5886545
            b:e 2620.4362265
            b:c 3005.0591575
            b:n 2040.2246083
            b:w 2241.6418037
            e:c 11211.5104217
            e:n 6350.0591458
            e:w 5409.5145311
            c:n 5530.5979686
            c:w 4140.7901445
            n:w 13830.6204888
          b:e:c 2266.6397990
          b:e:n 1200.2142157
          b:e:w 1243.9752592
          b:c:n 1245.6223998
          b:c:w 1198.8706584
          b:n:w 2260.2538261
          e:c:n 6349.0576285
          e:c:w 5369.0569000
          e:n:w 8218.6723653
          c:n:w 6835.0961686
        b:e:c:n 2245.3251026
        b:e:c:w 2032.0026345
        b:e:n:w 2968.1773876
        b:c:n:w 2590.4595409
        e:c:n:w 58092.9981321
