########################################
# legofit: estimate population history #
#       version 2.3.4-4-g53f8760       #
########################################

# Program was compiled: Sep 21 2021 14:36:42
# Program was run: Thu Sep 23 15:25:38 2021

# cmd: legofit -1 -d 0 -t 32 --ptsPerDim 3 --stateOut b1boot31.state --tol 3e-6 -S 5000 bcde2.lgo ../../boot/boot31.opf
# Stage nOptItr nSimReps
#     0    5000        0
# algorithm          : deterministic
# ignoring probs <=  : 0
# Branch length floor: 0
# DE strategy        : 2
#    F               : 0.3
#    CR              : 0.8
#    tolerance       : 3e-06
# nthreads           : 32
# lgo input file     : bcde2.lgo
# site pat input file: ../../boot/boot31.opf
# free parameters    : 16
# points in DE swarm : 48
# output state file  : b1boot31.state
# Including singleton site patterns.
# cost function      : KL
Initial parameter values
Fixed:
      zero = 0
       one = 1
    Tbecnw = 75200
Free:
       pc1 = 0
       pc2 = 0
       pc3 = 0
       pc4 = 0
       pc5 = 0
       pc6 = 0
       pc7 = 0
       pc8 = 0
       pc9 = 0
      pc10 = 0
      pc11 = 0
      pc12 = 0
      pc13 = 0
      pc14 = 0
      pc15 = 0
      pc16 = 0
Constrained:
     Tecnw = 45046.6
       Tnw = 2257.76
       Tec = 2752.99
     twoNb = 1.23564e+06
     twoNe = 38843.1
     twoNc = 299608
     twoNn = 200636
     twoNw = 565546
    twoNec = 265461
    twoNnw = 122207
  twoNecnw = 26314.3
  twoNbecnw = 79618.8
        m2 = 0.0159705
        m3 = 0.300818
        m4 = 3.54193e-05
        m5 = 0.143097
        Tb = 23899.8
        Tc = 1128.88
        Td = 564.441
        Te = 282.22
DiffEv reached_goal. cost=2.48190e-03 spread=2.97568e-06
Fitted parameter values
Free:
       pc1 = -2.98774
       pc2 = 3.46937
       pc3 = 1.9345
       pc4 = -1.57267
       pc5 = -1.89063
       pc6 = 1.74627
       pc7 = 1.78279
       pc8 = 1.38691
       pc9 = -1.51176
      pc10 = -1.04704
      pc11 = 0.105507
      pc12 = -0.0794097
      pc13 = -0.0432043
      pc14 = -0.0442018
      pc15 = -0.154452
      pc16 = -0.0578567
Constrained:
     Tecnw = 45552.4
       Tnw = 0.112054
       Tec = 94.371
     twoNb = 3.48751e+06
     twoNe = 2480.71
     twoNc = 88976.4
     twoNn = 263807
     twoNw = 954184
    twoNec = 265168
    twoNnw = 136841
  twoNecnw = 25349
  twoNbecnw = 80184.1
        m2 = 0.0278821
        m3 = 0.302248
        m4 = 7.4081e-05
        m5 = 0.149371
        Tb = 22823.4
        Tc = 0.0560269
        Td = 0.0280135
        Te = 0.0140067
#       SitePat  BranchLen
              b 140619.1486139
              e 54304.0830803
              c 57788.9763844
              n 50223.6570934
              w 53492.1469892
            b:e 2632.3664624
            b:c 3020.6122142
            b:n 2066.6466633
            b:w 2271.7697459
            e:c 11229.5347377
            e:n 6379.4588633
            e:w 5464.4346532
            c:n 5555.0451047
            c:w 4187.3504275
            n:w 13814.8472126
          b:e:c 2287.2573976
          b:e:n 1218.5010789
          b:e:w 1262.9359715
          b:c:n 1264.4222476
          b:c:w 1217.3147806
          b:n:w 2281.4387489
          e:c:n 6392.2724191
          e:c:w 5419.8719944
          e:n:w 8238.8199461
          c:n:w 6848.6338378
        b:e:c:n 2275.1530946
        b:e:c:w 2059.3320028
        b:e:n:w 2986.8803326
        b:c:n:w 2605.1253916
        e:c:n:w 57918.0027118
