########################################
# legofit: estimate population history #
#       version 2.3.4-4-g53f8760       #
########################################

# Program was compiled: Sep 21 2021 14:36:42
# Program was run: Thu Sep 23 15:26:38 2021

# cmd: legofit -1 -d 0 -t 32 --ptsPerDim 3 --stateOut b1boot48.state --tol 3e-6 -S 5000 bcde2.lgo ../../boot/boot48.opf
# Stage nOptItr nSimReps
#     0    5000        0
# algorithm          : deterministic
# ignoring probs <=  : 0
# Branch length floor: 0
# DE strategy        : 2
#    F               : 0.3
#    CR              : 0.8
#    tolerance       : 3e-06
# nthreads           : 32
# lgo input file     : bcde2.lgo
# site pat input file: ../../boot/boot48.opf
# free parameters    : 16
# points in DE swarm : 48
# output state file  : b1boot48.state
# Including singleton site patterns.
# cost function      : KL
Initial parameter values
Fixed:
      zero = 0
       one = 1
    Tbecnw = 75200
Free:
       pc1 = 0
       pc2 = 0
       pc3 = 0
       pc4 = 0
       pc5 = 0
       pc6 = 0
       pc7 = 0
       pc8 = 0
       pc9 = 0
      pc10 = 0
      pc11 = 0
      pc12 = 0
      pc13 = 0
      pc14 = 0
      pc15 = 0
      pc16 = 0
Constrained:
     Tecnw = 45046.6
       Tnw = 2257.76
       Tec = 2752.99
     twoNb = 1.23564e+06
     twoNe = 38843.1
     twoNc = 299608
     twoNn = 200636
     twoNw = 565546
    twoNec = 265461
    twoNnw = 122207
  twoNecnw = 26314.3
  twoNbecnw = 79618.8
        m2 = 0.0159705
        m3 = 0.300818
        m4 = 3.54193e-05
        m5 = 0.143097
        Tb = 23899.8
        Tc = 1128.88
        Td = 564.441
        Te = 282.22
DiffEv reached_goal. cost=2.51023e-03 spread=2.79040e-06
Fitted parameter values
Free:
       pc1 = -2.72815
       pc2 = 3.83141
       pc3 = 1.98233
       pc4 = -1.56493
       pc5 = -1.9801
       pc6 = 1.05342
       pc7 = 1.03082
       pc8 = 1.20838
       pc9 = -1.54882
      pc10 = -1.14947
      pc11 = 0.169772
      pc12 = 0.217323
      pc13 = -0.0140003
      pc14 = -0.0935195
      pc15 = -0.109539
      pc16 = -0.0518377
Constrained:
     Tecnw = 45621.6
       Tnw = 18.887
       Tec = 104.659
     twoNb = 3.2831e+06
     twoNe = 2510.84
     twoNc = 42772.3
     twoNn = 162673
     twoNw = 775504
    twoNec = 260360
    twoNnw = 136694
  twoNecnw = 25146.8
  twoNbecnw = 79923.7
        m2 = 0.0289365
        m3 = 0.302532
        m4 = 5.34695e-05
        m5 = 0.149999
        Tb = 22863.1
        Tc = 9.44352
        Td = 4.72176
        Te = 2.36088
#       SitePat  BranchLen
              b 140462.1187686
              e 54192.3969280
              c 57684.0779681
              n 50155.6415373
              w 53459.1131591
            b:e 2618.3445762
            b:c 3007.8457265
            b:n 2050.7596693
            b:w 2253.2930060
            e:c 11245.5881090
            e:n 6353.4523388
            e:w 5432.3079611
            c:n 5535.0892700
            c:w 4146.5646823
            n:w 13780.1674115
          b:e:c 2271.6316556
          b:e:n 1204.6630185
          b:e:w 1249.6698556
          b:c:n 1251.3154143
          b:c:w 1203.3476192
          b:n:w 2265.2081035
          e:c:n 6366.7248603
          e:c:w 5387.6200125
          e:n:w 8208.6141355
          c:n:w 6813.6122223
        b:e:c:n 2256.9884768
        b:e:c:w 2042.7182893
        b:e:n:w 2970.8878484
        b:c:n:w 2588.4837593
        e:c:n:w 57895.6677214
