########################################
# legofit: estimate population history #
#       version 2.3.4-4-g53f8760       #
########################################

# Program was compiled: Sep 21 2021 14:36:42
# Program was run: Thu Sep 23 15:23:47 2021

# cmd: legofit -1 -d 0 -t 32 --ptsPerDim 3 --stateOut b1boot6.state --tol 3e-6 -S 5000 bcde2.lgo ../../boot/boot6.opf
# Stage nOptItr nSimReps
#     0    5000        0
# algorithm          : deterministic
# ignoring probs <=  : 0
# Branch length floor: 0
# DE strategy        : 2
#    F               : 0.3
#    CR              : 0.8
#    tolerance       : 3e-06
# nthreads           : 32
# lgo input file     : bcde2.lgo
# site pat input file: ../../boot/boot6.opf
# free parameters    : 16
# points in DE swarm : 48
# output state file  : b1boot6.state
# Including singleton site patterns.
# cost function      : KL
Initial parameter values
Fixed:
      zero = 0
       one = 1
    Tbecnw = 75200
Free:
       pc1 = 0
       pc2 = 0
       pc3 = 0
       pc4 = 0
       pc5 = 0
       pc6 = 0
       pc7 = 0
       pc8 = 0
       pc9 = 0
      pc10 = 0
      pc11 = 0
      pc12 = 0
      pc13 = 0
      pc14 = 0
      pc15 = 0
      pc16 = 0
Constrained:
     Tecnw = 45046.6
       Tnw = 2257.76
       Tec = 2752.99
     twoNb = 1.23564e+06
     twoNe = 38843.1
     twoNc = 299608
     twoNn = 200636
     twoNw = 565546
    twoNec = 265461
    twoNnw = 122207
  twoNecnw = 26314.3
  twoNbecnw = 79618.8
        m2 = 0.0159705
        m3 = 0.300818
        m4 = 3.54193e-05
        m5 = 0.143097
        Tb = 23899.8
        Tc = 1128.88
        Td = 564.441
        Te = 282.22
DiffEv reached_goal. cost=2.48394e-03 spread=2.53169e-06
Fitted parameter values
Free:
       pc1 = -2.36958
       pc2 = 3.88567
       pc3 = 1.99273
       pc4 = -1.82385
       pc5 = -1.99101
       pc6 = 0.950156
       pc7 = 0.138716
       pc8 = 1.65596
       pc9 = -1.69147
      pc10 = -0.699492
      pc11 = 0.143651
      pc12 = 0.191582
      pc13 = 0.101454
      pc14 = -0.0884385
      pc15 = -0.166894
      pc16 = -0.095527
Constrained:
     Tecnw = 45483.4
       Tnw = 24.7368
       Tec = 222.171
     twoNb = 3.23758e+06
     twoNe = 5512.07
     twoNc = 50569
     twoNn = 28723.5
     twoNw = 1.0574e+06
    twoNec = 261257
    twoNnw = 136239
  twoNecnw = 25164
  twoNbecnw = 79668.8
        m2 = 0.029313
        m3 = 0.304984
        m4 = 3.31782e-05
        m5 = 0.14859
        Tb = 22852.8
        Tc = 12.3684
        Td = 6.18421
        Te = 3.09211
#       SitePat  BranchLen
              b 140291.5372983
              e 54131.8869069
              c 57595.3955777
              n 50060.1276543
              w 53351.2362734
            b:e 2609.9280287
            b:c 2994.6905035
            b:n 2038.8560405
            b:w 2236.3671574
            e:c 11168.5893963
            e:n 6343.9196515
            e:w 5415.5594960
            c:n 5524.2651038
            c:w 4145.0303906
            n:w 13720.5478946
          b:e:c 2251.6361476
          b:e:n 1198.3736404
          b:e:w 1241.9930608
          b:c:n 1243.6800999
          b:c:w 1197.0082650
          b:n:w 2245.0876846
          e:c:n 6342.3625481
          e:c:w 5374.0351284
          e:n:w 8193.1505915
          c:n:w 6812.3389338
        b:e:c:n 2240.1433324
        b:e:c:w 2030.4982994
        b:e:n:w 2956.8205509
        b:c:n:w 2579.2230525
        e:c:n:w 57856.9463829
