########################################
# legofit: estimate population history #
#       version 2.3.4-4-g53f8760       #
########################################

# Program was compiled: Sep 21 2021 14:36:42
# Program was run: Thu Sep 23 15:25:14 2021

# cmd: legofit -1 -d 0 -t 32 --ptsPerDim 3 --stateOut b1boot28.state --tol 3e-6 -S 5000 bcde2.lgo ../../boot/boot28.opf
# Stage nOptItr nSimReps
#     0    5000        0
# algorithm          : deterministic
# ignoring probs <=  : 0
# Branch length floor: 0
# DE strategy        : 2
#    F               : 0.3
#    CR              : 0.8
#    tolerance       : 3e-06
# nthreads           : 32
# lgo input file     : bcde2.lgo
# site pat input file: ../../boot/boot28.opf
# free parameters    : 16
# points in DE swarm : 48
# output state file  : b1boot28.state
# Including singleton site patterns.
# cost function      : KL
Initial parameter values
Fixed:
      zero = 0
       one = 1
    Tbecnw = 75200
Free:
       pc1 = 0
       pc2 = 0
       pc3 = 0
       pc4 = 0
       pc5 = 0
       pc6 = 0
       pc7 = 0
       pc8 = 0
       pc9 = 0
      pc10 = 0
      pc11 = 0
      pc12 = 0
      pc13 = 0
      pc14 = 0
      pc15 = 0
      pc16 = 0
Constrained:
     Tecnw = 45046.6
       Tnw = 2257.76
       Tec = 2752.99
     twoNb = 1.23564e+06
     twoNe = 38843.1
     twoNc = 299608
     twoNn = 200636
     twoNw = 565546
    twoNec = 265461
    twoNnw = 122207
  twoNecnw = 26314.3
  twoNbecnw = 79618.8
        m2 = 0.0159705
        m3 = 0.300818
        m4 = 3.54193e-05
        m5 = 0.143097
        Tb = 23899.8
        Tc = 1128.88
        Td = 564.441
        Te = 282.22
DiffEv reached_goal. cost=2.46690e-03 spread=2.97634e-06
Fitted parameter values
Free:
       pc1 = -2.8407
       pc2 = 3.59497
       pc3 = 1.98434
       pc4 = -1.98237
       pc5 = -1.9837
       pc6 = 1.51653
       pc7 = 1.38236
       pc8 = 1.58055
       pc9 = -1.82238
      pc10 = -0.75387
      pc11 = 0.425612
      pc12 = 0.483566
      pc13 = 0.0281163
      pc14 = -0.00185855
      pc15 = -0.17275
      pc16 = -0.0536532
Constrained:
     Tecnw = 45597.5
       Tnw = 12.2527
       Tec = 143.86
     twoNb = 3.6164e+06
     twoNe = 3530.63
     twoNc = 81169.9
     twoNn = 175379
     twoNw = 1.01975e+06
    twoNec = 264477
    twoNnw = 136302
  twoNecnw = 25307.3
  twoNbecnw = 79717.9
        m2 = 0.0276453
        m3 = 0.302505
        m4 = 6.1269e-05
        m5 = 0.151449
        Tb = 22870.7
        Tc = 6.12636
        Td = 3.06318
        Te = 1.53159
#       SitePat  BranchLen
              b 140259.1094488
              e 54232.9650622
              c 57774.3014032
              n 50163.0220658
              w 53439.3286566
            b:e 2609.3393469
            b:c 3000.9027347
            b:n 2050.5248316
            b:w 2256.3657104
            e:c 11191.5221951
            e:n 6379.2319111
            e:w 5463.1714904
            c:n 5537.7497498
            c:w 4165.6300961
            n:w 13793.5436307
          b:e:c 2271.9110613
          b:e:n 1210.1324640
          b:e:w 1255.0098958
          b:c:n 1256.4266770
          b:c:w 1208.9995504
          b:n:w 2266.3905926
          e:c:n 6363.8503836
          e:c:w 5388.4521341
          e:n:w 8213.6016408
          c:n:w 6804.7709535
        b:e:c:n 2259.5746099
        b:e:c:w 2043.5551593
        b:e:n:w 2968.8271974
        b:c:n:w 2583.4978439
        e:c:n:w 57649.4225722
