########################################
# legofit: estimate population history #
#       version 2.3.4-4-g53f8760       #
########################################

# Program was compiled: Sep 21 2021 14:36:42
# Program was run: Thu Sep 23 15:25:05 2021

# cmd: legofit -1 -d 0 -t 32 --ptsPerDim 3 --stateOut b1boot25.state --tol 3e-6 -S 5000 bcde2.lgo ../../boot/boot25.opf
# Stage nOptItr nSimReps
#     0    5000        0
# algorithm          : deterministic
# ignoring probs <=  : 0
# Branch length floor: 0
# DE strategy        : 2
#    F               : 0.3
#    CR              : 0.8
#    tolerance       : 3e-06
# nthreads           : 32
# lgo input file     : bcde2.lgo
# site pat input file: ../../boot/boot25.opf
# free parameters    : 16
# points in DE swarm : 48
# output state file  : b1boot25.state
# Including singleton site patterns.
# cost function      : KL
Initial parameter values
Fixed:
      zero = 0
       one = 1
    Tbecnw = 75200
Free:
       pc1 = 0
       pc2 = 0
       pc3 = 0
       pc4 = 0
       pc5 = 0
       pc6 = 0
       pc7 = 0
       pc8 = 0
       pc9 = 0
      pc10 = 0
      pc11 = 0
      pc12 = 0
      pc13 = 0
      pc14 = 0
      pc15 = 0
      pc16 = 0
Constrained:
     Tecnw = 45046.6
       Tnw = 2257.76
       Tec = 2752.99
     twoNb = 1.23564e+06
     twoNe = 38843.1
     twoNc = 299608
     twoNn = 200636
     twoNw = 565546
    twoNec = 265461
    twoNnw = 122207
  twoNecnw = 26314.3
  twoNbecnw = 79618.8
        m2 = 0.0159705
        m3 = 0.300818
        m4 = 3.54193e-05
        m5 = 0.143097
        Tb = 23899.8
        Tc = 1128.88
        Td = 564.441
        Te = 282.22
DiffEv reached_goal. cost=2.50335e-03 spread=2.70014e-06
Fitted parameter values
Free:
       pc1 = -2.90292
       pc2 = 3.69407
       pc3 = 1.96632
       pc4 = -1.97923
       pc5 = -1.94413
       pc6 = 1.89397
       pc7 = 0.659654
       pc8 = 1.26218
       pc9 = -1.32001
      pc10 = -0.564399
      pc11 = -0.0800263
      pc12 = 0.580136
      pc13 = 0.148701
      pc14 = -8.15617e-05
      pc15 = -0.105575
      pc16 = -0.048843
Constrained:
     Tecnw = 45708.9
       Tnw = 14.1708
       Tec = 166.364
     twoNb = 3.44017e+06
     twoNe = 4059.23
     twoNc = 258620
     twoNn = 75444.4
     twoNw = 1.08497e+06
    twoNec = 265612
    twoNnw = 136066
  twoNecnw = 25079.9
  twoNbecnw = 79732.7
        m2 = 0.0279194
        m3 = 0.303024
        m4 = 6.38131e-05
        m5 = 0.146907
        Tb = 22937.6
        Tc = 7.08541
        Td = 3.54271
        Te = 1.77135
#       SitePat  BranchLen
              b 140334.2539224
              e 54303.1713296
              c 57770.7049565
              n 50165.6971185
              w 53459.5099549
            b:e 2607.8124683
            b:c 2989.8390162
            b:n 2039.4285772
            b:w 2243.5355829
            e:c 11177.2342434
            e:n 6346.3307822
            e:w 5399.4758843
            c:n 5502.4179957
            c:w 4142.7884908
            n:w 13797.3006108
          b:e:c 2265.1468978
          b:e:n 1203.0490949
          b:e:w 1244.7304804
          b:c:n 1246.2221111
          b:c:w 1201.8327213
          b:n:w 2259.2854263
          e:c:n 6335.8090521
          e:c:w 5361.9925344
          e:n:w 8174.6292830
          c:n:w 6800.9859738
        b:e:c:n 2246.9263750
        b:e:c:w 2032.0154579
        b:e:n:w 2955.8334252
        b:c:n:w 2580.2414824
        e:c:n:w 57795.9957309
