########################################
# legofit: estimate population history #
#       version 2.3.4-4-g53f8760       #
########################################

# Program was compiled: Sep 21 2021 14:36:42
# Program was run: Thu Sep 23 15:23:33 2021

# cmd: legofit -1 -d 0 -t 32 --ptsPerDim 3 --stateOut b1boot0.state --tol 3e-6 -S 5000 bcde2.lgo ../../boot/boot0.opf
# Stage nOptItr nSimReps
#     0    5000        0
# algorithm          : deterministic
# ignoring probs <=  : 0
# Branch length floor: 0
# DE strategy        : 2
#    F               : 0.3
#    CR              : 0.8
#    tolerance       : 3e-06
# nthreads           : 32
# lgo input file     : bcde2.lgo
# site pat input file: ../../boot/boot0.opf
# free parameters    : 16
# points in DE swarm : 48
# output state file  : b1boot0.state
# Including singleton site patterns.
# cost function      : KL
Initial parameter values
Fixed:
      zero = 0
       one = 1
    Tbecnw = 75200
Free:
       pc1 = 0
       pc2 = 0
       pc3 = 0
       pc4 = 0
       pc5 = 0
       pc6 = 0
       pc7 = 0
       pc8 = 0
       pc9 = 0
      pc10 = 0
      pc11 = 0
      pc12 = 0
      pc13 = 0
      pc14 = 0
      pc15 = 0
      pc16 = 0
Constrained:
     Tecnw = 45046.6
       Tnw = 2257.76
       Tec = 2752.99
     twoNb = 1.23564e+06
     twoNe = 38843.1
     twoNc = 299608
     twoNn = 200636
     twoNw = 565546
    twoNec = 265461
    twoNnw = 122207
  twoNecnw = 26314.3
  twoNbecnw = 79618.8
        m2 = 0.0159705
        m3 = 0.300818
        m4 = 3.54193e-05
        m5 = 0.143097
        Tb = 23899.8
        Tc = 1128.88
        Td = 564.441
        Te = 282.22
DiffEv reached_goal. cost=2.46009e-03 spread=2.80988e-06
Fitted parameter values
Free:
       pc1 = -2.52873
       pc2 = 3.94531
       pc3 = 1.90268
       pc4 = -1.8525
       pc5 = -1.96679
       pc6 = 1.25458
       pc7 = 0.353654
       pc8 = 0.833466
       pc9 = -1.14015
      pc10 = -1.03577
      pc11 = 0.241208
      pc12 = 0.143366
      pc13 = 0.0624666
      pc14 = -0.0327408
      pc15 = -0.135058
      pc16 = -0.0310948
Constrained:
     Tecnw = 45573.2
       Tnw = 50.127
       Tec = 225.698
     twoNb = 3.12497e+06
     twoNe = 5430.12
     twoNc = 196750
     twoNn = 37458.8
     twoNw = 714287
    twoNec = 260493
    twoNnw = 135523
  twoNecnw = 25109.2
  twoNbecnw = 79821
        m2 = 0.0298622
        m3 = 0.305
        m4 = 5.64409e-05
        m5 = 0.148786
        Tb = 22899.5
        Tc = 25.0635
        Td = 12.5317
        Te = 6.26587
#       SitePat  BranchLen
              b 140384.6889860
              e 54209.6457692
              c 57681.9936700
              n 50098.4800648
              w 53380.2402935
            b:e 2624.7657232
            b:c 3013.6806749
            b:n 2044.7343059
            b:w 2240.1282485
            e:c 11199.9755716
            e:n 6332.2699293
            e:w 5421.0618628
            c:n 5528.0854055
            c:w 4137.4253961
            n:w 13777.5603060
          b:e:c 2262.8845977
          b:e:n 1199.5191807
          b:e:w 1244.8338850
          b:c:n 1246.6245131
          b:c:w 1198.0859898
          b:n:w 2255.9413679
          e:c:n 6338.3362084
          e:c:w 5374.4743168
          e:n:w 8222.2413675
          c:n:w 6829.7397360
        b:e:c:n 2244.1187171
        b:e:c:w 2035.9183322
        b:e:n:w 2973.6920271
        b:c:n:w 2592.3943593
        e:c:n:w 57878.2734197
