########################################
# legofit: estimate population history #
#       version 2.3.4-4-g53f8760       #
########################################

# Program was compiled: Sep 21 2021 14:36:42
# Program was run: Thu Sep 23 15:24:52 2021

# cmd: legofit -1 -d 0 -t 32 --ptsPerDim 3 --stateOut b1boot23.state --tol 3e-6 -S 5000 bcde2.lgo ../../boot/boot23.opf
# Stage nOptItr nSimReps
#     0    5000        0
# algorithm          : deterministic
# ignoring probs <=  : 0
# Branch length floor: 0
# DE strategy        : 2
#    F               : 0.3
#    CR              : 0.8
#    tolerance       : 3e-06
# nthreads           : 32
# lgo input file     : bcde2.lgo
# site pat input file: ../../boot/boot23.opf
# free parameters    : 16
# points in DE swarm : 48
# output state file  : b1boot23.state
# Including singleton site patterns.
# cost function      : KL
Initial parameter values
Fixed:
      zero = 0
       one = 1
    Tbecnw = 75200
Free:
       pc1 = 0
       pc2 = 0
       pc3 = 0
       pc4 = 0
       pc5 = 0
       pc6 = 0
       pc7 = 0
       pc8 = 0
       pc9 = 0
      pc10 = 0
      pc11 = 0
      pc12 = 0
      pc13 = 0
      pc14 = 0
      pc15 = 0
      pc16 = 0
Constrained:
     Tecnw = 45046.6
       Tnw = 2257.76
       Tec = 2752.99
     twoNb = 1.23564e+06
     twoNe = 38843.1
     twoNc = 299608
     twoNn = 200636
     twoNw = 565546
    twoNec = 265461
    twoNnw = 122207
  twoNecnw = 26314.3
  twoNbecnw = 79618.8
        m2 = 0.0159705
        m3 = 0.300818
        m4 = 3.54193e-05
        m5 = 0.143097
        Tb = 23899.8
        Tc = 1128.88
        Td = 564.441
        Te = 282.22
DiffEv reached_goal. cost=2.48218e-03 spread=2.91022e-06
Fitted parameter values
Free:
       pc1 = -2.65573
       pc2 = 3.15306
       pc3 = 1.87695
       pc4 = -1.97209
       pc5 = -1.99954
       pc6 = 0.756022
       pc7 = 0.643629
       pc8 = 1.13268
       pc9 = -1.6208
      pc10 = -1.11566
      pc11 = -0.380772
      pc12 = 0.0646865
      pc13 = -0.0131605
      pc14 = 0.0839412
      pc15 = -0.0275913
      pc16 = 0.058168
Constrained:
     Tecnw = 45499.8
       Tnw = 1.56273
       Tec = 21.6986
     twoNb = 3.07584e+06
     twoNe = 527.181
     twoNc = 60611.1
     twoNn = 83987.4
     twoNw = 883031
    twoNec = 262180
    twoNnw = 137008
  twoNecnw = 25374.9
  twoNbecnw = 79841.5
        m2 = 0.0286681
        m3 = 0.294772
        m4 = 4.94655e-05
        m5 = 0.14787
        Tb = 22760.7
        Tc = 0.781365
        Td = 0.390683
        Te = 0.195341
#       SitePat  BranchLen
              b 140321.1672562
              e 54242.1321850
              c 57718.3040345
              n 50140.1484372
              w 53388.1337251
            b:e 2632.9170308
            b:c 3020.1111292
            b:n 2055.9352200
            b:w 2256.5056560
            e:c 11298.2877498
            e:n 6350.0498637
            e:w 5416.4250503
            c:n 5502.1600771
            c:w 4166.2731192
            n:w 13894.4273799
          b:e:c 2289.8455045
          b:e:n 1209.4097809
          b:e:w 1250.0139212
          b:c:n 1251.7062426
          b:c:w 1208.0423420
          b:n:w 2283.0113093
          e:c:n 6362.4559099
          e:c:w 5399.1439220
          e:n:w 8233.7943374
          c:n:w 6847.9206003
        b:e:c:n 2260.4101659
        b:e:c:w 2047.7379615
        b:e:n:w 2980.9694343
        b:c:n:w 2601.1940587
        e:c:n:w 57695.3841958
