########################################
# legofit: estimate population history #
#       version 2.3.4-4-g53f8760       #
########################################

# Program was compiled: Sep 21 2021 14:36:42
# Program was run: Thu Sep 23 15:26:21 2021

# cmd: legofit -1 -d 0 -t 32 --ptsPerDim 3 --stateOut b1boot44.state --tol 3e-6 -S 5000 bcde2.lgo ../../boot/boot44.opf
# Stage nOptItr nSimReps
#     0    5000        0
# algorithm          : deterministic
# ignoring probs <=  : 0
# Branch length floor: 0
# DE strategy        : 2
#    F               : 0.3
#    CR              : 0.8
#    tolerance       : 3e-06
# nthreads           : 32
# lgo input file     : bcde2.lgo
# site pat input file: ../../boot/boot44.opf
# free parameters    : 16
# points in DE swarm : 48
# output state file  : b1boot44.state
# Including singleton site patterns.
# cost function      : KL
Initial parameter values
Fixed:
      zero = 0
       one = 1
    Tbecnw = 75200
Free:
       pc1 = 0
       pc2 = 0
       pc3 = 0
       pc4 = 0
       pc5 = 0
       pc6 = 0
       pc7 = 0
       pc8 = 0
       pc9 = 0
      pc10 = 0
      pc11 = 0
      pc12 = 0
      pc13 = 0
      pc14 = 0
      pc15 = 0
      pc16 = 0
Constrained:
     Tecnw = 45046.6
       Tnw = 2257.76
       Tec = 2752.99
     twoNb = 1.23564e+06
     twoNe = 38843.1
     twoNc = 299608
     twoNn = 200636
     twoNw = 565546
    twoNec = 265461
    twoNnw = 122207
  twoNecnw = 26314.3
  twoNbecnw = 79618.8
        m2 = 0.0159705
        m3 = 0.300818
        m4 = 3.54193e-05
        m5 = 0.143097
        Tb = 23899.8
        Tc = 1128.88
        Td = 564.441
        Te = 282.22
DiffEv reached_goal. cost=2.47455e-03 spread=2.58703e-06
Fitted parameter values
Free:
       pc1 = -2.7016
       pc2 = 3.73838
       pc3 = 1.98868
       pc4 = -1.85208
       pc5 = -1.94385
       pc6 = 1.74974
       pc7 = 0.643778
       pc8 = 1.92403
       pc9 = -1.69816
      pc10 = -0.756653
      pc11 = -0.302407
      pc12 = 0.100733
      pc13 = -0.00636791
      pc14 = -0.0698305
      pc15 = -0.0713786
      pc16 = -0.0199596
Constrained:
     Tecnw = 45553.4
       Tnw = 23.9587
       Tec = 85.8464
     twoNb = 3.45704e+06
     twoNe = 1837.06
     twoNc = 102096
     twoNn = 103276
     twoNw = 1.34703e+06
    twoNec = 261408
    twoNnw = 136156
  twoNecnw = 25225.5
  twoNbecnw = 79922.4
        m2 = 0.0289506
        m3 = 0.3032
        m4 = 5.20072e-05
        m5 = 0.146084
        Tb = 22819.6
        Tc = 11.9794
        Td = 5.98968
        Te = 2.99484
#       SitePat  BranchLen
              b 140446.5267393
              e 54196.9130466
              c 57658.0370244
              n 50101.9151331
              w 53453.7740118
            b:e 2623.9734073
            b:c 3007.4121188
            b:n 2050.5172407
            b:w 2257.0133337
            e:c 11261.8804895
            e:n 6379.7231505
            e:w 5403.2282409
            c:n 5528.3057558
            c:w 4159.0445366
            n:w 13812.7124394
          b:e:c 2276.2552812
          b:e:n 1207.5361146
          b:e:w 1248.0397955
          b:c:n 1249.5948644
          b:c:w 1206.2556374
          b:n:w 2270.1333712
          e:c:n 6380.1015163
          e:c:w 5388.0140704
          e:n:w 8204.9640023
          c:n:w 6832.5591811
        b:e:c:n 2260.5420142
        b:e:c:w 2042.8661633
        b:e:n:w 2972.2638698
        b:c:n:w 2595.4325091
        e:c:n:w 57868.0612980
