########################################
# legofit: estimate population history #
#       version 2.3.4-4-g53f8760       #
########################################

# Program was compiled: Sep 21 2021 14:36:42
# Program was run: Thu Sep 23 15:26:01 2021

# cmd: legofit -1 -d 0 -t 32 --ptsPerDim 3 --stateOut b1boot40.state --tol 3e-6 -S 5000 bcde2.lgo ../../boot/boot40.opf
# Stage nOptItr nSimReps
#     0    5000        0
# algorithm          : deterministic
# ignoring probs <=  : 0
# Branch length floor: 0
# DE strategy        : 2
#    F               : 0.3
#    CR              : 0.8
#    tolerance       : 3e-06
# nthreads           : 32
# lgo input file     : bcde2.lgo
# site pat input file: ../../boot/boot40.opf
# free parameters    : 16
# points in DE swarm : 48
# output state file  : b1boot40.state
# Including singleton site patterns.
# cost function      : KL
Initial parameter values
Fixed:
      zero = 0
       one = 1
    Tbecnw = 75200
Free:
       pc1 = 0
       pc2 = 0
       pc3 = 0
       pc4 = 0
       pc5 = 0
       pc6 = 0
       pc7 = 0
       pc8 = 0
       pc9 = 0
      pc10 = 0
      pc11 = 0
      pc12 = 0
      pc13 = 0
      pc14 = 0
      pc15 = 0
      pc16 = 0
Constrained:
     Tecnw = 45046.6
       Tnw = 2257.76
       Tec = 2752.99
     twoNb = 1.23564e+06
     twoNe = 38843.1
     twoNc = 299608
     twoNn = 200636
     twoNw = 565546
    twoNec = 265461
    twoNnw = 122207
  twoNecnw = 26314.3
  twoNbecnw = 79618.8
        m2 = 0.0159705
        m3 = 0.300818
        m4 = 3.54193e-05
        m5 = 0.143097
        Tb = 23899.8
        Tc = 1128.88
        Td = 564.441
        Te = 282.22
DiffEv reached_goal. cost=2.49339e-03 spread=2.85183e-06
Fitted parameter values
Free:
       pc1 = -2.29018
       pc2 = 3.79779
       pc3 = 1.93561
       pc4 = -1.74146
       pc5 = -1.95192
       pc6 = 1.10848
       pc7 = 0.207853
       pc8 = 1.8034
       pc9 = -1.61064
      pc10 = -0.735073
      pc11 = 0.0905228
      pc12 = 0.00048275
      pc13 = 0.0269581
      pc14 = -0.247734
      pc15 = -0.121589
      pc16 = -0.0975349
Constrained:
     Tecnw = 45390.9
       Tnw = 28.8037
       Tec = 188.182
     twoNb = 3.21385e+06
     twoNe = 4855.39
     twoNc = 38874.4
     twoNn = 48669.6
     twoNw = 1.14162e+06
    twoNec = 259480
    twoNnw = 135918
  twoNecnw = 25203.6
  twoNbecnw = 79774.6
        m2 = 0.0289687
        m3 = 0.306219
        m4 = 3.69517e-05
        m5 = 0.1477
        Tb = 22789.5
        Tc = 14.4019
        Td = 7.20093
        Te = 3.60046
#       SitePat  BranchLen
              b 140414.6422030
              e 54046.8729870
              c 57452.1920258
              n 50008.8611201
              w 53307.8328481
            b:e 2604.7036048
            b:c 2983.9897538
            b:n 2038.5562289
            b:w 2238.2432556
            e:c 11204.9424922
            e:n 6320.3397309
            e:w 5411.9700187
            c:n 5541.0637577
            c:w 4142.9902168
            n:w 13713.1395446
          b:e:c 2251.7866211
          b:e:n 1195.7466354
          b:e:w 1241.4648403
          b:c:n 1243.1565449
          b:c:w 1194.3931970
          b:n:w 2245.2430667
          e:c:n 6360.4285895
          e:c:w 5383.1172580
          e:n:w 8175.4766253
          c:n:w 6810.9750470
        b:e:c:n 2242.0119846
        b:e:c:w 2030.1529572
        b:e:n:w 2946.2015701
        b:c:n:w 2574.0154695
        e:c:n:w 58029.0920177
