########################################
# legofit: estimate population history #
#       version 2.3.4-4-g53f8760       #
########################################

# Program was compiled: Sep 21 2021 14:36:42
# Program was run: Thu Sep 23 15:23:49 2021

# cmd: legofit -1 -d 0 -t 32 --ptsPerDim 3 --stateOut b1boot7.state --tol 3e-6 -S 5000 bcde2.lgo ../../boot/boot7.opf
# Stage nOptItr nSimReps
#     0    5000        0
# algorithm          : deterministic
# ignoring probs <=  : 0
# Branch length floor: 0
# DE strategy        : 2
#    F               : 0.3
#    CR              : 0.8
#    tolerance       : 3e-06
# nthreads           : 32
# lgo input file     : bcde2.lgo
# site pat input file: ../../boot/boot7.opf
# free parameters    : 16
# points in DE swarm : 48
# output state file  : b1boot7.state
# Including singleton site patterns.
# cost function      : KL
Initial parameter values
Fixed:
      zero = 0
       one = 1
    Tbecnw = 75200
Free:
       pc1 = 0
       pc2 = 0
       pc3 = 0
       pc4 = 0
       pc5 = 0
       pc6 = 0
       pc7 = 0
       pc8 = 0
       pc9 = 0
      pc10 = 0
      pc11 = 0
      pc12 = 0
      pc13 = 0
      pc14 = 0
      pc15 = 0
      pc16 = 0
Constrained:
     Tecnw = 45046.6
       Tnw = 2257.76
       Tec = 2752.99
     twoNb = 1.23564e+06
     twoNe = 38843.1
     twoNc = 299608
     twoNn = 200636
     twoNw = 565546
    twoNec = 265461
    twoNnw = 122207
  twoNecnw = 26314.3
  twoNbecnw = 79618.8
        m2 = 0.0159705
        m3 = 0.300818
        m4 = 3.54193e-05
        m5 = 0.143097
        Tb = 23899.8
        Tc = 1128.88
        Td = 564.441
        Te = 282.22
DiffEv reached_goal. cost=2.49295e-03 spread=2.95191e-06
Fitted parameter values
Free:
       pc1 = -2.61437
       pc2 = 3.71552
       pc3 = 1.96402
       pc4 = -1.95394
       pc5 = -1.95663
       pc6 = 1.71593
       pc7 = 0.251825
       pc8 = 1.48691
       pc9 = -1.38159
      pc10 = -0.650978
      pc11 = -0.37555
      pc12 = -0.138574
      pc13 = 0.0314157
      pc14 = -0.215484
      pc15 = -0.103803
      pc16 = -0.150091
Constrained:
     Tecnw = 45420.7
       Tnw = 14.8566
       Tec = 117.282
     twoNb = 3.2859e+06
     twoNe = 2767.87
     twoNc = 201873
     twoNn = 28415.9
     twoNw = 1.19869e+06
    twoNec = 261953
    twoNnw = 137723
  twoNecnw = 25170.5
  twoNbecnw = 79971.3
        m2 = 0.0290587
        m3 = 0.30395
        m4 = 5.24239e-05
        m5 = 0.144758
        Tb = 22769
        Tc = 7.4283
        Td = 3.71415
        Te = 1.85708
#       SitePat  BranchLen
              b 140567.2719834
              e 54120.0218112
              c 57510.8896125
              n 50088.4341959
              w 53423.0541437
            b:e 2614.4997193
            b:c 2989.8995031
            b:n 2045.1327332
            b:w 2247.0896950
            e:c 11200.7580075
            e:n 6361.7015740
            e:w 5382.3115886
            c:n 5522.8635642
            c:w 4164.4584956
            n:w 13685.7228742
          b:e:c 2255.7101086
          b:e:n 1203.6276087
          b:e:w 1242.7120008
          b:c:n 1244.3513947
          b:c:w 1202.2722336
          b:n:w 2249.2703346
          e:c:n 6376.2413480
          e:c:w 5394.2726603
          e:n:w 8168.6781264
          c:n:w 6827.2890369
        b:e:c:n 2250.8050251
        b:e:c:w 2036.9866262
        b:e:n:w 2952.6798005
        b:c:n:w 2584.2083889
        e:c:n:w 58125.5111505
