########################################
# legofit: estimate population history #
#       version 2.3.4-4-g53f8760       #
########################################

# Program was compiled: Sep 21 2021 14:36:42
# Program was run: Thu Sep 23 15:26:27 2021

# cmd: legofit -1 -d 0 -t 32 --ptsPerDim 3 --stateOut b1boot47.state --tol 3e-6 -S 5000 bcde2.lgo ../../boot/boot47.opf
# Stage nOptItr nSimReps
#     0    5000        0
# algorithm          : deterministic
# ignoring probs <=  : 0
# Branch length floor: 0
# DE strategy        : 2
#    F               : 0.3
#    CR              : 0.8
#    tolerance       : 3e-06
# nthreads           : 32
# lgo input file     : bcde2.lgo
# site pat input file: ../../boot/boot47.opf
# free parameters    : 16
# points in DE swarm : 48
# output state file  : b1boot47.state
# Including singleton site patterns.
# cost function      : KL
Initial parameter values
Fixed:
      zero = 0
       one = 1
    Tbecnw = 75200
Free:
       pc1 = 0
       pc2 = 0
       pc3 = 0
       pc4 = 0
       pc5 = 0
       pc6 = 0
       pc7 = 0
       pc8 = 0
       pc9 = 0
      pc10 = 0
      pc11 = 0
      pc12 = 0
      pc13 = 0
      pc14 = 0
      pc15 = 0
      pc16 = 0
Constrained:
     Tecnw = 45046.6
       Tnw = 2257.76
       Tec = 2752.99
     twoNb = 1.23564e+06
     twoNe = 38843.1
     twoNc = 299608
     twoNn = 200636
     twoNw = 565546
    twoNec = 265461
    twoNnw = 122207
  twoNecnw = 26314.3
  twoNbecnw = 79618.8
        m2 = 0.0159705
        m3 = 0.300818
        m4 = 3.54193e-05
        m5 = 0.143097
        Tb = 23899.8
        Tc = 1128.88
        Td = 564.441
        Te = 282.22
DiffEv reached_goal. cost=2.49771e-03 spread=2.70478e-06
Fitted parameter values
Free:
       pc1 = -2.68333
       pc2 = 3.15884
       pc3 = 1.99489
       pc4 = -1.91342
       pc5 = -1.69207
       pc6 = 1.44811
       pc7 = 1.43215
       pc8 = 1.85121
       pc9 = -0.830815
      pc10 = -1.31282
      pc11 = -0.378109
      pc12 = 0.344616
      pc13 = 0.198552
      pc14 = -0.0168282
      pc15 = -0.0926501
      pc16 = -0.00445184
Constrained:
     Tecnw = 45481.9
       Tnw = 38.3278
       Tec = 132.31
     twoNb = 3.17289e+06
     twoNe = 2688.14
     twoNc = 44223.5
     twoNn = 269598
     twoNw = 1.16096e+06
    twoNec = 264271
    twoNnw = 135893
  twoNecnw = 25234.7
  twoNbecnw = 79650.3
        m2 = 0.0287143
        m3 = 0.299431
        m4 = 8.00887e-05
        m5 = 0.145414
        Tb = 22807.1
        Tc = 19.1639
        Td = 9.58196
        Te = 4.79098
#       SitePat  BranchLen
              b 140253.1869776
              e 54185.9828486
              c 57662.5312194
              n 50022.2397951
              w 53316.3418426
            b:e 2615.5793214
            b:c 2998.6923668
            b:n 2036.0940675
            b:w 2236.4368055
            e:c 11197.0251370
            e:n 6363.8844893
            e:w 5379.5158142
            c:n 5479.5502623
            c:w 4153.3759724
            n:w 13825.5683101
          b:e:c 2264.6789012
          b:e:n 1201.6012285
          b:e:w 1238.5938985
          b:c:n 1240.2397246
          b:c:w 1200.2317368
          b:n:w 2258.1055514
          e:c:n 6333.3660328
          e:c:w 5364.7212971
          e:n:w 8201.0717622
          c:n:w 6827.5383397
        b:e:c:n 2240.2119021
        b:e:c:w 2027.9701352
        b:e:n:w 2960.6615617
        b:c:n:w 2584.7313023
        e:c:n:w 57782.1511514
