########################################
# legofit: estimate population history #
#       version 2.3.4-4-g53f8760       #
########################################

# Program was compiled: Sep 21 2021 14:36:42
# Program was run: Thu Sep 23 15:24:09 2021

# cmd: legofit -1 -d 0 -t 32 --ptsPerDim 3 --stateOut b1boot10.state --tol 3e-6 -S 5000 bcde2.lgo ../../boot/boot10.opf
# Stage nOptItr nSimReps
#     0    5000        0
# algorithm          : deterministic
# ignoring probs <=  : 0
# Branch length floor: 0
# DE strategy        : 2
#    F               : 0.3
#    CR              : 0.8
#    tolerance       : 3e-06
# nthreads           : 32
# lgo input file     : bcde2.lgo
# site pat input file: ../../boot/boot10.opf
# free parameters    : 16
# points in DE swarm : 48
# output state file  : b1boot10.state
# Including singleton site patterns.
# cost function      : KL
Initial parameter values
Fixed:
      zero = 0
       one = 1
    Tbecnw = 75200
Free:
       pc1 = 0
       pc2 = 0
       pc3 = 0
       pc4 = 0
       pc5 = 0
       pc6 = 0
       pc7 = 0
       pc8 = 0
       pc9 = 0
      pc10 = 0
      pc11 = 0
      pc12 = 0
      pc13 = 0
      pc14 = 0
      pc15 = 0
      pc16 = 0
Constrained:
     Tecnw = 45046.6
       Tnw = 2257.76
       Tec = 2752.99
     twoNb = 1.23564e+06
     twoNe = 38843.1
     twoNc = 299608
     twoNn = 200636
     twoNw = 565546
    twoNec = 265461
    twoNnw = 122207
  twoNecnw = 26314.3
  twoNbecnw = 79618.8
        m2 = 0.0159705
        m3 = 0.300818
        m4 = 3.54193e-05
        m5 = 0.143097
        Tb = 23899.8
        Tc = 1128.88
        Td = 564.441
        Te = 282.22
DiffEv reached_goal. cost=2.49220e-03 spread=2.54440e-06
Fitted parameter values
Free:
       pc1 = -2.07221
       pc2 = 3.64384
       pc3 = 1.91489
       pc4 = -1.4246
       pc5 = -1.94801
       pc6 = 1.11794
       pc7 = 0.556777
       pc8 = 1.54979
       pc9 = -0.791699
      pc10 = -0.997278
      pc11 = -0.198658
      pc12 = -0.185499
      pc13 = 0.100141
      pc14 = -0.112343
      pc15 = -0.0914047
      pc16 = 0.0163859
Constrained:
     Tecnw = 45398.5
       Tnw = 7.18541
       Tec = 305.735
     twoNb = 2.95902e+06
     twoNe = 7933.15
     twoNc = 18276
     twoNn = 123730
     twoNw = 918366
    twoNec = 261596
    twoNnw = 134049
  twoNecnw = 25224.9
  twoNbecnw = 79871.3
        m2 = 0.0293274
        m3 = 0.306696
        m4 = 5.46757e-05
        m5 = 0.143815
        Tb = 22852.1
        Tc = 3.59271
        Td = 1.79635
        Te = 0.898177
#       SitePat  BranchLen
              b 140455.6576603
              e 54150.6635684
              c 57562.1286714
              n 49939.4509110
              w 53252.9520800
            b:e 2625.7700260
            b:c 3004.8980252
            b:n 2038.7053908
            b:w 2237.2647069
            e:c 11200.1629584
            e:n 6337.5481877
            e:w 5386.4243478
            c:n 5517.9901034
            c:w 4147.6218410
            n:w 13830.1713886
          b:e:c 2264.1441034
          b:e:n 1198.7763003
          b:e:w 1240.0970479
          b:c:n 1241.9418278
          b:c:w 1197.2586316
          b:n:w 2256.9408742
          e:c:n 6346.7359584
          e:c:w 5371.4649241
          e:n:w 8212.2036056
          c:n:w 6851.0919572
        b:e:c:n 2241.4129447
        b:e:c:w 2029.4780448
        b:e:n:w 2963.3605417
        b:c:n:w 2591.9125679
        e:c:n:w 58019.3761342
