########################################
# legofit: estimate population history #
#       version 2.3.4-4-g53f8760       #
########################################

# Program was compiled: Sep 21 2021 14:36:42
# Program was run: Thu Sep 23 15:23:47 2021

# cmd: legofit -1 -d 0 -t 32 --ptsPerDim 3 --stateOut b1boot3.state --tol 3e-6 -S 5000 bcde2.lgo ../../boot/boot3.opf
# Stage nOptItr nSimReps
#     0    5000        0
# algorithm          : deterministic
# ignoring probs <=  : 0
# Branch length floor: 0
# DE strategy        : 2
#    F               : 0.3
#    CR              : 0.8
#    tolerance       : 3e-06
# nthreads           : 32
# lgo input file     : bcde2.lgo
# site pat input file: ../../boot/boot3.opf
# free parameters    : 16
# points in DE swarm : 48
# output state file  : b1boot3.state
# Including singleton site patterns.
# cost function      : KL
Initial parameter values
Fixed:
      zero = 0
       one = 1
    Tbecnw = 75200
Free:
       pc1 = 0
       pc2 = 0
       pc3 = 0
       pc4 = 0
       pc5 = 0
       pc6 = 0
       pc7 = 0
       pc8 = 0
       pc9 = 0
      pc10 = 0
      pc11 = 0
      pc12 = 0
      pc13 = 0
      pc14 = 0
      pc15 = 0
      pc16 = 0
Constrained:
     Tecnw = 45046.6
       Tnw = 2257.76
       Tec = 2752.99
     twoNb = 1.23564e+06
     twoNe = 38843.1
     twoNc = 299608
     twoNn = 200636
     twoNw = 565546
    twoNec = 265461
    twoNnw = 122207
  twoNecnw = 26314.3
  twoNbecnw = 79618.8
        m2 = 0.0159705
        m3 = 0.300818
        m4 = 3.54193e-05
        m5 = 0.143097
        Tb = 23899.8
        Tc = 1128.88
        Td = 564.441
        Te = 282.22
DiffEv reached_goal. cost=2.50012e-03 spread=1.82405e-06
Fitted parameter values
Free:
       pc1 = -2.95008
       pc2 = 3.6494
       pc3 = 1.92611
       pc4 = -1.46057
       pc5 = -1.91096
       pc6 = 1.7355
       pc7 = 1.3817
       pc8 = 1.02557
       pc9 = -1.39224
      pc10 = -1.03978
      pc11 = 0.000766923
      pc12 = -0.108493
      pc13 = -0.107087
      pc14 = -0.0901254
      pc15 = -0.0935747
      pc16 = -0.0399545
Constrained:
     Tecnw = 45617.9
       Tnw = 2.28256
       Tec = 75.1239
     twoNb = 3.37193e+06
     twoNe = 1927.03
     twoNc = 159307
     twoNn = 203818
     twoNw = 834192
    twoNec = 262928
    twoNnw = 136717
  twoNecnw = 25251
  twoNbecnw = 80263.6
        m2 = 0.0281905
        m3 = 0.303061
        m4 = 6.95249e-05
        m5 = 0.148314
        Tb = 22846.5
        Tc = 1.14128
        Td = 0.57064
        Te = 0.28532
#       SitePat  BranchLen
              b 140701.5942439
              e 54280.8038383
              c 57754.4994993
              n 50214.5428082
              w 53531.7261757
            b:e 2632.7841515
            b:c 3019.9512982
            b:n 2065.3534949
            b:w 2273.1736554
            e:c 11268.1693258
            e:n 6380.9279226
            e:w 5444.8708865
            c:n 5554.3587250
            c:w 4174.8993497
            n:w 13821.6377750
          b:e:c 2289.2576926
          b:e:n 1216.2779133
          b:e:w 1260.1260236
          b:c:n 1261.6869703
          b:c:w 1215.0224458
          b:n:w 2283.1467686
          e:c:n 6401.1288026
          e:c:w 5413.4808210
          e:n:w 8226.3571828
          c:n:w 6842.1638352
        b:e:c:n 2276.7144160
        b:e:c:w 2057.6916952
        b:e:n:w 2984.7282622
        b:c:n:w 2604.2940572
        e:c:n:w 58008.4841549
