########################################
# legofit: estimate population history #
#       version 2.3.4-4-g53f8760       #
########################################

# Program was compiled: Sep 21 2021 14:36:42
# Program was run: Thu Sep 23 15:25:19 2021

# cmd: legofit -1 -d 0 -t 32 --ptsPerDim 3 --stateOut b1boot29.state --tol 3e-6 -S 5000 bcde2.lgo ../../boot/boot29.opf
# Stage nOptItr nSimReps
#     0    5000        0
# algorithm          : deterministic
# ignoring probs <=  : 0
# Branch length floor: 0
# DE strategy        : 2
#    F               : 0.3
#    CR              : 0.8
#    tolerance       : 3e-06
# nthreads           : 32
# lgo input file     : bcde2.lgo
# site pat input file: ../../boot/boot29.opf
# free parameters    : 16
# points in DE swarm : 48
# output state file  : b1boot29.state
# Including singleton site patterns.
# cost function      : KL
Initial parameter values
Fixed:
      zero = 0
       one = 1
    Tbecnw = 75200
Free:
       pc1 = 0
       pc2 = 0
       pc3 = 0
       pc4 = 0
       pc5 = 0
       pc6 = 0
       pc7 = 0
       pc8 = 0
       pc9 = 0
      pc10 = 0
      pc11 = 0
      pc12 = 0
      pc13 = 0
      pc14 = 0
      pc15 = 0
      pc16 = 0
Constrained:
     Tecnw = 45046.6
       Tnw = 2257.76
       Tec = 2752.99
     twoNb = 1.23564e+06
     twoNe = 38843.1
     twoNc = 299608
     twoNn = 200636
     twoNw = 565546
    twoNec = 265461
    twoNnw = 122207
  twoNecnw = 26314.3
  twoNbecnw = 79618.8
        m2 = 0.0159705
        m3 = 0.300818
        m4 = 3.54193e-05
        m5 = 0.143097
        Tb = 23899.8
        Tc = 1128.88
        Td = 564.441
        Te = 282.22
DiffEv reached_goal. cost=2.49265e-03 spread=2.96237e-06
Fitted parameter values
Free:
       pc1 = -3.53375
       pc2 = 3.73259
       pc3 = 1.67949
       pc4 = -1.08621
       pc5 = -1.95922
       pc6 = 1.98149
       pc7 = 1.42601
       pc8 = 0.961114
       pc9 = -1.30563
      pc10 = -1.15728
      pc11 = -0.202403
      pc12 = 0.270853
      pc13 = 0.253292
      pc14 = -0.132094
      pc15 = -0.0897563
      pc16 = -0.0201242
Constrained:
     Tecnw = 45883.4
       Tnw = 15.5425
       Tec = 121.087
     twoNb = 3.36193e+06
     twoNe = 2923.17
     twoNc = 170957
     twoNn = 223506
     twoNw = 932856
    twoNec = 266774
    twoNnw = 135823
  twoNecnw = 24860.1
  twoNbecnw = 80420
        m2 = 0.0273948
        m3 = 0.30123
        m4 = 7.84279e-05
        m5 = 0.148712
        Tb = 23002.2
        Tc = 7.77124
        Td = 3.88562
        Te = 1.94281
#       SitePat  BranchLen
              b 140965.4212347
              e 54375.6103112
              c 57884.5536353
              n 50216.8866345
              w 53482.7412224
            b:e 2615.9999218
            b:c 3004.5288940
            b:n 2045.4286713
            b:w 2249.5379248
            e:c 11190.6493067
            e:n 6335.8470840
            e:w 5412.5988073
            c:n 5494.9002622
            c:w 4133.5256613
            n:w 13849.0148357
          b:e:c 2278.3150204
          b:e:n 1206.1601321
          b:e:w 1249.6712931
          b:c:n 1251.1721010
          b:c:w 1204.9511514
          b:n:w 2272.4072749
          e:c:n 6333.6314690
          e:c:w 5365.9505602
          e:n:w 8204.5661465
          c:n:w 6808.7515559
        b:e:c:n 2252.9424823
        b:e:c:w 2037.9922160
        b:e:n:w 2970.1556664
        b:c:n:w 2588.2261014
        e:c:n:w 58362.8196684
