########################################
# legofit: estimate population history #
#       version 2.3.4-4-g53f8760       #
########################################

# Program was compiled: Sep 21 2021 14:36:42
# Program was run: Thu Sep 23 15:24:52 2021

# cmd: legofit -1 -d 0 -t 32 --ptsPerDim 3 --stateOut b1boot20.state --tol 3e-6 -S 5000 bcde2.lgo ../../boot/boot20.opf
# Stage nOptItr nSimReps
#     0    5000        0
# algorithm          : deterministic
# ignoring probs <=  : 0
# Branch length floor: 0
# DE strategy        : 2
#    F               : 0.3
#    CR              : 0.8
#    tolerance       : 3e-06
# nthreads           : 32
# lgo input file     : bcde2.lgo
# site pat input file: ../../boot/boot20.opf
# free parameters    : 16
# points in DE swarm : 48
# output state file  : b1boot20.state
# Including singleton site patterns.
# cost function      : KL
Initial parameter values
Fixed:
      zero = 0
       one = 1
    Tbecnw = 75200
Free:
       pc1 = 0
       pc2 = 0
       pc3 = 0
       pc4 = 0
       pc5 = 0
       pc6 = 0
       pc7 = 0
       pc8 = 0
       pc9 = 0
      pc10 = 0
      pc11 = 0
      pc12 = 0
      pc13 = 0
      pc14 = 0
      pc15 = 0
      pc16 = 0
Constrained:
     Tecnw = 45046.6
       Tnw = 2257.76
       Tec = 2752.99
     twoNb = 1.23564e+06
     twoNe = 38843.1
     twoNc = 299608
     twoNn = 200636
     twoNw = 565546
    twoNec = 265461
    twoNnw = 122207
  twoNecnw = 26314.3
  twoNbecnw = 79618.8
        m2 = 0.0159705
        m3 = 0.300818
        m4 = 3.54193e-05
        m5 = 0.143097
        Tb = 23899.8
        Tc = 1128.88
        Td = 564.441
        Te = 282.22
DiffEv reached_goal. cost=2.47106e-03 spread=1.12263e-06
Fitted parameter values
Free:
       pc1 = -2.62091
       pc2 = 3.85985
       pc3 = 1.9982
       pc4 = -1.7943
       pc5 = -1.94307
       pc6 = 1.84349
       pc7 = 0.605292
       pc8 = 1.83611
       pc9 = -1.26473
      pc10 = -0.715397
      pc11 = 0.0523997
      pc12 = 0.553295
      pc13 = -0.0201864
      pc14 = -0.213082
      pc15 = -0.0512582
      pc16 = -0.0475012
Constrained:
     Tecnw = 45645.2
       Tnw = 15.9953
       Tec = 85.6616
     twoNb = 3.41295e+06
     twoNe = 1983.62
     twoNc = 137571
     twoNn = 104724
     twoNw = 1.23923e+06
    twoNec = 260197
    twoNnw = 135215
  twoNecnw = 25072.1
  twoNbecnw = 79667.9
        m2 = 0.028193
        m3 = 0.307463
        m4 = 5.99901e-05
        m5 = 0.146499
        Tb = 22865.4
        Tc = 7.99764
        Td = 3.99882
        Te = 1.99941
#       SitePat  BranchLen
              b 140319.8545393
              e 54093.5223168
              c 57551.6026473
              n 50031.2768191
              w 53435.7413650
            b:e 2594.6061836
            b:c 2975.1699863
            b:n 2033.0659963
            b:w 2244.6575446
            e:c 11241.9160321
            e:n 6363.3470866
            e:w 5389.1875222
            c:n 5530.3914725
            c:w 4127.3257105
            n:w 13767.5149715
          b:e:c 2259.0318568
          b:e:n 1196.8491353
          b:e:w 1239.6696716
          b:c:n 1241.2189227
          b:c:w 1195.5788806
          b:n:w 2253.0310973
          e:c:n 6369.1397162
          e:c:w 5355.8697625
          e:n:w 8146.1906733
          c:n:w 6776.1209839
        b:e:c:n 2248.1234815
        b:e:c:w 2025.3821731
        b:e:n:w 2940.6012698
        b:c:n:w 2566.5652556
        e:c:n:w 57869.9691130
