########################################
# legofit: estimate population history #
#       version 2.3.4-4-g53f8760       #
########################################

# Program was compiled: Sep 21 2021 14:36:42
# Program was run: Thu Sep 23 15:24:30 2021

# cmd: legofit -1 -d 0 -t 32 --ptsPerDim 3 --stateOut b1boot16.state --tol 3e-6 -S 5000 bcde2.lgo ../../boot/boot16.opf
# Stage nOptItr nSimReps
#     0    5000        0
# algorithm          : deterministic
# ignoring probs <=  : 0
# Branch length floor: 0
# DE strategy        : 2
#    F               : 0.3
#    CR              : 0.8
#    tolerance       : 3e-06
# nthreads           : 32
# lgo input file     : bcde2.lgo
# site pat input file: ../../boot/boot16.opf
# free parameters    : 16
# points in DE swarm : 48
# output state file  : b1boot16.state
# Including singleton site patterns.
# cost function      : KL
Initial parameter values
Fixed:
      zero = 0
       one = 1
    Tbecnw = 75200
Free:
       pc1 = 0
       pc2 = 0
       pc3 = 0
       pc4 = 0
       pc5 = 0
       pc6 = 0
       pc7 = 0
       pc8 = 0
       pc9 = 0
      pc10 = 0
      pc11 = 0
      pc12 = 0
      pc13 = 0
      pc14 = 0
      pc15 = 0
      pc16 = 0
Constrained:
     Tecnw = 45046.6
       Tnw = 2257.76
       Tec = 2752.99
     twoNb = 1.23564e+06
     twoNe = 38843.1
     twoNc = 299608
     twoNn = 200636
     twoNw = 565546
    twoNec = 265461
    twoNnw = 122207
  twoNecnw = 26314.3
  twoNbecnw = 79618.8
        m2 = 0.0159705
        m3 = 0.300818
        m4 = 3.54193e-05
        m5 = 0.143097
        Tb = 23899.8
        Tc = 1128.88
        Td = 564.441
        Te = 282.22
DiffEv reached_goal. cost=2.44539e-03 spread=2.98642e-06
Fitted parameter values
Free:
       pc1 = -2.31722
       pc2 = 3.44112
       pc3 = 1.8983
       pc4 = -1.81327
       pc5 = -1.90762
       pc6 = 0.921216
       pc7 = 1.04062
       pc8 = 1.25888
       pc9 = -0.725887
      pc10 = -1.32746
      pc11 = 0.314475
      pc12 = 0.227242
      pc13 = 0.120193
      pc14 = -0.0785828
      pc15 = -0.1495
      pc16 = -0.0173606
Constrained:
     Tecnw = 45424.7
       Tnw = 24.0768
       Tec = 225.194
     twoNb = 2.99291e+06
     twoNe = 5630.65
     twoNc = 28337.1
     twoNn = 173246
     twoNw = 705082
    twoNec = 261964
    twoNnw = 134906
  twoNecnw = 25239.6
  twoNbecnw = 79595.9
        m2 = 0.0290765
        m3 = 0.303979
        m4 = 7.05572e-05
        m5 = 0.14858
        Tb = 22824.9
        Tc = 12.0384
        Td = 6.01919
        Te = 3.0096
#       SitePat  BranchLen
              b 140222.1447434
              e 54112.8569101
              c 57594.6299327
              n 49974.5287051
              w 53238.7644691
            b:e 2611.7102934
            b:c 2999.0918953
            b:n 2034.8581163
            b:w 2230.4622825
            e:c 11170.3138570
            e:n 6333.7280102
            e:w 5418.9560712
            c:n 5513.8894955
            c:w 4141.8071692
            n:w 13788.4721335
          b:e:c 2255.2816206
          b:e:n 1196.3417770
          b:e:w 1240.1830120
          b:c:n 1241.9870892
          b:c:w 1194.8901865
          b:n:w 2248.2563310
          e:c:n 6327.0987888
          e:c:w 5365.9485972
          e:n:w 8213.3371958
          c:n:w 6820.4163279
        b:e:c:n 2234.5054084
        b:e:c:w 2025.9256030
        b:e:n:w 2958.3665926
        b:c:n:w 2578.7677659
        e:c:n:w 57808.2189799
