########################################
# legofit: estimate population history #
#       version 2.3.4-4-g53f8760       #
########################################

# Program was compiled: Sep 21 2021 14:36:42
# Program was run: Thu Sep 23 15:23:35 2021

# cmd: legofit -1 -d 0 -t 32 --ptsPerDim 3 --stateOut b1boot1.state --tol 3e-6 -S 5000 bcde2.lgo ../../boot/boot1.opf
# Stage nOptItr nSimReps
#     0    5000        0
# algorithm          : deterministic
# ignoring probs <=  : 0
# Branch length floor: 0
# DE strategy        : 2
#    F               : 0.3
#    CR              : 0.8
#    tolerance       : 3e-06
# nthreads           : 32
# lgo input file     : bcde2.lgo
# site pat input file: ../../boot/boot1.opf
# free parameters    : 16
# points in DE swarm : 48
# output state file  : b1boot1.state
# Including singleton site patterns.
# cost function      : KL
Initial parameter values
Fixed:
      zero = 0
       one = 1
    Tbecnw = 75200
Free:
       pc1 = 0
       pc2 = 0
       pc3 = 0
       pc4 = 0
       pc5 = 0
       pc6 = 0
       pc7 = 0
       pc8 = 0
       pc9 = 0
      pc10 = 0
      pc11 = 0
      pc12 = 0
      pc13 = 0
      pc14 = 0
      pc15 = 0
      pc16 = 0
Constrained:
     Tecnw = 45046.6
       Tnw = 2257.76
       Tec = 2752.99
     twoNb = 1.23564e+06
     twoNe = 38843.1
     twoNc = 299608
     twoNn = 200636
     twoNw = 565546
    twoNec = 265461
    twoNnw = 122207
  twoNecnw = 26314.3
  twoNbecnw = 79618.8
        m2 = 0.0159705
        m3 = 0.300818
        m4 = 3.54193e-05
        m5 = 0.143097
        Tb = 23899.8
        Tc = 1128.88
        Td = 564.441
        Te = 282.22
DiffEv reached_goal. cost=2.47377e-03 spread=2.92035e-06
Fitted parameter values
Free:
       pc1 = -2.90233
       pc2 = 3.67349
       pc3 = 1.88885
       pc4 = -1.75701
       pc5 = -1.44962
       pc6 = 1.29873
       pc7 = 0.718406
       pc8 = 1.50787
       pc9 = -1.66022
      pc10 = -1.14907
      pc11 = -0.235942
      pc12 = 0.0968807
      pc13 = 0.0332149
      pc14 = 0.0352267
      pc15 = -0.104199
      pc16 = -0.0418479
Constrained:
     Tecnw = 45607.3
       Tnw = 37.4279
       Tec = 204.051
     twoNb = 3.20744e+06
     twoNe = 4984.74
     twoNc = 153924
     twoNn = 172769
     twoNw = 1.17553e+06
    twoNec = 259907
    twoNnw = 137414
  twoNecnw = 25189.4
  twoNbecnw = 79957.9
        m2 = 0.0296519
        m3 = 0.299702
        m4 = 5.00066e-05
        m5 = 0.148966
        Tb = 22905.7
        Tc = 18.7139
        Td = 9.35697
        Te = 4.67848
#       SitePat  BranchLen
              b 140438.1133665
              e 54293.8493499
              c 57749.9544510
              n 50236.1450583
              w 53492.8880736
            b:e 2635.5739104
            b:c 3023.7087406
            b:n 2058.9605836
            b:w 2256.4621017
            e:c 11260.9038681
            e:n 6333.7957387
            e:w 5425.6276266
            c:n 5526.1456689
            c:w 4154.5372262
            n:w 13803.7753014
          b:e:c 2280.1492528
          b:e:n 1207.5126947
          b:e:w 1251.8634749
          b:c:n 1253.5751669
          b:c:w 1206.1506613
          b:n:w 2273.3888036
          e:c:n 6361.9525935
          e:c:w 5400.2452387
          e:n:w 8227.7136761
          c:n:w 6842.6307381
        b:e:c:n 2260.3350706
        b:e:c:w 2050.6481721
        b:e:n:w 2985.0057543
        b:c:n:w 2604.2395726
        e:c:n:w 57810.5109055
