########################################
# legofit: estimate population history #
#       version 2.3.4-4-g53f8760       #
########################################

# Program was compiled: Sep 21 2021 14:36:42
# Program was run: Thu Sep 23 15:24:09 2021

# cmd: legofit -1 -d 0 -t 32 --ptsPerDim 3 --stateOut b1boot11.state --tol 3e-6 -S 5000 bcde2.lgo ../../boot/boot11.opf
# Stage nOptItr nSimReps
#     0    5000        0
# algorithm          : deterministic
# ignoring probs <=  : 0
# Branch length floor: 0
# DE strategy        : 2
#    F               : 0.3
#    CR              : 0.8
#    tolerance       : 3e-06
# nthreads           : 32
# lgo input file     : bcde2.lgo
# site pat input file: ../../boot/boot11.opf
# free parameters    : 16
# points in DE swarm : 48
# output state file  : b1boot11.state
# Including singleton site patterns.
# cost function      : KL
Initial parameter values
Fixed:
      zero = 0
       one = 1
    Tbecnw = 75200
Free:
       pc1 = 0
       pc2 = 0
       pc3 = 0
       pc4 = 0
       pc5 = 0
       pc6 = 0
       pc7 = 0
       pc8 = 0
       pc9 = 0
      pc10 = 0
      pc11 = 0
      pc12 = 0
      pc13 = 0
      pc14 = 0
      pc15 = 0
      pc16 = 0
Constrained:
     Tecnw = 45046.6
       Tnw = 2257.76
       Tec = 2752.99
     twoNb = 1.23564e+06
     twoNe = 38843.1
     twoNc = 299608
     twoNn = 200636
     twoNw = 565546
    twoNec = 265461
    twoNnw = 122207
  twoNecnw = 26314.3
  twoNbecnw = 79618.8
        m2 = 0.0159705
        m3 = 0.300818
        m4 = 3.54193e-05
        m5 = 0.143097
        Tb = 23899.8
        Tc = 1128.88
        Td = 564.441
        Te = 282.22
DiffEv reached_goal. cost=2.48327e-03 spread=2.41379e-06
Fitted parameter values
Free:
       pc1 = -2.64287
       pc2 = 3.85591
       pc3 = 1.9799
       pc4 = -1.98076
       pc5 = -1.99306
       pc6 = 1.62617
       pc7 = 0.706986
       pc8 = 1.1938
       pc9 = -1.24796
      pc10 = -1.01451
      pc11 = 0.409011
      pc12 = 0.0629751
      pc13 = -0.133979
      pc14 = -0.082111
      pc15 = -0.154391
      pc16 = -0.071602
Constrained:
     Tecnw = 45525
       Tnw = 2.10703
       Tec = 51.8198
     twoNb = 3.32068e+06
     twoNe = 1315.34
     twoNc = 182247
     twoNn = 82171.7
     twoNw = 886770
    twoNec = 260402
    twoNnw = 136377
  twoNecnw = 25251.4
  twoNbecnw = 79851.6
        m2 = 0.0295371
        m3 = 0.306719
        m4 = 6.52579e-05
        m5 = 0.149508
        Tb = 22788.4
        Tc = 1.05351
        Td = 0.526756
        Te = 0.263378
#       SitePat  BranchLen
              b 140363.7849199
              e 54147.9088302
              c 57646.0261553
              n 50112.8381070
              w 53464.2698471
            b:e 2624.8345880
            b:c 3015.3484015
            b:n 2054.9815297
            b:w 2258.2115494
            e:c 11234.3008420
            e:n 6390.7592482
            e:w 5445.7100174
            c:n 5564.0692162
            c:w 4161.9133238
            n:w 13746.9908782
          b:e:c 2268.2729745
          b:e:n 1208.0705739
          b:e:w 1252.6327472
          b:c:n 1254.3161301
          b:c:w 1206.7129543
          b:n:w 2261.7898488
          e:c:n 6386.1321339
          e:c:w 5396.9614637
          e:n:w 8222.8133755
          c:n:w 6827.6752306
        b:e:c:n 2261.9663857
        b:e:c:w 2046.7214217
        b:e:n:w 2978.0139757
        b:c:n:w 2594.6819441
        e:c:n:w 57785.2413670
