########################################
# legofit: estimate population history #
#       version 2.3.4-4-g53f8760       #
########################################

# Program was compiled: Sep 21 2021 14:36:42
# Program was run: Thu Sep 23 15:24:52 2021

# cmd: legofit -1 -d 0 -t 32 --ptsPerDim 3 --stateOut b1boot22.state --tol 3e-6 -S 5000 bcde2.lgo ../../boot/boot22.opf
# Stage nOptItr nSimReps
#     0    5000        0
# algorithm          : deterministic
# ignoring probs <=  : 0
# Branch length floor: 0
# DE strategy        : 2
#    F               : 0.3
#    CR              : 0.8
#    tolerance       : 3e-06
# nthreads           : 32
# lgo input file     : bcde2.lgo
# site pat input file: ../../boot/boot22.opf
# free parameters    : 16
# points in DE swarm : 48
# output state file  : b1boot22.state
# Including singleton site patterns.
# cost function      : KL
Initial parameter values
Fixed:
      zero = 0
       one = 1
    Tbecnw = 75200
Free:
       pc1 = 0
       pc2 = 0
       pc3 = 0
       pc4 = 0
       pc5 = 0
       pc6 = 0
       pc7 = 0
       pc8 = 0
       pc9 = 0
      pc10 = 0
      pc11 = 0
      pc12 = 0
      pc13 = 0
      pc14 = 0
      pc15 = 0
      pc16 = 0
Constrained:
     Tecnw = 45046.6
       Tnw = 2257.76
       Tec = 2752.99
     twoNb = 1.23564e+06
     twoNe = 38843.1
     twoNc = 299608
     twoNn = 200636
     twoNw = 565546
    twoNec = 265461
    twoNnw = 122207
  twoNecnw = 26314.3
  twoNbecnw = 79618.8
        m2 = 0.0159705
        m3 = 0.300818
        m4 = 3.54193e-05
        m5 = 0.143097
        Tb = 23899.8
        Tc = 1128.88
        Td = 564.441
        Te = 282.22
DiffEv reached_goal. cost=2.49067e-03 spread=2.29290e-06
Fitted parameter values
Free:
       pc1 = -2.56576
       pc2 = 3.52398
       pc3 = 1.98715
       pc4 = -1.38035
       pc5 = -1.98537
       pc6 = 1.90545
       pc7 = 1.26438
       pc8 = 1.29962
       pc9 = -0.712895
      pc10 = -1.11978
      pc11 = -0.175001
      pc12 = -0.392309
      pc13 = -0.135616
      pc14 = -0.121646
      pc15 = -0.0849738
      pc16 = -0.0193355
Constrained:
     Tecnw = 45473.4
       Tnw = 7.85565
       Tec = 48.0136
     twoNb = 3.18018e+06
     twoNe = 1208.19
     twoNc = 123727
     twoNn = 206971
     twoNw = 900329
    twoNec = 263440
    twoNnw = 135390
  twoNecnw = 25319
  twoNbecnw = 80234.3
        m2 = 0.0287648
        m3 = 0.306945
        m4 = 7.96861e-05
        m5 = 0.144086
        Tb = 22760.7
        Tc = 3.92783
        Td = 1.96391
        Te = 0.981957
#       SitePat  BranchLen
              b 140677.7513194
              e 54263.9190100
              c 57644.6259390
              n 50125.5491010
              w 53454.7574735
            b:e 2642.3208197
            b:c 3020.4500089
            b:n 2063.3874957
            b:w 2268.1623280
            e:c 11270.0984017
            e:n 6359.2057586
            e:w 5419.9389101
            c:n 5565.6428114
            c:w 4177.4085257
            n:w 13832.6946522
          b:e:c 2286.4863222
          b:e:n 1213.3121670
          b:e:w 1256.8397134
          b:c:n 1258.5407796
          b:c:w 1211.9366557
          b:n:w 2279.8592876
          e:c:n 6400.5533046
          e:c:w 5414.2278756
          e:n:w 8223.8576638
          c:n:w 6871.8078406
        b:e:c:n 2272.0059509
        b:e:c:w 2054.9258868
        b:e:n:w 2982.2934898
        b:c:n:w 2611.2749714
        e:c:n:w 58039.5619218
