########################################
# legofit: estimate population history #
#       version 2.3.4-4-g53f8760       #
########################################

# Program was compiled: Sep 21 2021 14:36:42
# Program was run: Thu Sep 23 15:26:21 2021

# cmd: legofit -1 -d 0 -t 32 --ptsPerDim 3 --stateOut b1boot43.state --tol 3e-6 -S 5000 bcde2.lgo ../../boot/boot43.opf
# Stage nOptItr nSimReps
#     0    5000        0
# algorithm          : deterministic
# ignoring probs <=  : 0
# Branch length floor: 0
# DE strategy        : 2
#    F               : 0.3
#    CR              : 0.8
#    tolerance       : 3e-06
# nthreads           : 32
# lgo input file     : bcde2.lgo
# site pat input file: ../../boot/boot43.opf
# free parameters    : 16
# points in DE swarm : 48
# output state file  : b1boot43.state
# Including singleton site patterns.
# cost function      : KL
Initial parameter values
Fixed:
      zero = 0
       one = 1
    Tbecnw = 75200
Free:
       pc1 = 0
       pc2 = 0
       pc3 = 0
       pc4 = 0
       pc5 = 0
       pc6 = 0
       pc7 = 0
       pc8 = 0
       pc9 = 0
      pc10 = 0
      pc11 = 0
      pc12 = 0
      pc13 = 0
      pc14 = 0
      pc15 = 0
      pc16 = 0
Constrained:
     Tecnw = 45046.6
       Tnw = 2257.76
       Tec = 2752.99
     twoNb = 1.23564e+06
     twoNe = 38843.1
     twoNc = 299608
     twoNn = 200636
     twoNw = 565546
    twoNec = 265461
    twoNnw = 122207
  twoNecnw = 26314.3
  twoNbecnw = 79618.8
        m2 = 0.0159705
        m3 = 0.300818
        m4 = 3.54193e-05
        m5 = 0.143097
        Tb = 23899.8
        Tc = 1128.88
        Td = 564.441
        Te = 282.22
DiffEv reached_goal. cost=2.49944e-03 spread=2.58980e-06
Fitted parameter values
Free:
       pc1 = -3.06729
       pc2 = 3.76108
       pc3 = 1.81226
       pc4 = -1.74299
       pc5 = -1.77662
       pc6 = 1.91946
       pc7 = 0.430599
       pc8 = 1.68116
       pc9 = -1.63466
      pc10 = -0.782935
      pc11 = -0.247422
      pc12 = 0.219803
      pc13 = -0.0514927
      pc14 = -0.0647067
      pc15 = -0.0749325
      pc16 = -0.073064
Constrained:
     Tecnw = 45710.7
       Tnw = 3.69456
       Tec = 69.5334
     twoNb = 3.37169e+06
     twoNe = 1768.38
     twoNc = 205045
     twoNn = 85337.9
     twoNw = 1.3826e+06
    twoNec = 261552
    twoNnw = 137233
  twoNecnw = 25110.4
  twoNbecnw = 80020.7
        m2 = 0.0285793
        m3 = 0.303307
        m4 = 5.52201e-05
        m5 = 0.147461
        Tb = 22890.1
        Tc = 1.84728
        Td = 0.923641
        Te = 0.46182
#       SitePat  BranchLen
              b 140528.1379209
              e 54276.2629941
              c 57723.4697274
              n 50237.9907153
              w 53577.4058932
            b:e 2622.2442326
            b:c 3005.5792368
            b:n 2056.0715321
            b:w 2263.4401464
            e:c 11267.5433807
            e:n 6361.4188842
            e:w 5413.9432987
            c:n 5539.0051887
            c:w 4152.7689565
            n:w 13783.5778374
          b:e:c 2278.6869091
          b:e:n 1209.0498020
          b:e:w 1252.3711822
          b:c:n 1253.9508391
          b:c:w 1207.7733850
          b:n:w 2272.4973120
          e:c:n 6384.4346461
          e:c:w 5392.9089918
          e:n:w 8186.4105621
          c:n:w 6815.7581391
        b:e:c:n 2267.0124526
        b:e:c:w 2048.3222064
        b:e:n:w 2970.0361485
        b:c:n:w 2593.4316319
        e:c:n:w 57897.9592463
