########################################
# legofit: estimate population history #
#       version 2.3.4-4-g53f8760       #
########################################

# Program was compiled: Sep 21 2021 14:36:42
# Program was run: Thu Sep 23 15:25:38 2021

# cmd: legofit -1 -d 0 -t 32 --ptsPerDim 3 --stateOut b1boot32.state --tol 3e-6 -S 5000 bcde2.lgo ../../boot/boot32.opf
# Stage nOptItr nSimReps
#     0    5000        0
# algorithm          : deterministic
# ignoring probs <=  : 0
# Branch length floor: 0
# DE strategy        : 2
#    F               : 0.3
#    CR              : 0.8
#    tolerance       : 3e-06
# nthreads           : 32
# lgo input file     : bcde2.lgo
# site pat input file: ../../boot/boot32.opf
# free parameters    : 16
# points in DE swarm : 48
# output state file  : b1boot32.state
# Including singleton site patterns.
# cost function      : KL
Initial parameter values
Fixed:
      zero = 0
       one = 1
    Tbecnw = 75200
Free:
       pc1 = 0
       pc2 = 0
       pc3 = 0
       pc4 = 0
       pc5 = 0
       pc6 = 0
       pc7 = 0
       pc8 = 0
       pc9 = 0
      pc10 = 0
      pc11 = 0
      pc12 = 0
      pc13 = 0
      pc14 = 0
      pc15 = 0
      pc16 = 0
Constrained:
     Tecnw = 45046.6
       Tnw = 2257.76
       Tec = 2752.99
     twoNb = 1.23564e+06
     twoNe = 38843.1
     twoNc = 299608
     twoNn = 200636
     twoNw = 565546
    twoNec = 265461
    twoNnw = 122207
  twoNecnw = 26314.3
  twoNbecnw = 79618.8
        m2 = 0.0159705
        m3 = 0.300818
        m4 = 3.54193e-05
        m5 = 0.143097
        Tb = 23899.8
        Tc = 1128.88
        Td = 564.441
        Te = 282.22
DiffEv reached_goal. cost=2.51676e-03 spread=2.96526e-06
Fitted parameter values
Free:
       pc1 = -3.0298
       pc2 = 3.98428
       pc3 = 1.96733
       pc4 = -1.83202
       pc5 = -1.97377
       pc6 = 1.89899
       pc7 = 1.00334
       pc8 = 1.37307
       pc9 = -1.44506
      pc10 = -1.08605
      pc11 = -0.164631
      pc12 = 0.269114
      pc13 = 0.196144
      pc14 = -0.19335
      pc15 = -0.0859751
      pc16 = -0.0291823
Constrained:
     Tecnw = 45638.8
       Tnw = 12.7587
       Tec = 84.8873
     twoNb = 3.49103e+06
     twoNe = 1805.77
     twoNc = 167582
     twoNn = 141655
     twoNw = 1.07588e+06
    twoNec = 261344
    twoNnw = 136068
  twoNecnw = 24959.1
  twoNbecnw = 80016.9
        m2 = 0.0293413
        m3 = 0.302435
        m4 = 6.88051e-05
        m5 = 0.14774
        Tb = 22861.8
        Tc = 6.37933
        Td = 3.18967
        Te = 1.59483
#       SitePat  BranchLen
              b 140634.3915790
              e 54114.7663188
              c 57659.9625959
              n 50010.0725871
              w 53377.9069436
            b:e 2610.0124247
            b:c 3000.6800273
            b:n 2033.9192339
            b:w 2237.5022885
            e:c 11202.7046896
            e:n 6393.0350800
            e:w 5383.8298722
            c:n 5489.2790315
            c:w 4133.1345820
            n:w 13776.5053423
          b:e:c 2258.6907943
          b:e:n 1199.3285163
          b:e:w 1237.3098760
          b:c:n 1238.8674915
          b:c:w 1198.0243598
          b:n:w 2252.5665519
          e:c:n 6343.8628476
          e:c:w 5355.4081966
          e:n:w 8204.1268020
          c:n:w 6806.3587078
        b:e:c:n 2241.0126926
        b:e:c:w 2026.2613619
        b:e:n:w 2965.3124938
        b:c:n:w 2581.4145880
        e:c:n:w 58179.6323130
