########################################
# legofit: estimate population history #
#       version 2.3.4-4-g53f8760       #
########################################

# Program was compiled: Sep 21 2021 14:36:42
# Program was run: Thu Sep 23 15:26:01 2021

# cmd: legofit -1 -d 0 -t 32 --ptsPerDim 3 --stateOut b1boot38.state --tol 3e-6 -S 5000 bcde2.lgo ../../boot/boot38.opf
# Stage nOptItr nSimReps
#     0    5000        0
# algorithm          : deterministic
# ignoring probs <=  : 0
# Branch length floor: 0
# DE strategy        : 2
#    F               : 0.3
#    CR              : 0.8
#    tolerance       : 3e-06
# nthreads           : 32
# lgo input file     : bcde2.lgo
# site pat input file: ../../boot/boot38.opf
# free parameters    : 16
# points in DE swarm : 48
# output state file  : b1boot38.state
# Including singleton site patterns.
# cost function      : KL
Initial parameter values
Fixed:
      zero = 0
       one = 1
    Tbecnw = 75200
Free:
       pc1 = 0
       pc2 = 0
       pc3 = 0
       pc4 = 0
       pc5 = 0
       pc6 = 0
       pc7 = 0
       pc8 = 0
       pc9 = 0
      pc10 = 0
      pc11 = 0
      pc12 = 0
      pc13 = 0
      pc14 = 0
      pc15 = 0
      pc16 = 0
Constrained:
     Tecnw = 45046.6
       Tnw = 2257.76
       Tec = 2752.99
     twoNb = 1.23564e+06
     twoNe = 38843.1
     twoNc = 299608
     twoNn = 200636
     twoNw = 565546
    twoNec = 265461
    twoNnw = 122207
  twoNecnw = 26314.3
  twoNbecnw = 79618.8
        m2 = 0.0159705
        m3 = 0.300818
        m4 = 3.54193e-05
        m5 = 0.143097
        Tb = 23899.8
        Tc = 1128.88
        Td = 564.441
        Te = 282.22
DiffEv reached_goal. cost=2.47710e-03 spread=2.56732e-06
Fitted parameter values
Free:
       pc1 = -3.1019
       pc2 = 3.73026
       pc3 = 1.93871
       pc4 = -1.80033
       pc5 = -1.90606
       pc6 = 1.69544
       pc7 = 1.30163
       pc8 = 1.14503
       pc9 = -1.17136
      pc10 = -1.29785
      pc11 = -0.3171
      pc12 = 0.363788
      pc13 = 0.164252
      pc14 = -0.114541
      pc15 = -0.0651178
      pc16 = -0.0594477
Constrained:
     Tecnw = 45682.6
       Tnw = 58.7297
       Tec = 85.8944
     twoNb = 3.35426e+06
     twoNe = 1446.52
     twoNc = 156592
     twoNn = 197008
     twoNw = 928832
    twoNec = 262010
    twoNnw = 137215
  twoNecnw = 24987.9
  twoNbecnw = 79983.7
        m2 = 0.0290366
        m3 = 0.299427
        m4 = 7.79068e-05
        m5 = 0.147315
        Tb = 22884.3
        Tc = 29.3649
        Td = 14.6824
        Te = 7.34121
#       SitePat  BranchLen
              b 140568.7455073
              e 54248.6797148
              c 57700.8996033
              n 50177.3112353
              w 53460.7984969
            b:e 2616.1206118
            b:c 3000.0655299
            b:n 2042.5562145
            b:w 2242.1893192
            e:c 11229.2723717
            e:n 6328.5183662
            e:w 5384.1520925
            c:n 5492.2001469
            c:w 4134.5255087
            n:w 13777.5557385
          b:e:c 2266.7874784
          b:e:n 1200.3404651
          b:e:w 1241.6715684
          b:c:n 1243.2640242
          b:c:w 1199.0504400
          b:n:w 2260.4697892
          e:c:n 6338.8550644
          e:c:w 5371.6994612
          e:n:w 8186.6473444
          c:n:w 6813.1417846
        b:e:c:n 2245.8008256
        b:e:c:w 2034.7594551
        b:e:n:w 2963.6606952
        b:c:n:w 2586.6438208
        e:c:n:w 58055.1602300
