########################################
# legofit: estimate population history #
#       version 2.3.4-4-g53f8760       #
########################################

# Program was compiled: Sep 21 2021 14:36:42
# Program was run: Thu Sep 23 15:24:55 2021

# cmd: legofit -1 -d 0 -t 32 --ptsPerDim 3 --stateOut b1boot24.state --tol 3e-6 -S 5000 bcde2.lgo ../../boot/boot24.opf
# Stage nOptItr nSimReps
#     0    5000        0
# algorithm          : deterministic
# ignoring probs <=  : 0
# Branch length floor: 0
# DE strategy        : 2
#    F               : 0.3
#    CR              : 0.8
#    tolerance       : 3e-06
# nthreads           : 32
# lgo input file     : bcde2.lgo
# site pat input file: ../../boot/boot24.opf
# free parameters    : 16
# points in DE swarm : 48
# output state file  : b1boot24.state
# Including singleton site patterns.
# cost function      : KL
Initial parameter values
Fixed:
      zero = 0
       one = 1
    Tbecnw = 75200
Free:
       pc1 = 0
       pc2 = 0
       pc3 = 0
       pc4 = 0
       pc5 = 0
       pc6 = 0
       pc7 = 0
       pc8 = 0
       pc9 = 0
      pc10 = 0
      pc11 = 0
      pc12 = 0
      pc13 = 0
      pc14 = 0
      pc15 = 0
      pc16 = 0
Constrained:
     Tecnw = 45046.6
       Tnw = 2257.76
       Tec = 2752.99
     twoNb = 1.23564e+06
     twoNe = 38843.1
     twoNc = 299608
     twoNn = 200636
     twoNw = 565546
    twoNec = 265461
    twoNnw = 122207
  twoNecnw = 26314.3
  twoNbecnw = 79618.8
        m2 = 0.0159705
        m3 = 0.300818
        m4 = 3.54193e-05
        m5 = 0.143097
        Tb = 23899.8
        Tc = 1128.88
        Td = 564.441
        Te = 282.22
DiffEv reached_goal. cost=2.52258e-03 spread=2.79602e-06
Fitted parameter values
Free:
       pc1 = -2.4531
       pc2 = 3.7421
       pc3 = 1.93288
       pc4 = -1.67853
       pc5 = -1.88748
       pc6 = 0.654096
       pc7 = 0.304326
       pc8 = 0.859479
       pc9 = -1.95472
      pc10 = -0.489218
      pc11 = -0.0438443
      pc12 = 0.18104
      pc13 = 0.0339539
      pc14 = -0.0544096
      pc15 = -0.10231
      pc16 = -0.0982306
Constrained:
     Tecnw = 45555.3
       Tnw = 27.0259
       Tec = 360.214
     twoNb = 3.20847e+06
     twoNe = 8699.82
     twoNc = 137401
     twoNn = 32885.1
     twoNw = 720691
    twoNec = 261386
    twoNnw = 137614
  twoNecnw = 25218.6
  twoNbecnw = 79845.5
        m2 = 0.027964
        m3 = 0.30015
        m4 = 2.47237e-05
        m5 = 0.148957
        Tb = 22957.7
        Tc = 13.513
        Td = 6.75649
        Te = 3.37824
#       SitePat  BranchLen
              b 140416.2488167
              e 54199.7257519
              c 57675.9173009
              n 50169.8235371
              w 53452.1706372
            b:e 2608.5712806
            b:c 2992.6436250
            b:n 2047.8905877
            b:w 2252.5692811
            e:c 11199.2881312
            e:n 6359.7757594
            e:w 5420.0844398
            c:n 5512.4346404
            c:w 4161.5354466
            n:w 13749.6889543
          b:e:c 2267.1957286
          b:e:n 1206.7889511
          b:e:w 1248.3195092
          b:c:n 1249.9147160
          b:c:w 1205.4914410
          b:n:w 2260.8918087
          e:c:n 6368.1081990
          e:c:w 5390.7259685
          e:n:w 8181.7610503
          c:n:w 6804.2598032
        b:e:c:n 2256.2080396
        b:e:c:w 2040.0477069
        b:e:n:w 2956.2247001
        b:c:n:w 2579.0544693
        e:c:n:w 57885.2354454
