########################################
# legofit: estimate population history #
#       version 2.3.4-4-g53f8760       #
########################################

# Program was compiled: Sep 21 2021 14:36:42
# Program was run: Thu Sep 23 15:25:38 2021

# cmd: legofit -1 -d 0 -t 32 --ptsPerDim 3 --stateOut b1boot33.state --tol 3e-6 -S 5000 bcde2.lgo ../../boot/boot33.opf
# Stage nOptItr nSimReps
#     0    5000        0
# algorithm          : deterministic
# ignoring probs <=  : 0
# Branch length floor: 0
# DE strategy        : 2
#    F               : 0.3
#    CR              : 0.8
#    tolerance       : 3e-06
# nthreads           : 32
# lgo input file     : bcde2.lgo
# site pat input file: ../../boot/boot33.opf
# free parameters    : 16
# points in DE swarm : 48
# output state file  : b1boot33.state
# Including singleton site patterns.
# cost function      : KL
Initial parameter values
Fixed:
      zero = 0
       one = 1
    Tbecnw = 75200
Free:
       pc1 = 0
       pc2 = 0
       pc3 = 0
       pc4 = 0
       pc5 = 0
       pc6 = 0
       pc7 = 0
       pc8 = 0
       pc9 = 0
      pc10 = 0
      pc11 = 0
      pc12 = 0
      pc13 = 0
      pc14 = 0
      pc15 = 0
      pc16 = 0
Constrained:
     Tecnw = 45046.6
       Tnw = 2257.76
       Tec = 2752.99
     twoNb = 1.23564e+06
     twoNe = 38843.1
     twoNc = 299608
     twoNn = 200636
     twoNw = 565546
    twoNec = 265461
    twoNnw = 122207
  twoNecnw = 26314.3
  twoNbecnw = 79618.8
        m2 = 0.0159705
        m3 = 0.300818
        m4 = 3.54193e-05
        m5 = 0.143097
        Tb = 23899.8
        Tc = 1128.88
        Td = 564.441
        Te = 282.22
DiffEv reached_goal. cost=2.47929e-03 spread=1.94340e-06
Fitted parameter values
Free:
       pc1 = -2.81644
       pc2 = 3.57051
       pc3 = 1.98105
       pc4 = -1.91557
       pc5 = -1.89991
       pc6 = 1.69026
       pc7 = 1.56091
       pc8 = 1.49958
       pc9 = -1.37603
      pc10 = -1.01027
      pc11 = 0.339458
      pc12 = 0.573559
      pc13 = 0.195027
      pc14 = -0.280964
      pc15 = -0.0923986
      pc16 = -0.00418908
Constrained:
     Tecnw = 45533.6
       Tnw = 13.1796
       Tec = 107.834
     twoNb = 3.52691e+06
     twoNe = 2892.88
     twoNc = 103578
     twoNn = 225141
     twoNw = 972403
    twoNec = 262534
    twoNnw = 134644
  twoNecnw = 25117.8
  twoNbecnw = 79706.3
        m2 = 0.0274875
        m3 = 0.302973
        m4 = 7.53516e-05
        m5 = 0.150137
        Tb = 22820.7
        Tc = 6.5898
        Td = 3.2949
        Te = 1.64745
#       SitePat  BranchLen
              b 140408.2992682
              e 54084.2330083
              c 57550.1034285
              n 49982.4975348
              w 53219.1133040
            b:e 2586.2449582
            b:c 2970.1485850
            b:n 2026.3458359
            b:w 2227.3268642
            e:c 11190.8310938
            e:n 6288.1237956
            e:w 5421.5830538
            c:n 5511.1408288
            c:w 4119.3013197
            n:w 13801.4826284
          b:e:c 2254.0399287
          b:e:n 1190.5146740
          b:e:w 1238.7151353
          b:c:n 1240.1634894
          b:c:w 1189.3797882
          b:n:w 2248.4056317
          e:c:n 6320.2885393
          e:c:w 5355.0616061
          e:n:w 8173.3047646
          c:n:w 6780.0692473
        b:e:c:n 2230.5631548
        b:e:c:w 2019.1567812
        b:e:n:w 2937.3476663
        b:c:n:w 2559.7603693
        e:c:n:w 58036.4039702
