########################################
# legofit: estimate population history #
#       version 2.3.4-4-g53f8760       #
########################################

# Program was compiled: Sep 21 2021 14:36:42
# Program was run: Thu Sep 23 15:24:09 2021

# cmd: legofit -1 -d 0 -t 32 --ptsPerDim 3 --stateOut b1boot9.state --tol 3e-6 -S 5000 bcde2.lgo ../../boot/boot9.opf
# Stage nOptItr nSimReps
#     0    5000        0
# algorithm          : deterministic
# ignoring probs <=  : 0
# Branch length floor: 0
# DE strategy        : 2
#    F               : 0.3
#    CR              : 0.8
#    tolerance       : 3e-06
# nthreads           : 32
# lgo input file     : bcde2.lgo
# site pat input file: ../../boot/boot9.opf
# free parameters    : 16
# points in DE swarm : 48
# output state file  : b1boot9.state
# Including singleton site patterns.
# cost function      : KL
Initial parameter values
Fixed:
      zero = 0
       one = 1
    Tbecnw = 75200
Free:
       pc1 = 0
       pc2 = 0
       pc3 = 0
       pc4 = 0
       pc5 = 0
       pc6 = 0
       pc7 = 0
       pc8 = 0
       pc9 = 0
      pc10 = 0
      pc11 = 0
      pc12 = 0
      pc13 = 0
      pc14 = 0
      pc15 = 0
      pc16 = 0
Constrained:
     Tecnw = 45046.6
       Tnw = 2257.76
       Tec = 2752.99
     twoNb = 1.23564e+06
     twoNe = 38843.1
     twoNc = 299608
     twoNn = 200636
     twoNw = 565546
    twoNec = 265461
    twoNnw = 122207
  twoNecnw = 26314.3
  twoNbecnw = 79618.8
        m2 = 0.0159705
        m3 = 0.300818
        m4 = 3.54193e-05
        m5 = 0.143097
        Tb = 23899.8
        Tc = 1128.88
        Td = 564.441
        Te = 282.22
DiffEv reached_goal. cost=2.51541e-03 spread=2.89277e-06
Fitted parameter values
Free:
       pc1 = -2.99631
       pc2 = 3.84203
       pc3 = 1.96032
       pc4 = -1.76513
       pc5 = -1.6573
       pc6 = 1.7334
       pc7 = -0.126151
       pc8 = 0.954211
       pc9 = -1.73789
      pc10 = -0.627565
      pc11 = -0.173994
      pc12 = 0.244435
      pc13 = 0.053778
      pc14 = 0.016803
      pc15 = -0.0695406
      pc16 = 0.0147625
Constrained:
     Tecnw = 45744.1
       Tnw = 52.1228
       Tec = 101.51
     twoNb = 3.25583e+06
     twoNe = 1843.7
     twoNc = 364976
     twoNn = 3476.9
     twoNw = 1.12017e+06
    twoNec = 262423
    twoNnw = 135796
  twoNecnw = 25052
  twoNbecnw = 80002.5
        m2 = 0.0289399
        m3 = 0.302234
        m4 = 4.07364e-05
        m5 = 0.148048
        Tb = 22922.8
        Tc = 26.0614
        Td = 13.0307
        Te = 6.51535
#       SitePat  BranchLen
              b 140522.3972358
              e 54276.3802167
              c 57799.9888948
              n 50152.7286668
              w 53490.2899544
            b:e 2625.3334682
            b:c 3015.9592167
            b:n 2048.2336116
            b:w 2252.8434222
            e:c 11240.9334803
            e:n 6378.2398773
            e:w 5408.5718667
            c:n 5510.7697767
            c:w 4142.3949875
            n:w 13839.0705618
          b:e:c 2278.1425720
          b:e:n 1206.5902295
          b:e:w 1247.6779385
          b:c:n 1249.3235270
          b:c:w 1205.2371387
          b:n:w 2271.6651912
          e:c:n 6355.3363287
          e:c:w 5370.6150140
          e:n:w 8218.1630006
          c:n:w 6820.8454385
        b:e:c:n 2256.5691390
        b:e:c:w 2040.1608346
        b:e:n:w 2978.7409998
        b:c:n:w 2595.1786173
        e:c:n:w 57912.5981763
