########################################
# legofit: estimate population history #
#       version 2.3.4-4-g53f8760       #
########################################

# Program was compiled: Sep 21 2021 14:36:42
# Program was run: Thu Sep 23 15:24:29 2021

# cmd: legofit -1 -d 0 -t 32 --ptsPerDim 3 --stateOut b1boot17.state --tol 3e-6 -S 5000 bcde2.lgo ../../boot/boot17.opf
# Stage nOptItr nSimReps
#     0    5000        0
# algorithm          : deterministic
# ignoring probs <=  : 0
# Branch length floor: 0
# DE strategy        : 2
#    F               : 0.3
#    CR              : 0.8
#    tolerance       : 3e-06
# nthreads           : 32
# lgo input file     : bcde2.lgo
# site pat input file: ../../boot/boot17.opf
# free parameters    : 16
# points in DE swarm : 48
# output state file  : b1boot17.state
# Including singleton site patterns.
# cost function      : KL
Initial parameter values
Fixed:
      zero = 0
       one = 1
    Tbecnw = 75200
Free:
       pc1 = 0
       pc2 = 0
       pc3 = 0
       pc4 = 0
       pc5 = 0
       pc6 = 0
       pc7 = 0
       pc8 = 0
       pc9 = 0
      pc10 = 0
      pc11 = 0
      pc12 = 0
      pc13 = 0
      pc14 = 0
      pc15 = 0
      pc16 = 0
Constrained:
     Tecnw = 45046.6
       Tnw = 2257.76
       Tec = 2752.99
     twoNb = 1.23564e+06
     twoNe = 38843.1
     twoNc = 299608
     twoNn = 200636
     twoNw = 565546
    twoNec = 265461
    twoNnw = 122207
  twoNecnw = 26314.3
  twoNbecnw = 79618.8
        m2 = 0.0159705
        m3 = 0.300818
        m4 = 3.54193e-05
        m5 = 0.143097
        Tb = 23899.8
        Tc = 1128.88
        Td = 564.441
        Te = 282.22
DiffEv reached_goal. cost=2.47052e-03 spread=2.69623e-06
Fitted parameter values
Free:
       pc1 = -2.75141
       pc2 = 3.70444
       pc3 = 1.97589
       pc4 = -1.99411
       pc5 = -1.89014
       pc6 = 1.71625
       pc7 = 0.537568
       pc8 = 1.39986
       pc9 = -1.71155
      pc10 = -0.807514
      pc11 = -0.316298
      pc12 = -0.0410716
      pc13 = -0.0511365
      pc14 = -0.0142459
      pc15 = -0.0520262
      pc16 = 0.0158935
Constrained:
     Tecnw = 45540.7
       Tnw = 13.5379
       Tec = 74.3192
     twoNb = 3.39711e+06
     twoNe = 1720.4
     twoNc = 200930
     twoNn = 67957.5
     twoNw = 1.16621e+06
    twoNec = 260797
    twoNnw = 136462
  twoNecnw = 25273.9
  twoNbecnw = 80012.2
        m2 = 0.029307
        m3 = 0.301138
        m4 = 5.27046e-05
        m5 = 0.146641
        Tb = 22807.5
        Tc = 6.76895
        Td = 3.38448
        Te = 1.69224
#       SitePat  BranchLen
              b 140483.0249747
              e 54237.0704580
              c 57694.7875195
              n 50139.5547774
              w 53458.5127355
            b:e 2635.7622388
            b:c 3021.2400539
            b:n 2058.0170391
            b:w 2261.7873148
            e:c 11290.6957043
            e:n 6369.0279091
            e:w 5413.7940050
            c:n 5531.3036285
            c:w 4164.0798402
            n:w 13845.8662854
          b:e:c 2285.4618729
          b:e:n 1210.0677224
          b:e:w 1251.5832641
          b:c:n 1253.1830633
          b:c:w 1208.7649021
          b:n:w 2279.1293857
          e:c:n 6382.5703329
          e:c:w 5400.4244911
          e:n:w 8228.9847835
          c:n:w 6851.5828631
        b:e:c:n 2265.4252290
        b:e:c:w 2050.2031489
        b:e:n:w 2985.0096302
        b:c:n:w 2606.3581404
        e:c:n:w 57848.9371903
