########################################
# legofit: estimate population history #
#       version 2.3.4-4-g53f8760       #
########################################

# Program was compiled: Sep 21 2021 14:36:42
# Program was run: Thu Sep 23 15:26:21 2021

# cmd: legofit -1 -d 0 -t 32 --ptsPerDim 3 --stateOut b1boot45.state --tol 3e-6 -S 5000 bcde2.lgo ../../boot/boot45.opf
# Stage nOptItr nSimReps
#     0    5000        0
# algorithm          : deterministic
# ignoring probs <=  : 0
# Branch length floor: 0
# DE strategy        : 2
#    F               : 0.3
#    CR              : 0.8
#    tolerance       : 3e-06
# nthreads           : 32
# lgo input file     : bcde2.lgo
# site pat input file: ../../boot/boot45.opf
# free parameters    : 16
# points in DE swarm : 48
# output state file  : b1boot45.state
# Including singleton site patterns.
# cost function      : KL
Initial parameter values
Fixed:
      zero = 0
       one = 1
    Tbecnw = 75200
Free:
       pc1 = 0
       pc2 = 0
       pc3 = 0
       pc4 = 0
       pc5 = 0
       pc6 = 0
       pc7 = 0
       pc8 = 0
       pc9 = 0
      pc10 = 0
      pc11 = 0
      pc12 = 0
      pc13 = 0
      pc14 = 0
      pc15 = 0
      pc16 = 0
Constrained:
     Tecnw = 45046.6
       Tnw = 2257.76
       Tec = 2752.99
     twoNb = 1.23564e+06
     twoNe = 38843.1
     twoNc = 299608
     twoNn = 200636
     twoNw = 565546
    twoNec = 265461
    twoNnw = 122207
  twoNecnw = 26314.3
  twoNbecnw = 79618.8
        m2 = 0.0159705
        m3 = 0.300818
        m4 = 3.54193e-05
        m5 = 0.143097
        Tb = 23899.8
        Tc = 1128.88
        Td = 564.441
        Te = 282.22
DiffEv reached_goal. cost=2.53554e-03 spread=2.96255e-06
Fitted parameter values
Free:
       pc1 = -2.65303
       pc2 = 3.93391
       pc3 = 1.98411
       pc4 = -1.78266
       pc5 = -1.9366
       pc6 = 1.61053
       pc7 = 0.261186
       pc8 = 1.74121
       pc9 = -1.30101
      pc10 = -0.688551
      pc11 = 0.0534666
      pc12 = 0.454825
      pc13 = 0.148432
      pc14 = -0.194091
      pc15 = -0.131898
      pc16 = -0.108656
Constrained:
     Tecnw = 45608.5
       Tnw = 4.53204
       Tec = 142.662
     twoNb = 3.31187e+06
     twoNe = 3612.43
     twoNc = 144715
     twoNn = 58762.7
     twoNw = 1.21428e+06
    twoNec = 262235
    twoNnw = 135848
  twoNecnw = 24983.2
  twoNbecnw = 79676.5
        m2 = 0.0287708
        m3 = 0.307139
        m4 = 5.13546e-05
        m5 = 0.147024
        Tb = 22875.6
        Tc = 2.26602
        Td = 1.13301
        Te = 0.566505
#       SitePat  BranchLen
              b 140367.6249157
              e 54117.0389141
              c 57571.1461928
              n 50036.3510257
              w 53380.4546142
            b:e 2595.3208536
            b:c 2976.1775043
            b:n 2028.1768593
            b:w 2230.3637148
            e:c 11159.3496032
            e:n 6344.1371919
            e:w 5385.9683773
            c:n 5512.5609738
            c:w 4125.7752047
            n:w 13706.8682586
          b:e:c 2244.0799811
          b:e:n 1193.5508151
          b:e:w 1235.9650635
          b:c:n 1237.5872130
          b:c:w 1192.2219652
          b:n:w 2237.8068315
          e:c:n 6335.0097293
          e:c:w 5350.5303104
          e:n:w 8152.6702874
          c:n:w 6783.1772967
        b:e:c:n 2233.9844169
        b:e:c:w 2020.0789749
        b:e:n:w 2939.7984671
        b:c:n:w 2565.8036196
        e:c:n:w 57991.0582099
