########################################
# legofit: estimate population history #
#       version 2.3.4-4-g53f8760       #
########################################

# Program was compiled: Sep 21 2021 14:36:42
# Program was run: Thu Sep 23 15:26:40 2021

# cmd: legofit -1 -d 0 -t 32 --ptsPerDim 3 --stateOut b1boot49.state --tol 3e-6 -S 5000 bcde2.lgo ../../boot/boot49.opf
# Stage nOptItr nSimReps
#     0    5000        0
# algorithm          : deterministic
# ignoring probs <=  : 0
# Branch length floor: 0
# DE strategy        : 2
#    F               : 0.3
#    CR              : 0.8
#    tolerance       : 3e-06
# nthreads           : 32
# lgo input file     : bcde2.lgo
# site pat input file: ../../boot/boot49.opf
# free parameters    : 16
# points in DE swarm : 48
# output state file  : b1boot49.state
# Including singleton site patterns.
# cost function      : KL
Initial parameter values
Fixed:
      zero = 0
       one = 1
    Tbecnw = 75200
Free:
       pc1 = 0
       pc2 = 0
       pc3 = 0
       pc4 = 0
       pc5 = 0
       pc6 = 0
       pc7 = 0
       pc8 = 0
       pc9 = 0
      pc10 = 0
      pc11 = 0
      pc12 = 0
      pc13 = 0
      pc14 = 0
      pc15 = 0
      pc16 = 0
Constrained:
     Tecnw = 45046.6
       Tnw = 2257.76
       Tec = 2752.99
     twoNb = 1.23564e+06
     twoNe = 38843.1
     twoNc = 299608
     twoNn = 200636
     twoNw = 565546
    twoNec = 265461
    twoNnw = 122207
  twoNecnw = 26314.3
  twoNbecnw = 79618.8
        m2 = 0.0159705
        m3 = 0.300818
        m4 = 3.54193e-05
        m5 = 0.143097
        Tb = 23899.8
        Tc = 1128.88
        Td = 564.441
        Te = 282.22
DiffEv reached_goal. cost=2.50893e-03 spread=2.64173e-06
Fitted parameter values
Free:
       pc1 = -2.15049
       pc2 = 3.35854
       pc3 = 1.95527
       pc4 = -1.88106
       pc5 = -1.89822
       pc6 = 0.849352
       pc7 = -0.0911915
       pc8 = 1.86764
       pc9 = -1.75804
      pc10 = -0.522262
      pc11 = -0.0358487
      pc12 = -0.0158189
      pc13 = -0.0406866
      pc14 = -0.0772798
      pc15 = -0.109033
      pc16 = -0.0284065
Constrained:
     Tecnw = 45342.6
       Tnw = 6.68562
       Tec = 153.945
     twoNb = 3.10247e+06
     twoNe = 3738.58
     twoNc = 44261.1
     twoNn = 7643.56
     twoNw = 1.22156e+06
    twoNec = 261757
    twoNnw = 135688
  twoNecnw = 25415.8
  twoNbecnw = 79637.7
        m2 = 0.0283407
        m3 = 0.303439
        m4 = 2.6369e-05
        m5 = 0.147107
        Tb = 22748.3
        Tc = 3.34281
        Td = 1.6714
        Te = 0.835702
#       SitePat  BranchLen
              b 140220.5606372
              e 54063.1914658
              c 57534.3780364
              n 49975.4808968
              w 53303.2923442
            b:e 2611.2737635
            b:c 2994.1599312
            b:n 2043.1237797
            b:w 2248.1899239
            e:c 11219.1749756
            e:n 6382.3429455
            e:w 5418.9711572
            c:n 5530.0094825
            c:w 4168.8026756
            n:w 13788.1033547
          b:e:c 2264.9243516
          b:e:n 1204.6803275
          b:e:w 1245.2895327
          b:c:n 1246.9773037
          b:c:w 1203.2897970
          b:n:w 2258.2974558
          e:c:n 6375.6231823
          e:c:w 5387.6630831
          e:n:w 8199.2238219
          c:n:w 6823.0621661
        b:e:c:n 2252.0227708
        b:e:c:w 2034.7621751
        b:e:n:w 2955.9024438
        b:c:n:w 2580.1960654
        e:c:n:w 57748.6042624
