########################################
# legofit: estimate population history #
#       version 2.3.4-4-g53f8760       #
########################################

# Program was compiled: Sep 21 2021 14:36:42
# Program was run: Thu Sep 23 15:24:52 2021

# cmd: legofit -1 -d 0 -t 32 --ptsPerDim 3 --stateOut b1boot21.state --tol 3e-6 -S 5000 bcde2.lgo ../../boot/boot21.opf
# Stage nOptItr nSimReps
#     0    5000        0
# algorithm          : deterministic
# ignoring probs <=  : 0
# Branch length floor: 0
# DE strategy        : 2
#    F               : 0.3
#    CR              : 0.8
#    tolerance       : 3e-06
# nthreads           : 32
# lgo input file     : bcde2.lgo
# site pat input file: ../../boot/boot21.opf
# free parameters    : 16
# points in DE swarm : 48
# output state file  : b1boot21.state
# Including singleton site patterns.
# cost function      : KL
Initial parameter values
Fixed:
      zero = 0
       one = 1
    Tbecnw = 75200
Free:
       pc1 = 0
       pc2 = 0
       pc3 = 0
       pc4 = 0
       pc5 = 0
       pc6 = 0
       pc7 = 0
       pc8 = 0
       pc9 = 0
      pc10 = 0
      pc11 = 0
      pc12 = 0
      pc13 = 0
      pc14 = 0
      pc15 = 0
      pc16 = 0
Constrained:
     Tecnw = 45046.6
       Tnw = 2257.76
       Tec = 2752.99
     twoNb = 1.23564e+06
     twoNe = 38843.1
     twoNc = 299608
     twoNn = 200636
     twoNw = 565546
    twoNec = 265461
    twoNnw = 122207
  twoNecnw = 26314.3
  twoNbecnw = 79618.8
        m2 = 0.0159705
        m3 = 0.300818
        m4 = 3.54193e-05
        m5 = 0.143097
        Tb = 23899.8
        Tc = 1128.88
        Td = 564.441
        Te = 282.22
DiffEv reached_goal. cost=2.47096e-03 spread=2.70447e-06
Fitted parameter values
Free:
       pc1 = -2.87886
       pc2 = 3.76091
       pc3 = 1.98831
       pc4 = -1.7993
       pc5 = -1.98398
       pc6 = 1.43505
       pc7 = 1.70918
       pc8 = 1.25292
       pc9 = -1.54626
      pc10 = -1.55203
      pc11 = -0.470451
      pc12 = -0.27641
      pc13 = 0.150638
      pc14 = -0.135952
      pc15 = -0.0616865
      pc16 = 0.0169312
Constrained:
     Tecnw = 45444.8
       Tnw = 36.5391
       Tec = 107.158
     twoNb = 3.42762e+06
     twoNe = 2277.52
     twoNc = 28003.2
     twoNn = 245845
     twoNw = 859782
    twoNec = 259606
    twoNnw = 136962
  twoNecnw = 25181
  twoNbecnw = 80265.5
        m2 = 0.0302675
        m3 = 0.296979
        m4 = 7.26661e-05
        m5 = 0.147342
        Tb = 22776
        Tc = 18.2696
        Td = 9.13478
        Te = 4.56739
#       SitePat  BranchLen
              b 140758.8539128
              e 54191.6696890
              c 57648.5945801
              n 50086.7897269
              w 53334.1617499
            b:e 2641.0642680
            b:c 3029.2794531
            b:n 2053.7660613
            b:w 2247.8056872
            e:c 11273.9928747
            e:n 6335.2861966
            e:w 5401.3868446
            c:n 5501.2512614
            c:w 4155.6997862
            n:w 13835.0208417
          b:e:c 2279.2126123
          b:e:n 1204.5956426
          b:e:w 1245.6040510
          b:c:n 1247.2316189
          b:c:w 1203.2802076
          b:n:w 2272.7021909
          e:c:n 6354.3734531
          e:c:w 5400.9885256
          e:n:w 8256.7723637
          c:n:w 6872.1750120
        b:e:c:n 2251.5034963
        b:e:c:w 2045.8706051
        b:e:n:w 2991.9856210
        b:c:n:w 2610.8527571
        e:c:n:w 58209.3019416
