########################################
# legofit: estimate population history #
#       version 2.3.4-4-g53f8760       #
########################################

# Program was compiled: Sep 21 2021 14:36:42
# Program was run: Thu Sep 23 15:23:47 2021

# cmd: legofit -1 -d 0 -t 32 --ptsPerDim 3 --stateOut b1boot2.state --tol 3e-6 -S 5000 bcde2.lgo ../../boot/boot2.opf
# Stage nOptItr nSimReps
#     0    5000        0
# algorithm          : deterministic
# ignoring probs <=  : 0
# Branch length floor: 0
# DE strategy        : 2
#    F               : 0.3
#    CR              : 0.8
#    tolerance       : 3e-06
# nthreads           : 32
# lgo input file     : bcde2.lgo
# site pat input file: ../../boot/boot2.opf
# free parameters    : 16
# points in DE swarm : 48
# output state file  : b1boot2.state
# Including singleton site patterns.
# cost function      : KL
Initial parameter values
Fixed:
      zero = 0
       one = 1
    Tbecnw = 75200
Free:
       pc1 = 0
       pc2 = 0
       pc3 = 0
       pc4 = 0
       pc5 = 0
       pc6 = 0
       pc7 = 0
       pc8 = 0
       pc9 = 0
      pc10 = 0
      pc11 = 0
      pc12 = 0
      pc13 = 0
      pc14 = 0
      pc15 = 0
      pc16 = 0
Constrained:
     Tecnw = 45046.6
       Tnw = 2257.76
       Tec = 2752.99
     twoNb = 1.23564e+06
     twoNe = 38843.1
     twoNc = 299608
     twoNn = 200636
     twoNw = 565546
    twoNec = 265461
    twoNnw = 122207
  twoNecnw = 26314.3
  twoNbecnw = 79618.8
        m2 = 0.0159705
        m3 = 0.300818
        m4 = 3.54193e-05
        m5 = 0.143097
        Tb = 23899.8
        Tc = 1128.88
        Td = 564.441
        Te = 282.22
DiffEv reached_goal. cost=2.50144e-03 spread=2.47026e-06
Fitted parameter values
Free:
       pc1 = -2.83778
       pc2 = 3.65418
       pc3 = 1.9542
       pc4 = -1.91561
       pc5 = -1.88431
       pc6 = 1.94082
       pc7 = 0.721697
       pc8 = 1.83509
       pc9 = -1.22152
      pc10 = -0.718889
      pc11 = -0.258539
      pc12 = 0.367443
      pc13 = 0.0664201
      pc14 = 0.0286546
      pc15 = -0.131945
      pc16 = -0.0921094
Constrained:
     Tecnw = 45647.9
       Tnw = 14.4991
       Tec = 150.181
     twoNb = 3.39815e+06
     twoNe = 3368.32
     twoNc = 165993
     twoNn = 118181
     twoNw = 1.33207e+06
    twoNec = 264841
    twoNnw = 136837
  twoNecnw = 25155.3
  twoNbecnw = 79770.2
        m2 = 0.0286263
        m3 = 0.304177
        m4 = 6.58454e-05
        m5 = 0.145476
        Tb = 22899.1
        Tc = 7.24953
        Td = 3.62477
        Te = 1.81238
#       SitePat  BranchLen
              b 140318.9536670
              e 54280.1644208
              c 57759.9438323
              n 50168.1747252
              w 53530.9831862
            b:e 2619.0418357
            b:c 3001.7185622
            b:n 2047.1281656
            b:w 2253.9598196
            e:c 11188.6642185
            e:n 6403.3657074
            e:w 5394.1160956
            c:n 5513.7308591
            c:w 4164.1434780
            n:w 13764.3863545
          b:e:c 2267.3290185
          b:e:n 1209.7604257
          b:e:w 1247.2541998
          b:c:n 1248.8071413
          b:c:w 1208.4599481
          b:n:w 2261.2244693
          e:c:n 6366.0386589
          e:c:w 5376.1626198
          e:n:w 8185.3977215
          c:n:w 6818.3181949
        b:e:c:n 2257.5035164
        b:e:c:w 2039.4298527
        b:e:n:w 2966.4139606
        b:c:n:w 2590.3923514
        e:c:n:w 57736.7346821
