########################################
# legofit: estimate population history #
#       version 2.3.4-4-g53f8760       #
########################################

# Program was compiled: Sep 21 2021 14:36:42
# Program was run: Thu Sep 23 15:25:45 2021

# cmd: legofit -1 -d 0 -t 32 --ptsPerDim 3 --stateOut b1boot36.state --tol 3e-6 -S 5000 bcde2.lgo ../../boot/boot36.opf
# Stage nOptItr nSimReps
#     0    5000        0
# algorithm          : deterministic
# ignoring probs <=  : 0
# Branch length floor: 0
# DE strategy        : 2
#    F               : 0.3
#    CR              : 0.8
#    tolerance       : 3e-06
# nthreads           : 32
# lgo input file     : bcde2.lgo
# site pat input file: ../../boot/boot36.opf
# free parameters    : 16
# points in DE swarm : 48
# output state file  : b1boot36.state
# Including singleton site patterns.
# cost function      : KL
Initial parameter values
Fixed:
      zero = 0
       one = 1
    Tbecnw = 75200
Free:
       pc1 = 0
       pc2 = 0
       pc3 = 0
       pc4 = 0
       pc5 = 0
       pc6 = 0
       pc7 = 0
       pc8 = 0
       pc9 = 0
      pc10 = 0
      pc11 = 0
      pc12 = 0
      pc13 = 0
      pc14 = 0
      pc15 = 0
      pc16 = 0
Constrained:
     Tecnw = 45046.6
       Tnw = 2257.76
       Tec = 2752.99
     twoNb = 1.23564e+06
     twoNe = 38843.1
     twoNc = 299608
     twoNn = 200636
     twoNw = 565546
    twoNec = 265461
    twoNnw = 122207
  twoNecnw = 26314.3
  twoNbecnw = 79618.8
        m2 = 0.0159705
        m3 = 0.300818
        m4 = 3.54193e-05
        m5 = 0.143097
        Tb = 23899.8
        Tc = 1128.88
        Td = 564.441
        Te = 282.22
DiffEv reached_goal. cost=2.52876e-03 spread=2.62412e-06
Fitted parameter values
Free:
       pc1 = -2.08978
       pc2 = 3.71296
       pc3 = 1.98337
       pc4 = -1.76088
       pc5 = -1.94564
       pc6 = 1.47645
       pc7 = 0.565198
       pc8 = 1.80189
       pc9 = -0.865692
      pc10 = -0.614066
      pc11 = 0.142743
      pc12 = 0.356849
      pc13 = -0.0231226
      pc14 = -0.0733028
      pc15 = -0.0971682
      pc16 = -0.061652
Constrained:
     Tecnw = 45505.4
       Tnw = 54.365
       Tec = 293.72
     twoNb = 3.20864e+06
     twoNe = 7943.18
     twoNc = 82845.4
     twoNn = 100382
     twoNw = 1.0673e+06
    twoNec = 261706
    twoNnw = 134523
  twoNecnw = 25255.4
  twoNbecnw = 79519.1
        m2 = 0.0283431
        m3 = 0.309566
        m4 = 5.78659e-05
        m5 = 0.144876
        Tb = 22899.6
        Tc = 27.1825
        Td = 13.5913
        Te = 6.79563
#       SitePat  BranchLen
              b 140135.8947599
              e 54215.4282717
              c 57562.1007513
              n 50090.3663585
              w 53391.6631256
            b:e 2608.7710503
            b:c 2981.2554836
            b:n 2040.5465211
            b:w 2243.6846406
            e:c 11207.3448199
            e:n 6298.4141772
            e:w 5404.9885051
            c:n 5552.0992048
            c:w 4141.3063097
            n:w 13773.5211423
          b:e:c 2260.9637256
          b:e:n 1197.6718075
          b:e:w 1244.9811793
          b:c:n 1246.6397180
          b:c:w 1196.3538306
          b:n:w 2254.5775905
          e:c:n 6356.5319060
          e:c:w 5374.4537212
          e:n:w 8156.5132602
          c:n:w 6812.6636347
        b:e:c:n 2247.3898663
        b:e:c:w 2032.2282472
        b:e:n:w 2944.3960319
        b:c:n:w 2578.7453505
        e:c:n:w 57664.0232335
