########################################
# legofit: estimate population history #
#       version 2.3.4-4-g53f8760       #
########################################

# Program was compiled: Sep 21 2021 14:36:42
# Program was run: Thu Sep 23 15:23:47 2021

# cmd: legofit -1 -d 0 -t 32 --ptsPerDim 3 --stateOut b1boot4.state --tol 3e-6 -S 5000 bcde2.lgo ../../boot/boot4.opf
# Stage nOptItr nSimReps
#     0    5000        0
# algorithm          : deterministic
# ignoring probs <=  : 0
# Branch length floor: 0
# DE strategy        : 2
#    F               : 0.3
#    CR              : 0.8
#    tolerance       : 3e-06
# nthreads           : 32
# lgo input file     : bcde2.lgo
# site pat input file: ../../boot/boot4.opf
# free parameters    : 16
# points in DE swarm : 48
# output state file  : b1boot4.state
# Including singleton site patterns.
# cost function      : KL
Initial parameter values
Fixed:
      zero = 0
       one = 1
    Tbecnw = 75200
Free:
       pc1 = 0
       pc2 = 0
       pc3 = 0
       pc4 = 0
       pc5 = 0
       pc6 = 0
       pc7 = 0
       pc8 = 0
       pc9 = 0
      pc10 = 0
      pc11 = 0
      pc12 = 0
      pc13 = 0
      pc14 = 0
      pc15 = 0
      pc16 = 0
Constrained:
     Tecnw = 45046.6
       Tnw = 2257.76
       Tec = 2752.99
     twoNb = 1.23564e+06
     twoNe = 38843.1
     twoNc = 299608
     twoNn = 200636
     twoNw = 565546
    twoNec = 265461
    twoNnw = 122207
  twoNecnw = 26314.3
  twoNbecnw = 79618.8
        m2 = 0.0159705
        m3 = 0.300818
        m4 = 3.54193e-05
        m5 = 0.143097
        Tb = 23899.8
        Tc = 1128.88
        Td = 564.441
        Te = 282.22
DiffEv reached_goal. cost=2.50313e-03 spread=2.97538e-06
Fitted parameter values
Free:
       pc1 = -2.8432
       pc2 = 3.6372
       pc3 = 1.97532
       pc4 = -1.8957
       pc5 = -1.57735
       pc6 = 1.77952
       pc7 = 0.118962
       pc8 = 1.00178
       pc9 = -1.06014
      pc10 = -0.65833
      pc11 = 0.0673495
      pc12 = 0.567527
      pc13 = 0.0137819
      pc14 = -0.189563
      pc15 = -0.0674739
      pc16 = -0.0946487
Constrained:
     Tecnw = 45673.8
       Tnw = 15.0141
       Tec = 84.6599
     twoNb = 3.15077e+06
     twoNe = 1872.26
     twoNc = 376653
     twoNn = 51699.2
     twoNw = 1.04536e+06
    twoNec = 261880
    twoNnw = 136394
  twoNecnw = 25016.2
  twoNbecnw = 79678.4
        m2 = 0.0279121
        m3 = 0.305117
        m4 = 5.82743e-05
        m5 = 0.14747
        Tb = 22879.2
        Tc = 7.50704
        Td = 3.75352
        Te = 1.87676
#       SitePat  BranchLen
              b 140349.0787302
              e 54098.9382206
              c 57587.3712753
              n 50066.2385697
              w 53456.0874226
            b:e 2590.1258368
            b:c 2972.6887189
            b:n 2031.1621905
            b:w 2241.0527156
            e:c 11199.8549632
            e:n 6377.0472556
            e:w 5386.6402119
            c:n 5510.4880880
            c:w 4131.5205354
            n:w 13724.2031728
          b:e:c 2252.6953973
          b:e:n 1197.9302944
          b:e:w 1238.3109901
          b:c:n 1239.9549917
          b:c:w 1196.5699417
          b:n:w 2246.2888162
          e:c:n 6358.9698276
          e:c:w 5353.3500117
          e:n:w 8138.5963401
          c:n:w 6764.5040821
        b:e:c:n 2244.7546042
        b:e:c:w 2023.0139928
        b:e:n:w 2935.5981969
        b:c:n:w 2560.0897134
        e:c:n:w 57923.4889876
