########################################
# legofit: estimate population history #
#       version 2.3.4-4-g53f8760       #
########################################

# Program was compiled: Sep 21 2021 14:36:42
# Program was run: Fri Sep 24 08:59:20 2021

# cmd: legofit -1 -d 0 -t 32 --ptsPerDim 3 --stateOut b1.state --tol 3e-6 -S 5000 acd2.lgo ../../pan.opf
# Stage nOptItr nSimReps
#     0    5000        0
# algorithm          : deterministic
# ignoring probs <=  : 0
# Branch length floor: 0
# DE strategy        : 2
#    F               : 0.3
#    CR              : 0.8
#    tolerance       : 3e-06
# nthreads           : 32
# lgo input file     : acd2.lgo
# site pat input file: ../../pan.opf
# free parameters    : 16
# points in DE swarm : 48
# output state file  : b1.state
# Including singleton site patterns.
# cost function      : KL
Initial parameter values
Fixed:
      zero = 0
       one = 1
    Tbecnw = 75200
Free:
       pc1 = 0
       pc2 = 0
       pc3 = 0
       pc4 = 0
       pc5 = 0
       pc6 = 0
       pc7 = 0
       pc8 = 0
       pc9 = 0
      pc10 = 0
      pc11 = 0
      pc12 = 0
      pc13 = 0
      pc14 = 0
      pc15 = 0
      pc16 = 0
Constrained:
   Tgbecnw = 101608
     Tecnw = 25557.3
       Tnw = 19608.5
       Tec = 12375.8
     twoNb = 999794
     twoNe = 40951.1
     twoNc = 413770
     twoNn = 756320
    twoNec = 131225
    twoNnw = 23393.7
  twoNecnw = 78469.3
  twoNbecnw = 11424.1
  twoNgbecnw = 251355
         m = 0.139801
        m3 = 0.17958
        m4 = 0.0257192
        Ta = 37600
        Tc = 9804.24
        Td = 4902.12
DiffEv reached_goal. cost=1.73289e-03 spread=2.68608e-06
Fitted parameter values
Free:
       pc1 = 1.06306
       pc2 = -3.96509
       pc3 = -1.9389
       pc4 = 1.23341
       pc5 = -1.9875
       pc6 = -0.400305
       pc7 = -1.92801
       pc8 = 1.98708
       pc9 = 1.22164
      pc10 = 0.944731
      pc11 = -0.0890289
      pc12 = -0.00987791
      pc13 = -0.0368048
      pc14 = 0.0244272
      pc15 = 0.0227726
      pc16 = 0.000362948
Constrained:
   Tgbecnw = 80576.4
     Tecnw = 23690
       Tnw = 19981.1
       Tec = 11235.9
     twoNb = 1.73086e+06
     twoNe = 22480.4
     twoNc = 199190
     twoNn = 741132
    twoNec = 125037
    twoNnw = 14093.9
  twoNecnw = 76308.1
  twoNbecnw = 2396.61
  twoNgbecnw = 274398
         m = 0.121925
        m3 = 0.187524
        m4 = 0.0260344
        Ta = 37600
        Tc = 9990.53
        Td = 4995.26
#       SitePat  BranchLen
              b 124148.6986639
              e 48626.8843415
              c 50469.8146132
              n 44826.0301871
              w 46608.4257171
            b:e 2074.8496378
            b:c 2451.6571677
            b:n 1678.0652985
            b:w 1834.9758679
            e:c 10362.3670156
            e:n 5794.7168418
            e:w 4918.1494313
            c:n 5154.8050281
            c:w 4849.2675627
            n:w 12643.6299560
          b:e:c 2084.5408147
          b:e:n 1118.3522571
          b:e:w 1089.3430225
          b:c:n 1092.7013465
          b:c:w 1134.6854098
          b:n:w 2040.2776916
          e:c:n 4890.1197145
          e:c:w 4289.8290605
          e:n:w 6225.0285566
          c:n:w 5572.7646777
        b:e:c:n 2108.9714608
        b:e:c:w 1939.0860627
        b:e:n:w 3255.1472980
        b:c:n:w 2376.7752011
        e:c:n:w 51650.7420649
