########################################
# legofit: estimate population history #
#       version 2.3.4-4-g53f8760       #
########################################

# Program was compiled: Sep 21 2021 14:36:42
# Program was run: Fri Sep 24 09:00:37 2021

# cmd: legofit -1 -d 0 -t 32 --ptsPerDim 3 --stateOut b1boot38.state --tol 3e-6 -S 5000 acd2.lgo ../../boot/boot38.opf
# Stage nOptItr nSimReps
#     0    5000        0
# algorithm          : deterministic
# ignoring probs <=  : 0
# Branch length floor: 0
# DE strategy        : 2
#    F               : 0.3
#    CR              : 0.8
#    tolerance       : 3e-06
# nthreads           : 32
# lgo input file     : acd2.lgo
# site pat input file: ../../boot/boot38.opf
# free parameters    : 16
# points in DE swarm : 48
# output state file  : b1boot38.state
# Including singleton site patterns.
# cost function      : KL
Initial parameter values
Fixed:
      zero = 0
       one = 1
    Tbecnw = 75200
Free:
       pc1 = 0
       pc2 = 0
       pc3 = 0
       pc4 = 0
       pc5 = 0
       pc6 = 0
       pc7 = 0
       pc8 = 0
       pc9 = 0
      pc10 = 0
      pc11 = 0
      pc12 = 0
      pc13 = 0
      pc14 = 0
      pc15 = 0
      pc16 = 0
Constrained:
   Tgbecnw = 101608
     Tecnw = 25557.3
       Tnw = 19608.5
       Tec = 12375.8
     twoNb = 999794
     twoNe = 40951.1
     twoNc = 413770
     twoNn = 756320
    twoNec = 131225
    twoNnw = 23393.7
  twoNecnw = 78469.3
  twoNbecnw = 11424.1
  twoNgbecnw = 251355
         m = 0.139801
        m3 = 0.17958
        m4 = 0.0257192
        Ta = 37600
        Tc = 9804.24
        Td = 4902.12
DiffEv reached_goal. cost=1.72160e-03 spread=2.72302e-06
Fitted parameter values
Free:
       pc1 = 0.840514
       pc2 = -3.96603
       pc3 = -1.68404
       pc4 = 0.785834
       pc5 = -1.47157
       pc6 = 0.25793
       pc7 = -1.905
       pc8 = 1.80626
       pc9 = 1.25755
      pc10 = 0.978331
      pc11 = -0.132426
      pc12 = -0.170874
      pc13 = -0.0819352
      pc14 = 0.00619099
      pc15 = 0.0193354
      pc16 = -0.012496
Constrained:
   Tgbecnw = 82076.6
     Tecnw = 23880.7
       Tnw = 20347.5
       Tec = 11721.7
     twoNb = 1.67452e+06
     twoNe = 30901.8
     twoNc = 338323
     twoNn = 206873
    twoNec = 122279
    twoNnw = 13403.4
  twoNecnw = 75855.2
  twoNbecnw = 3034.37
  twoNgbecnw = 277615
         m = 0.120475
        m3 = 0.184289
        m4 = 0.0258548
        Ta = 37600
        Tc = 10173.7
        Td = 5086.87
#       SitePat  BranchLen
              b 124579.5849026
              e 48823.1134659
              c 50612.5415741
              n 45007.4075800
              w 46709.9118678
            b:e 2079.9673343
            b:c 2452.4766063
            b:n 1680.1328178
            b:w 1831.1965974
            e:c 10364.4043578
            e:n 5738.8379386
            e:w 4921.7768606
            c:n 5150.3022871
            c:w 4842.3868567
            n:w 12656.6832499
          b:e:c 2087.9887144
          b:e:n 1114.4948272
          b:e:w 1088.8882702
          b:c:n 1092.2738737
          b:c:w 1130.1841049
          b:n:w 2044.0288804
          e:c:n 4882.2652394
          e:c:w 4304.7374600
          e:n:w 6239.5046575
          c:n:w 5599.6390273
        b:e:c:n 2100.6833644
        b:e:c:w 1937.3159106
        b:e:n:w 3250.9460014
        b:c:n:w 2377.7246576
        e:c:n:w 51912.9628289
