########################################
# legofit: estimate population history #
#       version 2.3.4-4-g53f8760       #
########################################

# Program was compiled: Sep 21 2021 14:36:42
# Program was run: Fri Sep 24 09:00:59 2021

# cmd: legofit -1 -d 0 -t 32 --ptsPerDim 3 --stateOut b1boot49.state --tol 3e-6 -S 5000 acd2.lgo ../../boot/boot49.opf
# Stage nOptItr nSimReps
#     0    5000        0
# algorithm          : deterministic
# ignoring probs <=  : 0
# Branch length floor: 0
# DE strategy        : 2
#    F               : 0.3
#    CR              : 0.8
#    tolerance       : 3e-06
# nthreads           : 32
# lgo input file     : acd2.lgo
# site pat input file: ../../boot/boot49.opf
# free parameters    : 16
# points in DE swarm : 48
# output state file  : b1boot49.state
# Including singleton site patterns.
# cost function      : KL
Initial parameter values
Fixed:
      zero = 0
       one = 1
    Tbecnw = 75200
Free:
       pc1 = 0
       pc2 = 0
       pc3 = 0
       pc4 = 0
       pc5 = 0
       pc6 = 0
       pc7 = 0
       pc8 = 0
       pc9 = 0
      pc10 = 0
      pc11 = 0
      pc12 = 0
      pc13 = 0
      pc14 = 0
      pc15 = 0
      pc16 = 0
Constrained:
   Tgbecnw = 101608
     Tecnw = 25557.3
       Tnw = 19608.5
       Tec = 12375.8
     twoNb = 999794
     twoNe = 40951.1
     twoNc = 413770
     twoNn = 756320
    twoNec = 131225
    twoNnw = 23393.7
  twoNecnw = 78469.3
  twoNbecnw = 11424.1
  twoNgbecnw = 251355
         m = 0.139801
        m3 = 0.17958
        m4 = 0.0257192
        Ta = 37600
        Tc = 9804.24
        Td = 4902.12
DiffEv reached_goal. cost=1.76053e-03 spread=2.78322e-06
Fitted parameter values
Free:
       pc1 = 2.50179
       pc2 = -3.64264
       pc3 = -1.74203
       pc4 = 0.744195
       pc5 = -1.36928
       pc6 = -1.12923
       pc7 = -1.38112
       pc8 = 1.99847
       pc9 = 0.729218
      pc10 = 0.993941
      pc11 = 0.0176314
      pc12 = -0.0035064
      pc13 = -0.0252779
      pc14 = 0.0620189
      pc15 = 0.00502371
      pc16 = 0.00310499
Constrained:
   Tgbecnw = 80325.6
     Tecnw = 24110.4
       Tnw = 18488.6
       Tec = 10549.8
     twoNb = 1.39486e+06
     twoNe = 23765.3
     twoNc = 3449.32
     twoNn = 1.03132e+06
    twoNec = 133974
    twoNnw = 21820.7
  twoNecnw = 74168.7
  twoNbecnw = 2273.11
  twoNgbecnw = 280667
         m = 0.116996
        m3 = 0.186967
        m4 = 0.0263394
        Ta = 37600
        Tc = 9244.3
        Td = 4622.15
#       SitePat  BranchLen
              b 123833.1615576
              e 48451.0276653
              c 50295.1228732
              n 44739.0474570
              w 46537.7789965
            b:e 2062.5700302
            b:c 2455.5408339
            b:n 1682.8015333
            b:w 1840.4094927
            e:c 10338.3723900
            e:n 5775.1141847
            e:w 4892.1994341
            c:n 5131.7816190
            c:w 4818.8539206
            n:w 12586.6427144
          b:e:c 2072.5304072
          b:e:n 1116.9852685
          b:e:w 1088.3956964
          b:c:n 1092.7687269
          b:c:w 1134.1651429
          b:n:w 2029.2054073
          e:c:n 4911.6171782
          e:c:w 4308.7280876
          e:n:w 6196.1579365
          c:n:w 5532.8557867
        b:e:c:n 2110.2461942
        b:e:c:w 1939.8313909
        b:e:n:w 3237.1908965
        b:c:n:w 2358.5518572
        e:c:n:w 51553.3880274
