########################################
# legofit: estimate population history #
#       version 2.3.4-4-g53f8760       #
########################################

# Program was compiled: Sep 21 2021 14:36:42
# Program was run: Fri Sep 24 08:59:59 2021

# cmd: legofit -1 -d 0 -t 32 --ptsPerDim 3 --stateOut b1boot18.state --tol 3e-6 -S 5000 acd2.lgo ../../boot/boot18.opf
# Stage nOptItr nSimReps
#     0    5000        0
# algorithm          : deterministic
# ignoring probs <=  : 0
# Branch length floor: 0
# DE strategy        : 2
#    F               : 0.3
#    CR              : 0.8
#    tolerance       : 3e-06
# nthreads           : 32
# lgo input file     : acd2.lgo
# site pat input file: ../../boot/boot18.opf
# free parameters    : 16
# points in DE swarm : 48
# output state file  : b1boot18.state
# Including singleton site patterns.
# cost function      : KL
Initial parameter values
Fixed:
      zero = 0
       one = 1
    Tbecnw = 75200
Free:
       pc1 = 0
       pc2 = 0
       pc3 = 0
       pc4 = 0
       pc5 = 0
       pc6 = 0
       pc7 = 0
       pc8 = 0
       pc9 = 0
      pc10 = 0
      pc11 = 0
      pc12 = 0
      pc13 = 0
      pc14 = 0
      pc15 = 0
      pc16 = 0
Constrained:
   Tgbecnw = 101608
     Tecnw = 25557.3
       Tnw = 19608.5
       Tec = 12375.8
     twoNb = 999794
     twoNe = 40951.1
     twoNc = 413770
     twoNn = 756320
    twoNec = 131225
    twoNnw = 23393.7
  twoNecnw = 78469.3
  twoNbecnw = 11424.1
  twoNgbecnw = 251355
         m = 0.139801
        m3 = 0.17958
        m4 = 0.0257192
        Ta = 37600
        Tc = 9804.24
        Td = 4902.12
DiffEv reached_goal. cost=1.74337e-03 spread=2.67433e-06
Fitted parameter values
Free:
       pc1 = 0.953993
       pc2 = -3.25925
       pc3 = -1.63098
       pc4 = 1.94913
       pc5 = -1.86389
       pc6 = 0.692826
       pc7 = -1.82005
       pc8 = 1.98505
       pc9 = 1.27874
      pc10 = 0.785399
      pc11 = -0.00566031
      pc12 = 0.00594757
      pc13 = -0.0624434
      pc14 = 0.0474282
      pc15 = 0.00027343
      pc16 = -0.00208964
Constrained:
   Tgbecnw = 83466.4
     Tecnw = 24006.6
       Tnw = 20176.1
       Tec = 11154
     twoNb = 1.81203e+06
     twoNe = 19174.8
     twoNc = 675138
     twoNn = 759249
    twoNec = 127346
    twoNnw = 14572.1
  twoNecnw = 76612.4
  twoNbecnw = 3662.88
  twoNgbecnw = 272431
         m = 0.122955
        m3 = 0.189984
        m4 = 0.026051
        Ta = 37600
        Tc = 10088.1
        Td = 5044.03
#       SitePat  BranchLen
              b 124887.8814816
              e 48958.7900030
              c 50823.0938379
              n 45202.2328139
              w 47041.2293992
            b:e 2090.8180163
            b:c 2467.4829107
            b:n 1695.4700468
            b:w 1857.5935416
            e:c 10455.0675050
            e:n 5840.9040091
            e:w 4938.4789323
            c:n 5188.8126404
            c:w 4871.5102942
            n:w 12688.1952034
          b:e:c 2100.9386859
          b:e:n 1128.3515981
          b:e:w 1098.5650959
          b:c:n 1101.3790462
          b:c:w 1144.3179190
          b:n:w 2058.1440492
          e:c:n 4941.8762777
          e:c:w 4322.6071155
          e:n:w 6251.7410503
          c:n:w 5595.7028981
        b:e:c:n 2129.8198019
        b:e:c:w 1954.5439366
        b:e:n:w 3274.5238206
        b:c:n:w 2389.8725924
        e:c:n:w 51892.6770815
