########################################
# legofit: estimate population history #
#       version 2.3.4-4-g53f8760       #
########################################

# Program was compiled: Sep 21 2021 14:36:42
# Program was run: Fri Sep 24 09:00:20 2021

# cmd: legofit -1 -d 0 -t 32 --ptsPerDim 3 --stateOut b1boot28.state --tol 3e-6 -S 5000 acd2.lgo ../../boot/boot28.opf
# Stage nOptItr nSimReps
#     0    5000        0
# algorithm          : deterministic
# ignoring probs <=  : 0
# Branch length floor: 0
# DE strategy        : 2
#    F               : 0.3
#    CR              : 0.8
#    tolerance       : 3e-06
# nthreads           : 32
# lgo input file     : acd2.lgo
# site pat input file: ../../boot/boot28.opf
# free parameters    : 16
# points in DE swarm : 48
# output state file  : b1boot28.state
# Including singleton site patterns.
# cost function      : KL
Initial parameter values
Fixed:
      zero = 0
       one = 1
    Tbecnw = 75200
Free:
       pc1 = 0
       pc2 = 0
       pc3 = 0
       pc4 = 0
       pc5 = 0
       pc6 = 0
       pc7 = 0
       pc8 = 0
       pc9 = 0
      pc10 = 0
      pc11 = 0
      pc12 = 0
      pc13 = 0
      pc14 = 0
      pc15 = 0
      pc16 = 0
Constrained:
   Tgbecnw = 101608
     Tecnw = 25557.3
       Tnw = 19608.5
       Tec = 12375.8
     twoNb = 999794
     twoNe = 40951.1
     twoNc = 413770
     twoNn = 756320
    twoNec = 131225
    twoNnw = 23393.7
  twoNecnw = 78469.3
  twoNbecnw = 11424.1
  twoNgbecnw = 251355
         m = 0.139801
        m3 = 0.17958
        m4 = 0.0257192
        Ta = 37600
        Tc = 9804.24
        Td = 4902.12
DiffEv reached_goal. cost=1.72694e-03 spread=2.91828e-06
Fitted parameter values
Free:
       pc1 = 3.59735
       pc2 = -3.95486
       pc3 = -1.99385
       pc4 = 0.780218
       pc5 = -1.46761
       pc6 = -0.363373
       pc7 = -1.87419
       pc8 = 1.73176
       pc9 = 0.1158
      pc10 = 1.23046
      pc11 = -0.054807
      pc12 = 0.00805233
      pc13 = -0.0178305
      pc14 = 0.0158207
      pc15 = 0.0111877
      pc16 = -0.0176436
Constrained:
   Tgbecnw = 78407.5
     Tecnw = 24108.5
       Tnw = 18097.1
       Tec = 9675.71
     twoNb = 1.40673e+06
     twoNe = 10132.8
     twoNc = 187388
     twoNn = 574352
    twoNec = 145220
    twoNnw = 23470.3
  twoNecnw = 72489.9
  twoNbecnw = 1424.73
  twoNgbecnw = 286378
         m = 0.110945
        m3 = 0.179658
        m4 = 0.0268525
        Ta = 37600
        Tc = 9048.57
        Td = 4524.29
#       SitePat  BranchLen
              b 122722.2881217
              e 48097.0000777
              c 49991.3731207
              n 44375.3961583
              w 46133.2585675
            b:e 2056.4106581
            b:c 2453.2170053
            b:n 1673.7698934
            b:w 1826.1668751
            e:c 10249.5121981
            e:n 5755.4934446
            e:w 4861.1040757
            c:n 5073.4257198
            c:w 4792.4229578
            n:w 12525.4405188
          b:e:c 2062.2361780
          b:e:n 1113.0760756
          b:e:w 1081.8298500
          b:c:n 1087.1892908
          b:c:w 1130.7894851
          b:n:w 2017.6610494
          e:c:n 4874.3392962
          e:c:w 4291.8690179
          e:n:w 6205.3841141
          c:n:w 5525.2229726
        b:e:c:n 2092.7928508
        b:e:c:w 1928.0419004
        b:e:n:w 3233.2409319
        b:c:n:w 2349.8983530
        e:c:n:w 50926.2781722
