########################################
# legofit: estimate population history #
#       version 2.3.4-4-g53f8760       #
########################################

# Program was compiled: Sep 21 2021 14:36:42
# Program was run: Fri Sep 24 08:59:28 2021

# cmd: legofit -1 -d 0 -t 32 --ptsPerDim 3 --stateOut b1boot0.state --tol 3e-6 -S 5000 acd2.lgo ../../boot/boot0.opf
# Stage nOptItr nSimReps
#     0    5000        0
# algorithm          : deterministic
# ignoring probs <=  : 0
# Branch length floor: 0
# DE strategy        : 2
#    F               : 0.3
#    CR              : 0.8
#    tolerance       : 3e-06
# nthreads           : 32
# lgo input file     : acd2.lgo
# site pat input file: ../../boot/boot0.opf
# free parameters    : 16
# points in DE swarm : 48
# output state file  : b1boot0.state
# Including singleton site patterns.
# cost function      : KL
Initial parameter values
Fixed:
      zero = 0
       one = 1
    Tbecnw = 75200
Free:
       pc1 = 0
       pc2 = 0
       pc3 = 0
       pc4 = 0
       pc5 = 0
       pc6 = 0
       pc7 = 0
       pc8 = 0
       pc9 = 0
      pc10 = 0
      pc11 = 0
      pc12 = 0
      pc13 = 0
      pc14 = 0
      pc15 = 0
      pc16 = 0
Constrained:
   Tgbecnw = 101608
     Tecnw = 25557.3
       Tnw = 19608.5
       Tec = 12375.8
     twoNb = 999794
     twoNe = 40951.1
     twoNc = 413770
     twoNn = 756320
    twoNec = 131225
    twoNnw = 23393.7
  twoNecnw = 78469.3
  twoNbecnw = 11424.1
  twoNgbecnw = 251355
         m = 0.139801
        m3 = 0.17958
        m4 = 0.0257192
        Ta = 37600
        Tc = 9804.24
        Td = 4902.12
DiffEv reached_goal. cost=1.73352e-03 spread=2.68742e-06
Fitted parameter values
Free:
       pc1 = 1.84673
       pc2 = -3.15534
       pc3 = -1.91106
       pc4 = 1.2379
       pc5 = -1.83213
       pc6 = -0.362947
       pc7 = -0.238366
       pc8 = 1.85435
       pc9 = 0.046829
      pc10 = 0.867338
      pc11 = -0.0511143
      pc12 = -0.0329836
      pc13 = -0.000158416
      pc14 = -0.0121802
      pc15 = 0.0160613
      pc16 = -0.0131325
Constrained:
   Tgbecnw = 83088
     Tecnw = 23999.9
       Tnw = 19668.6
       Tec = 10742.3
     twoNb = 1.25963e+06
     twoNe = 17293
     twoNc = 399472
     twoNn = 1.79328e+06
    twoNec = 134884
    twoNnw = 16749.2
  twoNecnw = 75855.5
  twoNbecnw = 3486.77
  twoNgbecnw = 275708
         m = 0.121524
        m3 = 0.181936
        m4 = 0.0263392
        Ta = 37600
        Tc = 9834.28
        Td = 4917.14
#       SitePat  BranchLen
              b 124902.5964186
              e 48925.7756521
              c 50744.9421282
              n 45136.7746739
              w 46847.3936601
            b:e 2091.4394070
            b:c 2494.3821729
            b:n 1696.1801427
            b:w 1846.2420141
            e:c 10387.0092587
            e:n 5792.3870620
            e:w 4956.4876585
            c:n 5178.0777929
            c:w 4875.7307276
            n:w 12678.6133038
          b:e:c 2092.8910156
          b:e:n 1126.1168401
          b:e:w 1099.2266752
          b:c:n 1103.5711737
          b:c:w 1142.6671988
          b:n:w 2048.3202045
          e:c:n 4905.3117274
          e:c:w 4332.9392100
          e:n:w 6272.8761024
          c:n:w 5608.7460088
        b:e:c:n 2117.1416301
        b:e:c:w 1954.8738984
        b:e:n:w 3274.1676598
        b:c:n:w 2390.3594752
        e:c:n:w 52051.5325083
