########################################
# legofit: estimate population history #
#       version 2.3.4-4-g53f8760       #
########################################

# Program was compiled: Sep 21 2021 14:36:42
# Program was run: Fri Sep 24 08:59:41 2021

# cmd: legofit -1 -d 0 -t 32 --ptsPerDim 3 --stateOut b1boot7.state --tol 3e-6 -S 5000 acd2.lgo ../../boot/boot7.opf
# Stage nOptItr nSimReps
#     0    5000        0
# algorithm          : deterministic
# ignoring probs <=  : 0
# Branch length floor: 0
# DE strategy        : 2
#    F               : 0.3
#    CR              : 0.8
#    tolerance       : 3e-06
# nthreads           : 32
# lgo input file     : acd2.lgo
# site pat input file: ../../boot/boot7.opf
# free parameters    : 16
# points in DE swarm : 48
# output state file  : b1boot7.state
# Including singleton site patterns.
# cost function      : KL
Initial parameter values
Fixed:
      zero = 0
       one = 1
    Tbecnw = 75200
Free:
       pc1 = 0
       pc2 = 0
       pc3 = 0
       pc4 = 0
       pc5 = 0
       pc6 = 0
       pc7 = 0
       pc8 = 0
       pc9 = 0
      pc10 = 0
      pc11 = 0
      pc12 = 0
      pc13 = 0
      pc14 = 0
      pc15 = 0
      pc16 = 0
Constrained:
   Tgbecnw = 101608
     Tecnw = 25557.3
       Tnw = 19608.5
       Tec = 12375.8
     twoNb = 999794
     twoNe = 40951.1
     twoNc = 413770
     twoNn = 756320
    twoNec = 131225
    twoNnw = 23393.7
  twoNecnw = 78469.3
  twoNbecnw = 11424.1
  twoNgbecnw = 251355
         m = 0.139801
        m3 = 0.17958
        m4 = 0.0257192
        Ta = 37600
        Tc = 9804.24
        Td = 4902.12
DiffEv reached_goal. cost=1.73697e-03 spread=2.93184e-06
Fitted parameter values
Free:
       pc1 = 2.90932
       pc2 = -3.15731
       pc3 = -1.82504
       pc4 = 1.89992
       pc5 = -0.242294
       pc6 = 1.65008
       pc7 = -1.64953
       pc8 = 1.81951
       pc9 = 1.3001
      pc10 = 0.488135
      pc11 = -0.0693588
      pc12 = -0.0621381
      pc13 = 0.0946882
      pc14 = 0.0427843
      pc15 = 0.00146958
      pc16 = 0.013442
Constrained:
   Tgbecnw = 81784.7
     Tecnw = 24369.1
       Tnw = 17627.2
       Tec = 10169.3
     twoNb = 1.5394e+06
     twoNe = 25417.2
     twoNc = 1.11913e+06
     twoNn = 46819.2
    twoNec = 141343
    twoNnw = 26615
  twoNecnw = 73139.6
  twoNbecnw = 2916.46
  twoNgbecnw = 280529
         m = 0.116892
        m3 = 0.188613
        m4 = 0.0261355
        Ta = 37600
        Tc = 8813.6
        Td = 4406.8
#       SitePat  BranchLen
              b 124354.6946382
              e 48506.6627131
              c 50352.1985723
              n 44820.5794162
              w 46623.4491330
            b:e 2067.4154894
            b:c 2453.5738444
            b:n 1694.9958826
            b:w 1852.6271483
            e:c 10320.4087092
            e:n 5798.9196187
            e:w 4916.5085395
            c:n 5160.1149958
            c:w 4842.0319933
            n:w 12562.2776891
          b:e:c 2065.9871167
          b:e:n 1123.6492634
          b:e:w 1095.4799005
          b:c:n 1099.5372425
          b:c:w 1140.1785611
          b:n:w 2024.8267214
          e:c:n 4951.9686893
          e:c:w 4349.5930541
          e:n:w 6211.3699429
          c:n:w 5550.2009149
        b:e:c:n 2116.8547402
        b:e:c:w 1946.7515189
        b:e:n:w 3234.1051852
        b:c:n:w 2356.2741789
        e:c:n:w 51921.2773001
