########################################
# legofit: estimate population history #
#       version 2.3.4-4-g53f8760       #
########################################

# Program was compiled: Sep 21 2021 14:36:42
# Program was run: Fri Sep 24 08:59:46 2021

# cmd: legofit -1 -d 0 -t 32 --ptsPerDim 3 --stateOut b1boot11.state --tol 3e-6 -S 5000 acd2.lgo ../../boot/boot11.opf
# Stage nOptItr nSimReps
#     0    5000        0
# algorithm          : deterministic
# ignoring probs <=  : 0
# Branch length floor: 0
# DE strategy        : 2
#    F               : 0.3
#    CR              : 0.8
#    tolerance       : 3e-06
# nthreads           : 32
# lgo input file     : acd2.lgo
# site pat input file: ../../boot/boot11.opf
# free parameters    : 16
# points in DE swarm : 48
# output state file  : b1boot11.state
# Including singleton site patterns.
# cost function      : KL
Initial parameter values
Fixed:
      zero = 0
       one = 1
    Tbecnw = 75200
Free:
       pc1 = 0
       pc2 = 0
       pc3 = 0
       pc4 = 0
       pc5 = 0
       pc6 = 0
       pc7 = 0
       pc8 = 0
       pc9 = 0
      pc10 = 0
      pc11 = 0
      pc12 = 0
      pc13 = 0
      pc14 = 0
      pc15 = 0
      pc16 = 0
Constrained:
   Tgbecnw = 101608
     Tecnw = 25557.3
       Tnw = 19608.5
       Tec = 12375.8
     twoNb = 999794
     twoNe = 40951.1
     twoNc = 413770
     twoNn = 756320
    twoNec = 131225
    twoNnw = 23393.7
  twoNecnw = 78469.3
  twoNbecnw = 11424.1
  twoNgbecnw = 251355
         m = 0.139801
        m3 = 0.17958
        m4 = 0.0257192
        Ta = 37600
        Tc = 9804.24
        Td = 4902.12
DiffEv reached_goal. cost=1.75314e-03 spread=2.68147e-06
Fitted parameter values
Free:
       pc1 = 2.16224
       pc2 = -3.20682
       pc3 = -1.9535
       pc4 = 1.14935
       pc5 = -1.68454
       pc6 = -0.428397
       pc7 = -1.53184
       pc8 = 1.71543
       pc9 = 0.9173
      pc10 = 1.34645
      pc11 = -0.14767
      pc12 = 0.125948
      pc13 = 0.023198
      pc14 = 0.0819205
      pc15 = 0.00741095
      pc16 = 0.0313559
Constrained:
   Tgbecnw = 81426.6
     Tecnw = 24176.5
       Tnw = 19217.6
       Tec = 10374.1
     twoNb = 1.54698e+06
     twoNe = 13137.6
     twoNc = 235064
     twoNn = 997786
    twoNec = 136660
    twoNnw = 19279.7
  twoNecnw = 73829.3
  twoNbecnw = 2812.73
  twoNgbecnw = 270367
         m = 0.120515
        m3 = 0.185189
        m4 = 0.0261743
        Ta = 37600
        Tc = 9608.81
        Td = 4804.4
#       SitePat  BranchLen
              b 124026.8231298
              e 48497.7572446
              c 50359.0867399
              n 44852.4659686
              w 46660.7568195
            b:e 2083.0972672
            b:c 2473.3466747
            b:n 1699.2413773
            b:w 1858.4417072
            e:c 10384.4841362
            e:n 5812.3837482
            e:w 4913.4902669
            c:n 5148.6853539
            c:w 4846.5954713
            n:w 12560.0258160
          b:e:c 2089.2447549
          b:e:n 1127.6446249
          b:e:w 1097.0766947
          b:c:n 1101.0493423
          b:c:w 1144.2685099
          b:n:w 2046.9004112
          e:c:n 4956.1837098
          e:c:w 4348.8762227
          e:n:w 6254.6229733
          c:n:w 5583.4307319
        b:e:c:n 2124.8564763
        b:e:c:w 1953.0049090
        b:e:n:w 3245.6228715
        b:c:n:w 2375.2324951
        e:c:n:w 51557.5057180
