########################################
# legofit: estimate population history #
#       version 2.3.4-4-g53f8760       #
########################################

# Program was compiled: Sep 21 2021 14:36:42
# Program was run: Fri Sep 24 08:59:45 2021

# cmd: legofit -1 -d 0 -t 32 --ptsPerDim 3 --stateOut b1boot10.state --tol 3e-6 -S 5000 acd2.lgo ../../boot/boot10.opf
# Stage nOptItr nSimReps
#     0    5000        0
# algorithm          : deterministic
# ignoring probs <=  : 0
# Branch length floor: 0
# DE strategy        : 2
#    F               : 0.3
#    CR              : 0.8
#    tolerance       : 3e-06
# nthreads           : 32
# lgo input file     : acd2.lgo
# site pat input file: ../../boot/boot10.opf
# free parameters    : 16
# points in DE swarm : 48
# output state file  : b1boot10.state
# Including singleton site patterns.
# cost function      : KL
Initial parameter values
Fixed:
      zero = 0
       one = 1
    Tbecnw = 75200
Free:
       pc1 = 0
       pc2 = 0
       pc3 = 0
       pc4 = 0
       pc5 = 0
       pc6 = 0
       pc7 = 0
       pc8 = 0
       pc9 = 0
      pc10 = 0
      pc11 = 0
      pc12 = 0
      pc13 = 0
      pc14 = 0
      pc15 = 0
      pc16 = 0
Constrained:
   Tgbecnw = 101608
     Tecnw = 25557.3
       Tnw = 19608.5
       Tec = 12375.8
     twoNb = 999794
     twoNe = 40951.1
     twoNc = 413770
     twoNn = 756320
    twoNec = 131225
    twoNnw = 23393.7
  twoNecnw = 78469.3
  twoNbecnw = 11424.1
  twoNgbecnw = 251355
         m = 0.139801
        m3 = 0.17958
        m4 = 0.0257192
        Ta = 37600
        Tc = 9804.24
        Td = 4902.12
DiffEv reached_goal. cost=1.73875e-03 spread=1.94069e-06
Fitted parameter values
Free:
       pc1 = 0.963854
       pc2 = -3.88082
       pc3 = -1.24937
       pc4 = 1.58067
       pc5 = -1.78538
       pc6 = 0.0932475
       pc7 = -1.92847
       pc8 = 1.78456
       pc9 = -0.0757227
      pc10 = 1.32021
      pc11 = -0.0134117
      pc12 = -0.0916112
      pc13 = -0.0216022
      pc14 = 0.0306585
      pc15 = 0.0142193
      pc16 = -0.00291719
Constrained:
   Tgbecnw = 82929.8
     Tecnw = 23968.1
       Tnw = 20907
       Tec = 11801.4
     twoNb = 1.65214e+06
     twoNe = 23188.9
     twoNc = 389835
     twoNn = 692602
    twoNec = 120733
    twoNnw = 11546
  twoNecnw = 75803.1
  twoNbecnw = 3439.9
  twoNgbecnw = 273748
         m = 0.123116
        m3 = 0.183142
        m4 = 0.0269226
        Ta = 37600
        Tc = 10453.5
        Td = 5226.75
#       SitePat  BranchLen
              b 125167.6431774
              e 48876.5124102
              c 50786.6985588
              n 45094.1703234
              w 46860.5877594
            b:e 2100.6372654
            b:c 2498.3391797
            b:n 1695.4028506
            b:w 1853.2398405
            e:c 10428.1600971
            e:n 5798.0035031
            e:w 4924.1570350
            c:n 5143.7891274
            c:w 4852.0941848
            n:w 12687.5768467
          b:e:c 2114.7992905
          b:e:n 1126.5782580
          b:e:w 1096.2720080
          b:c:n 1099.8880622
          b:c:w 1142.9155717
          b:n:w 2070.3237000
          e:c:n 4926.6966920
          e:c:w 4325.8206667
          e:n:w 6313.8382837
          c:n:w 5629.1139115
        b:e:c:n 2123.0104429
        b:e:c:w 1952.4521935
        b:e:n:w 3315.3863774
        b:c:n:w 2398.5461445
        e:c:n:w 52333.1102391
