########################################
# legofit: estimate population history #
#       version 2.3.4-4-g53f8760       #
########################################

# Program was compiled: Sep 21 2021 14:36:42
# Program was run: Fri Sep 24 09:00:26 2021

# cmd: legofit -1 -d 0 -t 32 --ptsPerDim 3 --stateOut b1boot31.state --tol 3e-6 -S 5000 acd2.lgo ../../boot/boot31.opf
# Stage nOptItr nSimReps
#     0    5000        0
# algorithm          : deterministic
# ignoring probs <=  : 0
# Branch length floor: 0
# DE strategy        : 2
#    F               : 0.3
#    CR              : 0.8
#    tolerance       : 3e-06
# nthreads           : 32
# lgo input file     : acd2.lgo
# site pat input file: ../../boot/boot31.opf
# free parameters    : 16
# points in DE swarm : 48
# output state file  : b1boot31.state
# Including singleton site patterns.
# cost function      : KL
Initial parameter values
Fixed:
      zero = 0
       one = 1
    Tbecnw = 75200
Free:
       pc1 = 0
       pc2 = 0
       pc3 = 0
       pc4 = 0
       pc5 = 0
       pc6 = 0
       pc7 = 0
       pc8 = 0
       pc9 = 0
      pc10 = 0
      pc11 = 0
      pc12 = 0
      pc13 = 0
      pc14 = 0
      pc15 = 0
      pc16 = 0
Constrained:
   Tgbecnw = 101608
     Tecnw = 25557.3
       Tnw = 19608.5
       Tec = 12375.8
     twoNb = 999794
     twoNe = 40951.1
     twoNc = 413770
     twoNn = 756320
    twoNec = 131225
    twoNnw = 23393.7
  twoNecnw = 78469.3
  twoNbecnw = 11424.1
  twoNgbecnw = 251355
         m = 0.139801
        m3 = 0.17958
        m4 = 0.0257192
        Ta = 37600
        Tc = 9804.24
        Td = 4902.12
DiffEv reached_goal. cost=1.72938e-03 spread=2.96728e-06
Fitted parameter values
Free:
       pc1 = 0.811742
       pc2 = -3.64568
       pc3 = -1.79139
       pc4 = 0.736704
       pc5 = -1.4818
       pc6 = -0.709026
       pc7 = -1.16131
       pc8 = 1.87274
       pc9 = 1.65233
      pc10 = 0.785938
      pc11 = -0.178626
      pc12 = -0.0396688
      pc13 = -0.0578095
      pc14 = 0.0390742
      pc15 = 0.0073551
      pc16 = 0.010796
Constrained:
   Tgbecnw = 82326.9
     Tecnw = 23854.9
       Tnw = 19688.3
       Tec = 11647
     twoNb = 1.55936e+06
     twoNe = 35817.2
     twoNc = 123263
     twoNn = 948280
    twoNec = 121830
    twoNnw = 16019.9
  twoNecnw = 76283.5
  twoNbecnw = 3188.22
  twoNgbecnw = 272026
         m = 0.122905
        m3 = 0.187782
        m4 = 0.0254907
        Ta = 37600
        Tc = 9844.17
        Td = 4922.09
#       SitePat  BranchLen
              b 124730.4860450
              e 48858.7263278
              c 50634.1070433
              n 45084.4011035
              w 46839.9468373
            b:e 2104.0251415
            b:c 2481.0933440
            b:n 1710.0008700
            b:w 1867.2559445
            e:c 10419.9727897
            e:n 5801.2904068
            e:w 4959.6340924
            c:n 5201.7316620
            c:w 4884.4571936
            n:w 12686.8183906
          b:e:c 2110.8203703
          b:e:n 1134.6318989
          b:e:w 1108.0904324
          b:c:n 1111.3564732
          b:c:w 1150.7056675
          b:n:w 2067.4921562
          e:c:n 4946.2474889
          e:c:w 4349.6325379
          e:n:w 6254.6135223
          c:n:w 5615.0145917
        b:e:c:n 2142.0369310
        b:e:c:w 1971.9741286
        b:e:n:w 3263.5151037
        b:c:n:w 2406.0605734
        e:c:n:w 51934.3342851
