########################################
# legofit: estimate population history #
#       version 2.3.4-4-g53f8760       #
########################################

# Program was compiled: Sep 21 2021 14:36:42
# Program was run: Fri Sep 24 09:00:14 2021

# cmd: legofit -1 -d 0 -t 32 --ptsPerDim 3 --stateOut b1boot26.state --tol 3e-6 -S 5000 acd2.lgo ../../boot/boot26.opf
# Stage nOptItr nSimReps
#     0    5000        0
# algorithm          : deterministic
# ignoring probs <=  : 0
# Branch length floor: 0
# DE strategy        : 2
#    F               : 0.3
#    CR              : 0.8
#    tolerance       : 3e-06
# nthreads           : 32
# lgo input file     : acd2.lgo
# site pat input file: ../../boot/boot26.opf
# free parameters    : 16
# points in DE swarm : 48
# output state file  : b1boot26.state
# Including singleton site patterns.
# cost function      : KL
Initial parameter values
Fixed:
      zero = 0
       one = 1
    Tbecnw = 75200
Free:
       pc1 = 0
       pc2 = 0
       pc3 = 0
       pc4 = 0
       pc5 = 0
       pc6 = 0
       pc7 = 0
       pc8 = 0
       pc9 = 0
      pc10 = 0
      pc11 = 0
      pc12 = 0
      pc13 = 0
      pc14 = 0
      pc15 = 0
      pc16 = 0
Constrained:
   Tgbecnw = 101608
     Tecnw = 25557.3
       Tnw = 19608.5
       Tec = 12375.8
     twoNb = 999794
     twoNe = 40951.1
     twoNc = 413770
     twoNn = 756320
    twoNec = 131225
    twoNnw = 23393.7
  twoNecnw = 78469.3
  twoNbecnw = 11424.1
  twoNgbecnw = 251355
         m = 0.139801
        m3 = 0.17958
        m4 = 0.0257192
        Ta = 37600
        Tc = 9804.24
        Td = 4902.12
DiffEv reached_goal. cost=1.71983e-03 spread=2.86778e-06
Fitted parameter values
Free:
       pc1 = 3.03338
       pc2 = -2.77528
       pc3 = -1.78685
       pc4 = 1.22545
       pc5 = -1.68089
       pc6 = -1.2887
       pc7 = -0.910783
       pc8 = 1.96263
       pc9 = -0.253683
      pc10 = 0.949539
      pc11 = 0.0546572
      pc12 = 0.0701915
      pc13 = -0.0065071
      pc14 = 0.0506431
      pc15 = -0.00171052
      pc16 = 0.0151106
Constrained:
   Tgbecnw = 82280.5
     Tecnw = 24309.4
       Tnw = 18407.7
       Tec = 9648.25
     twoNb = 1.22573e+06
     twoNe = 9275.04
     twoNc = 88550.3
     twoNn = 1.71666e+06
    twoNec = 145948
    twoNnw = 23175.2
  twoNecnw = 74453.2
  twoNbecnw = 3142.61
  twoNgbecnw = 276106
         m = 0.119829
        m3 = 0.186842
        m4 = 0.0268851
        Ta = 37600
        Tc = 9203.86
        Td = 4601.93
#       SitePat  BranchLen
              b 124457.5542916
              e 48736.6581375
              c 50556.8918532
              n 45071.4773150
              w 46836.2001019
            b:e 2075.6053298
            b:c 2486.2811490
            b:n 1698.2805437
            b:w 1851.6979983
            e:c 10400.0491605
            e:n 5779.1123853
            e:w 4935.1510036
            c:n 5178.8430234
            c:w 4844.1721084
            n:w 12607.5897208
          b:e:c 2078.9073764
          b:e:n 1123.7010203
          b:e:w 1098.8626854
          b:c:n 1103.5509080
          b:c:w 1140.7605782
          b:n:w 2035.7783598
          e:c:n 4927.0805466
          e:c:w 4340.9900562
          e:n:w 6224.6379376
          c:n:w 5554.9382987
        b:e:c:n 2121.0884382
        b:e:c:w 1955.2996481
        b:e:n:w 3262.7750234
        b:c:n:w 2371.0652283
        e:c:n:w 51801.2902053
