########################################
# legofit: estimate population history #
#       version 2.3.4-4-g53f8760       #
########################################

# Program was compiled: Sep 21 2021 14:36:42
# Program was run: Fri Sep 24 09:00:37 2021

# cmd: legofit -1 -d 0 -t 32 --ptsPerDim 3 --stateOut b1boot36.state --tol 3e-6 -S 5000 acd2.lgo ../../boot/boot36.opf
# Stage nOptItr nSimReps
#     0    5000        0
# algorithm          : deterministic
# ignoring probs <=  : 0
# Branch length floor: 0
# DE strategy        : 2
#    F               : 0.3
#    CR              : 0.8
#    tolerance       : 3e-06
# nthreads           : 32
# lgo input file     : acd2.lgo
# site pat input file: ../../boot/boot36.opf
# free parameters    : 16
# points in DE swarm : 48
# output state file  : b1boot36.state
# Including singleton site patterns.
# cost function      : KL
Initial parameter values
Fixed:
      zero = 0
       one = 1
    Tbecnw = 75200
Free:
       pc1 = 0
       pc2 = 0
       pc3 = 0
       pc4 = 0
       pc5 = 0
       pc6 = 0
       pc7 = 0
       pc8 = 0
       pc9 = 0
      pc10 = 0
      pc11 = 0
      pc12 = 0
      pc13 = 0
      pc14 = 0
      pc15 = 0
      pc16 = 0
Constrained:
   Tgbecnw = 101608
     Tecnw = 25557.3
       Tnw = 19608.5
       Tec = 12375.8
     twoNb = 999794
     twoNe = 40951.1
     twoNc = 413770
     twoNn = 756320
    twoNec = 131225
    twoNnw = 23393.7
  twoNecnw = 78469.3
  twoNbecnw = 11424.1
  twoNgbecnw = 251355
         m = 0.139801
        m3 = 0.17958
        m4 = 0.0257192
        Ta = 37600
        Tc = 9804.24
        Td = 4902.12
DiffEv reached_goal. cost=1.74869e-03 spread=2.78931e-06
Fitted parameter values
Free:
       pc1 = 1.12003
       pc2 = -3.91916
       pc3 = -1.92655
       pc4 = 0.298839
       pc5 = -0.763974
       pc6 = -0.491269
       pc7 = -1.4059
       pc8 = 1.71091
       pc9 = -0.536328
      pc10 = 1.26628
      pc11 = 0.0384447
      pc12 = -0.0447304
      pc13 = -0.082712
      pc14 = 0.0115094
      pc15 = 0.0373268
      pc16 = -0.00142432
Constrained:
   Tgbecnw = 81485.6
     Tecnw = 24005.2
       Tnw = 20528.3
       Tec = 11955.9
     twoNb = 1.16812e+06
     twoNe = 27885
     twoNc = 135526
     twoNn = 238692
    twoNec = 119849
    twoNnw = 13403.7
  twoNecnw = 75528
  twoNbecnw = 2817.67
  twoNgbecnw = 271029
         m = 0.123687
        m3 = 0.179876
        m4 = 0.0266515
        Ta = 37600
        Tc = 10264.1
        Td = 5132.07
#       SitePat  BranchLen
              b 124523.6919072
              e 48791.4737388
              c 50659.0161091
              n 45091.5423534
              w 46833.6919845
            b:e 2080.5593795
            b:c 2499.8154361
            b:n 1689.1631204
            b:w 1844.1697408
            e:c 10351.4994935
            e:n 5786.0971838
            e:w 4914.0026919
            c:n 5123.8082927
            c:w 4844.8008715
            n:w 12580.8515160
          b:e:c 2094.1891868
          b:e:n 1122.4751699
          b:e:w 1091.6189071
          b:c:n 1096.3816522
          b:c:w 1139.9135946
          b:n:w 2049.0645995
          e:c:n 4905.3409189
          e:c:w 4314.2932010
          e:n:w 6262.3151430
          c:n:w 5575.0669630
        b:e:c:n 2116.3417571
        b:e:c:w 1948.6594571
        b:e:n:w 3270.6786604
        b:c:n:w 2380.4175585
        e:c:n:w 51897.5956347
