########################################
# legofit: estimate population history #
#       version 2.3.4-4-g53f8760       #
########################################

# Program was compiled: Sep 21 2021 14:36:42
# Program was run: Fri Sep 24 09:00:09 2021

# cmd: legofit -1 -d 0 -t 32 --ptsPerDim 3 --stateOut b1boot23.state --tol 3e-6 -S 5000 acd2.lgo ../../boot/boot23.opf
# Stage nOptItr nSimReps
#     0    5000        0
# algorithm          : deterministic
# ignoring probs <=  : 0
# Branch length floor: 0
# DE strategy        : 2
#    F               : 0.3
#    CR              : 0.8
#    tolerance       : 3e-06
# nthreads           : 32
# lgo input file     : acd2.lgo
# site pat input file: ../../boot/boot23.opf
# free parameters    : 16
# points in DE swarm : 48
# output state file  : b1boot23.state
# Including singleton site patterns.
# cost function      : KL
Initial parameter values
Fixed:
      zero = 0
       one = 1
    Tbecnw = 75200
Free:
       pc1 = 0
       pc2 = 0
       pc3 = 0
       pc4 = 0
       pc5 = 0
       pc6 = 0
       pc7 = 0
       pc8 = 0
       pc9 = 0
      pc10 = 0
      pc11 = 0
      pc12 = 0
      pc13 = 0
      pc14 = 0
      pc15 = 0
      pc16 = 0
Constrained:
   Tgbecnw = 101608
     Tecnw = 25557.3
       Tnw = 19608.5
       Tec = 12375.8
     twoNb = 999794
     twoNe = 40951.1
     twoNc = 413770
     twoNn = 756320
    twoNec = 131225
    twoNnw = 23393.7
  twoNecnw = 78469.3
  twoNbecnw = 11424.1
  twoNgbecnw = 251355
         m = 0.139801
        m3 = 0.17958
        m4 = 0.0257192
        Ta = 37600
        Tc = 9804.24
        Td = 4902.12
DiffEv reached_goal. cost=1.71702e-03 spread=2.85270e-06
Fitted parameter values
Free:
       pc1 = 1.76764
       pc2 = -3.80421
       pc3 = -1.59899
       pc4 = 1.26311
       pc5 = -1.7597
       pc6 = -0.171511
       pc7 = -1.54111
       pc8 = 1.8395
       pc9 = 0.287784
      pc10 = 0.975273
      pc11 = -0.11173
      pc12 = -0.00228625
      pc13 = -0.0284462
      pc14 = -0.0047301
      pc15 = 0.00602277
      pc16 = -0.0287135
Constrained:
   Tgbecnw = 81884.9
     Tecnw = 23892.6
       Tnw = 19641
       Tec = 11012.2
     twoNb = 1.53787e+06
     twoNe = 21118.3
     twoNc = 322894
     twoNn = 905636
    twoNec = 130181
    twoNnw = 16133.3
  twoNecnw = 75376
  twoNbecnw = 2961.9
  twoNgbecnw = 277950
         m = 0.118161
        m3 = 0.183133
        m4 = 0.0266025
        Ta = 37600
        Tc = 9820.52
        Td = 4910.26
#       SitePat  BranchLen
              b 124138.6094500
              e 48706.5898974
              c 50572.9186702
              n 44835.2519269
              w 46579.8474894
            b:e 2090.7023924
            b:c 2480.5352659
            b:n 1686.9412803
            b:w 1840.8012088
            e:c 10369.0837265
            e:n 5785.5749807
            e:w 4921.1146815
            c:n 5141.3132875
            c:w 4847.5835446
            n:w 12718.3095692
          b:e:c 2098.0748074
          b:e:n 1122.4247654
          b:e:w 1093.2070355
          b:c:n 1097.2769659
          b:c:w 1139.0158988
          b:n:w 2052.9365973
          e:c:n 4895.4356711
          e:c:w 4309.0301508
          e:n:w 6279.8453822
          c:n:w 5610.9436727
        b:e:c:n 2111.0202817
        b:e:c:w 1944.6391501
        b:e:n:w 3279.5970760
        b:c:n:w 2389.4685419
        e:c:n:w 51558.9110822
