########################################
# legofit: estimate population history #
#       version 2.3.4-4-g53f8760       #
########################################

# Program was compiled: Sep 21 2021 14:36:42
# Program was run: Fri Sep 24 08:59:28 2021

# cmd: legofit -1 -d 0 -t 32 --ptsPerDim 3 --stateOut b1boot3.state --tol 3e-6 -S 5000 acd2.lgo ../../boot/boot3.opf
# Stage nOptItr nSimReps
#     0    5000        0
# algorithm          : deterministic
# ignoring probs <=  : 0
# Branch length floor: 0
# DE strategy        : 2
#    F               : 0.3
#    CR              : 0.8
#    tolerance       : 3e-06
# nthreads           : 32
# lgo input file     : acd2.lgo
# site pat input file: ../../boot/boot3.opf
# free parameters    : 16
# points in DE swarm : 48
# output state file  : b1boot3.state
# Including singleton site patterns.
# cost function      : KL
Initial parameter values
Fixed:
      zero = 0
       one = 1
    Tbecnw = 75200
Free:
       pc1 = 0
       pc2 = 0
       pc3 = 0
       pc4 = 0
       pc5 = 0
       pc6 = 0
       pc7 = 0
       pc8 = 0
       pc9 = 0
      pc10 = 0
      pc11 = 0
      pc12 = 0
      pc13 = 0
      pc14 = 0
      pc15 = 0
      pc16 = 0
Constrained:
   Tgbecnw = 101608
     Tecnw = 25557.3
       Tnw = 19608.5
       Tec = 12375.8
     twoNb = 999794
     twoNe = 40951.1
     twoNc = 413770
     twoNn = 756320
    twoNec = 131225
    twoNnw = 23393.7
  twoNecnw = 78469.3
  twoNbecnw = 11424.1
  twoNgbecnw = 251355
         m = 0.139801
        m3 = 0.17958
        m4 = 0.0257192
        Ta = 37600
        Tc = 9804.24
        Td = 4902.12
DiffEv reached_goal. cost=1.73946e-03 spread=2.24149e-06
Fitted parameter values
Free:
       pc1 = 0.811724
       pc2 = -3.89605
       pc3 = -1.62229
       pc4 = 1.69881
       pc5 = -1.50918
       pc6 = 0.207214
       pc7 = -1.68367
       pc8 = 1.91684
       pc9 = 1.06893
      pc10 = 0.926359
      pc11 = 0.022762
      pc12 = -0.0891987
      pc13 = -0.120526
      pc14 = 0.0212278
      pc15 = 0.0302698
      pc16 = -0.0079118
Constrained:
   Tgbecnw = 81496.6
     Tecnw = 23904.5
       Tnw = 20194.4
       Tec = 11810.5
     twoNb = 1.71514e+06
     twoNe = 30925.2
     twoNc = 508095
     twoNn = 706790
    twoNec = 119949
    twoNnw = 14142
  twoNecnw = 76481.1
  twoNbecnw = 2820.02
  twoNgbecnw = 272535
         m = 0.123579
        m3 = 0.187647
        m4 = 0.02617
        Ta = 37600
        Tc = 10097.2
        Td = 5048.6
#       SitePat  BranchLen
              b 124686.6274416
              e 48872.9568360
              c 50725.8595680
              n 45103.4520449
              w 46897.8077981
            b:e 2101.4946039
            b:c 2484.7586152
            b:n 1703.9433332
            b:w 1864.6552041
            e:c 10405.4786630
            e:n 5809.1931771
            e:w 4930.7291582
            c:n 5168.5668676
            c:w 4861.4085716
            n:w 12665.2720792
          b:e:c 2114.7355773
          b:e:n 1133.9790663
          b:e:w 1104.5796681
          b:c:n 1107.8134875
          b:c:w 1150.4487270
          b:n:w 2070.6031082
          e:c:n 4927.1159781
          e:c:w 4318.3825398
          e:n:w 6248.9246732
          c:n:w 5590.2562053
        b:e:c:n 2142.2032457
        b:e:c:w 1968.2555336
        b:e:n:w 3293.9607056
        b:c:n:w 2406.7054539
        e:c:n:w 51962.7747374
