########################################
# legofit: estimate population history #
#       version 2.3.4-4-g53f8760       #
########################################

# Program was compiled: Sep 21 2021 14:36:42
# Program was run: Fri Sep 24 09:00:50 2021

# cmd: legofit -1 -d 0 -t 32 --ptsPerDim 3 --stateOut b1boot43.state --tol 3e-6 -S 5000 acd2.lgo ../../boot/boot43.opf
# Stage nOptItr nSimReps
#     0    5000        0
# algorithm          : deterministic
# ignoring probs <=  : 0
# Branch length floor: 0
# DE strategy        : 2
#    F               : 0.3
#    CR              : 0.8
#    tolerance       : 3e-06
# nthreads           : 32
# lgo input file     : acd2.lgo
# site pat input file: ../../boot/boot43.opf
# free parameters    : 16
# points in DE swarm : 48
# output state file  : b1boot43.state
# Including singleton site patterns.
# cost function      : KL
Initial parameter values
Fixed:
      zero = 0
       one = 1
    Tbecnw = 75200
Free:
       pc1 = 0
       pc2 = 0
       pc3 = 0
       pc4 = 0
       pc5 = 0
       pc6 = 0
       pc7 = 0
       pc8 = 0
       pc9 = 0
      pc10 = 0
      pc11 = 0
      pc12 = 0
      pc13 = 0
      pc14 = 0
      pc15 = 0
      pc16 = 0
Constrained:
   Tgbecnw = 101608
     Tecnw = 25557.3
       Tnw = 19608.5
       Tec = 12375.8
     twoNb = 999794
     twoNe = 40951.1
     twoNc = 413770
     twoNn = 756320
    twoNec = 131225
    twoNnw = 23393.7
  twoNecnw = 78469.3
  twoNbecnw = 11424.1
  twoNgbecnw = 251355
         m = 0.139801
        m3 = 0.17958
        m4 = 0.0257192
        Ta = 37600
        Tc = 9804.24
        Td = 4902.12
DiffEv reached_goal. cost=1.75986e-03 spread=2.96746e-06
Fitted parameter values
Free:
       pc1 = 1.74596
       pc2 = -3.79507
       pc3 = -1.60888
       pc4 = 0.745705
       pc5 = -1.78458
       pc6 = -0.698776
       pc7 = -1.49035
       pc8 = 1.84482
       pc9 = -0.200858
      pc10 = 1.27239
      pc11 = -0.0393024
      pc12 = -0.0143207
      pc13 = -0.0365728
      pc14 = 0.0289607
      pc15 = -0.000552701
      pc16 = 0.00127908
Constrained:
   Tgbecnw = 81865.2
     Tecnw = 23966.1
       Tnw = 20134.6
       Tec = 11105
     twoNb = 1.39879e+06
     twoNe = 18290.2
     twoNc = 68535.1
     twoNn = 923017
    twoNec = 128370
    twoNnw = 14795.3
  twoNecnw = 75080.9
  twoNbecnw = 2954.61
  twoNgbecnw = 277956
         m = 0.118684
        m3 = 0.18128
        m4 = 0.0267635
        Ta = 37600
        Tc = 10067.3
        Td = 5033.66
#       SitePat  BranchLen
              b 124290.4107409
              e 48667.2214010
              c 50534.9996513
              n 44977.3794778
              w 46716.2977932
            b:e 2083.2272780
            b:c 2482.9995157
            b:n 1692.2554532
            b:w 1845.9920052
            e:c 10376.3612058
            e:n 5784.3535072
            e:w 4925.3227433
            c:n 5142.4597271
            c:w 4849.2757289
            n:w 12589.0206851
          b:e:c 2092.6247011
          b:e:n 1123.1325384
          b:e:w 1094.1138970
          b:c:n 1098.5274074
          b:c:w 1140.0100747
          b:n:w 2048.3520378
          e:c:n 4914.1055669
          e:c:w 4327.4020136
          e:n:w 6262.9795604
          c:n:w 5587.4474737
        b:e:c:n 2116.1397223
        b:e:c:w 1949.9391443
        b:e:n:w 3276.1391438
        b:c:n:w 2380.7701221
        e:c:n:w 51721.5717271
