########################################
# legofit: estimate population history #
#       version 2.3.4-4-g53f8760       #
########################################

# Program was compiled: Sep 21 2021 14:36:42
# Program was run: Fri Sep 24 08:59:29 2021

# cmd: legofit -1 -d 0 -t 32 --ptsPerDim 3 --stateOut b1boot4.state --tol 3e-6 -S 5000 acd2.lgo ../../boot/boot4.opf
# Stage nOptItr nSimReps
#     0    5000        0
# algorithm          : deterministic
# ignoring probs <=  : 0
# Branch length floor: 0
# DE strategy        : 2
#    F               : 0.3
#    CR              : 0.8
#    tolerance       : 3e-06
# nthreads           : 32
# lgo input file     : acd2.lgo
# site pat input file: ../../boot/boot4.opf
# free parameters    : 16
# points in DE swarm : 48
# output state file  : b1boot4.state
# Including singleton site patterns.
# cost function      : KL
Initial parameter values
Fixed:
      zero = 0
       one = 1
    Tbecnw = 75200
Free:
       pc1 = 0
       pc2 = 0
       pc3 = 0
       pc4 = 0
       pc5 = 0
       pc6 = 0
       pc7 = 0
       pc8 = 0
       pc9 = 0
      pc10 = 0
      pc11 = 0
      pc12 = 0
      pc13 = 0
      pc14 = 0
      pc15 = 0
      pc16 = 0
Constrained:
   Tgbecnw = 101608
     Tecnw = 25557.3
       Tnw = 19608.5
       Tec = 12375.8
     twoNb = 999794
     twoNe = 40951.1
     twoNc = 413770
     twoNn = 756320
    twoNec = 131225
    twoNnw = 23393.7
  twoNecnw = 78469.3
  twoNbecnw = 11424.1
  twoNgbecnw = 251355
         m = 0.139801
        m3 = 0.17958
        m4 = 0.0257192
        Ta = 37600
        Tc = 9804.24
        Td = 4902.12
DiffEv reached_goal. cost=1.74094e-03 spread=2.92141e-06
Fitted parameter values
Free:
       pc1 = 1.29797
       pc2 = -2.88931
       pc3 = -1.56356
       pc4 = 1.19735
       pc5 = -1.95716
       pc6 = -0.590184
       pc7 = -1.62759
       pc8 = 1.93694
       pc9 = 0.560243
      pc10 = 0.805322
      pc11 = 0.0866664
      pc12 = -0.0302622
      pc13 = -0.0661454
      pc14 = 0.0280454
      pc15 = 0.0059354
      pc16 = -0.00778543
Constrained:
   Tgbecnw = 84486.7
     Tecnw = 24159.3
       Tnw = 19959.5
       Tec = 10822.1
     twoNb = 1.55857e+06
     twoNe = 15418.8
     twoNc = 181871
     twoNn = 1.05207e+06
    twoNec = 133011
    twoNnw = 16030.8
  twoNecnw = 76773.7
  twoNbecnw = 4084.2
  twoNgbecnw = 273477
         m = 0.124404
        m3 = 0.189104
        m4 = 0.0263322
        Ta = 37600
        Tc = 9979.74
        Td = 4989.87
#       SitePat  BranchLen
              b 125520.6159617
              e 49136.8444017
              c 51011.4779235
              n 45355.4666416
              w 47183.4581183
            b:e 2088.2905053
            b:c 2479.5899069
            b:n 1693.5100362
            b:w 1853.2230409
            e:c 10458.8236184
            e:n 5843.0342942
            e:w 4945.9286509
            c:n 5194.1898599
            c:w 4874.4083324
            n:w 12719.0268423
          b:e:c 2095.5030849
          b:e:n 1126.7417301
          b:e:w 1097.6370037
          b:c:n 1100.7595580
          b:c:w 1142.8070516
          b:n:w 2052.4772722
          e:c:n 4931.4280642
          e:c:w 4320.3237582
          e:n:w 6258.1223572
          c:n:w 5593.2370855
        b:e:c:n 2124.3672994
        b:e:c:w 1951.7115275
        b:e:n:w 3286.2664289
        b:c:n:w 2386.3952551
        e:c:n:w 52334.8733367
