########################################
# legofit: estimate population history #
#       version 2.3.4-4-g53f8760       #
########################################

# Program was compiled: Sep 21 2021 14:36:42
# Program was run: Fri Sep 24 08:59:41 2021

# cmd: legofit -1 -d 0 -t 32 --ptsPerDim 3 --stateOut b1boot9.state --tol 3e-6 -S 5000 acd2.lgo ../../boot/boot9.opf
# Stage nOptItr nSimReps
#     0    5000        0
# algorithm          : deterministic
# ignoring probs <=  : 0
# Branch length floor: 0
# DE strategy        : 2
#    F               : 0.3
#    CR              : 0.8
#    tolerance       : 3e-06
# nthreads           : 32
# lgo input file     : acd2.lgo
# site pat input file: ../../boot/boot9.opf
# free parameters    : 16
# points in DE swarm : 48
# output state file  : b1boot9.state
# Including singleton site patterns.
# cost function      : KL
Initial parameter values
Fixed:
      zero = 0
       one = 1
    Tbecnw = 75200
Free:
       pc1 = 0
       pc2 = 0
       pc3 = 0
       pc4 = 0
       pc5 = 0
       pc6 = 0
       pc7 = 0
       pc8 = 0
       pc9 = 0
      pc10 = 0
      pc11 = 0
      pc12 = 0
      pc13 = 0
      pc14 = 0
      pc15 = 0
      pc16 = 0
Constrained:
   Tgbecnw = 101608
     Tecnw = 25557.3
       Tnw = 19608.5
       Tec = 12375.8
     twoNb = 999794
     twoNe = 40951.1
     twoNc = 413770
     twoNn = 756320
    twoNec = 131225
    twoNnw = 23393.7
  twoNecnw = 78469.3
  twoNbecnw = 11424.1
  twoNgbecnw = 251355
         m = 0.139801
        m3 = 0.17958
        m4 = 0.0257192
        Ta = 37600
        Tc = 9804.24
        Td = 4902.12
DiffEv reached_goal. cost=1.73159e-03 spread=2.85367e-06
Fitted parameter values
Free:
       pc1 = 0.937778
       pc2 = -3.90185
       pc3 = -1.94377
       pc4 = 0.579759
       pc5 = -1.80588
       pc6 = -0.548117
       pc7 = -1.66477
       pc8 = 1.79913
       pc9 = -0.659834
      pc10 = 0.675843
      pc11 = 0.0910088
      pc12 = -0.0133082
      pc13 = -0.11733
      pc14 = 0.0211186
      pc15 = -0.000382657
      pc16 = -0.0259281
Constrained:
   Tgbecnw = 82557.1
     Tecnw = 23663.7
       Tnw = 20628.7
       Tec = 11341.3
     twoNb = 1.33223e+06
     twoNe = 16978.5
     twoNc = 95477.4
     twoNn = 530403
    twoNec = 123115
    twoNnw = 11633.4
  twoNecnw = 78046.6
  twoNbecnw = 3234.66
  twoNgbecnw = 276306
         m = 0.122721
        m3 = 0.180309
        m4 = 0.0267986
        Ta = 37600
        Tc = 10314.4
        Td = 5157.18
#       SitePat  BranchLen
              b 124780.2467753
              e 48962.6127542
              c 50858.2114247
              n 45202.1342807
              w 46970.4124597
            b:e 2084.4703878
            b:c 2489.8753114
            b:n 1688.1275704
            b:w 1843.1432742
            e:c 10449.7651868
            e:n 5833.3775455
            e:w 4946.4715587
            c:n 5164.8979209
            c:w 4876.8159574
            n:w 12713.7028409
          b:e:c 2100.7508632
          b:e:n 1124.8517016
          b:e:w 1094.0527162
          b:c:n 1098.1171764
          b:c:w 1141.9039242
          b:n:w 2055.0896431
          e:c:n 4889.9252466
          e:c:w 4296.6350180
          e:n:w 6251.2516049
          c:n:w 5574.7494752
        b:e:c:n 2122.2943681
        b:e:c:w 1954.2909019
        b:e:n:w 3299.7137944
        b:c:n:w 2392.2304792
        e:c:n:w 51858.6956333
