########################################
# legofit: estimate population history #
#       version 2.3.4-4-g53f8760       #
########################################

# Program was compiled: Sep 21 2021 14:36:42
# Program was run: Fri Sep 24 09:00:04 2021

# cmd: legofit -1 -d 0 -t 32 --ptsPerDim 3 --stateOut b1boot21.state --tol 3e-6 -S 5000 acd2.lgo ../../boot/boot21.opf
# Stage nOptItr nSimReps
#     0    5000        0
# algorithm          : deterministic
# ignoring probs <=  : 0
# Branch length floor: 0
# DE strategy        : 2
#    F               : 0.3
#    CR              : 0.8
#    tolerance       : 3e-06
# nthreads           : 32
# lgo input file     : acd2.lgo
# site pat input file: ../../boot/boot21.opf
# free parameters    : 16
# points in DE swarm : 48
# output state file  : b1boot21.state
# Including singleton site patterns.
# cost function      : KL
Initial parameter values
Fixed:
      zero = 0
       one = 1
    Tbecnw = 75200
Free:
       pc1 = 0
       pc2 = 0
       pc3 = 0
       pc4 = 0
       pc5 = 0
       pc6 = 0
       pc7 = 0
       pc8 = 0
       pc9 = 0
      pc10 = 0
      pc11 = 0
      pc12 = 0
      pc13 = 0
      pc14 = 0
      pc15 = 0
      pc16 = 0
Constrained:
   Tgbecnw = 101608
     Tecnw = 25557.3
       Tnw = 19608.5
       Tec = 12375.8
     twoNb = 999794
     twoNe = 40951.1
     twoNc = 413770
     twoNn = 756320
    twoNec = 131225
    twoNnw = 23393.7
  twoNecnw = 78469.3
  twoNbecnw = 11424.1
  twoNgbecnw = 251355
         m = 0.139801
        m3 = 0.17958
        m4 = 0.0257192
        Ta = 37600
        Tc = 9804.24
        Td = 4902.12
DiffEv reached_goal. cost=1.72994e-03 spread=2.69938e-06
Fitted parameter values
Free:
       pc1 = 1.11952
       pc2 = -3.54796
       pc3 = -1.9007
       pc4 = 0.261426
       pc5 = -1.6092
       pc6 = 0.167313
       pc7 = -1.60646
       pc8 = 1.76751
       pc9 = -0.604876
      pc10 = 1.18643
      pc11 = 0.000939406
      pc12 = -0.0736411
      pc13 = -0.012676
      pc14 = 0.0179684
      pc15 = -0.00315867
      pc16 = -0.0137988
Constrained:
   Tgbecnw = 83668.6
     Tecnw = 23954.2
       Tnw = 21201.5
       Tec = 11322
     twoNb = 1.29165e+06
     twoNe = 11776.5
     twoNc = 253272
     twoNn = 258843
    twoNec = 126910
    twoNnw = 10438.1
  twoNecnw = 76033.4
  twoNbecnw = 3731.75
  twoNgbecnw = 277755
         m = 0.121012
        m3 = 0.178028
        m4 = 0.0266139
        Ta = 37600
        Tc = 10600.7
        Td = 5300.37
#       SitePat  BranchLen
              b 125234.6858720
              e 48940.3586657
              c 50831.4320528
              n 45171.4265913
              w 46908.0029774
            b:e 2104.7468191
            b:c 2513.8594772
            b:n 1696.8571235
            b:w 1850.7204907
            e:c 10442.1186199
            e:n 5808.3452847
            e:w 4934.8979344
            c:n 5143.5958950
            c:w 4866.6437685
            n:w 12688.9709385
          b:e:c 2116.6877189
          b:e:n 1127.9981009
          b:e:w 1096.7858212
          b:c:n 1101.1385655
          b:c:w 1144.8058353
          b:n:w 2070.9661279
          e:c:n 4914.4644089
          e:c:w 4328.2874997
          e:n:w 6327.0693353
          c:n:w 5641.6692949
        b:e:c:n 2121.0672225
        b:e:c:w 1954.7488652
        b:e:n:w 3306.9507154
        b:c:n:w 2404.0074076
        e:c:n:w 52321.4995311
