########################################
# legofit: estimate population history #
#       version 2.3.4-4-g53f8760       #
########################################

# Program was compiled: Sep 21 2021 14:36:42
# Program was run: Fri Sep 24 09:00:52 2021

# cmd: legofit -1 -d 0 -t 32 --ptsPerDim 3 --stateOut b1boot45.state --tol 3e-6 -S 5000 acd2.lgo ../../boot/boot45.opf
# Stage nOptItr nSimReps
#     0    5000        0
# algorithm          : deterministic
# ignoring probs <=  : 0
# Branch length floor: 0
# DE strategy        : 2
#    F               : 0.3
#    CR              : 0.8
#    tolerance       : 3e-06
# nthreads           : 32
# lgo input file     : acd2.lgo
# site pat input file: ../../boot/boot45.opf
# free parameters    : 16
# points in DE swarm : 48
# output state file  : b1boot45.state
# Including singleton site patterns.
# cost function      : KL
Initial parameter values
Fixed:
      zero = 0
       one = 1
    Tbecnw = 75200
Free:
       pc1 = 0
       pc2 = 0
       pc3 = 0
       pc4 = 0
       pc5 = 0
       pc6 = 0
       pc7 = 0
       pc8 = 0
       pc9 = 0
      pc10 = 0
      pc11 = 0
      pc12 = 0
      pc13 = 0
      pc14 = 0
      pc15 = 0
      pc16 = 0
Constrained:
   Tgbecnw = 101608
     Tecnw = 25557.3
       Tnw = 19608.5
       Tec = 12375.8
     twoNb = 999794
     twoNe = 40951.1
     twoNc = 413770
     twoNn = 756320
    twoNec = 131225
    twoNnw = 23393.7
  twoNecnw = 78469.3
  twoNbecnw = 11424.1
  twoNgbecnw = 251355
         m = 0.139801
        m3 = 0.17958
        m4 = 0.0257192
        Ta = 37600
        Tc = 9804.24
        Td = 4902.12
DiffEv reached_goal. cost=1.76760e-03 spread=2.20373e-06
Fitted parameter values
Free:
       pc1 = 2.31053
       pc2 = -3.91876
       pc3 = -1.66956
       pc4 = 1.05626
       pc5 = -1.84863
       pc6 = -0.718901
       pc7 = -1.68293
       pc8 = 1.87019
       pc9 = 0.4765
      pc10 = 1.2251
      pc11 = 0.063564
      pc12 = -0.14425
      pc13 = -0.0784438
      pc14 = 0.0121452
      pc15 = 0.0319438
      pc16 = -0.0172427
Constrained:
   Tgbecnw = 79871.6
     Tecnw = 24054.8
       Tnw = 19268.6
       Tec = 10673.9
     twoNb = 1.54745e+06
     twoNe = 19186.7
     twoNc = 100297
     twoNn = 1.00001e+06
    twoNec = 134014
    twoNnw = 18449.3
  twoNecnw = 74473.4
  twoNbecnw = 2064.15
  twoNgbecnw = 282701
         m = 0.117588
        m3 = 0.183444
        m4 = 0.0266082
        Ta = 37600
        Tc = 9634.28
        Td = 4817.14
#       SitePat  BranchLen
              b 124014.7012044
              e 48527.8543166
              c 50381.4242770
              n 44786.7858382
              w 46525.7249890
            b:e 2062.3370585
            b:c 2450.6521946
            b:n 1674.5389070
            b:w 1826.7440663
            e:c 10304.1089663
            e:n 5739.0420285
            e:w 4885.5654334
            c:n 5111.4250104
            c:w 4807.7857965
            n:w 12568.0435807
          b:e:c 2071.2921137
          b:e:n 1112.2782247
          b:e:w 1084.6703965
          b:c:n 1088.9434702
          b:c:w 1129.0347729
          b:n:w 2027.0816395
          e:c:n 4866.6662571
          e:c:w 4284.8429153
          e:n:w 6197.8431016
          c:n:w 5536.1172023
        b:e:c:n 2097.2238204
        b:e:c:w 1932.5351866
        b:e:n:w 3256.0632628
        b:c:n:w 2360.2707386
        e:c:n:w 51766.0443349
