########################################
# legofit: estimate population history #
#       version 2.3.4-4-g53f8760       #
########################################

# Program was compiled: Sep 21 2021 14:36:42
# Program was run: Fri Sep 24 08:59:49 2021

# cmd: legofit -1 -d 0 -t 32 --ptsPerDim 3 --stateOut b1boot13.state --tol 3e-6 -S 5000 acd2.lgo ../../boot/boot13.opf
# Stage nOptItr nSimReps
#     0    5000        0
# algorithm          : deterministic
# ignoring probs <=  : 0
# Branch length floor: 0
# DE strategy        : 2
#    F               : 0.3
#    CR              : 0.8
#    tolerance       : 3e-06
# nthreads           : 32
# lgo input file     : acd2.lgo
# site pat input file: ../../boot/boot13.opf
# free parameters    : 16
# points in DE swarm : 48
# output state file  : b1boot13.state
# Including singleton site patterns.
# cost function      : KL
Initial parameter values
Fixed:
      zero = 0
       one = 1
    Tbecnw = 75200
Free:
       pc1 = 0
       pc2 = 0
       pc3 = 0
       pc4 = 0
       pc5 = 0
       pc6 = 0
       pc7 = 0
       pc8 = 0
       pc9 = 0
      pc10 = 0
      pc11 = 0
      pc12 = 0
      pc13 = 0
      pc14 = 0
      pc15 = 0
      pc16 = 0
Constrained:
   Tgbecnw = 101608
     Tecnw = 25557.3
       Tnw = 19608.5
       Tec = 12375.8
     twoNb = 999794
     twoNe = 40951.1
     twoNc = 413770
     twoNn = 756320
    twoNec = 131225
    twoNnw = 23393.7
  twoNecnw = 78469.3
  twoNbecnw = 11424.1
  twoNgbecnw = 251355
         m = 0.139801
        m3 = 0.17958
        m4 = 0.0257192
        Ta = 37600
        Tc = 9804.24
        Td = 4902.12
DiffEv reached_goal. cost=1.73377e-03 spread=2.81722e-06
Fitted parameter values
Free:
       pc1 = 1.91527
       pc2 = -3.91161
       pc3 = -1.99225
       pc4 = 0.726341
       pc5 = -1.44574
       pc6 = -0.355619
       pc7 = -1.86328
       pc8 = 1.82402
       pc9 = 0.0333457
      pc10 = 1.10852
      pc11 = -0.131633
      pc12 = -0.0435848
      pc13 = 0.0112448
      pc14 = 0.015894
      pc15 = 0.0178296
      pc16 = 0.000912004
Constrained:
   Tgbecnw = 80593.2
     Tecnw = 23854
       Tnw = 19684.7
       Tec = 10781.7
     twoNb = 1.41754e+06
     twoNe = 18256.2
     twoNc = 175629
     twoNn = 402573
    twoNec = 131876
    twoNnw = 16119.6
  twoNecnw = 74813
  twoNbecnw = 2399.32
  twoNgbecnw = 277415
         m = 0.11933
        m3 = 0.181934
        m4 = 0.0266304
        Ta = 37600
        Tc = 9842.34
        Td = 4921.17
#       SitePat  BranchLen
              b 124050.0043085
              e 48523.8859547
              c 50346.9263364
              n 44801.0265012
              w 46496.6827715
            b:e 2069.7464473
            b:c 2464.3392873
            b:n 1680.2518481
            b:w 1829.2161265
            e:c 10329.2479307
            e:n 5743.5230319
            e:w 4921.4072624
            c:n 5140.1397279
            c:w 4836.8316032
            n:w 12572.1368540
          b:e:c 2074.9130445
          b:e:n 1114.2651580
          b:e:w 1088.2553830
          b:c:n 1092.7149956
          b:c:w 1130.8653339
          b:n:w 2030.6142422
          e:c:n 4883.1560292
          e:c:w 4312.9236531
          e:n:w 6237.2109774
          c:n:w 5574.1617179
        b:e:c:n 2098.2886462
        b:e:c:w 1937.1838045
        b:e:n:w 3254.2027514
        b:c:n:w 2366.5175935
        e:c:n:w 51693.1692667
