########################################
# legofit: estimate population history #
#       version 2.3.4-4-g53f8760       #
########################################

# Program was compiled: Sep 21 2021 14:36:42
# Program was run: Fri Sep 24 09:00:11 2021

# cmd: legofit -1 -d 0 -t 32 --ptsPerDim 3 --stateOut b1boot25.state --tol 3e-6 -S 5000 acd2.lgo ../../boot/boot25.opf
# Stage nOptItr nSimReps
#     0    5000        0
# algorithm          : deterministic
# ignoring probs <=  : 0
# Branch length floor: 0
# DE strategy        : 2
#    F               : 0.3
#    CR              : 0.8
#    tolerance       : 3e-06
# nthreads           : 32
# lgo input file     : acd2.lgo
# site pat input file: ../../boot/boot25.opf
# free parameters    : 16
# points in DE swarm : 48
# output state file  : b1boot25.state
# Including singleton site patterns.
# cost function      : KL
Initial parameter values
Fixed:
      zero = 0
       one = 1
    Tbecnw = 75200
Free:
       pc1 = 0
       pc2 = 0
       pc3 = 0
       pc4 = 0
       pc5 = 0
       pc6 = 0
       pc7 = 0
       pc8 = 0
       pc9 = 0
      pc10 = 0
      pc11 = 0
      pc12 = 0
      pc13 = 0
      pc14 = 0
      pc15 = 0
      pc16 = 0
Constrained:
   Tgbecnw = 101608
     Tecnw = 25557.3
       Tnw = 19608.5
       Tec = 12375.8
     twoNb = 999794
     twoNe = 40951.1
     twoNc = 413770
     twoNn = 756320
    twoNec = 131225
    twoNnw = 23393.7
  twoNecnw = 78469.3
  twoNbecnw = 11424.1
  twoNgbecnw = 251355
         m = 0.139801
        m3 = 0.17958
        m4 = 0.0257192
        Ta = 37600
        Tc = 9804.24
        Td = 4902.12
DiffEv reached_goal. cost=1.74245e-03 spread=2.87160e-06
Fitted parameter values
Free:
       pc1 = 0.79133
       pc2 = -3.96635
       pc3 = -1.95683
       pc4 = 0.532655
       pc5 = -1.74111
       pc6 = -0.120317
       pc7 = -1.76015
       pc8 = 1.87296
       pc9 = 0.3624
      pc10 = 0.639189
      pc11 = -0.00746036
      pc12 = -0.0257674
      pc13 = -0.0551602
      pc14 = -0.0103302
      pc15 = 0.00380893
      pc16 = -0.0282577
Constrained:
   Tgbecnw = 82410.3
     Tecnw = 23632.6
       Tnw = 20441.7
       Tec = 11541.1
     twoNb = 1.48827e+06
     twoNe = 21423.9
     twoNc = 203987
     twoNn = 326660
    twoNec = 122453
    twoNnw = 12088.9
  twoNecnw = 77496.5
  twoNbecnw = 3154.32
  twoNgbecnw = 278456
         m = 0.120883
        m3 = 0.182482
        m4 = 0.026197
        Ta = 37600
        Tc = 10220.9
        Td = 5110.43
#       SitePat  BranchLen
              b 124535.6268661
              e 48864.6478353
              c 50747.7228618
              n 44998.6745801
              w 46770.6900945
            b:e 2071.0847947
            b:c 2458.5523170
            b:n 1669.1141604
            b:w 1823.7902884
            e:c 10380.1769230
            e:n 5823.7674918
            e:w 4928.1225522
            c:n 5148.0738267
            c:w 4866.3751810
            n:w 12720.2247483
          b:e:c 2081.8819135
          b:e:n 1114.8790762
          b:e:w 1083.2693215
          b:c:n 1086.9264380
          b:c:w 1131.4033522
          b:n:w 2036.5757307
          e:c:n 4869.5986047
          e:c:w 4274.9266755
          e:n:w 6244.5875917
          c:n:w 5580.9008311
        b:e:c:n 2097.6777193
        b:e:c:w 1930.1344317
        b:e:n:w 3263.3506511
        b:c:n:w 2373.7541323
        e:c:n:w 51729.9159855
