########################################
# legofit: estimate population history #
#       version 2.3.4-4-g53f8760       #
########################################

# Program was compiled: Sep 21 2021 14:36:42
# Program was run: Fri Sep 24 09:00:45 2021

# cmd: legofit -1 -d 0 -t 32 --ptsPerDim 3 --stateOut b1boot41.state --tol 3e-6 -S 5000 acd2.lgo ../../boot/boot41.opf
# Stage nOptItr nSimReps
#     0    5000        0
# algorithm          : deterministic
# ignoring probs <=  : 0
# Branch length floor: 0
# DE strategy        : 2
#    F               : 0.3
#    CR              : 0.8
#    tolerance       : 3e-06
# nthreads           : 32
# lgo input file     : acd2.lgo
# site pat input file: ../../boot/boot41.opf
# free parameters    : 16
# points in DE swarm : 48
# output state file  : b1boot41.state
# Including singleton site patterns.
# cost function      : KL
Initial parameter values
Fixed:
      zero = 0
       one = 1
    Tbecnw = 75200
Free:
       pc1 = 0
       pc2 = 0
       pc3 = 0
       pc4 = 0
       pc5 = 0
       pc6 = 0
       pc7 = 0
       pc8 = 0
       pc9 = 0
      pc10 = 0
      pc11 = 0
      pc12 = 0
      pc13 = 0
      pc14 = 0
      pc15 = 0
      pc16 = 0
Constrained:
   Tgbecnw = 101608
     Tecnw = 25557.3
       Tnw = 19608.5
       Tec = 12375.8
     twoNb = 999794
     twoNe = 40951.1
     twoNc = 413770
     twoNn = 756320
    twoNec = 131225
    twoNnw = 23393.7
  twoNecnw = 78469.3
  twoNbecnw = 11424.1
  twoNgbecnw = 251355
         m = 0.139801
        m3 = 0.17958
        m4 = 0.0257192
        Ta = 37600
        Tc = 9804.24
        Td = 4902.12
DiffEv reached_goal. cost=1.71575e-03 spread=2.99344e-06
Fitted parameter values
Free:
       pc1 = 1.74842
       pc2 = -3.41401
       pc3 = -1.80393
       pc4 = 1.58602
       pc5 = -1.69709
       pc6 = -0.785579
       pc7 = -1.98524
       pc8 = 1.80601
       pc9 = 0.75427
      pc10 = 1.08475
      pc11 = -0.0290929
      pc12 = 0.0262918
      pc13 = -0.116639
      pc14 = -0.00347584
      pc15 = 0.0471724
      pc16 = -0.000267126
Constrained:
   Tgbecnw = 80934.6
     Tecnw = 24080.8
       Tnw = 19288.2
       Tec = 10707.6
     twoNb = 1.64905e+06
     twoNe = 19380.1
     twoNc = 168908
     twoNn = 920839
    twoNec = 134407
    twoNnw = 18436.8
  twoNecnw = 75499.7
  twoNbecnw = 2588.6
  twoNgbecnw = 268138
         m = 0.124196
        m3 = 0.188928
        m4 = 0.0265045
        Ta = 37600
        Tc = 9644.11
        Td = 4822.06
#       SitePat  BranchLen
              b 124171.8613633
              e 48770.9694989
              c 50635.3728665
              n 44998.8759594
              w 46803.4986068
            b:e 2082.8644233
            b:c 2472.6560368
            b:n 1691.4731658
            b:w 1849.8935469
            e:c 10347.6009101
            e:n 5809.5512940
            e:w 4920.3269696
            c:n 5160.6442372
            c:w 4848.0632701
            n:w 12622.2515516
          b:e:c 2087.7404808
          b:e:n 1126.9626609
          b:e:w 1097.8041485
          b:c:n 1101.3743544
          b:c:w 1143.5105858
          b:n:w 2044.1202854
          e:c:n 4908.0231538
          e:c:w 4305.2057980
          e:n:w 6228.5978481
          c:n:w 5562.3314283
        b:e:c:n 2123.3257000
        b:e:c:w 1951.9276000
        b:e:n:w 3270.2451836
        b:c:n:w 2383.3688469
        e:c:n:w 51567.9831136
