########################################
# legofit: estimate population history #
#       version 2.3.4-4-g53f8760       #
########################################

# Program was compiled: Sep 21 2021 14:36:42
# Program was run: Fri Sep 24 08:59:49 2021

# cmd: legofit -1 -d 0 -t 32 --ptsPerDim 3 --stateOut b1boot12.state --tol 3e-6 -S 5000 acd2.lgo ../../boot/boot12.opf
# Stage nOptItr nSimReps
#     0    5000        0
# algorithm          : deterministic
# ignoring probs <=  : 0
# Branch length floor: 0
# DE strategy        : 2
#    F               : 0.3
#    CR              : 0.8
#    tolerance       : 3e-06
# nthreads           : 32
# lgo input file     : acd2.lgo
# site pat input file: ../../boot/boot12.opf
# free parameters    : 16
# points in DE swarm : 48
# output state file  : b1boot12.state
# Including singleton site patterns.
# cost function      : KL
Initial parameter values
Fixed:
      zero = 0
       one = 1
    Tbecnw = 75200
Free:
       pc1 = 0
       pc2 = 0
       pc3 = 0
       pc4 = 0
       pc5 = 0
       pc6 = 0
       pc7 = 0
       pc8 = 0
       pc9 = 0
      pc10 = 0
      pc11 = 0
      pc12 = 0
      pc13 = 0
      pc14 = 0
      pc15 = 0
      pc16 = 0
Constrained:
   Tgbecnw = 101608
     Tecnw = 25557.3
       Tnw = 19608.5
       Tec = 12375.8
     twoNb = 999794
     twoNe = 40951.1
     twoNc = 413770
     twoNn = 756320
    twoNec = 131225
    twoNnw = 23393.7
  twoNecnw = 78469.3
  twoNbecnw = 11424.1
  twoNgbecnw = 251355
         m = 0.139801
        m3 = 0.17958
        m4 = 0.0257192
        Ta = 37600
        Tc = 9804.24
        Td = 4902.12
DiffEv reached_goal. cost=1.71876e-03 spread=2.75500e-06
Fitted parameter values
Free:
       pc1 = 2.34673
       pc2 = -2.51262
       pc3 = -1.82847
       pc4 = 0.27435
       pc5 = -1.49934
       pc6 = -0.49248
       pc7 = -1.69261
       pc8 = 1.96203
       pc9 = 0.715279
      pc10 = 1.18084
      pc11 = -0.0131804
      pc12 = 0.0609105
      pc13 = -0.0311557
      pc14 = 0.0440492
      pc15 = -0.0180467
      pc16 = 0.00310517
Constrained:
   Tgbecnw = 83985
     Tecnw = 24496.6
       Tnw = 19350.5
       Tec = 10036.8
     twoNb = 1.37646e+06
     twoNe = 6949.64
     twoNc = 80335.6
     twoNn = 597482
    twoNec = 144088
    twoNnw = 19796.7
  twoNecnw = 73939.3
  twoNbecnw = 3881.75
  twoNgbecnw = 277065
         m = 0.117712
        m3 = 0.187651
        m4 = 0.0260637
        Ta = 37600
        Tc = 9675.23
        Td = 4837.61
#       SitePat  BranchLen
              b 124620.5835814
              e 48864.3274895
              c 50682.9462585
              n 45151.3074592
              w 46946.4606783
            b:e 2092.1657552
            b:c 2483.1513406
            b:n 1701.0056168
            b:w 1858.3059725
            e:c 10419.7518201
            e:n 5792.7330892
            e:w 4920.3300258
            c:n 5167.4566336
            c:w 4844.1918653
            n:w 12627.9831822
          b:e:c 2094.9365321
          b:e:n 1126.7999221
          b:e:w 1099.2675700
          b:c:n 1103.2573558
          b:c:w 1143.1952279
          b:n:w 2052.2001044
          e:c:n 4947.5669423
          e:c:w 4348.0815549
          e:n:w 6265.3808591
          c:n:w 5605.7436153
        b:e:c:n 2122.5025275
        b:e:c:w 1952.7966518
        b:e:n:w 3251.6413708
        b:c:n:w 2382.7034322
        e:c:n:w 51786.2312033
