########################################
# legofit: estimate population history #
#       version 2.3.4-4-g53f8760       #
########################################

# Program was compiled: Sep 21 2021 14:36:42
# Program was run: Fri Sep 24 08:59:28 2021

# cmd: legofit -1 -d 0 -t 32 --ptsPerDim 3 --stateOut b1boot1.state --tol 3e-6 -S 5000 acd2.lgo ../../boot/boot1.opf
# Stage nOptItr nSimReps
#     0    5000        0
# algorithm          : deterministic
# ignoring probs <=  : 0
# Branch length floor: 0
# DE strategy        : 2
#    F               : 0.3
#    CR              : 0.8
#    tolerance       : 3e-06
# nthreads           : 32
# lgo input file     : acd2.lgo
# site pat input file: ../../boot/boot1.opf
# free parameters    : 16
# points in DE swarm : 48
# output state file  : b1boot1.state
# Including singleton site patterns.
# cost function      : KL
Initial parameter values
Fixed:
      zero = 0
       one = 1
    Tbecnw = 75200
Free:
       pc1 = 0
       pc2 = 0
       pc3 = 0
       pc4 = 0
       pc5 = 0
       pc6 = 0
       pc7 = 0
       pc8 = 0
       pc9 = 0
      pc10 = 0
      pc11 = 0
      pc12 = 0
      pc13 = 0
      pc14 = 0
      pc15 = 0
      pc16 = 0
Constrained:
   Tgbecnw = 101608
     Tecnw = 25557.3
       Tnw = 19608.5
       Tec = 12375.8
     twoNb = 999794
     twoNe = 40951.1
     twoNc = 413770
     twoNn = 756320
    twoNec = 131225
    twoNnw = 23393.7
  twoNecnw = 78469.3
  twoNbecnw = 11424.1
  twoNgbecnw = 251355
         m = 0.139801
        m3 = 0.17958
        m4 = 0.0257192
        Ta = 37600
        Tc = 9804.24
        Td = 4902.12
DiffEv reached_goal. cost=1.72207e-03 spread=2.90954e-06
Fitted parameter values
Free:
       pc1 = 2.71261
       pc2 = -3.33765
       pc3 = -1.94429
       pc4 = 0.578906
       pc5 = -1.81723
       pc6 = -0.169607
       pc7 = -1.60018
       pc8 = 1.35601
       pc9 = -0.203147
      pc10 = 1.33724
      pc11 = -0.0635773
      pc12 = -0.0186561
      pc13 = -0.0689285
      pc14 = 0.00938091
      pc15 = 0.0140293
      pc16 = -0.0250176
Constrained:
   Tgbecnw = 81866.1
     Tecnw = 24249.8
       Tnw = 19369.5
       Tec = 9996.86
     twoNb = 1.37451e+06
     twoNe = 4846.43
     twoNc = 197585
     twoNn = 701122
    twoNec = 143920
    twoNnw = 18927.5
  twoNecnw = 73893.7
  twoNbecnw = 2959.42
  twoNgbecnw = 278769
         m = 0.116847
        m3 = 0.175636
        m4 = 0.0267054
        Ta = 37600
        Tc = 9684.76
        Td = 4842.38
#       SitePat  BranchLen
              b 124085.6589552
              e 48631.7429707
              c 50539.5236589
              n 44894.5737924
              w 46638.5833937
            b:e 2085.8095101
            b:c 2488.9681341
            b:n 1691.6815892
            b:w 1843.4668218
            e:c 10358.7818708
            e:n 5795.6868674
            e:w 4900.7939639
            c:n 5105.9325803
            c:w 4835.5001021
            n:w 12623.3843063
          b:e:c 2091.6065718
          b:e:n 1124.4790478
          b:e:w 1092.1627485
          b:c:n 1096.9795572
          b:c:w 1141.4783026
          b:n:w 2047.0310442
          e:c:n 4900.4878917
          e:c:w 4321.8036721
          e:n:w 6275.5022641
          c:n:w 5589.2317985
        b:e:c:n 2110.2078427
        b:e:c:w 1946.2401640
        b:e:n:w 3271.5639213
        b:c:n:w 2380.1268038
        e:c:n:w 51590.5920635
