########################################
# legofit: estimate population history #
#       version 2.3.4-4-g53f8760       #
########################################

# Program was compiled: Sep 21 2021 14:36:42
# Program was run: Fri Sep 24 09:00:20 2021

# cmd: legofit -1 -d 0 -t 32 --ptsPerDim 3 --stateOut b1boot29.state --tol 3e-6 -S 5000 acd2.lgo ../../boot/boot29.opf
# Stage nOptItr nSimReps
#     0    5000        0
# algorithm          : deterministic
# ignoring probs <=  : 0
# Branch length floor: 0
# DE strategy        : 2
#    F               : 0.3
#    CR              : 0.8
#    tolerance       : 3e-06
# nthreads           : 32
# lgo input file     : acd2.lgo
# site pat input file: ../../boot/boot29.opf
# free parameters    : 16
# points in DE swarm : 48
# output state file  : b1boot29.state
# Including singleton site patterns.
# cost function      : KL
Initial parameter values
Fixed:
      zero = 0
       one = 1
    Tbecnw = 75200
Free:
       pc1 = 0
       pc2 = 0
       pc3 = 0
       pc4 = 0
       pc5 = 0
       pc6 = 0
       pc7 = 0
       pc8 = 0
       pc9 = 0
      pc10 = 0
      pc11 = 0
      pc12 = 0
      pc13 = 0
      pc14 = 0
      pc15 = 0
      pc16 = 0
Constrained:
   Tgbecnw = 101608
     Tecnw = 25557.3
       Tnw = 19608.5
       Tec = 12375.8
     twoNb = 999794
     twoNe = 40951.1
     twoNc = 413770
     twoNn = 756320
    twoNec = 131225
    twoNnw = 23393.7
  twoNecnw = 78469.3
  twoNbecnw = 11424.1
  twoNgbecnw = 251355
         m = 0.139801
        m3 = 0.17958
        m4 = 0.0257192
        Ta = 37600
        Tc = 9804.24
        Td = 4902.12
DiffEv reached_goal. cost=1.75131e-03 spread=2.74213e-06
Fitted parameter values
Free:
       pc1 = 1.87004
       pc2 = -3.93117
       pc3 = -1.96536
       pc4 = 1.44444
       pc5 = -1.51807
       pc6 = -0.10989
       pc7 = -0.920402
       pc8 = 1.90696
       pc9 = -0.629937
      pc10 = 1.351
      pc11 = -0.0757397
      pc12 = -0.0353413
      pc13 = 0.0441712
      pc14 = 0.0588937
      pc15 = 0.0324903
      pc16 = 0.00420581
Constrained:
   Tgbecnw = 80383.5
     Tecnw = 23850.8
       Tnw = 20188
       Tec = 11053.4
     twoNb = 1.29137e+06
     twoNe = 18057.2
     twoNc = 449451
     twoNn = 1.20934e+06
    twoNec = 127360
    twoNnw = 14024.7
  twoNecnw = 74687.5
  twoNbecnw = 2311.77
  twoNgbecnw = 274458
         m = 0.12129
        m3 = 0.17991
        m4 = 0.0269739
        Ta = 37600
        Tc = 10094
        Td = 5046.99
#       SitePat  BranchLen
              b 124053.1488515
              e 48461.4255462
              c 50300.3945683
              n 44755.4619944
              w 46450.2624065
            b:e 2052.1030482
            b:c 2460.0341235
            b:n 1662.7404509
            b:w 1811.1999114
            e:c 10343.2800049
            e:n 5715.9878124
            e:w 4892.1190646
            c:n 5105.5955698
            c:w 4807.0913986
            n:w 12568.0755100
          b:e:c 2065.2157124
          b:e:n 1101.0148384
          b:e:w 1074.6459664
          b:c:n 1079.4070723
          b:c:w 1117.8438526
          b:n:w 2020.5376101
          e:c:n 4865.7291706
          e:c:w 4293.3016775
          e:n:w 6237.5219187
          c:n:w 5560.9932190
        b:e:c:n 2077.0413354
        b:e:c:w 1916.5139666
        b:e:n:w 3242.3355563
        b:c:n:w 2345.7935603
        e:c:n:w 51741.3406246
