########################################
# legofit: estimate population history #
#       version 2.3.4-4-g53f8760       #
########################################

# Program was compiled: Sep 21 2021 14:36:42
# Program was run: Fri Sep 24 08:59:50 2021

# cmd: legofit -1 -d 0 -t 32 --ptsPerDim 3 --stateOut b1boot15.state --tol 3e-6 -S 5000 acd2.lgo ../../boot/boot15.opf
# Stage nOptItr nSimReps
#     0    5000        0
# algorithm          : deterministic
# ignoring probs <=  : 0
# Branch length floor: 0
# DE strategy        : 2
#    F               : 0.3
#    CR              : 0.8
#    tolerance       : 3e-06
# nthreads           : 32
# lgo input file     : acd2.lgo
# site pat input file: ../../boot/boot15.opf
# free parameters    : 16
# points in DE swarm : 48
# output state file  : b1boot15.state
# Including singleton site patterns.
# cost function      : KL
Initial parameter values
Fixed:
      zero = 0
       one = 1
    Tbecnw = 75200
Free:
       pc1 = 0
       pc2 = 0
       pc3 = 0
       pc4 = 0
       pc5 = 0
       pc6 = 0
       pc7 = 0
       pc8 = 0
       pc9 = 0
      pc10 = 0
      pc11 = 0
      pc12 = 0
      pc13 = 0
      pc14 = 0
      pc15 = 0
      pc16 = 0
Constrained:
   Tgbecnw = 101608
     Tecnw = 25557.3
       Tnw = 19608.5
       Tec = 12375.8
     twoNb = 999794
     twoNe = 40951.1
     twoNc = 413770
     twoNn = 756320
    twoNec = 131225
    twoNnw = 23393.7
  twoNecnw = 78469.3
  twoNbecnw = 11424.1
  twoNgbecnw = 251355
         m = 0.139801
        m3 = 0.17958
        m4 = 0.0257192
        Ta = 37600
        Tc = 9804.24
        Td = 4902.12
DiffEv reached_goal. cost=1.73960e-03 spread=2.97785e-06
Fitted parameter values
Free:
       pc1 = 2.14409
       pc2 = -3.5651
       pc3 = -0.919529
       pc4 = 1.43384
       pc5 = -1.59598
       pc6 = -0.260516
       pc7 = -0.98746
       pc8 = 1.91553
       pc9 = 0.212044
      pc10 = 1.1549
      pc11 = 0.0111786
      pc12 = -0.0871012
      pc13 = -0.00663859
      pc14 = 0.0361988
      pc15 = -0.0098615
      pc16 = -0.0074697
Constrained:
   Tgbecnw = 83423.9
     Tecnw = 24260.3
       Tnw = 19438.2
       Tec = 11256.5
     twoNb = 1.47795e+06
     twoNe = 27579.2
     twoNc = 368360
     twoNn = 1.42246e+06
    twoNec = 128658
    twoNnw = 18606.4
  twoNecnw = 74210.9
  twoNbecnw = 3584.97
  twoNgbecnw = 283090
         m = 0.115918
        m3 = 0.184019
        m4 = 0.026766
        Ta = 37600
        Tc = 9719.11
        Td = 4859.55
#       SitePat  BranchLen
              b 124502.9931504
              e 48723.7209729
              c 50602.6172605
              n 45002.3079953
              w 46767.3504760
            b:e 2062.0180556
            b:c 2454.9576082
            b:n 1677.7654632
            b:w 1832.7970228
            e:c 10355.9295646
            e:n 5773.0578426
            e:w 4905.4042508
            c:n 5130.3971071
            c:w 4829.0162392
            n:w 12606.0272081
          b:e:c 2070.0427260
          b:e:n 1111.6549524
          b:e:w 1082.9755325
          b:c:n 1087.1220931
          b:c:w 1128.1034167
          b:n:w 2027.4999323
          e:c:n 4919.2416805
          e:c:w 4323.2336594
          e:n:w 6242.7907968
          c:n:w 5569.5561373
        b:e:c:n 2095.1933342
        b:e:c:w 1927.8598711
        b:e:n:w 3250.6565068
        b:c:n:w 2350.5086966
        e:c:n:w 51818.3689674
