########################################
# legofit: estimate population history #
#       version 2.3.4-4-g53f8760       #
########################################

# Program was compiled: Sep 21 2021 14:36:42
# Program was run: Fri Sep 24 09:00:50 2021

# cmd: legofit -1 -d 0 -t 32 --ptsPerDim 3 --stateOut b1boot42.state --tol 3e-6 -S 5000 acd2.lgo ../../boot/boot42.opf
# Stage nOptItr nSimReps
#     0    5000        0
# algorithm          : deterministic
# ignoring probs <=  : 0
# Branch length floor: 0
# DE strategy        : 2
#    F               : 0.3
#    CR              : 0.8
#    tolerance       : 3e-06
# nthreads           : 32
# lgo input file     : acd2.lgo
# site pat input file: ../../boot/boot42.opf
# free parameters    : 16
# points in DE swarm : 48
# output state file  : b1boot42.state
# Including singleton site patterns.
# cost function      : KL
Initial parameter values
Fixed:
      zero = 0
       one = 1
    Tbecnw = 75200
Free:
       pc1 = 0
       pc2 = 0
       pc3 = 0
       pc4 = 0
       pc5 = 0
       pc6 = 0
       pc7 = 0
       pc8 = 0
       pc9 = 0
      pc10 = 0
      pc11 = 0
      pc12 = 0
      pc13 = 0
      pc14 = 0
      pc15 = 0
      pc16 = 0
Constrained:
   Tgbecnw = 101608
     Tecnw = 25557.3
       Tnw = 19608.5
       Tec = 12375.8
     twoNb = 999794
     twoNe = 40951.1
     twoNc = 413770
     twoNn = 756320
    twoNec = 131225
    twoNnw = 23393.7
  twoNecnw = 78469.3
  twoNbecnw = 11424.1
  twoNgbecnw = 251355
         m = 0.139801
        m3 = 0.17958
        m4 = 0.0257192
        Ta = 37600
        Tc = 9804.24
        Td = 4902.12
DiffEv reached_goal. cost=1.72852e-03 spread=2.38410e-06
Fitted parameter values
Free:
       pc1 = 2.48919
       pc2 = -3.82548
       pc3 = -1.54577
       pc4 = 1.44738
       pc5 = -1.41725
       pc6 = -0.807525
       pc7 = -1.65071
       pc8 = 1.95046
       pc9 = 0.331921
      pc10 = 1.67841
      pc11 = 0.0278364
      pc12 = -0.0264322
      pc13 = -0.0628534
      pc14 = 0.0669508
      pc15 = 0.0480971
      pc16 = 0.00213244
Constrained:
   Tgbecnw = 79217.3
     Tecnw = 24265.2
       Tnw = 19221.6
       Tec = 10846.3
     twoNb = 1.51711e+06
     twoNe = 21809.1
     twoNc = 160931
     twoNn = 1.0932e+06
    twoNec = 131622
    twoNnw = 19239.1
  twoNecnw = 72944.1
  twoNbecnw = 1802.27
  twoNgbecnw = 275286
         m = 0.118637
        m3 = 0.185981
        m4 = 0.0268535
        Ta = 37600
        Tc = 9610.8
        Td = 4805.4
#       SitePat  BranchLen
              b 123424.2188675
              e 48314.1373508
              c 50189.4153017
              n 44604.1661330
              w 46394.6651304
            b:e 2041.3975498
            b:c 2437.0971915
            b:n 1657.4103248
            b:w 1814.1240216
            e:c 10282.8009672
            e:n 5716.8772523
            e:w 4834.1302374
            c:n 5065.8209345
            c:w 4760.7532403
            n:w 12517.2268238
          b:e:c 2056.2351119
          b:e:n 1099.4536389
          b:e:w 1070.3425294
          b:c:n 1074.7575297
          b:c:w 1116.4560580
          b:n:w 2012.8315110
          e:c:n 4874.9032724
          e:c:w 4272.2189842
          e:n:w 6193.4194532
          c:n:w 5516.0736483
        b:e:c:n 2076.9773408
        b:e:c:w 1907.6762252
        b:e:n:w 3221.2683129
        b:c:n:w 2330.6520509
        e:c:n:w 51379.0604073
