########################################
# legofit: estimate population history #
#       version 2.3.4-4-g53f8760       #
########################################

# Program was compiled: Sep 21 2021 14:36:42
# Program was run: Fri Sep 24 08:59:41 2021

# cmd: legofit -1 -d 0 -t 32 --ptsPerDim 3 --stateOut b1boot6.state --tol 3e-6 -S 5000 acd2.lgo ../../boot/boot6.opf
# Stage nOptItr nSimReps
#     0    5000        0
# algorithm          : deterministic
# ignoring probs <=  : 0
# Branch length floor: 0
# DE strategy        : 2
#    F               : 0.3
#    CR              : 0.8
#    tolerance       : 3e-06
# nthreads           : 32
# lgo input file     : acd2.lgo
# site pat input file: ../../boot/boot6.opf
# free parameters    : 16
# points in DE swarm : 48
# output state file  : b1boot6.state
# Including singleton site patterns.
# cost function      : KL
Initial parameter values
Fixed:
      zero = 0
       one = 1
    Tbecnw = 75200
Free:
       pc1 = 0
       pc2 = 0
       pc3 = 0
       pc4 = 0
       pc5 = 0
       pc6 = 0
       pc7 = 0
       pc8 = 0
       pc9 = 0
      pc10 = 0
      pc11 = 0
      pc12 = 0
      pc13 = 0
      pc14 = 0
      pc15 = 0
      pc16 = 0
Constrained:
   Tgbecnw = 101608
     Tecnw = 25557.3
       Tnw = 19608.5
       Tec = 12375.8
     twoNb = 999794
     twoNe = 40951.1
     twoNc = 413770
     twoNn = 756320
    twoNec = 131225
    twoNnw = 23393.7
  twoNecnw = 78469.3
  twoNbecnw = 11424.1
  twoNgbecnw = 251355
         m = 0.139801
        m3 = 0.17958
        m4 = 0.0257192
        Ta = 37600
        Tc = 9804.24
        Td = 4902.12
DiffEv reached_goal. cost=1.72107e-03 spread=2.98890e-06
Fitted parameter values
Free:
       pc1 = 1.77313
       pc2 = -3.30566
       pc3 = -1.65809
       pc4 = 0.611088
       pc5 = -1.87735
       pc6 = -0.858193
       pc7 = -0.301386
       pc8 = 1.9275
       pc9 = 1.15455
      pc10 = 1.35112
      pc11 = -0.0442252
      pc12 = -0.048431
      pc13 = -0.0272002
      pc14 = 0.0125205
      pc15 = 0.0118015
      pc16 = 0.00890692
Constrained:
   Tgbecnw = 82387.8
     Tecnw = 24197.3
       Tnw = 19740.6
       Tec = 11222.9
     twoNb = 1.38157e+06
     twoNe = 24017.9
     twoNc = 94443
     twoNn = 1.79881e+06
    twoNec = 130297
    twoNnw = 17230.4
  twoNecnw = 74303.5
  twoNbecnw = 3178.19
  twoNgbecnw = 278649
         m = 0.118071
        m3 = 0.183618
        m4 = 0.0257008
        Ta = 37600
        Tc = 9870.28
        Td = 4935.14
#       SitePat  BranchLen
              b 124418.3306908
              e 48723.2468753
              c 50538.7045196
              n 45004.3131372
              w 46752.2155859
            b:e 2079.0818947
            b:c 2465.8165717
            b:n 1689.5167785
            b:w 1843.9885727
            e:c 10330.6185708
            e:n 5778.3271002
            e:w 4914.6585831
            c:n 5141.1078325
            c:w 4846.4259120
            n:w 12564.9787735
          b:e:c 2082.3914482
          b:e:n 1121.4243774
          b:e:w 1092.3065300
          b:c:n 1096.4004127
          b:c:w 1137.8786327
          b:n:w 2039.2069741
          e:c:n 4919.4751766
          e:c:w 4329.9231655
          e:n:w 6243.6430400
          c:n:w 5588.0474515
        b:e:c:n 2110.0673890
        b:e:c:w 1943.2352221
        b:e:n:w 3233.5842117
        b:c:n:w 2371.8909297
        e:c:n:w 51823.1374015
