########################################
# legofit: estimate population history #
#       version 2.3.4-4-g53f8760       #
########################################

# Program was compiled: Sep 21 2021 14:36:42
# Program was run: Fri Sep 24 08:59:28 2021

# cmd: legofit -1 -d 0 -t 32 --ptsPerDim 3 --stateOut b1boot2.state --tol 3e-6 -S 5000 acd2.lgo ../../boot/boot2.opf
# Stage nOptItr nSimReps
#     0    5000        0
# algorithm          : deterministic
# ignoring probs <=  : 0
# Branch length floor: 0
# DE strategy        : 2
#    F               : 0.3
#    CR              : 0.8
#    tolerance       : 3e-06
# nthreads           : 32
# lgo input file     : acd2.lgo
# site pat input file: ../../boot/boot2.opf
# free parameters    : 16
# points in DE swarm : 48
# output state file  : b1boot2.state
# Including singleton site patterns.
# cost function      : KL
Initial parameter values
Fixed:
      zero = 0
       one = 1
    Tbecnw = 75200
Free:
       pc1 = 0
       pc2 = 0
       pc3 = 0
       pc4 = 0
       pc5 = 0
       pc6 = 0
       pc7 = 0
       pc8 = 0
       pc9 = 0
      pc10 = 0
      pc11 = 0
      pc12 = 0
      pc13 = 0
      pc14 = 0
      pc15 = 0
      pc16 = 0
Constrained:
   Tgbecnw = 101608
     Tecnw = 25557.3
       Tnw = 19608.5
       Tec = 12375.8
     twoNb = 999794
     twoNe = 40951.1
     twoNc = 413770
     twoNn = 756320
    twoNec = 131225
    twoNnw = 23393.7
  twoNecnw = 78469.3
  twoNbecnw = 11424.1
  twoNgbecnw = 251355
         m = 0.139801
        m3 = 0.17958
        m4 = 0.0257192
        Ta = 37600
        Tc = 9804.24
        Td = 4902.12
DiffEv reached_goal. cost=1.74186e-03 spread=2.99428e-06
Fitted parameter values
Free:
       pc1 = 1.92619
       pc2 = -3.95753
       pc3 = -1.8286
       pc4 = 0.102791
       pc5 = -1.45757
       pc6 = -0.516245
       pc7 = -1.2945
       pc8 = 1.7555
       pc9 = 0.89853
      pc10 = 1.29415
      pc11 = 0.0258969
      pc12 = -0.0788709
      pc13 = -0.0830809
      pc14 = -0.0174623
      pc15 = 0.0213375
      pc16 = -0.0169406
Constrained:
   Tgbecnw = 80477.8
     Tecnw = 24089.8
       Tnw = 19568.9
       Tec = 11322.1
     twoNb = 1.40619e+06
     twoNe = 24127.7
     twoNc = 45308.4
     twoNn = 656235
    twoNec = 128693
    twoNnw = 17483.8
  twoNecnw = 74160.1
  twoNbecnw = 2330.49
  twoNgbecnw = 283216
         m = 0.115261
        m3 = 0.180157
        m4 = 0.0259365
        Ta = 37600
        Tc = 9784.47
        Td = 4892.23
#       SitePat  BranchLen
              b 123730.5978990
              e 48539.1751058
              c 50404.1396499
              n 44792.9688625
              w 46546.8009588
            b:e 2069.5805128
            b:c 2457.6182638
            b:n 1679.2457015
            b:w 1833.7974157
            e:c 10267.5092344
            e:n 5778.4692345
            e:w 4884.3290090
            c:n 5096.3218145
            c:w 4826.0222657
            n:w 12542.7388773
          b:e:c 2076.5181168
          b:e:n 1118.5432005
          b:e:w 1086.1022873
          b:c:n 1090.6004118
          b:c:w 1135.6228714
          b:n:w 2032.1272642
          e:c:n 4884.9049045
          e:c:w 4295.5125825
          e:n:w 6219.7349239
          c:n:w 5554.4963775
        b:e:c:n 2102.9314514
        b:e:c:w 1935.7981907
        b:e:n:w 3234.9134476
        b:c:n:w 2366.0257302
        e:c:n:w 51456.0008996
