########################################
# legofit: estimate population history #
#       version 2.3.4-4-g53f8760       #
########################################

# Program was compiled: Sep 21 2021 14:36:42
# Program was run: Thu Sep 23 14:01:46 2021

# cmd: legofit -1 -d 0 -t 32 --ptsPerDim 3 --stateOut b1boot14.state --tol 3e-6 -S 5000 bcef2.lgo ../../boot/boot14.opf
# Stage nOptItr nSimReps
#     0    5000        0
# algorithm          : deterministic
# ignoring probs <=  : 0
# Branch length floor: 0
# DE strategy        : 2
#    F               : 0.3
#    CR              : 0.8
#    tolerance       : 3e-06
# nthreads           : 32
# lgo input file     : bcef2.lgo
# site pat input file: ../../boot/boot14.opf
# free parameters    : 16
# points in DE swarm : 48
# output state file  : b1boot14.state
# Including singleton site patterns.
# cost function      : KL
Initial parameter values
Fixed:
      zero = 0
       one = 1
    Tbecnw = 75200
Free:
       pc1 = 0
       pc2 = 0
       pc3 = 0
       pc4 = 0
       pc5 = 0
       pc6 = 0
       pc7 = 0
       pc8 = 0
       pc9 = 0
      pc10 = 0
      pc11 = 0
      pc12 = 0
      pc13 = 0
      pc14 = 0
      pc15 = 0
      pc16 = 0
Constrained:
     Tecnw = 59464.8
       Tnw = 47.2866
       Tec = 6065.92
     twoNb = 2.82566e+06
     twoNe = 83398.4
     twoNc = 292266
     twoNn = 292840
     twoNw = 1.09925e+06
    twoNec = 118930
    twoNnw = 147704
  twoNecnw = 13669.5
  twoNbecnw = 87493.5
        m2 = 0.047665
        m3 = 0.201031
        m5 = 0.328594
        m6 = 0.236285
        Tb = 32765.4
        Tc = 23.6433
        Te = 11.8216
        Tf = 5.91082
DiffEv reached_goal. cost=2.01032e-03 spread=2.77765e-06
Fitted parameter values
Free:
       pc1 = -0.491529
       pc2 = 2.3843
       pc3 = -1.74912
       pc4 = 1.55764
       pc5 = 1.87686
       pc6 = 0.182619
       pc7 = 1.72175
       pc8 = -0.304253
       pc9 = -0.760017
      pc10 = 0.91131
      pc11 = 0.252502
      pc12 = 0.0976331
      pc13 = 0.0134469
      pc14 = 0.110813
      pc15 = -0.0313349
      pc16 = -0.0204204
Constrained:
     Tecnw = 59704.4
       Tnw = 19.1876
       Tec = 3261.55
     twoNb = 6.18695e+06
     twoNe = 44701.1
     twoNc = 401011
     twoNn = 370648
     twoNw = 1.59546e+06
    twoNec = 127648
    twoNnw = 149914
  twoNecnw = 13404
  twoNbecnw = 88027.6
        m2 = 0.0506377
        m3 = 0.198061
        m5 = 0.330737
        m6 = 0.239195
        Tb = 31483
        Tc = 9.59382
        Te = 4.79691
        Tf = 2.39846
#       SitePat  BranchLen
              b 147642.6269305
              e 57353.8914260
              c 60171.3928405
              n 53306.9358455
              w 55909.8194206
            b:e 2871.8216784
            b:c 3220.8043969
            b:n 2141.3047947
            b:w 2310.0696975
            e:c 12350.4991215
            e:n 6913.8040768
            e:w 6099.8890914
            c:n 6097.3932887
            c:w 5192.3788165
            n:w 14403.3926201
          b:e:c 2482.3195023
          b:e:n 1265.8950915
          b:e:w 1289.2291047
          b:c:n 1290.3962944
          b:c:w 1264.8598520
          b:n:w 2476.8056044
          e:c:n 5838.6264700
          e:c:w 4962.4340624
          e:n:w 8074.6253816
          c:n:w 6977.4576499
        b:e:c:n 2312.4119107
        b:e:c:w 2138.0877271
        b:e:n:w 3200.0129045
        b:c:n:w 2854.4856159
        e:c:n:w 61607.5835568
