########################################
# legofit: estimate population history #
#       version 2.3.4-4-g53f8760       #
########################################

# Program was compiled: Sep 21 2021 14:36:42
# Program was run: Thu Sep 23 14:01:26 2021

# cmd: legofit -1 -d 0 -t 32 --ptsPerDim 3 --stateOut b1boot5.state --tol 3e-6 -S 5000 bcef2.lgo ../../boot/boot5.opf
# Stage nOptItr nSimReps
#     0    5000        0
# algorithm          : deterministic
# ignoring probs <=  : 0
# Branch length floor: 0
# DE strategy        : 2
#    F               : 0.3
#    CR              : 0.8
#    tolerance       : 3e-06
# nthreads           : 32
# lgo input file     : bcef2.lgo
# site pat input file: ../../boot/boot5.opf
# free parameters    : 16
# points in DE swarm : 48
# output state file  : b1boot5.state
# Including singleton site patterns.
# cost function      : KL
Initial parameter values
Fixed:
      zero = 0
       one = 1
    Tbecnw = 75200
Free:
       pc1 = 0
       pc2 = 0
       pc3 = 0
       pc4 = 0
       pc5 = 0
       pc6 = 0
       pc7 = 0
       pc8 = 0
       pc9 = 0
      pc10 = 0
      pc11 = 0
      pc12 = 0
      pc13 = 0
      pc14 = 0
      pc15 = 0
      pc16 = 0
Constrained:
     Tecnw = 59464.8
       Tnw = 47.2866
       Tec = 6065.92
     twoNb = 2.82566e+06
     twoNe = 83398.4
     twoNc = 292266
     twoNn = 292840
     twoNw = 1.09925e+06
    twoNec = 118930
    twoNnw = 147704
  twoNecnw = 13669.5
  twoNbecnw = 87493.5
        m2 = 0.047665
        m3 = 0.201031
        m5 = 0.328594
        m6 = 0.236285
        Tb = 32765.4
        Tc = 23.6433
        Te = 11.8216
        Tf = 5.91082
DiffEv reached_goal. cost=2.03015e-03 spread=2.89277e-06
Fitted parameter values
Free:
       pc1 = 1.36221
       pc2 = 0.981938
       pc3 = -1.5158
       pc4 = 2.14191
       pc5 = 1.74217
       pc6 = 0.475843
       pc7 = 1.88406
       pc8 = -0.95262
       pc9 = -0.848054
      pc10 = 0.485568
      pc11 = 0.161634
      pc12 = -0.0901918
      pc13 = -0.195284
      pc14 = 0.164821
      pc15 = 0.0115965
      pc16 = 0.0564218
Constrained:
     Tecnw = 59378.2
       Tnw = 4.09647
       Tec = 3292.01
     twoNb = 6.235e+06
     twoNe = 49823.9
     twoNc = 335953
     twoNn = 257223
     twoNw = 623705
    twoNec = 129449
    twoNnw = 147959
  twoNecnw = 13586.7
  twoNbecnw = 87458.8
        m2 = 0.0522493
        m3 = 0.206219
        m5 = 0.321777
        m6 = 0.231975
        Tb = 31335.1
        Tc = 2.04824
        Te = 1.02412
        Tf = 0.512059
#       SitePat  BranchLen
              b 147196.8803696
              e 57288.2146556
              c 60038.5523035
              n 53139.7974017
              w 55794.3503398
            b:e 2864.4597727
            b:c 3205.2623264
            b:n 2120.0889673
            b:w 2285.2424355
            e:c 12299.9435773
            e:n 6852.5483981
            e:w 6033.3721352
            c:n 6075.7281150
            c:w 5133.2392952
            n:w 14382.9025832
          b:e:c 2459.1735379
          b:e:n 1249.6429309
          b:e:w 1274.4115433
          b:c:n 1275.6430807
          b:c:w 1248.5497775
          b:n:w 2453.5043644
          e:c:n 5813.2915855
          e:c:w 4928.6688237
          e:n:w 8047.6722982
          c:n:w 6970.6885658
        b:e:c:n 2287.6631909
        b:e:c:w 2116.5693199
        b:e:n:w 3183.8020177
        b:c:n:w 2846.4602875
        e:c:n:w 61367.9201354
