########################################
# legofit: estimate population history #
#       version 2.3.4-4-g53f8760       #
########################################

# Program was compiled: Sep 21 2021 14:36:42
# Program was run: Thu Sep 23 14:01:54 2021

# cmd: legofit -1 -d 0 -t 32 --ptsPerDim 3 --stateOut b1boot19.state --tol 3e-6 -S 5000 bcef2.lgo ../../boot/boot19.opf
# Stage nOptItr nSimReps
#     0    5000        0
# algorithm          : deterministic
# ignoring probs <=  : 0
# Branch length floor: 0
# DE strategy        : 2
#    F               : 0.3
#    CR              : 0.8
#    tolerance       : 3e-06
# nthreads           : 32
# lgo input file     : bcef2.lgo
# site pat input file: ../../boot/boot19.opf
# free parameters    : 16
# points in DE swarm : 48
# output state file  : b1boot19.state
# Including singleton site patterns.
# cost function      : KL
Initial parameter values
Fixed:
      zero = 0
       one = 1
    Tbecnw = 75200
Free:
       pc1 = 0
       pc2 = 0
       pc3 = 0
       pc4 = 0
       pc5 = 0
       pc6 = 0
       pc7 = 0
       pc8 = 0
       pc9 = 0
      pc10 = 0
      pc11 = 0
      pc12 = 0
      pc13 = 0
      pc14 = 0
      pc15 = 0
      pc16 = 0
Constrained:
     Tecnw = 59464.8
       Tnw = 47.2866
       Tec = 6065.92
     twoNb = 2.82566e+06
     twoNe = 83398.4
     twoNc = 292266
     twoNn = 292840
     twoNw = 1.09925e+06
    twoNec = 118930
    twoNnw = 147704
  twoNecnw = 13669.5
  twoNbecnw = 87493.5
        m2 = 0.047665
        m3 = 0.201031
        m5 = 0.328594
        m6 = 0.236285
        Tb = 32765.4
        Tc = 23.6433
        Te = 11.8216
        Tf = 5.91082
DiffEv reached_goal. cost=2.02390e-03 spread=2.86565e-06
Fitted parameter values
Free:
       pc1 = 1.46078
       pc2 = 1.24612
       pc3 = -1.93727
       pc4 = 1.83775
       pc5 = 1.83574
       pc6 = -1.51066
       pc7 = 1.8789
       pc8 = -1.43193
       pc9 = -0.519978
      pc10 = 1.18149
      pc11 = -0.265296
      pc12 = 0.316215
      pc13 = -0.22724
      pc14 = 0.217652
      pc15 = -0.0393375
      pc16 = -0.0142225
Constrained:
     Tecnw = 59337
       Tnw = 67.8905
       Tec = 3441.82
     twoNb = 6.5031e+06
     twoNe = 49546.3
     twoNc = 267175
     twoNn = 702134
     twoNw = 216622
    twoNec = 128457
    twoNnw = 148775
  twoNecnw = 13628.8
  twoNbecnw = 87753.6
        m2 = 0.0509949
        m3 = 0.20473
        m5 = 0.323979
        m6 = 0.227725
        Tb = 31389.4
        Tc = 33.9452
        Te = 16.9726
        Tf = 8.48631
#       SitePat  BranchLen
              b 147463.4810763
              e 57192.5067981
              c 60101.3661018
              n 53205.8114981
              w 55892.3985692
            b:e 2847.7646464
            b:c 3209.0057761
            b:n 2127.1983040
            b:w 2300.8831936
            e:c 12349.2743624
            e:n 6864.9763279
            e:w 6056.4216269
            c:n 6057.3421971
            c:w 5094.1248227
            n:w 14377.2422938
          b:e:c 2470.6798316
          b:e:n 1251.6064827
          b:e:w 1279.5780203
          b:c:n 1280.7369038
          b:c:w 1250.5956852
          b:n:w 2465.3480993
          e:c:n 5851.9251022
          e:c:w 4944.7986858
          e:n:w 8062.8478630
          c:n:w 6920.3047013
        b:e:c:n 2303.1586364
        b:e:c:w 2123.9548485
        b:e:n:w 3188.7692454
        b:c:n:w 2830.9948227
        e:c:n:w 61605.4930946
