########################################
# legofit: estimate population history #
#       version 2.3.4-4-g53f8760       #
########################################

# Program was compiled: Sep 21 2021 14:36:42
# Program was run: Thu Sep 23 14:02:40 2021

# cmd: legofit -1 -d 0 -t 32 --ptsPerDim 3 --stateOut b1boot48.state --tol 3e-6 -S 5000 bcef2.lgo ../../boot/boot48.opf
# Stage nOptItr nSimReps
#     0    5000        0
# algorithm          : deterministic
# ignoring probs <=  : 0
# Branch length floor: 0
# DE strategy        : 2
#    F               : 0.3
#    CR              : 0.8
#    tolerance       : 3e-06
# nthreads           : 32
# lgo input file     : bcef2.lgo
# site pat input file: ../../boot/boot48.opf
# free parameters    : 16
# points in DE swarm : 48
# output state file  : b1boot48.state
# Including singleton site patterns.
# cost function      : KL
Initial parameter values
Fixed:
      zero = 0
       one = 1
    Tbecnw = 75200
Free:
       pc1 = 0
       pc2 = 0
       pc3 = 0
       pc4 = 0
       pc5 = 0
       pc6 = 0
       pc7 = 0
       pc8 = 0
       pc9 = 0
      pc10 = 0
      pc11 = 0
      pc12 = 0
      pc13 = 0
      pc14 = 0
      pc15 = 0
      pc16 = 0
Constrained:
     Tecnw = 59464.8
       Tnw = 47.2866
       Tec = 6065.92
     twoNb = 2.82566e+06
     twoNe = 83398.4
     twoNc = 292266
     twoNn = 292840
     twoNw = 1.09925e+06
    twoNec = 118930
    twoNnw = 147704
  twoNecnw = 13669.5
  twoNbecnw = 87493.5
        m2 = 0.047665
        m3 = 0.201031
        m5 = 0.328594
        m6 = 0.236285
        Tb = 32765.4
        Tc = 23.6433
        Te = 11.8216
        Tf = 5.91082
DiffEv reached_goal. cost=2.05073e-03 spread=2.92134e-06
Fitted parameter values
Free:
       pc1 = 0.511417
       pc2 = 2.18299
       pc3 = -1.62669
       pc4 = 1.76019
       pc5 = 1.80857
       pc6 = 0.542065
       pc7 = 1.91254
       pc8 = -0.724881
       pc9 = -0.716689
      pc10 = 1.02965
      pc11 = -0.321859
      pc12 = 0.256885
      pc13 = -0.0943449
      pc14 = 0.0756064
      pc15 = 0.0292162
      pc16 = -0.0435854
Constrained:
     Tecnw = 59565.4
       Tnw = 26.2558
       Tec = 2956.09
     twoNb = 6.31467e+06
     twoNe = 40126.8
     twoNc = 386029
     twoNn = 265695
     twoNw = 1.16772e+06
    twoNec = 129888
    twoNnw = 150209
  twoNecnw = 13527.6
  twoNbecnw = 87858.7
        m2 = 0.0502391
        m3 = 0.200687
        m5 = 0.327473
        m6 = 0.231573
        Tb = 31260.8
        Tc = 13.1279
        Te = 6.56396
        Tf = 3.28198
#       SitePat  BranchLen
              b 147473.9379012
              e 57295.1235473
              c 60220.7209548
              n 53335.1540328
              w 56016.7248495
            b:e 2861.0186728
            b:c 3223.1722230
            b:n 2141.9658703
            b:w 2316.4909768
            e:c 12383.8307345
            e:n 6916.0544760
            e:w 6084.7098106
            c:n 6077.2269745
            c:w 5134.1536470
            n:w 14395.6215759
          b:e:c 2484.4341694
          b:e:n 1264.4207265
          b:e:w 1289.8294480
          b:c:n 1290.9861092
          b:c:w 1263.4037653
          b:n:w 2479.0278007
          e:c:n 5861.0367964
          e:c:w 4961.5640733
          e:n:w 8075.1662506
          c:n:w 6935.2825268
        b:e:c:n 2318.8022546
        b:e:c:w 2138.7706698
        b:e:n:w 3202.6395046
        b:c:n:w 2844.0162355
        e:c:n:w 61455.5151933
