########################################
# legofit: estimate population history #
#       version 2.3.4-4-g53f8760       #
########################################

# Program was compiled: Sep 21 2021 14:36:42
# Program was run: Thu Sep 23 14:01:46 2021

# cmd: legofit -1 -d 0 -t 32 --ptsPerDim 3 --stateOut b1boot15.state --tol 3e-6 -S 5000 bcef2.lgo ../../boot/boot15.opf
# Stage nOptItr nSimReps
#     0    5000        0
# algorithm          : deterministic
# ignoring probs <=  : 0
# Branch length floor: 0
# DE strategy        : 2
#    F               : 0.3
#    CR              : 0.8
#    tolerance       : 3e-06
# nthreads           : 32
# lgo input file     : bcef2.lgo
# site pat input file: ../../boot/boot15.opf
# free parameters    : 16
# points in DE swarm : 48
# output state file  : b1boot15.state
# Including singleton site patterns.
# cost function      : KL
Initial parameter values
Fixed:
      zero = 0
       one = 1
    Tbecnw = 75200
Free:
       pc1 = 0
       pc2 = 0
       pc3 = 0
       pc4 = 0
       pc5 = 0
       pc6 = 0
       pc7 = 0
       pc8 = 0
       pc9 = 0
      pc10 = 0
      pc11 = 0
      pc12 = 0
      pc13 = 0
      pc14 = 0
      pc15 = 0
      pc16 = 0
Constrained:
     Tecnw = 59464.8
       Tnw = 47.2866
       Tec = 6065.92
     twoNb = 2.82566e+06
     twoNe = 83398.4
     twoNc = 292266
     twoNn = 292840
     twoNw = 1.09925e+06
    twoNec = 118930
    twoNnw = 147704
  twoNecnw = 13669.5
  twoNbecnw = 87493.5
        m2 = 0.047665
        m3 = 0.201031
        m5 = 0.328594
        m6 = 0.236285
        Tb = 32765.4
        Tc = 23.6433
        Te = 11.8216
        Tf = 5.91082
DiffEv reached_goal. cost=2.02188e-03 spread=2.67609e-06
Fitted parameter values
Free:
       pc1 = 2.97986
       pc2 = 0.740074
       pc3 = -1.34132
       pc4 = 2.08265
       pc5 = 1.92409
       pc6 = -1.56047
       pc7 = 1.74371
       pc8 = -0.513219
       pc9 = -1.23018
      pc10 = 0.0256428
      pc11 = -0.0870608
      pc12 = 0.0334009
      pc13 = 0.0306363
      pc14 = 0.167436
      pc15 = -0.0489578
      pc16 = 0.0607305
Constrained:
     Tecnw = 59051.4
       Tnw = 8.83905
       Tec = 3092.26
     twoNb = 6.0739e+06
     twoNe = 48171.6
     twoNc = 212260
     twoNn = 752896
     twoNw = 590223
    twoNec = 131684
    twoNnw = 146820
  twoNecnw = 13849.5
  twoNbecnw = 86982.2
        m2 = 0.0508676
        m3 = 0.213884
        m5 = 0.317831
        m6 = 0.224838
        Tb = 31071.8
        Tc = 4.41953
        Te = 2.20976
        Tf = 1.10488
#       SitePat  BranchLen
              b 146826.7448938
              e 57076.4431944
              c 59889.8563180
              n 52995.6599297
              w 55749.2281779
            b:e 2832.1187528
            b:c 3178.2967482
            b:n 2108.5335741
            b:w 2280.9208832
            e:c 12257.5074831
            e:n 6856.6565454
            e:w 6024.5578332
            c:n 6080.3779046
            c:w 5085.7462368
            n:w 14312.7584588
          b:e:c 2438.4572706
          b:e:n 1242.7360557
          b:e:w 1270.6391955
          b:c:n 1271.9132666
          b:c:w 1241.6125712
          b:n:w 2432.7909333
          e:c:n 5839.2704231
          e:c:w 4921.0228661
          e:n:w 8011.6008190
          c:n:w 6909.5430031
        b:e:c:n 2283.3778862
        b:e:c:w 2104.7978216
        b:e:n:w 3156.5609995
        b:c:n:w 2813.9673469
        e:c:n:w 61167.7210530
