########################################
# legofit: estimate population history #
#       version 2.3.4-4-g53f8760       #
########################################

# Program was compiled: Sep 21 2021 14:36:42
# Program was run: Thu Sep 23 14:01:26 2021

# cmd: legofit -1 -d 0 -t 32 --ptsPerDim 3 --stateOut b1boot4.state --tol 3e-6 -S 5000 bcef2.lgo ../../boot/boot4.opf
# Stage nOptItr nSimReps
#     0    5000        0
# algorithm          : deterministic
# ignoring probs <=  : 0
# Branch length floor: 0
# DE strategy        : 2
#    F               : 0.3
#    CR              : 0.8
#    tolerance       : 3e-06
# nthreads           : 32
# lgo input file     : bcef2.lgo
# site pat input file: ../../boot/boot4.opf
# free parameters    : 16
# points in DE swarm : 48
# output state file  : b1boot4.state
# Including singleton site patterns.
# cost function      : KL
Initial parameter values
Fixed:
      zero = 0
       one = 1
    Tbecnw = 75200
Free:
       pc1 = 0
       pc2 = 0
       pc3 = 0
       pc4 = 0
       pc5 = 0
       pc6 = 0
       pc7 = 0
       pc8 = 0
       pc9 = 0
      pc10 = 0
      pc11 = 0
      pc12 = 0
      pc13 = 0
      pc14 = 0
      pc15 = 0
      pc16 = 0
Constrained:
     Tecnw = 59464.8
       Tnw = 47.2866
       Tec = 6065.92
     twoNb = 2.82566e+06
     twoNe = 83398.4
     twoNc = 292266
     twoNn = 292840
     twoNw = 1.09925e+06
    twoNec = 118930
    twoNnw = 147704
  twoNecnw = 13669.5
  twoNbecnw = 87493.5
        m2 = 0.047665
        m3 = 0.201031
        m5 = 0.328594
        m6 = 0.236285
        Tb = 32765.4
        Tc = 23.6433
        Te = 11.8216
        Tf = 5.91082
DiffEv reached_goal. cost=2.04648e-03 spread=2.62021e-06
Fitted parameter values
Free:
       pc1 = 2.0888
       pc2 = 1.71851
       pc3 = -1.87286
       pc4 = 2.11211
       pc5 = 1.60075
       pc6 = -0.863436
       pc7 = 1.9516
       pc8 = -1.27989
       pc9 = -1.10749
      pc10 = 0.236488
      pc11 = -0.295326
      pc12 = -0.0760037
      pc13 = 0.0423515
      pc14 = -0.00333483
      pc15 = -0.102001
      pc16 = 0.0426115
Constrained:
     Tecnw = 59408.6
       Tnw = 17.3293
       Tec = 2448.21
     twoNb = 6.3715e+06
     twoNe = 36586.6
     twoNc = 173556
     twoNn = 586252
     twoNw = 415457
    twoNec = 133078
    twoNnw = 149046
  twoNecnw = 13551.4
  twoNbecnw = 87299.9
        m2 = 0.0499071
        m3 = 0.208436
        m5 = 0.321156
        m6 = 0.228597
        Tb = 30928.4
        Tc = 8.66465
        Te = 4.33233
        Tf = 2.16616
#       SitePat  BranchLen
              b 147120.6992893
              e 57181.0840736
              c 59982.7744770
              n 53197.4430460
              w 55940.0344432
            b:e 2831.6315648
            b:c 3175.4825208
            b:n 2114.9743126
            b:w 2287.5783861
            e:c 12316.6701530
            e:n 6869.6014257
            e:w 6024.1326873
            c:n 6079.2723699
            c:w 5099.2272657
            n:w 14290.7156851
          b:e:c 2444.4216223
          b:e:n 1247.7631268
          b:e:w 1273.8655755
          b:c:n 1275.0363065
          b:c:w 1246.7278145
          b:n:w 2439.1019238
          e:c:n 5829.9148417
          e:c:w 4920.7217275
          e:n:w 7982.9286305
          c:n:w 6892.9715229
        b:e:c:n 2289.8700036
        b:e:c:w 2111.5875331
        b:e:n:w 3155.0849633
        b:c:n:w 2814.5997702
        e:c:n:w 61349.1467845
