########################################
# legofit: estimate population history #
#       version 2.3.4-4-g53f8760       #
########################################

# Program was compiled: Sep 21 2021 14:36:42
# Program was run: Thu Sep 23 14:02:04 2021

# cmd: legofit -1 -d 0 -t 32 --ptsPerDim 3 --stateOut b1boot28.state --tol 3e-6 -S 5000 bcef2.lgo ../../boot/boot28.opf
# Stage nOptItr nSimReps
#     0    5000        0
# algorithm          : deterministic
# ignoring probs <=  : 0
# Branch length floor: 0
# DE strategy        : 2
#    F               : 0.3
#    CR              : 0.8
#    tolerance       : 3e-06
# nthreads           : 32
# lgo input file     : bcef2.lgo
# site pat input file: ../../boot/boot28.opf
# free parameters    : 16
# points in DE swarm : 48
# output state file  : b1boot28.state
# Including singleton site patterns.
# cost function      : KL
Initial parameter values
Fixed:
      zero = 0
       one = 1
    Tbecnw = 75200
Free:
       pc1 = 0
       pc2 = 0
       pc3 = 0
       pc4 = 0
       pc5 = 0
       pc6 = 0
       pc7 = 0
       pc8 = 0
       pc9 = 0
      pc10 = 0
      pc11 = 0
      pc12 = 0
      pc13 = 0
      pc14 = 0
      pc15 = 0
      pc16 = 0
Constrained:
     Tecnw = 59464.8
       Tnw = 47.2866
       Tec = 6065.92
     twoNb = 2.82566e+06
     twoNe = 83398.4
     twoNc = 292266
     twoNn = 292840
     twoNw = 1.09925e+06
    twoNec = 118930
    twoNnw = 147704
  twoNecnw = 13669.5
  twoNbecnw = 87493.5
        m2 = 0.047665
        m3 = 0.201031
        m5 = 0.328594
        m6 = 0.236285
        Tb = 32765.4
        Tc = 23.6433
        Te = 11.8216
        Tf = 5.91082
DiffEv reached_goal. cost=2.02027e-03 spread=2.92710e-06
Fitted parameter values
Free:
       pc1 = 0.734466
       pc2 = 1.02143
       pc3 = -1.70302
       pc4 = 2.71088
       pc5 = 1.53573
       pc6 = 0.301981
       pc7 = 1.95237
       pc8 = -1.71053
       pc9 = -0.657719
      pc10 = 0.676242
      pc11 = -0.31964
      pc12 = 0.182285
      pc13 = 0.124908
      pc14 = 0.038401
      pc15 = 0.0787154
      pc16 = 0.00681424
Constrained:
     Tecnw = 59554.5
       Tnw = 3.95045
       Tec = 3776.2
     twoNb = 6.62791e+06
     twoNe = 50720
     twoNc = 281207
     twoNn = 258373
     twoNw = 126693
    twoNec = 126293
    twoNnw = 150013
  twoNecnw = 13519.8
  twoNbecnw = 87577
        m2 = 0.0529117
        m3 = 0.206985
        m5 = 0.326928
        m6 = 0.231689
        Tb = 31665.4
        Tc = 1.97522
        Te = 0.987611
        Tf = 0.493806
#       SitePat  BranchLen
              b 147190.6825096
              e 57297.2646454
              c 60226.3226674
              n 53325.3338141
              w 56075.1033366
            b:e 2865.4665860
            b:c 3228.7564044
            b:n 2141.6293800
            b:w 2318.7098177
            e:c 12326.2043853
            e:n 6947.0026579
            e:w 6091.0476519
            c:n 6101.6625487
            c:w 5141.5125553
            n:w 14328.5290081
          b:e:c 2474.7115534
          b:e:n 1264.0537783
          b:e:w 1289.4543563
          b:c:n 1290.6393403
          b:c:w 1263.0016609
          b:n:w 2469.3343969
          e:c:n 5882.0418302
          e:c:w 4956.2191055
          e:n:w 8070.6594962
          c:n:w 6932.8684754
        b:e:c:n 2321.0286907
        b:e:c:w 2138.3435561
        b:e:n:w 3208.5293566
        b:c:n:w 2848.7148762
        e:c:n:w 61181.0286136
