########################################
# legofit: estimate population history #
#       version 2.3.4-4-g53f8760       #
########################################

# Program was compiled: Sep 21 2021 14:36:42
# Program was run: Thu Sep 23 14:02:13 2021

# cmd: legofit -1 -d 0 -t 32 --ptsPerDim 3 --stateOut b1boot31.state --tol 3e-6 -S 5000 bcef2.lgo ../../boot/boot31.opf
# Stage nOptItr nSimReps
#     0    5000        0
# algorithm          : deterministic
# ignoring probs <=  : 0
# Branch length floor: 0
# DE strategy        : 2
#    F               : 0.3
#    CR              : 0.8
#    tolerance       : 3e-06
# nthreads           : 32
# lgo input file     : bcef2.lgo
# site pat input file: ../../boot/boot31.opf
# free parameters    : 16
# points in DE swarm : 48
# output state file  : b1boot31.state
# Including singleton site patterns.
# cost function      : KL
Initial parameter values
Fixed:
      zero = 0
       one = 1
    Tbecnw = 75200
Free:
       pc1 = 0
       pc2 = 0
       pc3 = 0
       pc4 = 0
       pc5 = 0
       pc6 = 0
       pc7 = 0
       pc8 = 0
       pc9 = 0
      pc10 = 0
      pc11 = 0
      pc12 = 0
      pc13 = 0
      pc14 = 0
      pc15 = 0
      pc16 = 0
Constrained:
     Tecnw = 59464.8
       Tnw = 47.2866
       Tec = 6065.92
     twoNb = 2.82566e+06
     twoNe = 83398.4
     twoNc = 292266
     twoNn = 292840
     twoNw = 1.09925e+06
    twoNec = 118930
    twoNnw = 147704
  twoNecnw = 13669.5
  twoNbecnw = 87493.5
        m2 = 0.047665
        m3 = 0.201031
        m5 = 0.328594
        m6 = 0.236285
        Tb = 32765.4
        Tc = 23.6433
        Te = 11.8216
        Tf = 5.91082
DiffEv reached_goal. cost=2.03217e-03 spread=2.51012e-06
Fitted parameter values
Free:
       pc1 = 1.03604
       pc2 = 1.4668
       pc3 = -1.57068
       pc4 = 2.0391
       pc5 = 1.70818
       pc6 = -0.622407
       pc7 = 1.86865
       pc8 = -0.507055
       pc9 = -0.495594
      pc10 = 0.809274
      pc11 = 0.106654
      pc12 = 0.087682
      pc13 = 0.137016
      pc14 = -0.0392488
      pc15 = 2.08014e-05
      pc16 = -0.0351393
Constrained:
     Tecnw = 59372
       Tnw = 15.9337
       Tec = 3503.85
     twoNb = 6.34266e+06
     twoNe = 55532.1
     twoNc = 274946
     twoNn = 508977
     twoNw = 914080
    twoNec = 128754
    twoNnw = 148848
  twoNecnw = 13714
  twoNbecnw = 87704.9
        m2 = 0.0498907
        m3 = 0.206489
        m5 = 0.325204
        m6 = 0.232841
        Tb = 31437.9
        Tc = 7.96685
        Te = 3.98342
        Tf = 1.99171
#       SitePat  BranchLen
              b 147332.8430703
              e 57317.5466048
              c 60087.9758320
              n 53276.2668283
              w 55919.5422949
            b:e 2862.7750386
            b:c 3207.5521632
            b:n 2144.6620734
            b:w 2318.5700593
            e:c 12313.5004571
            e:n 6875.5894173
            e:w 6095.8233908
            c:n 6123.1987348
            c:w 5165.7646006
            n:w 14364.0722061
          b:e:c 2476.8422935
          b:e:n 1264.6774714
          b:e:w 1293.5286576
          b:c:n 1294.6914138
          b:c:w 1263.6680983
          b:n:w 2471.5464538
          e:c:n 5877.5474814
          e:c:w 4979.2364237
          e:n:w 8051.6307826
          c:n:w 6960.1780799
        b:e:c:n 2320.8579118
        b:e:c:w 2141.3578072
        b:e:n:w 3187.4524424
        b:c:n:w 2845.9948829
        e:c:n:w 61368.6536573
