########################################
# legofit: estimate population history #
#       version 2.3.4-4-g53f8760       #
########################################

# Program was compiled: Sep 21 2021 14:36:42
# Program was run: Thu Sep 23 14:01:17 2021

# cmd: legofit -1 -d 0 -t 32 --ptsPerDim 3 --stateOut b1boot1.state --tol 3e-6 -S 5000 bcef2.lgo ../../boot/boot1.opf
# Stage nOptItr nSimReps
#     0    5000        0
# algorithm          : deterministic
# ignoring probs <=  : 0
# Branch length floor: 0
# DE strategy        : 2
#    F               : 0.3
#    CR              : 0.8
#    tolerance       : 3e-06
# nthreads           : 32
# lgo input file     : bcef2.lgo
# site pat input file: ../../boot/boot1.opf
# free parameters    : 16
# points in DE swarm : 48
# output state file  : b1boot1.state
# Including singleton site patterns.
# cost function      : KL
Initial parameter values
Fixed:
      zero = 0
       one = 1
    Tbecnw = 75200
Free:
       pc1 = 0
       pc2 = 0
       pc3 = 0
       pc4 = 0
       pc5 = 0
       pc6 = 0
       pc7 = 0
       pc8 = 0
       pc9 = 0
      pc10 = 0
      pc11 = 0
      pc12 = 0
      pc13 = 0
      pc14 = 0
      pc15 = 0
      pc16 = 0
Constrained:
     Tecnw = 59464.8
       Tnw = 47.2866
       Tec = 6065.92
     twoNb = 2.82566e+06
     twoNe = 83398.4
     twoNc = 292266
     twoNn = 292840
     twoNw = 1.09925e+06
    twoNec = 118930
    twoNnw = 147704
  twoNecnw = 13669.5
  twoNbecnw = 87493.5
        m2 = 0.047665
        m3 = 0.201031
        m5 = 0.328594
        m6 = 0.236285
        Tb = 32765.4
        Tc = 23.6433
        Te = 11.8216
        Tf = 5.91082
DiffEv reached_goal. cost=2.01506e-03 spread=2.92134e-06
Fitted parameter values
Free:
       pc1 = 2.53377
       pc2 = 2.36601
       pc3 = -1.67063
       pc4 = 2.33525
       pc5 = 1.95637
       pc6 = -0.833082
       pc7 = 1.91653
       pc8 = -0.697319
       pc9 = -1.81613
      pc10 = 0.979618
      pc11 = -0.345992
      pc12 = 0.075489
      pc13 = -0.0591865
      pc14 = 0.146838
      pc15 = 0.0779105
      pc16 = 0.0408023
Constrained:
     Tecnw = 59151.4
       Tnw = 4.05903
       Tec = 1594.18
     twoNb = 6.51745e+06
     twoNe = 22205.2
     twoNc = 239850
     twoNn = 637895
     twoNw = 938104
    twoNec = 136883
    twoNnw = 149899
  twoNecnw = 13818
  twoNbecnw = 87424.3
        m2 = 0.0522552
        m3 = 0.206791
        m5 = 0.319195
        m6 = 0.225376
        Tb = 30372.8
        Tc = 2.02951
        Te = 1.01476
        Tf = 0.507378
#       SitePat  BranchLen
              b 147067.0419044
              e 57214.7223644
              c 60092.7729341
              n 53214.2409714
              w 55982.5501825
            b:e 2876.0867962
            b:c 3231.7497879
            b:n 2135.3053968
            b:w 2301.3823451
            e:c 12376.5513356
            e:n 6919.6106794
            e:w 6028.8655274
            c:n 6079.6964619
            c:w 5104.2152677
            n:w 14333.3135062
          b:e:c 2463.9522933
          b:e:n 1261.0967384
          b:e:w 1284.1304216
          b:c:n 1285.3349650
          b:c:w 1260.0197014
          b:n:w 2458.4113507
          e:c:n 5849.4053223
          e:c:w 4955.4598713
          e:n:w 8084.1790057
          c:n:w 6967.0010264
        b:e:c:n 2303.7754152
        b:e:c:w 2131.8426336
        b:e:n:w 3210.4061763
        b:c:n:w 2858.3075648
        e:c:n:w 61168.7589100
