########################################
# legofit: estimate population history #
#       version 2.3.4-4-g53f8760       #
########################################

# Program was compiled: Sep 21 2021 14:36:42
# Program was run: Thu Sep 23 14:02:31 2021

# cmd: legofit -1 -d 0 -t 32 --ptsPerDim 3 --stateOut b1boot45.state --tol 3e-6 -S 5000 bcef2.lgo ../../boot/boot45.opf
# Stage nOptItr nSimReps
#     0    5000        0
# algorithm          : deterministic
# ignoring probs <=  : 0
# Branch length floor: 0
# DE strategy        : 2
#    F               : 0.3
#    CR              : 0.8
#    tolerance       : 3e-06
# nthreads           : 32
# lgo input file     : bcef2.lgo
# site pat input file: ../../boot/boot45.opf
# free parameters    : 16
# points in DE swarm : 48
# output state file  : b1boot45.state
# Including singleton site patterns.
# cost function      : KL
Initial parameter values
Fixed:
      zero = 0
       one = 1
    Tbecnw = 75200
Free:
       pc1 = 0
       pc2 = 0
       pc3 = 0
       pc4 = 0
       pc5 = 0
       pc6 = 0
       pc7 = 0
       pc8 = 0
       pc9 = 0
      pc10 = 0
      pc11 = 0
      pc12 = 0
      pc13 = 0
      pc14 = 0
      pc15 = 0
      pc16 = 0
Constrained:
     Tecnw = 59464.8
       Tnw = 47.2866
       Tec = 6065.92
     twoNb = 2.82566e+06
     twoNe = 83398.4
     twoNc = 292266
     twoNn = 292840
     twoNw = 1.09925e+06
    twoNec = 118930
    twoNnw = 147704
  twoNecnw = 13669.5
  twoNbecnw = 87493.5
        m2 = 0.047665
        m3 = 0.201031
        m5 = 0.328594
        m6 = 0.236285
        Tb = 32765.4
        Tc = 23.6433
        Te = 11.8216
        Tf = 5.91082
DiffEv reached_goal. cost=2.06979e-03 spread=2.97203e-06
Fitted parameter values
Free:
       pc1 = 0.481222
       pc2 = 0.642534
       pc3 = -1.78676
       pc4 = 2.49894
       pc5 = 1.79281
       pc6 = 0.594935
       pc7 = 1.95718
       pc8 = -1.35897
       pc9 = -0.358827
      pc10 = 0.496168
      pc11 = -0.0343342
      pc12 = -0.00102054
      pc13 = -0.0762672
      pc14 = 0.137569
      pc15 = -0.110026
      pc16 = 0.0434932
Constrained:
     Tecnw = 59561.9
       Tnw = 1.68148
       Tec = 4214.79
     twoNb = 6.63453e+06
     twoNe = 59060.9
     twoNc = 365568
     twoNn = 196908
     twoNw = 318553
    twoNec = 124296
    twoNnw = 148614
  twoNecnw = 13389.8
  twoNbecnw = 87616.4
        m2 = 0.0523597
        m3 = 0.206671
        m5 = 0.325468
        m6 = 0.233792
        Tb = 31888.3
        Tc = 0.84074
        Te = 0.42037
        Tf = 0.210185
#       SitePat  BranchLen
              b 147401.6780638
              e 57219.5006857
              c 60043.5594246
              n 53165.1130750
              w 55871.6044720
            b:e 2842.1234897
            b:c 3190.3319442
            b:n 2115.3742252
            b:w 2290.0425060
            e:c 12286.1230320
            e:n 6883.4658166
            e:w 6046.4609537
            c:n 6071.5973273
            c:w 5128.8174998
            n:w 14333.1599116
          b:e:c 2454.9369203
          b:e:n 1246.8941938
          b:e:w 1271.5812121
          b:c:n 1272.7401289
          b:c:w 1245.8594544
          b:n:w 2449.6458540
          e:c:n 5836.7959322
          e:c:w 4917.7851251
          e:n:w 8015.3819478
          c:n:w 6917.4213880
        b:e:c:n 2292.2971494
        b:e:c:w 2112.1266255
        b:e:n:w 3170.5050020
        b:c:n:w 2825.5861341
        e:c:n:w 61585.7448176
