########################################
# legofit: estimate population history #
#       version 2.3.4-4-g53f8760       #
########################################

# Program was compiled: Sep 21 2021 14:36:42
# Program was run: Thu Sep 23 14:02:40 2021

# cmd: legofit -1 -d 0 -t 32 --ptsPerDim 3 --stateOut b1boot49.state --tol 3e-6 -S 5000 bcef2.lgo ../../boot/boot49.opf
# Stage nOptItr nSimReps
#     0    5000        0
# algorithm          : deterministic
# ignoring probs <=  : 0
# Branch length floor: 0
# DE strategy        : 2
#    F               : 0.3
#    CR              : 0.8
#    tolerance       : 3e-06
# nthreads           : 32
# lgo input file     : bcef2.lgo
# site pat input file: ../../boot/boot49.opf
# free parameters    : 16
# points in DE swarm : 48
# output state file  : b1boot49.state
# Including singleton site patterns.
# cost function      : KL
Initial parameter values
Fixed:
      zero = 0
       one = 1
    Tbecnw = 75200
Free:
       pc1 = 0
       pc2 = 0
       pc3 = 0
       pc4 = 0
       pc5 = 0
       pc6 = 0
       pc7 = 0
       pc8 = 0
       pc9 = 0
      pc10 = 0
      pc11 = 0
      pc12 = 0
      pc13 = 0
      pc14 = 0
      pc15 = 0
      pc16 = 0
Constrained:
     Tecnw = 59464.8
       Tnw = 47.2866
       Tec = 6065.92
     twoNb = 2.82566e+06
     twoNe = 83398.4
     twoNc = 292266
     twoNn = 292840
     twoNw = 1.09925e+06
    twoNec = 118930
    twoNnw = 147704
  twoNecnw = 13669.5
  twoNbecnw = 87493.5
        m2 = 0.047665
        m3 = 0.201031
        m5 = 0.328594
        m6 = 0.236285
        Tb = 32765.4
        Tc = 23.6433
        Te = 11.8216
        Tf = 5.91082
DiffEv reached_goal. cost=2.05335e-03 spread=1.61334e-06
Fitted parameter values
Free:
       pc1 = 1.18361
       pc2 = 1.73324
       pc3 = -1.75788
       pc4 = 2.55531
       pc5 = 1.82427
       pc6 = -0.201737
       pc7 = 1.965
       pc8 = -1.55116
       pc9 = -0.156878
      pc10 = 0.871486
      pc11 = -0.129644
      pc12 = -0.0320413
      pc13 = 0.0467971
      pc14 = -0.117942
      pc15 = -0.018396
      pc16 = 0.0234083
Constrained:
     Tecnw = 59440.2
       Tnw = 11.362
       Tec = 3209.37
     twoNb = 6.88822e+06
     twoNe = 48816.1
     twoNc = 318387
     twoNn = 399316
     twoNw = 188049
    twoNec = 130513
    twoNnw = 150005
  twoNecnw = 13633.7
  twoNbecnw = 87694.8
        m2 = 0.0490443
        m3 = 0.204453
        m5 = 0.324739
        m6 = 0.232536
        Tb = 31324.8
        Tc = 5.68099
        Te = 2.84049
        Tf = 1.42025
#       SitePat  BranchLen
              b 147363.7629337
              e 57354.7197463
              c 60129.1443054
              n 53347.8749461
              w 55994.3715337
            b:e 2852.7200672
            b:c 3195.2999397
            b:n 2140.5308603
            b:w 2314.7574707
            e:c 12302.8848221
            e:n 6873.2013810
            e:w 6072.7524790
            c:n 6098.8496673
            c:w 5153.4188417
            n:w 14332.7521539
          b:e:c 2470.5338840
          b:e:n 1263.6577560
          b:e:w 1290.4512843
          b:c:n 1291.4921376
          b:c:w 1262.7466777
          b:n:w 2465.7381412
          e:c:n 5863.4527846
          e:c:w 4969.8173452
          e:n:w 8020.6618239
          c:n:w 6936.7741632
        b:e:c:n 2316.8268486
        b:e:c:w 2137.5707495
        b:e:n:w 3176.9995028
        b:c:n:w 2837.4383078
        e:c:n:w 61414.2760867
