########################################
# legofit: estimate population history #
#       version 2.3.4-4-g53f8760       #
########################################

# Program was compiled: Sep 21 2021 14:36:42
# Program was run: Thu Sep 23 14:02:31 2021

# cmd: legofit -1 -d 0 -t 32 --ptsPerDim 3 --stateOut b1boot43.state --tol 3e-6 -S 5000 bcef2.lgo ../../boot/boot43.opf
# Stage nOptItr nSimReps
#     0    5000        0
# algorithm          : deterministic
# ignoring probs <=  : 0
# Branch length floor: 0
# DE strategy        : 2
#    F               : 0.3
#    CR              : 0.8
#    tolerance       : 3e-06
# nthreads           : 32
# lgo input file     : bcef2.lgo
# site pat input file: ../../boot/boot43.opf
# free parameters    : 16
# points in DE swarm : 48
# output state file  : b1boot43.state
# Including singleton site patterns.
# cost function      : KL
Initial parameter values
Fixed:
      zero = 0
       one = 1
    Tbecnw = 75200
Free:
       pc1 = 0
       pc2 = 0
       pc3 = 0
       pc4 = 0
       pc5 = 0
       pc6 = 0
       pc7 = 0
       pc8 = 0
       pc9 = 0
      pc10 = 0
      pc11 = 0
      pc12 = 0
      pc13 = 0
      pc14 = 0
      pc15 = 0
      pc16 = 0
Constrained:
     Tecnw = 59464.8
       Tnw = 47.2866
       Tec = 6065.92
     twoNb = 2.82566e+06
     twoNe = 83398.4
     twoNc = 292266
     twoNn = 292840
     twoNw = 1.09925e+06
    twoNec = 118930
    twoNnw = 147704
  twoNecnw = 13669.5
  twoNbecnw = 87493.5
        m2 = 0.047665
        m3 = 0.201031
        m5 = 0.328594
        m6 = 0.236285
        Tb = 32765.4
        Tc = 23.6433
        Te = 11.8216
        Tf = 5.91082
DiffEv reached_goal. cost=2.05913e-03 spread=2.78295e-06
Fitted parameter values
Free:
       pc1 = 2.19134
       pc2 = 2.64824
       pc3 = -1.25349
       pc4 = 2.29567
       pc5 = 1.91197
       pc6 = -1.07127
       pc7 = 1.81161
       pc8 = -0.89358
       pc9 = -0.52231
      pc10 = 0.523179
      pc11 = -0.336102
      pc12 = 0.15579
      pc13 = -0.00830798
      pc14 = -0.0385691
      pc15 = 0.0576717
      pc16 = 0.0469658
Constrained:
     Tecnw = 59218.3
       Tnw = 2.14761
       Tec = 2391.81
     twoNb = 6.58809e+06
     twoNe = 34427.9
     twoNc = 270309
     twoNn = 647170
     twoNw = 682578
    twoNec = 135621
    twoNnw = 149996
  twoNecnw = 13882.4
  twoNbecnw = 87391
        m2 = 0.0463164
        m3 = 0.201612
        m5 = 0.324121
        m6 = 0.227711
        Tb = 30805.1
        Tc = 1.0738
        Te = 0.536902
        Tf = 0.268451
#       SitePat  BranchLen
              b 147098.4792377
              e 57237.8841472
              c 60133.3021460
              n 53269.7800735
              w 55917.6962330
            b:e 2833.0228314
            b:c 3186.6589239
            b:n 2135.6228974
            b:w 2311.5554189
            e:c 12301.3977648
            e:n 6885.3868137
            e:w 6073.5689954
            c:n 6064.4760199
            c:w 5121.4980191
            n:w 14360.9764948
          b:e:c 2468.4178684
          b:e:n 1263.8994404
          b:e:w 1290.2966408
          b:c:n 1291.3157291
          b:c:w 1263.0102231
          b:n:w 2463.6621789
          e:c:n 5856.8841426
          e:c:w 4970.6380699
          e:n:w 8030.1506994
          c:n:w 6904.4272440
        b:e:c:n 2313.6160150
        b:e:c:w 2132.7175315
        b:e:n:w 3168.1619486
        b:c:n:w 2817.6832119
        e:c:n:w 61212.0771878
