########################################
# legofit: estimate population history #
#       version 2.3.4-4-g53f8760       #
########################################

# Program was compiled: Sep 21 2021 14:36:42
# Program was run: Thu Sep 23 14:02:22 2021

# cmd: legofit -1 -d 0 -t 32 --ptsPerDim 3 --stateOut b1boot36.state --tol 3e-6 -S 5000 bcef2.lgo ../../boot/boot36.opf
# Stage nOptItr nSimReps
#     0    5000        0
# algorithm          : deterministic
# ignoring probs <=  : 0
# Branch length floor: 0
# DE strategy        : 2
#    F               : 0.3
#    CR              : 0.8
#    tolerance       : 3e-06
# nthreads           : 32
# lgo input file     : bcef2.lgo
# site pat input file: ../../boot/boot36.opf
# free parameters    : 16
# points in DE swarm : 48
# output state file  : b1boot36.state
# Including singleton site patterns.
# cost function      : KL
Initial parameter values
Fixed:
      zero = 0
       one = 1
    Tbecnw = 75200
Free:
       pc1 = 0
       pc2 = 0
       pc3 = 0
       pc4 = 0
       pc5 = 0
       pc6 = 0
       pc7 = 0
       pc8 = 0
       pc9 = 0
      pc10 = 0
      pc11 = 0
      pc12 = 0
      pc13 = 0
      pc14 = 0
      pc15 = 0
      pc16 = 0
Constrained:
     Tecnw = 59464.8
       Tnw = 47.2866
       Tec = 6065.92
     twoNb = 2.82566e+06
     twoNe = 83398.4
     twoNc = 292266
     twoNn = 292840
     twoNw = 1.09925e+06
    twoNec = 118930
    twoNnw = 147704
  twoNecnw = 13669.5
  twoNbecnw = 87493.5
        m2 = 0.047665
        m3 = 0.201031
        m5 = 0.328594
        m6 = 0.236285
        Tb = 32765.4
        Tc = 23.6433
        Te = 11.8216
        Tf = 5.91082
DiffEv reached_goal. cost=2.05856e-03 spread=2.42842e-06
Fitted parameter values
Free:
       pc1 = 0.899287
       pc2 = 1.85745
       pc3 = -1.58536
       pc4 = 2.49765
       pc5 = 1.75604
       pc6 = 0.274682
       pc7 = 1.94309
       pc8 = -1.7693
       pc9 = -0.319486
      pc10 = 0.86479
      pc11 = -0.363241
      pc12 = -0.0113984
      pc13 = 0.015301
      pc14 = -0.031069
      pc15 = -0.00520558
      pc16 = 0.0119984
Constrained:
     Tecnw = 59510.3
       Tnw = 15.5832
       Tec = 3235.04
     twoNb = 6.76625e+06
     twoNe = 42860
     twoNc = 346021
     twoNn = 283819
     twoNw = 206250
    twoNec = 129372
    twoNnw = 150753
  twoNecnw = 13573.9
  twoNbecnw = 87659.8
        m2 = 0.0496672
        m3 = 0.202189
        m5 = 0.325951
        m6 = 0.232507
        Tb = 31372.7
        Tc = 7.79162
        Te = 3.89581
        Tf = 1.94791
#       SitePat  BranchLen
              b 147323.0916525
              e 57299.1784131
              c 60170.1955809
              n 53345.1495186
              w 56052.2465087
            b:e 2849.8198348
            b:c 3201.5271482
            b:n 2138.6262249
            b:w 2317.1713998
            e:c 12335.4192292
            e:n 6923.5372249
            e:w 6065.2144653
            c:n 6075.6536022
            c:w 5145.4307390
            n:w 14336.5441786
          b:e:c 2473.9978448
          b:e:n 1264.7463078
          b:e:w 1287.5956527
          b:c:n 1288.6583035
          b:c:w 1263.7960830
          b:n:w 2469.0426414
          e:c:n 5871.9188332
          e:c:w 4960.4733546
          e:n:w 8026.1554127
          c:n:w 6919.5215291
        b:e:c:n 2319.3022664
        b:e:c:w 2135.6640783
        b:e:n:w 3182.7025491
        b:c:n:w 2834.1668745
        e:c:n:w 61354.1833947
