########################################
# legofit: estimate population history #
#       version 2.3.4-4-g53f8760       #
########################################

# Program was compiled: Sep 21 2021 14:36:42
# Program was run: Thu Sep 23 14:01:26 2021

# cmd: legofit -1 -d 0 -t 32 --ptsPerDim 3 --stateOut b1boot3.state --tol 3e-6 -S 5000 bcef2.lgo ../../boot/boot3.opf
# Stage nOptItr nSimReps
#     0    5000        0
# algorithm          : deterministic
# ignoring probs <=  : 0
# Branch length floor: 0
# DE strategy        : 2
#    F               : 0.3
#    CR              : 0.8
#    tolerance       : 3e-06
# nthreads           : 32
# lgo input file     : bcef2.lgo
# site pat input file: ../../boot/boot3.opf
# free parameters    : 16
# points in DE swarm : 48
# output state file  : b1boot3.state
# Including singleton site patterns.
# cost function      : KL
Initial parameter values
Fixed:
      zero = 0
       one = 1
    Tbecnw = 75200
Free:
       pc1 = 0
       pc2 = 0
       pc3 = 0
       pc4 = 0
       pc5 = 0
       pc6 = 0
       pc7 = 0
       pc8 = 0
       pc9 = 0
      pc10 = 0
      pc11 = 0
      pc12 = 0
      pc13 = 0
      pc14 = 0
      pc15 = 0
      pc16 = 0
Constrained:
     Tecnw = 59464.8
       Tnw = 47.2866
       Tec = 6065.92
     twoNb = 2.82566e+06
     twoNe = 83398.4
     twoNc = 292266
     twoNn = 292840
     twoNw = 1.09925e+06
    twoNec = 118930
    twoNnw = 147704
  twoNecnw = 13669.5
  twoNbecnw = 87493.5
        m2 = 0.047665
        m3 = 0.201031
        m5 = 0.328594
        m6 = 0.236285
        Tb = 32765.4
        Tc = 23.6433
        Te = 11.8216
        Tf = 5.91082
DiffEv reached_goal. cost=2.04487e-03 spread=2.54833e-06
Fitted parameter values
Free:
       pc1 = 0.0944933
       pc2 = 2.8354
       pc3 = -1.27716
       pc4 = 2.07902
       pc5 = 1.87942
       pc6 = -0.0136375
       pc7 = 1.73809
       pc8 = -0.852874
       pc9 = 0.0925848
      pc10 = 1.4524
      pc11 = -0.030946
      pc12 = 0.298833
      pc13 = -0.151334
      pc14 = -0.0104756
      pc15 = -0.00771239
      pc16 = -0.115004
Constrained:
     Tecnw = 59423.1
       Tnw = 20.3417
       Tec = 3102.13
     twoNb = 6.61885e+06
     twoNe = 45863.1
     twoNc = 425567
     twoNn = 375433
     twoNw = 1.00968e+06
    twoNec = 129001
    twoNnw = 151231
  twoNecnw = 13726.1
  twoNbecnw = 88114
        m2 = 0.0472921
        m3 = 0.193117
        m5 = 0.331125
        m6 = 0.23542
        Tb = 31262.6
        Tc = 10.1709
        Te = 5.08543
        Tf = 2.54272
#       SitePat  BranchLen
              b 147694.2274628
              e 57307.7087003
              c 60153.5161461
              n 53389.4294911
              w 55926.9056401
            b:e 2855.8586963
            b:c 3209.6249557
            b:n 2154.9744887
            b:w 2328.4952333
            e:c 12409.6679496
            e:n 6861.9582125
            e:w 6111.0669305
            c:n 6078.1555478
            c:w 5166.7236026
            n:w 14431.4919468
          b:e:c 2499.6289883
          b:e:n 1270.1903492
          b:e:w 1297.9525195
          b:c:n 1298.9581818
          b:c:w 1269.3307320
          b:n:w 2494.7821534
          e:c:n 5873.0856292
          e:c:w 5004.5859941
          e:n:w 8071.3020787
          c:n:w 6950.3434014
        b:e:c:n 2330.5518221
        b:e:c:w 2152.2430702
        b:e:n:w 3191.1927183
        b:c:n:w 2840.5776379
        e:c:n:w 61651.5953507
