########################################
# legofit: estimate population history #
#       version 2.3.4-4-g53f8760       #
########################################

# Program was compiled: Sep 21 2021 14:36:42
# Program was run: Thu Sep 23 14:02:31 2021

# cmd: legofit -1 -d 0 -t 32 --ptsPerDim 3 --stateOut b1boot44.state --tol 3e-6 -S 5000 bcef2.lgo ../../boot/boot44.opf
# Stage nOptItr nSimReps
#     0    5000        0
# algorithm          : deterministic
# ignoring probs <=  : 0
# Branch length floor: 0
# DE strategy        : 2
#    F               : 0.3
#    CR              : 0.8
#    tolerance       : 3e-06
# nthreads           : 32
# lgo input file     : bcef2.lgo
# site pat input file: ../../boot/boot44.opf
# free parameters    : 16
# points in DE swarm : 48
# output state file  : b1boot44.state
# Including singleton site patterns.
# cost function      : KL
Initial parameter values
Fixed:
      zero = 0
       one = 1
    Tbecnw = 75200
Free:
       pc1 = 0
       pc2 = 0
       pc3 = 0
       pc4 = 0
       pc5 = 0
       pc6 = 0
       pc7 = 0
       pc8 = 0
       pc9 = 0
      pc10 = 0
      pc11 = 0
      pc12 = 0
      pc13 = 0
      pc14 = 0
      pc15 = 0
      pc16 = 0
Constrained:
     Tecnw = 59464.8
       Tnw = 47.2866
       Tec = 6065.92
     twoNb = 2.82566e+06
     twoNe = 83398.4
     twoNc = 292266
     twoNn = 292840
     twoNw = 1.09925e+06
    twoNec = 118930
    twoNnw = 147704
  twoNecnw = 13669.5
  twoNbecnw = 87493.5
        m2 = 0.047665
        m3 = 0.201031
        m5 = 0.328594
        m6 = 0.236285
        Tb = 32765.4
        Tc = 23.6433
        Te = 11.8216
        Tf = 5.91082
DiffEv reached_goal. cost=2.02567e-03 spread=2.78600e-06
Fitted parameter values
Free:
       pc1 = 2.63831
       pc2 = -0.0333612
       pc3 = -1.83448
       pc4 = 2.25486
       pc5 = 1.8983
       pc6 = 0.936955
       pc7 = 1.85933
       pc8 = -1.29264
       pc9 = -0.743643
      pc10 = 0.931984
      pc11 = -0.4405
      pc12 = 0.0437455
      pc13 = 0.000742191
      pc14 = 0.201689
      pc15 = 0.00427976
      pc16 = 0.00560531
Constrained:
     Tecnw = 59233.9
       Tnw = 17.7144
       Tec = 3385.56
     twoNb = 6.27065e+06
     twoNe = 49656.2
     twoNc = 405331
     twoNn = 149924
     twoNw = 19183.1
    twoNec = 130026
    twoNnw = 147345
  twoNecnw = 13710.3
  twoNbecnw = 87440.7
        m2 = 0.0531547
        m3 = 0.218363
        m5 = 0.315419
        m6 = 0.222601
        Tb = 31309.7
        Tc = 8.85719
        Te = 4.42859
        Tf = 2.2143
#       SitePat  BranchLen
              b 147114.2966070
              e 57192.5553693
              c 60051.1693129
              n 53151.8385464
              w 56008.8781019
            b:e 2863.9045263
            b:c 3217.2645685
            b:n 2130.9213636
            b:w 2310.2621342
            e:c 12329.6636720
            e:n 6917.6241531
            e:w 6036.9162684
            c:n 6107.6956005
            c:w 5096.6738554
            n:w 14326.3135509
          b:e:c 2463.0714234
          b:e:n 1255.2389506
          b:e:w 1281.8831446
          b:c:n 1283.2022743
          b:c:w 1254.0582508
          b:n:w 2457.2893613
          e:c:n 5898.7534688
          e:c:w 4942.3012089
          e:n:w 8046.7085565
          c:n:w 6934.5005080
        b:e:c:n 2312.7874727
        b:e:c:w 2127.0888658
        b:e:n:w 3195.3566754
        b:c:n:w 2845.6232737
        e:c:n:w 61248.3951364
