########################################
# legofit: estimate population history #
#       version 2.3.4-4-g53f8760       #
########################################

# Program was compiled: Sep 21 2021 14:36:42
# Program was run: Thu Sep 23 14:02:13 2021

# cmd: legofit -1 -d 0 -t 32 --ptsPerDim 3 --stateOut b1boot33.state --tol 3e-6 -S 5000 bcef2.lgo ../../boot/boot33.opf
# Stage nOptItr nSimReps
#     0    5000        0
# algorithm          : deterministic
# ignoring probs <=  : 0
# Branch length floor: 0
# DE strategy        : 2
#    F               : 0.3
#    CR              : 0.8
#    tolerance       : 3e-06
# nthreads           : 32
# lgo input file     : bcef2.lgo
# site pat input file: ../../boot/boot33.opf
# free parameters    : 16
# points in DE swarm : 48
# output state file  : b1boot33.state
# Including singleton site patterns.
# cost function      : KL
Initial parameter values
Fixed:
      zero = 0
       one = 1
    Tbecnw = 75200
Free:
       pc1 = 0
       pc2 = 0
       pc3 = 0
       pc4 = 0
       pc5 = 0
       pc6 = 0
       pc7 = 0
       pc8 = 0
       pc9 = 0
      pc10 = 0
      pc11 = 0
      pc12 = 0
      pc13 = 0
      pc14 = 0
      pc15 = 0
      pc16 = 0
Constrained:
     Tecnw = 59464.8
       Tnw = 47.2866
       Tec = 6065.92
     twoNb = 2.82566e+06
     twoNe = 83398.4
     twoNc = 292266
     twoNn = 292840
     twoNw = 1.09925e+06
    twoNec = 118930
    twoNnw = 147704
  twoNecnw = 13669.5
  twoNbecnw = 87493.5
        m2 = 0.047665
        m3 = 0.201031
        m5 = 0.328594
        m6 = 0.236285
        Tb = 32765.4
        Tc = 23.6433
        Te = 11.8216
        Tf = 5.91082
DiffEv reached_goal. cost=2.02024e-03 spread=2.67719e-06
Fitted parameter values
Free:
       pc1 = 0.124142
       pc2 = 1.69661
       pc3 = -1.71113
       pc4 = 1.85703
       pc5 = 1.5139
       pc6 = 0.487991
       pc7 = 1.98793
       pc8 = -1.15195
       pc9 = -0.777381
      pc10 = 0.411313
      pc11 = 0.0265262
      pc12 = 0.112671
      pc13 = -0.0800227
      pc14 = -0.0318371
      pc15 = -0.103992
      pc16 = -0.0130556
Constrained:
     Tecnw = 59679.9
       Tnw = 21.3846
       Tec = 3182.51
     twoNb = 6.24336e+06
     twoNe = 48414.3
     twoNc = 293966
     twoNn = 243050
     twoNw = 859804
    twoNec = 127530
    twoNnw = 149554
  twoNecnw = 13312.6
  twoNbecnw = 87664.4
        m2 = 0.0511985
        m3 = 0.20137
        m5 = 0.329019
        m6 = 0.236046
        Tb = 31431.2
        Tc = 10.6923
        Te = 5.34615
        Tf = 2.67307
#       SitePat  BranchLen
              b 147447.6005729
              e 57248.2107634
              c 60044.2360500
              n 53255.8031632
              w 55872.4212586
            b:e 2842.5113409
            b:c 3190.5403913
            b:n 2118.5696661
            b:w 2284.5060451
            e:c 12336.0824450
            e:n 6846.3143033
            e:w 6064.4266223
            c:n 6079.5048792
            c:w 5132.3011788
            n:w 14336.4885998
          b:e:c 2455.7476130
          b:e:n 1246.8079423
          b:e:w 1274.5405447
          b:c:n 1275.7325909
          b:c:w 1245.7727398
          b:n:w 2450.2167764
          e:c:n 5802.5334728
          e:c:w 4922.8987214
          e:n:w 8018.9607725
          c:n:w 6918.2266360
        b:e:c:n 2286.8444099
        b:e:c:w 2115.2433171
        b:e:n:w 3169.6612327
        b:c:n:w 2825.1190561
        e:c:n:w 61598.6307379
