########################################
# legofit: estimate population history #
#       version 2.3.4-4-g53f8760       #
########################################

# Program was compiled: Sep 21 2021 14:36:42
# Program was run: Thu Sep 23 14:01:35 2021

# cmd: legofit -1 -d 0 -t 32 --ptsPerDim 3 --stateOut b1boot7.state --tol 3e-6 -S 5000 bcef2.lgo ../../boot/boot7.opf
# Stage nOptItr nSimReps
#     0    5000        0
# algorithm          : deterministic
# ignoring probs <=  : 0
# Branch length floor: 0
# DE strategy        : 2
#    F               : 0.3
#    CR              : 0.8
#    tolerance       : 3e-06
# nthreads           : 32
# lgo input file     : bcef2.lgo
# site pat input file: ../../boot/boot7.opf
# free parameters    : 16
# points in DE swarm : 48
# output state file  : b1boot7.state
# Including singleton site patterns.
# cost function      : KL
Initial parameter values
Fixed:
      zero = 0
       one = 1
    Tbecnw = 75200
Free:
       pc1 = 0
       pc2 = 0
       pc3 = 0
       pc4 = 0
       pc5 = 0
       pc6 = 0
       pc7 = 0
       pc8 = 0
       pc9 = 0
      pc10 = 0
      pc11 = 0
      pc12 = 0
      pc13 = 0
      pc14 = 0
      pc15 = 0
      pc16 = 0
Constrained:
     Tecnw = 59464.8
       Tnw = 47.2866
       Tec = 6065.92
     twoNb = 2.82566e+06
     twoNe = 83398.4
     twoNc = 292266
     twoNn = 292840
     twoNw = 1.09925e+06
    twoNec = 118930
    twoNnw = 147704
  twoNecnw = 13669.5
  twoNbecnw = 87493.5
        m2 = 0.047665
        m3 = 0.201031
        m5 = 0.328594
        m6 = 0.236285
        Tb = 32765.4
        Tc = 23.6433
        Te = 11.8216
        Tf = 5.91082
DiffEv reached_goal. cost=2.03493e-03 spread=2.97760e-06
Fitted parameter values
Free:
       pc1 = 0.596093
       pc2 = 0.486653
       pc3 = -1.87608
       pc4 = 1.66971
       pc5 = 1.89804
       pc6 = 1.03933
       pc7 = 1.81169
       pc8 = 0.518009
       pc9 = -0.76612
      pc10 = 1.24491
      pc11 = -0.241245
      pc12 = -0.271102
      pc13 = -0.0348364
      pc14 = 0.0708936
      pc15 = -0.172432
      pc16 = 0.0252678
Constrained:
     Tecnw = 59443
       Tnw = 9.77708
       Tec = 4385.52
     twoNb = 5.97681e+06
     twoNe = 63696.4
     twoNc = 446263
     twoNn = 157054
     twoNw = 1.64198e+06
    twoNec = 125071
    twoNnw = 148150
  twoNecnw = 13480.2
  twoNbecnw = 87958.7
        m2 = 0.0529393
        m3 = 0.212609
        m5 = 0.318398
        m6 = 0.230703
        Tb = 31914.3
        Tc = 4.88854
        Te = 2.44427
        Tf = 1.22214
#       SitePat  BranchLen
              b 147644.6721975
              e 57328.5137756
              c 60052.3197148
              n 53210.2562968
              w 55987.4075689
            b:e 2868.2120092
            b:c 3204.4323901
            b:n 2129.1709830
            b:w 2308.0642404
            e:c 12299.6975496
            e:n 6884.6596945
            e:w 6015.0569684
            c:n 6091.7398733
            c:w 5135.7066613
            n:w 14341.3692115
          b:e:c 2467.9670940
          b:e:n 1254.6629335
          b:e:w 1277.6352364
          b:c:n 1278.9622932
          b:c:w 1253.4606134
          b:n:w 2461.9888985
          e:c:n 5882.4451537
          e:c:w 4939.8337856
          e:n:w 8014.5863591
          c:n:w 6959.3779222
        b:e:c:n 2310.6382000
        b:e:c:w 2125.3703533
        b:e:n:w 3182.0937851
        b:c:n:w 2849.4212936
        e:c:n:w 61765.3796233
