########################################
# legofit: estimate population history #
#       version 2.3.4-4-g53f8760       #
########################################

# Program was compiled: Sep 21 2021 14:36:42
# Program was run: Thu Sep 23 14:01:35 2021

# cmd: legofit -1 -d 0 -t 32 --ptsPerDim 3 --stateOut b1boot9.state --tol 3e-6 -S 5000 bcef2.lgo ../../boot/boot9.opf
# Stage nOptItr nSimReps
#     0    5000        0
# algorithm          : deterministic
# ignoring probs <=  : 0
# Branch length floor: 0
# DE strategy        : 2
#    F               : 0.3
#    CR              : 0.8
#    tolerance       : 3e-06
# nthreads           : 32
# lgo input file     : bcef2.lgo
# site pat input file: ../../boot/boot9.opf
# free parameters    : 16
# points in DE swarm : 48
# output state file  : b1boot9.state
# Including singleton site patterns.
# cost function      : KL
Initial parameter values
Fixed:
      zero = 0
       one = 1
    Tbecnw = 75200
Free:
       pc1 = 0
       pc2 = 0
       pc3 = 0
       pc4 = 0
       pc5 = 0
       pc6 = 0
       pc7 = 0
       pc8 = 0
       pc9 = 0
      pc10 = 0
      pc11 = 0
      pc12 = 0
      pc13 = 0
      pc14 = 0
      pc15 = 0
      pc16 = 0
Constrained:
     Tecnw = 59464.8
       Tnw = 47.2866
       Tec = 6065.92
     twoNb = 2.82566e+06
     twoNe = 83398.4
     twoNc = 292266
     twoNn = 292840
     twoNw = 1.09925e+06
    twoNec = 118930
    twoNnw = 147704
  twoNecnw = 13669.5
  twoNbecnw = 87493.5
        m2 = 0.047665
        m3 = 0.201031
        m5 = 0.328594
        m6 = 0.236285
        Tb = 32765.4
        Tc = 23.6433
        Te = 11.8216
        Tf = 5.91082
DiffEv reached_goal. cost=2.04740e-03 spread=2.94580e-06
Fitted parameter values
Free:
       pc1 = 1.3753
       pc2 = 2.02786
       pc3 = -1.85636
       pc4 = 1.69062
       pc5 = 1.85697
       pc6 = 1.25036
       pc7 = 1.48411
       pc8 = -1.19787
       pc9 = -0.669925
      pc10 = 0.469976
      pc11 = -0.23496
      pc12 = -0.101503
      pc13 = -0.104655
      pc14 = 0.0762382
      pc15 = 0.0187486
      pc16 = -0.0401433
Constrained:
     Tecnw = 59662.8
       Tnw = 3.2519
       Tec = 2284.71
     twoNb = 5.96882e+06
     twoNe = 32395.6
     twoNc = 468366
     twoNn = 144988
     twoNw = 672955
    twoNec = 133474
    twoNnw = 149214
  twoNecnw = 13451.9
  twoNbecnw = 87619.5
        m2 = 0.0489231
        m3 = 0.20425
        m5 = 0.322505
        m6 = 0.230962
        Tb = 30973.7
        Tc = 1.62595
        Te = 0.812974
        Tf = 0.406487
#       SitePat  BranchLen
              b 147293.6372894
              e 57317.5453731
              c 60132.5786403
              n 53300.5588585
              w 56034.3892187
            b:e 2854.7134012
            b:c 3199.5940052
            b:n 2133.4736846
            b:w 2310.4554573
            e:c 12402.0858752
            e:n 6908.6328180
            e:w 6048.5974120
            c:n 6091.3831299
            c:w 5136.3125415
            n:w 14407.2999948
          b:e:c 2477.2595943
          b:e:n 1261.4863679
          b:e:w 1285.2634591
          b:c:n 1286.4659732
          b:c:w 1260.4137101
          b:n:w 2471.6729859
          e:c:n 5850.9167315
          e:c:w 4940.2890004
          e:n:w 8017.1629474
          c:n:w 6928.0354150
        b:e:c:n 2312.8585232
        b:e:c:w 2130.0552877
        b:e:n:w 3178.3009976
        b:c:n:w 2836.9193611
        e:c:n:w 61307.4023091
