########################################
# legofit: estimate population history #
#       version 2.3.4-4-g53f8760       #
########################################

# Program was compiled: Sep 21 2021 14:36:42
# Program was run: Thu Sep 23 14:01:54 2021

# cmd: legofit -1 -d 0 -t 32 --ptsPerDim 3 --stateOut b1boot22.state --tol 3e-6 -S 5000 bcef2.lgo ../../boot/boot22.opf
# Stage nOptItr nSimReps
#     0    5000        0
# algorithm          : deterministic
# ignoring probs <=  : 0
# Branch length floor: 0
# DE strategy        : 2
#    F               : 0.3
#    CR              : 0.8
#    tolerance       : 3e-06
# nthreads           : 32
# lgo input file     : bcef2.lgo
# site pat input file: ../../boot/boot22.opf
# free parameters    : 16
# points in DE swarm : 48
# output state file  : b1boot22.state
# Including singleton site patterns.
# cost function      : KL
Initial parameter values
Fixed:
      zero = 0
       one = 1
    Tbecnw = 75200
Free:
       pc1 = 0
       pc2 = 0
       pc3 = 0
       pc4 = 0
       pc5 = 0
       pc6 = 0
       pc7 = 0
       pc8 = 0
       pc9 = 0
      pc10 = 0
      pc11 = 0
      pc12 = 0
      pc13 = 0
      pc14 = 0
      pc15 = 0
      pc16 = 0
Constrained:
     Tecnw = 59464.8
       Tnw = 47.2866
       Tec = 6065.92
     twoNb = 2.82566e+06
     twoNe = 83398.4
     twoNc = 292266
     twoNn = 292840
     twoNw = 1.09925e+06
    twoNec = 118930
    twoNnw = 147704
  twoNecnw = 13669.5
  twoNbecnw = 87493.5
        m2 = 0.047665
        m3 = 0.201031
        m5 = 0.328594
        m6 = 0.236285
        Tb = 32765.4
        Tc = 23.6433
        Te = 11.8216
        Tf = 5.91082
DiffEv reached_goal. cost=2.02991e-03 spread=1.96670e-06
Fitted parameter values
Free:
       pc1 = 2.00105
       pc2 = 2.24678
       pc3 = -1.17992
       pc4 = 1.87497
       pc5 = 1.92538
       pc6 = -0.37677
       pc7 = 1.91738
       pc8 = 0.616337
       pc9 = -0.93231
      pc10 = 1.42481
      pc11 = -0.170648
      pc12 = 0.0571729
      pc13 = 0.0263033
      pc14 = 0.114702
      pc15 = -0.0254753
      pc16 = 0.0471544
Constrained:
     Tecnw = 58991.2
       Tnw = 6.12852
       Tec = 2755.76
     twoNb = 6.23595e+06
     twoNe = 39310.2
     twoNc = 320250
     twoNn = 509603
     twoNw = 1.75564e+06
    twoNec = 134072
    twoNnw = 149253
  twoNecnw = 14015.4
  twoNbecnw = 87773
        m2 = 0.0489663
        m3 = 0.205956
        m5 = 0.319773
        m6 = 0.227134
        Tb = 30873.5
        Tc = 3.06426
        Te = 1.53213
        Tf = 0.766065
#       SitePat  BranchLen
              b 147392.2433316
              e 57245.0750634
              c 60072.0499300
              n 53189.3777475
              w 55884.9887711
            b:e 2866.1796415
            b:c 3213.3487957
            b:n 2144.0367755
            b:w 2318.2760319
            e:c 12301.8061656
            e:n 6902.2587180
            e:w 6053.9183270
            c:n 6082.3331370
            c:w 5140.6290451
            n:w 14363.5975993
          b:e:c 2475.0348539
          b:e:n 1268.3964012
          b:e:w 1291.9828785
          b:c:n 1293.1408714
          b:c:w 1267.3639935
          b:n:w 2469.6863182
          e:c:n 5887.7115971
          e:c:w 4989.9998487
          e:n:w 8070.8718648
          c:n:w 6973.5787931
        b:e:c:n 2320.5995600
        b:e:c:w 2140.6959120
        b:e:n:w 3192.7031200
        b:c:n:w 2848.9414487
        e:c:n:w 61495.3959819
