########################################
# legofit: estimate population history #
#       version 2.3.4-4-g53f8760       #
########################################

# Program was compiled: Sep 21 2021 14:36:42
# Program was run: Thu Sep 23 14:02:16 2021

# cmd: legofit -1 -d 0 -t 32 --ptsPerDim 3 --stateOut b1boot35.state --tol 3e-6 -S 5000 bcef2.lgo ../../boot/boot35.opf
# Stage nOptItr nSimReps
#     0    5000        0
# algorithm          : deterministic
# ignoring probs <=  : 0
# Branch length floor: 0
# DE strategy        : 2
#    F               : 0.3
#    CR              : 0.8
#    tolerance       : 3e-06
# nthreads           : 32
# lgo input file     : bcef2.lgo
# site pat input file: ../../boot/boot35.opf
# free parameters    : 16
# points in DE swarm : 48
# output state file  : b1boot35.state
# Including singleton site patterns.
# cost function      : KL
Initial parameter values
Fixed:
      zero = 0
       one = 1
    Tbecnw = 75200
Free:
       pc1 = 0
       pc2 = 0
       pc3 = 0
       pc4 = 0
       pc5 = 0
       pc6 = 0
       pc7 = 0
       pc8 = 0
       pc9 = 0
      pc10 = 0
      pc11 = 0
      pc12 = 0
      pc13 = 0
      pc14 = 0
      pc15 = 0
      pc16 = 0
Constrained:
     Tecnw = 59464.8
       Tnw = 47.2866
       Tec = 6065.92
     twoNb = 2.82566e+06
     twoNe = 83398.4
     twoNc = 292266
     twoNn = 292840
     twoNw = 1.09925e+06
    twoNec = 118930
    twoNnw = 147704
  twoNecnw = 13669.5
  twoNbecnw = 87493.5
        m2 = 0.047665
        m3 = 0.201031
        m5 = 0.328594
        m6 = 0.236285
        Tb = 32765.4
        Tc = 23.6433
        Te = 11.8216
        Tf = 5.91082
DiffEv reached_goal. cost=2.01942e-03 spread=2.91318e-06
Fitted parameter values
Free:
       pc1 = 2.65074
       pc2 = 1.91338
       pc3 = -1.98692
       pc4 = 2.03612
       pc5 = 1.61521
       pc6 = -0.327487
       pc7 = 1.95896
       pc8 = -1.62463
       pc9 = -0.536799
      pc10 = 0.68396
      pc11 = 0.0833865
      pc12 = 0.170066
      pc13 = -0.115587
      pc14 = 0.166191
      pc15 = 0.0558036
      pc16 = 0.0734181
Constrained:
     Tecnw = 59302.1
       Tnw = 24.2512
       Tec = 1925.81
     twoNb = 6.48219e+06
     twoNe = 31568.8
     twoNc = 235827
     twoNn = 462115
     twoNw = 25658.5
    twoNec = 137513
    twoNnw = 148038
  twoNecnw = 13733.4
  twoNbecnw = 87548.3
        m2 = 0.0484625
        m3 = 0.206525
        m5 = 0.320941
        m6 = 0.227246
        Tb = 30614
        Tc = 12.1256
        Te = 6.0628
        Tf = 3.0314
#       SitePat  BranchLen
              b 147252.1308687
              e 57289.3218360
              c 60088.4420378
              n 53217.9062718
              w 55832.1704872
            b:e 2855.5592209
            b:c 3202.1547672
            b:n 2131.3506082
            b:w 2295.9935803
            e:c 12315.0707498
            e:n 6844.9066866
            e:w 6071.0934190
            c:n 6092.5870044
            c:w 5125.3137531
            n:w 14385.9757085
          b:e:c 2463.2767361
          b:e:n 1257.5638623
          b:e:w 1286.9868583
          b:c:n 1288.1012722
          b:c:w 1256.6014137
          b:n:w 2458.1805989
          e:c:n 5821.0078347
          e:c:w 4955.3676968
          e:n:w 8056.0712241
          c:n:w 6951.6307922
        b:e:c:n 2298.1968763
        b:e:c:w 2128.0932080
        b:e:n:w 3182.3654022
        b:c:n:w 2839.0374687
        e:c:n:w 61370.7111309
