########################################
# legofit: estimate population history #
#       version 2.3.4-4-g53f8760       #
########################################

# Program was compiled: Sep 21 2021 14:36:42
# Program was run: Thu Sep 23 14:02:04 2021

# cmd: legofit -1 -d 0 -t 32 --ptsPerDim 3 --stateOut b1boot29.state --tol 3e-6 -S 5000 bcef2.lgo ../../boot/boot29.opf
# Stage nOptItr nSimReps
#     0    5000        0
# algorithm          : deterministic
# ignoring probs <=  : 0
# Branch length floor: 0
# DE strategy        : 2
#    F               : 0.3
#    CR              : 0.8
#    tolerance       : 3e-06
# nthreads           : 32
# lgo input file     : bcef2.lgo
# site pat input file: ../../boot/boot29.opf
# free parameters    : 16
# points in DE swarm : 48
# output state file  : b1boot29.state
# Including singleton site patterns.
# cost function      : KL
Initial parameter values
Fixed:
      zero = 0
       one = 1
    Tbecnw = 75200
Free:
       pc1 = 0
       pc2 = 0
       pc3 = 0
       pc4 = 0
       pc5 = 0
       pc6 = 0
       pc7 = 0
       pc8 = 0
       pc9 = 0
      pc10 = 0
      pc11 = 0
      pc12 = 0
      pc13 = 0
      pc14 = 0
      pc15 = 0
      pc16 = 0
Constrained:
     Tecnw = 59464.8
       Tnw = 47.2866
       Tec = 6065.92
     twoNb = 2.82566e+06
     twoNe = 83398.4
     twoNc = 292266
     twoNn = 292840
     twoNw = 1.09925e+06
    twoNec = 118930
    twoNnw = 147704
  twoNecnw = 13669.5
  twoNbecnw = 87493.5
        m2 = 0.047665
        m3 = 0.201031
        m5 = 0.328594
        m6 = 0.236285
        Tb = 32765.4
        Tc = 23.6433
        Te = 11.8216
        Tf = 5.91082
DiffEv reached_goal. cost=2.04068e-03 spread=2.73610e-06
Fitted parameter values
Free:
       pc1 = 1.00597
       pc2 = 1.96872
       pc3 = -1.87424
       pc4 = 1.775
       pc5 = 1.83167
       pc6 = 0.565104
       pc7 = 1.87931
       pc8 = -1.22973
       pc9 = -0.830882
      pc10 = 0.650382
      pc11 = -0.0254651
      pc12 = 0.0632021
      pc13 = -0.180463
      pc14 = 0.161225
      pc15 = -0.0978969
      pc16 = 0.0150081
Constrained:
     Tecnw = 59560.6
       Tnw = 23.53
       Tec = 2485.72
     twoNb = 6.31645e+06
     twoNe = 35373.6
     twoNc = 372439
     twoNn = 270202
     twoNw = 732658
    twoNec = 131558
    twoNnw = 149106
  twoNecnw = 13413.3
  twoNbecnw = 87682.1
        m2 = 0.0504868
        m3 = 0.202372
        m5 = 0.324908
        m6 = 0.232574
        Tb = 31023.2
        Tc = 11.765
        Te = 5.88251
        Tf = 2.94125
#       SitePat  BranchLen
              b 147458.4897077
              e 57213.3847219
              c 60036.2916927
              n 53190.2400070
              w 55866.4229789
            b:e 2845.7536137
            b:c 3193.4800070
            b:n 2116.8603142
            b:w 2284.6015826
            e:c 12353.5603257
            e:n 6874.2366379
            e:w 6038.3346422
            c:n 6065.5404051
            c:w 5119.9701977
            n:w 14361.3543283
          b:e:c 2456.7263154
          b:e:n 1249.1535803
          b:e:w 1273.5270139
          b:c:n 1274.6944283
          b:c:w 1248.1183664
          b:n:w 2451.2863901
          e:c:n 5807.3691545
          e:c:w 4920.4768047
          e:n:w 8026.2983546
          c:n:w 6926.8848380
        b:e:c:n 2286.9130165
        b:e:c:w 2113.5559574
        b:e:n:w 3172.7500545
        b:c:n:w 2828.4586839
        e:c:n:w 61622.3288386
