########################################
# legofit: estimate population history #
#       version 2.3.4-4-g53f8760       #
########################################

# Program was compiled: Sep 21 2021 14:36:42
# Program was run: Thu Sep 23 14:01:46 2021

# cmd: legofit -1 -d 0 -t 32 --ptsPerDim 3 --stateOut b1boot17.state --tol 3e-6 -S 5000 bcef2.lgo ../../boot/boot17.opf
# Stage nOptItr nSimReps
#     0    5000        0
# algorithm          : deterministic
# ignoring probs <=  : 0
# Branch length floor: 0
# DE strategy        : 2
#    F               : 0.3
#    CR              : 0.8
#    tolerance       : 3e-06
# nthreads           : 32
# lgo input file     : bcef2.lgo
# site pat input file: ../../boot/boot17.opf
# free parameters    : 16
# points in DE swarm : 48
# output state file  : b1boot17.state
# Including singleton site patterns.
# cost function      : KL
Initial parameter values
Fixed:
      zero = 0
       one = 1
    Tbecnw = 75200
Free:
       pc1 = 0
       pc2 = 0
       pc3 = 0
       pc4 = 0
       pc5 = 0
       pc6 = 0
       pc7 = 0
       pc8 = 0
       pc9 = 0
      pc10 = 0
      pc11 = 0
      pc12 = 0
      pc13 = 0
      pc14 = 0
      pc15 = 0
      pc16 = 0
Constrained:
     Tecnw = 59464.8
       Tnw = 47.2866
       Tec = 6065.92
     twoNb = 2.82566e+06
     twoNe = 83398.4
     twoNc = 292266
     twoNn = 292840
     twoNw = 1.09925e+06
    twoNec = 118930
    twoNnw = 147704
  twoNecnw = 13669.5
  twoNbecnw = 87493.5
        m2 = 0.047665
        m3 = 0.201031
        m5 = 0.328594
        m6 = 0.236285
        Tb = 32765.4
        Tc = 23.6433
        Te = 11.8216
        Tf = 5.91082
DiffEv reached_goal. cost=2.03175e-03 spread=2.76507e-06
Fitted parameter values
Free:
       pc1 = 1.83978
       pc2 = 0.640551
       pc3 = -1.09099
       pc4 = 2.25055
       pc5 = 1.62712
       pc6 = -0.443948
       pc7 = 1.81839
       pc8 = -0.377097
       pc9 = -0.673329
      pc10 = 0.513669
      pc11 = -0.0983725
      pc12 = -0.217918
      pc13 = -0.0388214
      pc14 = 0.33374
      pc15 = 0.0335394
      pc16 = 0.000787707
Constrained:
     Tecnw = 59171.9
       Tnw = 0.05399
       Tec = 4186.66
     twoNb = 6.10333e+06
     twoNe = 55336.3
     twoNc = 260594
     twoNn = 447005
     twoNw = 756262
    twoNec = 126420
    twoNnw = 147712
  twoNecnw = 13868.3
  twoNbecnw = 87336.4
        m2 = 0.0510272
        m3 = 0.20853
        m5 = 0.318956
        m6 = 0.228991
        Tb = 31679.3
        Tc = 0.026995
        Te = 0.0134975
        Tf = 0.00674875
#       SitePat  BranchLen
              b 147009.0154931
              e 57201.3895375
              c 60028.1579087
              n 53085.0119850
              w 55860.5045380
            b:e 2857.5886652
            b:c 3202.1353236
            b:n 2130.2944056
            b:w 2314.9848099
            e:c 12322.3446189
            e:n 6923.3445392
            e:w 6032.1547199
            c:n 6070.6286673
            c:w 5140.5277509
            n:w 14418.2373322
          b:e:c 2478.4654147
          b:e:n 1259.8477657
          b:e:w 1280.4198317
          b:c:n 1281.6462355
          b:c:w 1258.7269109
          b:n:w 2472.8251957
          e:c:n 5898.6374466
          e:c:w 4952.6858646
          e:n:w 8039.3761313
          c:n:w 6953.3912322
        b:e:c:n 2317.4226982
        b:e:c:w 2126.8293171
        b:e:n:w 3180.9357547
        b:c:n:w 2839.8429161
        e:c:n:w 61139.5384323
