########################################
# legofit: estimate population history #
#       version 2.3.4-4-g53f8760       #
########################################

# Program was compiled: Sep 21 2021 14:36:42
# Program was run: Thu Sep 23 14:01:46 2021

# cmd: legofit -1 -d 0 -t 32 --ptsPerDim 3 --stateOut b1boot13.state --tol 3e-6 -S 5000 bcef2.lgo ../../boot/boot13.opf
# Stage nOptItr nSimReps
#     0    5000        0
# algorithm          : deterministic
# ignoring probs <=  : 0
# Branch length floor: 0
# DE strategy        : 2
#    F               : 0.3
#    CR              : 0.8
#    tolerance       : 3e-06
# nthreads           : 32
# lgo input file     : bcef2.lgo
# site pat input file: ../../boot/boot13.opf
# free parameters    : 16
# points in DE swarm : 48
# output state file  : b1boot13.state
# Including singleton site patterns.
# cost function      : KL
Initial parameter values
Fixed:
      zero = 0
       one = 1
    Tbecnw = 75200
Free:
       pc1 = 0
       pc2 = 0
       pc3 = 0
       pc4 = 0
       pc5 = 0
       pc6 = 0
       pc7 = 0
       pc8 = 0
       pc9 = 0
      pc10 = 0
      pc11 = 0
      pc12 = 0
      pc13 = 0
      pc14 = 0
      pc15 = 0
      pc16 = 0
Constrained:
     Tecnw = 59464.8
       Tnw = 47.2866
       Tec = 6065.92
     twoNb = 2.82566e+06
     twoNe = 83398.4
     twoNc = 292266
     twoNn = 292840
     twoNw = 1.09925e+06
    twoNec = 118930
    twoNnw = 147704
  twoNecnw = 13669.5
  twoNbecnw = 87493.5
        m2 = 0.047665
        m3 = 0.201031
        m5 = 0.328594
        m6 = 0.236285
        Tb = 32765.4
        Tc = 23.6433
        Te = 11.8216
        Tf = 5.91082
DiffEv reached_goal. cost=2.02291e-03 spread=2.99415e-06
Fitted parameter values
Free:
       pc1 = -0.481974
       pc2 = 0.504185
       pc3 = -1.70118
       pc4 = 2.10946
       pc5 = 1.87362
       pc6 = -0.366312
       pc7 = 1.96065
       pc8 = 0.115397
       pc9 = -0.983536
      pc10 = 1.10125
      pc11 = -0.156236
      pc12 = 0.0414746
      pc13 = -0.0602086
      pc14 = -0.123587
      pc15 = -0.0638429
      pc16 = -0.030935
Constrained:
     Tecnw = 59526.5
       Tnw = 20.2545
       Tec = 4895.16
     twoNb = 6.36812e+06
     twoNe = 75809.3
     twoNc = 333702
     twoNn = 435257
     twoNw = 1.51122e+06
    twoNec = 120530
    twoNnw = 149415
  twoNecnw = 13416.5
  twoNbecnw = 87877.3
        m2 = 0.0553414
        m3 = 0.207298
        m5 = 0.326222
        m6 = 0.23455
        Tb = 32210.8
        Tc = 10.1273
        Te = 5.06363
        Tf = 2.53181
#       SitePat  BranchLen
              b 147534.3000203
              e 57340.2291114
              c 60108.5997613
              n 53302.3870858
              w 55967.1768987
            b:e 2873.8043711
            b:c 3223.3912015
            b:n 2134.3274893
            b:w 2304.4743722
            e:c 12321.0763738
            e:n 6846.7665286
            e:w 6061.7736778
            c:n 6095.4357723
            c:w 5136.7098290
            n:w 14330.1730980
          b:e:c 2472.2298920
          b:e:n 1251.2156596
          b:e:w 1279.7584189
          b:c:n 1281.0459153
          b:c:w 1250.0927401
          b:n:w 2466.3870818
          e:c:n 5860.6449598
          e:c:w 4948.0175751
          e:n:w 8057.8114155
          c:n:w 6962.1014035
        b:e:c:n 2306.9541595
        b:e:c:w 2130.7740585
        b:e:n:w 3201.8230727
        b:c:n:w 2855.8056325
        e:c:n:w 61613.5048110
