########################################
# legofit: estimate population history #
#       version 2.3.4-4-g53f8760       #
########################################

# Program was compiled: Sep 21 2021 14:36:42
# Program was run: Thu Sep 23 14:02:22 2021

# cmd: legofit -1 -d 0 -t 32 --ptsPerDim 3 --stateOut b1boot39.state --tol 3e-6 -S 5000 bcef2.lgo ../../boot/boot39.opf
# Stage nOptItr nSimReps
#     0    5000        0
# algorithm          : deterministic
# ignoring probs <=  : 0
# Branch length floor: 0
# DE strategy        : 2
#    F               : 0.3
#    CR              : 0.8
#    tolerance       : 3e-06
# nthreads           : 32
# lgo input file     : bcef2.lgo
# site pat input file: ../../boot/boot39.opf
# free parameters    : 16
# points in DE swarm : 48
# output state file  : b1boot39.state
# Including singleton site patterns.
# cost function      : KL
Initial parameter values
Fixed:
      zero = 0
       one = 1
    Tbecnw = 75200
Free:
       pc1 = 0
       pc2 = 0
       pc3 = 0
       pc4 = 0
       pc5 = 0
       pc6 = 0
       pc7 = 0
       pc8 = 0
       pc9 = 0
      pc10 = 0
      pc11 = 0
      pc12 = 0
      pc13 = 0
      pc14 = 0
      pc15 = 0
      pc16 = 0
Constrained:
     Tecnw = 59464.8
       Tnw = 47.2866
       Tec = 6065.92
     twoNb = 2.82566e+06
     twoNe = 83398.4
     twoNc = 292266
     twoNn = 292840
     twoNw = 1.09925e+06
    twoNec = 118930
    twoNnw = 147704
  twoNecnw = 13669.5
  twoNbecnw = 87493.5
        m2 = 0.047665
        m3 = 0.201031
        m5 = 0.328594
        m6 = 0.236285
        Tb = 32765.4
        Tc = 23.6433
        Te = 11.8216
        Tf = 5.91082
DiffEv reached_goal. cost=1.97883e-03 spread=2.66949e-06
Fitted parameter values
Free:
       pc1 = 1.60585
       pc2 = 0.534787
       pc3 = -1.70974
       pc4 = 1.81311
       pc5 = 1.50265
       pc6 = 0.327775
       pc7 = 1.82913
       pc8 = -0.244353
       pc9 = -0.547797
      pc10 = 0.918523
      pc11 = -0.298313
      pc12 = -0.406383
      pc13 = 0.00186598
      pc14 = 0.23922
      pc15 = -0.0276386
      pc16 = -0.0387989
Constrained:
     Tecnw = 59381.9
       Tnw = 16.6135
       Tec = 4132.14
     twoNb = 5.93744e+06
     twoNe = 55814
     twoNc = 300498
     twoNn = 284843
     twoNw = 892620
    twoNec = 126811
    twoNnw = 147822
  twoNecnw = 13686.8
  twoNbecnw = 87680.3
        m2 = 0.0508975
        m3 = 0.212004
        m5 = 0.316074
        m6 = 0.228502
        Tb = 31757
        Tc = 8.30676
        Te = 4.15338
        Tf = 2.07669
#       SitePat  BranchLen
              b 147290.9303875
              e 57317.4059095
              c 60082.1841418
              n 53207.9244520
              w 56049.9624046
            b:e 2868.5872127
            b:c 3205.5010691
            b:n 2140.0422319
            b:w 2330.8017589
            e:c 12366.8270352
            e:n 6933.6448261
            e:w 6019.0588611
            c:n 6095.3114369
            c:w 5147.0508792
            n:w 14419.6750900
          b:e:c 2489.6064314
          b:e:n 1265.4231524
          b:e:w 1285.6164160
          b:c:n 1286.8915687
          b:c:w 1264.2500444
          b:n:w 2483.7994765
          e:c:n 5927.9583778
          e:c:w 4957.3749677
          e:n:w 8014.9097872
          c:n:w 6956.9172441
        b:e:c:n 2333.3252830
        b:e:c:w 2136.4059971
        b:e:n:w 3183.7815497
        b:c:n:w 2850.3213305
        e:c:n:w 61315.3581030
