########################################
# legofit: estimate population history #
#       version 2.3.4-4-g53f8760       #
########################################

# Program was compiled: Sep 21 2021 14:36:42
# Program was run: Thu Sep 23 14:01:40 2021

# cmd: legofit -1 -d 0 -t 32 --ptsPerDim 3 --stateOut b1boot12.state --tol 3e-6 -S 5000 bcef2.lgo ../../boot/boot12.opf
# Stage nOptItr nSimReps
#     0    5000        0
# algorithm          : deterministic
# ignoring probs <=  : 0
# Branch length floor: 0
# DE strategy        : 2
#    F               : 0.3
#    CR              : 0.8
#    tolerance       : 3e-06
# nthreads           : 32
# lgo input file     : bcef2.lgo
# site pat input file: ../../boot/boot12.opf
# free parameters    : 16
# points in DE swarm : 48
# output state file  : b1boot12.state
# Including singleton site patterns.
# cost function      : KL
Initial parameter values
Fixed:
      zero = 0
       one = 1
    Tbecnw = 75200
Free:
       pc1 = 0
       pc2 = 0
       pc3 = 0
       pc4 = 0
       pc5 = 0
       pc6 = 0
       pc7 = 0
       pc8 = 0
       pc9 = 0
      pc10 = 0
      pc11 = 0
      pc12 = 0
      pc13 = 0
      pc14 = 0
      pc15 = 0
      pc16 = 0
Constrained:
     Tecnw = 59464.8
       Tnw = 47.2866
       Tec = 6065.92
     twoNb = 2.82566e+06
     twoNe = 83398.4
     twoNc = 292266
     twoNn = 292840
     twoNw = 1.09925e+06
    twoNec = 118930
    twoNnw = 147704
  twoNecnw = 13669.5
  twoNbecnw = 87493.5
        m2 = 0.047665
        m3 = 0.201031
        m5 = 0.328594
        m6 = 0.236285
        Tb = 32765.4
        Tc = 23.6433
        Te = 11.8216
        Tf = 5.91082
DiffEv reached_goal. cost=2.02856e-03 spread=2.35525e-06
Fitted parameter values
Free:
       pc1 = -0.166576
       pc2 = 1.16714
       pc3 = -1.87383
       pc4 = 1.84849
       pc5 = 1.8722
       pc6 = 0.539487
       pc7 = 1.94697
       pc8 = -0.878417
       pc9 = 0.0409145
      pc10 = 0.433115
      pc11 = -0.227845
      pc12 = 0.182739
      pc13 = 0.0253152
      pc14 = 0.0701093
      pc15 = 0.0243306
      pc16 = -0.117277
Constrained:
     Tecnw = 59845.1
       Tnw = 21.6126
       Tec = 4357.77
     twoNb = 6.47245e+06
     twoNe = 61196.9
     twoNc = 410225
     twoNn = 222481
     twoNw = 847849
    twoNec = 123560
    twoNnw = 148865
  twoNecnw = 13351.8
  twoNbecnw = 87809.4
        m2 = 0.0494679
        m3 = 0.203924
        m5 = 0.329514
        m6 = 0.234226
        Tb = 32101.4
        Tc = 10.8063
        Te = 5.40314
        Tf = 2.70157
#       SitePat  BranchLen
              b 147429.6036149
              e 57324.1614842
              c 60230.7537268
              n 53350.3368637
              w 56052.7477321
            b:e 2845.8337406
            b:c 3205.2258496
            b:n 2142.9454998
            b:w 2330.7357191
            e:c 12385.0226674
            e:n 6919.6945404
            e:w 6116.8545827
            c:n 6107.0354884
            c:w 5154.7120616
            n:w 14437.6700883
          b:e:c 2495.4213653
          b:e:n 1263.8750161
          b:e:w 1292.4068134
          b:c:n 1293.5209994
          b:c:w 1262.9022236
          b:n:w 2490.3074330
          e:c:n 5895.3907688
          e:c:w 4955.4662597
          e:n:w 8038.4294927
          c:n:w 6903.2169902
        b:e:c:n 2332.9286198
        b:e:c:w 2139.9024041
        b:e:n:w 3186.1476242
        b:c:n:w 2830.0359548
        e:c:n:w 61350.2574982
