########################################
# legofit: estimate population history #
#       version 2.3.4-4-g53f8760       #
########################################

# Program was compiled: Sep 21 2021 14:36:42
# Program was run: Thu Sep 23 14:01:34 2021

# cmd: legofit -1 -d 0 -t 32 --ptsPerDim 3 --stateOut b1boot8.state --tol 3e-6 -S 5000 bcef2.lgo ../../boot/boot8.opf
# Stage nOptItr nSimReps
#     0    5000        0
# algorithm          : deterministic
# ignoring probs <=  : 0
# Branch length floor: 0
# DE strategy        : 2
#    F               : 0.3
#    CR              : 0.8
#    tolerance       : 3e-06
# nthreads           : 32
# lgo input file     : bcef2.lgo
# site pat input file: ../../boot/boot8.opf
# free parameters    : 16
# points in DE swarm : 48
# output state file  : b1boot8.state
# Including singleton site patterns.
# cost function      : KL
Initial parameter values
Fixed:
      zero = 0
       one = 1
    Tbecnw = 75200
Free:
       pc1 = 0
       pc2 = 0
       pc3 = 0
       pc4 = 0
       pc5 = 0
       pc6 = 0
       pc7 = 0
       pc8 = 0
       pc9 = 0
      pc10 = 0
      pc11 = 0
      pc12 = 0
      pc13 = 0
      pc14 = 0
      pc15 = 0
      pc16 = 0
Constrained:
     Tecnw = 59464.8
       Tnw = 47.2866
       Tec = 6065.92
     twoNb = 2.82566e+06
     twoNe = 83398.4
     twoNc = 292266
     twoNn = 292840
     twoNw = 1.09925e+06
    twoNec = 118930
    twoNnw = 147704
  twoNecnw = 13669.5
  twoNbecnw = 87493.5
        m2 = 0.047665
        m3 = 0.201031
        m5 = 0.328594
        m6 = 0.236285
        Tb = 32765.4
        Tc = 23.6433
        Te = 11.8216
        Tf = 5.91082
DiffEv reached_goal. cost=2.03167e-03 spread=2.92800e-06
Fitted parameter values
Free:
       pc1 = 0.354056
       pc2 = 1.34061
       pc3 = -1.81195
       pc4 = 1.70592
       pc5 = 1.64282
       pc6 = 0.959971
       pc7 = 1.81899
       pc8 = -1.37859
       pc9 = -0.567281
      pc10 = 0.0268662
      pc11 = -0.0144526
      pc12 = -0.189207
      pc13 = -0.0762674
      pc14 = 0.0692972
      pc15 = 0.0181382
      pc16 = -0.0046087
Constrained:
     Tecnw = 59852.5
       Tnw = 17.3619
       Tec = 3444.63
     twoNb = 6.08811e+06
     twoNe = 47901.6
     twoNc = 371607
     twoNn = 144294
     twoNw = 617856
    twoNec = 127706
    twoNnw = 148711
  twoNecnw = 13266.7
  twoNbecnw = 87519.1
        m2 = 0.0504545
        m3 = 0.203232
        m5 = 0.326116
        m6 = 0.23611
        Tb = 31648.6
        Tc = 8.68096
        Te = 4.34048
        Tf = 2.17024
#       SitePat  BranchLen
              b 147236.6599707
              e 57361.6173023
              c 60153.0411180
              n 53281.9100030
              w 55965.9434086
            b:e 2852.1453508
            b:c 3194.6990579
            b:n 2124.9014451
            b:w 2300.2528533
            e:c 12345.9593894
            e:n 6900.5359127
            e:w 6059.2848043
            c:n 6086.4921381
            c:w 5158.5948956
            n:w 14407.5983949
          b:e:c 2471.8219704
          b:e:n 1255.9102693
          b:e:w 1279.1098838
          b:c:n 1280.3064264
          b:c:w 1254.8385627
          b:n:w 2466.2584649
          e:c:n 5827.3891424
          e:c:w 4920.4943596
          e:n:w 8010.0882968
          c:n:w 6929.8595043
        b:e:c:n 2302.6274979
        b:e:c:w 2121.5540671
        b:e:n:w 3173.8006339
        b:c:n:w 2834.6607510
        e:c:n:w 61267.2083244
