########################################
# legofit: estimate population history #
#       version 2.3.4-4-g53f8760       #
########################################

# Program was compiled: Sep 21 2021 14:36:42
# Program was run: Thu Sep 23 14:01:37 2021

# cmd: legofit -1 -d 0 -t 32 --ptsPerDim 3 --stateOut b1boot11.state --tol 3e-6 -S 5000 bcef2.lgo ../../boot/boot11.opf
# Stage nOptItr nSimReps
#     0    5000        0
# algorithm          : deterministic
# ignoring probs <=  : 0
# Branch length floor: 0
# DE strategy        : 2
#    F               : 0.3
#    CR              : 0.8
#    tolerance       : 3e-06
# nthreads           : 32
# lgo input file     : bcef2.lgo
# site pat input file: ../../boot/boot11.opf
# free parameters    : 16
# points in DE swarm : 48
# output state file  : b1boot11.state
# Including singleton site patterns.
# cost function      : KL
Initial parameter values
Fixed:
      zero = 0
       one = 1
    Tbecnw = 75200
Free:
       pc1 = 0
       pc2 = 0
       pc3 = 0
       pc4 = 0
       pc5 = 0
       pc6 = 0
       pc7 = 0
       pc8 = 0
       pc9 = 0
      pc10 = 0
      pc11 = 0
      pc12 = 0
      pc13 = 0
      pc14 = 0
      pc15 = 0
      pc16 = 0
Constrained:
     Tecnw = 59464.8
       Tnw = 47.2866
       Tec = 6065.92
     twoNb = 2.82566e+06
     twoNe = 83398.4
     twoNc = 292266
     twoNn = 292840
     twoNw = 1.09925e+06
    twoNec = 118930
    twoNnw = 147704
  twoNecnw = 13669.5
  twoNbecnw = 87493.5
        m2 = 0.047665
        m3 = 0.201031
        m5 = 0.328594
        m6 = 0.236285
        Tb = 32765.4
        Tc = 23.6433
        Te = 11.8216
        Tf = 5.91082
DiffEv reached_goal. cost=2.03652e-03 spread=2.12119e-06
Fitted parameter values
Free:
       pc1 = 0.473215
       pc2 = 2.12859
       pc3 = -1.72743
       pc4 = 2.07973
       pc5 = 1.87313
       pc6 = 0.320971
       pc7 = 1.75166
       pc8 = -0.750846
       pc9 = -0.738056
      pc10 = 0.84239
      pc11 = -0.102871
      pc12 = 0.32584
      pc13 = 0.0963421
      pc14 = 0.0538076
      pc15 = 0.0283145
      pc16 = -0.0272226
Constrained:
     Tecnw = 59569.4
       Tnw = 2.61126
       Tec = 2967.19
     twoNb = 6.4009e+06
     twoNe = 41405.6
     twoNc = 384721
     twoNn = 330939
     twoNw = 1.05296e+06
    twoNec = 129702
    twoNnw = 150032
  twoNecnw = 13531.9
  twoNbecnw = 87825.1
        m2 = 0.050622
        m3 = 0.202794
        m5 = 0.329069
        m6 = 0.23316
        Tb = 31268.3
        Tc = 1.30563
        Te = 0.652815
        Tf = 0.326407
#       SitePat  BranchLen
              b 147433.0254827
              e 57286.0415425
              c 60203.0288865
              n 53318.7367714
              w 55995.8872687
            b:e 2863.5518431
            b:c 3225.5845180
            b:n 2144.3015953
            b:w 2317.0181476
            e:c 12348.7570524
            e:n 6931.5784257
            e:w 6110.5304209
            c:n 6106.3124422
            c:w 5154.6610751
            n:w 14362.6294882
          b:e:c 2478.2179252
          b:e:n 1266.6384203
          b:e:w 1293.3172349
          b:c:n 1294.4789732
          b:c:w 1265.6211848
          b:n:w 2472.8683013
          e:c:n 5864.3121025
          e:c:w 4967.5719177
          e:n:w 8082.5213067
          c:n:w 6943.0224927
        b:e:c:n 2319.3168728
        b:e:c:w 2141.0683537
        b:e:n:w 3205.2366043
        b:c:n:w 2846.7062260
        e:c:n:w 61408.2916605
