########################################
# legofit: estimate population history #
#       version 2.3.4-4-g53f8760       #
########################################

# Program was compiled: Sep 21 2021 14:36:42
# Program was run: Thu Sep 23 14:01:54 2021

# cmd: legofit -1 -d 0 -t 32 --ptsPerDim 3 --stateOut b1boot21.state --tol 3e-6 -S 5000 bcef2.lgo ../../boot/boot21.opf
# Stage nOptItr nSimReps
#     0    5000        0
# algorithm          : deterministic
# ignoring probs <=  : 0
# Branch length floor: 0
# DE strategy        : 2
#    F               : 0.3
#    CR              : 0.8
#    tolerance       : 3e-06
# nthreads           : 32
# lgo input file     : bcef2.lgo
# site pat input file: ../../boot/boot21.opf
# free parameters    : 16
# points in DE swarm : 48
# output state file  : b1boot21.state
# Including singleton site patterns.
# cost function      : KL
Initial parameter values
Fixed:
      zero = 0
       one = 1
    Tbecnw = 75200
Free:
       pc1 = 0
       pc2 = 0
       pc3 = 0
       pc4 = 0
       pc5 = 0
       pc6 = 0
       pc7 = 0
       pc8 = 0
       pc9 = 0
      pc10 = 0
      pc11 = 0
      pc12 = 0
      pc13 = 0
      pc14 = 0
      pc15 = 0
      pc16 = 0
Constrained:
     Tecnw = 59464.8
       Tnw = 47.2866
       Tec = 6065.92
     twoNb = 2.82566e+06
     twoNe = 83398.4
     twoNc = 292266
     twoNn = 292840
     twoNw = 1.09925e+06
    twoNec = 118930
    twoNnw = 147704
  twoNecnw = 13669.5
  twoNbecnw = 87493.5
        m2 = 0.047665
        m3 = 0.201031
        m5 = 0.328594
        m6 = 0.236285
        Tb = 32765.4
        Tc = 23.6433
        Te = 11.8216
        Tf = 5.91082
DiffEv reached_goal. cost=2.01877e-03 spread=2.87198e-06
Fitted parameter values
Free:
       pc1 = 0.81975
       pc2 = 0.488995
       pc3 = -1.66251
       pc4 = 2.35635
       pc5 = 1.96099
       pc6 = -0.869365
       pc7 = 1.8833
       pc8 = 0.0549434
       pc9 = -0.918981
      pc10 = 1.22647
      pc11 = 0.140553
      pc12 = -0.0094005
      pc13 = -0.136503
      pc14 = 0.119776
      pc15 = -0.0513087
      pc16 = -0.0647336
Constrained:
     Tecnw = 59219.1
       Tnw = 8.6007
       Tec = 4269.39
     twoNb = 6.47893e+06
     twoNe = 68729.4
     twoNc = 307996
     twoNn = 568032
     twoNw = 1.14599e+06
    twoNec = 123805
    twoNnw = 148138
  twoNecnw = 13702.4
  twoNbecnw = 87787.6
        m2 = 0.0545366
        m3 = 0.2091
        m5 = 0.321416
        m6 = 0.231497
        Tb = 31744.3
        Tc = 4.30035
        Te = 2.15017
        Tf = 1.07509
#       SitePat  BranchLen
              b 147431.8662776
              e 57258.8744652
              c 59977.6422226
              n 53162.0030802
              w 55843.8620970
            b:e 2880.7534034
            b:c 3223.0638025
            b:n 2135.0921528
            b:w 2304.8463349
            e:c 12354.2668766
            e:n 6839.1852444
            e:w 6044.1175185
            c:n 6102.5019679
            c:w 5136.0385484
            n:w 14377.5760717
          b:e:c 2475.5650327
          b:e:n 1252.3775234
          b:e:w 1280.3077358
          b:c:n 1281.5677003
          b:c:w 1251.2737674
          b:n:w 2469.8444370
          e:c:n 5872.6411000
          e:c:w 4960.6635271
          e:n:w 8072.1861860
          c:n:w 6994.5898234
        b:e:c:n 2307.2855798
        b:e:c:w 2131.5448197
        b:e:n:w 3201.7939016
        b:c:n:w 2862.9181457
        e:c:n:w 61558.5377004
