########################################
# legofit: estimate population history #
#       version 2.3.4-4-g53f8760       #
########################################

# Program was compiled: Sep 21 2021 14:36:42
# Program was run: Thu Sep 23 14:01:46 2021

# cmd: legofit -1 -d 0 -t 32 --ptsPerDim 3 --stateOut b1boot16.state --tol 3e-6 -S 5000 bcef2.lgo ../../boot/boot16.opf
# Stage nOptItr nSimReps
#     0    5000        0
# algorithm          : deterministic
# ignoring probs <=  : 0
# Branch length floor: 0
# DE strategy        : 2
#    F               : 0.3
#    CR              : 0.8
#    tolerance       : 3e-06
# nthreads           : 32
# lgo input file     : bcef2.lgo
# site pat input file: ../../boot/boot16.opf
# free parameters    : 16
# points in DE swarm : 48
# output state file  : b1boot16.state
# Including singleton site patterns.
# cost function      : KL
Initial parameter values
Fixed:
      zero = 0
       one = 1
    Tbecnw = 75200
Free:
       pc1 = 0
       pc2 = 0
       pc3 = 0
       pc4 = 0
       pc5 = 0
       pc6 = 0
       pc7 = 0
       pc8 = 0
       pc9 = 0
      pc10 = 0
      pc11 = 0
      pc12 = 0
      pc13 = 0
      pc14 = 0
      pc15 = 0
      pc16 = 0
Constrained:
     Tecnw = 59464.8
       Tnw = 47.2866
       Tec = 6065.92
     twoNb = 2.82566e+06
     twoNe = 83398.4
     twoNc = 292266
     twoNn = 292840
     twoNw = 1.09925e+06
    twoNec = 118930
    twoNnw = 147704
  twoNecnw = 13669.5
  twoNbecnw = 87493.5
        m2 = 0.047665
        m3 = 0.201031
        m5 = 0.328594
        m6 = 0.236285
        Tb = 32765.4
        Tc = 23.6433
        Te = 11.8216
        Tf = 5.91082
DiffEv reached_goal. cost=1.98213e-03 spread=2.88623e-06
Fitted parameter values
Free:
       pc1 = 0.151058
       pc2 = 1.82881
       pc3 = -1.95277
       pc4 = 1.825
       pc5 = 1.99935
       pc6 = -1.73783
       pc7 = 1.93554
       pc8 = 0.397496
       pc9 = -0.804218
      pc10 = -0.0316041
      pc11 = 0.0171978
      pc12 = -0.109
      pc13 = -0.0434115
      pc14 = 0.0560307
      pc15 = 0.0165966
      pc16 = 0.0648093
Constrained:
     Tecnw = 59712.7
       Tnw = 0.61502
       Tec = 4147.27
     twoNb = 6.48137e+06
     twoNe = 58802.3
     twoNc = 221124
     twoNn = 810461
     twoNw = 1.73673e+06
    twoNec = 126697
    twoNnw = 148436
  twoNecnw = 13397.5
  twoNbecnw = 87587.5
        m2 = 0.0494971
        m3 = 0.202385
        m5 = 0.326991
        m6 = 0.235332
        Tb = 31930
        Tc = 0.30751
        Te = 0.153755
        Tf = 0.0768775
#       SitePat  BranchLen
              b 147307.3863532
              e 57397.7577421
              c 60218.4863519
              n 53264.0956376
              w 55876.8957898
            b:e 2847.2226353
            b:c 3193.4944492
            b:n 2125.7741880
            b:w 2300.4962385
            e:c 12262.6622115
            e:n 6878.4819223
            e:w 6076.1918302
            c:n 6069.0814081
            c:w 5158.0761345
            n:w 14419.9972030
          b:e:c 2471.8589527
          b:e:n 1256.6115569
          b:e:w 1281.3983891
          b:c:n 1282.4893998
          b:c:w 1255.6443930
          b:n:w 2466.7826907
          e:c:n 5824.1745278
          e:c:w 4931.9515225
          e:n:w 8028.8322378
          c:n:w 6932.3219924
        b:e:c:n 2302.6667896
        b:e:c:w 2122.7211324
        b:e:n:w 3174.3197115
        b:c:n:w 2831.2218964
        e:c:n:w 61363.2376144
