########################################
# legofit: estimate population history #
#       version 2.3.4-4-g53f8760       #
########################################

# Program was compiled: Sep 21 2021 14:36:42
# Program was run: Thu Sep 23 14:01:55 2021

# cmd: legofit -1 -d 0 -t 32 --ptsPerDim 3 --stateOut b1boot23.state --tol 3e-6 -S 5000 bcef2.lgo ../../boot/boot23.opf
# Stage nOptItr nSimReps
#     0    5000        0
# algorithm          : deterministic
# ignoring probs <=  : 0
# Branch length floor: 0
# DE strategy        : 2
#    F               : 0.3
#    CR              : 0.8
#    tolerance       : 3e-06
# nthreads           : 32
# lgo input file     : bcef2.lgo
# site pat input file: ../../boot/boot23.opf
# free parameters    : 16
# points in DE swarm : 48
# output state file  : b1boot23.state
# Including singleton site patterns.
# cost function      : KL
Initial parameter values
Fixed:
      zero = 0
       one = 1
    Tbecnw = 75200
Free:
       pc1 = 0
       pc2 = 0
       pc3 = 0
       pc4 = 0
       pc5 = 0
       pc6 = 0
       pc7 = 0
       pc8 = 0
       pc9 = 0
      pc10 = 0
      pc11 = 0
      pc12 = 0
      pc13 = 0
      pc14 = 0
      pc15 = 0
      pc16 = 0
Constrained:
     Tecnw = 59464.8
       Tnw = 47.2866
       Tec = 6065.92
     twoNb = 2.82566e+06
     twoNe = 83398.4
     twoNc = 292266
     twoNn = 292840
     twoNw = 1.09925e+06
    twoNec = 118930
    twoNnw = 147704
  twoNecnw = 13669.5
  twoNbecnw = 87493.5
        m2 = 0.047665
        m3 = 0.201031
        m5 = 0.328594
        m6 = 0.236285
        Tb = 32765.4
        Tc = 23.6433
        Te = 11.8216
        Tf = 5.91082
DiffEv reached_goal. cost=2.02528e-03 spread=2.15638e-06
Fitted parameter values
Free:
       pc1 = 1.13705
       pc2 = 1.59046
       pc3 = -1.93031
       pc4 = 2.18302
       pc5 = 1.58141
       pc6 = -1.45293
       pc7 = 1.9281
       pc8 = -0.914694
       pc9 = -0.36944
      pc10 = 0.276017
      pc11 = -0.00284577
      pc12 = 0.0686589
      pc13 = -0.159391
      pc14 = 0.273264
      pc15 = 0.127582
      pc16 = -0.0427845
Constrained:
     Tecnw = 59569.7
       Tnw = 11.4288
       Tec = 3661.16
     twoNb = 6.56306e+06
     twoNe = 51167.3
     twoNc = 167565
     twoNn = 694114
     twoNw = 540859
    twoNec = 128191
    twoNnw = 148239
  twoNecnw = 13599.1
  twoNbecnw = 87583.6
        m2 = 0.0491096
        m3 = 0.201997
        m5 = 0.325368
        m6 = 0.231421
        Tb = 31615.4
        Tc = 5.71439
        Te = 2.8572
        Tf = 1.4286
#       SitePat  BranchLen
              b 147212.3666425
              e 57328.6745420
              c 60214.7976570
              n 53249.3940176
              w 55912.0220321
            b:e 2855.9518013
            b:c 3211.1297051
            b:n 2137.9634569
            b:w 2318.0978261
            e:c 12370.1826498
            e:n 6899.4209018
            e:w 6084.8461564
            c:n 6075.4872171
            c:w 5144.2162877
            n:w 14488.9732418
          b:e:c 2493.3957982
          b:e:n 1262.8531697
          b:e:w 1288.5916424
          b:c:n 1289.6707432
          b:c:w 1261.9021525
          b:n:w 2488.3521222
          e:c:n 5863.6319078
          e:c:w 4954.0327053
          e:n:w 8065.5890951
          c:n:w 6940.6887336
        b:e:c:n 2320.2594166
        b:e:c:w 2134.9720282
        b:e:n:w 3192.0829788
        b:c:n:w 2840.1177911
        e:c:n:w 61193.2224815
