########################################
# legofit: estimate population history #
#       version 2.3.4-4-g53f8760       #
########################################

# Program was compiled: Sep 21 2021 14:36:42
# Program was run: Thu Sep 23 14:02:04 2021

# cmd: legofit -1 -d 0 -t 32 --ptsPerDim 3 --stateOut b1boot27.state --tol 3e-6 -S 5000 bcef2.lgo ../../boot/boot27.opf
# Stage nOptItr nSimReps
#     0    5000        0
# algorithm          : deterministic
# ignoring probs <=  : 0
# Branch length floor: 0
# DE strategy        : 2
#    F               : 0.3
#    CR              : 0.8
#    tolerance       : 3e-06
# nthreads           : 32
# lgo input file     : bcef2.lgo
# site pat input file: ../../boot/boot27.opf
# free parameters    : 16
# points in DE swarm : 48
# output state file  : b1boot27.state
# Including singleton site patterns.
# cost function      : KL
Initial parameter values
Fixed:
      zero = 0
       one = 1
    Tbecnw = 75200
Free:
       pc1 = 0
       pc2 = 0
       pc3 = 0
       pc4 = 0
       pc5 = 0
       pc6 = 0
       pc7 = 0
       pc8 = 0
       pc9 = 0
      pc10 = 0
      pc11 = 0
      pc12 = 0
      pc13 = 0
      pc14 = 0
      pc15 = 0
      pc16 = 0
Constrained:
     Tecnw = 59464.8
       Tnw = 47.2866
       Tec = 6065.92
     twoNb = 2.82566e+06
     twoNe = 83398.4
     twoNc = 292266
     twoNn = 292840
     twoNw = 1.09925e+06
    twoNec = 118930
    twoNnw = 147704
  twoNecnw = 13669.5
  twoNbecnw = 87493.5
        m2 = 0.047665
        m3 = 0.201031
        m5 = 0.328594
        m6 = 0.236285
        Tb = 32765.4
        Tc = 23.6433
        Te = 11.8216
        Tf = 5.91082
DiffEv reached_goal. cost=2.01703e-03 spread=2.23192e-06
Fitted parameter values
Free:
       pc1 = 2.71393
       pc2 = 2.44863
       pc3 = -1.50173
       pc4 = 2.29339
       pc5 = 1.84463
       pc6 = 0.0481067
       pc7 = 1.94588
       pc8 = -1.10581
       pc9 = -0.923779
      pc10 = 1.4855
      pc11 = -0.164978
      pc12 = 0.128787
      pc13 = -0.159064
      pc14 = 0.12875
      pc15 = -0.0263546
      pc16 = 0.0845831
Constrained:
     Tecnw = 58994.3
       Tnw = 14.8735
       Tec = 1575.15
     twoNb = 6.58956e+06
     twoNe = 23983.6
     twoNc = 319053
     twoNn = 400288
     twoNw = 536248
    twoNec = 138447
    twoNnw = 149800
  twoNecnw = 13933.4
  twoNbecnw = 87685.8
        m2 = 0.0495608
        m3 = 0.204454
        m5 = 0.319083
        m6 = 0.225737
        Tb = 30284.7
        Tc = 7.43675
        Te = 3.71837
        Tf = 1.85919
#       SitePat  BranchLen
              b 147373.9002822
              e 57216.8582084
              c 60019.4384441
              n 53199.5644928
              w 55868.3898628
            b:e 2863.2528702
            b:c 3209.7274262
            b:n 2133.8008624
            b:w 2297.5515728
            e:c 12335.0527705
            e:n 6857.5767662
            e:w 6027.7214451
            c:n 6069.6805016
            c:w 5106.8555398
            n:w 14331.5407771
          b:e:c 2460.2866314
          b:e:n 1259.2615648
          b:e:w 1284.6919767
          b:c:n 1285.8086367
          b:c:w 1258.2811984
          b:n:w 2455.1022720
          e:c:n 5838.8534682
          e:c:w 4970.2915881
          e:n:w 8064.0905148
          c:n:w 6966.8102547
        b:e:c:n 2299.7865388
        b:e:c:w 2130.5496479
        b:e:n:w 3189.5459964
        b:c:n:w 2846.3973410
        e:c:n:w 61550.1248304
