########################################
# legofit: estimate population history #
#       version 2.3.4-4-g53f8760       #
########################################

# Program was compiled: Sep 21 2021 14:36:42
# Program was run: Thu Oct 14 11:11:24 2021

# cmd: legofit -1 -d 0 -t 56 --ptsPerDim 3 --stateOut b1.state --tol 3e-6 -S 5000 abdefg2.lgo ../../chrX/pan_chrX.opf
# Stage nOptItr nSimReps
#     0    5000        0
# algorithm          : deterministic
# ignoring probs <=  : 0
# Branch length floor: 0
# DE strategy        : 2
#    F               : 0.3
#    CR              : 0.8
#    tolerance       : 3e-06
# nthreads           : 56
# lgo input file     : abdefg2.lgo
# site pat input file: ../../chrX/pan_chrX.opf
# free parameters    : 19
# points in DE swarm : 57
# output state file  : b1.state
# Including singleton site patterns.
# cost function      : KL
Initial parameter values
Fixed:
      zero = 0
       one = 1
    Tbecnw = 75200
Free:
       pc1 = 0
       pc2 = 0
       pc3 = 0
       pc4 = 0
       pc5 = 0
       pc6 = 0
       pc7 = 0
       pc8 = 0
       pc9 = 0
      pc10 = 0
      pc11 = 0
      pc12 = 0
      pc13 = 0
      pc14 = 0
      pc15 = 0
      pc16 = 0
      pc17 = 0
      pc18 = 0
      pc19 = 0
Constrained:
   Tgbecnw = 119836
     Tecnw = 27226.6
       Tnw = 12615
       Tec = 214.491
     twoNb = 1.75604e+08
     twoNe = 4.27418e+06
     twoNc = 4.14163e+06
     twoNw = 1.94754e+06
    twoNec = 130086
    twoNnw = 66575.4
  twoNecnw = 56958.3
  twoNbecnw = 13719.9
  twoNgbecnw = 332364
         m = 0.0869793
        m2 = 0.0110009
        m4 = 0.0110324
        m5 = 0.168327
        m6 = 0.0249564
        m7 = 0.0101585
        Tb = 13720.5
        Ta = 44460.3
        Td = 107.246
        Te = 53.6229
        Tf = 26.8114
        Tg = 13.4057
DiffEv reached_goal. cost=2.17621e-03 spread=2.75549e-06
Fitted parameter values
Free:
       pc1 = -1.87657
       pc2 = -2.4769
       pc3 = 1.99213
       pc4 = -0.370642
       pc5 = 1.99574
       pc6 = -1.99882
       pc7 = -1.96061
       pc8 = 1.81059
       pc9 = 1.86735
      pc10 = 0.495786
      pc11 = -0.21883
      pc12 = -0.288775
      pc13 = -0.0535187
      pc14 = -0.207986
      pc15 = -0.106828
      pc16 = -0.00327639
      pc17 = 0.0962309
      pc18 = -0.126412
      pc19 = 0.078208
Constrained:
   Tgbecnw = 107279
     Tecnw = 25083.3
       Tnw = 17860.6
       Tec = 1066.67
     twoNb = 6.48632e+08
     twoNe = 7.19304e+06
     twoNc = 7.45361e+06
     twoNw = 3.68853e+06
    twoNec = 125415
    twoNnw = 31025.2
  twoNecnw = 62762.1
  twoNbecnw = 10092.9
  twoNgbecnw = 321695
         m = 0.0861499
        m2 = 0.000649881
        m4 = 0.0170144
        m5 = 0.155324
        m6 = 0.0006374
        m7 = 0.0163162
        Tb = 13075
        Ta = 44137.5
        Td = 533.333
        Te = 266.667
        Tf = 133.333
        Tg = 66.6667
#       SitePat  BranchLen
              b 119540.0918894
              e 44525.1608584
              c 46529.6541023
              n 43641.9260903
              w 43613.3228943
            b:e 1235.7150353
            b:c 1373.8426905
            b:n 1042.7288155
            b:w 1041.5393362
            e:c 11794.8655619
            e:n 4593.0961670
            e:w 4621.5540673
            c:n 4065.6166930
            c:w 4059.7012025
            n:w 12226.8465173
          b:e:c 1265.4966864
          b:e:n 586.4320463
          b:e:w 587.6112986
          b:c:n 590.1440702
          b:c:w 588.9004349
          b:n:w 1257.1334958
          e:c:n 4233.1435556
          e:c:w 4239.2043419
          e:n:w 5752.8048139
          c:n:w 4855.8515965
        b:e:c:n 1127.2095783
        b:e:c:w 1128.4634407
        b:e:n:w 1879.1606478
        b:c:n:w 1717.8241389
        e:c:n:w 47392.3756338
