########################################
# legofit: estimate population history #
#       version 2.3.4-4-g53f8760       #
########################################

# Program was compiled: Sep 21 2021 14:36:42
# Program was run: Thu Oct 14 11:26:40 2021

# cmd: legofit -1 -d 0 -t 56 --ptsPerDim 3 --stateOut b1boot28.state --tol 3e-6 -S 5000 abdefg2.lgo ../../chrX/boot_chrX/boot28.opf
# Stage nOptItr nSimReps
#     0    5000        0
# algorithm          : deterministic
# ignoring probs <=  : 0
# Branch length floor: 0
# DE strategy        : 2
#    F               : 0.3
#    CR              : 0.8
#    tolerance       : 3e-06
# nthreads           : 56
# lgo input file     : abdefg2.lgo
# site pat input file: ../../chrX/boot_chrX/boot28.opf
# free parameters    : 19
# points in DE swarm : 57
# output state file  : b1boot28.state
# Including singleton site patterns.
# cost function      : KL
Initial parameter values
Fixed:
      zero = 0
       one = 1
    Tbecnw = 75200
Free:
       pc1 = 0
       pc2 = 0
       pc3 = 0
       pc4 = 0
       pc5 = 0
       pc6 = 0
       pc7 = 0
       pc8 = 0
       pc9 = 0
      pc10 = 0
      pc11 = 0
      pc12 = 0
      pc13 = 0
      pc14 = 0
      pc15 = 0
      pc16 = 0
      pc17 = 0
      pc18 = 0
      pc19 = 0
Constrained:
   Tgbecnw = 119836
     Tecnw = 27226.6
       Tnw = 12615
       Tec = 214.491
     twoNb = 1.75604e+08
     twoNe = 4.27418e+06
     twoNc = 4.14163e+06
     twoNw = 1.94754e+06
    twoNec = 130086
    twoNnw = 66575.4
  twoNecnw = 56958.3
  twoNbecnw = 13719.9
  twoNgbecnw = 332364
         m = 0.0869793
        m2 = 0.0110009
        m4 = 0.0110324
        m5 = 0.168327
        m6 = 0.0249564
        m7 = 0.0101585
        Tb = 13720.5
        Ta = 44460.3
        Td = 107.246
        Te = 53.6229
        Tf = 26.8114
        Tg = 13.4057
DiffEv reached_goal. cost=2.15110e-03 spread=2.76259e-06
Fitted parameter values
Free:
       pc1 = -1.61899
       pc2 = -2.39309
       pc3 = 1.99964
       pc4 = -1.02132
       pc5 = 1.99049
       pc6 = -1.996
       pc7 = -1.94102
       pc8 = 1.82804
       pc9 = 1.17166
      pc10 = -0.0898855
      pc11 = -0.236632
      pc12 = -0.404027
      pc13 = 0.0455224
      pc14 = -0.175465
      pc15 = 0.021335
      pc16 = -0.0328908
      pc17 = -0.105247
      pc18 = -0.0754451
      pc19 = 0.0326411
Constrained:
   Tgbecnw = 108016
     Tecnw = 25033.4
       Tnw = 18557.5
       Tec = 771.691
     twoNb = 1.32049e+08
     twoNe = 5.13822e+06
     twoNc = 8.63243e+06
     twoNw = 3.54999e+06
    twoNec = 125080
    twoNnw = 26985.4
  twoNecnw = 61549.9
  twoNbecnw = 10234.8
  twoNgbecnw = 326521
         m = 0.081859
        m2 = 0.000372151
        m4 = 0.0168323
        m5 = 0.164937
        m6 = 0.00581401
        m7 = 0.0168716
        Tb = 12902.5
        Ta = 44051.3
        Td = 385.845
        Te = 192.923
        Tf = 96.4614
        Tg = 48.2307
#       SitePat  BranchLen
              b 118696.4289675
              e 44189.1133891
              c 46209.1595076
              n 43245.0334328
              w 43211.7230257
            b:e 1217.8942894
            b:c 1354.5721845
            b:n 1016.9165846
            b:w 1015.5381650
            e:c 11711.8813651
            e:n 4568.0978043
            e:w 4599.9985714
            c:n 4040.4089986
            c:w 4034.6495053
            n:w 12150.3285530
          b:e:c 1242.4791431
          b:e:n 573.2226971
          b:e:w 574.5027219
          b:c:n 576.9359996
          b:c:w 575.5844667
          b:n:w 1233.2727875
          e:c:n 4210.1385748
          e:c:w 4217.3077080
          e:n:w 5822.9608461
          c:n:w 4894.1754264
        b:e:c:n 1095.7662494
        b:e:c:w 1097.2161769
        b:e:n:w 1833.0174684
        b:c:n:w 1693.3216994
        e:c:n:w 46843.0727086
