########################################
# legofit: estimate population history #
#       version 2.3.4-4-g53f8760       #
########################################

# Program was compiled: Sep 21 2021 14:36:42
# Program was run: Thu Oct 14 11:27:19 2021

# cmd: legofit -1 -d 0 -t 56 --ptsPerDim 3 --stateOut b1boot29.state --tol 3e-6 -S 5000 abdefg2.lgo ../../chrX/boot_chrX/boot29.opf
# Stage nOptItr nSimReps
#     0    5000        0
# algorithm          : deterministic
# ignoring probs <=  : 0
# Branch length floor: 0
# DE strategy        : 2
#    F               : 0.3
#    CR              : 0.8
#    tolerance       : 3e-06
# nthreads           : 56
# lgo input file     : abdefg2.lgo
# site pat input file: ../../chrX/boot_chrX/boot29.opf
# free parameters    : 19
# points in DE swarm : 57
# output state file  : b1boot29.state
# Including singleton site patterns.
# cost function      : KL
Initial parameter values
Fixed:
      zero = 0
       one = 1
    Tbecnw = 75200
Free:
       pc1 = 0
       pc2 = 0
       pc3 = 0
       pc4 = 0
       pc5 = 0
       pc6 = 0
       pc7 = 0
       pc8 = 0
       pc9 = 0
      pc10 = 0
      pc11 = 0
      pc12 = 0
      pc13 = 0
      pc14 = 0
      pc15 = 0
      pc16 = 0
      pc17 = 0
      pc18 = 0
      pc19 = 0
Constrained:
   Tgbecnw = 119836
     Tecnw = 27226.6
       Tnw = 12615
       Tec = 214.491
     twoNb = 1.75604e+08
     twoNe = 4.27418e+06
     twoNc = 4.14163e+06
     twoNw = 1.94754e+06
    twoNec = 130086
    twoNnw = 66575.4
  twoNecnw = 56958.3
  twoNbecnw = 13719.9
  twoNgbecnw = 332364
         m = 0.0869793
        m2 = 0.0110009
        m4 = 0.0110324
        m5 = 0.168327
        m6 = 0.0249564
        m7 = 0.0101585
        Tb = 13720.5
        Ta = 44460.3
        Td = 107.246
        Te = 53.6229
        Tf = 26.8114
        Tg = 13.4057
DiffEv reached_goal. cost=2.25659e-03 spread=2.99889e-06
Fitted parameter values
Free:
       pc1 = -1.4727
       pc2 = -2.49698
       pc3 = 1.99693
       pc4 = -0.728918
       pc5 = 1.99605
       pc6 = -1.99759
       pc7 = -1.99488
       pc8 = 1.90498
       pc9 = 1.95033
      pc10 = 0.6061
      pc11 = -0.402779
      pc12 = -0.0412233
      pc13 = 0.0466648
      pc14 = -0.163689
      pc15 = 0.0411126
      pc16 = -0.353286
      pc17 = -0.0702483
      pc18 = -0.142259
      pc19 = 0.109331
Constrained:
   Tgbecnw = 108236
     Tecnw = 25248.3
       Tnw = 18143.9
       Tec = 1052.02
     twoNb = 5.13219e+08
     twoNe = 7.36262e+06
     twoNc = 8.1403e+06
     twoNw = 3.78001e+06
    twoNec = 124782
    twoNnw = 31586.4
  twoNecnw = 59799.9
  twoNbecnw = 10103.1
  twoNgbecnw = 345407
         m = 0.0774464
        m2 = 0.000220481
        m4 = 0.0183038
        m5 = 0.154785
        m6 = 0.00162535
        m7 = 0.0158125
        Tb = 13150.2
        Ta = 44175.1
        Td = 526.009
        Te = 263.005
        Tf = 131.502
        Tg = 65.7511
#       SitePat  BranchLen
              b 118658.6301682
              e 43969.7559431
              c 45950.1156269
              n 43417.0812721
              w 43388.9251544
            b:e 1177.0676882
            b:c 1316.9290732
            b:n 1009.9405098
            b:w 1008.7962813
            e:c 11640.1843862
            e:n 4532.9131623
            e:w 4560.7053349
            c:n 4026.7155218
            c:w 4021.0564921
            n:w 11825.7651984
          b:e:c 1206.4377868
          b:e:n 564.7366875
          b:e:w 565.8559669
          b:c:n 568.2073664
          b:c:w 567.0302604
          b:n:w 1198.3124692
          e:c:n 4256.3171854
          e:c:w 4262.3401602
          e:n:w 5673.8091826
          c:n:w 4796.5119899
        b:e:c:n 1086.0756039
        b:e:c:w 1087.2776589
        b:e:n:w 1828.8130754
        b:c:n:w 1627.0906954
        e:c:n:w 47058.9115779
