########################################
# legofit: estimate population history #
#       version 2.3.4-4-g53f8760       #
########################################

# Program was compiled: Sep 21 2021 14:36:42
# Program was run: Thu Oct 14 11:23:54 2021

# cmd: legofit -1 -d 0 -t 56 --ptsPerDim 3 --stateOut b1boot24.state --tol 3e-6 -S 5000 abdefg2.lgo ../../chrX/boot_chrX/boot24.opf
# Stage nOptItr nSimReps
#     0    5000        0
# algorithm          : deterministic
# ignoring probs <=  : 0
# Branch length floor: 0
# DE strategy        : 2
#    F               : 0.3
#    CR              : 0.8
#    tolerance       : 3e-06
# nthreads           : 56
# lgo input file     : abdefg2.lgo
# site pat input file: ../../chrX/boot_chrX/boot24.opf
# free parameters    : 19
# points in DE swarm : 57
# output state file  : b1boot24.state
# Including singleton site patterns.
# cost function      : KL
Initial parameter values
Fixed:
      zero = 0
       one = 1
    Tbecnw = 75200
Free:
       pc1 = 0
       pc2 = 0
       pc3 = 0
       pc4 = 0
       pc5 = 0
       pc6 = 0
       pc7 = 0
       pc8 = 0
       pc9 = 0
      pc10 = 0
      pc11 = 0
      pc12 = 0
      pc13 = 0
      pc14 = 0
      pc15 = 0
      pc16 = 0
      pc17 = 0
      pc18 = 0
      pc19 = 0
Constrained:
   Tgbecnw = 119836
     Tecnw = 27226.6
       Tnw = 12615
       Tec = 214.491
     twoNb = 1.75604e+08
     twoNe = 4.27418e+06
     twoNc = 4.14163e+06
     twoNw = 1.94754e+06
    twoNec = 130086
    twoNnw = 66575.4
  twoNecnw = 56958.3
  twoNbecnw = 13719.9
  twoNgbecnw = 332364
         m = 0.0869793
        m2 = 0.0110009
        m4 = 0.0110324
        m5 = 0.168327
        m6 = 0.0249564
        m7 = 0.0101585
        Tb = 13720.5
        Ta = 44460.3
        Td = 107.246
        Te = 53.6229
        Tf = 26.8114
        Tg = 13.4057
DiffEv reached_goal. cost=2.29210e-03 spread=2.99071e-06
Fitted parameter values
Free:
       pc1 = -1.54596
       pc2 = -1.7798
       pc3 = 1.99363
       pc4 = -1.23929
       pc5 = 1.99576
       pc6 = -1.99841
       pc7 = -1.79108
       pc8 = 1.97388
       pc9 = 1.74024
      pc10 = 0.0852299
      pc11 = -0.33646
      pc12 = -0.334958
      pc13 = -0.113084
      pc14 = -0.238824
      pc15 = -0.0277244
      pc16 = -0.0778126
      pc17 = 0.0237364
      pc18 = -0.0291261
      pc19 = 0.0982582
Constrained:
   Tgbecnw = 107247
     Tecnw = 25072.1
       Tnw = 18421.9
       Tec = 844.126
     twoNb = 1.96821e+08
     twoNe = 5.85836e+06
     twoNc = 8.6202e+06
     twoNw = 3.69926e+06
    twoNec = 125805
    twoNnw = 29116.4
  twoNecnw = 61203.7
  twoNbecnw = 9747.1
  twoNgbecnw = 375258
         m = 0.0702103
        m2 = 0.00176309
        m4 = 0.0156423
        m5 = 0.165175
        m6 = 0.000741287
        m7 = 0.0151251
        Tb = 12958.1
        Ta = 44079.1
        Td = 422.063
        Te = 211.032
        Tf = 105.516
        Tg = 52.7579
#       SitePat  BranchLen
              b 118261.7005255
              e 44111.3974191
              c 46170.3977711
              n 43478.2629012
              w 43447.1488963
            b:e 1234.1830963
            b:c 1379.8232919
            b:n 1058.2590427
            b:w 1056.9310666
            e:c 11676.4654951
            e:n 4603.2331658
            e:w 4634.1745315
            c:n 4065.6642396
            c:w 4059.1520900
            n:w 11935.7969957
          b:e:c 1272.0183723
          b:e:n 596.4804487
          b:e:w 597.7959785
          b:c:n 600.5001461
          b:c:w 599.1124329
          b:n:w 1264.5391085
          e:c:n 4261.3720206
          e:c:w 4268.0568093
          e:n:w 5759.6689214
          c:n:w 4831.3364619
        b:e:c:n 1144.1969018
        b:e:c:w 1145.5970614
        b:e:n:w 1874.3828269
        b:c:n:w 1705.3299509
        e:c:n:w 46611.8272857
