########################################
# legofit: estimate population history #
#       version 2.3.4-4-g53f8760       #
########################################

# Program was compiled: Sep 21 2021 14:36:42
# Program was run: Thu Oct 14 11:12:19 2021

# cmd: legofit -1 -d 0 -t 56 --ptsPerDim 3 --stateOut b1boot6.state --tol 3e-6 -S 5000 abdefg2.lgo ../../chrX/boot_chrX/boot6.opf
# Stage nOptItr nSimReps
#     0    5000        0
# algorithm          : deterministic
# ignoring probs <=  : 0
# Branch length floor: 0
# DE strategy        : 2
#    F               : 0.3
#    CR              : 0.8
#    tolerance       : 3e-06
# nthreads           : 56
# lgo input file     : abdefg2.lgo
# site pat input file: ../../chrX/boot_chrX/boot6.opf
# free parameters    : 19
# points in DE swarm : 57
# output state file  : b1boot6.state
# Including singleton site patterns.
# cost function      : KL
Initial parameter values
Fixed:
      zero = 0
       one = 1
    Tbecnw = 75200
Free:
       pc1 = 0
       pc2 = 0
       pc3 = 0
       pc4 = 0
       pc5 = 0
       pc6 = 0
       pc7 = 0
       pc8 = 0
       pc9 = 0
      pc10 = 0
      pc11 = 0
      pc12 = 0
      pc13 = 0
      pc14 = 0
      pc15 = 0
      pc16 = 0
      pc17 = 0
      pc18 = 0
      pc19 = 0
Constrained:
   Tgbecnw = 119836
     Tecnw = 27226.6
       Tnw = 12615
       Tec = 214.491
     twoNb = 1.75604e+08
     twoNe = 4.27418e+06
     twoNc = 4.14163e+06
     twoNw = 1.94754e+06
    twoNec = 130086
    twoNnw = 66575.4
  twoNecnw = 56958.3
  twoNbecnw = 13719.9
  twoNgbecnw = 332364
         m = 0.0869793
        m2 = 0.0110009
        m4 = 0.0110324
        m5 = 0.168327
        m6 = 0.0249564
        m7 = 0.0101585
        Tb = 13720.5
        Ta = 44460.3
        Td = 107.246
        Te = 53.6229
        Tf = 26.8114
        Tg = 13.4057
DiffEv reached_goal. cost=2.09775e-03 spread=2.86273e-06
Fitted parameter values
Free:
       pc1 = -1.94718
       pc2 = -1.81795
       pc3 = 1.95634
       pc4 = -0.441406
       pc5 = 1.98636
       pc6 = -1.92084
       pc7 = -1.66952
       pc8 = 0.357212
       pc9 = 0.924395
      pc10 = 0.683311
      pc11 = -1.25123
      pc12 = 0.121656
      pc13 = 0.100009
      pc14 = -0.207439
      pc15 = -0.00213542
      pc16 = 0.00362363
      pc17 = -0.10471
      pc18 = -0.124366
      pc19 = 0.0026905
Constrained:
   Tgbecnw = 107132
     Tecnw = 25600.8
       Tnw = 17235.8
       Tec = 580.437
     twoNb = 8.40465e+08
     twoNe = 4.85559e+06
     twoNc = 5.07808e+06
     twoNw = 3.66707e+06
    twoNec = 138123
    twoNnw = 37037.2
  twoNecnw = 58158.5
  twoNbecnw = 10743.9
  twoNgbecnw = 278135
         m = 0.0934045
        m2 = 0.000209481
        m4 = 0.016171
        m5 = 0.155913
        m6 = 0.000170637
        m7 = 0.0149063
        Tb = 13090.6
        Ta = 44145.3
        Td = 290.219
        Te = 145.109
        Tf = 72.5547
        Tg = 36.2773
#       SitePat  BranchLen
              b 119081.4404014
              e 44195.2971084
              c 46169.2315603
              n 43309.3048539
              w 43281.2641991
            b:e 1240.9596567
            b:c 1381.1756322
            b:n 1048.6130393
            b:w 1047.4390350
            e:c 11410.2545013
            e:n 4595.8834031
            e:w 4623.8860950
            c:n 4080.9153513
            c:w 4074.9559202
            n:w 11888.3143623
          b:e:c 1246.1417214
          b:e:n 593.4797513
          b:e:w 594.6510760
          b:c:n 596.9252445
          b:c:w 595.6975368
          b:n:w 1237.9028802
          e:c:n 4307.0943799
          e:c:w 4313.0917740
          e:n:w 5826.8362998
          c:n:w 4944.2329555
        b:e:c:n 1124.0334786
        b:e:c:w 1125.2638658
        b:e:n:w 1815.4780671
        b:c:n:w 1643.3372452
        e:c:n:w 47360.1875937
