########################################
# legofit: estimate population history #
#       version 2.3.4-4-g53f8760       #
########################################

# Program was compiled: Sep 21 2021 14:36:42
# Program was run: Thu Oct 14 11:12:43 2021

# cmd: legofit -1 -d 0 -t 56 --ptsPerDim 3 --stateOut b1boot17.state --tol 3e-6 -S 5000 abdefg2.lgo ../../chrX/boot_chrX/boot17.opf
# Stage nOptItr nSimReps
#     0    5000        0
# algorithm          : deterministic
# ignoring probs <=  : 0
# Branch length floor: 0
# DE strategy        : 2
#    F               : 0.3
#    CR              : 0.8
#    tolerance       : 3e-06
# nthreads           : 56
# lgo input file     : abdefg2.lgo
# site pat input file: ../../chrX/boot_chrX/boot17.opf
# free parameters    : 19
# points in DE swarm : 57
# output state file  : b1boot17.state
# Including singleton site patterns.
# cost function      : KL
Initial parameter values
Fixed:
      zero = 0
       one = 1
    Tbecnw = 75200
Free:
       pc1 = 0
       pc2 = 0
       pc3 = 0
       pc4 = 0
       pc5 = 0
       pc6 = 0
       pc7 = 0
       pc8 = 0
       pc9 = 0
      pc10 = 0
      pc11 = 0
      pc12 = 0
      pc13 = 0
      pc14 = 0
      pc15 = 0
      pc16 = 0
      pc17 = 0
      pc18 = 0
      pc19 = 0
Constrained:
   Tgbecnw = 119836
     Tecnw = 27226.6
       Tnw = 12615
       Tec = 214.491
     twoNb = 1.75604e+08
     twoNe = 4.27418e+06
     twoNc = 4.14163e+06
     twoNw = 1.94754e+06
    twoNec = 130086
    twoNnw = 66575.4
  twoNecnw = 56958.3
  twoNbecnw = 13719.9
  twoNgbecnw = 332364
         m = 0.0869793
        m2 = 0.0110009
        m4 = 0.0110324
        m5 = 0.168327
        m6 = 0.0249564
        m7 = 0.0101585
        Tb = 13720.5
        Ta = 44460.3
        Td = 107.246
        Te = 53.6229
        Tf = 26.8114
        Tg = 13.4057
DiffEv reached_goal. cost=2.19394e-03 spread=2.95734e-06
Fitted parameter values
Free:
       pc1 = -0.330734
       pc2 = -2.31652
       pc3 = 1.98857
       pc4 = -0.51538
       pc5 = 1.98067
       pc6 = -1.99482
       pc7 = -1.95641
       pc8 = 1.64124
       pc9 = 1.26956
      pc10 = 0.386652
      pc11 = 0.176323
      pc12 = -0.419002
      pc13 = -0.0216793
      pc14 = 0.0128729
      pc15 = 0.148885
      pc16 = -0.27805
      pc17 = 0.00594895
      pc18 = -0.0278132
      pc19 = 0.101356
Constrained:
   Tgbecnw = 109075
     Tecnw = 25894
       Tnw = 15575
       Tec = 739.492
     twoNb = 5.48635e+08
     twoNe = 5.62454e+06
     twoNc = 8.37535e+06
     twoNw = 3.54944e+06
    twoNec = 117401
    twoNnw = 45442.9
  twoNecnw = 59401.5
  twoNbecnw = 10359.3
  twoNgbecnw = 348384
         m = 0.0759629
        m2 = 0.00118111
        m4 = 0.0181528
        m5 = 0.163102
        m6 = 0.0132259
        m7 = 0.0170098
        Tb = 13316.8
        Ta = 44258.4
        Td = 369.746
        Te = 184.873
        Tf = 92.4366
        Tg = 46.2183
#       SitePat  BranchLen
              b 118627.0638748
              e 43992.1806569
              c 45940.7931148
              n 43501.9303965
              w 43471.8058309
            b:e 1198.2899117
            b:c 1328.2328190
            b:n 1032.9321091
            b:w 1031.7280877
            e:c 11991.9756853
            e:n 4512.4451232
            e:w 4539.7806296
            c:n 3987.3707555
            c:w 3983.9193165
            n:w 12132.6142481
          b:e:c 1240.4039952
          b:e:n 569.7240005
          b:e:w 570.7388405
          b:c:n 572.9809022
          b:c:w 571.9052900
          b:n:w 1234.6048085
          e:c:n 4276.4119160
          e:c:w 4282.6524142
          e:n:w 5617.7187462
          c:n:w 4774.5748301
        b:e:c:n 1110.7244083
        b:e:c:w 1111.9892020
        b:e:n:w 1849.9025168
        b:c:n:w 1691.0033912
        e:c:n:w 46877.2862185
