########################################
# legofit: estimate population history #
#       version 2.3.4-4-g53f8760       #
########################################

# Program was compiled: Sep 21 2021 14:36:42
# Program was run: Thu Oct 14 11:31:21 2021

# cmd: legofit -1 -d 0 -t 56 --ptsPerDim 3 --stateOut b1boot32.state --tol 3e-6 -S 5000 abdefg2.lgo ../../chrX/boot_chrX/boot32.opf
# Stage nOptItr nSimReps
#     0    5000        0
# algorithm          : deterministic
# ignoring probs <=  : 0
# Branch length floor: 0
# DE strategy        : 2
#    F               : 0.3
#    CR              : 0.8
#    tolerance       : 3e-06
# nthreads           : 56
# lgo input file     : abdefg2.lgo
# site pat input file: ../../chrX/boot_chrX/boot32.opf
# free parameters    : 19
# points in DE swarm : 57
# output state file  : b1boot32.state
# Including singleton site patterns.
# cost function      : KL
Initial parameter values
Fixed:
      zero = 0
       one = 1
    Tbecnw = 75200
Free:
       pc1 = 0
       pc2 = 0
       pc3 = 0
       pc4 = 0
       pc5 = 0
       pc6 = 0
       pc7 = 0
       pc8 = 0
       pc9 = 0
      pc10 = 0
      pc11 = 0
      pc12 = 0
      pc13 = 0
      pc14 = 0
      pc15 = 0
      pc16 = 0
      pc17 = 0
      pc18 = 0
      pc19 = 0
Constrained:
   Tgbecnw = 119836
     Tecnw = 27226.6
       Tnw = 12615
       Tec = 214.491
     twoNb = 1.75604e+08
     twoNe = 4.27418e+06
     twoNc = 4.14163e+06
     twoNw = 1.94754e+06
    twoNec = 130086
    twoNnw = 66575.4
  twoNecnw = 56958.3
  twoNbecnw = 13719.9
  twoNgbecnw = 332364
         m = 0.0869793
        m2 = 0.0110009
        m4 = 0.0110324
        m5 = 0.168327
        m6 = 0.0249564
        m7 = 0.0101585
        Tb = 13720.5
        Ta = 44460.3
        Td = 107.246
        Te = 53.6229
        Tf = 26.8114
        Tg = 13.4057
DiffEv reached_goal. cost=2.05422e-03 spread=2.87828e-06
Fitted parameter values
Free:
       pc1 = -1.97453
       pc2 = -2.14331
       pc3 = 1.99703
       pc4 = -0.954907
       pc5 = 1.97843
       pc6 = -1.97327
       pc7 = -1.73413
       pc8 = 1.87441
       pc9 = 1.68925
      pc10 = -0.0833782
      pc11 = -0.365122
      pc12 = -0.0292159
      pc13 = -0.0759256
      pc14 = 0.118182
      pc15 = 0.100568
      pc16 = -0.197599
      pc17 = 0.0539056
      pc18 = -0.101623
      pc19 = 0.192895
Constrained:
   Tgbecnw = 107153
     Tecnw = 25283.2
       Tnw = 20143.2
       Tec = 899.406
     twoNb = 2.78098e+08
     twoNe = 5.92888e+06
     twoNc = 7.81147e+06
     twoNw = 3.53795e+06
    twoNec = 125492
    twoNnw = 21194.4
  twoNecnw = 61399.4
  twoNbecnw = 9925.05
  twoNgbecnw = 342366
         m = 0.0793098
        m2 = 0.000297824
        m4 = 0.0158653
        m5 = 0.157525
        m6 = 0.000958504
        m7 = 0.0150089
        Tb = 13091.3
        Ta = 44145.7
        Td = 449.703
        Te = 224.852
        Tf = 112.426
        Tg = 56.2129
#       SitePat  BranchLen
              b 119082.6269702
              e 44253.9979348
              c 46272.3191622
              n 43584.2634856
              w 43551.0378684
            b:e 1221.9664077
            b:c 1367.6775604
            b:n 1034.3674903
            b:w 1032.9529842
            e:c 11837.2276968
            e:n 4500.7373733
            e:w 4533.7131813
            c:n 3990.9136914
            c:w 3983.9761552
            n:w 12064.7696300
          b:e:c 1274.9641148
          b:e:n 579.4412518
          b:e:w 580.8378242
          b:c:n 583.4540379
          b:c:w 581.9817252
          b:n:w 1265.2077536
          e:c:n 4205.7284400
          e:c:w 4212.9157854
          e:n:w 5784.3443493
          c:n:w 4846.0434561
        b:e:c:n 1116.7813320
        b:e:c:w 1118.2715784
        b:e:n:w 1836.2025476
        b:c:n:w 1664.8750758
        e:c:n:w 47284.4789366
