########################################
# legofit: estimate population history #
#       version 2.3.4-4-g53f8760       #
########################################

# Program was compiled: Sep 21 2021 14:36:42
# Program was run: Thu Oct 14 11:11:33 2021

# cmd: legofit -1 -d 0 -t 56 --ptsPerDim 3 --stateOut b1boot0.state --tol 3e-6 -S 5000 abdefg2.lgo ../../chrX/boot_chrX/boot0.opf
# Stage nOptItr nSimReps
#     0    5000        0
# algorithm          : deterministic
# ignoring probs <=  : 0
# Branch length floor: 0
# DE strategy        : 2
#    F               : 0.3
#    CR              : 0.8
#    tolerance       : 3e-06
# nthreads           : 56
# lgo input file     : abdefg2.lgo
# site pat input file: ../../chrX/boot_chrX/boot0.opf
# free parameters    : 19
# points in DE swarm : 57
# output state file  : b1boot0.state
# Including singleton site patterns.
# cost function      : KL
Initial parameter values
Fixed:
      zero = 0
       one = 1
    Tbecnw = 75200
Free:
       pc1 = 0
       pc2 = 0
       pc3 = 0
       pc4 = 0
       pc5 = 0
       pc6 = 0
       pc7 = 0
       pc8 = 0
       pc9 = 0
      pc10 = 0
      pc11 = 0
      pc12 = 0
      pc13 = 0
      pc14 = 0
      pc15 = 0
      pc16 = 0
      pc17 = 0
      pc18 = 0
      pc19 = 0
Constrained:
   Tgbecnw = 119836
     Tecnw = 27226.6
       Tnw = 12615
       Tec = 214.491
     twoNb = 1.75604e+08
     twoNe = 4.27418e+06
     twoNc = 4.14163e+06
     twoNw = 1.94754e+06
    twoNec = 130086
    twoNnw = 66575.4
  twoNecnw = 56958.3
  twoNbecnw = 13719.9
  twoNgbecnw = 332364
         m = 0.0869793
        m2 = 0.0110009
        m4 = 0.0110324
        m5 = 0.168327
        m6 = 0.0249564
        m7 = 0.0101585
        Tb = 13720.5
        Ta = 44460.3
        Td = 107.246
        Te = 53.6229
        Tf = 26.8114
        Tg = 13.4057
DiffEv reached_goal. cost=2.12393e-03 spread=2.23206e-06
Fitted parameter values
Free:
       pc1 = -1.28244
       pc2 = 0.277441
       pc3 = 1.99641
       pc4 = -1.08094
       pc5 = 1.98909
       pc6 = -1.99837
       pc7 = -1.95376
       pc8 = 1.94537
       pc9 = 0.842655
      pc10 = -0.679446
      pc11 = 0.409703
      pc12 = -0.34544
      pc13 = 0.210831
      pc14 = -0.273431
      pc15 = -0.12545
      pc16 = 0.0887655
      pc17 = -0.025225
      pc18 = -0.0310681
      pc19 = 0.0441866
Constrained:
   Tgbecnw = 103690
     Tecnw = 25247.2
       Tnw = 17561.5
       Tec = 328.567
     twoNb = 7.1232e+07
     twoNe = 2.95281e+06
     twoNc = 1.01759e+07
     twoNw = 3.63345e+06
    twoNec = 123008
    twoNnw = 31657.9
  twoNecnw = 61644.2
  twoNbecnw = 8963.61
  twoNgbecnw = 342950
         m = 0.0779475
        m2 = 0.00827097
        m4 = 0.0118588
        m5 = 0.17461
        m6 = 0.0246985
        m7 = 0.0123298
        Tb = 12787.9
        Ta = 43993.9
        Td = 164.283
        Te = 82.1417
        Tf = 41.0708
        Tg = 20.5354
#       SitePat  BranchLen
              b 118018.5250089
              e 44181.0186349
              c 46165.0449649
              n 43113.7080254
              w 43076.9876155
            b:e 1246.2091058
            b:c 1383.2925571
            b:n 1032.4702291
            b:w 1030.9389350
            e:c 11735.9157863
            e:n 4567.5450800
            e:w 4598.6699822
            c:n 4045.7888553
            c:w 4043.5469228
            n:w 12198.2719026
          b:e:c 1270.1853714
          b:e:n 585.3282259
          b:e:w 586.4642874
          b:c:n 589.0815056
          b:c:w 587.8595347
          b:n:w 1272.7099012
          e:c:n 4163.9093291
          e:c:w 4171.7467693
          e:n:w 5796.6780638
          c:n:w 4900.0237193
        b:e:c:n 1119.7433844
        b:e:c:w 1121.3605879
        b:e:n:w 1912.2411873
        b:c:n:w 1759.5165047
        e:c:n:w 46458.9106433
