########################################
# legofit: estimate population history #
#       version 2.3.4-4-g53f8760       #
########################################

# Program was compiled: Sep 21 2021 14:36:42
# Program was run: Thu Oct 14 11:12:02 2021

# cmd: legofit -1 -d 0 -t 56 --ptsPerDim 3 --stateOut b1boot4.state --tol 3e-6 -S 5000 abdefg2.lgo ../../chrX/boot_chrX/boot4.opf
# Stage nOptItr nSimReps
#     0    5000        0
# algorithm          : deterministic
# ignoring probs <=  : 0
# Branch length floor: 0
# DE strategy        : 2
#    F               : 0.3
#    CR              : 0.8
#    tolerance       : 3e-06
# nthreads           : 56
# lgo input file     : abdefg2.lgo
# site pat input file: ../../chrX/boot_chrX/boot4.opf
# free parameters    : 19
# points in DE swarm : 57
# output state file  : b1boot4.state
# Including singleton site patterns.
# cost function      : KL
Initial parameter values
Fixed:
      zero = 0
       one = 1
    Tbecnw = 75200
Free:
       pc1 = 0
       pc2 = 0
       pc3 = 0
       pc4 = 0
       pc5 = 0
       pc6 = 0
       pc7 = 0
       pc8 = 0
       pc9 = 0
      pc10 = 0
      pc11 = 0
      pc12 = 0
      pc13 = 0
      pc14 = 0
      pc15 = 0
      pc16 = 0
      pc17 = 0
      pc18 = 0
      pc19 = 0
Constrained:
   Tgbecnw = 119836
     Tecnw = 27226.6
       Tnw = 12615
       Tec = 214.491
     twoNb = 1.75604e+08
     twoNe = 4.27418e+06
     twoNc = 4.14163e+06
     twoNw = 1.94754e+06
    twoNec = 130086
    twoNnw = 66575.4
  twoNecnw = 56958.3
  twoNbecnw = 13719.9
  twoNgbecnw = 332364
         m = 0.0869793
        m2 = 0.0110009
        m4 = 0.0110324
        m5 = 0.168327
        m6 = 0.0249564
        m7 = 0.0101585
        Tb = 13720.5
        Ta = 44460.3
        Td = 107.246
        Te = 53.6229
        Tf = 26.8114
        Tg = 13.4057
DiffEv reached_goal. cost=2.30257e-03 spread=2.92468e-06
Fitted parameter values
Free:
       pc1 = -0.555171
       pc2 = -1.24362
       pc3 = 1.98747
       pc4 = -0.975646
       pc5 = 1.99772
       pc6 = -1.98816
       pc7 = -1.9948
       pc8 = 1.72624
       pc9 = 0.425329
      pc10 = -0.424126
      pc11 = -0.465999
      pc12 = 0.0715454
      pc13 = -0.326367
      pc14 = -0.028423
      pc15 = 0.39141
      pc16 = 0.336902
      pc17 = -0.0336342
      pc18 = -0.0578674
      pc19 = 0.0136637
Constrained:
   Tgbecnw = 106491
     Tecnw = 26137.3
       Tnw = 16580.8
       Tec = 451.913
     twoNb = 7.16803e+07
     twoNe = 3.0054e+06
     twoNc = 9.49675e+06
     twoNw = 3.50356e+06
    twoNec = 124054
    twoNnw = 40063.9
  twoNecnw = 59320.7
  twoNbecnw = 10020.4
  twoNgbecnw = 329459
         m = 0.0810709
        m2 = 0.000437593
        m4 = 0.0149139
        m5 = 0.185818
        m6 = 0.0230848
        m7 = 0.0138321
        Tb = 13294.6
        Ta = 44247.3
        Td = 225.957
        Te = 112.978
        Tf = 56.4891
        Tg = 28.2446
#       SitePat  BranchLen
              b 119240.5928008
              e 44061.7630890
              c 46224.7743904
              n 43377.2724062
              w 43338.9691053
            b:e 1241.5180150
            b:c 1393.8620708
            b:n 1065.8908033
            b:w 1064.2785388
            e:c 11714.9028472
            e:n 4602.5054616
            e:w 4635.6007447
            c:n 4028.7606105
            c:w 4025.8878158
            n:w 12095.2910584
          b:e:c 1287.4256009
          b:e:n 599.6897417
          b:e:w 600.9307527
          b:c:n 603.6505244
          b:c:w 602.3258184
          b:n:w 1278.5532229
          e:c:n 4250.0991611
          e:c:w 4258.1799735
          e:n:w 5812.6612314
          c:n:w 4851.2097650
        b:e:c:n 1148.6336948
        b:e:c:w 1150.3296543
        b:e:n:w 1825.8243458
        b:c:n:w 1650.0223812
        e:c:n:w 47563.4637487
