########################################
# legofit: estimate population history #
#       version 2.3.4-4-g53f8760       #
########################################

# Program was compiled: Sep 21 2021 14:36:42
# Program was run: Thu Oct 14 11:13:14 2021

# cmd: legofit -1 -d 0 -t 56 --ptsPerDim 3 --stateOut b1boot21.state --tol 3e-6 -S 5000 abdefg2.lgo ../../chrX/boot_chrX/boot21.opf
# Stage nOptItr nSimReps
#     0    5000        0
# algorithm          : deterministic
# ignoring probs <=  : 0
# Branch length floor: 0
# DE strategy        : 2
#    F               : 0.3
#    CR              : 0.8
#    tolerance       : 3e-06
# nthreads           : 56
# lgo input file     : abdefg2.lgo
# site pat input file: ../../chrX/boot_chrX/boot21.opf
# free parameters    : 19
# points in DE swarm : 57
# output state file  : b1boot21.state
# Including singleton site patterns.
# cost function      : KL
Initial parameter values
Fixed:
      zero = 0
       one = 1
    Tbecnw = 75200
Free:
       pc1 = 0
       pc2 = 0
       pc3 = 0
       pc4 = 0
       pc5 = 0
       pc6 = 0
       pc7 = 0
       pc8 = 0
       pc9 = 0
      pc10 = 0
      pc11 = 0
      pc12 = 0
      pc13 = 0
      pc14 = 0
      pc15 = 0
      pc16 = 0
      pc17 = 0
      pc18 = 0
      pc19 = 0
Constrained:
   Tgbecnw = 119836
     Tecnw = 27226.6
       Tnw = 12615
       Tec = 214.491
     twoNb = 1.75604e+08
     twoNe = 4.27418e+06
     twoNc = 4.14163e+06
     twoNw = 1.94754e+06
    twoNec = 130086
    twoNnw = 66575.4
  twoNecnw = 56958.3
  twoNbecnw = 13719.9
  twoNgbecnw = 332364
         m = 0.0869793
        m2 = 0.0110009
        m4 = 0.0110324
        m5 = 0.168327
        m6 = 0.0249564
        m7 = 0.0101585
        Tb = 13720.5
        Ta = 44460.3
        Td = 107.246
        Te = 53.6229
        Tf = 26.8114
        Tg = 13.4057
DiffEv reached_goal. cost=2.30316e-03 spread=2.64501e-06
Fitted parameter values
Free:
       pc1 = -2.19727
       pc2 = -2.30776
       pc3 = 1.99656
       pc4 = -0.854519
       pc5 = 1.98315
       pc6 = -1.99526
       pc7 = -1.98422
       pc8 = 1.84297
       pc9 = 1.16023
      pc10 = 0.459714
      pc11 = -0.0111887
      pc12 = -0.238287
      pc13 = 0.238941
      pc14 = 0.0183056
      pc15 = -0.131056
      pc16 = 0.123808
      pc17 = -0.0421524
      pc18 = -0.0999757
      pc19 = 0.0315213
Constrained:
   Tgbecnw = 106801
     Tecnw = 24877.1
       Tnw = 18117.6
       Tec = 846.546
     twoNb = 9.46256e+07
     twoNe = 5.71077e+06
     twoNc = 8.34982e+06
     twoNw = 3.6707e+06
    twoNec = 127133
    twoNnw = 28246.5
  twoNecnw = 63014.5
  twoNbecnw = 10128.1
  twoNgbecnw = 301633
         m = 0.0907452
        m2 = 0.000552406
        m4 = 0.0162371
        m5 = 0.146434
        m6 = 0.00714739
        m7 = 0.0163967
        Tb = 12861.8
        Ta = 44030.9
        Td = 423.273
        Te = 211.637
        Tf = 105.818
        Tg = 52.9092
#       SitePat  BranchLen
              b 119187.1714959
              e 44530.6767832
              c 46315.5005661
              n 43406.9214944
              w 43378.3831673
            b:e 1240.7031735
            b:c 1360.2463019
            b:n 1028.4969744
            b:w 1027.3138933
            e:c 11822.5836164
            e:n 4553.3852268
            e:w 4580.2738491
            c:n 4081.6128955
            c:w 4077.1386936
            n:w 12346.1396169
          b:e:c 1261.6697838
          b:e:n 579.1658185
          b:e:w 580.2334068
          b:c:n 582.4446753
          b:c:w 581.3140102
          b:n:w 1252.8957113
          e:c:n 4216.0358488
          e:c:w 4222.1597555
          e:n:w 5755.5949032
          c:n:w 4941.1876516
        b:e:c:n 1111.0276989
        b:e:c:w 1112.2738567
        b:e:n:w 1830.2869780
        b:c:n:w 1710.8753465
        e:c:n:w 47050.0485603
