########################################
# legofit: estimate population history #
#       version 2.3.4-4-g53f8760       #
########################################

# Program was compiled: Sep 21 2021 14:36:42
# Program was run: Thu Oct 14 11:29:02 2021

# cmd: legofit -1 -d 0 -t 56 --ptsPerDim 3 --stateOut b1boot30.state --tol 3e-6 -S 5000 abdefg2.lgo ../../chrX/boot_chrX/boot30.opf
# Stage nOptItr nSimReps
#     0    5000        0
# algorithm          : deterministic
# ignoring probs <=  : 0
# Branch length floor: 0
# DE strategy        : 2
#    F               : 0.3
#    CR              : 0.8
#    tolerance       : 3e-06
# nthreads           : 56
# lgo input file     : abdefg2.lgo
# site pat input file: ../../chrX/boot_chrX/boot30.opf
# free parameters    : 19
# points in DE swarm : 57
# output state file  : b1boot30.state
# Including singleton site patterns.
# cost function      : KL
Initial parameter values
Fixed:
      zero = 0
       one = 1
    Tbecnw = 75200
Free:
       pc1 = 0
       pc2 = 0
       pc3 = 0
       pc4 = 0
       pc5 = 0
       pc6 = 0
       pc7 = 0
       pc8 = 0
       pc9 = 0
      pc10 = 0
      pc11 = 0
      pc12 = 0
      pc13 = 0
      pc14 = 0
      pc15 = 0
      pc16 = 0
      pc17 = 0
      pc18 = 0
      pc19 = 0
Constrained:
   Tgbecnw = 119836
     Tecnw = 27226.6
       Tnw = 12615
       Tec = 214.491
     twoNb = 1.75604e+08
     twoNe = 4.27418e+06
     twoNc = 4.14163e+06
     twoNw = 1.94754e+06
    twoNec = 130086
    twoNnw = 66575.4
  twoNecnw = 56958.3
  twoNbecnw = 13719.9
  twoNgbecnw = 332364
         m = 0.0869793
        m2 = 0.0110009
        m4 = 0.0110324
        m5 = 0.168327
        m6 = 0.0249564
        m7 = 0.0101585
        Tb = 13720.5
        Ta = 44460.3
        Td = 107.246
        Te = 53.6229
        Tf = 26.8114
        Tg = 13.4057
DiffEv reached_goal. cost=2.23592e-03 spread=2.54204e-06
Fitted parameter values
Free:
       pc1 = 0.0655166
       pc2 = -1.56583
       pc3 = 1.99953
       pc4 = -0.0641775
       pc5 = 1.99503
       pc6 = -1.99839
       pc7 = -1.9029
       pc8 = 1.36463
       pc9 = 1.60444
      pc10 = 0.28889
      pc11 = -0.257237
      pc12 = -0.0602211
      pc13 = 0.0467535
      pc14 = -0.039727
      pc15 = 0.112095
      pc16 = -0.168871
      pc17 = -0.099606
      pc18 = -0.113486
      pc19 = 0.0266405
Constrained:
   Tgbecnw = 108039
     Tecnw = 26188.6
       Tnw = 15013.7
       Tec = 753.306
     twoNb = 1.07562e+09
     twoNe = 5.94112e+06
     twoNc = 7.46012e+06
     twoNw = 3.59087e+06
    twoNec = 119751
    twoNnw = 48531.5
  twoNecnw = 56811
  twoNbecnw = 10070.7
  twoNgbecnw = 354380
         m = 0.0740246
        m2 = 0.00253954
        m4 = 0.0169364
        m5 = 0.172263
        m6 = 0.0243369
        m7 = 0.0150465
        Tb = 13470.9
        Ta = 44335.5
        Td = 376.653
        Te = 188.327
        Tf = 94.1633
        Tg = 47.0816
#       SitePat  BranchLen
              b 118524.3270030
              e 43691.9566710
              c 45664.0951941
              n 42978.6994004
              w 42946.8521661
            b:e 1176.5434441
            b:c 1309.5675142
            b:n 1004.7583511
            b:w 1003.5072956
            e:c 11649.9048679
            e:n 4492.9940855
            e:w 4519.9848262
            c:n 3968.2093843
            c:w 3966.4446314
            n:w 11965.9660084
          b:e:c 1203.7361552
          b:e:n 559.0100060
          b:e:w 559.9378603
          b:c:n 562.1094351
          b:c:w 561.1214084
          b:n:w 1199.8732391
          e:c:n 4237.4864991
          e:c:w 4244.1077455
          e:n:w 5657.4557256
          c:n:w 4805.3875356
        b:e:c:n 1077.0983627
        b:e:c:w 1078.4095907
        b:e:n:w 1818.6303968
        b:c:n:w 1639.5779023
        e:c:n:w 47310.9518291
