########################################
# legofit: estimate population history #
#       version 2.3.4-4-g53f8760       #
########################################

# Program was compiled: Sep 21 2021 14:36:42
# Program was run: Thu Oct 14 11:38:45 2021

# cmd: legofit -1 -d 0 -t 56 --ptsPerDim 3 --stateOut b1boot38.state --tol 3e-6 -S 5000 abdefg2.lgo ../../chrX/boot_chrX/boot38.opf
# Stage nOptItr nSimReps
#     0    5000        0
# algorithm          : deterministic
# ignoring probs <=  : 0
# Branch length floor: 0
# DE strategy        : 2
#    F               : 0.3
#    CR              : 0.8
#    tolerance       : 3e-06
# nthreads           : 56
# lgo input file     : abdefg2.lgo
# site pat input file: ../../chrX/boot_chrX/boot38.opf
# free parameters    : 19
# points in DE swarm : 57
# output state file  : b1boot38.state
# Including singleton site patterns.
# cost function      : KL
Initial parameter values
Fixed:
      zero = 0
       one = 1
    Tbecnw = 75200
Free:
       pc1 = 0
       pc2 = 0
       pc3 = 0
       pc4 = 0
       pc5 = 0
       pc6 = 0
       pc7 = 0
       pc8 = 0
       pc9 = 0
      pc10 = 0
      pc11 = 0
      pc12 = 0
      pc13 = 0
      pc14 = 0
      pc15 = 0
      pc16 = 0
      pc17 = 0
      pc18 = 0
      pc19 = 0
Constrained:
   Tgbecnw = 119836
     Tecnw = 27226.6
       Tnw = 12615
       Tec = 214.491
     twoNb = 1.75604e+08
     twoNe = 4.27418e+06
     twoNc = 4.14163e+06
     twoNw = 1.94754e+06
    twoNec = 130086
    twoNnw = 66575.4
  twoNecnw = 56958.3
  twoNbecnw = 13719.9
  twoNgbecnw = 332364
         m = 0.0869793
        m2 = 0.0110009
        m4 = 0.0110324
        m5 = 0.168327
        m6 = 0.0249564
        m7 = 0.0101585
        Tb = 13720.5
        Ta = 44460.3
        Td = 107.246
        Te = 53.6229
        Tf = 26.8114
        Tg = 13.4057
DiffEv reached_goal. cost=2.32640e-03 spread=2.93028e-06
Fitted parameter values
Free:
       pc1 = -1.40099
       pc2 = -2.17261
       pc3 = 1.99308
       pc4 = -1.09652
       pc5 = 1.99453
       pc6 = -1.99515
       pc7 = -1.97849
       pc8 = 1.67678
       pc9 = 1.14515
      pc10 = 0.597548
      pc11 = -0.47925
      pc12 = -0.310311
      pc13 = 0.165307
      pc14 = -0.359804
      pc15 = -0.206997
      pc16 = -0.300895
      pc17 = -0.0624117
      pc18 = -0.126137
      pc19 = 0.0781422
Constrained:
   Tgbecnw = 108094
     Tecnw = 25306.6
       Tnw = 17242.3
       Tec = 774.123
     twoNb = 1.51343e+08
     twoNe = 5.54902e+06
     twoNc = 8.65116e+06
     twoNw = 3.79999e+06
    twoNec = 128806
    twoNnw = 36289.9
  twoNecnw = 59613.2
  twoNbecnw = 10155.1
  twoNgbecnw = 341387
         m = 0.0811873
        m2 = 0.00159715
        m4 = 0.0179769
        m5 = 0.158176
        m6 = 0.00246952
        m7 = 0.0167008
        Tb = 13040.3
        Ta = 44120.2
        Td = 387.061
        Te = 193.531
        Tf = 96.7653
        Tg = 48.3827
#       SitePat  BranchLen
              b 119810.8778849
              e 44187.3009891
              c 46147.8808148
              n 43390.3058867
              w 43362.5431982
            b:e 1208.8719973
            b:c 1343.5433408
            b:n 1020.4322706
            b:w 1019.3038320
            e:c 11524.6295912
            e:n 4577.1078710
            e:w 4604.3410775
            c:n 4062.3676143
            c:w 4057.0040848
            n:w 11855.8190981
          b:e:c 1212.1921824
          b:e:n 574.8156144
          b:e:w 575.9076866
          b:c:n 578.2052983
          b:c:w 577.0562117
          b:n:w 1206.1921368
          e:c:n 4259.8466324
          e:c:w 4265.7396440
          e:n:w 5714.2477003
          c:n:w 4850.3645741
        b:e:c:n 1097.6789394
        b:e:c:w 1098.8643924
        b:e:n:w 1887.9898148
        b:c:n:w 1714.1608026
        e:c:n:w 48136.5583975
