########################################
# legofit: estimate population history #
#       version 2.3.4-4-g53f8760       #
########################################

# Program was compiled: Sep 21 2021 14:36:42
# Program was run: Thu Oct 14 11:36:07 2021

# cmd: legofit -1 -d 0 -t 56 --ptsPerDim 3 --stateOut b1boot33.state --tol 3e-6 -S 5000 abdefg2.lgo ../../chrX/boot_chrX/boot33.opf
# Stage nOptItr nSimReps
#     0    5000        0
# algorithm          : deterministic
# ignoring probs <=  : 0
# Branch length floor: 0
# DE strategy        : 2
#    F               : 0.3
#    CR              : 0.8
#    tolerance       : 3e-06
# nthreads           : 56
# lgo input file     : abdefg2.lgo
# site pat input file: ../../chrX/boot_chrX/boot33.opf
# free parameters    : 19
# points in DE swarm : 57
# output state file  : b1boot33.state
# Including singleton site patterns.
# cost function      : KL
Initial parameter values
Fixed:
      zero = 0
       one = 1
    Tbecnw = 75200
Free:
       pc1 = 0
       pc2 = 0
       pc3 = 0
       pc4 = 0
       pc5 = 0
       pc6 = 0
       pc7 = 0
       pc8 = 0
       pc9 = 0
      pc10 = 0
      pc11 = 0
      pc12 = 0
      pc13 = 0
      pc14 = 0
      pc15 = 0
      pc16 = 0
      pc17 = 0
      pc18 = 0
      pc19 = 0
Constrained:
   Tgbecnw = 119836
     Tecnw = 27226.6
       Tnw = 12615
       Tec = 214.491
     twoNb = 1.75604e+08
     twoNe = 4.27418e+06
     twoNc = 4.14163e+06
     twoNw = 1.94754e+06
    twoNec = 130086
    twoNnw = 66575.4
  twoNecnw = 56958.3
  twoNbecnw = 13719.9
  twoNgbecnw = 332364
         m = 0.0869793
        m2 = 0.0110009
        m4 = 0.0110324
        m5 = 0.168327
        m6 = 0.0249564
        m7 = 0.0101585
        Tb = 13720.5
        Ta = 44460.3
        Td = 107.246
        Te = 53.6229
        Tf = 26.8114
        Tg = 13.4057
DiffEv reached_goal. cost=2.18919e-03 spread=2.88391e-06
Fitted parameter values
Free:
       pc1 = -0.38603
       pc2 = -2.48898
       pc3 = 1.99968
       pc4 = -0.424437
       pc5 = 1.99819
       pc6 = -1.99687
       pc7 = -1.38858
       pc8 = 1.63402
       pc9 = 1.13711
      pc10 = -0.0127308
      pc11 = -0.244382
      pc12 = -0.421825
      pc13 = 0.146464
      pc14 = 0.318393
      pc15 = -0.0452146
      pc16 = -0.0229065
      pc17 = -0.0104545
      pc18 = -0.0506456
      pc19 = 0.0461991
Constrained:
   Tgbecnw = 108602
     Tecnw = 26018.4
       Tnw = 16291.5
       Tec = 827.609
     twoNb = 4.25582e+08
     twoNe = 4.56755e+06
     twoNc = 6.79849e+06
     twoNw = 3.22029e+06
    twoNec = 120101
    twoNnw = 39802.5
  twoNecnw = 58493.4
  twoNbecnw = 10325.2
  twoNgbecnw = 355803
         m = 0.0763612
        m2 = 0.000266429
        m4 = 0.0166888
        m5 = 0.16676
        m6 = 0.0203623
        m7 = 0.0179769
        Tb = 13423
        Ta = 44311.5
        Td = 413.805
        Te = 206.902
        Tf = 103.451
        Tg = 51.7256
#       SitePat  BranchLen
              b 119813.1335645
              e 44114.3305598
              c 45952.6413537
              n 43062.4982538
              w 43026.4746566
            b:e 1246.4428968
            b:c 1365.0542447
            b:n 1038.4393583
            b:w 1036.9549097
            e:c 11840.4462379
            e:n 4476.0295506
            e:w 4507.1984435
            c:n 3973.2085814
            c:w 3970.4797154
            n:w 12310.2094776
          b:e:c 1277.0805698
          b:e:n 578.5245712
          b:e:w 579.6705678
          b:c:n 581.7575194
          b:c:w 580.5373426
          b:n:w 1267.6686616
          e:c:n 4226.7138146
          e:c:w 4234.2973848
          e:n:w 5762.2458080
          c:n:w 4926.4480444
        b:e:c:n 1116.1334576
        b:e:c:w 1117.6920864
        b:e:n:w 1842.6133529
        b:c:n:w 1756.9289581
        e:c:n:w 48279.2128547
