########################################
# legofit: estimate population history #
#       version 2.3.4-4-g53f8760       #
########################################

# Program was compiled: Sep 21 2021 14:36:42
# Program was run: Thu Oct 14 11:36:58 2021

# cmd: legofit -1 -d 0 -t 56 --ptsPerDim 3 --stateOut b1boot34.state --tol 3e-6 -S 5000 abdefg2.lgo ../../chrX/boot_chrX/boot34.opf
# Stage nOptItr nSimReps
#     0    5000        0
# algorithm          : deterministic
# ignoring probs <=  : 0
# Branch length floor: 0
# DE strategy        : 2
#    F               : 0.3
#    CR              : 0.8
#    tolerance       : 3e-06
# nthreads           : 56
# lgo input file     : abdefg2.lgo
# site pat input file: ../../chrX/boot_chrX/boot34.opf
# free parameters    : 19
# points in DE swarm : 57
# output state file  : b1boot34.state
# Including singleton site patterns.
# cost function      : KL
Initial parameter values
Fixed:
      zero = 0
       one = 1
    Tbecnw = 75200
Free:
       pc1 = 0
       pc2 = 0
       pc3 = 0
       pc4 = 0
       pc5 = 0
       pc6 = 0
       pc7 = 0
       pc8 = 0
       pc9 = 0
      pc10 = 0
      pc11 = 0
      pc12 = 0
      pc13 = 0
      pc14 = 0
      pc15 = 0
      pc16 = 0
      pc17 = 0
      pc18 = 0
      pc19 = 0
Constrained:
   Tgbecnw = 119836
     Tecnw = 27226.6
       Tnw = 12615
       Tec = 214.491
     twoNb = 1.75604e+08
     twoNe = 4.27418e+06
     twoNc = 4.14163e+06
     twoNw = 1.94754e+06
    twoNec = 130086
    twoNnw = 66575.4
  twoNecnw = 56958.3
  twoNbecnw = 13719.9
  twoNgbecnw = 332364
         m = 0.0869793
        m2 = 0.0110009
        m4 = 0.0110324
        m5 = 0.168327
        m6 = 0.0249564
        m7 = 0.0101585
        Tb = 13720.5
        Ta = 44460.3
        Td = 107.246
        Te = 53.6229
        Tf = 26.8114
        Tg = 13.4057
DiffEv reached_goal. cost=1.98186e-03 spread=2.79758e-06
Fitted parameter values
Free:
       pc1 = 0.222139
       pc2 = -1.73608
       pc3 = 1.99248
       pc4 = -0.852705
       pc5 = 1.98514
       pc6 = -1.98646
       pc7 = -1.7713
       pc8 = 1.82502
       pc9 = 0.954947
      pc10 = 0.448262
      pc11 = -0.422749
      pc12 = -0.296504
      pc13 = -0.475146
      pc14 = -0.431247
      pc15 = 0.365119
      pc16 = -0.231383
      pc17 = -0.0121512
      pc18 = -0.0856221
      pc19 = 0.0145837
Constrained:
   Tgbecnw = 108689
     Tecnw = 26225.2
       Tnw = 13997.5
       Tec = 679.903
     twoNb = 2.38587e+08
     twoNe = 4.581e+06
     twoNc = 8.93075e+06
     twoNw = 3.61167e+06
    twoNec = 120572
    twoNnw = 54811.3
  twoNecnw = 57152.1
  twoNbecnw = 10045.1
  twoNgbecnw = 375187
         m = 0.0708233
        m2 = 0.00122886
        m4 = 0.0182023
        m5 = 0.183512
        m6 = 0.00771831
        m7 = 0.0151495
        Tb = 13452.6
        Ta = 44326.3
        Td = 339.951
        Te = 169.976
        Tf = 84.9878
        Tg = 42.4939
#       SitePat  BranchLen
              b 118697.0549892
              e 43559.5256794
              c 45940.0553501
              n 43131.4367052
              w 43102.1935706
            b:e 1152.7640042
            b:c 1313.0987406
            b:n 1009.1192650
            b:w 1007.9884400
            e:c 11642.5677966
            e:n 4572.7579620
            e:w 4600.5514367
            c:n 3935.4549896
            c:w 3930.9892678
            n:w 11943.4243013
          b:e:c 1195.0991151
          b:e:n 560.7620509
          b:e:w 561.7974105
          b:c:n 564.4448300
          b:c:w 563.3538683
          b:n:w 1189.2738194
          e:c:n 4249.0636967
          e:c:w 4254.9790783
          e:n:w 5675.2399148
          c:n:w 4673.8188733
        b:e:c:n 1082.7516043
        b:e:c:w 1083.9380315
        b:e:n:w 1842.0673277
        b:c:n:w 1604.2498510
        e:c:n:w 47393.8983334
