########################################
# legofit: estimate population history #
#       version 2.3.4-4-g53f8760       #
########################################

# Program was compiled: Sep 21 2021 14:36:42
# Program was run: Thu Oct 14 11:45:29 2021

# cmd: legofit -1 -d 0 -t 56 --ptsPerDim 3 --stateOut b1boot49.state --tol 3e-6 -S 5000 abdefg2.lgo ../../chrX/boot_chrX/boot49.opf
# Stage nOptItr nSimReps
#     0    5000        0
# algorithm          : deterministic
# ignoring probs <=  : 0
# Branch length floor: 0
# DE strategy        : 2
#    F               : 0.3
#    CR              : 0.8
#    tolerance       : 3e-06
# nthreads           : 56
# lgo input file     : abdefg2.lgo
# site pat input file: ../../chrX/boot_chrX/boot49.opf
# free parameters    : 19
# points in DE swarm : 57
# output state file  : b1boot49.state
# Including singleton site patterns.
# cost function      : KL
Initial parameter values
Fixed:
      zero = 0
       one = 1
    Tbecnw = 75200
Free:
       pc1 = 0
       pc2 = 0
       pc3 = 0
       pc4 = 0
       pc5 = 0
       pc6 = 0
       pc7 = 0
       pc8 = 0
       pc9 = 0
      pc10 = 0
      pc11 = 0
      pc12 = 0
      pc13 = 0
      pc14 = 0
      pc15 = 0
      pc16 = 0
      pc17 = 0
      pc18 = 0
      pc19 = 0
Constrained:
   Tgbecnw = 119836
     Tecnw = 27226.6
       Tnw = 12615
       Tec = 214.491
     twoNb = 1.75604e+08
     twoNe = 4.27418e+06
     twoNc = 4.14163e+06
     twoNw = 1.94754e+06
    twoNec = 130086
    twoNnw = 66575.4
  twoNecnw = 56958.3
  twoNbecnw = 13719.9
  twoNgbecnw = 332364
         m = 0.0869793
        m2 = 0.0110009
        m4 = 0.0110324
        m5 = 0.168327
        m6 = 0.0249564
        m7 = 0.0101585
        Tb = 13720.5
        Ta = 44460.3
        Td = 107.246
        Te = 53.6229
        Tf = 26.8114
        Tg = 13.4057
DiffEv reached_goal. cost=2.13871e-03 spread=2.41208e-06
Fitted parameter values
Free:
       pc1 = -0.898666
       pc2 = -2.75133
       pc3 = 1.98672
       pc4 = -0.465918
       pc5 = 1.99609
       pc6 = -1.99678
       pc7 = -1.46999
       pc8 = 1.98395
       pc9 = 0.987861
      pc10 = 0.407974
      pc11 = -0.666989
      pc12 = -0.411819
      pc13 = 0.153791
      pc14 = -0.578538
      pc15 = -0.103377
      pc16 = -0.133388
      pc17 = -0.0262922
      pc18 = -0.0738468
      pc19 = 0.0683167
Constrained:
   Tgbecnw = 107470
     Tecnw = 25543.1
       Tnw = 16291.8
       Tec = 1033.9
     twoNb = 1.25371e+08
     twoNe = 4.98887e+06
     twoNc = 7.26094e+06
     twoNw = 3.41317e+06
    twoNec = 126404
    twoNnw = 43021.5
  twoNecnw = 59190.3
  twoNbecnw = 10372.7
  twoNgbecnw = 321128
         m = 0.0810279
        m2 = 0.000824876
        m4 = 0.0192847
        m5 = 0.172088
        m6 = 0.0072906
        m7 = 0.0180527
        Tb = 13288.5
        Ta = 44244.3
        Td = 516.948
        Te = 258.474
        Tf = 129.237
        Tg = 64.6186
#       SitePat  BranchLen
              b 118704.9608469
              e 44297.3211336
              c 46331.7611590
              n 43573.1473951
              w 43540.1310611
            b:e 1263.6557074
            b:c 1406.1104466
            b:n 1076.8230607
            b:w 1075.4297553
            e:c 11445.7626804
            e:n 4671.2037764
            e:w 4702.5496161
            c:n 4127.8013315
            c:w 4122.4592249
            n:w 11787.2997935
          b:e:c 1257.8826684
          b:e:n 609.1974162
          b:e:w 610.4716191
          b:c:n 612.9769716
          b:c:w 611.6317511
          b:n:w 1250.1149633
          e:c:n 4333.7606355
          e:c:w 4340.7732365
          e:n:w 5771.5333714
          c:n:w 4887.4446241
        b:e:c:n 1159.0716235
        b:e:c:w 1160.5359464
        b:e:n:w 1937.5974699
        b:c:n:w 1763.3445932
        e:c:n:w 46938.4880670
