########################################
# legofit: estimate population history #
#       version 2.3.4-4-g53f8760       #
########################################

# Program was compiled: Sep 21 2021 14:36:42
# Program was run: Thu Oct 14 11:12:09 2021

# cmd: legofit -1 -d 0 -t 56 --ptsPerDim 3 --stateOut b1boot5.state --tol 3e-6 -S 5000 abdefg2.lgo ../../chrX/boot_chrX/boot5.opf
# Stage nOptItr nSimReps
#     0    5000        0
# algorithm          : deterministic
# ignoring probs <=  : 0
# Branch length floor: 0
# DE strategy        : 2
#    F               : 0.3
#    CR              : 0.8
#    tolerance       : 3e-06
# nthreads           : 56
# lgo input file     : abdefg2.lgo
# site pat input file: ../../chrX/boot_chrX/boot5.opf
# free parameters    : 19
# points in DE swarm : 57
# output state file  : b1boot5.state
# Including singleton site patterns.
# cost function      : KL
Initial parameter values
Fixed:
      zero = 0
       one = 1
    Tbecnw = 75200
Free:
       pc1 = 0
       pc2 = 0
       pc3 = 0
       pc4 = 0
       pc5 = 0
       pc6 = 0
       pc7 = 0
       pc8 = 0
       pc9 = 0
      pc10 = 0
      pc11 = 0
      pc12 = 0
      pc13 = 0
      pc14 = 0
      pc15 = 0
      pc16 = 0
      pc17 = 0
      pc18 = 0
      pc19 = 0
Constrained:
   Tgbecnw = 119836
     Tecnw = 27226.6
       Tnw = 12615
       Tec = 214.491
     twoNb = 1.75604e+08
     twoNe = 4.27418e+06
     twoNc = 4.14163e+06
     twoNw = 1.94754e+06
    twoNec = 130086
    twoNnw = 66575.4
  twoNecnw = 56958.3
  twoNbecnw = 13719.9
  twoNgbecnw = 332364
         m = 0.0869793
        m2 = 0.0110009
        m4 = 0.0110324
        m5 = 0.168327
        m6 = 0.0249564
        m7 = 0.0101585
        Tb = 13720.5
        Ta = 44460.3
        Td = 107.246
        Te = 53.6229
        Tf = 26.8114
        Tg = 13.4057
DiffEv reached_goal. cost=2.24634e-03 spread=2.44251e-06
Fitted parameter values
Free:
       pc1 = -1.10538
       pc2 = -2.46606
       pc3 = 1.9904
       pc4 = -0.471759
       pc5 = 1.97666
       pc6 = -1.997
       pc7 = -1.90957
       pc8 = 1.97399
       pc9 = 1.94602
      pc10 = 0.190586
      pc11 = -0.0428196
      pc12 = -0.465211
      pc13 = -0.145991
      pc14 = -0.254173
      pc15 = 0.240127
      pc16 = -0.0438352
      pc17 = -0.0286715
      pc18 = -0.0144042
      pc19 = 0.0292041
Constrained:
   Tgbecnw = 108179
     Tecnw = 25119.1
       Tnw = 17118.3
       Tec = 1011.79
     twoNb = 6.26935e+08
     twoNe = 6.92874e+06
     twoNc = 8.0305e+06
     twoNw = 3.56683e+06
    twoNec = 119471
    twoNnw = 34989.8
  twoNecnw = 61439.6
  twoNbecnw = 10176.8
  twoNgbecnw = 340657
         m = 0.0731836
        m2 = 0.000550764
        m4 = 0.017295
        m5 = 0.16754
        m6 = 0.00404229
        m7 = 0.0163495
        Tb = 13065.5
        Ta = 44132.7
        Td = 505.897
        Te = 252.948
        Tf = 126.474
        Tg = 63.2371
#       SitePat  BranchLen
              b 116826.5176845
              e 43958.6371094
              c 46056.1849077
              n 43402.3042185
              w 43370.9868108
            b:e 1206.1451550
            b:c 1349.2468554
            b:n 1041.1274662
            b:w 1039.8347207
            e:c 11835.7500571
            e:n 4602.7406361
            e:w 4633.1415122
            c:n 4047.2530259
            c:w 4041.5308372
            n:w 12095.9471126
          b:e:c 1251.2039993
          b:e:n 581.6444605
          b:e:w 582.8732111
          b:c:n 585.4504136
          b:c:w 584.1535088
          b:n:w 1242.9365474
          e:c:n 4271.9943783
          e:c:w 4278.6330985
          e:n:w 5727.4442952
          c:n:w 4797.8084633
        b:e:c:n 1122.9360461
        b:e:c:w 1124.2969459
        b:e:n:w 1826.8555700
        b:c:n:w 1657.8539325
        e:c:n:w 45018.7801356
