########################################
# legofit: estimate population history #
#       version 2.3.4-4-g53f8760       #
########################################

# Program was compiled: Sep 21 2021 14:36:42
# Program was run: Thu Oct 14 11:12:28 2021

# cmd: legofit -1 -d 0 -t 56 --ptsPerDim 3 --stateOut b1boot13.state --tol 3e-6 -S 5000 abdefg2.lgo ../../chrX/boot_chrX/boot13.opf
# Stage nOptItr nSimReps
#     0    5000        0
# algorithm          : deterministic
# ignoring probs <=  : 0
# Branch length floor: 0
# DE strategy        : 2
#    F               : 0.3
#    CR              : 0.8
#    tolerance       : 3e-06
# nthreads           : 56
# lgo input file     : abdefg2.lgo
# site pat input file: ../../chrX/boot_chrX/boot13.opf
# free parameters    : 19
# points in DE swarm : 57
# output state file  : b1boot13.state
# Including singleton site patterns.
# cost function      : KL
Initial parameter values
Fixed:
      zero = 0
       one = 1
    Tbecnw = 75200
Free:
       pc1 = 0
       pc2 = 0
       pc3 = 0
       pc4 = 0
       pc5 = 0
       pc6 = 0
       pc7 = 0
       pc8 = 0
       pc9 = 0
      pc10 = 0
      pc11 = 0
      pc12 = 0
      pc13 = 0
      pc14 = 0
      pc15 = 0
      pc16 = 0
      pc17 = 0
      pc18 = 0
      pc19 = 0
Constrained:
   Tgbecnw = 119836
     Tecnw = 27226.6
       Tnw = 12615
       Tec = 214.491
     twoNb = 1.75604e+08
     twoNe = 4.27418e+06
     twoNc = 4.14163e+06
     twoNw = 1.94754e+06
    twoNec = 130086
    twoNnw = 66575.4
  twoNecnw = 56958.3
  twoNbecnw = 13719.9
  twoNgbecnw = 332364
         m = 0.0869793
        m2 = 0.0110009
        m4 = 0.0110324
        m5 = 0.168327
        m6 = 0.0249564
        m7 = 0.0101585
        Tb = 13720.5
        Ta = 44460.3
        Td = 107.246
        Te = 53.6229
        Tf = 26.8114
        Tg = 13.4057
DiffEv reached_goal. cost=2.26252e-03 spread=2.50684e-06
Fitted parameter values
Free:
       pc1 = -0.719717
       pc2 = -2.68649
       pc3 = 1.99604
       pc4 = -0.157907
       pc5 = 1.982
       pc6 = -1.99716
       pc7 = -1.98372
       pc8 = 1.95078
       pc9 = 1.92336
      pc10 = -0.0335791
      pc11 = -0.256256
      pc12 = -0.369945
      pc13 = -0.20348
      pc14 = -0.229099
      pc15 = 0.088169
      pc16 = -0.165275
      pc17 = 0.0583344
      pc18 = -0.0809002
      pc19 = 0.08699
Constrained:
   Tgbecnw = 108471
     Tecnw = 25642.9
       Tnw = 17382.9
       Tec = 1069.76
     twoNb = 8.43466e+08
     twoNe = 6.99873e+06
     twoNc = 7.92057e+06
     twoNw = 3.49576e+06
    twoNec = 118831
    twoNnw = 34935.4
  twoNecnw = 60591.8
  twoNbecnw = 10277.6
  twoNgbecnw = 347200
         m = 0.0770304
        m2 = 0.000352635
        m4 = 0.0181523
        m5 = 0.175279
        m6 = 0.00909117
        m7 = 0.0170911
        Tb = 13356.3
        Ta = 44278.2
        Td = 534.879
        Te = 267.44
        Tf = 133.72
        Tg = 66.8599
#       SitePat  BranchLen
              b 118972.9390403
              e 44184.1839482
              c 46362.3199003
              n 43482.8365829
              w 43448.0871067
            b:e 1229.9117084
            b:c 1381.4796039
            b:n 1046.9371328
            b:w 1045.4905153
            e:c 11828.2338291
            e:n 4575.1436999
            e:w 4607.7653800
            c:n 4002.8385811
            c:w 3997.6331902
            n:w 12160.0322396
          b:e:c 1271.8285195
          b:e:n 585.3919877
          b:e:w 586.6886874
          b:c:n 589.3760958
          b:c:w 588.0036505
          b:n:w 1262.8325874
          e:c:n 4240.8266957
          e:c:w 4248.1598827
          e:n:w 5798.0199668
          c:n:w 4824.1854984
        b:e:c:n 1128.5454800
        b:e:c:w 1130.0678430
        b:e:n:w 1896.5323327
        b:c:n:w 1717.8011852
        e:c:n:w 47122.5265155
