########################################
# legofit: estimate population history #
#       version 2.3.4-4-g53f8760       #
########################################

# Program was compiled: Sep 21 2021 14:36:42
# Program was run: Thu Oct 14 11:11:48 2021

# cmd: legofit -1 -d 0 -t 56 --ptsPerDim 3 --stateOut b1boot2.state --tol 3e-6 -S 5000 abdefg2.lgo ../../chrX/boot_chrX/boot2.opf
# Stage nOptItr nSimReps
#     0    5000        0
# algorithm          : deterministic
# ignoring probs <=  : 0
# Branch length floor: 0
# DE strategy        : 2
#    F               : 0.3
#    CR              : 0.8
#    tolerance       : 3e-06
# nthreads           : 56
# lgo input file     : abdefg2.lgo
# site pat input file: ../../chrX/boot_chrX/boot2.opf
# free parameters    : 19
# points in DE swarm : 57
# output state file  : b1boot2.state
# Including singleton site patterns.
# cost function      : KL
Initial parameter values
Fixed:
      zero = 0
       one = 1
    Tbecnw = 75200
Free:
       pc1 = 0
       pc2 = 0
       pc3 = 0
       pc4 = 0
       pc5 = 0
       pc6 = 0
       pc7 = 0
       pc8 = 0
       pc9 = 0
      pc10 = 0
      pc11 = 0
      pc12 = 0
      pc13 = 0
      pc14 = 0
      pc15 = 0
      pc16 = 0
      pc17 = 0
      pc18 = 0
      pc19 = 0
Constrained:
   Tgbecnw = 119836
     Tecnw = 27226.6
       Tnw = 12615
       Tec = 214.491
     twoNb = 1.75604e+08
     twoNe = 4.27418e+06
     twoNc = 4.14163e+06
     twoNw = 1.94754e+06
    twoNec = 130086
    twoNnw = 66575.4
  twoNecnw = 56958.3
  twoNbecnw = 13719.9
  twoNgbecnw = 332364
         m = 0.0869793
        m2 = 0.0110009
        m4 = 0.0110324
        m5 = 0.168327
        m6 = 0.0249564
        m7 = 0.0101585
        Tb = 13720.5
        Ta = 44460.3
        Td = 107.246
        Te = 53.6229
        Tf = 26.8114
        Tg = 13.4057
DiffEv reached_goal. cost=2.20754e-03 spread=2.65660e-06
Fitted parameter values
Free:
       pc1 = 0.242002
       pc2 = -2.21618
       pc3 = 1.99891
       pc4 = 0.10551
       pc5 = 1.99331
       pc6 = -1.99769
       pc7 = -1.98205
       pc8 = 1.98134
       pc9 = 0.868427
      pc10 = -0.391919
      pc11 = 0.163303
      pc12 = 0.0913992
      pc13 = 0.0492603
      pc14 = -0.228618
      pc15 = 0.0827061
      pc16 = 0.209988
      pc17 = 0.0921826
      pc18 = -0.128143
      pc19 = 0.0141196
Constrained:
   Tgbecnw = 107591
     Tecnw = 26382.9
       Tnw = 15285.7
       Tec = 817.786
     twoNb = 6.23107e+08
     twoNe = 4.48104e+06
     twoNc = 8.66296e+06
     twoNw = 3.26081e+06
    twoNec = 116118
    twoNnw = 45084.5
  twoNecnw = 60310.3
  twoNbecnw = 10227.6
  twoNgbecnw = 320934
         m = 0.0821555
        m2 = 0.00137355
        m4 = 0.0187479
        m5 = 0.185064
        m6 = 0.0409539
        m7 = 0.0163511
        Tb = 13600.3
        Ta = 44400.2
        Td = 408.893
        Te = 204.446
        Tf = 102.223
        Tg = 51.1116
#       SitePat  BranchLen
              b 118450.2964667
              e 44433.4207880
              c 46495.8405734
              n 43342.3112015
              w 43301.0338128
            b:e 1232.9705219
            b:c 1375.3523091
            b:n 1032.2650705
            b:w 1030.6046173
            e:c 11823.0923754
            e:n 4563.2046987
            e:w 4595.2728028
            c:n 4016.7838341
            c:w 4017.4443451
            n:w 12407.6535275
          b:e:c 1263.9861830
          b:e:n 579.3201024
          b:e:w 580.3513824
          b:c:n 582.8289110
          b:c:w 581.7115035
          b:n:w 1256.8427168
          e:c:n 4171.4142375
          e:c:w 4179.9630111
          e:n:w 5773.7449167
          c:n:w 4876.1417773
        b:e:c:n 1112.6339269
        b:e:c:w 1114.3805077
        b:e:n:w 1896.4287063
        b:c:n:w 1708.6106535
        e:c:n:w 46478.3995451
