########################################
# legofit: estimate population history #
#       version 2.3.4-4-g53f8760       #
########################################

# Program was compiled: Sep 21 2021 14:36:42
# Program was run: Thu Oct 14 11:11:55 2021

# cmd: legofit -1 -d 0 -t 56 --ptsPerDim 3 --stateOut b1boot3.state --tol 3e-6 -S 5000 abdefg2.lgo ../../chrX/boot_chrX/boot3.opf
# Stage nOptItr nSimReps
#     0    5000        0
# algorithm          : deterministic
# ignoring probs <=  : 0
# Branch length floor: 0
# DE strategy        : 2
#    F               : 0.3
#    CR              : 0.8
#    tolerance       : 3e-06
# nthreads           : 56
# lgo input file     : abdefg2.lgo
# site pat input file: ../../chrX/boot_chrX/boot3.opf
# free parameters    : 19
# points in DE swarm : 57
# output state file  : b1boot3.state
# Including singleton site patterns.
# cost function      : KL
Initial parameter values
Fixed:
      zero = 0
       one = 1
    Tbecnw = 75200
Free:
       pc1 = 0
       pc2 = 0
       pc3 = 0
       pc4 = 0
       pc5 = 0
       pc6 = 0
       pc7 = 0
       pc8 = 0
       pc9 = 0
      pc10 = 0
      pc11 = 0
      pc12 = 0
      pc13 = 0
      pc14 = 0
      pc15 = 0
      pc16 = 0
      pc17 = 0
      pc18 = 0
      pc19 = 0
Constrained:
   Tgbecnw = 119836
     Tecnw = 27226.6
       Tnw = 12615
       Tec = 214.491
     twoNb = 1.75604e+08
     twoNe = 4.27418e+06
     twoNc = 4.14163e+06
     twoNw = 1.94754e+06
    twoNec = 130086
    twoNnw = 66575.4
  twoNecnw = 56958.3
  twoNbecnw = 13719.9
  twoNgbecnw = 332364
         m = 0.0869793
        m2 = 0.0110009
        m4 = 0.0110324
        m5 = 0.168327
        m6 = 0.0249564
        m7 = 0.0101585
        Tb = 13720.5
        Ta = 44460.3
        Td = 107.246
        Te = 53.6229
        Tf = 26.8114
        Tg = 13.4057
DiffEv reached_goal. cost=2.26429e-03 spread=1.54923e-06
Fitted parameter values
Free:
       pc1 = -1.63706
       pc2 = -2.53787
       pc3 = 1.99966
       pc4 = -1.17497
       pc5 = 1.98593
       pc6 = -1.99722
       pc7 = -1.93146
       pc8 = 1.66318
       pc9 = 0.952115
      pc10 = 0.31341
      pc11 = -0.0719838
      pc12 = -0.0313181
      pc13 = 0.000273218
      pc14 = -0.419565
      pc15 = 0.131397
      pc16 = -0.264083
      pc17 = -0.0672757
      pc18 = -0.0746259
      pc19 = 0.0751623
Constrained:
   Tgbecnw = 108409
     Tecnw = 25130.8
       Tnw = 18066.8
       Tec = 700.694
     twoNb = 6.58017e+06
     twoNe = 4.98361e+06
     twoNc = 8.51955e+06
     twoNw = 3.62197e+06
    twoNec = 126133
    twoNnw = 31025.3
  twoNecnw = 61656
  twoNbecnw = 10421.3
  twoNgbecnw = 320172
         m = 0.0828157
        m2 = 6.92474e-05
        m4 = 0.0193901
        m5 = 0.157499
        m6 = 0.00238299
        m7 = 0.0159923
        Tb = 12915.8
        Ta = 44057.9
        Td = 350.347
        Te = 175.174
        Tf = 87.5868
        Tg = 43.7934
#       SitePat  BranchLen
              b 118576.2042310
              e 44247.8353918
              c 46345.9655726
              n 43631.9546610
              w 43601.6255851
            b:e 1225.7173495
            b:c 1381.5536270
            b:n 1038.8321277
            b:w 1037.5743912
            e:c 11768.9513187
            e:n 4600.0256990
            e:w 4629.7943221
            c:n 4068.2609047
            c:w 4062.3509480
            n:w 12039.1895020
          b:e:c 1247.6470832
          b:e:n 583.0382381
          b:e:w 584.2566941
          b:c:n 586.9105787
          b:c:w 585.6260809
          b:n:w 1238.0660465
          e:c:n 4266.8085762
          e:c:w 4273.2789857
          e:n:w 5762.9084455
          c:n:w 4836.2242814
        b:e:c:n 1120.1638992
        b:e:c:w 1121.4876775
        b:e:n:w 1892.8467081
        b:c:n:w 1659.5308320
        e:c:n:w 46554.6953060
