########################################
# legofit: estimate population history #
#       version 2.3.4-4-g53f8760       #
########################################

# Program was compiled: Sep 21 2021 14:36:42
# Program was run: Thu Oct 14 11:13:21 2021

# cmd: legofit -1 -d 0 -t 56 --ptsPerDim 3 --stateOut b1boot22.state --tol 3e-6 -S 5000 abdefg2.lgo ../../chrX/boot_chrX/boot22.opf
# Stage nOptItr nSimReps
#     0    5000        0
# algorithm          : deterministic
# ignoring probs <=  : 0
# Branch length floor: 0
# DE strategy        : 2
#    F               : 0.3
#    CR              : 0.8
#    tolerance       : 3e-06
# nthreads           : 56
# lgo input file     : abdefg2.lgo
# site pat input file: ../../chrX/boot_chrX/boot22.opf
# free parameters    : 19
# points in DE swarm : 57
# output state file  : b1boot22.state
# Including singleton site patterns.
# cost function      : KL
Initial parameter values
Fixed:
      zero = 0
       one = 1
    Tbecnw = 75200
Free:
       pc1 = 0
       pc2 = 0
       pc3 = 0
       pc4 = 0
       pc5 = 0
       pc6 = 0
       pc7 = 0
       pc8 = 0
       pc9 = 0
      pc10 = 0
      pc11 = 0
      pc12 = 0
      pc13 = 0
      pc14 = 0
      pc15 = 0
      pc16 = 0
      pc17 = 0
      pc18 = 0
      pc19 = 0
Constrained:
   Tgbecnw = 119836
     Tecnw = 27226.6
       Tnw = 12615
       Tec = 214.491
     twoNb = 1.75604e+08
     twoNe = 4.27418e+06
     twoNc = 4.14163e+06
     twoNw = 1.94754e+06
    twoNec = 130086
    twoNnw = 66575.4
  twoNecnw = 56958.3
  twoNbecnw = 13719.9
  twoNgbecnw = 332364
         m = 0.0869793
        m2 = 0.0110009
        m4 = 0.0110324
        m5 = 0.168327
        m6 = 0.0249564
        m7 = 0.0101585
        Tb = 13720.5
        Ta = 44460.3
        Td = 107.246
        Te = 53.6229
        Tf = 26.8114
        Tg = 13.4057
DiffEv reached_goal. cost=2.23422e-03 spread=2.43262e-06
Fitted parameter values
Free:
       pc1 = -1.947
       pc2 = -1.78012
       pc3 = 1.98225
       pc4 = -0.739647
       pc5 = 1.97333
       pc6 = -1.99893
       pc7 = -1.90241
       pc8 = 1.7533
       pc9 = 1.7012
      pc10 = 0.403701
      pc11 = -0.289187
      pc12 = 0.062528
      pc13 = 0.0248266
      pc14 = 0.0330263
      pc15 = 0.127393
      pc16 = 0.152711
      pc17 = -0.0030836
      pc18 = -0.0762904
      pc19 = 0.0293144
Constrained:
   Tgbecnw = 106269
     Tecnw = 25117
       Tnw = 18078.6
       Tec = 889.583
     twoNb = 4.32425e+08
     twoNe = 6.43222e+06
     twoNc = 7.781e+06
     twoNw = 3.72826e+06
    twoNec = 127000
    twoNnw = 29138
  twoNecnw = 61630.3
  twoNbecnw = 9904.99
  twoNgbecnw = 321605
         m = 0.0810883
        m2 = 0.000644266
        m4 = 0.0151766
        m5 = 0.153276
        m6 = 0.00694605
        m7 = 0.0140636
        Tb = 13003.3
        Ta = 44101.7
        Td = 444.792
        Te = 222.396
        Tf = 111.198
        Tg = 55.5989
#       SitePat  BranchLen
              b 118085.5573069
              e 44210.0098710
              c 46163.3322253
              n 43257.0430457
              w 43227.8532731
            b:e 1236.9572124
            b:c 1375.9914788
            b:n 1045.3985336
            b:w 1044.1644538
            e:c 11787.0670777
            e:n 4547.2977081
            e:w 4574.9184275
            c:n 4042.8308927
            c:w 4038.1349150
            n:w 12278.6760745
          b:e:c 1284.7241500
          b:e:n 588.1378450
          b:e:w 589.2598988
          b:c:n 591.7607142
          b:c:w 590.5725750
          b:n:w 1275.3270703
          e:c:n 4226.3644542
          e:c:w 4232.6294851
          e:n:w 5792.8148140
          c:n:w 4904.9339390
        b:e:c:n 1129.3627358
        b:e:c:w 1130.6629010
        b:e:n:w 1818.4198214
        b:c:n:w 1650.2588510
        e:c:n:w 46287.9292472
