########################################
# legofit: estimate population history #
#       version 2.3.4-4-g53f8760       #
########################################

# Program was compiled: Sep 21 2021 14:36:42
# Program was run: Thu Oct 14 11:12:28 2021

# cmd: legofit -1 -d 0 -t 56 --ptsPerDim 3 --stateOut b1boot11.state --tol 3e-6 -S 5000 abdefg2.lgo ../../chrX/boot_chrX/boot11.opf
# Stage nOptItr nSimReps
#     0    5000        0
# algorithm          : deterministic
# ignoring probs <=  : 0
# Branch length floor: 0
# DE strategy        : 2
#    F               : 0.3
#    CR              : 0.8
#    tolerance       : 3e-06
# nthreads           : 56
# lgo input file     : abdefg2.lgo
# site pat input file: ../../chrX/boot_chrX/boot11.opf
# free parameters    : 19
# points in DE swarm : 57
# output state file  : b1boot11.state
# Including singleton site patterns.
# cost function      : KL
Initial parameter values
Fixed:
      zero = 0
       one = 1
    Tbecnw = 75200
Free:
       pc1 = 0
       pc2 = 0
       pc3 = 0
       pc4 = 0
       pc5 = 0
       pc6 = 0
       pc7 = 0
       pc8 = 0
       pc9 = 0
      pc10 = 0
      pc11 = 0
      pc12 = 0
      pc13 = 0
      pc14 = 0
      pc15 = 0
      pc16 = 0
      pc17 = 0
      pc18 = 0
      pc19 = 0
Constrained:
   Tgbecnw = 119836
     Tecnw = 27226.6
       Tnw = 12615
       Tec = 214.491
     twoNb = 1.75604e+08
     twoNe = 4.27418e+06
     twoNc = 4.14163e+06
     twoNw = 1.94754e+06
    twoNec = 130086
    twoNnw = 66575.4
  twoNecnw = 56958.3
  twoNbecnw = 13719.9
  twoNgbecnw = 332364
         m = 0.0869793
        m2 = 0.0110009
        m4 = 0.0110324
        m5 = 0.168327
        m6 = 0.0249564
        m7 = 0.0101585
        Tb = 13720.5
        Ta = 44460.3
        Td = 107.246
        Te = 53.6229
        Tf = 26.8114
        Tg = 13.4057
DiffEv reached_goal. cost=2.19606e-03 spread=2.46285e-06
Fitted parameter values
Free:
       pc1 = -0.122215
       pc2 = -2.48703
       pc3 = 1.97488
       pc4 = 0.177243
       pc5 = 1.96934
       pc6 = -1.97686
       pc7 = -1.9089
       pc8 = 1.48785
       pc9 = 1.46346
      pc10 = 0.552144
      pc11 = 0.0987617
      pc12 = -0.512549
      pc13 = 0.0775124
      pc14 = 0.107457
      pc15 = -0.00664561
      pc16 = 0.0372792
      pc17 = 0.0178209
      pc18 = -0.0346634
      pc19 = -0.0245875
Constrained:
   Tgbecnw = 108815
     Tecnw = 25991.3
       Tnw = 14094.2
       Tec = 893.274
     twoNb = 9.85516e+08
     twoNe = 6.36158e+06
     twoNc = 7.21769e+06
     twoNw = 3.47084e+06
    twoNec = 117220
    twoNnw = 50435.5
  twoNecnw = 59419.6
  twoNbecnw = 10534.3
  twoNgbecnw = 332960
         m = 0.0808456
        m2 = 0.00096715
        m4 = 0.0175671
        m5 = 0.16355
        m6 = 0.0210849
        m7 = 0.0178922
        Tb = 13442.3
        Ta = 44321.1
        Td = 446.637
        Te = 223.318
        Tf = 111.659
        Tg = 55.8296
#       SitePat  BranchLen
              b 119482.6232915
              e 44177.6838940
              c 46038.8258255
              n 43182.9982395
              w 43153.6196551
            b:e 1244.2557824
            b:c 1362.9516359
            b:n 1049.0831773
            b:w 1047.9004180
            e:c 11983.8228928
            e:n 4528.6339752
            e:w 4553.8678376
            c:n 4010.1925431
            c:w 4008.2842211
            n:w 12479.8039947
          b:e:c 1275.7321995
          b:e:n 581.2782459
          b:e:w 582.1776147
          b:c:n 584.2732576
          b:c:w 583.3143628
          b:n:w 1268.8107190
          e:c:n 4269.1845381
          e:c:w 4275.2375822
          e:n:w 5700.2233526
          c:n:w 4890.3047677
        b:e:c:n 1128.3494916
        b:e:c:w 1129.5917769
        b:e:n:w 1866.9289131
        b:c:n:w 1756.9030052
        e:c:n:w 47647.2059106
