########################################
# legofit: estimate population history #
#       version 2.3.4-4-g53f8760       #
########################################

# Program was compiled: Sep 21 2021 14:36:42
# Program was run: Thu Oct 14 11:12:29 2021

# cmd: legofit -1 -d 0 -t 56 --ptsPerDim 3 --stateOut b1boot7.state --tol 3e-6 -S 5000 abdefg2.lgo ../../chrX/boot_chrX/boot7.opf
# Stage nOptItr nSimReps
#     0    5000        0
# algorithm          : deterministic
# ignoring probs <=  : 0
# Branch length floor: 0
# DE strategy        : 2
#    F               : 0.3
#    CR              : 0.8
#    tolerance       : 3e-06
# nthreads           : 56
# lgo input file     : abdefg2.lgo
# site pat input file: ../../chrX/boot_chrX/boot7.opf
# free parameters    : 19
# points in DE swarm : 57
# output state file  : b1boot7.state
# Including singleton site patterns.
# cost function      : KL
Initial parameter values
Fixed:
      zero = 0
       one = 1
    Tbecnw = 75200
Free:
       pc1 = 0
       pc2 = 0
       pc3 = 0
       pc4 = 0
       pc5 = 0
       pc6 = 0
       pc7 = 0
       pc8 = 0
       pc9 = 0
      pc10 = 0
      pc11 = 0
      pc12 = 0
      pc13 = 0
      pc14 = 0
      pc15 = 0
      pc16 = 0
      pc17 = 0
      pc18 = 0
      pc19 = 0
Constrained:
   Tgbecnw = 119836
     Tecnw = 27226.6
       Tnw = 12615
       Tec = 214.491
     twoNb = 1.75604e+08
     twoNe = 4.27418e+06
     twoNc = 4.14163e+06
     twoNw = 1.94754e+06
    twoNec = 130086
    twoNnw = 66575.4
  twoNecnw = 56958.3
  twoNbecnw = 13719.9
  twoNgbecnw = 332364
         m = 0.0869793
        m2 = 0.0110009
        m4 = 0.0110324
        m5 = 0.168327
        m6 = 0.0249564
        m7 = 0.0101585
        Tb = 13720.5
        Ta = 44460.3
        Td = 107.246
        Te = 53.6229
        Tf = 26.8114
        Tg = 13.4057
DiffEv reached_goal. cost=2.28274e-03 spread=2.94585e-06
Fitted parameter values
Free:
       pc1 = -0.79817
       pc2 = -2.2272
       pc3 = 1.98212
       pc4 = -0.401151
       pc5 = 1.99329
       pc6 = -1.98413
       pc7 = -1.94902
       pc8 = 1.96483
       pc9 = 1.78019
      pc10 = 0.956309
      pc11 = 0.159583
      pc12 = -0.516535
      pc13 = 0.0458073
      pc14 = -0.176027
      pc15 = -0.00459301
      pc16 = -0.0744424
      pc17 = 0.0699445
      pc18 = 0.0069223
      pc19 = 0.079586
Constrained:
   Tgbecnw = 107735
     Tecnw = 25408.5
       Tnw = 14914
       Tec = 1008.65
     twoNb = 5.80561e+08
     twoNe = 7.0801e+06
     twoNc = 8.31425e+06
     twoNw = 3.74768e+06
    twoNec = 119745
    twoNnw = 48501.1
  twoNecnw = 60855.5
  twoNbecnw = 10080.2
  twoNgbecnw = 348399
         m = 0.0744257
        m2 = 0.00187194
        m4 = 0.0175063
        m5 = 0.154783
        m6 = 0.00720635
        m7 = 0.0166355
        Tb = 13208.6
        Ta = 44204.3
        Td = 504.325
        Te = 252.163
        Tf = 126.081
        Tg = 63.0407
#       SitePat  BranchLen
              b 117994.4559062
              e 44176.6837853
              c 46051.5723282
              n 43640.8662936
              w 43615.5611717
            b:e 1236.7102246
            b:c 1362.9952872
            b:n 1074.5542021
            b:w 1073.5133403
            e:c 11910.1217160
            e:n 4597.8619627
            e:w 4621.7724831
            c:n 4084.6727904
            c:w 4080.8102160
            n:w 12113.6006157
          b:e:c 1271.4472498
          b:e:n 596.9439587
          b:e:w 597.8874179
          b:c:n 600.2131375
          b:c:w 599.2142319
          b:n:w 1266.2104672
          e:c:n 4333.0494863
          e:c:w 4338.3066623
          e:n:w 5599.6088422
          c:n:w 4801.5328502
        b:e:c:n 1160.4417832
        b:e:c:w 1161.5380914
        b:e:n:w 1886.3595487
        b:c:n:w 1732.8173761
        e:c:n:w 46126.5691144
