########################################
# legofit: estimate population history #
#       version 2.3.4-4-g53f8760       #
########################################

# Program was compiled: Sep 21 2021 14:36:42
# Program was run: Thu Oct 14 11:12:28 2021

# cmd: legofit -1 -d 0 -t 56 --ptsPerDim 3 --stateOut b1boot14.state --tol 3e-6 -S 5000 abdefg2.lgo ../../chrX/boot_chrX/boot14.opf
# Stage nOptItr nSimReps
#     0    5000        0
# algorithm          : deterministic
# ignoring probs <=  : 0
# Branch length floor: 0
# DE strategy        : 2
#    F               : 0.3
#    CR              : 0.8
#    tolerance       : 3e-06
# nthreads           : 56
# lgo input file     : abdefg2.lgo
# site pat input file: ../../chrX/boot_chrX/boot14.opf
# free parameters    : 19
# points in DE swarm : 57
# output state file  : b1boot14.state
# Including singleton site patterns.
# cost function      : KL
Initial parameter values
Fixed:
      zero = 0
       one = 1
    Tbecnw = 75200
Free:
       pc1 = 0
       pc2 = 0
       pc3 = 0
       pc4 = 0
       pc5 = 0
       pc6 = 0
       pc7 = 0
       pc8 = 0
       pc9 = 0
      pc10 = 0
      pc11 = 0
      pc12 = 0
      pc13 = 0
      pc14 = 0
      pc15 = 0
      pc16 = 0
      pc17 = 0
      pc18 = 0
      pc19 = 0
Constrained:
   Tgbecnw = 119836
     Tecnw = 27226.6
       Tnw = 12615
       Tec = 214.491
     twoNb = 1.75604e+08
     twoNe = 4.27418e+06
     twoNc = 4.14163e+06
     twoNw = 1.94754e+06
    twoNec = 130086
    twoNnw = 66575.4
  twoNecnw = 56958.3
  twoNbecnw = 13719.9
  twoNgbecnw = 332364
         m = 0.0869793
        m2 = 0.0110009
        m4 = 0.0110324
        m5 = 0.168327
        m6 = 0.0249564
        m7 = 0.0101585
        Tb = 13720.5
        Ta = 44460.3
        Td = 107.246
        Te = 53.6229
        Tf = 26.8114
        Tg = 13.4057
DiffEv reached_goal. cost=2.03317e-03 spread=2.27721e-06
Fitted parameter values
Free:
       pc1 = -0.120407
       pc2 = -2.51601
       pc3 = 1.96505
       pc4 = 0.281211
       pc5 = 1.96023
       pc6 = -1.98574
       pc7 = -1.97303
       pc8 = 1.86055
       pc9 = 1.71113
      pc10 = 0.400128
      pc11 = -0.0861547
      pc12 = 0.131144
      pc13 = 0.488947
      pc14 = 0.177494
      pc15 = -0.0986901
      pc16 = 0.12732
      pc17 = -0.110623
      pc18 = -0.135612
      pc19 = 0.0308974
Constrained:
   Tgbecnw = 108142
     Tecnw = 26025.8
       Tnw = 15512.2
       Tec = 1096.7
     twoNb = 9.6502e+08
     twoNe = 7.00473e+06
     twoNc = 7.57451e+06
     twoNw = 3.48131e+06
    twoNec = 118528
    twoNnw = 45257.7
  twoNecnw = 58335.3
  twoNbecnw = 10337.6
  twoNgbecnw = 327637
         m = 0.0788197
        m2 = 0.000666036
        m4 = 0.0181864
        m5 = 0.162115
        m6 = 0.0388971
        m7 = 0.016925
        Tb = 13561.2
        Ta = 44380.6
        Td = 548.351
        Te = 274.175
        Tf = 137.088
        Tg = 68.5439
#       SitePat  BranchLen
              b 118192.4073203
              e 44157.9729846
              c 45760.4812817
              n 43160.9757396
              w 43126.5468018
            b:e 1215.2670333
            b:c 1321.8846671
            b:n 1021.7120975
            b:w 1020.3303252
            e:c 11662.0635443
            e:n 4495.1502049
            e:w 4521.3258613
            c:n 4063.9052436
            c:w 4064.8670740
            n:w 12060.2128075
          b:e:c 1225.5683301
          b:e:n 571.0988314
          b:e:w 571.9212516
          b:c:n 573.7271416
          b:c:w 572.8374995
          b:n:w 1218.1836468
          e:c:n 4248.6050651
          e:c:w 4255.8965161
          e:n:w 5627.8794567
          c:n:w 4927.0474870
        b:e:c:n 1096.7235197
        b:e:c:w 1098.1725138
        b:e:n:w 1806.5587564
        b:c:n:w 1682.4239820
        e:c:n:w 46634.6131573
