########################################
# legofit: estimate population history #
#       version 2.3.4-4-g53f8760       #
########################################

# Program was compiled: Sep 21 2021 14:36:42
# Program was run: Thu Oct 14 11:13:33 2021

# cmd: legofit -1 -d 0 -t 56 --ptsPerDim 3 --stateOut b1boot23.state --tol 3e-6 -S 5000 abdefg2.lgo ../../chrX/boot_chrX/boot23.opf
# Stage nOptItr nSimReps
#     0    5000        0
# algorithm          : deterministic
# ignoring probs <=  : 0
# Branch length floor: 0
# DE strategy        : 2
#    F               : 0.3
#    CR              : 0.8
#    tolerance       : 3e-06
# nthreads           : 56
# lgo input file     : abdefg2.lgo
# site pat input file: ../../chrX/boot_chrX/boot23.opf
# free parameters    : 19
# points in DE swarm : 57
# output state file  : b1boot23.state
# Including singleton site patterns.
# cost function      : KL
Initial parameter values
Fixed:
      zero = 0
       one = 1
    Tbecnw = 75200
Free:
       pc1 = 0
       pc2 = 0
       pc3 = 0
       pc4 = 0
       pc5 = 0
       pc6 = 0
       pc7 = 0
       pc8 = 0
       pc9 = 0
      pc10 = 0
      pc11 = 0
      pc12 = 0
      pc13 = 0
      pc14 = 0
      pc15 = 0
      pc16 = 0
      pc17 = 0
      pc18 = 0
      pc19 = 0
Constrained:
   Tgbecnw = 119836
     Tecnw = 27226.6
       Tnw = 12615
       Tec = 214.491
     twoNb = 1.75604e+08
     twoNe = 4.27418e+06
     twoNc = 4.14163e+06
     twoNw = 1.94754e+06
    twoNec = 130086
    twoNnw = 66575.4
  twoNecnw = 56958.3
  twoNbecnw = 13719.9
  twoNgbecnw = 332364
         m = 0.0869793
        m2 = 0.0110009
        m4 = 0.0110324
        m5 = 0.168327
        m6 = 0.0249564
        m7 = 0.0101585
        Tb = 13720.5
        Ta = 44460.3
        Td = 107.246
        Te = 53.6229
        Tf = 26.8114
        Tg = 13.4057
DiffEv reached_goal. cost=2.18658e-03 spread=2.86262e-06
Fitted parameter values
Free:
       pc1 = -1.86335
       pc2 = -1.85273
       pc3 = 1.97249
       pc4 = -0.470199
       pc5 = 1.97183
       pc6 = -1.98157
       pc7 = -1.86213
       pc8 = 1.08561
       pc9 = 1.75854
      pc10 = 0.0680879
      pc11 = 0.135543
      pc12 = 0.229568
      pc13 = -0.197588
      pc14 = -0.293341
      pc15 = 0.208495
      pc16 = 0.155817
      pc17 = -0.0672598
      pc18 = -0.0652704
      pc19 = 0.0196434
Constrained:
   Tgbecnw = 107546
     Tecnw = 24950.4
       Tnw = 18166
       Tec = 692.601
     twoNb = 9.14066e+08
     twoNe = 6.0802e+06
     twoNc = 6.47479e+06
     twoNw = 3.56283e+06
    twoNec = 125328
    twoNnw = 29082.3
  twoNecnw = 63317.9
  twoNbecnw = 10271.9
  twoNgbecnw = 319145
         m = 0.0835651
        m2 = 0.000974807
        m4 = 0.0167088
        m5 = 0.157977
        m6 = 0.00883852
        m7 = 0.0133559
        Tb = 12821.5
        Ta = 44010.7
        Td = 346.301
        Te = 173.15
        Tf = 86.5751
        Tg = 43.2876
#       SitePat  BranchLen
              b 118754.6164920
              e 44338.9639796
              c 46423.0961029
              n 43656.5076602
              w 43624.0577016
            b:e 1244.5839114
            b:c 1400.7563889
            b:n 1069.4165667
            b:w 1068.0297603
            e:c 11892.4872262
            e:n 4634.5612405
            e:w 4664.8836545
            c:n 4109.1364204
            c:w 4104.2803310
            n:w 12222.5636800
          b:e:c 1295.0387020
          b:e:n 601.5528990
          b:e:w 602.7861184
          b:c:n 605.5585679
          b:c:w 604.2498003
          b:n:w 1287.0342449
          e:c:n 4275.1978412
          e:c:w 4282.1814751
          e:n:w 5795.5114507
          c:n:w 4872.4684783
        b:e:c:n 1156.5867837
        b:e:c:w 1158.0491383
        b:e:n:w 1892.9915467
        b:c:n:w 1656.2886877
        e:c:n:w 46562.1637610
