########################################
# legofit: estimate population history #
#       version 2.3.4-4-g53f8760       #
########################################

# Program was compiled: Sep 21 2021 14:36:42
# Program was run: Thu Oct 14 11:25:39 2021

# cmd: legofit -1 -d 0 -t 56 --ptsPerDim 3 --stateOut b1boot27.state --tol 3e-6 -S 5000 abdefg2.lgo ../../chrX/boot_chrX/boot27.opf
# Stage nOptItr nSimReps
#     0    5000        0
# algorithm          : deterministic
# ignoring probs <=  : 0
# Branch length floor: 0
# DE strategy        : 2
#    F               : 0.3
#    CR              : 0.8
#    tolerance       : 3e-06
# nthreads           : 56
# lgo input file     : abdefg2.lgo
# site pat input file: ../../chrX/boot_chrX/boot27.opf
# free parameters    : 19
# points in DE swarm : 57
# output state file  : b1boot27.state
# Including singleton site patterns.
# cost function      : KL
Initial parameter values
Fixed:
      zero = 0
       one = 1
    Tbecnw = 75200
Free:
       pc1 = 0
       pc2 = 0
       pc3 = 0
       pc4 = 0
       pc5 = 0
       pc6 = 0
       pc7 = 0
       pc8 = 0
       pc9 = 0
      pc10 = 0
      pc11 = 0
      pc12 = 0
      pc13 = 0
      pc14 = 0
      pc15 = 0
      pc16 = 0
      pc17 = 0
      pc18 = 0
      pc19 = 0
Constrained:
   Tgbecnw = 119836
     Tecnw = 27226.6
       Tnw = 12615
       Tec = 214.491
     twoNb = 1.75604e+08
     twoNe = 4.27418e+06
     twoNc = 4.14163e+06
     twoNw = 1.94754e+06
    twoNec = 130086
    twoNnw = 66575.4
  twoNecnw = 56958.3
  twoNbecnw = 13719.9
  twoNgbecnw = 332364
         m = 0.0869793
        m2 = 0.0110009
        m4 = 0.0110324
        m5 = 0.168327
        m6 = 0.0249564
        m7 = 0.0101585
        Tb = 13720.5
        Ta = 44460.3
        Td = 107.246
        Te = 53.6229
        Tf = 26.8114
        Tg = 13.4057
DiffEv reached_goal. cost=2.13748e-03 spread=2.25406e-06
Fitted parameter values
Free:
       pc1 = -3.20285
       pc2 = -1.01527
       pc3 = 1.99363
       pc4 = -0.856907
       pc5 = 1.99726
       pc6 = -1.98952
       pc7 = -1.16888
       pc8 = 1.87941
       pc9 = 1.8113
      pc10 = -0.450781
      pc11 = 1.41597
      pc12 = -0.146077
      pc13 = 0.230891
      pc14 = -0.119188
      pc15 = -0.226913
      pc16 = 0.188552
      pc17 = -0.00918125
      pc18 = 0.00343831
      pc19 = 0.11795
Constrained:
   Tgbecnw = 104230
     Tecnw = 23779.3
       Tnw = 20535.3
       Tec = 711.158
     twoNb = 1.55042e+08
     twoNe = 4.57199e+06
     twoNc = 6.49789e+06
     twoNw = 3.26048e+06
    twoNec = 121698
    twoNnw = 13184.9
  twoNecnw = 68663.5
  twoNbecnw = 9157.43
  twoNgbecnw = 334039
         m = 0.0851609
        m2 = 0.00623929
        m4 = 0.0132954
        m5 = 0.137377
        m6 = 0.00941957
        m7 = 0.0125316
        Tb = 12245.2
        Ta = 43722.6
        Td = 355.579
        Te = 177.79
        Tf = 88.8948
        Tg = 44.4474
#       SitePat  BranchLen
              b 119389.9000824
              e 44823.6555015
              c 46584.9231472
              n 43726.3350553
              w 43692.0679822
            b:e 1306.8222333
            b:c 1438.8165514
            b:n 1080.0000904
            b:w 1078.4734258
            e:c 12215.7931350
            e:n 4586.0635079
            e:w 4617.6010553
            c:n 4147.6815226
            c:w 4142.8474212
            n:w 12590.7194697
          b:e:c 1357.3724620
          b:e:n 610.1326869
          b:e:w 611.4540718
          b:c:n 614.1804880
          b:c:w 612.7636397
          b:n:w 1355.7201848
          e:c:n 4194.7260674
          e:c:w 4202.2896945
          e:n:w 5787.8192335
          c:n:w 4973.2701422
        b:e:c:n 1181.7894136
        b:e:c:w 1183.4115415
        b:e:n:w 2001.4275058
        b:c:n:w 1830.4928737
        e:c:n:w 46972.3992747
