########################################
# legofit: estimate population history #
#       version 2.3.4-4-g53f8760       #
########################################

# Program was compiled: Sep 21 2021 14:36:42
# Program was run: Thu Oct 14 11:37:19 2021

# cmd: legofit -1 -d 0 -t 56 --ptsPerDim 3 --stateOut b1boot35.state --tol 3e-6 -S 5000 abdefg2.lgo ../../chrX/boot_chrX/boot35.opf
# Stage nOptItr nSimReps
#     0    5000        0
# algorithm          : deterministic
# ignoring probs <=  : 0
# Branch length floor: 0
# DE strategy        : 2
#    F               : 0.3
#    CR              : 0.8
#    tolerance       : 3e-06
# nthreads           : 56
# lgo input file     : abdefg2.lgo
# site pat input file: ../../chrX/boot_chrX/boot35.opf
# free parameters    : 19
# points in DE swarm : 57
# output state file  : b1boot35.state
# Including singleton site patterns.
# cost function      : KL
Initial parameter values
Fixed:
      zero = 0
       one = 1
    Tbecnw = 75200
Free:
       pc1 = 0
       pc2 = 0
       pc3 = 0
       pc4 = 0
       pc5 = 0
       pc6 = 0
       pc7 = 0
       pc8 = 0
       pc9 = 0
      pc10 = 0
      pc11 = 0
      pc12 = 0
      pc13 = 0
      pc14 = 0
      pc15 = 0
      pc16 = 0
      pc17 = 0
      pc18 = 0
      pc19 = 0
Constrained:
   Tgbecnw = 119836
     Tecnw = 27226.6
       Tnw = 12615
       Tec = 214.491
     twoNb = 1.75604e+08
     twoNe = 4.27418e+06
     twoNc = 4.14163e+06
     twoNw = 1.94754e+06
    twoNec = 130086
    twoNnw = 66575.4
  twoNecnw = 56958.3
  twoNbecnw = 13719.9
  twoNgbecnw = 332364
         m = 0.0869793
        m2 = 0.0110009
        m4 = 0.0110324
        m5 = 0.168327
        m6 = 0.0249564
        m7 = 0.0101585
        Tb = 13720.5
        Ta = 44460.3
        Td = 107.246
        Te = 53.6229
        Tf = 26.8114
        Tg = 13.4057
DiffEv reached_goal. cost=2.26924e-03 spread=2.69355e-06
Fitted parameter values
Free:
       pc1 = -1.22535
       pc2 = -2.57282
       pc3 = 1.9899
       pc4 = -0.300378
       pc5 = 1.99922
       pc6 = -1.98688
       pc7 = -1.93269
       pc8 = 1.99247
       pc9 = 1.54388
      pc10 = 0.382574
      pc11 = -0.29404
      pc12 = -0.236897
      pc13 = -0.169787
      pc14 = -0.338659
      pc15 = -0.140651
      pc16 = 0.261396
      pc17 = 0.126254
      pc18 = -0.184284
      pc19 = 0.0851259
Constrained:
   Tgbecnw = 107777
     Tecnw = 25445.2
       Tnw = 16668.7
       Tec = 1078.52
     twoNb = 5.35029e+08
     twoNe = 6.48473e+06
     twoNc = 7.90715e+06
     twoNw = 3.58725e+06
    twoNec = 124526
    twoNnw = 39554.5
  twoNecnw = 62550.2
  twoNbecnw = 10076.7
  twoNgbecnw = 331631
         m = 0.0859083
        m2 = 2.44714e-05
        m4 = 0.0176571
        m5 = 0.167681
        m6 = 0.0105082
        m7 = 0.0167165
        Tb = 13261.9
        Ta = 44230.9
        Td = 539.26
        Te = 269.63
        Tf = 134.815
        Tg = 67.4075
#       SitePat  BranchLen
              b 120156.8596706
              e 44644.5717266
              c 46636.1829785
              n 43910.3270697
              w 43878.2595862
            b:e 1216.0408943
            b:c 1348.5986021
            b:n 1039.7548871
            b:w 1038.4531647
            e:c 11646.9152982
            e:n 4650.8092971
            e:w 4680.5322029
            c:n 4112.4035270
            c:w 4108.0334490
            n:w 12005.0698625
          b:e:c 1230.6686536
          b:e:n 586.6343334
          b:e:w 587.7746508
          b:c:n 590.2448032
          b:c:w 589.0346034
          b:n:w 1222.4060708
          e:c:n 4242.2521721
          e:c:w 4248.9668278
          e:n:w 5656.0251509
          c:n:w 4793.4433855
        b:e:c:n 1123.5951329
        b:e:c:w 1124.9667377
        b:e:n:w 1862.3406099
        b:c:n:w 1706.7875118
        e:c:n:w 47922.0667649
