########################################
# legofit: estimate population history #
#       version 2.3.4-4-g53f8760       #
########################################

# Program was compiled: Sep 21 2021 14:36:42
# Program was run: Thu Oct 14 11:45:30 2021

# cmd: legofit -1 -d 0 -t 56 --ptsPerDim 3 --stateOut b1boot48.state --tol 3e-6 -S 5000 abdefg2.lgo ../../chrX/boot_chrX/boot48.opf
# Stage nOptItr nSimReps
#     0    5000        0
# algorithm          : deterministic
# ignoring probs <=  : 0
# Branch length floor: 0
# DE strategy        : 2
#    F               : 0.3
#    CR              : 0.8
#    tolerance       : 3e-06
# nthreads           : 56
# lgo input file     : abdefg2.lgo
# site pat input file: ../../chrX/boot_chrX/boot48.opf
# free parameters    : 19
# points in DE swarm : 57
# output state file  : b1boot48.state
# Including singleton site patterns.
# cost function      : KL
Initial parameter values
Fixed:
      zero = 0
       one = 1
    Tbecnw = 75200
Free:
       pc1 = 0
       pc2 = 0
       pc3 = 0
       pc4 = 0
       pc5 = 0
       pc6 = 0
       pc7 = 0
       pc8 = 0
       pc9 = 0
      pc10 = 0
      pc11 = 0
      pc12 = 0
      pc13 = 0
      pc14 = 0
      pc15 = 0
      pc16 = 0
      pc17 = 0
      pc18 = 0
      pc19 = 0
Constrained:
   Tgbecnw = 119836
     Tecnw = 27226.6
       Tnw = 12615
       Tec = 214.491
     twoNb = 1.75604e+08
     twoNe = 4.27418e+06
     twoNc = 4.14163e+06
     twoNw = 1.94754e+06
    twoNec = 130086
    twoNnw = 66575.4
  twoNecnw = 56958.3
  twoNbecnw = 13719.9
  twoNgbecnw = 332364
         m = 0.0869793
        m2 = 0.0110009
        m4 = 0.0110324
        m5 = 0.168327
        m6 = 0.0249564
        m7 = 0.0101585
        Tb = 13720.5
        Ta = 44460.3
        Td = 107.246
        Te = 53.6229
        Tf = 26.8114
        Tg = 13.4057
DiffEv reached_goal. cost=2.11121e-03 spread=2.06228e-06
Fitted parameter values
Free:
       pc1 = -1.51397
       pc2 = -2.51762
       pc3 = 1.99216
       pc4 = -1.10141
       pc5 = 1.99346
       pc6 = -1.99496
       pc7 = -1.89917
       pc8 = 1.95545
       pc9 = 1.66407
      pc10 = -0.386483
      pc11 = -0.357821
      pc12 = -0.176714
      pc13 = 0.341204
      pc14 = -0.0479029
      pc15 = -0.302438
      pc16 = -0.0488297
      pc17 = -0.0296827
      pc18 = -0.0641232
      pc19 = 0.179677
Constrained:
   Tgbecnw = 108214
     Tecnw = 25150
       Tnw = 20284.4
       Tec = 910.445
     twoNb = 2.6589e+08
     twoNe = 5.82977e+06
     twoNc = 8.5692e+06
     twoNw = 3.52456e+06
    twoNec = 125765
    twoNnw = 20632.3
  twoNecnw = 61287.8
  twoNbecnw = 10115
  twoNgbecnw = 362694
         m = 0.0722864
        m2 = 0.000680026
        m4 = 0.0168966
        m5 = 0.163933
        m6 = 0.016184
        m7 = 0.0172671
        Tb = 13030.2
        Ta = 44115.1
        Td = 455.223
        Te = 227.611
        Tf = 113.806
        Tg = 56.9028
#       SitePat  BranchLen
              b 118380.1356837
              e 44470.9614136
              c 46245.9432338
              n 43588.5146119
              w 43550.4074516
            b:e 1261.7678891
            b:c 1387.5909355
            b:n 1053.9017093
            b:w 1052.2393678
            e:c 11598.5953474
            e:n 4559.7395731
            e:w 4593.5712513
            c:n 4101.3527476
            c:w 4097.1914236
            n:w 11857.0821794
          b:e:c 1276.5564894
          b:e:n 597.6255475
          b:e:w 598.9747410
          b:c:n 601.3038521
          b:c:w 599.8665164
          b:n:w 1266.6449878
          e:c:n 4234.3771486
          e:c:w 4242.8139547
          e:n:w 5786.9413731
          c:n:w 4954.3593619
        b:e:c:n 1137.9057477
        b:e:c:w 1139.6562315
        b:e:n:w 1877.7642420
        b:c:n:w 1759.7379624
        e:c:n:w 46614.4210418
