########################################
# legofit: estimate population history #
#       version 2.3.4-4-g53f8760       #
########################################

# Program was compiled: Sep 21 2021 14:36:42
# Program was run: Thu Oct 14 11:41:57 2021

# cmd: legofit -1 -d 0 -t 56 --ptsPerDim 3 --stateOut b1boot44.state --tol 3e-6 -S 5000 abdefg2.lgo ../../chrX/boot_chrX/boot44.opf
# Stage nOptItr nSimReps
#     0    5000        0
# algorithm          : deterministic
# ignoring probs <=  : 0
# Branch length floor: 0
# DE strategy        : 2
#    F               : 0.3
#    CR              : 0.8
#    tolerance       : 3e-06
# nthreads           : 56
# lgo input file     : abdefg2.lgo
# site pat input file: ../../chrX/boot_chrX/boot44.opf
# free parameters    : 19
# points in DE swarm : 57
# output state file  : b1boot44.state
# Including singleton site patterns.
# cost function      : KL
Initial parameter values
Fixed:
      zero = 0
       one = 1
    Tbecnw = 75200
Free:
       pc1 = 0
       pc2 = 0
       pc3 = 0
       pc4 = 0
       pc5 = 0
       pc6 = 0
       pc7 = 0
       pc8 = 0
       pc9 = 0
      pc10 = 0
      pc11 = 0
      pc12 = 0
      pc13 = 0
      pc14 = 0
      pc15 = 0
      pc16 = 0
      pc17 = 0
      pc18 = 0
      pc19 = 0
Constrained:
   Tgbecnw = 119836
     Tecnw = 27226.6
       Tnw = 12615
       Tec = 214.491
     twoNb = 1.75604e+08
     twoNe = 4.27418e+06
     twoNc = 4.14163e+06
     twoNw = 1.94754e+06
    twoNec = 130086
    twoNnw = 66575.4
  twoNecnw = 56958.3
  twoNbecnw = 13719.9
  twoNgbecnw = 332364
         m = 0.0869793
        m2 = 0.0110009
        m4 = 0.0110324
        m5 = 0.168327
        m6 = 0.0249564
        m7 = 0.0101585
        Tb = 13720.5
        Ta = 44460.3
        Td = 107.246
        Te = 53.6229
        Tf = 26.8114
        Tg = 13.4057
DiffEv reached_goal. cost=2.11339e-03 spread=2.93820e-06
Fitted parameter values
Free:
       pc1 = -1.64807
       pc2 = -1.66937
       pc3 = 1.99772
       pc4 = -0.574206
       pc5 = 1.99575
       pc6 = -1.99976
       pc7 = -1.9326
       pc8 = 1.95025
       pc9 = 1.82793
      pc10 = -0.209414
      pc11 = 0.0725954
      pc12 = -0.502799
      pc13 = 0.0372799
      pc14 = -0.348646
      pc15 = -0.0477269
      pc16 = -0.196311
      pc17 = -0.14574
      pc18 = -0.0595084
      pc19 = 0.033799
Constrained:
   Tgbecnw = 106476
     Tecnw = 24767.7
       Tnw = 18608.3
       Tec = 863.036
     twoNb = 5.65114e+08
     twoNe = 6.10263e+06
     twoNc = 8.37235e+06
     twoNw = 3.59825e+06
    twoNec = 121782
    twoNnw = 26233.6
  twoNecnw = 61837.5
  twoNbecnw = 9764.71
  twoNgbecnw = 338129
         m = 0.0802072
        m2 = 0.00382407
        m4 = 0.0156303
        m5 = 0.167055
        m6 = 0.00548548
        m7 = 0.0153446
        Tb = 12815.4
        Ta = 44007.7
        Td = 431.518
        Te = 215.759
        Tf = 107.88
        Tg = 53.9398
#       SitePat  BranchLen
              b 118895.3807247
              e 44055.5344330
              c 46120.9694874
              n 43227.8113066
              w 43194.5240007
            b:e 1233.1302093
            b:c 1377.6735321
            b:n 1034.2302640
            b:w 1032.8284082
            e:c 11745.6461753
            e:n 4596.4450227
            e:w 4628.4164627
            c:n 4062.7845281
            c:w 4056.8881398
            n:w 12075.1662319
          b:e:c 1257.5232063
          b:e:n 583.0305176
          b:e:w 584.3389330
          b:c:n 586.9683953
          b:c:w 585.5845798
          b:n:w 1253.9085551
          e:c:n 4239.1011775
          e:c:w 4246.3134318
          e:n:w 5827.5476794
          c:n:w 4885.8388841
        b:e:c:n 1117.3563953
        b:e:c:w 1118.8336510
        b:e:n:w 1911.2927526
        b:c:n:w 1743.0284584
        e:c:n:w 47170.5986552
