########################################
# legofit: estimate population history #
#       version 2.3.4-4-g53f8760       #
########################################

# Program was compiled: Sep 21 2021 14:36:42
# Program was run: Thu Oct 14 11:29:49 2021

# cmd: legofit -1 -d 0 -t 56 --ptsPerDim 3 --stateOut b1boot31.state --tol 3e-6 -S 5000 abdefg2.lgo ../../chrX/boot_chrX/boot31.opf
# Stage nOptItr nSimReps
#     0    5000        0
# algorithm          : deterministic
# ignoring probs <=  : 0
# Branch length floor: 0
# DE strategy        : 2
#    F               : 0.3
#    CR              : 0.8
#    tolerance       : 3e-06
# nthreads           : 56
# lgo input file     : abdefg2.lgo
# site pat input file: ../../chrX/boot_chrX/boot31.opf
# free parameters    : 19
# points in DE swarm : 57
# output state file  : b1boot31.state
# Including singleton site patterns.
# cost function      : KL
Initial parameter values
Fixed:
      zero = 0
       one = 1
    Tbecnw = 75200
Free:
       pc1 = 0
       pc2 = 0
       pc3 = 0
       pc4 = 0
       pc5 = 0
       pc6 = 0
       pc7 = 0
       pc8 = 0
       pc9 = 0
      pc10 = 0
      pc11 = 0
      pc12 = 0
      pc13 = 0
      pc14 = 0
      pc15 = 0
      pc16 = 0
      pc17 = 0
      pc18 = 0
      pc19 = 0
Constrained:
   Tgbecnw = 119836
     Tecnw = 27226.6
       Tnw = 12615
       Tec = 214.491
     twoNb = 1.75604e+08
     twoNe = 4.27418e+06
     twoNc = 4.14163e+06
     twoNw = 1.94754e+06
    twoNec = 130086
    twoNnw = 66575.4
  twoNecnw = 56958.3
  twoNbecnw = 13719.9
  twoNgbecnw = 332364
         m = 0.0869793
        m2 = 0.0110009
        m4 = 0.0110324
        m5 = 0.168327
        m6 = 0.0249564
        m7 = 0.0101585
        Tb = 13720.5
        Ta = 44460.3
        Td = 107.246
        Te = 53.6229
        Tf = 26.8114
        Tg = 13.4057
DiffEv reached_goal. cost=2.24521e-03 spread=2.95648e-06
Fitted parameter values
Free:
       pc1 = -1.06941
       pc2 = -2.20918
       pc3 = 1.99855
       pc4 = -0.527977
       pc5 = 1.98611
       pc6 = -1.99162
       pc7 = -1.57337
       pc8 = 1.92156
       pc9 = 1.51233
      pc10 = 0.412986
      pc11 = -0.821983
      pc12 = -0.156131
      pc13 = -0.0674785
      pc14 = -0.222335
      pc15 = 0.180572
      pc16 = -0.0545388
      pc17 = -0.0685884
      pc18 = -0.0896949
      pc19 = 0.0492583
Constrained:
   Tgbecnw = 106989
     Tecnw = 25571.6
       Tnw = 16893.5
       Tec = 1029.7
     twoNb = 3.69608e+08
     twoNe = 5.93514e+06
     twoNc = 7.27929e+06
     twoNw = 3.54852e+06
    twoNec = 126126
    twoNnw = 39202.4
  twoNecnw = 58391.8
  twoNbecnw = 10078.2
  twoNgbecnw = 334788
         m = 0.0768357
        m2 = 0.000116023
        m4 = 0.0169973
        m5 = 0.169836
        m6 = 0.00478203
        m7 = 0.0156663
        Tb = 13300.7
        Ta = 44250.3
        Td = 514.851
        Te = 257.425
        Tf = 128.713
        Tg = 64.3563
#       SitePat  BranchLen
              b 118254.6661193
              e 43881.9465410
              c 45940.2469602
              n 43320.7730482
              w 43289.1259875
            b:e 1220.4846207
            b:c 1364.8214191
            b:n 1054.2786433
            b:w 1052.9535180
            e:c 11495.9012189
            e:n 4602.7926196
            e:w 4633.3625587
            c:n 4059.6402075
            c:w 4053.9709899
            n:w 11767.4977767
          b:e:c 1244.3405451
          b:e:n 592.9321544
          b:e:w 594.1811552
          b:c:n 596.6789923
          b:c:w 595.3632677
          b:n:w 1235.5515183
          e:c:n 4310.1940497
          e:c:w 4316.9403889
          e:n:w 5742.3710703
          c:n:w 4834.4457979
        b:e:c:n 1133.5381913
        b:e:c:w 1134.9300403
        b:e:n:w 1830.3181014
        b:c:n:w 1653.2211792
        e:c:n:w 46824.0263089
