########################################
# legofit: estimate population history #
#       version 2.3.4-4-g53f8760       #
########################################

# Program was compiled: Sep 21 2021 14:36:42
# Program was run: Thu Oct 14 11:12:29 2021

# cmd: legofit -1 -d 0 -t 56 --ptsPerDim 3 --stateOut b1boot8.state --tol 3e-6 -S 5000 abdefg2.lgo ../../chrX/boot_chrX/boot8.opf
# Stage nOptItr nSimReps
#     0    5000        0
# algorithm          : deterministic
# ignoring probs <=  : 0
# Branch length floor: 0
# DE strategy        : 2
#    F               : 0.3
#    CR              : 0.8
#    tolerance       : 3e-06
# nthreads           : 56
# lgo input file     : abdefg2.lgo
# site pat input file: ../../chrX/boot_chrX/boot8.opf
# free parameters    : 19
# points in DE swarm : 57
# output state file  : b1boot8.state
# Including singleton site patterns.
# cost function      : KL
Initial parameter values
Fixed:
      zero = 0
       one = 1
    Tbecnw = 75200
Free:
       pc1 = 0
       pc2 = 0
       pc3 = 0
       pc4 = 0
       pc5 = 0
       pc6 = 0
       pc7 = 0
       pc8 = 0
       pc9 = 0
      pc10 = 0
      pc11 = 0
      pc12 = 0
      pc13 = 0
      pc14 = 0
      pc15 = 0
      pc16 = 0
      pc17 = 0
      pc18 = 0
      pc19 = 0
Constrained:
   Tgbecnw = 119836
     Tecnw = 27226.6
       Tnw = 12615
       Tec = 214.491
     twoNb = 1.75604e+08
     twoNe = 4.27418e+06
     twoNc = 4.14163e+06
     twoNw = 1.94754e+06
    twoNec = 130086
    twoNnw = 66575.4
  twoNecnw = 56958.3
  twoNbecnw = 13719.9
  twoNgbecnw = 332364
         m = 0.0869793
        m2 = 0.0110009
        m4 = 0.0110324
        m5 = 0.168327
        m6 = 0.0249564
        m7 = 0.0101585
        Tb = 13720.5
        Ta = 44460.3
        Td = 107.246
        Te = 53.6229
        Tf = 26.8114
        Tg = 13.4057
DiffEv reached_goal. cost=2.20345e-03 spread=2.98168e-06
Fitted parameter values
Free:
       pc1 = -2.20929
       pc2 = -2.10886
       pc3 = 1.99813
       pc4 = -0.997497
       pc5 = 1.97842
       pc6 = -1.96618
       pc7 = -1.62636
       pc8 = 1.57768
       pc9 = 1.09441
      pc10 = 0.327957
      pc11 = 0.164568
      pc12 = 0.319194
      pc13 = -0.0783311
      pc14 = -0.510198
      pc15 = 0.0822662
      pc16 = 0.0212793
      pc17 = -0.0340333
      pc18 = -0.0537296
      pc19 = 0.014743
Constrained:
   Tgbecnw = 106652
     Tecnw = 24806
       Tnw = 18142.5
       Tec = 725.546
     twoNb = 7.19805e+07
     twoNe = 4.83379e+06
     twoNc = 7.32082e+06
     twoNw = 3.52297e+06
    twoNec = 128293
    twoNnw = 28406.7
  twoNecnw = 63901.2
  twoNbecnw = 10204.6
  twoNgbecnw = 314934
         m = 0.0874736
        m2 = 0.000883117
        m4 = 0.0184292
        m5 = 0.151642
        m6 = 0.00442199
        m7 = 0.0138112
        Tb = 12765.8
        Ta = 43982.9
        Td = 362.773
        Te = 181.386
        Tf = 90.6932
        Tg = 45.3466
#       SitePat  BranchLen
              b 119889.7384528
              e 44586.2082002
              c 46741.1109662
              n 43692.0852943
              w 43661.3963541
            b:e 1300.1087238
            b:c 1471.5997645
            b:n 1105.1938178
            b:w 1103.8390252
            e:c 11887.0497978
            e:n 4666.4689396
            e:w 4696.0803263
            c:n 4135.1050880
            c:w 4129.5692160
            n:w 12371.4459146
          b:e:c 1345.9063973
          b:e:n 624.7946007
          b:e:w 626.0689913
          b:c:n 629.1098032
          b:c:w 627.7590940
          b:n:w 1336.4301276
          e:c:n 4293.5314361
          e:c:w 4300.1448617
          e:n:w 5891.0438733
          c:n:w 4940.0015914
        b:e:c:n 1198.4296449
        b:e:c:w 1199.8607561
        b:e:n:w 2015.5384346
        b:c:n:w 1732.0565309
        e:c:n:w 47575.1993251
