########################################
# legofit: estimate population history #
#       version 2.3.4-4-g53f8760       #
########################################

# Program was compiled: Sep 21 2021 14:36:42
# Program was run: Thu Oct 14 11:23:54 2021

# cmd: legofit -1 -d 0 -t 56 --ptsPerDim 3 --stateOut b1boot25.state --tol 3e-6 -S 5000 abdefg2.lgo ../../chrX/boot_chrX/boot25.opf
# Stage nOptItr nSimReps
#     0    5000        0
# algorithm          : deterministic
# ignoring probs <=  : 0
# Branch length floor: 0
# DE strategy        : 2
#    F               : 0.3
#    CR              : 0.8
#    tolerance       : 3e-06
# nthreads           : 56
# lgo input file     : abdefg2.lgo
# site pat input file: ../../chrX/boot_chrX/boot25.opf
# free parameters    : 19
# points in DE swarm : 57
# output state file  : b1boot25.state
# Including singleton site patterns.
# cost function      : KL
Initial parameter values
Fixed:
      zero = 0
       one = 1
    Tbecnw = 75200
Free:
       pc1 = 0
       pc2 = 0
       pc3 = 0
       pc4 = 0
       pc5 = 0
       pc6 = 0
       pc7 = 0
       pc8 = 0
       pc9 = 0
      pc10 = 0
      pc11 = 0
      pc12 = 0
      pc13 = 0
      pc14 = 0
      pc15 = 0
      pc16 = 0
      pc17 = 0
      pc18 = 0
      pc19 = 0
Constrained:
   Tgbecnw = 119836
     Tecnw = 27226.6
       Tnw = 12615
       Tec = 214.491
     twoNb = 1.75604e+08
     twoNe = 4.27418e+06
     twoNc = 4.14163e+06
     twoNw = 1.94754e+06
    twoNec = 130086
    twoNnw = 66575.4
  twoNecnw = 56958.3
  twoNbecnw = 13719.9
  twoNgbecnw = 332364
         m = 0.0869793
        m2 = 0.0110009
        m4 = 0.0110324
        m5 = 0.168327
        m6 = 0.0249564
        m7 = 0.0101585
        Tb = 13720.5
        Ta = 44460.3
        Td = 107.246
        Te = 53.6229
        Tf = 26.8114
        Tg = 13.4057
DiffEv reached_goal. cost=2.14216e-03 spread=2.96240e-06
Fitted parameter values
Free:
       pc1 = -0.728444
       pc2 = -2.62086
       pc3 = 1.96418
       pc4 = -0.717414
       pc5 = 1.98717
       pc6 = -1.99908
       pc7 = -1.87824
       pc8 = 1.95622
       pc9 = 1.70289
      pc10 = -0.379673
      pc11 = 0.569767
      pc12 = -0.0407002
      pc13 = -0.200512
      pc14 = -0.349021
      pc15 = -0.0443451
      pc16 = 0.203427
      pc17 = -0.0479568
      pc18 = -0.0842316
      pc19 = -0.000124218
Constrained:
   Tgbecnw = 109726
     Tecnw = 25139.9
       Tnw = 17409.8
       Tec = 859.975
     twoNb = 5.10264e+08
     twoNe = 5.75692e+06
     twoNc = 8.4157e+06
     twoNw = 3.36295e+06
    twoNec = 117053
    twoNnw = 31612.1
  twoNecnw = 63822.4
  twoNbecnw = 10214.9
  twoNgbecnw = 382012
         m = 0.0738831
        m2 = 0.000411539
        m4 = 0.0188617
        m5 = 0.172311
        m6 = 0.0239269
        m7 = 0.0160932
        Tb = 13000
        Ta = 44100
        Td = 429.987
        Te = 214.994
        Tf = 107.497
        Tg = 53.7484
#       SitePat  BranchLen
              b 119933.2618271
              e 44401.1143233
              c 46514.4546899
              n 43412.9499272
              w 43374.2942592
            b:e 1231.3128125
            b:c 1381.3727584
            b:n 1038.9646268
            b:w 1037.3616182
            e:c 11941.0380133
            e:n 4606.7234147
            e:w 4639.5438677
            c:n 4064.9302253
            c:w 4062.5423653
            n:w 12431.5200098
          b:e:c 1277.6327891
          b:e:n 584.3291263
          b:e:w 585.5225395
          b:c:n 588.2499655
          b:c:w 586.9687094
          b:n:w 1267.9492286
          e:c:n 4189.6098093
          e:c:w 4197.8328843
          e:n:w 5804.3468672
          c:n:w 4867.9700031
        b:e:c:n 1124.2689958
        b:e:c:w 1125.9598472
        b:e:n:w 1941.0189605
        b:c:n:w 1727.4231819
        e:c:n:w 47781.3428369
