########################################
# legofit: estimate population history #
#       version 2.3.4-4-g53f8760       #
########################################

# Program was compiled: Sep 21 2021 14:36:42
# Program was run: Thu Sep 23 19:32:48 2021

# cmd: legofit -1 -d 0 -t 32 --ptsPerDim 3 --stateOut b1.state --tol 3e-6 -S 5000 acef2.lgo ../../chrX/pan_chrX.opf
# Stage nOptItr nSimReps
#     0    5000        0
# algorithm          : deterministic
# ignoring probs <=  : 0
# Branch length floor: 0
# DE strategy        : 2
#    F               : 0.3
#    CR              : 0.8
#    tolerance       : 3e-06
# nthreads           : 32
# lgo input file     : acef2.lgo
# site pat input file: ../../chrX/pan_chrX.opf
# free parameters    : 18
# points in DE swarm : 54
# output state file  : b1.state
# Including singleton site patterns.
# cost function      : KL
Initial parameter values
Fixed:
      zero = 0
       one = 1
    Tbecnw = 75200
Free:
       pc1 = 0
       pc2 = 0
       pc3 = 0
       pc4 = 0
       pc5 = 0
       pc6 = 0
       pc7 = 0
       pc8 = 0
       pc9 = 0
      pc10 = 0
      pc11 = 0
      pc12 = 0
      pc13 = 0
      pc14 = 0
      pc15 = 0
      pc16 = 0
      pc17 = 0
      pc18 = 0
Constrained:
   Tgbecnw = 110384
     Tecnw = 29098.8
       Tnw = 25772.8
       Tec = 12980.6
     twoNb = 363753
     twoNe = 1860.6
     twoNc = 685786
     twoNn = 1.50048e+06
     twoNw = 1.08631e+07
    twoNec = 62771.8
    twoNnw = 7784.83
  twoNecnw = 68541.7
  twoNbecnw = 13776.3
  twoNgbecnw = 185195
         m = 0.162094
        m3 = 0.190365
        m5 = 0.175766
        m6 = 0.0710809
        Ta = 44090.3
        Tc = 12886.4
        Te = 6443.21
        Tf = 3221.6
DiffEv reached_goal. cost=2.08051e-03 spread=2.71703e-06
Fitted parameter values
Free:
       pc1 = -3.74542
       pc2 = 3.98314
       pc3 = -1.32105
       pc4 = -0.164956
       pc5 = -1.48468
       pc6 = 1.92259
       pc7 = -0.882784
       pc8 = 0.890632
       pc9 = 0.143432
      pc10 = -1.78111
      pc11 = -0.255062
      pc12 = -0.21629
      pc13 = -0.132785
      pc14 = -0.0766045
      pc15 = -0.0925732
      pc16 = -0.108821
      pc17 = -0.000494887
      pc18 = 0.00117981
Constrained:
   Tgbecnw = 83085.1
     Tecnw = 26769.9
       Tnw = 24804.2
       Tec = 12528.1
     twoNb = 752430
     twoNe = 2505.49
     twoNc = 791381
     twoNn = 1.96996e+06
     twoNw = 2.55382e+07
    twoNec = 54507.2
    twoNnw = 4587.18
  twoNecnw = 68019.2
  twoNbecnw = 3092.41
  twoNgbecnw = 239288
         m = 0.123823
        m3 = 0.188257
        m5 = 0.181787
        m6 = 0.0781
        Ta = 43864.1
        Tc = 12402.1
        Te = 6201.04
        Tf = 3100.52
#       SitePat  BranchLen
              b 117245.8987149
              e 43952.7611253
              c 45828.8143891
              n 41733.6771959
              w 44023.9158331
            b:e 1213.8282546
            b:c 1369.7894030
            b:n 975.7985414
            b:w 1124.6675987
            e:c 11314.7468136
            e:n 4804.3646436
            e:w 4209.0752608
            c:n 4429.9233559
            c:w 3665.7595601
            n:w 12108.8748666
          b:e:c 1420.8590919
          b:e:n 593.2279190
          b:e:w 610.3565285
          b:c:n 610.1549559
          b:c:w 600.9350835
          b:n:w 1404.5786596
          e:c:n 4498.8877882
          e:c:w 3568.1023296
          e:n:w 5730.5063864
          c:n:w 4772.2101110
        b:e:c:n 1247.3687240
        b:e:c:w 1090.5909297
        b:e:n:w 1508.5693880
        b:c:n:w 1345.1026478
        e:c:n:w 46598.4812572
