########################################
# legofit: estimate population history #
#       version 2.3.4-4-g53f8760       #
########################################

# Program was compiled: Sep 21 2021 14:36:42
# Program was run: Thu Sep 23 19:35:30 2021

# cmd: legofit -1 -d 0 -t 32 --ptsPerDim 3 --stateOut b1boot17.state --tol 3e-6 -S 5000 acef2.lgo ../../chrX/boot_chrX/boot17.opf
# Stage nOptItr nSimReps
#     0    5000        0
# algorithm          : deterministic
# ignoring probs <=  : 0
# Branch length floor: 0
# DE strategy        : 2
#    F               : 0.3
#    CR              : 0.8
#    tolerance       : 3e-06
# nthreads           : 32
# lgo input file     : acef2.lgo
# site pat input file: ../../chrX/boot_chrX/boot17.opf
# free parameters    : 18
# points in DE swarm : 54
# output state file  : b1boot17.state
# Including singleton site patterns.
# cost function      : KL
Initial parameter values
Fixed:
      zero = 0
       one = 1
    Tbecnw = 75200
Free:
       pc1 = 0
       pc2 = 0
       pc3 = 0
       pc4 = 0
       pc5 = 0
       pc6 = 0
       pc7 = 0
       pc8 = 0
       pc9 = 0
      pc10 = 0
      pc11 = 0
      pc12 = 0
      pc13 = 0
      pc14 = 0
      pc15 = 0
      pc16 = 0
      pc17 = 0
      pc18 = 0
Constrained:
   Tgbecnw = 110384
     Tecnw = 29098.8
       Tnw = 25772.8
       Tec = 12980.6
     twoNb = 363753
     twoNe = 1860.6
     twoNc = 685786
     twoNn = 1.50048e+06
     twoNw = 1.08631e+07
    twoNec = 62771.8
    twoNnw = 7784.83
  twoNecnw = 68541.7
  twoNbecnw = 13776.3
  twoNgbecnw = 185195
         m = 0.162094
        m3 = 0.190365
        m5 = 0.175766
        m6 = 0.0710809
        Ta = 44090.3
        Tc = 12886.4
        Te = 6443.21
        Tf = 3221.6
DiffEv reached_goal. cost=2.10897e-03 spread=2.67648e-06
Fitted parameter values
Free:
       pc1 = -3.56495
       pc2 = 3.99877
       pc3 = -1.11262
       pc4 = -0.292762
       pc5 = -0.591648
       pc6 = 1.43388
       pc7 = -0.212501
       pc8 = -0.138502
       pc9 = 1.32075
      pc10 = -1.99633
      pc11 = -0.288695
      pc12 = -0.0405667
      pc13 = 0.284094
      pc14 = 0.131811
      pc15 = -0.167586
      pc16 = -0.0804963
      pc17 = -0.118526
      pc18 = -0.00237565
Constrained:
   Tgbecnw = 83094.6
     Tecnw = 26849.1
       Tnw = 24807.9
       Tec = 12521.6
     twoNb = 316385
     twoNe = 1899.17
     twoNc = 550601
     twoNn = 2.07759e+06
     twoNw = 1.87155e+07
    twoNec = 51997.9
    twoNnw = 4889.48
  twoNecnw = 68961.1
  twoNbecnw = 3146.04
  twoNgbecnw = 226098
         m = 0.133499
        m3 = 0.179919
        m5 = 0.17658
        m6 = 0.0794017
        Ta = 43860.8
        Tc = 12404
        Te = 6201.98
        Tf = 3100.99
#       SitePat  BranchLen
              b 117501.9489257
              e 43885.0951631
              c 45691.7235248
              n 41987.9626774
              w 44363.6162332
            b:e 1192.7421216
            b:c 1338.4632670
            b:n 976.6006673
            b:w 1130.1241737
            e:c 11633.7852141
            e:n 4811.5403215
            e:w 4146.1916333
            c:n 4389.4195500
            c:w 3656.0361527
            n:w 12173.8575441
          b:e:c 1424.0297873
          b:e:n 586.9551489
          b:e:w 599.2624446
          b:c:n 598.8352895
          b:c:w 594.6361636
          b:n:w 1409.5878853
          e:c:n 4565.8557575
          e:c:w 3588.9342872
          e:n:w 5597.1186360
          c:n:w 4702.7665262
        b:e:c:n 1253.9961167
        b:e:c:w 1092.3644404
        b:e:n:w 1476.3499568
        b:c:n:w 1323.3749519
        e:c:n:w 46645.0503113
