########################################
# legofit: estimate population history #
#       version 2.3.4-4-g53f8760       #
########################################

# Program was compiled: Sep 21 2021 14:36:42
# Program was run: Thu Sep 23 19:32:48 2021

# cmd: legofit -1 -d 0 -t 32 --ptsPerDim 3 --stateOut b1boot3.state --tol 3e-6 -S 5000 acef2.lgo ../../chrX/boot_chrX/boot3.opf
# Stage nOptItr nSimReps
#     0    5000        0
# algorithm          : deterministic
# ignoring probs <=  : 0
# Branch length floor: 0
# DE strategy        : 2
#    F               : 0.3
#    CR              : 0.8
#    tolerance       : 3e-06
# nthreads           : 32
# lgo input file     : acef2.lgo
# site pat input file: ../../chrX/boot_chrX/boot3.opf
# free parameters    : 18
# points in DE swarm : 54
# output state file  : b1boot3.state
# Including singleton site patterns.
# cost function      : KL
Initial parameter values
Fixed:
      zero = 0
       one = 1
    Tbecnw = 75200
Free:
       pc1 = 0
       pc2 = 0
       pc3 = 0
       pc4 = 0
       pc5 = 0
       pc6 = 0
       pc7 = 0
       pc8 = 0
       pc9 = 0
      pc10 = 0
      pc11 = 0
      pc12 = 0
      pc13 = 0
      pc14 = 0
      pc15 = 0
      pc16 = 0
      pc17 = 0
      pc18 = 0
Constrained:
   Tgbecnw = 110384
     Tecnw = 29098.8
       Tnw = 25772.8
       Tec = 12980.6
     twoNb = 363753
     twoNe = 1860.6
     twoNc = 685786
     twoNn = 1.50048e+06
     twoNw = 1.08631e+07
    twoNec = 62771.8
    twoNnw = 7784.83
  twoNecnw = 68541.7
  twoNbecnw = 13776.3
  twoNgbecnw = 185195
         m = 0.162094
        m3 = 0.190365
        m5 = 0.175766
        m6 = 0.0710809
        Ta = 44090.3
        Tc = 12886.4
        Te = 6443.21
        Tf = 3221.6
DiffEv reached_goal. cost=2.08025e-03 spread=2.88893e-06
Fitted parameter values
Free:
       pc1 = -3.37268
       pc2 = 3.99459
       pc3 = -0.850968
       pc4 = 1.78568
       pc5 = -1.61731
       pc6 = 1.73692
       pc7 = -0.555559
       pc8 = 0.420059
       pc9 = 0.665873
      pc10 = -1.86752
      pc11 = -0.0932054
      pc12 = -0.540858
      pc13 = 0.0541618
      pc14 = 0.348008
      pc15 = -0.237884
      pc16 = -0.084023
      pc17 = -0.0969764
      pc18 = -0.0126871
Constrained:
   Tgbecnw = 82178
     Tecnw = 27074.9
       Tnw = 25295.3
       Tec = 12816.2
     twoNb = 705977
     twoNe = 2859.78
     twoNc = 43962.7
     twoNn = 460024
     twoNw = 1.3705e+07
    twoNec = 51764.6
    twoNnw = 4066.65
  twoNecnw = 68285.8
  twoNbecnw = 2807.08
  twoNgbecnw = 225290
         m = 0.129884
        m3 = 0.196164
        m5 = 0.190538
        m6 = 0.0837658
        Ta = 44008.1
        Tc = 12647.6
        Te = 6323.81
        Tf = 3161.91
#       SitePat  BranchLen
              b 116536.5050501
              e 43852.6835425
              c 45823.5916918
              n 41785.0200542
              w 44253.5518642
            b:e 1198.1721143
            b:c 1361.8519594
            b:n 967.0715491
            b:w 1127.8210131
            e:c 11332.2073585
            e:n 4847.0762761
            e:w 4199.7464402
            c:n 4441.9239720
            c:w 3635.1880587
            n:w 11978.4348044
          b:e:c 1414.1131643
          b:e:n 590.1486558
          b:e:w 607.8869314
          b:c:n 607.6419618
          b:c:w 598.4018023
          b:n:w 1398.3948114
          e:c:n 4548.6292170
          e:c:w 3534.1631561
          e:n:w 5714.6191304
          c:n:w 4713.4216669
        b:e:c:n 1251.2617187
        b:e:c:w 1082.0141386
        b:e:n:w 1500.7660484
        b:c:n:w 1329.0780264
        e:c:n:w 45897.6410527
