########################################
# legofit: estimate population history #
#       version 2.3.4-4-g53f8760       #
########################################

# Program was compiled: Sep 21 2021 14:36:42
# Program was run: Thu Sep 23 19:34:45 2021

# cmd: legofit -1 -d 0 -t 32 --ptsPerDim 3 --stateOut b1boot13.state --tol 3e-6 -S 5000 acef2.lgo ../../chrX/boot_chrX/boot13.opf
# Stage nOptItr nSimReps
#     0    5000        0
# algorithm          : deterministic
# ignoring probs <=  : 0
# Branch length floor: 0
# DE strategy        : 2
#    F               : 0.3
#    CR              : 0.8
#    tolerance       : 3e-06
# nthreads           : 32
# lgo input file     : acef2.lgo
# site pat input file: ../../chrX/boot_chrX/boot13.opf
# free parameters    : 18
# points in DE swarm : 54
# output state file  : b1boot13.state
# Including singleton site patterns.
# cost function      : KL
Initial parameter values
Fixed:
      zero = 0
       one = 1
    Tbecnw = 75200
Free:
       pc1 = 0
       pc2 = 0
       pc3 = 0
       pc4 = 0
       pc5 = 0
       pc6 = 0
       pc7 = 0
       pc8 = 0
       pc9 = 0
      pc10 = 0
      pc11 = 0
      pc12 = 0
      pc13 = 0
      pc14 = 0
      pc15 = 0
      pc16 = 0
      pc17 = 0
      pc18 = 0
Constrained:
   Tgbecnw = 110384
     Tecnw = 29098.8
       Tnw = 25772.8
       Tec = 12980.6
     twoNb = 363753
     twoNe = 1860.6
     twoNc = 685786
     twoNn = 1.50048e+06
     twoNw = 1.08631e+07
    twoNec = 62771.8
    twoNnw = 7784.83
  twoNecnw = 68541.7
  twoNbecnw = 13776.3
  twoNgbecnw = 185195
         m = 0.162094
        m3 = 0.190365
        m5 = 0.175766
        m6 = 0.0710809
        Ta = 44090.3
        Tc = 12886.4
        Te = 6443.21
        Tf = 3221.6
DiffEv reached_goal. cost=2.02053e-03 spread=2.47165e-06
Fitted parameter values
Free:
       pc1 = -3.92805
       pc2 = 3.98734
       pc3 = -0.358414
       pc4 = 0.150587
       pc5 = -1.38695
       pc6 = 0.733916
       pc7 = -1.4132
       pc8 = -0.906022
       pc9 = 1.44661
      pc10 = -0.364453
      pc11 = 0.228769
      pc12 = -0.861707
      pc13 = 0.0616861
      pc14 = 0.0442392
      pc15 = -0.201323
      pc16 = -0.100909
      pc17 = -0.101571
      pc18 = -0.0309798
Constrained:
   Tgbecnw = 82004.3
     Tecnw = 27641.1
       Tnw = 25254.4
       Tec = 12692.8
     twoNb = 340612
     twoNe = 918.823
     twoNc = 1.13352e+06
     twoNn = 3.18769e+06
     twoNw = 1.30305e+07
    twoNec = 51956.6
    twoNnw = 5163.79
  twoNecnw = 67823
  twoNbecnw = 2740.74
  twoNgbecnw = 230213
         m = 0.129168
        m3 = 0.203516
        m5 = 0.195689
        m6 = 0.0866187
        Ta = 43946.4
        Tc = 12627.2
        Te = 6313.61
        Tf = 3156.81
#       SitePat  BranchLen
              b 117220.2702593
              e 43804.7770436
              c 45946.6262724
              n 41631.5245440
              w 44303.5293285
            b:e 1217.7480782
            b:c 1398.2949925
            b:n 971.0208496
            b:w 1148.4252138
            e:c 11430.2429364
            e:n 4886.9210083
            e:w 4165.6783256
            c:n 4419.1288525
            c:w 3573.4252602
            n:w 12115.1987640
          b:e:c 1455.3887554
          b:e:n 596.1973923
          b:e:w 614.0415515
          b:c:n 613.8091880
          b:c:w 605.2441164
          b:n:w 1438.5717836
          e:c:n 4581.7208755
          e:c:w 3476.6623659
          e:n:w 5793.3125187
          c:n:w 4711.5085112
        b:e:c:n 1273.5447105
        b:e:c:w 1086.8612587
        b:e:n:w 1539.9990973
        b:c:n:w 1350.6378226
        e:c:n:w 46606.9591517
