########################################
# legofit: estimate population history #
#       version 2.3.4-4-g53f8760       #
########################################

# Program was compiled: Sep 21 2021 14:36:42
# Program was run: Thu Sep 23 19:33:51 2021

# cmd: legofit -1 -d 0 -t 32 --ptsPerDim 3 --stateOut b1boot7.state --tol 3e-6 -S 5000 acef2.lgo ../../chrX/boot_chrX/boot7.opf
# Stage nOptItr nSimReps
#     0    5000        0
# algorithm          : deterministic
# ignoring probs <=  : 0
# Branch length floor: 0
# DE strategy        : 2
#    F               : 0.3
#    CR              : 0.8
#    tolerance       : 3e-06
# nthreads           : 32
# lgo input file     : acef2.lgo
# site pat input file: ../../chrX/boot_chrX/boot7.opf
# free parameters    : 18
# points in DE swarm : 54
# output state file  : b1boot7.state
# Including singleton site patterns.
# cost function      : KL
Initial parameter values
Fixed:
      zero = 0
       one = 1
    Tbecnw = 75200
Free:
       pc1 = 0
       pc2 = 0
       pc3 = 0
       pc4 = 0
       pc5 = 0
       pc6 = 0
       pc7 = 0
       pc8 = 0
       pc9 = 0
      pc10 = 0
      pc11 = 0
      pc12 = 0
      pc13 = 0
      pc14 = 0
      pc15 = 0
      pc16 = 0
      pc17 = 0
      pc18 = 0
Constrained:
   Tgbecnw = 110384
     Tecnw = 29098.8
       Tnw = 25772.8
       Tec = 12980.6
     twoNb = 363753
     twoNe = 1860.6
     twoNc = 685786
     twoNn = 1.50048e+06
     twoNw = 1.08631e+07
    twoNec = 62771.8
    twoNnw = 7784.83
  twoNecnw = 68541.7
  twoNbecnw = 13776.3
  twoNgbecnw = 185195
         m = 0.162094
        m3 = 0.190365
        m5 = 0.175766
        m6 = 0.0710809
        Ta = 44090.3
        Tc = 12886.4
        Te = 6443.21
        Tf = 3221.6
DiffEv reached_goal. cost=2.10648e-03 spread=2.97485e-06
Fitted parameter values
Free:
       pc1 = -3.87815
       pc2 = 3.98502
       pc3 = -1.81399
       pc4 = 1.1609
       pc5 = -0.595579
       pc6 = 1.45065
       pc7 = -1.44819
       pc8 = 0.818558
       pc9 = 1.18339
      pc10 = -1.39435
      pc11 = 0.137574
      pc12 = 0.130815
      pc13 = 0.123362
      pc14 = -0.0454236
      pc15 = -0.0965069
      pc16 = 0.0269597
      pc17 = -0.0882241
      pc18 = 0.00208249
Constrained:
   Tgbecnw = 82716.8
     Tecnw = 26734.8
       Tnw = 24870
       Tec = 12568.7
     twoNb = 747503
     twoNe = 1972.07
     twoNc = 290910
     twoNn = 2.38674e+06
     twoNw = 9.8796e+06
    twoNec = 52826.7
    twoNnw = 4435.93
  twoNecnw = 68367.5
  twoNbecnw = 2890.31
  twoNgbecnw = 256103
         m = 0.111015
        m3 = 0.194478
        m5 = 0.171544
        m6 = 0.0778032
        Ta = 43884.3
        Tc = 12435
        Te = 6217.5
        Tf = 3108.75
#       SitePat  BranchLen
              b 116166.6994459
              e 43790.0425672
              c 45587.2081129
              n 41793.6439370
              w 44337.9115085
            b:e 1226.7841694
            b:c 1373.9761166
            b:n 999.0912284
            b:w 1167.9499455
            e:c 11472.5190612
            e:n 4903.7383158
            e:w 4158.6315723
            c:n 4447.6912331
            c:w 3691.0882609
            n:w 12042.8225805
          b:e:c 1450.5379954
          b:e:n 609.1694545
          b:e:w 619.9864452
          b:c:n 619.2061785
          b:c:w 617.5094913
          b:n:w 1435.2694633
          e:c:n 4630.8717816
          e:c:w 3588.3139260
          e:n:w 5598.9245276
          c:n:w 4725.3493761
        b:e:c:n 1297.5612085
        b:e:c:w 1119.5821880
        b:e:n:w 1518.0756451
        b:c:n:w 1363.3239278
        e:c:n:w 45599.9840456
