########################################
# legofit: estimate population history #
#       version 2.3.4-4-g53f8760       #
########################################

# Program was compiled: Sep 21 2021 14:36:42
# Program was run: Thu Sep 23 19:39:43 2021

# cmd: legofit -1 -d 0 -t 32 --ptsPerDim 3 --stateOut b1boot45.state --tol 3e-6 -S 5000 acef2.lgo ../../chrX/boot_chrX/boot45.opf
# Stage nOptItr nSimReps
#     0    5000        0
# algorithm          : deterministic
# ignoring probs <=  : 0
# Branch length floor: 0
# DE strategy        : 2
#    F               : 0.3
#    CR              : 0.8
#    tolerance       : 3e-06
# nthreads           : 32
# lgo input file     : acef2.lgo
# site pat input file: ../../chrX/boot_chrX/boot45.opf
# free parameters    : 18
# points in DE swarm : 54
# output state file  : b1boot45.state
# Including singleton site patterns.
# cost function      : KL
Initial parameter values
Fixed:
      zero = 0
       one = 1
    Tbecnw = 75200
Free:
       pc1 = 0
       pc2 = 0
       pc3 = 0
       pc4 = 0
       pc5 = 0
       pc6 = 0
       pc7 = 0
       pc8 = 0
       pc9 = 0
      pc10 = 0
      pc11 = 0
      pc12 = 0
      pc13 = 0
      pc14 = 0
      pc15 = 0
      pc16 = 0
      pc17 = 0
      pc18 = 0
Constrained:
   Tgbecnw = 110384
     Tecnw = 29098.8
       Tnw = 25772.8
       Tec = 12980.6
     twoNb = 363753
     twoNe = 1860.6
     twoNc = 685786
     twoNn = 1.50048e+06
     twoNw = 1.08631e+07
    twoNec = 62771.8
    twoNnw = 7784.83
  twoNecnw = 68541.7
  twoNbecnw = 13776.3
  twoNgbecnw = 185195
         m = 0.162094
        m3 = 0.190365
        m5 = 0.175766
        m6 = 0.0710809
        Ta = 44090.3
        Tc = 12886.4
        Te = 6443.21
        Tf = 3221.6
DiffEv reached_goal. cost=1.92677e-03 spread=2.70325e-06
Fitted parameter values
Free:
       pc1 = -3.73497
       pc2 = 3.99531
       pc3 = -0.550991
       pc4 = -1.01635
       pc5 = -1.25056
       pc6 = 1.843
       pc7 = -0.436645
       pc8 = 0.55325
       pc9 = 0.624247
      pc10 = -1.88353
      pc11 = -0.187944
      pc12 = -0.254918
      pc13 = -0.0528461
      pc14 = 0.19341
      pc15 = -0.110217
      pc16 = -0.094293
      pc17 = -0.0879902
      pc18 = 0.0491899
Constrained:
   Tgbecnw = 83872.6
     Tecnw = 26886.7
       Tnw = 24536.7
       Tec = 12431.2
     twoNb = 529241
     twoNe = 2236.28
     twoNc = 961503
     twoNn = 2.6268e+06
     twoNw = 2.71221e+07
    twoNec = 53129.7
    twoNnw = 5605.01
  twoNecnw = 68977.3
  twoNbecnw = 3452.07
  twoNgbecnw = 225113
         m = 0.130784
        m3 = 0.17959
        m5 = 0.187556
        m6 = 0.0857627
        Ta = 43815.6
        Tc = 12268.4
        Te = 6134.19
        Tf = 3067.09
#       SitePat  BranchLen
              b 117008.4299052
              e 43934.9074313
              c 45880.4108849
              n 41885.8874613
              w 44226.3138747
            b:e 1200.0172515
            b:c 1355.5083808
            b:n 975.7781382
            b:w 1125.9109634
            e:c 11434.3980906
            e:n 4897.3176331
            e:w 4217.2554543
            c:n 4413.5931291
            c:w 3707.1316114
            n:w 12127.0328346
          b:e:c 1411.6164863
          b:e:n 593.9162247
          b:e:w 604.6366821
          b:c:n 604.5572724
          b:c:w 601.7254822
          b:n:w 1396.4868705
          e:c:n 4539.1465536
          e:c:w 3585.2438367
          e:n:w 5696.9464946
          c:n:w 4745.2913878
        b:e:c:n 1248.5114729
        b:e:c:w 1090.4899804
        b:e:n:w 1493.1590963
        b:c:n:w 1329.9381193
        e:c:n:w 46093.1196379
