########################################
# legofit: estimate population history #
#       version 2.3.4-4-g53f8760       #
########################################

# Program was compiled: Sep 21 2021 14:36:42
# Program was run: Thu Sep 23 19:37:38 2021

# cmd: legofit -1 -d 0 -t 32 --ptsPerDim 3 --stateOut b1boot32.state --tol 3e-6 -S 5000 acef2.lgo ../../chrX/boot_chrX/boot32.opf
# Stage nOptItr nSimReps
#     0    5000        0
# algorithm          : deterministic
# ignoring probs <=  : 0
# Branch length floor: 0
# DE strategy        : 2
#    F               : 0.3
#    CR              : 0.8
#    tolerance       : 3e-06
# nthreads           : 32
# lgo input file     : acef2.lgo
# site pat input file: ../../chrX/boot_chrX/boot32.opf
# free parameters    : 18
# points in DE swarm : 54
# output state file  : b1boot32.state
# Including singleton site patterns.
# cost function      : KL
Initial parameter values
Fixed:
      zero = 0
       one = 1
    Tbecnw = 75200
Free:
       pc1 = 0
       pc2 = 0
       pc3 = 0
       pc4 = 0
       pc5 = 0
       pc6 = 0
       pc7 = 0
       pc8 = 0
       pc9 = 0
      pc10 = 0
      pc11 = 0
      pc12 = 0
      pc13 = 0
      pc14 = 0
      pc15 = 0
      pc16 = 0
      pc17 = 0
      pc18 = 0
Constrained:
   Tgbecnw = 110384
     Tecnw = 29098.8
       Tnw = 25772.8
       Tec = 12980.6
     twoNb = 363753
     twoNe = 1860.6
     twoNc = 685786
     twoNn = 1.50048e+06
     twoNw = 1.08631e+07
    twoNec = 62771.8
    twoNnw = 7784.83
  twoNecnw = 68541.7
  twoNbecnw = 13776.3
  twoNgbecnw = 185195
         m = 0.162094
        m3 = 0.190365
        m5 = 0.175766
        m6 = 0.0710809
        Ta = 44090.3
        Tc = 12886.4
        Te = 6443.21
        Tf = 3221.6
DiffEv reached_goal. cost=2.01186e-03 spread=2.24954e-06
Fitted parameter values
Free:
       pc1 = -3.305
       pc2 = 3.99745
       pc3 = 1.11087
       pc4 = -0.70118
       pc5 = 0.128735
       pc6 = 1.93841
       pc7 = -1.34049
       pc8 = 1.08802
       pc9 = 1.97797
      pc10 = -0.41321
      pc11 = -0.857079
      pc12 = -0.841149
      pc13 = -0.396858
      pc14 = 0.0268271
      pc15 = -0.0823466
      pc16 = -0.0976989
      pc17 = 0.0440765
      pc18 = -0.0399285
Constrained:
   Tgbecnw = 87624.8
     Tecnw = 27593.6
       Tnw = 25154.4
       Tec = 12607.9
     twoNb = 712654
     twoNe = 814.866
     twoNc = 1.15229e+06
     twoNn = 4.55008e+06
     twoNw = 1.16239e+07
    twoNec = 52179.5
    twoNnw = 5784.37
  twoNecnw = 67366.2
  twoNbecnw = 4832.75
  twoNgbecnw = 234236
         m = 0.125934
        m3 = 0.162594
        m5 = 0.205989
        m6 = 0.0989443
        Ta = 43904
        Tc = 12577.2
        Te = 6288.61
        Tf = 3144.31
#       SitePat  BranchLen
              b 118332.4152474
              e 44273.2157633
              c 46119.6708297
              n 42371.2348262
              w 44342.9739951
            b:e 1222.7977989
            b:c 1381.3966090
            b:n 996.3740783
            b:w 1126.2583444
            e:c 11522.1520801
            e:n 4699.1335173
            e:w 4251.7652999
            c:n 4391.4213927
            c:w 3686.8951034
            n:w 12103.3955791
          b:e:c 1437.1298844
          b:e:n 593.1969651
          b:e:w 612.9249508
          b:c:n 613.2958319
          b:c:w 599.8922706
          b:n:w 1422.7629025
          e:c:n 4468.2764756
          e:c:w 3648.4318135
          e:n:w 5803.3859040
          c:n:w 4829.5131587
        b:e:c:n 1242.2859986
        b:e:c:w 1106.0773081
        b:e:n:w 1512.1621261
        b:c:n:w 1346.4971295
        e:c:n:w 47152.5315600
