########################################
# legofit: estimate population history #
#       version 2.3.4-4-g53f8760       #
########################################

# Program was compiled: Sep 21 2021 14:36:42
# Program was run: Thu Sep 23 19:37:22 2021

# cmd: legofit -1 -d 0 -t 32 --ptsPerDim 3 --stateOut b1boot29.state --tol 3e-6 -S 5000 acef2.lgo ../../chrX/boot_chrX/boot29.opf
# Stage nOptItr nSimReps
#     0    5000        0
# algorithm          : deterministic
# ignoring probs <=  : 0
# Branch length floor: 0
# DE strategy        : 2
#    F               : 0.3
#    CR              : 0.8
#    tolerance       : 3e-06
# nthreads           : 32
# lgo input file     : acef2.lgo
# site pat input file: ../../chrX/boot_chrX/boot29.opf
# free parameters    : 18
# points in DE swarm : 54
# output state file  : b1boot29.state
# Including singleton site patterns.
# cost function      : KL
Initial parameter values
Fixed:
      zero = 0
       one = 1
    Tbecnw = 75200
Free:
       pc1 = 0
       pc2 = 0
       pc3 = 0
       pc4 = 0
       pc5 = 0
       pc6 = 0
       pc7 = 0
       pc8 = 0
       pc9 = 0
      pc10 = 0
      pc11 = 0
      pc12 = 0
      pc13 = 0
      pc14 = 0
      pc15 = 0
      pc16 = 0
      pc17 = 0
      pc18 = 0
Constrained:
   Tgbecnw = 110384
     Tecnw = 29098.8
       Tnw = 25772.8
       Tec = 12980.6
     twoNb = 363753
     twoNe = 1860.6
     twoNc = 685786
     twoNn = 1.50048e+06
     twoNw = 1.08631e+07
    twoNec = 62771.8
    twoNnw = 7784.83
  twoNecnw = 68541.7
  twoNbecnw = 13776.3
  twoNgbecnw = 185195
         m = 0.162094
        m3 = 0.190365
        m5 = 0.175766
        m6 = 0.0710809
        Ta = 44090.3
        Tc = 12886.4
        Te = 6443.21
        Tf = 3221.6
DiffEv reached_goal. cost=2.10110e-03 spread=2.92211e-06
Fitted parameter values
Free:
       pc1 = -2.08663
       pc2 = 3.99159
       pc3 = -0.589539
       pc4 = 1.98306
       pc5 = -1.62652
       pc6 = 0.911471
       pc7 = 0.302659
       pc8 = 0.190615
       pc9 = 0.638932
      pc10 = -1.27889
      pc11 = -0.647602
      pc12 = -0.62659
      pc13 = 0.0136799
      pc14 = 0.48757
      pc15 = -0.0243767
      pc16 = -0.0820231
      pc17 = -0.0688575
      pc18 = -0.00697635
Constrained:
   Tgbecnw = 88318.8
     Tecnw = 27388.2
       Tnw = 26271.3
       Tec = 13338.9
     twoNb = 508403
     twoNe = 3235.27
     twoNc = 222525
     twoNn = 109100
     twoNw = 1.12675e+07
    twoNec = 50558.2
    twoNnw = 2577.24
  twoNecnw = 67420.5
  twoNbecnw = 5243.66
  twoNgbecnw = 212269
         m = 0.140155
        m3 = 0.194128
        m5 = 0.19109
        m6 = 0.0838644
        Ta = 44269.4
        Tc = 13135.6
        Te = 6567.82
        Tf = 3283.91
#       SitePat  BranchLen
              b 118568.5821226
              e 44155.5721058
              c 46120.9748749
              n 42242.8792497
              w 44719.8120074
            b:e 1186.6872395
            b:c 1349.1979057
            b:n 963.6094612
            b:w 1123.5525259
            e:c 11407.9331001
            e:n 4868.6995543
            e:w 4212.7213146
            c:n 4457.1014497
            c:w 3664.6093917
            n:w 11914.1401953
          b:e:c 1396.4882600
          b:e:n 584.1695750
          b:e:w 600.3264435
          b:c:n 600.1364047
          b:c:w 591.5833031
          b:n:w 1382.8369659
          e:c:n 4637.5392292
          e:c:w 3609.0767693
          e:n:w 5776.8751366
          c:n:w 4771.1823951
        b:e:c:n 1234.0933389
        b:e:c:w 1066.5465072
        b:e:n:w 1473.1999738
        b:c:n:w 1303.4656183
        e:c:n:w 47214.5470975
