########################################
# legofit: estimate population history #
#       version 2.3.4-4-g53f8760       #
########################################

# Program was compiled: Sep 21 2021 14:36:42
# Program was run: Thu Sep 23 19:34:45 2021

# cmd: legofit -1 -d 0 -t 32 --ptsPerDim 3 --stateOut b1boot12.state --tol 3e-6 -S 5000 acef2.lgo ../../chrX/boot_chrX/boot12.opf
# Stage nOptItr nSimReps
#     0    5000        0
# algorithm          : deterministic
# ignoring probs <=  : 0
# Branch length floor: 0
# DE strategy        : 2
#    F               : 0.3
#    CR              : 0.8
#    tolerance       : 3e-06
# nthreads           : 32
# lgo input file     : acef2.lgo
# site pat input file: ../../chrX/boot_chrX/boot12.opf
# free parameters    : 18
# points in DE swarm : 54
# output state file  : b1boot12.state
# Including singleton site patterns.
# cost function      : KL
Initial parameter values
Fixed:
      zero = 0
       one = 1
    Tbecnw = 75200
Free:
       pc1 = 0
       pc2 = 0
       pc3 = 0
       pc4 = 0
       pc5 = 0
       pc6 = 0
       pc7 = 0
       pc8 = 0
       pc9 = 0
      pc10 = 0
      pc11 = 0
      pc12 = 0
      pc13 = 0
      pc14 = 0
      pc15 = 0
      pc16 = 0
      pc17 = 0
      pc18 = 0
Constrained:
   Tgbecnw = 110384
     Tecnw = 29098.8
       Tnw = 25772.8
       Tec = 12980.6
     twoNb = 363753
     twoNe = 1860.6
     twoNc = 685786
     twoNn = 1.50048e+06
     twoNw = 1.08631e+07
    twoNec = 62771.8
    twoNnw = 7784.83
  twoNecnw = 68541.7
  twoNbecnw = 13776.3
  twoNgbecnw = 185195
         m = 0.162094
        m3 = 0.190365
        m5 = 0.175766
        m6 = 0.0710809
        Ta = 44090.3
        Tc = 12886.4
        Te = 6443.21
        Tf = 3221.6
DiffEv reached_goal. cost=2.12251e-03 spread=2.83604e-06
Fitted parameter values
Free:
       pc1 = -2.71221
       pc2 = 3.98264
       pc3 = -1.04139
       pc4 = 1.16693
       pc5 = -1.14944
       pc6 = 1.9952
       pc7 = -0.502198
       pc8 = 0.717876
       pc9 = 1.39814
      pc10 = -0.98436
      pc11 = -0.0553859
      pc12 = -0.560749
      pc13 = 0.243064
      pc14 = 0.686581
      pc15 = 0.0673957
      pc16 = -0.0812152
      pc17 = -0.0436205
      pc18 = -0.0277458
Constrained:
   Tgbecnw = 86047.1
     Tecnw = 26926.6
       Tnw = 25263.3
       Tec = 12771.1
     twoNb = 727774
     twoNe = 2554.55
     twoNc = 766292
     twoNn = 1.00657e+06
     twoNw = 7.42924e+06
    twoNec = 50080.7
    twoNnw = 3890.78
  twoNecnw = 69388.3
  twoNbecnw = 4322.17
  twoNgbecnw = 222512
         m = 0.135636
        m3 = 0.188175
        m5 = 0.187275
        m6 = 0.0804785
        Ta = 43985.5
        Tc = 12631.6
        Te = 6315.82
        Tf = 3157.91
#       SitePat  BranchLen
              b 118415.4378860
              e 43923.0758467
              c 45865.8652989
              n 42075.8954265
              w 44524.8327507
            b:e 1210.0261212
            b:c 1372.4388573
            b:n 991.9952263
            b:w 1153.5434883
            e:c 11696.7068084
            e:n 4853.6143999
            e:w 4234.9089780
            c:n 4473.4581582
            c:w 3665.9427785
            n:w 12189.0801785
          b:e:c 1446.3821237
          b:e:n 595.2473293
          b:e:w 613.7925197
          b:c:n 613.5404043
          b:c:w 603.1632472
          b:n:w 1432.1789911
          e:c:n 4650.9828229
          e:c:w 3628.2663003
          e:n:w 5738.1911812
          c:n:w 4744.5241701
        b:e:c:n 1275.1477000
        b:e:c:w 1105.4314046
        b:e:n:w 1507.9940862
        b:c:n:w 1337.9175475
        e:c:n:w 47194.4693106
