########################################
# legofit: estimate population history #
#       version 2.3.4-4-g53f8760       #
########################################

# Program was compiled: Sep 21 2021 14:36:42
# Program was run: Thu Sep 23 19:39:35 2021

# cmd: legofit -1 -d 0 -t 32 --ptsPerDim 3 --stateOut b1boot44.state --tol 3e-6 -S 5000 acef2.lgo ../../chrX/boot_chrX/boot44.opf
# Stage nOptItr nSimReps
#     0    5000        0
# algorithm          : deterministic
# ignoring probs <=  : 0
# Branch length floor: 0
# DE strategy        : 2
#    F               : 0.3
#    CR              : 0.8
#    tolerance       : 3e-06
# nthreads           : 32
# lgo input file     : acef2.lgo
# site pat input file: ../../chrX/boot_chrX/boot44.opf
# free parameters    : 18
# points in DE swarm : 54
# output state file  : b1boot44.state
# Including singleton site patterns.
# cost function      : KL
Initial parameter values
Fixed:
      zero = 0
       one = 1
    Tbecnw = 75200
Free:
       pc1 = 0
       pc2 = 0
       pc3 = 0
       pc4 = 0
       pc5 = 0
       pc6 = 0
       pc7 = 0
       pc8 = 0
       pc9 = 0
      pc10 = 0
      pc11 = 0
      pc12 = 0
      pc13 = 0
      pc14 = 0
      pc15 = 0
      pc16 = 0
      pc17 = 0
      pc18 = 0
Constrained:
   Tgbecnw = 110384
     Tecnw = 29098.8
       Tnw = 25772.8
       Tec = 12980.6
     twoNb = 363753
     twoNe = 1860.6
     twoNc = 685786
     twoNn = 1.50048e+06
     twoNw = 1.08631e+07
    twoNec = 62771.8
    twoNnw = 7784.83
  twoNecnw = 68541.7
  twoNbecnw = 13776.3
  twoNgbecnw = 185195
         m = 0.162094
        m3 = 0.190365
        m5 = 0.175766
        m6 = 0.0710809
        Ta = 44090.3
        Tc = 12886.4
        Te = 6443.21
        Tf = 3221.6
DiffEv reached_goal. cost=2.04822e-03 spread=2.06474e-06
Fitted parameter values
Free:
       pc1 = -3.81182
       pc2 = 3.97092
       pc3 = -0.335073
       pc4 = 0.892426
       pc5 = -1.22955
       pc6 = 1.78144
       pc7 = -0.910955
       pc8 = 0.719192
       pc9 = 0.382091
      pc10 = -1.53312
      pc11 = 0.0317674
      pc12 = -0.670723
      pc13 = -0.226537
      pc14 = 0.400998
      pc15 = 0.115294
      pc16 = -0.0881424
      pc17 = 0.0796242
      pc18 = -0.0328109
Constrained:
   Tgbecnw = 84656.1
     Tecnw = 26948.5
       Tnw = 24889.4
       Tec = 12540.6
     twoNb = 743628
     twoNe = 2339.04
     twoNc = 359050
     twoNn = 1.59766e+06
     twoNw = 1.79148e+07
    twoNec = 52375.6
    twoNnw = 4622.17
  twoNecnw = 67594.8
  twoNbecnw = 3726.62
  twoNgbecnw = 236832
         m = 0.122134
        m3 = 0.192669
        m5 = 0.198616
        m6 = 0.088919
        Ta = 43870.3
        Tc = 12444.7
        Te = 6222.34
        Tf = 3111.17
#       SitePat  BranchLen
              b 117219.4227739
              e 43786.1681688
              c 45742.1709583
              n 41544.3129153
              w 43835.9484351
            b:e 1228.4731513
            b:c 1397.1420220
            b:n 981.9312122
            b:w 1133.5188334
            e:c 11335.0589699
            e:n 4796.9619101
            e:w 4271.9910040
            c:n 4484.3934856
            c:w 3665.1697133
            n:w 12109.2185871
          b:e:c 1436.1666431
          b:e:n 596.1865752
          b:e:w 619.5502453
          b:c:n 619.5372272
          b:c:w 603.8580633
          b:n:w 1419.9492846
          e:c:n 4533.4672520
          e:c:w 3586.0264107
          e:n:w 5877.9326397
          c:n:w 4841.3195654
        b:e:c:n 1252.8336570
        b:e:c:w 1093.5615296
        b:e:n:w 1532.6611860
        b:c:n:w 1356.3338453
        e:c:n:w 46544.0869068
