########################################
# legofit: estimate population history #
#       version 2.3.4-4-g53f8760       #
########################################

# Program was compiled: Sep 21 2021 14:36:42
# Program was run: Thu Sep 23 19:35:22 2021

# cmd: legofit -1 -d 0 -t 32 --ptsPerDim 3 --stateOut b1boot16.state --tol 3e-6 -S 5000 acef2.lgo ../../chrX/boot_chrX/boot16.opf
# Stage nOptItr nSimReps
#     0    5000        0
# algorithm          : deterministic
# ignoring probs <=  : 0
# Branch length floor: 0
# DE strategy        : 2
#    F               : 0.3
#    CR              : 0.8
#    tolerance       : 3e-06
# nthreads           : 32
# lgo input file     : acef2.lgo
# site pat input file: ../../chrX/boot_chrX/boot16.opf
# free parameters    : 18
# points in DE swarm : 54
# output state file  : b1boot16.state
# Including singleton site patterns.
# cost function      : KL
Initial parameter values
Fixed:
      zero = 0
       one = 1
    Tbecnw = 75200
Free:
       pc1 = 0
       pc2 = 0
       pc3 = 0
       pc4 = 0
       pc5 = 0
       pc6 = 0
       pc7 = 0
       pc8 = 0
       pc9 = 0
      pc10 = 0
      pc11 = 0
      pc12 = 0
      pc13 = 0
      pc14 = 0
      pc15 = 0
      pc16 = 0
      pc17 = 0
      pc18 = 0
Constrained:
   Tgbecnw = 110384
     Tecnw = 29098.8
       Tnw = 25772.8
       Tec = 12980.6
     twoNb = 363753
     twoNe = 1860.6
     twoNc = 685786
     twoNn = 1.50048e+06
     twoNw = 1.08631e+07
    twoNec = 62771.8
    twoNnw = 7784.83
  twoNecnw = 68541.7
  twoNbecnw = 13776.3
  twoNgbecnw = 185195
         m = 0.162094
        m3 = 0.190365
        m5 = 0.175766
        m6 = 0.0710809
        Ta = 44090.3
        Tc = 12886.4
        Te = 6443.21
        Tf = 3221.6
DiffEv reached_goal. cost=2.04202e-03 spread=2.76757e-06
Fitted parameter values
Free:
       pc1 = -3.84956
       pc2 = 3.98406
       pc3 = 1.32557
       pc4 = 0.510129
       pc5 = -0.766768
       pc6 = 1.74797
       pc7 = -0.859182
       pc8 = -0.495268
       pc9 = -0.0723832
      pc10 = -1.55731
      pc11 = 0.228028
      pc12 = -0.391451
      pc13 = 0.0993144
      pc14 = -0.122323
      pc15 = -0.243364
      pc16 = -0.0144176
      pc17 = -0.0188231
      pc18 = -0.0118598
Constrained:
   Tgbecnw = 85603.1
     Tecnw = 27919.8
       Tnw = 25048.6
       Tec = 12582
     twoNb = 524550
     twoNe = 1014.68
     twoNc = 25241
     twoNn = 953176
     twoNw = 2.51936e+07
    twoNec = 51792.2
    twoNnw = 6141.69
  twoNecnw = 68923.5
  twoNbecnw = 4073.79
  twoNgbecnw = 235241
         m = 0.124174
        m3 = 0.189483
        m5 = 0.20835
        m6 = 0.103488
        Ta = 43891
        Tc = 12524.3
        Te = 6262.14
        Tf = 3131.07
#       SitePat  BranchLen
              b 117465.0596615
              e 44229.4597235
              c 46263.3026268
              n 41873.0508667
              w 44274.6200135
            b:e 1237.7103859
            b:c 1411.4690171
            b:n 975.5804100
            b:w 1134.3504676
            e:c 11497.3413312
            e:n 4820.1697844
            e:w 4216.8206620
            c:n 4430.5722755
            c:w 3626.8083125
            n:w 12299.4981424
          b:e:c 1463.5100323
          b:e:n 595.7914367
          b:e:w 615.6070065
          b:c:n 615.6196201
          b:c:w 603.9167670
          b:n:w 1446.2072296
          e:c:n 4488.3270478
          e:c:w 3493.8709865
          e:n:w 5888.6044634
          c:n:w 4834.3714186
        b:e:c:n 1256.7084967
        b:e:c:w 1089.8257224
        b:e:n:w 1551.1424625
        b:c:n:w 1369.2458874
        e:c:n:w 46386.8550614
