########################################
# legofit: estimate population history #
#       version 2.3.4-4-g53f8760       #
########################################

# Program was compiled: Sep 21 2021 14:36:42
# Program was run: Thu Sep 23 19:32:48 2021

# cmd: legofit -1 -d 0 -t 32 --ptsPerDim 3 --stateOut b1boot2.state --tol 3e-6 -S 5000 acef2.lgo ../../chrX/boot_chrX/boot2.opf
# Stage nOptItr nSimReps
#     0    5000        0
# algorithm          : deterministic
# ignoring probs <=  : 0
# Branch length floor: 0
# DE strategy        : 2
#    F               : 0.3
#    CR              : 0.8
#    tolerance       : 3e-06
# nthreads           : 32
# lgo input file     : acef2.lgo
# site pat input file: ../../chrX/boot_chrX/boot2.opf
# free parameters    : 18
# points in DE swarm : 54
# output state file  : b1boot2.state
# Including singleton site patterns.
# cost function      : KL
Initial parameter values
Fixed:
      zero = 0
       one = 1
    Tbecnw = 75200
Free:
       pc1 = 0
       pc2 = 0
       pc3 = 0
       pc4 = 0
       pc5 = 0
       pc6 = 0
       pc7 = 0
       pc8 = 0
       pc9 = 0
      pc10 = 0
      pc11 = 0
      pc12 = 0
      pc13 = 0
      pc14 = 0
      pc15 = 0
      pc16 = 0
      pc17 = 0
      pc18 = 0
Constrained:
   Tgbecnw = 110384
     Tecnw = 29098.8
       Tnw = 25772.8
       Tec = 12980.6
     twoNb = 363753
     twoNe = 1860.6
     twoNc = 685786
     twoNn = 1.50048e+06
     twoNw = 1.08631e+07
    twoNec = 62771.8
    twoNnw = 7784.83
  twoNecnw = 68541.7
  twoNbecnw = 13776.3
  twoNgbecnw = 185195
         m = 0.162094
        m3 = 0.190365
        m5 = 0.175766
        m6 = 0.0710809
        Ta = 44090.3
        Tc = 12886.4
        Te = 6443.21
        Tf = 3221.6
DiffEv reached_goal. cost=2.08706e-03 spread=2.92597e-06
Fitted parameter values
Free:
       pc1 = -3.58157
       pc2 = 3.98255
       pc3 = -1.34943
       pc4 = -1.18228
       pc5 = -1.51534
       pc6 = 1.81171
       pc7 = -1.27005
       pc8 = 0.565936
       pc9 = 1.22898
      pc10 = -1.72339
      pc11 = 0.23609
      pc12 = -0.520263
      pc13 = -0.218321
      pc14 = 0.255351
      pc15 = -0.261102
      pc16 = -0.183466
      pc17 = -0.0388329
      pc18 = -0.000285346
Constrained:
   Tgbecnw = 81565
     Tecnw = 26596.3
       Tnw = 24496.6
       Tec = 12348
     twoNb = 627573
     twoNe = 1997.84
     twoNc = 1.28469e+06
     twoNn = 3.89658e+06
     twoNw = 2.23854e+07
    twoNec = 54748.3
    twoNnw = 4756.31
  twoNecnw = 70214.9
  twoNbecnw = 2593.23
  twoNgbecnw = 217971
         m = 0.136678
        m3 = 0.187041
        m5 = 0.182807
        m6 = 0.0775335
        Ta = 43774
        Tc = 12248.3
        Te = 6124.14
        Tf = 3062.07
#       SitePat  BranchLen
              b 116648.6512586
              e 44081.5034445
              c 46045.9351020
              n 41618.1248373
              w 43890.2688735
            b:e 1216.9138717
            b:c 1379.0087954
            b:n 965.0523855
            b:w 1111.2632307
            e:c 11386.9564055
            e:n 4801.3315955
            e:w 4217.7861233
            c:n 4416.5521459
            c:w 3645.3869338
            n:w 12380.2319499
          b:e:c 1431.1946413
          b:e:n 588.7192678
          b:e:w 606.7905969
          b:c:n 606.7447590
          b:c:w 596.7847799
          b:n:w 1412.9316606
          e:c:n 4427.2601402
          e:c:w 3509.8267882
          e:n:w 5788.4168468
          c:n:w 4781.1638284
        b:e:c:n 1238.1495371
        b:e:c:w 1083.8273419
        b:e:n:w 1524.1122446
        b:c:n:w 1353.9976467
        e:c:n:w 45861.3531724
