########################################
# legofit: estimate population history #
#       version 2.3.4-4-g53f8760       #
########################################

# Program was compiled: Sep 21 2021 14:36:42
# Program was run: Thu Sep 23 19:34:45 2021

# cmd: legofit -1 -d 0 -t 32 --ptsPerDim 3 --stateOut b1boot11.state --tol 3e-6 -S 5000 acef2.lgo ../../chrX/boot_chrX/boot11.opf
# Stage nOptItr nSimReps
#     0    5000        0
# algorithm          : deterministic
# ignoring probs <=  : 0
# Branch length floor: 0
# DE strategy        : 2
#    F               : 0.3
#    CR              : 0.8
#    tolerance       : 3e-06
# nthreads           : 32
# lgo input file     : acef2.lgo
# site pat input file: ../../chrX/boot_chrX/boot11.opf
# free parameters    : 18
# points in DE swarm : 54
# output state file  : b1boot11.state
# Including singleton site patterns.
# cost function      : KL
Initial parameter values
Fixed:
      zero = 0
       one = 1
    Tbecnw = 75200
Free:
       pc1 = 0
       pc2 = 0
       pc3 = 0
       pc4 = 0
       pc5 = 0
       pc6 = 0
       pc7 = 0
       pc8 = 0
       pc9 = 0
      pc10 = 0
      pc11 = 0
      pc12 = 0
      pc13 = 0
      pc14 = 0
      pc15 = 0
      pc16 = 0
      pc17 = 0
      pc18 = 0
Constrained:
   Tgbecnw = 110384
     Tecnw = 29098.8
       Tnw = 25772.8
       Tec = 12980.6
     twoNb = 363753
     twoNe = 1860.6
     twoNc = 685786
     twoNn = 1.50048e+06
     twoNw = 1.08631e+07
    twoNec = 62771.8
    twoNnw = 7784.83
  twoNecnw = 68541.7
  twoNbecnw = 13776.3
  twoNgbecnw = 185195
         m = 0.162094
        m3 = 0.190365
        m5 = 0.175766
        m6 = 0.0710809
        Ta = 44090.3
        Tc = 12886.4
        Te = 6443.21
        Tf = 3221.6
DiffEv reached_goal. cost=2.08680e-03 spread=2.76262e-06
Fitted parameter values
Free:
       pc1 = -2.74865
       pc2 = 3.98932
       pc3 = -1.18124
       pc4 = -0.514699
       pc5 = -0.629346
       pc6 = 1.58602
       pc7 = -0.415571
       pc8 = 0.440116
       pc9 = 1.81536
      pc10 = -1.6628
      pc11 = 0.305357
      pc12 = 0.13317
      pc13 = 0.124641
      pc14 = 0.504398
      pc15 = 0.0124041
      pc16 = -0.109737
      pc17 = -0.0501789
      pc18 = 0.00413528
Constrained:
   Tgbecnw = 86475.9
     Tecnw = 26624.9
       Tnw = 24765.9
       Tec = 12501.1
     twoNb = 455894
     twoNe = 2066.31
     twoNc = 893841
     twoNn = 2.93688e+06
     twoNw = 1.42208e+07
    twoNec = 51719.2
    twoNnw = 4260.76
  twoNecnw = 71476.3
  twoNbecnw = 4522.46
  twoNgbecnw = 217995
         m = 0.141877
        m3 = 0.17949
        m5 = 0.173967
        m6 = 0.0845815
        Ta = 43850.5
        Tc = 12382.9
        Te = 6191.47
        Tf = 3095.73
#       SitePat  BranchLen
              b 119130.4358479
              e 44322.4107198
              c 46071.2579258
              n 41986.3349763
              w 44329.0043329
            b:e 1249.9810662
            b:c 1394.0329347
            b:n 997.2365802
            b:w 1151.2776495
            e:c 11829.6228842
            e:n 4843.3239972
            e:w 4189.2071229
            c:n 4443.2929012
            c:w 3719.4455068
            n:w 12626.5729801
          b:e:c 1483.5125026
          b:e:n 601.8258891
          b:e:w 613.9707737
          b:c:n 613.4192872
          b:c:w 609.3406746
          b:n:w 1466.8724053
          e:c:n 4571.1835645
          e:c:w 3606.4784767
          e:n:w 5770.5728398
          c:n:w 4891.5183459
        b:e:c:n 1276.3403887
        b:e:c:w 1114.2330474
        b:e:n:w 1535.1842847
        b:c:n:w 1384.1691172
        e:c:n:w 47613.9848915
