########################################
# legofit: estimate population history #
#       version 2.3.4-4-g53f8760       #
########################################

# Program was compiled: Sep 21 2021 14:36:42
# Program was run: Thu Sep 23 19:34:50 2021

# cmd: legofit -1 -d 0 -t 32 --ptsPerDim 3 --stateOut b1boot15.state --tol 3e-6 -S 5000 acef2.lgo ../../chrX/boot_chrX/boot15.opf
# Stage nOptItr nSimReps
#     0    5000        0
# algorithm          : deterministic
# ignoring probs <=  : 0
# Branch length floor: 0
# DE strategy        : 2
#    F               : 0.3
#    CR              : 0.8
#    tolerance       : 3e-06
# nthreads           : 32
# lgo input file     : acef2.lgo
# site pat input file: ../../chrX/boot_chrX/boot15.opf
# free parameters    : 18
# points in DE swarm : 54
# output state file  : b1boot15.state
# Including singleton site patterns.
# cost function      : KL
Initial parameter values
Fixed:
      zero = 0
       one = 1
    Tbecnw = 75200
Free:
       pc1 = 0
       pc2 = 0
       pc3 = 0
       pc4 = 0
       pc5 = 0
       pc6 = 0
       pc7 = 0
       pc8 = 0
       pc9 = 0
      pc10 = 0
      pc11 = 0
      pc12 = 0
      pc13 = 0
      pc14 = 0
      pc15 = 0
      pc16 = 0
      pc17 = 0
      pc18 = 0
Constrained:
   Tgbecnw = 110384
     Tecnw = 29098.8
       Tnw = 25772.8
       Tec = 12980.6
     twoNb = 363753
     twoNe = 1860.6
     twoNc = 685786
     twoNn = 1.50048e+06
     twoNw = 1.08631e+07
    twoNec = 62771.8
    twoNnw = 7784.83
  twoNecnw = 68541.7
  twoNbecnw = 13776.3
  twoNgbecnw = 185195
         m = 0.162094
        m3 = 0.190365
        m5 = 0.175766
        m6 = 0.0710809
        Ta = 44090.3
        Tc = 12886.4
        Te = 6443.21
        Tf = 3221.6
DiffEv reached_goal. cost=2.03926e-03 spread=2.96605e-06
Fitted parameter values
Free:
       pc1 = -3.49724
       pc2 = 3.99176
       pc3 = 0.683289
       pc4 = -0.80633
       pc5 = 0.473641
       pc6 = 1.87889
       pc7 = 0.179301
       pc8 = -0.715994
       pc9 = 1.15134
      pc10 = -1.99074
      pc11 = -0.649408
      pc12 = -0.313329
      pc13 = -0.533644
      pc14 = 0.198067
      pc15 = -0.131184
      pc16 = -0.0296231
      pc17 = 0.014272
      pc18 = 0.0120285
Constrained:
   Tgbecnw = 86162.7
     Tecnw = 26973
       Tnw = 24842.7
       Tec = 12484
     twoNb = 169895
     twoNe = 835.276
     twoNc = 378524
     twoNn = 1.55289e+06
     twoNw = 2.16892e+07
    twoNec = 53706.5
    twoNnw = 5089.01
  twoNecnw = 68211.9
  twoNbecnw = 4588.39
  twoNgbecnw = 214903
         m = 0.130809
        m3 = 0.162881
        m5 = 0.197483
        m6 = 0.0995948
        Ta = 43842
        Tc = 12421.3
        Te = 6210.67
        Tf = 3105.33
#       SitePat  BranchLen
              b 117427.5715336
              e 44320.8607626
              c 46212.9671561
              n 42081.3528164
              w 44139.5091145
            b:e 1329.1269095
            b:c 1494.2276505
            b:n 1066.3705291
            b:w 1208.5860871
            e:c 11448.9937683
            e:n 4917.2743254
            e:w 4309.9552109
            c:n 4443.4962220
            c:w 3836.3689682
            n:w 12263.1042503
          b:e:c 1533.9536483
          b:e:n 650.2205267
          b:e:w 659.1577439
          b:c:n 659.4853871
          b:c:w 657.7199139
          b:n:w 1516.8907155
          e:c:n 4570.7832193
          e:c:w 3727.0732894
          e:n:w 5963.6717900
          c:n:w 5018.9297425
        b:e:c:n 1335.5523227
        b:e:c:w 1186.1650206
        b:e:n:w 1638.5844620
        b:c:n:w 1465.6566905
        e:c:n:w 46237.8961414
