########################################
# legofit: estimate population history #
#       version 2.3.4-4-g53f8760       #
########################################

# Program was compiled: Sep 21 2021 14:36:42
# Program was run: Thu Sep 23 19:38:44 2021

# cmd: legofit -1 -d 0 -t 32 --ptsPerDim 3 --stateOut b1boot39.state --tol 3e-6 -S 5000 acef2.lgo ../../chrX/boot_chrX/boot39.opf
# Stage nOptItr nSimReps
#     0    5000        0
# algorithm          : deterministic
# ignoring probs <=  : 0
# Branch length floor: 0
# DE strategy        : 2
#    F               : 0.3
#    CR              : 0.8
#    tolerance       : 3e-06
# nthreads           : 32
# lgo input file     : acef2.lgo
# site pat input file: ../../chrX/boot_chrX/boot39.opf
# free parameters    : 18
# points in DE swarm : 54
# output state file  : b1boot39.state
# Including singleton site patterns.
# cost function      : KL
Initial parameter values
Fixed:
      zero = 0
       one = 1
    Tbecnw = 75200
Free:
       pc1 = 0
       pc2 = 0
       pc3 = 0
       pc4 = 0
       pc5 = 0
       pc6 = 0
       pc7 = 0
       pc8 = 0
       pc9 = 0
      pc10 = 0
      pc11 = 0
      pc12 = 0
      pc13 = 0
      pc14 = 0
      pc15 = 0
      pc16 = 0
      pc17 = 0
      pc18 = 0
Constrained:
   Tgbecnw = 110384
     Tecnw = 29098.8
       Tnw = 25772.8
       Tec = 12980.6
     twoNb = 363753
     twoNe = 1860.6
     twoNc = 685786
     twoNn = 1.50048e+06
     twoNw = 1.08631e+07
    twoNec = 62771.8
    twoNnw = 7784.83
  twoNecnw = 68541.7
  twoNbecnw = 13776.3
  twoNgbecnw = 185195
         m = 0.162094
        m3 = 0.190365
        m5 = 0.175766
        m6 = 0.0710809
        Ta = 44090.3
        Tc = 12886.4
        Te = 6443.21
        Tf = 3221.6
DiffEv reached_goal. cost=2.14200e-03 spread=2.48931e-06
Fitted parameter values
Free:
       pc1 = -3.81372
       pc2 = 3.99159
       pc3 = 0.473784
       pc4 = -1.72249
       pc5 = -0.424678
       pc6 = 1.97415
       pc7 = 0.801646
       pc8 = -0.0988802
       pc9 = 1.60766
      pc10 = -1.45963
      pc11 = -0.457881
      pc12 = -0.0442474
      pc13 = -0.533003
      pc14 = -0.0778375
      pc15 = -0.129283
      pc16 = -0.166635
      pc17 = -0.102769
      pc18 = 0.0302091
Constrained:
   Tgbecnw = 84813.2
     Tecnw = 27145
       Tnw = 24561.8
       Tec = 12409.9
     twoNb = 128963
     twoNe = 1737.11
     twoNc = 1.31044e+06
     twoNn = 2.25206e+06
     twoNw = 2.36766e+07
    twoNec = 53924.4
    twoNnw = 6329.68
  twoNecnw = 69022.4
  twoNbecnw = 3815.52
  twoNgbecnw = 226352
         m = 0.135988
        m3 = 0.160279
        m5 = 0.192895
        m6 = 0.10617
        Ta = 43805
        Tc = 12280.9
        Te = 6140.45
        Tf = 3070.23
#       SitePat  BranchLen
              b 118598.3302793
              e 44394.5488576
              c 46078.3949380
              n 42250.8874815
              w 44295.9405261
            b:e 1229.2282859
            b:c 1363.4535726
            b:n 993.0692353
            b:w 1124.3041420
            e:c 11354.7576482
            e:n 4857.6339461
            e:w 4225.0669050
            c:n 4396.7956984
            c:w 3812.3198038
            n:w 12085.0956820
          b:e:c 1416.3703119
          b:e:n 605.0539869
          b:e:w 610.8097211
          b:c:n 610.7447880
          b:c:w 611.8344233
          b:n:w 1401.1041162
          e:c:n 4456.1866655
          e:c:w 3628.1765566
          e:n:w 5680.0318369
          c:n:w 4869.7711055
        b:e:c:n 1246.7845074
        b:e:c:w 1108.7042312
        b:e:n:w 1501.1352006
        b:c:n:w 1360.1944106
        e:c:n:w 47466.6325512
