########################################
# legofit: estimate population history #
#       version 2.3.4-4-g53f8760       #
########################################

# Program was compiled: Sep 21 2021 14:36:42
# Program was run: Thu Sep 23 19:36:21 2021

# cmd: legofit -1 -d 0 -t 32 --ptsPerDim 3 --stateOut b1boot22.state --tol 3e-6 -S 5000 acef2.lgo ../../chrX/boot_chrX/boot22.opf
# Stage nOptItr nSimReps
#     0    5000        0
# algorithm          : deterministic
# ignoring probs <=  : 0
# Branch length floor: 0
# DE strategy        : 2
#    F               : 0.3
#    CR              : 0.8
#    tolerance       : 3e-06
# nthreads           : 32
# lgo input file     : acef2.lgo
# site pat input file: ../../chrX/boot_chrX/boot22.opf
# free parameters    : 18
# points in DE swarm : 54
# output state file  : b1boot22.state
# Including singleton site patterns.
# cost function      : KL
Initial parameter values
Fixed:
      zero = 0
       one = 1
    Tbecnw = 75200
Free:
       pc1 = 0
       pc2 = 0
       pc3 = 0
       pc4 = 0
       pc5 = 0
       pc6 = 0
       pc7 = 0
       pc8 = 0
       pc9 = 0
      pc10 = 0
      pc11 = 0
      pc12 = 0
      pc13 = 0
      pc14 = 0
      pc15 = 0
      pc16 = 0
      pc17 = 0
      pc18 = 0
Constrained:
   Tgbecnw = 110384
     Tecnw = 29098.8
       Tnw = 25772.8
       Tec = 12980.6
     twoNb = 363753
     twoNe = 1860.6
     twoNc = 685786
     twoNn = 1.50048e+06
     twoNw = 1.08631e+07
    twoNec = 62771.8
    twoNnw = 7784.83
  twoNecnw = 68541.7
  twoNbecnw = 13776.3
  twoNgbecnw = 185195
         m = 0.162094
        m3 = 0.190365
        m5 = 0.175766
        m6 = 0.0710809
        Ta = 44090.3
        Tc = 12886.4
        Te = 6443.21
        Tf = 3221.6
DiffEv reached_goal. cost=1.96085e-03 spread=2.64075e-06
Fitted parameter values
Free:
       pc1 = -2.44553
       pc2 = 3.97098
       pc3 = -0.229184
       pc4 = 1.52847
       pc5 = -1.58622
       pc6 = 1.22156
       pc7 = -1.21237
       pc8 = 1.24127
       pc9 = 0.905249
      pc10 = -1.58952
      pc11 = 0.295874
      pc12 = -0.224894
      pc13 = 0.0597069
      pc14 = 0.473181
      pc15 = -0.214027
      pc16 = -0.0268273
      pc17 = -0.0837289
      pc18 = 0.000655054
Constrained:
   Tgbecnw = 87250.5
     Tecnw = 27391.8
       Tnw = 25566.1
       Tec = 12958.3
     twoNb = 881455
     twoNe = 2836.21
     twoNc = 75587.4
     twoNn = 2.68105e+06
     twoNw = 1.22984e+07
    twoNec = 50896.2
    twoNnw = 3956.73
  twoNecnw = 70239.4
  twoNbecnw = 4801.57
  twoNgbecnw = 220022
         m = 0.133057
        m3 = 0.19619
        m5 = 0.189708
        m6 = 0.0920699
        Ta = 44079.1
        Tc = 12783.1
        Te = 6391.54
        Tf = 3195.77
#       SitePat  BranchLen
              b 117816.1020560
              e 44390.7594672
              c 46327.0715343
              n 42010.2346270
              w 44544.3885221
            b:e 1244.4312626
            b:c 1407.4530871
            b:n 981.7401170
            b:w 1149.4267739
            e:c 11611.0468296
            e:n 4882.1995885
            e:w 4198.2159482
            c:n 4466.5120101
            c:w 3665.5534917
            n:w 12391.2236716
          b:e:c 1472.3325632
          b:e:n 600.2843627
          b:e:w 616.2026839
          b:c:n 615.7629502
          b:c:w 608.3898091
          b:n:w 1455.3185978
          e:c:n 4582.5490351
          e:c:w 3533.3372988
          e:n:w 5853.3512672
          c:n:w 4865.3892350
        b:e:c:n 1271.3620946
        b:e:c:w 1095.1302575
        b:e:n:w 1545.9626396
        b:c:n:w 1375.2751023
        e:c:n:w 46358.0090590
