########################################
# legofit: estimate population history #
#       version 2.3.4-4-g53f8760       #
########################################

# Program was compiled: Sep 21 2021 14:36:42
# Program was run: Thu Sep 23 19:36:37 2021

# cmd: legofit -1 -d 0 -t 32 --ptsPerDim 3 --stateOut b1boot26.state --tol 3e-6 -S 5000 acef2.lgo ../../chrX/boot_chrX/boot26.opf
# Stage nOptItr nSimReps
#     0    5000        0
# algorithm          : deterministic
# ignoring probs <=  : 0
# Branch length floor: 0
# DE strategy        : 2
#    F               : 0.3
#    CR              : 0.8
#    tolerance       : 3e-06
# nthreads           : 32
# lgo input file     : acef2.lgo
# site pat input file: ../../chrX/boot_chrX/boot26.opf
# free parameters    : 18
# points in DE swarm : 54
# output state file  : b1boot26.state
# Including singleton site patterns.
# cost function      : KL
Initial parameter values
Fixed:
      zero = 0
       one = 1
    Tbecnw = 75200
Free:
       pc1 = 0
       pc2 = 0
       pc3 = 0
       pc4 = 0
       pc5 = 0
       pc6 = 0
       pc7 = 0
       pc8 = 0
       pc9 = 0
      pc10 = 0
      pc11 = 0
      pc12 = 0
      pc13 = 0
      pc14 = 0
      pc15 = 0
      pc16 = 0
      pc17 = 0
      pc18 = 0
Constrained:
   Tgbecnw = 110384
     Tecnw = 29098.8
       Tnw = 25772.8
       Tec = 12980.6
     twoNb = 363753
     twoNe = 1860.6
     twoNc = 685786
     twoNn = 1.50048e+06
     twoNw = 1.08631e+07
    twoNec = 62771.8
    twoNnw = 7784.83
  twoNecnw = 68541.7
  twoNbecnw = 13776.3
  twoNgbecnw = 185195
         m = 0.162094
        m3 = 0.190365
        m5 = 0.175766
        m6 = 0.0710809
        Ta = 44090.3
        Tc = 12886.4
        Te = 6443.21
        Tf = 3221.6
DiffEv reached_goal. cost=2.11384e-03 spread=2.93396e-06
Fitted parameter values
Free:
       pc1 = -3.94556
       pc2 = 3.98895
       pc3 = 0.224345
       pc4 = -0.220045
       pc5 = -0.0639071
       pc6 = 1.93806
       pc7 = 0.633777
       pc8 = 0.208625
       pc9 = 0.826564
      pc10 = -1.92578
      pc11 = 0.153092
      pc12 = 0.153399
      pc13 = -0.341181
      pc14 = 0.0290752
      pc15 = -0.132559
      pc16 = 0.00988303
      pc17 = -0.0610578
      pc18 = 0.0321031
Constrained:
   Tgbecnw = 86176.5
     Tecnw = 26971.2
       Tnw = 24499
       Tec = 12396.3
     twoNb = 287248
     twoNe = 2052.23
     twoNc = 337954
     twoNn = 935978
     twoNw = 2.13665e+07
    twoNec = 53448.1
    twoNnw = 5908.62
  twoNecnw = 69821.6
  twoNbecnw = 4283.6
  twoNgbecnw = 243285
         m = 0.117877
        m3 = 0.170586
        m5 = 0.191896
        m6 = 0.103499
        Ta = 43798.1
        Tc = 12249.5
        Te = 6124.76
        Tf = 3062.38
#       SitePat  BranchLen
              b 117355.6310283
              e 44397.0690109
              c 46142.8683527
              n 42125.1636959
              w 44301.0611902
            b:e 1292.6219302
            b:c 1438.3729754
            b:n 1037.5991987
            b:w 1183.8219218
            e:c 11450.4909245
            e:n 4932.5280720
            e:w 4276.0101975
            c:n 4472.3780137
            c:w 3839.3739514
            n:w 12242.2510456
          b:e:c 1491.9055964
          b:e:n 635.4247254
          b:e:w 643.2188038
          b:c:n 643.0198681
          b:c:w 642.9553677
          b:n:w 1475.1847141
          e:c:n 4542.8908509
          e:c:w 3656.5152934
          e:n:w 5789.3057085
          c:n:w 4940.2926712
        b:e:c:n 1314.0996146
        b:e:c:w 1160.1473136
        b:e:n:w 1585.1726147
        b:c:n:w 1432.0898631
        e:c:n:w 46163.8648793
