########################################
# legofit: estimate population history #
#       version 2.3.4-4-g53f8760       #
########################################

# Program was compiled: Sep 21 2021 14:36:42
# Program was run: Thu Sep 23 19:35:43 2021

# cmd: legofit -1 -d 0 -t 32 --ptsPerDim 3 --stateOut b1boot21.state --tol 3e-6 -S 5000 acef2.lgo ../../chrX/boot_chrX/boot21.opf
# Stage nOptItr nSimReps
#     0    5000        0
# algorithm          : deterministic
# ignoring probs <=  : 0
# Branch length floor: 0
# DE strategy        : 2
#    F               : 0.3
#    CR              : 0.8
#    tolerance       : 3e-06
# nthreads           : 32
# lgo input file     : acef2.lgo
# site pat input file: ../../chrX/boot_chrX/boot21.opf
# free parameters    : 18
# points in DE swarm : 54
# output state file  : b1boot21.state
# Including singleton site patterns.
# cost function      : KL
Initial parameter values
Fixed:
      zero = 0
       one = 1
    Tbecnw = 75200
Free:
       pc1 = 0
       pc2 = 0
       pc3 = 0
       pc4 = 0
       pc5 = 0
       pc6 = 0
       pc7 = 0
       pc8 = 0
       pc9 = 0
      pc10 = 0
      pc11 = 0
      pc12 = 0
      pc13 = 0
      pc14 = 0
      pc15 = 0
      pc16 = 0
      pc17 = 0
      pc18 = 0
Constrained:
   Tgbecnw = 110384
     Tecnw = 29098.8
       Tnw = 25772.8
       Tec = 12980.6
     twoNb = 363753
     twoNe = 1860.6
     twoNc = 685786
     twoNn = 1.50048e+06
     twoNw = 1.08631e+07
    twoNec = 62771.8
    twoNnw = 7784.83
  twoNecnw = 68541.7
  twoNbecnw = 13776.3
  twoNgbecnw = 185195
         m = 0.162094
        m3 = 0.190365
        m5 = 0.175766
        m6 = 0.0710809
        Ta = 44090.3
        Tc = 12886.4
        Te = 6443.21
        Tf = 3221.6
DiffEv reached_goal. cost=2.09594e-03 spread=2.86053e-06
Fitted parameter values
Free:
       pc1 = -3.99304
       pc2 = 3.92225
       pc3 = 0.0124604
       pc4 = 0.495149
       pc5 = -0.720827
       pc6 = 1.63917
       pc7 = -1.33117
       pc8 = -0.113715
       pc9 = 0.834687
      pc10 = -1.55725
      pc11 = 0.264815
      pc12 = 0.129098
      pc13 = -0.0828901
      pc14 = -0.00823587
      pc15 = -0.0722285
      pc16 = -0.070458
      pc17 = -0.0442646
      pc18 = -0.013883
Constrained:
   Tgbecnw = 83548.3
     Tecnw = 27306.3
       Tnw = 24774.4
       Tec = 12449.5
     twoNb = 593206
     twoNe = 1164.05
     twoNc = 233582
     twoNn = 2.11136e+06
     twoNw = 1.82273e+07
    twoNec = 52538.6
    twoNnw = 5586.59
  twoNecnw = 68643.3
  twoNbecnw = 3261.61
  twoNgbecnw = 238212
         m = 0.123771
        m3 = 0.191565
        m5 = 0.188812
        m6 = 0.0996848
        Ta = 43824.8
        Tc = 12387.2
        Te = 6193.6
        Tf = 3096.8
#       SitePat  BranchLen
              b 117096.4481199
              e 44037.6508432
              c 45763.6731422
              n 41638.2559701
              w 44037.5038451
            b:e 1218.9993332
            b:c 1361.4042577
            b:n 961.4331183
            b:w 1117.2321534
            e:c 11439.7120966
            e:n 4799.2976527
            e:w 4149.3592321
            c:n 4430.2328562
            c:w 3667.2600864
            n:w 12222.4306647
          b:e:c 1429.1436709
          b:e:n 587.9489782
          b:e:w 602.5384134
          b:c:n 601.8956545
          b:c:w 595.4800022
          b:n:w 1412.4619668
          e:c:n 4491.9695547
          e:c:w 3505.6328702
          e:n:w 5716.2939077
          c:n:w 4841.4355509
        b:e:c:n 1239.4209366
        b:e:c:w 1075.4481188
        b:e:n:w 1499.6319862
        b:c:n:w 1350.3387966
        e:c:n:w 46356.7779124
