########################################
# legofit: estimate population history #
#       version 2.3.4-4-g53f8760       #
########################################

# Program was compiled: Sep 21 2021 14:36:42
# Program was run: Thu Sep 23 19:32:54 2021

# cmd: legofit -1 -d 0 -t 32 --ptsPerDim 3 --stateOut b1boot4.state --tol 3e-6 -S 5000 acef2.lgo ../../chrX/boot_chrX/boot4.opf
# Stage nOptItr nSimReps
#     0    5000        0
# algorithm          : deterministic
# ignoring probs <=  : 0
# Branch length floor: 0
# DE strategy        : 2
#    F               : 0.3
#    CR              : 0.8
#    tolerance       : 3e-06
# nthreads           : 32
# lgo input file     : acef2.lgo
# site pat input file: ../../chrX/boot_chrX/boot4.opf
# free parameters    : 18
# points in DE swarm : 54
# output state file  : b1boot4.state
# Including singleton site patterns.
# cost function      : KL
Initial parameter values
Fixed:
      zero = 0
       one = 1
    Tbecnw = 75200
Free:
       pc1 = 0
       pc2 = 0
       pc3 = 0
       pc4 = 0
       pc5 = 0
       pc6 = 0
       pc7 = 0
       pc8 = 0
       pc9 = 0
      pc10 = 0
      pc11 = 0
      pc12 = 0
      pc13 = 0
      pc14 = 0
      pc15 = 0
      pc16 = 0
      pc17 = 0
      pc18 = 0
Constrained:
   Tgbecnw = 110384
     Tecnw = 29098.8
       Tnw = 25772.8
       Tec = 12980.6
     twoNb = 363753
     twoNe = 1860.6
     twoNc = 685786
     twoNn = 1.50048e+06
     twoNw = 1.08631e+07
    twoNec = 62771.8
    twoNnw = 7784.83
  twoNecnw = 68541.7
  twoNbecnw = 13776.3
  twoNgbecnw = 185195
         m = 0.162094
        m3 = 0.190365
        m5 = 0.175766
        m6 = 0.0710809
        Ta = 44090.3
        Tc = 12886.4
        Te = 6443.21
        Tf = 3221.6
DiffEv reached_goal. cost=2.05562e-03 spread=2.20745e-06
Fitted parameter values
Free:
       pc1 = -2.43798
       pc2 = 3.98621
       pc3 = 0.168466
       pc4 = 0.949032
       pc5 = -1.62008
       pc6 = 1.36321
       pc7 = -0.251216
       pc8 = 0.77921
       pc9 = 0.95338
      pc10 = -0.830421
      pc11 = -0.0172374
      pc12 = -0.686968
      pc13 = -0.0571864
      pc14 = 0.541984
      pc15 = 0.00933466
      pc16 = -0.0718755
      pc17 = -0.0616734
      pc18 = 0.0277895
Constrained:
   Tgbecnw = 88810.4
     Tecnw = 27511.8
       Tnw = 25642.1
       Tec = 13023.8
     twoNb = 652284
     twoNe = 2813.94
     twoNc = 768723
     twoNn = 1.74662e+06
     twoNw = 1.28925e+07
    twoNec = 50464.2
    twoNnw = 4215.72
  twoNecnw = 69277
  twoNbecnw = 5435.66
  twoNgbecnw = 218623
         m = 0.137913
        m3 = 0.189957
        m5 = 0.200025
        m6 = 0.0942556
        Ta = 44111.9
        Tc = 12821.1
        Te = 6410.53
        Tf = 3205.26
#       SitePat  BranchLen
              b 119289.3768652
              e 44321.7786740
              c 46382.1204394
              n 42229.2962899
              w 44721.9131304
            b:e 1244.2009882
            b:c 1417.8532153
            b:n 1001.1598858
            b:w 1167.0436283
            e:c 11562.5377475
            e:n 4952.6948687
            e:w 4270.4968388
            c:n 4488.4263188
            c:w 3714.6676609
            n:w 12198.4580247
          b:e:c 1466.3139046
          b:e:n 610.7475496
          b:e:w 625.6448339
          b:c:n 625.5978237
          b:c:w 618.8015967
          b:n:w 1451.0022961
          e:c:n 4651.0806121
          e:c:w 3614.4204594
          e:n:w 5893.2971239
          c:n:w 4853.0530863
        b:e:c:n 1286.1046397
        b:e:c:w 1112.1198399
        b:e:n:w 1552.1788249
        b:c:n:w 1370.5195609
        e:c:n:w 47675.0485477
