########################################
# legofit: estimate population history #
#       version 2.3.4-4-g53f8760       #
########################################

# Program was compiled: Sep 21 2021 14:36:42
# Program was run: Thu Sep 23 19:33:43 2021

# cmd: legofit -1 -d 0 -t 32 --ptsPerDim 3 --stateOut b1boot5.state --tol 3e-6 -S 5000 acef2.lgo ../../chrX/boot_chrX/boot5.opf
# Stage nOptItr nSimReps
#     0    5000        0
# algorithm          : deterministic
# ignoring probs <=  : 0
# Branch length floor: 0
# DE strategy        : 2
#    F               : 0.3
#    CR              : 0.8
#    tolerance       : 3e-06
# nthreads           : 32
# lgo input file     : acef2.lgo
# site pat input file: ../../chrX/boot_chrX/boot5.opf
# free parameters    : 18
# points in DE swarm : 54
# output state file  : b1boot5.state
# Including singleton site patterns.
# cost function      : KL
Initial parameter values
Fixed:
      zero = 0
       one = 1
    Tbecnw = 75200
Free:
       pc1 = 0
       pc2 = 0
       pc3 = 0
       pc4 = 0
       pc5 = 0
       pc6 = 0
       pc7 = 0
       pc8 = 0
       pc9 = 0
      pc10 = 0
      pc11 = 0
      pc12 = 0
      pc13 = 0
      pc14 = 0
      pc15 = 0
      pc16 = 0
      pc17 = 0
      pc18 = 0
Constrained:
   Tgbecnw = 110384
     Tecnw = 29098.8
       Tnw = 25772.8
       Tec = 12980.6
     twoNb = 363753
     twoNe = 1860.6
     twoNc = 685786
     twoNn = 1.50048e+06
     twoNw = 1.08631e+07
    twoNec = 62771.8
    twoNnw = 7784.83
  twoNecnw = 68541.7
  twoNbecnw = 13776.3
  twoNgbecnw = 185195
         m = 0.162094
        m3 = 0.190365
        m5 = 0.175766
        m6 = 0.0710809
        Ta = 44090.3
        Tc = 12886.4
        Te = 6443.21
        Tf = 3221.6
DiffEv reached_goal. cost=2.03921e-03 spread=2.84824e-06
Fitted parameter values
Free:
       pc1 = -3.8322
       pc2 = 3.92141
       pc3 = -0.567575
       pc4 = 1.18292
       pc5 = -1.08982
       pc6 = 1.89436
       pc7 = -1.91059
       pc8 = 1.37043
       pc9 = 1.51439
      pc10 = -1.94094
      pc11 = -0.0391366
      pc12 = -0.442907
      pc13 = 0.0268924
      pc14 = 0.600908
      pc15 = -0.20412
      pc16 = -0.0490186
      pc17 = -0.0943111
      pc18 = 0.0175669
Constrained:
   Tgbecnw = 81279.5
     Tecnw = 26910.7
       Tnw = 24636.7
       Tec = 12477
     twoNb = 971457
     twoNe = 2239.52
     twoNc = 60760.4
     twoNn = 3.431e+06
     twoNw = 1.00969e+07
    twoNec = 51122.6
    twoNnw = 5254.18
  twoNecnw = 68287.1
  twoNbecnw = 2446.81
  twoNgbecnw = 226191
         m = 0.122882
        m3 = 0.189335
        m5 = 0.189812
        m6 = 0.0870448
        Ta = 43838.5
        Tc = 12318.3
        Te = 6159.17
        Tf = 3079.59
#       SitePat  BranchLen
              b 114894.7664200
              e 43520.0087510
              c 45486.8750363
              n 41524.3507712
              w 44004.6118845
            b:e 1188.4634833
            b:c 1347.6124348
            b:n 964.4647651
            b:w 1125.2589322
            e:c 11443.8050379
            e:n 4868.1289889
            e:w 4173.7093186
            c:n 4404.6123935
            c:w 3643.2234936
            n:w 12050.0768559
          b:e:c 1412.9686206
          b:e:n 587.4441893
          b:e:w 600.7871219
          b:c:n 600.5272469
          b:c:w 595.7105912
          b:n:w 1397.7748951
          e:c:n 4562.8604480
          e:c:w 3538.4079048
          e:n:w 5669.7548567
          c:n:w 4696.8909918
        b:e:c:n 1249.6074670
        b:e:c:w 1080.2870230
        b:e:n:w 1486.8948200
        b:c:n:w 1319.7393417
        e:c:n:w 44469.1793209
