########################################
# legofit: estimate population history #
#       version 2.3.4-4-g53f8760       #
########################################

# Program was compiled: Sep 21 2021 14:36:42
# Program was run: Thu Sep 23 19:32:48 2021

# cmd: legofit -1 -d 0 -t 32 --ptsPerDim 3 --stateOut b1boot0.state --tol 3e-6 -S 5000 acef2.lgo ../../chrX/boot_chrX/boot0.opf
# Stage nOptItr nSimReps
#     0    5000        0
# algorithm          : deterministic
# ignoring probs <=  : 0
# Branch length floor: 0
# DE strategy        : 2
#    F               : 0.3
#    CR              : 0.8
#    tolerance       : 3e-06
# nthreads           : 32
# lgo input file     : acef2.lgo
# site pat input file: ../../chrX/boot_chrX/boot0.opf
# free parameters    : 18
# points in DE swarm : 54
# output state file  : b1boot0.state
# Including singleton site patterns.
# cost function      : KL
Initial parameter values
Fixed:
      zero = 0
       one = 1
    Tbecnw = 75200
Free:
       pc1 = 0
       pc2 = 0
       pc3 = 0
       pc4 = 0
       pc5 = 0
       pc6 = 0
       pc7 = 0
       pc8 = 0
       pc9 = 0
      pc10 = 0
      pc11 = 0
      pc12 = 0
      pc13 = 0
      pc14 = 0
      pc15 = 0
      pc16 = 0
      pc17 = 0
      pc18 = 0
Constrained:
   Tgbecnw = 110384
     Tecnw = 29098.8
       Tnw = 25772.8
       Tec = 12980.6
     twoNb = 363753
     twoNe = 1860.6
     twoNc = 685786
     twoNn = 1.50048e+06
     twoNw = 1.08631e+07
    twoNec = 62771.8
    twoNnw = 7784.83
  twoNecnw = 68541.7
  twoNbecnw = 13776.3
  twoNgbecnw = 185195
         m = 0.162094
        m3 = 0.190365
        m5 = 0.175766
        m6 = 0.0710809
        Ta = 44090.3
        Tc = 12886.4
        Te = 6443.21
        Tf = 3221.6
DiffEv reached_goal. cost=2.02792e-03 spread=2.69854e-06
Fitted parameter values
Free:
       pc1 = -3.74224
       pc2 = 3.98713
       pc3 = -0.742803
       pc4 = 0.708722
       pc5 = -0.526568
       pc6 = 1.94381
       pc7 = -1.58681
       pc8 = 0.607922
       pc9 = 1.27596
      pc10 = -1.91892
      pc11 = 0.298193
      pc12 = -0.0952525
      pc13 = -0.27381
      pc14 = 0.120836
      pc15 = -0.159632
      pc16 = -0.0844989
      pc17 = -0.0194244
      pc18 = -0.00893363
Constrained:
   Tgbecnw = 82416.7
     Tecnw = 26735.8
       Tnw = 24685.3
       Tec = 12424.4
     twoNb = 768098
     twoNe = 1555.76
     twoNc = 132976
     twoNn = 2.66381e+06
     twoNw = 1.32744e+07
    twoNec = 53728
    twoNnw = 4658.41
  twoNecnw = 69484
  twoNbecnw = 2863.44
  twoNgbecnw = 236768
         m = 0.124215
        m3 = 0.187567
        m5 = 0.184438
        m6 = 0.0904196
        Ta = 43812.2
        Tc = 12342.7
        Te = 6171.33
        Tf = 3085.67
#       SitePat  BranchLen
              b 116903.9761618
              e 44090.1872967
              c 45873.9825239
              n 41647.3707700
              w 43929.3375760
            b:e 1249.5988493
            b:c 1399.3375594
            b:n 989.0011336
            b:w 1139.4034096
            e:c 11362.7012456
            e:n 4827.4900263
            e:w 4212.0912017
            c:n 4449.6762606
            c:w 3711.6532735
            n:w 12254.6870862
          b:e:c 1455.2073199
          b:e:n 605.9477637
          b:e:w 621.0237373
          b:c:n 620.6379901
          b:c:w 613.7706337
          b:n:w 1437.2879270
          e:c:n 4478.3242410
          e:c:w 3549.7792466
          e:n:w 5768.5684072
          c:n:w 4863.0248739
        b:e:c:n 1267.9058811
        b:e:c:w 1109.2949878
        b:e:n:w 1545.3736765
        b:c:n:w 1388.1978437
        e:c:n:w 46202.4709937
