########################################
# legofit: estimate population history #
#       version 2.3.4-4-g53f8760       #
########################################

# Program was compiled: Sep 21 2021 14:36:42
# Program was run: Thu Sep 23 19:38:40 2021

# cmd: legofit -1 -d 0 -t 32 --ptsPerDim 3 --stateOut b1boot38.state --tol 3e-6 -S 5000 acef2.lgo ../../chrX/boot_chrX/boot38.opf
# Stage nOptItr nSimReps
#     0    5000        0
# algorithm          : deterministic
# ignoring probs <=  : 0
# Branch length floor: 0
# DE strategy        : 2
#    F               : 0.3
#    CR              : 0.8
#    tolerance       : 3e-06
# nthreads           : 32
# lgo input file     : acef2.lgo
# site pat input file: ../../chrX/boot_chrX/boot38.opf
# free parameters    : 18
# points in DE swarm : 54
# output state file  : b1boot38.state
# Including singleton site patterns.
# cost function      : KL
Initial parameter values
Fixed:
      zero = 0
       one = 1
    Tbecnw = 75200
Free:
       pc1 = 0
       pc2 = 0
       pc3 = 0
       pc4 = 0
       pc5 = 0
       pc6 = 0
       pc7 = 0
       pc8 = 0
       pc9 = 0
      pc10 = 0
      pc11 = 0
      pc12 = 0
      pc13 = 0
      pc14 = 0
      pc15 = 0
      pc16 = 0
      pc17 = 0
      pc18 = 0
Constrained:
   Tgbecnw = 110384
     Tecnw = 29098.8
       Tnw = 25772.8
       Tec = 12980.6
     twoNb = 363753
     twoNe = 1860.6
     twoNc = 685786
     twoNn = 1.50048e+06
     twoNw = 1.08631e+07
    twoNec = 62771.8
    twoNnw = 7784.83
  twoNecnw = 68541.7
  twoNbecnw = 13776.3
  twoNgbecnw = 185195
         m = 0.162094
        m3 = 0.190365
        m5 = 0.175766
        m6 = 0.0710809
        Ta = 44090.3
        Tc = 12886.4
        Te = 6443.21
        Tf = 3221.6
DiffEv reached_goal. cost=2.22462e-03 spread=2.88298e-06
Fitted parameter values
Free:
       pc1 = -3.77729
       pc2 = 3.694
       pc3 = -1.25503
       pc4 = 1.56103
       pc5 = -0.765132
       pc6 = 1.82396
       pc7 = -1.74698
       pc8 = -0.147304
       pc9 = 1.1896
      pc10 = -1.19093
      pc11 = -0.216813
      pc12 = -0.328937
      pc13 = -0.408108
      pc14 = -0.0956468
      pc15 = 0.0360576
      pc16 = -0.171244
      pc17 = -0.0169631
      pc18 = -0.00705201
Constrained:
   Tgbecnw = 81525.5
     Tecnw = 26910.5
       Tnw = 25140
       Tec = 12648.7
     twoNb = 747872
     twoNe = 1230.29
     twoNc = 287982
     twoNn = 1.29941e+06
     twoNw = 7.93466e+06
    twoNec = 54883.7
    twoNnw = 4099.47
  twoNecnw = 66436.5
  twoNbecnw = 2499.17
  twoNgbecnw = 238943
         m = 0.127849
        m3 = 0.197753
        m5 = 0.182665
        m6 = 0.08465
        Ta = 43924.4
        Tc = 12570
        Te = 6285.01
        Tf = 3142.51
#       SitePat  BranchLen
              b 117842.6288759
              e 43767.6684399
              c 45612.8870747
              n 41530.9947055
              w 43925.4101311
            b:e 1196.7978474
            b:c 1346.8078242
            b:n 956.6930278
            b:w 1110.5294890
            e:c 11056.2977037
            e:n 4861.2554198
            e:w 4179.7391353
            c:n 4427.9318400
            c:w 3685.9752086
            n:w 11812.6223514
          b:e:c 1382.3667812
          b:e:n 590.0780670
          b:e:w 602.6583928
          b:c:n 602.2760900
          b:c:w 597.7401577
          b:n:w 1366.5175774
          e:c:n 4513.2246259
          e:c:w 3542.2821163
          e:n:w 5692.5696265
          c:n:w 4774.4384982
        b:e:c:n 1229.3711395
        b:e:c:w 1067.4902848
        b:e:n:w 1481.1163757
        b:c:n:w 1323.8266110
        e:c:n:w 47533.9825857
