########################################
# legofit: estimate population history #
#       version 2.3.4-4-g53f8760       #
########################################

# Program was compiled: Sep 21 2021 14:36:42
# Program was run: Thu Sep 23 19:37:30 2021

# cmd: legofit -1 -d 0 -t 32 --ptsPerDim 3 --stateOut b1boot31.state --tol 3e-6 -S 5000 acef2.lgo ../../chrX/boot_chrX/boot31.opf
# Stage nOptItr nSimReps
#     0    5000        0
# algorithm          : deterministic
# ignoring probs <=  : 0
# Branch length floor: 0
# DE strategy        : 2
#    F               : 0.3
#    CR              : 0.8
#    tolerance       : 3e-06
# nthreads           : 32
# lgo input file     : acef2.lgo
# site pat input file: ../../chrX/boot_chrX/boot31.opf
# free parameters    : 18
# points in DE swarm : 54
# output state file  : b1boot31.state
# Including singleton site patterns.
# cost function      : KL
Initial parameter values
Fixed:
      zero = 0
       one = 1
    Tbecnw = 75200
Free:
       pc1 = 0
       pc2 = 0
       pc3 = 0
       pc4 = 0
       pc5 = 0
       pc6 = 0
       pc7 = 0
       pc8 = 0
       pc9 = 0
      pc10 = 0
      pc11 = 0
      pc12 = 0
      pc13 = 0
      pc14 = 0
      pc15 = 0
      pc16 = 0
      pc17 = 0
      pc18 = 0
Constrained:
   Tgbecnw = 110384
     Tecnw = 29098.8
       Tnw = 25772.8
       Tec = 12980.6
     twoNb = 363753
     twoNe = 1860.6
     twoNc = 685786
     twoNn = 1.50048e+06
     twoNw = 1.08631e+07
    twoNec = 62771.8
    twoNnw = 7784.83
  twoNecnw = 68541.7
  twoNbecnw = 13776.3
  twoNgbecnw = 185195
         m = 0.162094
        m3 = 0.190365
        m5 = 0.175766
        m6 = 0.0710809
        Ta = 44090.3
        Tc = 12886.4
        Te = 6443.21
        Tf = 3221.6
DiffEv reached_goal. cost=2.03153e-03 spread=2.92234e-06
Fitted parameter values
Free:
       pc1 = -3.69403
       pc2 = 3.99393
       pc3 = -1.33706
       pc4 = 0.765364
       pc5 = -1.75366
       pc6 = 1.71037
       pc7 = -0.612912
       pc8 = 0.322171
       pc9 = 0.396485
      pc10 = -0.217775
      pc11 = -0.526579
      pc12 = -0.726339
      pc13 = -0.256908
      pc14 = 0.256658
      pc15 = 0.206829
      pc16 = -0.0860983
      pc17 = 0.0149455
      pc18 = -0.0107944
Constrained:
   Tgbecnw = 84352
     Tecnw = 27010.1
       Tnw = 25331.5
       Tec = 12806.7
     twoNb = 674228
     twoNe = 2388.86
     twoNc = 1.36536e+06
     twoNn = 645518
     twoNw = 1.52577e+07
    twoNec = 52706.6
    twoNnw = 3928.53
  twoNecnw = 65569.6
  twoNbecnw = 3596.31
  twoNgbecnw = 240897
         m = 0.11783
        m3 = 0.198176
        m5 = 0.190559
        m6 = 0.0796342
        Ta = 44003.3
        Tc = 12665.8
        Te = 6332.88
        Tf = 3166.44
#       SitePat  BranchLen
              b 116817.5881068
              e 43576.8929661
              c 45558.8376638
              n 41638.5528813
              w 44087.7427766
            b:e 1206.3399167
            b:c 1373.6706139
            b:n 982.4540292
            b:w 1144.2152612
            e:c 11209.2065095
            e:n 4866.3406874
            e:w 4230.9582858
            c:n 4465.7593237
            c:w 3663.0283621
            n:w 11778.3543997
          b:e:c 1410.7636701
          b:e:n 598.3228957
          b:e:w 616.4675556
          b:c:n 616.3038996
          b:c:w 606.1690173
          b:n:w 1396.4402891
          e:c:n 4627.6991974
          e:c:w 3616.6226654
          e:n:w 5764.4472323
          c:n:w 4751.0138221
        b:e:c:n 1260.6911413
        b:e:c:w 1090.9201317
        b:e:n:w 1504.3062189
        b:c:n:w 1329.2930561
        e:c:n:w 46373.9667292
