########################################
# legofit: estimate population history #
#       version 2.3.4-4-g53f8760       #
########################################

# Program was compiled: Sep 21 2021 14:36:42
# Program was run: Thu Sep 23 19:33:56 2021

# cmd: legofit -1 -d 0 -t 32 --ptsPerDim 3 --stateOut b1boot10.state --tol 3e-6 -S 5000 acef2.lgo ../../chrX/boot_chrX/boot10.opf
# Stage nOptItr nSimReps
#     0    5000        0
# algorithm          : deterministic
# ignoring probs <=  : 0
# Branch length floor: 0
# DE strategy        : 2
#    F               : 0.3
#    CR              : 0.8
#    tolerance       : 3e-06
# nthreads           : 32
# lgo input file     : acef2.lgo
# site pat input file: ../../chrX/boot_chrX/boot10.opf
# free parameters    : 18
# points in DE swarm : 54
# output state file  : b1boot10.state
# Including singleton site patterns.
# cost function      : KL
Initial parameter values
Fixed:
      zero = 0
       one = 1
    Tbecnw = 75200
Free:
       pc1 = 0
       pc2 = 0
       pc3 = 0
       pc4 = 0
       pc5 = 0
       pc6 = 0
       pc7 = 0
       pc8 = 0
       pc9 = 0
      pc10 = 0
      pc11 = 0
      pc12 = 0
      pc13 = 0
      pc14 = 0
      pc15 = 0
      pc16 = 0
      pc17 = 0
      pc18 = 0
Constrained:
   Tgbecnw = 110384
     Tecnw = 29098.8
       Tnw = 25772.8
       Tec = 12980.6
     twoNb = 363753
     twoNe = 1860.6
     twoNc = 685786
     twoNn = 1.50048e+06
     twoNw = 1.08631e+07
    twoNec = 62771.8
    twoNnw = 7784.83
  twoNecnw = 68541.7
  twoNbecnw = 13776.3
  twoNgbecnw = 185195
         m = 0.162094
        m3 = 0.190365
        m5 = 0.175766
        m6 = 0.0710809
        Ta = 44090.3
        Tc = 12886.4
        Te = 6443.21
        Tf = 3221.6
DiffEv reached_goal. cost=1.97920e-03 spread=2.25727e-06
Fitted parameter values
Free:
       pc1 = -3.96517
       pc2 = 3.92769
       pc3 = -1.21554
       pc4 = 0.423258
       pc5 = 0.889812
       pc6 = 1.35799
       pc7 = -1.18312
       pc8 = 0.034159
       pc9 = 1.02065
      pc10 = -1.53731
      pc11 = -0.130946
      pc12 = -0.439636
      pc13 = -0.0725562
      pc14 = -0.131684
      pc15 = 0.109457
      pc16 = 0.0345007
      pc17 = 0.0725915
      pc18 = -0.0290866
Constrained:
   Tgbecnw = 85912.1
     Tecnw = 26519.3
       Tnw = 24786
       Tec = 12417.8
     twoNb = 462108
     twoNe = 741.03
     twoNc = 89447.5
     twoNn = 2.37574e+06
     twoNw = 1.20847e+07
    twoNec = 54180
    twoNnw = 4323.9
  twoNecnw = 67509.6
  twoNbecnw = 4086.02
  twoNgbecnw = 258911
         m = 0.110156
        m3 = 0.181901
        m5 = 0.182436
        m6 = 0.0728343
        Ta = 43808.9
        Tc = 12393
        Te = 6196.5
        Tf = 3098.25
#       SitePat  BranchLen
              b 117313.7776159
              e 43893.0266865
              c 45695.2002154
              n 42077.9767134
              w 44245.0971141
            b:e 1247.2371790
            b:c 1403.9103789
            b:n 1032.8738622
            b:w 1179.0312325
            e:c 11439.8996099
            e:n 4804.2103850
            e:w 4308.8659827
            c:n 4516.1260597
            c:w 3735.3549284
            n:w 11984.8808756
          b:e:c 1458.3907935
          b:e:n 617.6642337
          b:e:w 639.8653842
          b:c:n 639.7554328
          b:c:w 625.0889192
          b:n:w 1444.1412212
          e:c:n 4612.6705725
          e:c:w 3721.6657054
          e:n:w 5725.0524851
          c:n:w 4784.4743357
        b:e:c:n 1303.9634462
        b:e:c:w 1150.2714389
        b:e:n:w 1542.9822134
        b:c:n:w 1378.9942794
        e:c:n:w 46512.1815151
