########################################
# legofit: estimate population history #
#       version 2.3.4-4-g53f8760       #
########################################

# Program was compiled: Sep 21 2021 14:36:42
# Program was run: Thu Sep 23 19:33:56 2021

# cmd: legofit -1 -d 0 -t 32 --ptsPerDim 3 --stateOut b1boot8.state --tol 3e-6 -S 5000 acef2.lgo ../../chrX/boot_chrX/boot8.opf
# Stage nOptItr nSimReps
#     0    5000        0
# algorithm          : deterministic
# ignoring probs <=  : 0
# Branch length floor: 0
# DE strategy        : 2
#    F               : 0.3
#    CR              : 0.8
#    tolerance       : 3e-06
# nthreads           : 32
# lgo input file     : acef2.lgo
# site pat input file: ../../chrX/boot_chrX/boot8.opf
# free parameters    : 18
# points in DE swarm : 54
# output state file  : b1boot8.state
# Including singleton site patterns.
# cost function      : KL
Initial parameter values
Fixed:
      zero = 0
       one = 1
    Tbecnw = 75200
Free:
       pc1 = 0
       pc2 = 0
       pc3 = 0
       pc4 = 0
       pc5 = 0
       pc6 = 0
       pc7 = 0
       pc8 = 0
       pc9 = 0
      pc10 = 0
      pc11 = 0
      pc12 = 0
      pc13 = 0
      pc14 = 0
      pc15 = 0
      pc16 = 0
      pc17 = 0
      pc18 = 0
Constrained:
   Tgbecnw = 110384
     Tecnw = 29098.8
       Tnw = 25772.8
       Tec = 12980.6
     twoNb = 363753
     twoNe = 1860.6
     twoNc = 685786
     twoNn = 1.50048e+06
     twoNw = 1.08631e+07
    twoNec = 62771.8
    twoNnw = 7784.83
  twoNecnw = 68541.7
  twoNbecnw = 13776.3
  twoNgbecnw = 185195
         m = 0.162094
        m3 = 0.190365
        m5 = 0.175766
        m6 = 0.0710809
        Ta = 44090.3
        Tc = 12886.4
        Te = 6443.21
        Tf = 3221.6
DiffEv reached_goal. cost=2.05426e-03 spread=2.00141e-06
Fitted parameter values
Free:
       pc1 = -2.79513
       pc2 = 3.99785
       pc3 = 0.586534
       pc4 = 0.314338
       pc5 = -0.923526
       pc6 = 1.74632
       pc7 = -0.499775
       pc8 = 0.618576
       pc9 = 0.242389
      pc10 = -1.3371
      pc11 = 0.76817
      pc12 = -0.504762
      pc13 = 0.00958484
      pc14 = 0.178664
      pc15 = -0.150289
      pc16 = 0.0141776
      pc17 = -0.028302
      pc18 = -0.0105829
Constrained:
   Tgbecnw = 89711.4
     Tecnw = 27455.4
       Tnw = 25160.8
       Tec = 12690.4
     twoNb = 649415
     twoNe = 2049.76
     twoNc = 441966
     twoNn = 1.65341e+06
     twoNw = 2.0878e+07
    twoNec = 52261.7
    twoNnw = 5193.75
  twoNecnw = 71850.4
  twoNbecnw = 5687.88
  twoNgbecnw = 233249
         m = 0.12951
        m3 = 0.187407
        m5 = 0.203154
        m6 = 0.0960625
        Ta = 43945.2
        Tc = 12580.4
        Te = 6290.2
        Tf = 3145.1
#       SitePat  BranchLen
              b 119639.0990880
              e 44805.4895212
              c 46841.5782667
              n 42546.4823882
              w 44921.9389274
            b:e 1312.5871455
            b:c 1491.8274284
            b:n 1052.8796102
            b:w 1215.9916431
            e:c 11658.4502687
            e:n 4967.0178571
            e:w 4373.1022314
            c:n 4576.5392086
            c:w 3773.8609229
            n:w 12439.3225877
          b:e:c 1537.9858350
          b:e:n 641.7405533
          b:e:w 662.3412000
          b:c:n 662.3834194
          b:c:w 650.2303558
          b:n:w 1520.6363714
          e:c:n 4620.5196387
          e:c:w 3641.6570108
          e:n:w 5962.7236362
          c:n:w 4916.3548477
        b:e:c:n 1347.6304078
        b:e:c:w 1176.0707918
        b:e:n:w 1640.8578761
        b:c:n:w 1453.0855714
        e:c:n:w 47657.1733235
