########################################
# legofit: estimate population history #
#       version 2.3.4-4-g53f8760       #
########################################

# Program was compiled: Sep 21 2021 14:36:42
# Program was run: Thu Sep 23 19:38:02 2021

# cmd: legofit -1 -d 0 -t 32 --ptsPerDim 3 --stateOut b1boot35.state --tol 3e-6 -S 5000 acef2.lgo ../../chrX/boot_chrX/boot35.opf
# Stage nOptItr nSimReps
#     0    5000        0
# algorithm          : deterministic
# ignoring probs <=  : 0
# Branch length floor: 0
# DE strategy        : 2
#    F               : 0.3
#    CR              : 0.8
#    tolerance       : 3e-06
# nthreads           : 32
# lgo input file     : acef2.lgo
# site pat input file: ../../chrX/boot_chrX/boot35.opf
# free parameters    : 18
# points in DE swarm : 54
# output state file  : b1boot35.state
# Including singleton site patterns.
# cost function      : KL
Initial parameter values
Fixed:
      zero = 0
       one = 1
    Tbecnw = 75200
Free:
       pc1 = 0
       pc2 = 0
       pc3 = 0
       pc4 = 0
       pc5 = 0
       pc6 = 0
       pc7 = 0
       pc8 = 0
       pc9 = 0
      pc10 = 0
      pc11 = 0
      pc12 = 0
      pc13 = 0
      pc14 = 0
      pc15 = 0
      pc16 = 0
      pc17 = 0
      pc18 = 0
Constrained:
   Tgbecnw = 110384
     Tecnw = 29098.8
       Tnw = 25772.8
       Tec = 12980.6
     twoNb = 363753
     twoNe = 1860.6
     twoNc = 685786
     twoNn = 1.50048e+06
     twoNw = 1.08631e+07
    twoNec = 62771.8
    twoNnw = 7784.83
  twoNecnw = 68541.7
  twoNbecnw = 13776.3
  twoNgbecnw = 185195
         m = 0.162094
        m3 = 0.190365
        m5 = 0.175766
        m6 = 0.0710809
        Ta = 44090.3
        Tc = 12886.4
        Te = 6443.21
        Tf = 3221.6
DiffEv reached_goal. cost=2.15902e-03 spread=2.94176e-06
Fitted parameter values
Free:
       pc1 = -2.82294
       pc2 = 3.94874
       pc3 = -0.511952
       pc4 = -0.205798
       pc5 = -1.1237
       pc6 = 1.96316
       pc7 = -1.74962
       pc8 = 0.455011
       pc9 = 1.48049
      pc10 = -1.54939
      pc11 = 0.288558
      pc12 = -0.67593
      pc13 = -0.265051
      pc14 = 0.274613
      pc15 = -0.112071
      pc16 = -0.199557
      pc17 = -0.078834
      pc18 = 0.000455766
Constrained:
   Tgbecnw = 84039
     Tecnw = 26860.9
       Tnw = 24996.9
       Tec = 12583.2
     twoNb = 776941
     twoNe = 1428.16
     twoNc = 829352
     twoNn = 3.56643e+06
     twoNw = 1.53774e+07
    twoNec = 53812.5
    twoNnw = 4487.54
  twoNecnw = 70673.7
  twoNbecnw = 3593.71
  twoNgbecnw = 212079
         m = 0.148342
        m3 = 0.187224
        m5 = 0.190993
        m6 = 0.0856524
        Ta = 43891.6
        Tc = 12498.4
        Te = 6249.21
        Tf = 3124.61
#       SitePat  BranchLen
              b 118765.3241034
              e 44347.0691431
              c 46280.3863574
              n 42289.1699787
              w 44622.5379149
            b:e 1208.7749343
            b:c 1365.3969273
            b:n 984.8492544
            b:w 1134.1184166
            e:c 11328.5661091
            e:n 4937.4993779
            e:w 4304.4589138
            c:n 4513.0240134
            c:w 3755.7803284
            n:w 12025.9789947
          b:e:c 1404.3604165
          b:e:n 602.2154326
          b:e:w 617.4315304
          b:c:n 617.3408260
          b:c:w 610.1516784
          b:n:w 1388.9616214
          e:c:n 4540.2915760
          e:c:w 3597.2077888
          e:n:w 5709.2922325
          c:n:w 4749.1289681
        b:e:c:n 1259.8751711
        b:e:c:w 1102.5790588
        b:e:n:w 1506.4617725
        b:c:n:w 1341.9942381
        e:c:n:w 47443.7519246
