########################################
# legofit: estimate population history #
#       version 2.3.4-4-g53f8760       #
########################################

# Program was compiled: Sep 21 2021 14:36:42
# Program was run: Thu Sep 23 19:40:24 2021

# cmd: legofit -1 -d 0 -t 32 --ptsPerDim 3 --stateOut b1boot49.state --tol 3e-6 -S 5000 acef2.lgo ../../chrX/boot_chrX/boot49.opf
# Stage nOptItr nSimReps
#     0    5000        0
# algorithm          : deterministic
# ignoring probs <=  : 0
# Branch length floor: 0
# DE strategy        : 2
#    F               : 0.3
#    CR              : 0.8
#    tolerance       : 3e-06
# nthreads           : 32
# lgo input file     : acef2.lgo
# site pat input file: ../../chrX/boot_chrX/boot49.opf
# free parameters    : 18
# points in DE swarm : 54
# output state file  : b1boot49.state
# Including singleton site patterns.
# cost function      : KL
Initial parameter values
Fixed:
      zero = 0
       one = 1
    Tbecnw = 75200
Free:
       pc1 = 0
       pc2 = 0
       pc3 = 0
       pc4 = 0
       pc5 = 0
       pc6 = 0
       pc7 = 0
       pc8 = 0
       pc9 = 0
      pc10 = 0
      pc11 = 0
      pc12 = 0
      pc13 = 0
      pc14 = 0
      pc15 = 0
      pc16 = 0
      pc17 = 0
      pc18 = 0
Constrained:
   Tgbecnw = 110384
     Tecnw = 29098.8
       Tnw = 25772.8
       Tec = 12980.6
     twoNb = 363753
     twoNe = 1860.6
     twoNc = 685786
     twoNn = 1.50048e+06
     twoNw = 1.08631e+07
    twoNec = 62771.8
    twoNnw = 7784.83
  twoNecnw = 68541.7
  twoNbecnw = 13776.3
  twoNgbecnw = 185195
         m = 0.162094
        m3 = 0.190365
        m5 = 0.175766
        m6 = 0.0710809
        Ta = 44090.3
        Tc = 12886.4
        Te = 6443.21
        Tf = 3221.6
DiffEv reached_goal. cost=2.04104e-03 spread=2.85891e-06
Fitted parameter values
Free:
       pc1 = -3.13773
       pc2 = 3.94874
       pc3 = -1.84679
       pc4 = 0.975306
       pc5 = -1.50381
       pc6 = 1.15623
       pc7 = -1.20814
       pc8 = 0.567584
       pc9 = 0.659434
      pc10 = -1.41822
      pc11 = 0.0482511
      pc12 = -0.45944
      pc13 = -0.45079
      pc14 = 0.0590729
      pc15 = -0.116818
      pc16 = -0.0867624
      pc17 = -0.0367114
      pc18 = -0.0038068
Constrained:
   Tgbecnw = 83827.4
     Tecnw = 26658.1
       Tnw = 25421.4
       Tec = 12854.3
     twoNb = 712280
     twoNe = 2501.52
     twoNc = 573552
     twoNn = 2.24677e+06
     twoNw = 1.45011e+07
    twoNec = 55350
    twoNnw = 2975.12
  twoNecnw = 68173.5
  twoNbecnw = 3462.02
  twoNgbecnw = 233610
         m = 0.125412
        m3 = 0.201313
        m5 = 0.17943
        m6 = 0.0753899
        Ta = 44027.1
        Tc = 12710.7
        Te = 6355.34
        Tf = 3177.67
#       SitePat  BranchLen
              b 117501.2343500
              e 44202.2384440
              c 46085.9990446
              n 42056.4291269
              w 44471.9730501
            b:e 1264.5116340
            b:c 1425.2098819
            b:n 1024.5577177
            b:w 1186.7737139
            e:c 11129.7279765
            e:n 4964.7190308
            e:w 4302.1932723
            c:n 4552.3251395
            c:w 3774.5202577
            n:w 11854.9840772
          b:e:c 1452.6842842
          b:e:n 631.5458556
          b:e:w 647.4219742
          b:c:n 647.0396140
          b:c:w 639.8395783
          b:n:w 1436.4258649
          e:c:n 4620.8468470
          e:c:w 3645.6335641
          e:n:w 5759.7486079
          c:n:w 4816.0549133
        b:e:c:n 1315.4374591
        b:e:c:w 1144.5453800
        b:e:n:w 1569.7496863
        b:c:n:w 1401.1400759
        e:c:n:w 46637.1130540
