########################################
# legofit: estimate population history #
#       version 2.3.4-4-g53f8760       #
########################################

# Program was compiled: Sep 21 2021 14:36:42
# Program was run: Thu Sep 23 19:36:39 2021

# cmd: legofit -1 -d 0 -t 32 --ptsPerDim 3 --stateOut b1boot27.state --tol 3e-6 -S 5000 acef2.lgo ../../chrX/boot_chrX/boot27.opf
# Stage nOptItr nSimReps
#     0    5000        0
# algorithm          : deterministic
# ignoring probs <=  : 0
# Branch length floor: 0
# DE strategy        : 2
#    F               : 0.3
#    CR              : 0.8
#    tolerance       : 3e-06
# nthreads           : 32
# lgo input file     : acef2.lgo
# site pat input file: ../../chrX/boot_chrX/boot27.opf
# free parameters    : 18
# points in DE swarm : 54
# output state file  : b1boot27.state
# Including singleton site patterns.
# cost function      : KL
Initial parameter values
Fixed:
      zero = 0
       one = 1
    Tbecnw = 75200
Free:
       pc1 = 0
       pc2 = 0
       pc3 = 0
       pc4 = 0
       pc5 = 0
       pc6 = 0
       pc7 = 0
       pc8 = 0
       pc9 = 0
      pc10 = 0
      pc11 = 0
      pc12 = 0
      pc13 = 0
      pc14 = 0
      pc15 = 0
      pc16 = 0
      pc17 = 0
      pc18 = 0
Constrained:
   Tgbecnw = 110384
     Tecnw = 29098.8
       Tnw = 25772.8
       Tec = 12980.6
     twoNb = 363753
     twoNe = 1860.6
     twoNc = 685786
     twoNn = 1.50048e+06
     twoNw = 1.08631e+07
    twoNec = 62771.8
    twoNnw = 7784.83
  twoNecnw = 68541.7
  twoNbecnw = 13776.3
  twoNgbecnw = 185195
         m = 0.162094
        m3 = 0.190365
        m5 = 0.175766
        m6 = 0.0710809
        Ta = 44090.3
        Tc = 12886.4
        Te = 6443.21
        Tf = 3221.6
DiffEv reached_goal. cost=2.13903e-03 spread=2.68078e-06
Fitted parameter values
Free:
       pc1 = -3.9647
       pc2 = 3.9942
       pc3 = 0.29477
       pc4 = -0.793132
       pc5 = -0.398421
       pc6 = 1.93195
       pc7 = -0.187802
       pc8 = 1.52247
       pc9 = 1.92515
      pc10 = -1.69289
      pc11 = 0.882605
      pc12 = -0.231096
      pc13 = -0.181081
      pc14 = 0.244176
      pc15 = -0.325985
      pc16 = -0.0521552
      pc17 = 0.0110486
      pc18 = -0.0916926
Constrained:
   Tgbecnw = 85106
     Tecnw = 27021.4
       Tnw = 24124.7
       Tec = 12111.9
     twoNb = 524673
     twoNe = 2436.37
     twoNc = 778371
     twoNn = 4.0475e+06
     twoNw = 1.55466e+07
    twoNec = 52682.7
    twoNnw = 6628.81
  twoNecnw = 72480.6
  twoNbecnw = 3853.55
  twoNgbecnw = 245040
         m = 0.121454
        m3 = 0.169628
        m5 = 0.196
        m6 = 0.102226
        Ta = 43655.9
        Tc = 12062.3
        Te = 6031.17
        Tf = 3015.58
#       SitePat  BranchLen
              b 117845.4945460
              e 44633.8950446
              c 46296.8206009
              n 42228.7782412
              w 44244.3649560
            b:e 1304.0649196
            b:c 1451.7485628
            b:n 1038.8772057
            b:w 1176.3700171
            e:c 11762.0987113
            e:n 4728.1978169
            e:w 4294.6976584
            c:n 4498.9413290
            c:w 3747.8190118
            n:w 12637.9582459
          b:e:c 1532.8605134
          b:e:n 623.4210237
          b:e:w 646.5839370
          b:c:n 646.3853886
          b:c:w 630.8557799
          b:n:w 1514.3839866
          e:c:n 4434.4809122
          e:c:w 3603.5166732
          e:n:w 5815.3206932
          c:n:w 4928.5302713
        b:e:c:n 1314.2910659
        b:e:c:w 1169.1649499
        b:e:n:w 1607.9475901
        b:c:n:w 1453.0277390
        e:c:n:w 46484.9357158
