########################################
# legofit: estimate population history #
#       version 2.3.4-4-g53f8760       #
########################################

# Program was compiled: Sep 21 2021 14:36:42
# Program was run: Wed Sep 22 09:59:20 2021

# cmd: legofit -1 -d 0 -t 32 --ptsPerDim 3 --stateOut b1.state --tol 3e-6 -S 5000 def2.lgo ../../pan.opf
# Stage nOptItr nSimReps
#     0    5000        0
# algorithm          : deterministic
# ignoring probs <=  : 0
# Branch length floor: 0
# DE strategy        : 2
#    F               : 0.3
#    CR              : 0.8
#    tolerance       : 3e-06
# nthreads           : 32
# lgo input file     : def2.lgo
# site pat input file: ../../pan.opf
# free parameters    : 14
# points in DE swarm : 42
# output state file  : b1.state
# Including singleton site patterns.
# cost function      : KL
Initial parameter values
Fixed:
      zero = 0
       one = 1
    Tbecnw = 75200
Free:
       pc1 = 0
       pc2 = 0
       pc3 = 0
       pc4 = 0
       pc5 = 0
       pc6 = 0
       pc7 = 0
       pc8 = 0
       pc9 = 0
      pc10 = 0
      pc11 = 0
      pc12 = 0
      pc13 = 0
      pc14 = 0
Constrained:
     Tecnw = 58726.8
       Tnw = 3055.73
       Tec = 10105.7
     twoNb = 1.54521e+06
     twoNe = 144240
     twoNc = 200909
     twoNw = 1.14344e+06
    twoNec = 87310.7
    twoNnw = 158257
  twoNecnw = 15653.4
  twoNbecnw = 86384.7
        m4 = 0.00780908
        m5 = 0.460446
        m6 = 0.35527
        Td = 5052.87
        Te = 2526.44
        Tf = 1263.22
DiffEv reached_goal. cost=2.32433e-03 spread=2.24760e-06
Fitted parameter values
Free:
       pc1 = 2.6798
       pc2 = -3.98978
       pc3 = -1.9529
       pc4 = -0.361362
       pc5 = 1.86326
       pc6 = -0.520931
       pc7 = -1.9872
       pc8 = -0.185314
       pc9 = -0.254149
      pc10 = 0.113211
      pc11 = -0.0693651
      pc12 = 0.00273
      pc13 = -0.0391183
      pc14 = 0.00529897
Constrained:
     Tecnw = 59311.5
       Tnw = 432.657
       Tec = 1670.16
     twoNb = 2.36727e+06
     twoNe = 135850
     twoNc = 698142
     twoNw = 1.00945e+06
    twoNec = 116018
    twoNnw = 175642
  twoNecnw = 14814.3
  twoNbecnw = 87276.9
        m4 = 0.0167249
        m5 = 0.444616
        m6 = 0.35128
        Td = 835.079
        Te = 417.539
        Tf = 208.77
#       SitePat  BranchLen
              b 147102.0826814
              e 57232.8432402
              c 60046.1680883
              n 54167.1598261
              w 54162.1217844
            b:e 2619.1034871
            b:c 3121.9826776
            b:n 2245.9204141
            b:w 2245.6194357
            e:c 12223.1001605
            e:n 6435.9665946
            e:w 6435.4466613
            c:n 5682.0070597
            c:w 5686.5707325
            n:w 14567.0496809
          b:e:c 2514.8461086
          b:e:n 1312.5842657
          b:e:w 1312.3306730
          b:c:n 1313.5249953
          b:c:w 1313.7785721
          b:n:w 2513.1234834
          e:c:n 5381.4346408
          e:c:w 5382.4289431
          e:n:w 8209.9177307
          c:n:w 6857.6024383
        b:e:c:n 2246.8137420
        b:e:c:w 2247.1147363
        b:e:n:w 3084.2680235
        b:c:n:w 2620.8261122
        e:c:n:w 61175.7204008
