########################################
# legofit: estimate population history #
#       version 2.3.4-4-g53f8760       #
########################################

# Program was compiled: Sep 21 2021 14:36:42
# Program was run: Wed Sep 22 09:59:43 2021

# cmd: legofit -1 -d 0 -t 32 --ptsPerDim 3 --stateOut b1boot33.state --tol 3e-6 -S 5000 def2.lgo ../../boot/boot33.opf
# Stage nOptItr nSimReps
#     0    5000        0
# algorithm          : deterministic
# ignoring probs <=  : 0
# Branch length floor: 0
# DE strategy        : 2
#    F               : 0.3
#    CR              : 0.8
#    tolerance       : 3e-06
# nthreads           : 32
# lgo input file     : def2.lgo
# site pat input file: ../../boot/boot33.opf
# free parameters    : 14
# points in DE swarm : 42
# output state file  : b1boot33.state
# Including singleton site patterns.
# cost function      : KL
Initial parameter values
Fixed:
      zero = 0
       one = 1
    Tbecnw = 75200
Free:
       pc1 = 0
       pc2 = 0
       pc3 = 0
       pc4 = 0
       pc5 = 0
       pc6 = 0
       pc7 = 0
       pc8 = 0
       pc9 = 0
      pc10 = 0
      pc11 = 0
      pc12 = 0
      pc13 = 0
      pc14 = 0
Constrained:
     Tecnw = 58726.8
       Tnw = 3055.73
       Tec = 10105.7
     twoNb = 1.54521e+06
     twoNe = 144240
     twoNc = 200909
     twoNw = 1.14344e+06
    twoNec = 87310.7
    twoNnw = 158257
  twoNecnw = 15653.4
  twoNbecnw = 86384.7
        m4 = 0.00780908
        m5 = 0.460446
        m6 = 0.35527
        Td = 5052.87
        Te = 2526.44
        Tf = 1263.22
DiffEv reached_goal. cost=2.28831e-03 spread=2.71679e-06
Fitted parameter values
Free:
       pc1 = 2.49905
       pc2 = -3.9968
       pc3 = -1.90734
       pc4 = -0.542881
       pc5 = 2.96641
       pc6 = -0.715818
       pc7 = -1.91978
       pc8 = -0.176586
       pc9 = -0.130793
      pc10 = -0.0174915
      pc11 = 0.0657032
      pc12 = 0.0376577
      pc13 = 0.0410771
      pc14 = -0.0346961
Constrained:
     Tecnw = 59432.8
       Tnw = 372.457
       Tec = 1356.53
     twoNb = 2.22118e+06
     twoNe = 193451
     twoNc = 993009
     twoNw = 905460
    twoNec = 115524
    twoNnw = 176130
  twoNecnw = 14637.8
  twoNbecnw = 87169
        m4 = 0.01615
        m5 = 0.443022
        m6 = 0.352733
        Td = 678.265
        Te = 339.132
        Tf = 169.566
#       SitePat  BranchLen
              b 147094.9683583
              e 57184.6634151
              c 59900.6509678
              n 54177.7333658
              w 54172.0433037
            b:e 2602.9650412
            b:c 3089.3228265
            b:n 2234.6807148
            b:w 2234.3434254
            e:c 12280.6919334
            e:n 6399.0664466
            e:w 6399.1189335
            c:n 5669.4847016
            c:w 5674.0130579
            n:w 14548.9057082
          b:e:c 2505.3665838
          b:e:n 1302.5589454
          b:e:w 1302.3369934
          b:c:n 1303.5573195
          b:c:w 1303.7792318
          b:n:w 2503.6047378
          e:c:n 5359.7733484
          e:c:w 5360.8825674
          e:n:w 8133.5202925
          c:n:w 6829.2330737
        b:e:c:n 2235.5637117
        b:e:c:w 2235.9010409
        b:e:n:w 3050.5379983
        b:c:n:w 2604.7268872
        e:c:n:w 61251.2665644
