########################################
# legofit: estimate population history #
#       version 2.3.4-4-g53f8760       #
########################################

# Program was compiled: Sep 21 2021 14:36:42
# Program was run: Wed Sep 22 09:59:48 2021

# cmd: legofit -1 -d 0 -t 32 --ptsPerDim 3 --stateOut b1boot37.state --tol 3e-6 -S 5000 def2.lgo ../../boot/boot37.opf
# Stage nOptItr nSimReps
#     0    5000        0
# algorithm          : deterministic
# ignoring probs <=  : 0
# Branch length floor: 0
# DE strategy        : 2
#    F               : 0.3
#    CR              : 0.8
#    tolerance       : 3e-06
# nthreads           : 32
# lgo input file     : def2.lgo
# site pat input file: ../../boot/boot37.opf
# free parameters    : 14
# points in DE swarm : 42
# output state file  : b1boot37.state
# Including singleton site patterns.
# cost function      : KL
Initial parameter values
Fixed:
      zero = 0
       one = 1
    Tbecnw = 75200
Free:
       pc1 = 0
       pc2 = 0
       pc3 = 0
       pc4 = 0
       pc5 = 0
       pc6 = 0
       pc7 = 0
       pc8 = 0
       pc9 = 0
      pc10 = 0
      pc11 = 0
      pc12 = 0
      pc13 = 0
      pc14 = 0
Constrained:
     Tecnw = 58726.8
       Tnw = 3055.73
       Tec = 10105.7
     twoNb = 1.54521e+06
     twoNe = 144240
     twoNc = 200909
     twoNw = 1.14344e+06
    twoNec = 87310.7
    twoNnw = 158257
  twoNecnw = 15653.4
  twoNbecnw = 86384.7
        m4 = 0.00780908
        m5 = 0.460446
        m6 = 0.35527
        Td = 5052.87
        Te = 2526.44
        Tf = 1263.22
DiffEv reached_goal. cost=2.35032e-03 spread=2.94094e-06
Fitted parameter values
Free:
       pc1 = 2.46347
       pc2 = -3.98967
       pc3 = -1.9941
       pc4 = 0.414493
       pc5 = 1.72216
       pc6 = -0.19138
       pc7 = -1.412
       pc8 = 0.124719
       pc9 = -0.19659
      pc10 = -0.00664759
      pc11 = -0.113954
      pc12 = 0.00490878
      pc13 = 0.0634972
      pc14 = -0.0404096
Constrained:
     Tecnw = 59393.4
       Tnw = 500.82
       Tec = 1970.01
     twoNb = 2.30291e+06
     twoNe = 114568
     twoNc = 721706
     twoNw = 1.3543e+06
    twoNec = 113059
    twoNnw = 174447
  twoNecnw = 14667.5
  twoNbecnw = 87443.2
        m4 = 0.0154903
        m5 = 0.446431
        m6 = 0.352702
        Td = 985.003
        Te = 492.501
        Tf = 246.251
#       SitePat  BranchLen
              b 147360.3640919
              e 57096.4214570
              c 59890.7587651
              n 54079.9813884
              w 54075.8806849
            b:e 2602.6278756
            b:c 3090.8997330
            b:n 2235.5140457
            b:w 2235.2697080
            e:c 12267.9689429
            e:n 6424.5569363
            e:w 6423.9396803
            c:n 5670.2317950
            c:w 5674.1376856
            n:w 14570.1582211
          b:e:c 2510.4325649
          b:e:n 1303.0423311
          b:e:w 1302.8173979
          b:c:n 1303.9428800
          b:c:w 1304.1678070
          b:n:w 2508.8067059
          e:c:n 5368.6032869
          e:c:w 5369.4153558
          e:n:w 8167.2524125
          c:n:w 6837.3740316
        b:e:c:n 2236.3951839
        b:e:c:w 2236.6395278
        b:e:n:w 3055.1083411
        b:c:n:w 2604.2537346
        e:c:n:w 61525.0606342
