########################################
# legofit: estimate population history #
#       version 2.3.4-4-g53f8760       #
########################################

# Program was compiled: Sep 21 2021 14:36:42
# Program was run: Wed Sep 22 09:59:38 2021

# cmd: legofit -1 -d 0 -t 32 --ptsPerDim 3 --stateOut b1boot23.state --tol 3e-6 -S 5000 def2.lgo ../../boot/boot23.opf
# Stage nOptItr nSimReps
#     0    5000        0
# algorithm          : deterministic
# ignoring probs <=  : 0
# Branch length floor: 0
# DE strategy        : 2
#    F               : 0.3
#    CR              : 0.8
#    tolerance       : 3e-06
# nthreads           : 32
# lgo input file     : def2.lgo
# site pat input file: ../../boot/boot23.opf
# free parameters    : 14
# points in DE swarm : 42
# output state file  : b1boot23.state
# Including singleton site patterns.
# cost function      : KL
Initial parameter values
Fixed:
      zero = 0
       one = 1
    Tbecnw = 75200
Free:
       pc1 = 0
       pc2 = 0
       pc3 = 0
       pc4 = 0
       pc5 = 0
       pc6 = 0
       pc7 = 0
       pc8 = 0
       pc9 = 0
      pc10 = 0
      pc11 = 0
      pc12 = 0
      pc13 = 0
      pc14 = 0
Constrained:
     Tecnw = 58726.8
       Tnw = 3055.73
       Tec = 10105.7
     twoNb = 1.54521e+06
     twoNe = 144240
     twoNc = 200909
     twoNw = 1.14344e+06
    twoNec = 87310.7
    twoNnw = 158257
  twoNecnw = 15653.4
  twoNbecnw = 86384.7
        m4 = 0.00780908
        m5 = 0.460446
        m6 = 0.35527
        Td = 5052.87
        Te = 2526.44
        Tf = 1263.22
DiffEv reached_goal. cost=2.30841e-03 spread=2.98342e-06
Fitted parameter values
Free:
       pc1 = 2.23004
       pc2 = -3.96518
       pc3 = -1.89534
       pc4 = 0.434185
       pc5 = 1.21858
       pc6 = 0.113682
       pc7 = -1.9188
       pc8 = 0.017431
       pc9 = -0.0158045
      pc10 = -0.0914598
      pc11 = -0.0333813
      pc12 = 0.0600873
      pc13 = 0.0539378
      pc14 = 0.0546072
Constrained:
     Tecnw = 59782.7
       Tnw = 559.55
       Tec = 2237.84
     twoNb = 2.49102e+06
     twoNe = 55277.8
     twoNc = 618083
     twoNw = 1.27153e+06
    twoNec = 111659
    twoNnw = 173591
  twoNecnw = 14530.9
  twoNbecnw = 87262
        m4 = 0.0153725
        m5 = 0.448144
        m6 = 0.356811
        Td = 1118.92
        Te = 559.46
        Tf = 279.73
#       SitePat  BranchLen
              b 146999.2362255
              e 57339.0919491
              c 60091.9764780
              n 54229.6762960
              w 54225.0001873
            b:e 2640.7345891
            b:c 3120.8979889
            b:n 2259.9642372
            b:w 2259.6831530
            e:c 12333.8095217
            e:n 6466.9799634
            e:w 6466.0512230
            c:n 5724.0083215
            c:w 5728.6821678
            n:w 14674.6469811
          b:e:c 2543.8456995
          b:e:n 1317.9285211
          b:e:w 1317.6476641
          b:c:n 1318.6844505
          b:c:w 1318.9653074
          b:n:w 2542.3436516
          e:c:n 5386.4619324
          e:c:w 5387.3929352
          e:n:w 8206.6232996
          c:n:w 6898.0140305
        b:e:c:n 2260.7199393
        b:e:c:w 2261.0010235
        b:e:n:w 3088.4081719
        b:c:n:w 2642.2366370
        e:c:n:w 60875.6008266
