########################################
# legofit: estimate population history #
#       version 2.3.4-4-g53f8760       #
########################################

# Program was compiled: Sep 21 2021 14:36:42
# Program was run: Wed Sep 22 09:59:43 2021

# cmd: legofit -1 -d 0 -t 32 --ptsPerDim 3 --stateOut b1boot32.state --tol 3e-6 -S 5000 def2.lgo ../../boot/boot32.opf
# Stage nOptItr nSimReps
#     0    5000        0
# algorithm          : deterministic
# ignoring probs <=  : 0
# Branch length floor: 0
# DE strategy        : 2
#    F               : 0.3
#    CR              : 0.8
#    tolerance       : 3e-06
# nthreads           : 32
# lgo input file     : def2.lgo
# site pat input file: ../../boot/boot32.opf
# free parameters    : 14
# points in DE swarm : 42
# output state file  : b1boot32.state
# Including singleton site patterns.
# cost function      : KL
Initial parameter values
Fixed:
      zero = 0
       one = 1
    Tbecnw = 75200
Free:
       pc1 = 0
       pc2 = 0
       pc3 = 0
       pc4 = 0
       pc5 = 0
       pc6 = 0
       pc7 = 0
       pc8 = 0
       pc9 = 0
      pc10 = 0
      pc11 = 0
      pc12 = 0
      pc13 = 0
      pc14 = 0
Constrained:
     Tecnw = 58726.8
       Tnw = 3055.73
       Tec = 10105.7
     twoNb = 1.54521e+06
     twoNe = 144240
     twoNc = 200909
     twoNw = 1.14344e+06
    twoNec = 87310.7
    twoNnw = 158257
  twoNecnw = 15653.4
  twoNbecnw = 86384.7
        m4 = 0.00780908
        m5 = 0.460446
        m6 = 0.35527
        Td = 5052.87
        Te = 2526.44
        Tf = 1263.22
DiffEv reached_goal. cost=2.36515e-03 spread=2.92291e-06
Fitted parameter values
Free:
       pc1 = 2.61628
       pc2 = -3.97203
       pc3 = -1.97633
       pc4 = -0.21916
       pc5 = 0.809286
       pc6 = -0.455458
       pc7 = -1.7803
       pc8 = -0.213611
       pc9 = -0.250772
      pc10 = -0.0302471
      pc11 = 0.0131175
      pc12 = 0.117698
      pc13 = 0.0085754
      pc14 = -0.0285565
Constrained:
     Tecnw = 59361.4
       Tnw = 530.277
       Tec = 1977.11
     twoNb = 2.40428e+06
     twoNe = 107163
     twoNc = 399784
     twoNw = 1.13935e+06
    twoNec = 113994
    twoNnw = 174652
  twoNecnw = 14702.4
  twoNbecnw = 87306.8
        m4 = 0.0166039
        m5 = 0.443675
        m6 = 0.354336
        Td = 988.554
        Te = 494.277
        Tf = 247.138
#       SitePat  BranchLen
              b 147219.1121324
              e 57198.1016816
              c 59910.6102312
              n 54103.4804237
              w 54097.4099216
            b:e 2608.6325470
            b:c 3097.2838323
            b:n 2233.5639453
            b:w 2233.2028666
            e:c 12223.7869085
            e:n 6404.9629999
            e:w 6404.7678853
            c:n 5681.2060620
            c:w 5686.2806704
            n:w 14551.9230390
          b:e:c 2505.9177816
          b:e:n 1303.5281298
          b:e:w 1303.2662135
          b:c:n 1304.4190649
          b:c:w 1304.6809489
          b:n:w 2504.2512059
          e:c:n 5362.8127535
          e:c:w 5364.0037618
          e:n:w 8164.9171224
          c:n:w 6854.0507125
        b:e:c:n 2234.3556857
        b:e:c:w 2234.7167967
        b:e:n:w 3060.6540655
        b:c:n:w 2610.2991228
        e:c:n:w 61383.4600060
