########################################
# legofit: estimate population history #
#       version 2.3.4-4-g53f8760       #
########################################

# Program was compiled: Sep 21 2021 14:36:42
# Program was run: Wed Sep 22 09:59:34 2021

# cmd: legofit -1 -d 0 -t 32 --ptsPerDim 3 --stateOut b1boot22.state --tol 3e-6 -S 5000 def2.lgo ../../boot/boot22.opf
# Stage nOptItr nSimReps
#     0    5000        0
# algorithm          : deterministic
# ignoring probs <=  : 0
# Branch length floor: 0
# DE strategy        : 2
#    F               : 0.3
#    CR              : 0.8
#    tolerance       : 3e-06
# nthreads           : 32
# lgo input file     : def2.lgo
# site pat input file: ../../boot/boot22.opf
# free parameters    : 14
# points in DE swarm : 42
# output state file  : b1boot22.state
# Including singleton site patterns.
# cost function      : KL
Initial parameter values
Fixed:
      zero = 0
       one = 1
    Tbecnw = 75200
Free:
       pc1 = 0
       pc2 = 0
       pc3 = 0
       pc4 = 0
       pc5 = 0
       pc6 = 0
       pc7 = 0
       pc8 = 0
       pc9 = 0
      pc10 = 0
      pc11 = 0
      pc12 = 0
      pc13 = 0
      pc14 = 0
Constrained:
     Tecnw = 58726.8
       Tnw = 3055.73
       Tec = 10105.7
     twoNb = 1.54521e+06
     twoNe = 144240
     twoNc = 200909
     twoNw = 1.14344e+06
    twoNec = 87310.7
    twoNnw = 158257
  twoNecnw = 15653.4
  twoNbecnw = 86384.7
        m4 = 0.00780908
        m5 = 0.460446
        m6 = 0.35527
        Td = 5052.87
        Te = 2526.44
        Tf = 1263.22
DiffEv reached_goal. cost=2.31848e-03 spread=2.64873e-06
Fitted parameter values
Free:
       pc1 = 2.3316
       pc2 = -3.96729
       pc3 = -1.93479
       pc4 = -0.570876
       pc5 = 3.23305
       pc6 = -1.04656
       pc7 = -1.99327
       pc8 = -0.205531
       pc9 = -0.370764
      pc10 = 0.0926643
      pc11 = -0.0356454
      pc12 = 0.182426
      pc13 = -0.0222083
      pc14 = 0.00465477
Constrained:
     Tecnw = 59352.5
       Tnw = 444.74
       Tec = 1743.64
     twoNb = 2.09461e+06
     twoNe = 209667
     twoNc = 1.06262e+06
     twoNw = 835092
    twoNec = 115874
    twoNnw = 176314
  twoNecnw = 14811.4
  twoNbecnw = 87587.9
        m4 = 0.016974
        m5 = 0.443094
        m6 = 0.354153
        Td = 871.82
        Te = 435.91
        Tf = 217.955
#       SitePat  BranchLen
              b 147309.3140202
              e 57369.2220613
              c 60072.4012811
              n 54266.8869465
              w 54260.8681925
            b:e 2640.6837030
            b:c 3138.8531377
            b:n 2262.0421023
            b:w 2261.6805411
            e:c 12239.3214099
            e:n 6438.4119465
            e:w 6437.5551158
            c:n 5716.8730314
            c:w 5722.5572979
            n:w 14572.3781548
          b:e:c 2528.6155860
          b:e:n 1322.1523597
          b:e:w 1321.8243819
          b:c:n 1323.1946310
          b:c:w 1323.5225959
          b:n:w 2526.6399208
          e:c:n 5407.6202529
          e:c:w 5408.8115711
          e:n:w 8213.1777389
          c:n:w 6898.7720254
        b:e:c:n 2263.0507773
        b:e:c:w 2263.4123514
        b:e:n:w 3095.8060615
        b:c:n:w 2642.6593682
        e:c:n:w 61273.7862207
