########################################
# legofit: estimate population history #
#       version 2.3.4-4-g53f8760       #
########################################

# Program was compiled: Sep 21 2021 14:36:42
# Program was run: Wed Sep 22 09:59:48 2021

# cmd: legofit -1 -d 0 -t 32 --ptsPerDim 3 --stateOut b1boot38.state --tol 3e-6 -S 5000 def2.lgo ../../boot/boot38.opf
# Stage nOptItr nSimReps
#     0    5000        0
# algorithm          : deterministic
# ignoring probs <=  : 0
# Branch length floor: 0
# DE strategy        : 2
#    F               : 0.3
#    CR              : 0.8
#    tolerance       : 3e-06
# nthreads           : 32
# lgo input file     : def2.lgo
# site pat input file: ../../boot/boot38.opf
# free parameters    : 14
# points in DE swarm : 42
# output state file  : b1boot38.state
# Including singleton site patterns.
# cost function      : KL
Initial parameter values
Fixed:
      zero = 0
       one = 1
    Tbecnw = 75200
Free:
       pc1 = 0
       pc2 = 0
       pc3 = 0
       pc4 = 0
       pc5 = 0
       pc6 = 0
       pc7 = 0
       pc8 = 0
       pc9 = 0
      pc10 = 0
      pc11 = 0
      pc12 = 0
      pc13 = 0
      pc14 = 0
Constrained:
     Tecnw = 58726.8
       Tnw = 3055.73
       Tec = 10105.7
     twoNb = 1.54521e+06
     twoNe = 144240
     twoNc = 200909
     twoNw = 1.14344e+06
    twoNec = 87310.7
    twoNnw = 158257
  twoNecnw = 15653.4
  twoNbecnw = 86384.7
        m4 = 0.00780908
        m5 = 0.460446
        m6 = 0.35527
        Td = 5052.87
        Te = 2526.44
        Tf = 1263.22
DiffEv reached_goal. cost=2.30365e-03 spread=2.50884e-06
Fitted parameter values
Free:
       pc1 = 3.14594
       pc2 = -3.94611
       pc3 = -1.9966
       pc4 = -0.0405251
       pc5 = 0.775185
       pc6 = -0.507193
       pc7 = -1.87029
       pc8 = -0.231668
       pc9 = 0.0961791
      pc10 = 0.0244817
      pc11 = 0.0193387
      pc12 = 0.0377585
      pc13 = -0.00481523
      pc14 = -0.00148414
Constrained:
     Tecnw = 59115.7
       Tnw = 339.925
       Tec = 1257.86
     twoNb = 2.37441e+06
     twoNe = 83204.2
     twoNc = 397349
     twoNw = 1.18806e+06
    twoNec = 115920
    twoNnw = 175365
  twoNecnw = 14953.8
  twoNbecnw = 86644.9
        m4 = 0.0171577
        m5 = 0.442902
        m6 = 0.352394
        Td = 628.928
        Te = 314.464
        Tf = 157.232
#       SitePat  BranchLen
              b 146622.5987879
              e 57031.5420161
              c 59782.2065694
              n 53992.3006889
              w 53988.5112645
            b:e 2593.9546970
            b:c 3090.6741824
            b:n 2223.7319200
            b:w 2223.5076023
            e:c 12240.9304112
            e:n 6402.4723151
            e:w 6402.4053643
            c:n 5669.5315832
            c:w 5672.6462213
            n:w 14537.5106374
          b:e:c 2491.8399236
          b:e:n 1298.1773819
          b:e:w 1298.0199189
          b:c:n 1299.2302070
          b:c:w 1299.3876470
          b:n:w 2490.0927358
          e:c:n 5354.6340975
          e:c:w 5355.3758346
          e:n:w 8161.5178520
          c:n:w 6830.9107166
        b:e:c:n 2224.7178674
        b:e:c:w 2224.9422081
        b:e:n:w 3052.1994666
        b:c:n:w 2595.7018848
        e:c:n:w 60896.0470764
