########################################
# legofit: estimate population history #
#       version 2.3.4-4-g53f8760       #
########################################

# Program was compiled: Sep 21 2021 14:36:42
# Program was run: Wed Sep 22 09:59:24 2021

# cmd: legofit -1 -d 0 -t 32 --ptsPerDim 3 --stateOut b1boot10.state --tol 3e-6 -S 5000 def2.lgo ../../boot/boot10.opf
# Stage nOptItr nSimReps
#     0    5000        0
# algorithm          : deterministic
# ignoring probs <=  : 0
# Branch length floor: 0
# DE strategy        : 2
#    F               : 0.3
#    CR              : 0.8
#    tolerance       : 3e-06
# nthreads           : 32
# lgo input file     : def2.lgo
# site pat input file: ../../boot/boot10.opf
# free parameters    : 14
# points in DE swarm : 42
# output state file  : b1boot10.state
# Including singleton site patterns.
# cost function      : KL
Initial parameter values
Fixed:
      zero = 0
       one = 1
    Tbecnw = 75200
Free:
       pc1 = 0
       pc2 = 0
       pc3 = 0
       pc4 = 0
       pc5 = 0
       pc6 = 0
       pc7 = 0
       pc8 = 0
       pc9 = 0
      pc10 = 0
      pc11 = 0
      pc12 = 0
      pc13 = 0
      pc14 = 0
Constrained:
     Tecnw = 58726.8
       Tnw = 3055.73
       Tec = 10105.7
     twoNb = 1.54521e+06
     twoNe = 144240
     twoNc = 200909
     twoNw = 1.14344e+06
    twoNec = 87310.7
    twoNnw = 158257
  twoNecnw = 15653.4
  twoNbecnw = 86384.7
        m4 = 0.00780908
        m5 = 0.460446
        m6 = 0.35527
        Td = 5052.87
        Te = 2526.44
        Tf = 1263.22
DiffEv reached_goal. cost=2.31943e-03 spread=2.91107e-06
Fitted parameter values
Free:
       pc1 = 1.84923
       pc2 = -3.96184
       pc3 = -1.91647
       pc4 = -0.55065
       pc5 = 3.57467
       pc6 = -1.11217
       pc7 = -1.81188
       pc8 = -0.207036
       pc9 = -0.61074
      pc10 = -0.0619145
      pc11 = -0.129082
      pc12 = 0.15866
      pc13 = 0.0783953
      pc14 = -0.027221
Constrained:
     Tecnw = 59614.7
       Tnw = 531.637
       Tec = 2108.34
     twoNb = 2.00466e+06
     twoNe = 239138
     twoNc = 1.1627e+06
     twoNw = 830861
    twoNec = 113419
    twoNnw = 174909
  twoNecnw = 14528.1
  twoNbecnw = 88119
        m4 = 0.0166313
        m5 = 0.443512
        m6 = 0.355041
        Td = 1054.17
        Te = 527.086
        Tf = 263.543
#       SitePat  BranchLen
              b 147824.2963734
              e 57390.3749231
              c 60088.7327700
              n 54277.0972659
              w 54270.1252752
            b:e 2643.4626342
            b:c 3141.1790692
            b:n 2263.0585201
            b:w 2262.6393430
            e:c 12306.3353908
            e:n 6433.3587377
            e:w 6432.1494036
            c:n 5712.1446855
            c:w 5718.9434679
            n:w 14637.0643868
          b:e:c 2542.8748249
          b:e:n 1319.5411650
          b:e:w 1319.1393937
          b:c:n 1320.5351747
          b:c:w 1320.9369392
          b:n:w 2540.8547880
          e:c:n 5400.8417857
          e:c:w 5402.2243282
          e:n:w 8217.5658170
          c:n:w 6904.7777075
        b:e:c:n 2264.0351172
        b:e:c:w 2264.4543011
        b:e:n:w 3097.1404107
        b:c:n:w 2645.4826711
        e:c:n:w 61736.1324926
