########################################
# legofit: estimate population history #
#       version 2.3.4-4-g53f8760       #
########################################

# Program was compiled: Sep 21 2021 14:36:42
# Program was run: Wed Sep 22 09:59:24 2021

# cmd: legofit -1 -d 0 -t 32 --ptsPerDim 3 --stateOut b1boot7.state --tol 3e-6 -S 5000 def2.lgo ../../boot/boot7.opf
# Stage nOptItr nSimReps
#     0    5000        0
# algorithm          : deterministic
# ignoring probs <=  : 0
# Branch length floor: 0
# DE strategy        : 2
#    F               : 0.3
#    CR              : 0.8
#    tolerance       : 3e-06
# nthreads           : 32
# lgo input file     : def2.lgo
# site pat input file: ../../boot/boot7.opf
# free parameters    : 14
# points in DE swarm : 42
# output state file  : b1boot7.state
# Including singleton site patterns.
# cost function      : KL
Initial parameter values
Fixed:
      zero = 0
       one = 1
    Tbecnw = 75200
Free:
       pc1 = 0
       pc2 = 0
       pc3 = 0
       pc4 = 0
       pc5 = 0
       pc6 = 0
       pc7 = 0
       pc8 = 0
       pc9 = 0
      pc10 = 0
      pc11 = 0
      pc12 = 0
      pc13 = 0
      pc14 = 0
Constrained:
     Tecnw = 58726.8
       Tnw = 3055.73
       Tec = 10105.7
     twoNb = 1.54521e+06
     twoNe = 144240
     twoNc = 200909
     twoNw = 1.14344e+06
    twoNec = 87310.7
    twoNnw = 158257
  twoNecnw = 15653.4
  twoNbecnw = 86384.7
        m4 = 0.00780908
        m5 = 0.460446
        m6 = 0.35527
        Td = 5052.87
        Te = 2526.44
        Tf = 1263.22
DiffEv reached_goal. cost=2.34235e-03 spread=2.65035e-06
Fitted parameter values
Free:
       pc1 = 2.45389
       pc2 = -3.98229
       pc3 = -1.82875
       pc4 = -1.22081
       pc5 = 1.84028
       pc6 = -1.04259
       pc7 = -1.87213
       pc8 = -0.303595
       pc9 = -0.22251
      pc10 = 0.23367
      pc11 = 0.0127696
      pc12 = 0.221896
      pc13 = 0.0441395
      pc14 = -0.0312337
Constrained:
     Tecnw = 59201.5
       Tnw = 416.175
       Tec = 1651.54
     twoNb = 2.23182e+06
     twoNe = 211746
     twoNc = 589138
     twoNw = 768372
    twoNec = 114483
    twoNnw = 176664
  twoNecnw = 14872.6
  twoNbecnw = 87358.8
        m4 = 0.0166356
        m5 = 0.444693
        m6 = 0.354541
        Td = 825.772
        Te = 412.886
        Tf = 206.443
#       SitePat  BranchLen
              b 147212.7332125
              e 57160.0682633
              c 59873.4153044
              n 54169.2450009
              w 54163.3677940
            b:e 2612.9975939
            b:c 3104.5245997
            b:n 2247.5643533
            b:w 2247.2130926
            e:c 12245.0455952
            e:n 6424.5144210
            e:w 6423.4851188
            c:n 5697.8450060
            c:w 5703.5865558
            n:w 14505.0636853
          b:e:c 2508.2132120
          b:e:n 1311.7101690
          b:e:w 1311.3724559
          b:c:n 1312.6253875
          b:c:w 1312.9630959
          b:n:w 2506.4109128
          e:c:n 5396.6664496
          e:c:w 5397.8314089
          e:n:w 8164.9596917
          c:n:w 6854.2766940
        b:e:c:n 2248.4660194
        b:e:c:w 2248.8172850
        b:e:n:w 3064.9288228
        b:c:n:w 2614.7998931
        e:c:n:w 61346.2635989
