########################################
# legofit: estimate population history #
#       version 2.3.4-4-g53f8760       #
########################################

# Program was compiled: Sep 21 2021 14:36:42
# Program was run: Wed Sep 22 09:59:29 2021

# cmd: legofit -1 -d 0 -t 32 --ptsPerDim 3 --stateOut b1boot16.state --tol 3e-6 -S 5000 def2.lgo ../../boot/boot16.opf
# Stage nOptItr nSimReps
#     0    5000        0
# algorithm          : deterministic
# ignoring probs <=  : 0
# Branch length floor: 0
# DE strategy        : 2
#    F               : 0.3
#    CR              : 0.8
#    tolerance       : 3e-06
# nthreads           : 32
# lgo input file     : def2.lgo
# site pat input file: ../../boot/boot16.opf
# free parameters    : 14
# points in DE swarm : 42
# output state file  : b1boot16.state
# Including singleton site patterns.
# cost function      : KL
Initial parameter values
Fixed:
      zero = 0
       one = 1
    Tbecnw = 75200
Free:
       pc1 = 0
       pc2 = 0
       pc3 = 0
       pc4 = 0
       pc5 = 0
       pc6 = 0
       pc7 = 0
       pc8 = 0
       pc9 = 0
      pc10 = 0
      pc11 = 0
      pc12 = 0
      pc13 = 0
      pc14 = 0
Constrained:
     Tecnw = 58726.8
       Tnw = 3055.73
       Tec = 10105.7
     twoNb = 1.54521e+06
     twoNe = 144240
     twoNc = 200909
     twoNw = 1.14344e+06
    twoNec = 87310.7
    twoNnw = 158257
  twoNecnw = 15653.4
  twoNbecnw = 86384.7
        m4 = 0.00780908
        m5 = 0.460446
        m6 = 0.35527
        Td = 5052.87
        Te = 2526.44
        Tf = 1263.22
DiffEv reached_goal. cost=2.27253e-03 spread=2.79739e-06
Fitted parameter values
Free:
       pc1 = 2.67673
       pc2 = -3.97499
       pc3 = -1.85836
       pc4 = -0.487712
       pc5 = 3.21808
       pc6 = -0.130069
       pc7 = -1.87726
       pc8 = -0.0333653
       pc9 = -0.151902
      pc10 = 0.0465897
      pc11 = -0.0731168
      pc12 = -0.0317802
      pc13 = 0.00169735
      pc14 = -0.00276743
Constrained:
     Tecnw = 59310.2
       Tnw = 320.828
       Tec = 1226.13
     twoNb = 2.4299e+06
     twoNe = 181786
     twoNc = 1.08802e+06
     twoNw = 962888
    twoNec = 117451
    twoNnw = 175812
  twoNecnw = 14823.9
  twoNbecnw = 87148.9
        m4 = 0.0147956
        m5 = 0.44469
        m6 = 0.348904
        Td = 613.064
        Te = 306.532
        Tf = 153.266
#       SitePat  BranchLen
              b 147012.3526105
              e 57160.6635301
              c 59983.0509428
              n 54138.1596922
              w 54134.1452404
            b:e 2614.3950060
            b:c 3096.5741284
            b:n 2244.0149457
            b:w 2243.7756374
            e:c 12267.8350027
            e:n 6437.5909886
            e:w 6437.2714175
            c:n 5670.2065359
            c:w 5673.7501864
            n:w 14589.8454724
          b:e:c 2515.0325162
          b:e:n 1310.4272929
          b:e:w 1310.2349150
          b:c:n 1311.2702450
          b:c:w 1311.4626092
          b:n:w 2513.5387823
          e:c:n 5379.0008056
          e:c:w 5379.7911780
          e:n:w 8175.1254099
          c:n:w 6847.3494278
        b:e:c:n 2244.8109538
        b:e:c:w 2245.0502757
        b:e:n:w 3063.8442555
        b:c:n:w 2615.8887400
        e:c:n:w 61111.5993662
