########################################
# legofit: estimate population history #
#       version 2.3.4-4-g53f8760       #
########################################

# Program was compiled: Sep 21 2021 14:36:42
# Program was run: Wed Sep 22 10:00:00 2021

# cmd: legofit -1 -d 0 -t 32 --ptsPerDim 3 --stateOut b1boot49.state --tol 3e-6 -S 5000 def2.lgo ../../boot/boot49.opf
# Stage nOptItr nSimReps
#     0    5000        0
# algorithm          : deterministic
# ignoring probs <=  : 0
# Branch length floor: 0
# DE strategy        : 2
#    F               : 0.3
#    CR              : 0.8
#    tolerance       : 3e-06
# nthreads           : 32
# lgo input file     : def2.lgo
# site pat input file: ../../boot/boot49.opf
# free parameters    : 14
# points in DE swarm : 42
# output state file  : b1boot49.state
# Including singleton site patterns.
# cost function      : KL
Initial parameter values
Fixed:
      zero = 0
       one = 1
    Tbecnw = 75200
Free:
       pc1 = 0
       pc2 = 0
       pc3 = 0
       pc4 = 0
       pc5 = 0
       pc6 = 0
       pc7 = 0
       pc8 = 0
       pc9 = 0
      pc10 = 0
      pc11 = 0
      pc12 = 0
      pc13 = 0
      pc14 = 0
Constrained:
     Tecnw = 58726.8
       Tnw = 3055.73
       Tec = 10105.7
     twoNb = 1.54521e+06
     twoNe = 144240
     twoNc = 200909
     twoNw = 1.14344e+06
    twoNec = 87310.7
    twoNnw = 158257
  twoNecnw = 15653.4
  twoNbecnw = 86384.7
        m4 = 0.00780908
        m5 = 0.460446
        m6 = 0.35527
        Td = 5052.87
        Te = 2526.44
        Tf = 1263.22
DiffEv reached_goal. cost=2.33862e-03 spread=2.89865e-06
Fitted parameter values
Free:
       pc1 = 2.4785
       pc2 = -3.97652
       pc3 = -1.87797
       pc4 = 0.55378
       pc5 = 1.28809
       pc6 = -0.212967
       pc7 = -1.99264
       pc8 = 0.0281591
       pc9 = -0.0947282
      pc10 = 0.0180035
      pc11 = -0.0288109
      pc12 = 0.0372154
      pc13 = 0.031923
      pc14 = 0.0113961
Constrained:
     Tecnw = 59519.6
       Tnw = 529.475
       Tec = 2074.12
     twoNb = 2.34648e+06
     twoNe = 47591.9
     twoNc = 633842
     twoNw = 1.26558e+06
    twoNec = 112581
    twoNnw = 174676
  twoNecnw = 14656.3
  twoNbecnw = 87259.2
        m4 = 0.0163064
        m5 = 0.446671
        m6 = 0.355001
        Td = 1037.06
        Te = 518.529
        Tf = 259.265
#       SitePat  BranchLen
              b 147087.0054950
              e 57229.7679237
              c 59997.5506997
              n 54181.9670265
              w 54177.2267548
            b:e 2619.3062081
            b:c 3112.2460228
            b:n 2247.5490604
            b:w 2247.2655738
            e:c 12280.4568641
            e:n 6439.4832785
            e:w 6438.8197207
            c:n 5696.6633084
            c:w 5701.1286356
            n:w 14589.8487104
          b:e:c 2522.2608386
          b:e:n 1310.7641437
          b:e:w 1310.5081468
          b:c:n 1311.6728004
          b:c:w 1311.9287883
          b:n:w 2520.5784077
          e:c:n 5379.1010299
          e:c:w 5380.0395321
          e:n:w 8188.6275731
          c:n:w 6860.6049954
        b:e:c:n 2248.4302184
        b:e:c:w 2248.7137140
        b:e:n:w 3075.5068949
        b:c:n:w 2620.9886389
        e:c:n:w 61122.9388653
