########################################
# legofit: estimate population history #
#       version 2.3.4-4-g53f8760       #
########################################

# Program was compiled: Sep 21 2021 14:36:42
# Program was run: Wed Sep 22 09:59:56 2021

# cmd: legofit -1 -d 0 -t 32 --ptsPerDim 3 --stateOut b1boot45.state --tol 3e-6 -S 5000 def2.lgo ../../boot/boot45.opf
# Stage nOptItr nSimReps
#     0    5000        0
# algorithm          : deterministic
# ignoring probs <=  : 0
# Branch length floor: 0
# DE strategy        : 2
#    F               : 0.3
#    CR              : 0.8
#    tolerance       : 3e-06
# nthreads           : 32
# lgo input file     : def2.lgo
# site pat input file: ../../boot/boot45.opf
# free parameters    : 14
# points in DE swarm : 42
# output state file  : b1boot45.state
# Including singleton site patterns.
# cost function      : KL
Initial parameter values
Fixed:
      zero = 0
       one = 1
    Tbecnw = 75200
Free:
       pc1 = 0
       pc2 = 0
       pc3 = 0
       pc4 = 0
       pc5 = 0
       pc6 = 0
       pc7 = 0
       pc8 = 0
       pc9 = 0
      pc10 = 0
      pc11 = 0
      pc12 = 0
      pc13 = 0
      pc14 = 0
Constrained:
     Tecnw = 58726.8
       Tnw = 3055.73
       Tec = 10105.7
     twoNb = 1.54521e+06
     twoNe = 144240
     twoNc = 200909
     twoNw = 1.14344e+06
    twoNec = 87310.7
    twoNnw = 158257
  twoNecnw = 15653.4
  twoNbecnw = 86384.7
        m4 = 0.00780908
        m5 = 0.460446
        m6 = 0.35527
        Td = 5052.87
        Te = 2526.44
        Tf = 1263.22
DiffEv reached_goal. cost=2.35704e-03 spread=2.81125e-06
Fitted parameter values
Free:
       pc1 = 2.20822
       pc2 = -3.97922
       pc3 = -1.81246
       pc4 = 0.464485
       pc5 = 0.613154
       pc6 = -0.309633
       pc7 = -1.90344
       pc8 = 0.0349248
       pc9 = -0.091926
      pc10 = 0.213355
      pc11 = -0.0671448
      pc12 = -0.000396731
      pc13 = 0.00373233
      pc14 = -0.0169683
Constrained:
     Tecnw = 59565.8
       Tnw = 655.577
       Tec = 2564.42
     twoNb = 2.31499e+06
     twoNe = 41874.6
     twoNc = 427649
     twoNw = 1.27062e+06
    twoNec = 110655
    twoNnw = 174676
  twoNecnw = 14552.1
  twoNbecnw = 87410.8
        m4 = 0.0164549
        m5 = 0.450684
        m6 = 0.356229
        Td = 1282.21
        Te = 641.106
        Tf = 320.553
#       SitePat  BranchLen
              b 147284.1778199
              e 57197.7528824
              c 60030.8447460
              n 54193.5884972
              w 54187.7026784
            b:e 2606.0228233
            b:c 3108.6032100
            b:n 2241.8563286
            b:w 2241.5046114
            e:c 12211.7175734
            e:n 6450.1750807
            e:w 6449.3726863
            c:n 5687.9688619
            c:w 5693.4899761
            n:w 14519.6459938
          b:e:c 2509.8248665
          b:e:n 1308.3596558
          b:e:w 1308.0443793
          b:c:n 1309.2265293
          b:c:w 1309.5417936
          b:n:w 2508.1218088
          e:c:n 5372.2264028
          e:c:w 5373.3935019
          e:n:w 8187.5041640
          c:n:w 6831.0332911
        b:e:c:n 2242.6867492
        b:e:c:w 2243.0384785
        b:e:n:w 3071.2026173
        b:c:n:w 2607.7258811
        e:c:n:w 61368.6156912
