########################################
# legofit: estimate population history #
#       version 2.3.4-4-g53f8760       #
########################################

# Program was compiled: Sep 21 2021 14:36:42
# Program was run: Wed Sep 22 09:59:25 2021

# cmd: legofit -1 -d 0 -t 32 --ptsPerDim 3 --stateOut b1boot9.state --tol 3e-6 -S 5000 def2.lgo ../../boot/boot9.opf
# Stage nOptItr nSimReps
#     0    5000        0
# algorithm          : deterministic
# ignoring probs <=  : 0
# Branch length floor: 0
# DE strategy        : 2
#    F               : 0.3
#    CR              : 0.8
#    tolerance       : 3e-06
# nthreads           : 32
# lgo input file     : def2.lgo
# site pat input file: ../../boot/boot9.opf
# free parameters    : 14
# points in DE swarm : 42
# output state file  : b1boot9.state
# Including singleton site patterns.
# cost function      : KL
Initial parameter values
Fixed:
      zero = 0
       one = 1
    Tbecnw = 75200
Free:
       pc1 = 0
       pc2 = 0
       pc3 = 0
       pc4 = 0
       pc5 = 0
       pc6 = 0
       pc7 = 0
       pc8 = 0
       pc9 = 0
      pc10 = 0
      pc11 = 0
      pc12 = 0
      pc13 = 0
      pc14 = 0
Constrained:
     Tecnw = 58726.8
       Tnw = 3055.73
       Tec = 10105.7
     twoNb = 1.54521e+06
     twoNe = 144240
     twoNc = 200909
     twoNw = 1.14344e+06
    twoNec = 87310.7
    twoNnw = 158257
  twoNecnw = 15653.4
  twoNbecnw = 86384.7
        m4 = 0.00780908
        m5 = 0.460446
        m6 = 0.35527
        Td = 5052.87
        Te = 2526.44
        Tf = 1263.22
DiffEv reached_goal. cost=2.33817e-03 spread=2.97317e-06
Fitted parameter values
Free:
       pc1 = 2.50056
       pc2 = -3.9796
       pc3 = -1.97085
       pc4 = -0.20268
       pc5 = 2.9939
       pc6 = 0.0593615
       pc7 = -1.97558
       pc8 = 0.0155981
       pc9 = -0.279782
      pc10 = -0.130733
      pc11 = 0.0891749
      pc12 = 0.0535995
      pc13 = 0.00695637
      pc14 = 0.00952441
Constrained:
     Tecnw = 59551.5
       Tnw = 472.866
       Tec = 1690.52
     twoNb = 2.5283e+06
     twoNe = 150508
     twoNc = 1.06842e+06
     twoNw = 1.04046e+06
    twoNec = 115964
    twoNnw = 175398
  twoNecnw = 14644
  twoNbecnw = 87319.1
        m4 = 0.0147959
        m5 = 0.44279
        m6 = 0.351731
        Td = 845.26
        Te = 422.63
        Tf = 211.315
#       SitePat  BranchLen
              b 147117.4794638
              e 57364.4040451
              c 60074.1993685
              n 54279.8278166
              w 54273.2684375
            b:e 2631.5614206
            b:c 3100.5225537
            b:n 2254.0250664
            b:w 2253.6332221
            e:c 12291.1857866
            e:n 6421.9061177
            e:w 6422.1505042
            c:n 5688.5309747
            c:w 5693.5655190
            n:w 14618.3630059
          b:e:c 2530.8257015
          b:e:n 1314.6719743
          b:e:w 1314.4327040
          b:c:n 1315.4249272
          b:c:w 1315.6641552
          b:n:w 2529.3906792
          e:c:n 5382.7919249
          e:c:w 5384.0723732
          e:n:w 8157.5838649
          c:n:w 6875.0909119
        b:e:c:n 2254.6254029
        b:e:c:w 2255.0172897
        b:e:n:w 3069.2842223
        b:c:n:w 2632.9964429
        e:c:n:w 61095.0418940
