########################################
# legofit: estimate population history #
#       version 2.3.4-4-g53f8760       #
########################################

# Program was compiled: Sep 21 2021 14:36:42
# Program was run: Wed Sep 22 09:59:34 2021

# cmd: legofit -1 -d 0 -t 32 --ptsPerDim 3 --stateOut b1boot20.state --tol 3e-6 -S 5000 def2.lgo ../../boot/boot20.opf
# Stage nOptItr nSimReps
#     0    5000        0
# algorithm          : deterministic
# ignoring probs <=  : 0
# Branch length floor: 0
# DE strategy        : 2
#    F               : 0.3
#    CR              : 0.8
#    tolerance       : 3e-06
# nthreads           : 32
# lgo input file     : def2.lgo
# site pat input file: ../../boot/boot20.opf
# free parameters    : 14
# points in DE swarm : 42
# output state file  : b1boot20.state
# Including singleton site patterns.
# cost function      : KL
Initial parameter values
Fixed:
      zero = 0
       one = 1
    Tbecnw = 75200
Free:
       pc1 = 0
       pc2 = 0
       pc3 = 0
       pc4 = 0
       pc5 = 0
       pc6 = 0
       pc7 = 0
       pc8 = 0
       pc9 = 0
      pc10 = 0
      pc11 = 0
      pc12 = 0
      pc13 = 0
      pc14 = 0
Constrained:
     Tecnw = 58726.8
       Tnw = 3055.73
       Tec = 10105.7
     twoNb = 1.54521e+06
     twoNe = 144240
     twoNc = 200909
     twoNw = 1.14344e+06
    twoNec = 87310.7
    twoNnw = 158257
  twoNecnw = 15653.4
  twoNbecnw = 86384.7
        m4 = 0.00780908
        m5 = 0.460446
        m6 = 0.35527
        Td = 5052.87
        Te = 2526.44
        Tf = 1263.22
DiffEv reached_goal. cost=2.30966e-03 spread=2.63791e-06
Fitted parameter values
Free:
       pc1 = 2.5513
       pc2 = -3.99768
       pc3 = -1.95549
       pc4 = -0.636843
       pc5 = 1.10003
       pc6 = -1.03494
       pc7 = -1.95234
       pc8 = -0.255072
       pc9 = 0.297279
      pc10 = 0.370141
      pc11 = 0.0161451
      pc12 = 0.140366
      pc13 = 0.0563451
      pc14 = -0.0214699
Constrained:
     Tecnw = 59216
       Tnw = 361.415
       Tec = 1428.52
     twoNb = 2.21069e+06
     twoNe = 147884
     twoNc = 434908
     twoNw = 953940
    twoNec = 112713
    twoNnw = 176791
  twoNecnw = 14853.1
  twoNbecnw = 86763.3
        m4 = 0.0176428
        m5 = 0.44866
        m6 = 0.357571
        Td = 714.262
        Te = 357.131
        Tf = 178.566
#       SitePat  BranchLen
              b 146730.6606085
              e 56982.2284876
              c 59742.7348818
              n 54077.3794846
              w 54073.1805082
            b:e 2587.3406002
            b:c 3091.9190970
            b:n 2230.8594182
            b:w 2230.6101210
            e:c 12245.1446432
            e:n 6431.3008227
            e:w 6430.6131500
            c:n 5694.7419808
            c:w 5698.7974745
            n:w 14448.7604110
          b:e:c 2485.7241647
          b:e:n 1301.8812784
          b:e:w 1301.6462156
          b:c:n 1302.9732706
          b:c:w 1303.2083281
          b:n:w 2483.8190841
          e:c:n 5371.2200423
          e:c:w 5372.0511977
          e:n:w 8147.9338687
          c:n:w 6809.1556022
        b:e:c:n 2231.9371706
        b:e:c:w 2232.1864732
        b:e:n:w 3049.8318925
        b:c:n:w 2589.2456808
        e:c:n:w 60982.8033961
