########################################
# legofit: estimate population history #
#       version 2.3.4-4-g53f8760       #
########################################

# Program was compiled: Sep 21 2021 14:36:42
# Program was run: Wed Sep 22 09:59:34 2021

# cmd: legofit -1 -d 0 -t 32 --ptsPerDim 3 --stateOut b1boot19.state --tol 3e-6 -S 5000 def2.lgo ../../boot/boot19.opf
# Stage nOptItr nSimReps
#     0    5000        0
# algorithm          : deterministic
# ignoring probs <=  : 0
# Branch length floor: 0
# DE strategy        : 2
#    F               : 0.3
#    CR              : 0.8
#    tolerance       : 3e-06
# nthreads           : 32
# lgo input file     : def2.lgo
# site pat input file: ../../boot/boot19.opf
# free parameters    : 14
# points in DE swarm : 42
# output state file  : b1boot19.state
# Including singleton site patterns.
# cost function      : KL
Initial parameter values
Fixed:
      zero = 0
       one = 1
    Tbecnw = 75200
Free:
       pc1 = 0
       pc2 = 0
       pc3 = 0
       pc4 = 0
       pc5 = 0
       pc6 = 0
       pc7 = 0
       pc8 = 0
       pc9 = 0
      pc10 = 0
      pc11 = 0
      pc12 = 0
      pc13 = 0
      pc14 = 0
Constrained:
     Tecnw = 58726.8
       Tnw = 3055.73
       Tec = 10105.7
     twoNb = 1.54521e+06
     twoNe = 144240
     twoNc = 200909
     twoNw = 1.14344e+06
    twoNec = 87310.7
    twoNnw = 158257
  twoNecnw = 15653.4
  twoNbecnw = 86384.7
        m4 = 0.00780908
        m5 = 0.460446
        m6 = 0.35527
        Td = 5052.87
        Te = 2526.44
        Tf = 1263.22
DiffEv reached_goal. cost=2.32069e-03 spread=2.51733e-06
Fitted parameter values
Free:
       pc1 = 2.91533
       pc2 = -3.97499
       pc3 = -1.92868
       pc4 = 0.140763
       pc5 = 3.80284
       pc6 = 0.187658
       pc7 = -1.92599
       pc8 = 0.197287
       pc9 = -0.497072
      pc10 = -0.113929
      pc11 = -0.0865629
      pc12 = -0.073544
      pc13 = 0.0229447
      pc14 = -0.0110324
Constrained:
     Tecnw = 59208.5
       Tnw = 331.376
       Tec = 1271.88
     twoNb = 2.48152e+06
     twoNe = 144843
     twoNc = 1.32799e+06
     twoNw = 1.11912e+06
    twoNec = 118437
    twoNnw = 175761
  twoNecnw = 14900.3
  twoNbecnw = 87457.7
        m4 = 0.0145081
        m5 = 0.440783
        m6 = 0.345076
        Td = 635.94
        Te = 317.97
        Tf = 158.985
#       SitePat  BranchLen
              b 147273.9227462
              e 57199.8180312
              c 60014.5449492
              n 54169.7619602
              w 54166.2770273
            b:e 2622.4675262
            b:c 3102.0651201
            b:n 2251.5429888
            b:w 2251.3346793
            e:c 12305.1246408
            e:n 6418.9999660
            e:w 6418.6902853
            c:n 5654.1921946
            c:w 5657.3005815
            n:w 14634.2601338
          b:e:c 2529.1804472
          b:e:n 1312.6966177
          b:e:w 1312.5259464
          b:c:n 1313.5286525
          b:c:w 1313.6993132
          b:n:w 2527.7315033
          e:c:n 5393.6915070
          e:c:w 5394.3777338
          e:n:w 8183.4624557
          c:n:w 6859.7964025
        b:e:c:n 2252.3373748
        b:e:c:w 2252.5456949
        b:e:n:w 3070.3828549
        b:c:n:w 2623.9164701
        e:c:n:w 61343.5768536
