########################################
# legofit: estimate population history #
#       version 2.3.4-4-g53f8760       #
########################################

# Program was compiled: Sep 21 2021 14:36:42
# Program was run: Wed Sep 22 09:59:34 2021

# cmd: legofit -1 -d 0 -t 32 --ptsPerDim 3 --stateOut b1boot17.state --tol 3e-6 -S 5000 def2.lgo ../../boot/boot17.opf
# Stage nOptItr nSimReps
#     0    5000        0
# algorithm          : deterministic
# ignoring probs <=  : 0
# Branch length floor: 0
# DE strategy        : 2
#    F               : 0.3
#    CR              : 0.8
#    tolerance       : 3e-06
# nthreads           : 32
# lgo input file     : def2.lgo
# site pat input file: ../../boot/boot17.opf
# free parameters    : 14
# points in DE swarm : 42
# output state file  : b1boot17.state
# Including singleton site patterns.
# cost function      : KL
Initial parameter values
Fixed:
      zero = 0
       one = 1
    Tbecnw = 75200
Free:
       pc1 = 0
       pc2 = 0
       pc3 = 0
       pc4 = 0
       pc5 = 0
       pc6 = 0
       pc7 = 0
       pc8 = 0
       pc9 = 0
      pc10 = 0
      pc11 = 0
      pc12 = 0
      pc13 = 0
      pc14 = 0
Constrained:
     Tecnw = 58726.8
       Tnw = 3055.73
       Tec = 10105.7
     twoNb = 1.54521e+06
     twoNe = 144240
     twoNc = 200909
     twoNw = 1.14344e+06
    twoNec = 87310.7
    twoNnw = 158257
  twoNecnw = 15653.4
  twoNbecnw = 86384.7
        m4 = 0.00780908
        m5 = 0.460446
        m6 = 0.35527
        Td = 5052.87
        Te = 2526.44
        Tf = 1263.22
DiffEv reached_goal. cost=2.33979e-03 spread=2.73101e-06
Fitted parameter values
Free:
       pc1 = 3.15569
       pc2 = -3.99043
       pc3 = -1.71842
       pc4 = -0.587777
       pc5 = 0.942842
       pc6 = -1.18076
       pc7 = -1.48451
       pc8 = -0.330323
       pc9 = -0.453101
      pc10 = -0.0569005
      pc11 = 0.114593
      pc12 = 0.127721
      pc13 = -0.024329
      pc14 = 0.0400928
Constrained:
     Tecnw = 59118.4
       Tnw = 411.947
       Tec = 1519.75
     twoNb = 2.05105e+06
     twoNe = 155525
     twoNc = 339296
     twoNw = 1.04237e+06
    twoNec = 117328
    twoNnw = 176194
  twoNecnw = 15068.6
  twoNbecnw = 87260.7
        m4 = 0.0169935
        m5 = 0.437369
        m6 = 0.349542
        Td = 759.875
        Te = 379.938
        Tf = 189.969
#       SitePat  BranchLen
              b 146973.4483261
              e 57340.8433067
              c 60016.0660111
              n 54249.2532077
              w 54244.0048387
            b:e 2641.6143144
            b:c 3137.5742832
            b:n 2263.8131978
            b:w 2263.4982500
            e:c 12306.7970353
            e:n 6405.7682728
            e:w 6405.6977571
            c:n 5693.8876351
            c:w 5698.1774779
            n:w 14624.0722130
          b:e:c 2538.2890657
          b:e:n 1319.9155609
          b:e:w 1319.6968711
          b:c:n 1321.1092635
          b:c:w 1321.3279154
          b:n:w 2536.2482806
          e:c:n 5414.5133063
          e:c:w 5415.5423483
          e:n:w 8206.6209622
          c:n:w 6901.6673915
        b:e:c:n 2264.9106045
        b:e:c:w 2265.2255903
        b:e:n:w 3093.3080321
        b:c:n:w 2643.6550995
        e:c:n:w 60964.8916277
