########################################
# legofit: estimate population history #
#       version 2.3.4-4-g53f8760       #
########################################

# Program was compiled: Sep 21 2021 14:36:42
# Program was run: Wed Sep 22 09:59:38 2021

# cmd: legofit -1 -d 0 -t 32 --ptsPerDim 3 --stateOut b1boot24.state --tol 3e-6 -S 5000 def2.lgo ../../boot/boot24.opf
# Stage nOptItr nSimReps
#     0    5000        0
# algorithm          : deterministic
# ignoring probs <=  : 0
# Branch length floor: 0
# DE strategy        : 2
#    F               : 0.3
#    CR              : 0.8
#    tolerance       : 3e-06
# nthreads           : 32
# lgo input file     : def2.lgo
# site pat input file: ../../boot/boot24.opf
# free parameters    : 14
# points in DE swarm : 42
# output state file  : b1boot24.state
# Including singleton site patterns.
# cost function      : KL
Initial parameter values
Fixed:
      zero = 0
       one = 1
    Tbecnw = 75200
Free:
       pc1 = 0
       pc2 = 0
       pc3 = 0
       pc4 = 0
       pc5 = 0
       pc6 = 0
       pc7 = 0
       pc8 = 0
       pc9 = 0
      pc10 = 0
      pc11 = 0
      pc12 = 0
      pc13 = 0
      pc14 = 0
Constrained:
     Tecnw = 58726.8
       Tnw = 3055.73
       Tec = 10105.7
     twoNb = 1.54521e+06
     twoNe = 144240
     twoNc = 200909
     twoNw = 1.14344e+06
    twoNec = 87310.7
    twoNnw = 158257
  twoNecnw = 15653.4
  twoNbecnw = 86384.7
        m4 = 0.00780908
        m5 = 0.460446
        m6 = 0.35527
        Td = 5052.87
        Te = 2526.44
        Tf = 1263.22
DiffEv reached_goal. cost=2.33192e-03 spread=2.96611e-06
Fitted parameter values
Free:
       pc1 = 2.25089
       pc2 = -3.96369
       pc3 = -1.88518
       pc4 = -0.62251
       pc5 = 3.51081
       pc6 = -0.431054
       pc7 = -1.89496
       pc8 = 0.11279
       pc9 = -0.0616445
      pc10 = 0.378836
      pc11 = -0.0344389
      pc12 = 0.0548496
      pc13 = 0.0367634
      pc14 = -0.0159684
Constrained:
     Tecnw = 59299.6
       Tnw = 431.28
       Tec = 1619.02
     twoNb = 2.30861e+06
     twoNe = 212798
     twoNc = 1.16432e+06
     twoNw = 887398
    twoNec = 114374
    twoNnw = 177300
  twoNecnw = 14840.5
  twoNbecnw = 87297.4
        m4 = 0.015116
        m5 = 0.449202
        m6 = 0.35247
        Td = 809.511
        Te = 404.755
        Tf = 202.378
#       SitePat  BranchLen
              b 147119.3224598
              e 57150.1255157
              c 59980.4206740
              n 54265.7121005
              w 54259.4807571
            b:e 2612.5549190
            b:c 3100.5022759
            b:n 2257.3389562
            b:w 2256.9659211
            e:c 12259.3338930
            e:n 6461.1901740
            e:w 6460.9207364
            c:n 5690.6734930
            c:w 5695.9460379
            n:w 14492.7614685
          b:e:c 2513.9855332
          b:e:n 1317.4055948
          b:e:w 1317.1285464
          b:c:n 1318.2383107
          b:c:w 1318.5153293
          b:n:w 2512.3943912
          e:c:n 5409.2388632
          e:c:w 5410.4670993
          e:n:w 8165.2051779
          c:n:w 6831.7001824
        b:e:c:n 2258.0756555
        b:e:c:w 2258.4487204
        b:e:n:w 3065.6116999
        b:c:n:w 2614.1460610
        e:c:n:w 61180.9422456
