########################################
# legofit: estimate population history #
#       version 2.3.4-4-g53f8760       #
########################################

# Program was compiled: Sep 21 2021 14:36:42
# Program was run: Wed Sep 22 09:59:20 2021

# cmd: legofit -1 -d 0 -t 32 --ptsPerDim 3 --stateOut b1boot4.state --tol 3e-6 -S 5000 def2.lgo ../../boot/boot4.opf
# Stage nOptItr nSimReps
#     0    5000        0
# algorithm          : deterministic
# ignoring probs <=  : 0
# Branch length floor: 0
# DE strategy        : 2
#    F               : 0.3
#    CR              : 0.8
#    tolerance       : 3e-06
# nthreads           : 32
# lgo input file     : def2.lgo
# site pat input file: ../../boot/boot4.opf
# free parameters    : 14
# points in DE swarm : 42
# output state file  : b1boot4.state
# Including singleton site patterns.
# cost function      : KL
Initial parameter values
Fixed:
      zero = 0
       one = 1
    Tbecnw = 75200
Free:
       pc1 = 0
       pc2 = 0
       pc3 = 0
       pc4 = 0
       pc5 = 0
       pc6 = 0
       pc7 = 0
       pc8 = 0
       pc9 = 0
      pc10 = 0
      pc11 = 0
      pc12 = 0
      pc13 = 0
      pc14 = 0
Constrained:
     Tecnw = 58726.8
       Tnw = 3055.73
       Tec = 10105.7
     twoNb = 1.54521e+06
     twoNe = 144240
     twoNc = 200909
     twoNw = 1.14344e+06
    twoNec = 87310.7
    twoNnw = 158257
  twoNecnw = 15653.4
  twoNbecnw = 86384.7
        m4 = 0.00780908
        m5 = 0.460446
        m6 = 0.35527
        Td = 5052.87
        Te = 2526.44
        Tf = 1263.22
DiffEv reached_goal. cost=2.34461e-03 spread=2.48555e-06
Fitted parameter values
Free:
       pc1 = 2.05422
       pc2 = -3.99125
       pc3 = -1.96012
       pc4 = 0.218065
       pc5 = 2.1255
       pc6 = -0.978253
       pc7 = -1.97918
       pc8 = -0.101985
       pc9 = -0.146199
      pc10 = 0.0560977
      pc11 = 0.0446658
      pc12 = 0.0123538
      pc13 = 0.0267208
      pc14 = -0.0299165
Constrained:
     Tecnw = 59697.6
       Tnw = 589.599
       Tec = 2270.24
     twoNb = 2.04191e+06
     twoNe = 125891
     twoNc = 825587
     twoNw = 1.0834e+06
    twoNec = 111318
    twoNnw = 175467
  twoNecnw = 14401.9
  twoNbecnw = 87453.4
        m4 = 0.0175961
        m5 = 0.446575
        m6 = 0.357376
        Td = 1135.12
        Te = 567.56
        Tf = 283.78
#       SitePat  BranchLen
              b 147325.1083718
              e 57295.5541088
              c 60025.3953235
              n 54276.1194765
              w 54269.5693033
            b:e 2607.6759359
            b:c 3115.1497959
            b:n 2240.3060188
            b:w 2239.9160529
            e:c 12254.4721155
            e:n 6414.2988703
            e:w 6413.6572585
            c:n 5687.2018110
            c:w 5693.1055408
            n:w 14531.2022859
          b:e:c 2511.6727435
          b:e:n 1305.5149792
          b:e:w 1305.1894305
          b:c:n 1306.6181543
          b:c:w 1306.9436770
          b:n:w 2509.6106372
          e:c:n 5360.1438408
          e:c:w 5361.4318959
          e:n:w 8163.0181082
          c:n:w 6830.5918054
        b:e:c:n 2241.3447506
        b:e:c:w 2241.7347426
        b:e:n:w 3069.8354587
        b:c:n:w 2609.7380423
        e:c:n:w 61390.8145521
