########################################
# legofit: estimate population history #
#       version 2.3.4-4-g53f8760       #
########################################

# Program was compiled: Sep 21 2021 14:36:42
# Program was run: Wed Sep 22 09:59:43 2021

# cmd: legofit -1 -d 0 -t 32 --ptsPerDim 3 --stateOut b1boot34.state --tol 3e-6 -S 5000 def2.lgo ../../boot/boot34.opf
# Stage nOptItr nSimReps
#     0    5000        0
# algorithm          : deterministic
# ignoring probs <=  : 0
# Branch length floor: 0
# DE strategy        : 2
#    F               : 0.3
#    CR              : 0.8
#    tolerance       : 3e-06
# nthreads           : 32
# lgo input file     : def2.lgo
# site pat input file: ../../boot/boot34.opf
# free parameters    : 14
# points in DE swarm : 42
# output state file  : b1boot34.state
# Including singleton site patterns.
# cost function      : KL
Initial parameter values
Fixed:
      zero = 0
       one = 1
    Tbecnw = 75200
Free:
       pc1 = 0
       pc2 = 0
       pc3 = 0
       pc4 = 0
       pc5 = 0
       pc6 = 0
       pc7 = 0
       pc8 = 0
       pc9 = 0
      pc10 = 0
      pc11 = 0
      pc12 = 0
      pc13 = 0
      pc14 = 0
Constrained:
     Tecnw = 58726.8
       Tnw = 3055.73
       Tec = 10105.7
     twoNb = 1.54521e+06
     twoNe = 144240
     twoNc = 200909
     twoNw = 1.14344e+06
    twoNec = 87310.7
    twoNnw = 158257
  twoNecnw = 15653.4
  twoNbecnw = 86384.7
        m4 = 0.00780908
        m5 = 0.460446
        m6 = 0.35527
        Td = 5052.87
        Te = 2526.44
        Tf = 1263.22
DiffEv reached_goal. cost=2.30526e-03 spread=2.89067e-06
Fitted parameter values
Free:
       pc1 = 2.69851
       pc2 = -3.97706
       pc3 = -1.98395
       pc4 = -0.00457781
       pc5 = 0.660057
       pc6 = -0.839531
       pc7 = -1.58746
       pc8 = -0.232807
       pc9 = -0.130629
      pc10 = 0.013514
      pc11 = 0.0182718
      pc12 = 0.0228482
      pc13 = -0.0339802
      pc14 = 0.00283423
Constrained:
     Tecnw = 59383.2
       Tnw = 511.75
       Tec = 1962.13
     twoNb = 2.18076e+06
     twoNe = 109963
     twoNc = 349216
     twoNw = 1.21643e+06
    twoNec = 114061
    twoNnw = 174956
  twoNecnw = 14730.4
  twoNbecnw = 87133.8
        m4 = 0.0174512
        m5 = 0.443931
        m6 = 0.354047
        Td = 981.067
        Te = 490.533
        Tf = 245.267
#       SitePat  BranchLen
              b 147006.1213129
              e 57233.1450460
              c 59980.3090846
              n 54143.7693800
              w 54138.6940176
            b:e 2611.9745917
            b:c 3116.8079640
            b:n 2237.4369664
            b:w 2237.1346349
            e:c 12226.6869184
            e:n 6414.3062533
            e:w 6413.8577086
            c:n 5683.3648739
            c:w 5687.8896803
            n:w 14560.2988153
          b:e:c 2509.6020271
          b:e:n 1306.1445220
          b:e:w 1305.8970610
          b:c:n 1307.2340866
          b:c:w 1307.4815270
          b:n:w 2507.6702034
          e:c:n 5364.9498675
          e:c:w 5365.9489682
          e:n:w 8189.4033051
          c:n:w 6852.2055721
        b:e:c:n 2238.4716398
        b:e:c:w 2238.7739921
        b:e:n:w 3074.4707160
        b:c:n:w 2613.9064153
        e:c:n:w 61125.4950434
