########################################
# legofit: estimate population history #
#       version 2.3.4-4-g53f8760       #
########################################

# Program was compiled: Sep 21 2021 14:36:42
# Program was run: Wed Sep 22 09:59:43 2021

# cmd: legofit -1 -d 0 -t 32 --ptsPerDim 3 --stateOut b1boot29.state --tol 3e-6 -S 5000 def2.lgo ../../boot/boot29.opf
# Stage nOptItr nSimReps
#     0    5000        0
# algorithm          : deterministic
# ignoring probs <=  : 0
# Branch length floor: 0
# DE strategy        : 2
#    F               : 0.3
#    CR              : 0.8
#    tolerance       : 3e-06
# nthreads           : 32
# lgo input file     : def2.lgo
# site pat input file: ../../boot/boot29.opf
# free parameters    : 14
# points in DE swarm : 42
# output state file  : b1boot29.state
# Including singleton site patterns.
# cost function      : KL
Initial parameter values
Fixed:
      zero = 0
       one = 1
    Tbecnw = 75200
Free:
       pc1 = 0
       pc2 = 0
       pc3 = 0
       pc4 = 0
       pc5 = 0
       pc6 = 0
       pc7 = 0
       pc8 = 0
       pc9 = 0
      pc10 = 0
      pc11 = 0
      pc12 = 0
      pc13 = 0
      pc14 = 0
Constrained:
     Tecnw = 58726.8
       Tnw = 3055.73
       Tec = 10105.7
     twoNb = 1.54521e+06
     twoNe = 144240
     twoNc = 200909
     twoNw = 1.14344e+06
    twoNec = 87310.7
    twoNnw = 158257
  twoNecnw = 15653.4
  twoNbecnw = 86384.7
        m4 = 0.00780908
        m5 = 0.460446
        m6 = 0.35527
        Td = 5052.87
        Te = 2526.44
        Tf = 1263.22
DiffEv reached_goal. cost=2.32197e-03 spread=2.42954e-06
Fitted parameter values
Free:
       pc1 = 2.64474
       pc2 = -3.9612
       pc3 = -1.95998
       pc4 = 0.758214
       pc5 = 3.20424
       pc6 = -0.283553
       pc7 = -1.99824
       pc8 = 0.0687493
       pc9 = -0.120217
      pc10 = -0.178818
      pc11 = -0.0391633
      pc12 = -0.00534533
      pc13 = 0.0104756
      pc14 = -0.0199912
Constrained:
     Tecnw = 59429.9
       Tnw = 380.696
       Tec = 1479.6
     twoNb = 2.20506e+06
     twoNe = 97048.8
     twoNc = 1.20177e+06
     twoNw = 1.23223e+06
    twoNec = 115819
    twoNnw = 174930
  twoNecnw = 14659.6
  twoNbecnw = 87176.9
        m4 = 0.0161147
        m5 = 0.442656
        m6 = 0.352374
        Td = 739.798
        Te = 369.899
        Tf = 184.95
#       SitePat  BranchLen
              b 147090.9381428
              e 57193.1891049
              c 59920.6519177
              n 54098.3874673
              w 54094.8245347
            b:e 2609.0530391
            b:c 3096.9256769
            b:n 2232.1199701
            b:w 2231.9083695
            e:c 12264.5766668
            e:n 6405.1883635
            e:w 6404.7633636
            c:n 5673.3864703
            c:w 5676.6734160
            n:w 14595.5636165
          b:e:c 2508.8771588
          b:e:n 1302.3930461
          b:e:w 1302.2088621
          b:c:n 1303.4340343
          b:c:w 1303.6182088
          b:n:w 2507.1036473
          e:c:n 5354.1888343
          e:c:w 5354.8898212
          e:n:w 8160.8356122
          c:n:w 6850.0814023
        b:e:c:n 2233.1335321
        b:e:c:w 2233.3451422
        b:e:n:w 3057.9662852
        b:c:n:w 2610.8265506
        e:c:n:w 61239.2428336
