########################################
# legofit: estimate population history #
#       version 2.3.4-4-g53f8760       #
########################################

# Program was compiled: Sep 21 2021 14:36:42
# Program was run: Wed Sep 22 09:59:29 2021

# cmd: legofit -1 -d 0 -t 32 --ptsPerDim 3 --stateOut b1boot14.state --tol 3e-6 -S 5000 def2.lgo ../../boot/boot14.opf
# Stage nOptItr nSimReps
#     0    5000        0
# algorithm          : deterministic
# ignoring probs <=  : 0
# Branch length floor: 0
# DE strategy        : 2
#    F               : 0.3
#    CR              : 0.8
#    tolerance       : 3e-06
# nthreads           : 32
# lgo input file     : def2.lgo
# site pat input file: ../../boot/boot14.opf
# free parameters    : 14
# points in DE swarm : 42
# output state file  : b1boot14.state
# Including singleton site patterns.
# cost function      : KL
Initial parameter values
Fixed:
      zero = 0
       one = 1
    Tbecnw = 75200
Free:
       pc1 = 0
       pc2 = 0
       pc3 = 0
       pc4 = 0
       pc5 = 0
       pc6 = 0
       pc7 = 0
       pc8 = 0
       pc9 = 0
      pc10 = 0
      pc11 = 0
      pc12 = 0
      pc13 = 0
      pc14 = 0
Constrained:
     Tecnw = 58726.8
       Tnw = 3055.73
       Tec = 10105.7
     twoNb = 1.54521e+06
     twoNe = 144240
     twoNc = 200909
     twoNw = 1.14344e+06
    twoNec = 87310.7
    twoNnw = 158257
  twoNecnw = 15653.4
  twoNbecnw = 86384.7
        m4 = 0.00780908
        m5 = 0.460446
        m6 = 0.35527
        Td = 5052.87
        Te = 2526.44
        Tf = 1263.22
DiffEv reached_goal. cost=2.30198e-03 spread=2.13387e-06
Fitted parameter values
Free:
       pc1 = 2.64097
       pc2 = -3.97444
       pc3 = -1.87258
       pc4 = 0.0913943
       pc5 = 2.7551
       pc6 = -0.92322
       pc7 = -1.91995
       pc8 = -0.133304
       pc9 = -0.311388
      pc10 = -0.0106484
      pc11 = -0.0463256
      pc12 = 0.207074
      pc13 = -0.00324522
      pc14 = 0.00826326
Constrained:
     Tecnw = 59236.1
       Tnw = 404.315
       Tec = 1532.38
     twoNb = 2.03993e+06
     twoNe = 144824
     twoNc = 976601
     twoNw = 1.04454e+06
    twoNec = 116285
    twoNnw = 175828
  twoNecnw = 14916
  twoNbecnw = 87449.6
        m4 = 0.0169896
        m5 = 0.441477
        m6 = 0.353847
        Td = 766.188
        Te = 383.094
        Tf = 191.547
#       SitePat  BranchLen
              b 147198.5751387
              e 57294.2432305
              c 59968.3070775
              n 54178.7965546
              w 54173.9614705
            b:e 2637.7991146
            b:c 3133.1967361
            b:n 2257.0136858
            b:w 2256.7238445
            e:c 12263.6643999
            e:n 6427.2386436
            e:w 6426.9259159
            c:n 5715.4882530
            c:w 5719.6835659
            n:w 14591.1365630
          b:e:c 2526.5941733
          b:e:n 1318.5752599
          b:e:w 1318.3495520
          b:c:n 1319.7564539
          b:c:w 1319.9821366
          b:n:w 2524.5627890
          e:c:n 5404.5897172
          e:c:w 5405.5422161
          e:n:w 8209.1513908
          c:n:w 6904.9543918
        b:e:c:n 2258.1307212
        b:e:c:w 2258.4205877
        b:e:n:w 3088.9160066
        b:c:n:w 2639.8304989
        e:c:n:w 61218.2857694
