########################################
# legofit: estimate population history #
#       version 2.3.4-4-g53f8760       #
########################################

# Program was compiled: Sep 21 2021 14:36:42
# Program was run: Wed Sep 22 09:59:29 2021

# cmd: legofit -1 -d 0 -t 32 --ptsPerDim 3 --stateOut b1boot13.state --tol 3e-6 -S 5000 def2.lgo ../../boot/boot13.opf
# Stage nOptItr nSimReps
#     0    5000        0
# algorithm          : deterministic
# ignoring probs <=  : 0
# Branch length floor: 0
# DE strategy        : 2
#    F               : 0.3
#    CR              : 0.8
#    tolerance       : 3e-06
# nthreads           : 32
# lgo input file     : def2.lgo
# site pat input file: ../../boot/boot13.opf
# free parameters    : 14
# points in DE swarm : 42
# output state file  : b1boot13.state
# Including singleton site patterns.
# cost function      : KL
Initial parameter values
Fixed:
      zero = 0
       one = 1
    Tbecnw = 75200
Free:
       pc1 = 0
       pc2 = 0
       pc3 = 0
       pc4 = 0
       pc5 = 0
       pc6 = 0
       pc7 = 0
       pc8 = 0
       pc9 = 0
      pc10 = 0
      pc11 = 0
      pc12 = 0
      pc13 = 0
      pc14 = 0
Constrained:
     Tecnw = 58726.8
       Tnw = 3055.73
       Tec = 10105.7
     twoNb = 1.54521e+06
     twoNe = 144240
     twoNc = 200909
     twoNw = 1.14344e+06
    twoNec = 87310.7
    twoNnw = 158257
  twoNecnw = 15653.4
  twoNbecnw = 86384.7
        m4 = 0.00780908
        m5 = 0.460446
        m6 = 0.35527
        Td = 5052.87
        Te = 2526.44
        Tf = 1263.22
DiffEv reached_goal. cost=2.30665e-03 spread=2.16267e-06
Fitted parameter values
Free:
       pc1 = 3.04944
       pc2 = -3.97929
       pc3 = -1.93632
       pc4 = -0.0454797
       pc5 = 2.67855
       pc6 = -0.643237
       pc7 = -1.93625
       pc8 = -0.077026
       pc9 = -0.247769
      pc10 = 0.0866431
      pc11 = -0.0422337
      pc12 = 0.0263991
      pc13 = -0.0115636
      pc14 = -0.00256579
Constrained:
     Tecnw = 59040.5
       Tnw = 318.311
       Tec = 1112.6
     twoNb = 2.21734e+06
     twoNe = 140509
     twoNc = 947056
     twoNw = 1.06372e+06
    twoNec = 117897
    twoNnw = 176580
  twoNecnw = 15045.6
  twoNbecnw = 87131.8
        m4 = 0.0167383
        m5 = 0.441353
        m6 = 0.348918
        Td = 556.302
        Te = 278.151
        Tf = 139.075
#       SitePat  BranchLen
              b 146976.0569553
              e 57134.6485946
              c 59914.2049509
              n 54126.8990176
              w 54122.3932549
            b:e 2614.0651310
            b:c 3114.9876107
            b:n 2245.5271119
            b:w 2245.2587154
            e:c 12262.3733342
            e:n 6416.1429784
            e:w 6416.4525431
            c:n 5672.2882765
            c:w 5675.6058296
            n:w 14554.7524661
          b:e:c 2511.5966960
          b:e:n 1310.9525959
          b:e:w 1310.8027134
          b:c:n 1312.0861526
          b:c:w 1312.2359923
          b:n:w 2509.7475699
          e:c:n 5392.5264048
          e:c:w 5393.4050499
          e:n:w 8192.7679592
          c:n:w 6852.9397616
        b:e:c:n 2246.5421119
        b:e:c:w 2246.8105511
        b:e:n:w 3074.4303156
        b:c:n:w 2615.9142570
        e:c:n:w 61123.4975011
