########################################
# legofit: estimate population history #
#       version 2.3.4-4-g53f8760       #
########################################

# Program was compiled: Sep 21 2021 14:36:42
# Program was run: Wed Sep 22 09:59:24 2021

# cmd: legofit -1 -d 0 -t 32 --ptsPerDim 3 --stateOut b1boot6.state --tol 3e-6 -S 5000 def2.lgo ../../boot/boot6.opf
# Stage nOptItr nSimReps
#     0    5000        0
# algorithm          : deterministic
# ignoring probs <=  : 0
# Branch length floor: 0
# DE strategy        : 2
#    F               : 0.3
#    CR              : 0.8
#    tolerance       : 3e-06
# nthreads           : 32
# lgo input file     : def2.lgo
# site pat input file: ../../boot/boot6.opf
# free parameters    : 14
# points in DE swarm : 42
# output state file  : b1boot6.state
# Including singleton site patterns.
# cost function      : KL
Initial parameter values
Fixed:
      zero = 0
       one = 1
    Tbecnw = 75200
Free:
       pc1 = 0
       pc2 = 0
       pc3 = 0
       pc4 = 0
       pc5 = 0
       pc6 = 0
       pc7 = 0
       pc8 = 0
       pc9 = 0
      pc10 = 0
      pc11 = 0
      pc12 = 0
      pc13 = 0
      pc14 = 0
Constrained:
     Tecnw = 58726.8
       Tnw = 3055.73
       Tec = 10105.7
     twoNb = 1.54521e+06
     twoNe = 144240
     twoNc = 200909
     twoNw = 1.14344e+06
    twoNec = 87310.7
    twoNnw = 158257
  twoNecnw = 15653.4
  twoNbecnw = 86384.7
        m4 = 0.00780908
        m5 = 0.460446
        m6 = 0.35527
        Td = 5052.87
        Te = 2526.44
        Tf = 1263.22
DiffEv reached_goal. cost=2.29894e-03 spread=2.19486e-06
Fitted parameter values
Free:
       pc1 = 2.27855
       pc2 = -3.9938
       pc3 = -1.9271
       pc4 = 0.315798
       pc5 = 1.14871
       pc6 = -0.742421
       pc7 = -1.92415
       pc8 = -0.000642747
       pc9 = -0.210559
      pc10 = 0.129683
      pc11 = 0.0288559
      pc12 = 0.0758651
      pc13 = 0.0475332
      pc14 = -0.0139723
Constrained:
     Tecnw = 59517.9
       Tnw = 603.985
       Tec = 2411.49
     twoNb = 2.17528e+06
     twoNe = 81003.5
     twoNc = 554154
     twoNw = 1.19138e+06
    twoNec = 110822
    twoNnw = 175567
  twoNecnw = 14607.5
  twoNbecnw = 87486.7
        m4 = 0.0173175
        m5 = 0.446694
        m6 = 0.356609
        Td = 1205.75
        Te = 602.873
        Tf = 301.437
#       SitePat  BranchLen
              b 147306.9631293
              e 57257.8835541
              c 59999.6891677
              n 54266.2307973
              w 54260.8171662
            b:e 2614.8972102
            b:c 3118.6751688
            b:n 2250.8490353
            b:w 2250.5249252
            e:c 12271.1552281
            e:n 6427.5225619
            e:w 6426.4777668
            c:n 5696.5415756
            c:w 5701.9255254
            n:w 14535.3733609
          b:e:c 2520.2060962
          b:e:n 1311.1332912
          b:e:w 1310.8121517
          b:c:n 1312.1398282
          b:c:w 1312.4609667
          b:n:w 2518.2926026
          e:c:n 5387.6482377
          e:c:w 5388.7227141
          e:n:w 8178.8304875
          c:n:w 6846.0935294
        b:e:c:n 2251.8526007
        b:e:c:w 2252.1767119
        b:e:n:w 3076.7794421
        b:c:n:w 2616.8107038
        e:c:n:w 61348.4758097
