########################################
# legofit: estimate population history #
#       version 2.3.4-4-g53f8760       #
########################################

# Program was compiled: Sep 21 2021 14:36:42
# Program was run: Wed Sep 22 09:59:55 2021

# cmd: legofit -1 -d 0 -t 32 --ptsPerDim 3 --stateOut b1boot42.state --tol 3e-6 -S 5000 def2.lgo ../../boot/boot42.opf
# Stage nOptItr nSimReps
#     0    5000        0
# algorithm          : deterministic
# ignoring probs <=  : 0
# Branch length floor: 0
# DE strategy        : 2
#    F               : 0.3
#    CR              : 0.8
#    tolerance       : 3e-06
# nthreads           : 32
# lgo input file     : def2.lgo
# site pat input file: ../../boot/boot42.opf
# free parameters    : 14
# points in DE swarm : 42
# output state file  : b1boot42.state
# Including singleton site patterns.
# cost function      : KL
Initial parameter values
Fixed:
      zero = 0
       one = 1
    Tbecnw = 75200
Free:
       pc1 = 0
       pc2 = 0
       pc3 = 0
       pc4 = 0
       pc5 = 0
       pc6 = 0
       pc7 = 0
       pc8 = 0
       pc9 = 0
      pc10 = 0
      pc11 = 0
      pc12 = 0
      pc13 = 0
      pc14 = 0
Constrained:
     Tecnw = 58726.8
       Tnw = 3055.73
       Tec = 10105.7
     twoNb = 1.54521e+06
     twoNe = 144240
     twoNc = 200909
     twoNw = 1.14344e+06
    twoNec = 87310.7
    twoNnw = 158257
  twoNecnw = 15653.4
  twoNbecnw = 86384.7
        m4 = 0.00780908
        m5 = 0.460446
        m6 = 0.35527
        Td = 5052.87
        Te = 2526.44
        Tf = 1263.22
DiffEv reached_goal. cost=2.32118e-03 spread=2.56543e-06
Fitted parameter values
Free:
       pc1 = 2.96175
       pc2 = -3.97823
       pc3 = -1.97085
       pc4 = 0.243671
       pc5 = 3.2099
       pc6 = -0.517754
       pc7 = -1.95175
       pc8 = -0.0442242
       pc9 = 0.234477
      pc10 = -0.0277209
      pc11 = -0.00233858
      pc12 = 0.0109659
      pc13 = 0.000147949
      pc14 = -0.0086282
Constrained:
     Tecnw = 59203.6
       Tnw = 194.338
       Tec = 773.826
     twoNb = 2.18198e+06
     twoNe = 137624
     twoNc = 1.13658e+06
     twoNw = 1.1207e+06
    twoNec = 117576
    twoNnw = 176188
  twoNecnw = 14876.9
  twoNbecnw = 86609
        m4 = 0.0163421
        m5 = 0.443021
        m6 = 0.352072
        Td = 386.913
        Te = 193.457
        Tf = 96.7283
#       SitePat  BranchLen
              b 146593.2901751
              e 57039.8147446
              c 59776.9555424
              n 54014.4220104
              w 54012.5753254
            b:e 2594.4356514
            b:c 3083.4676681
            b:n 2223.7834766
            b:w 2223.6742066
            e:c 12260.9170079
            e:n 6407.0630032
            e:w 6406.7234533
            c:n 5672.0120958
            c:w 5673.8339628
            n:w 14544.9919422
          b:e:c 2490.6512451
          b:e:n 1298.6265984
          b:e:w 1298.5197821
          b:c:n 1299.7773135
          b:c:w 1299.8841289
          b:n:w 2488.8364172
          e:c:n 5350.6531521
          e:c:w 5351.0175200
          e:n:w 8140.5835327
          c:n:w 6827.0466773
        b:e:c:n 2224.9317371
        b:e:c:w 2225.0410080
        b:e:n:w 3043.4611026
        b:c:n:w 2596.2504793
        e:c:n:w 60852.1914516
