########################################
# legofit: estimate population history #
#       version 2.3.4-4-g53f8760       #
########################################

# Program was compiled: Sep 21 2021 14:36:42
# Program was run: Wed Sep 22 09:59:55 2021

# cmd: legofit -1 -d 0 -t 32 --ptsPerDim 3 --stateOut b1boot44.state --tol 3e-6 -S 5000 def2.lgo ../../boot/boot44.opf
# Stage nOptItr nSimReps
#     0    5000        0
# algorithm          : deterministic
# ignoring probs <=  : 0
# Branch length floor: 0
# DE strategy        : 2
#    F               : 0.3
#    CR              : 0.8
#    tolerance       : 3e-06
# nthreads           : 32
# lgo input file     : def2.lgo
# site pat input file: ../../boot/boot44.opf
# free parameters    : 14
# points in DE swarm : 42
# output state file  : b1boot44.state
# Including singleton site patterns.
# cost function      : KL
Initial parameter values
Fixed:
      zero = 0
       one = 1
    Tbecnw = 75200
Free:
       pc1 = 0
       pc2 = 0
       pc3 = 0
       pc4 = 0
       pc5 = 0
       pc6 = 0
       pc7 = 0
       pc8 = 0
       pc9 = 0
      pc10 = 0
      pc11 = 0
      pc12 = 0
      pc13 = 0
      pc14 = 0
Constrained:
     Tecnw = 58726.8
       Tnw = 3055.73
       Tec = 10105.7
     twoNb = 1.54521e+06
     twoNe = 144240
     twoNc = 200909
     twoNw = 1.14344e+06
    twoNec = 87310.7
    twoNnw = 158257
  twoNecnw = 15653.4
  twoNbecnw = 86384.7
        m4 = 0.00780908
        m5 = 0.460446
        m6 = 0.35527
        Td = 5052.87
        Te = 2526.44
        Tf = 1263.22
DiffEv reached_goal. cost=2.32137e-03 spread=2.96130e-06
Fitted parameter values
Free:
       pc1 = 3.35229
       pc2 = -3.99046
       pc3 = -1.93636
       pc4 = -0.920719
       pc5 = 3.37113
       pc6 = -0.9841
       pc7 = -1.6737
       pc8 = -0.271172
       pc9 = 0.110184
      pc10 = 0.153806
      pc11 = -0.0298116
      pc12 = 0.0430437
      pc13 = -0.0568321
      pc14 = 0.0057115
Constrained:
     Tecnw = 58816.5
       Tnw = 59.0014
       Tec = 190.732
     twoNb = 2.13001e+06
     twoNe = 244857
     twoNc = 1.03074e+06
     twoNw = 866758
    twoNec = 121518
    twoNnw = 177673
  twoNecnw = 15254.1
  twoNbecnw = 86538.4
        m4 = 0.0164383
        m5 = 0.440561
        m6 = 0.347569
        Td = 95.3659
        Te = 47.6829
        Tf = 23.8415
#       SitePat  BranchLen
              b 146469.3446751
              e 56998.7184674
              c 59774.5672849
              n 54000.2273950
              w 53999.0394658
            b:e 2601.2943012
            b:c 3097.1444847
            b:n 2232.6365757
            b:w 2232.5663111
            e:c 12239.2626600
            e:n 6414.6442192
            e:w 6414.8251868
            c:n 5668.7504197
            c:w 5669.5275310
            n:w 14525.3596237
          b:e:c 2490.9037301
          b:e:n 1305.9397480
          b:e:w 1305.9101974
          b:c:n 1307.2255115
          b:c:w 1307.2550469
          b:n:w 2489.0116113
          e:c:n 5379.5223362
          e:c:w 5379.7521866
          e:n:w 8169.0690629
          c:n:w 6838.2210624
        b:e:c:n 2233.8816101
        b:e:c:w 2233.9518898
        b:e:n:w 3055.4765782
        b:c:n:w 2603.1864200
        e:c:n:w 60742.5765173
