########################################
# legofit: estimate population history #
#       version 2.3.4-4-g53f8760       #
########################################

# Program was compiled: Sep 21 2021 14:36:42
# Program was run: Wed Sep 22 09:59:24 2021

# cmd: legofit -1 -d 0 -t 32 --ptsPerDim 3 --stateOut b1boot5.state --tol 3e-6 -S 5000 def2.lgo ../../boot/boot5.opf
# Stage nOptItr nSimReps
#     0    5000        0
# algorithm          : deterministic
# ignoring probs <=  : 0
# Branch length floor: 0
# DE strategy        : 2
#    F               : 0.3
#    CR              : 0.8
#    tolerance       : 3e-06
# nthreads           : 32
# lgo input file     : def2.lgo
# site pat input file: ../../boot/boot5.opf
# free parameters    : 14
# points in DE swarm : 42
# output state file  : b1boot5.state
# Including singleton site patterns.
# cost function      : KL
Initial parameter values
Fixed:
      zero = 0
       one = 1
    Tbecnw = 75200
Free:
       pc1 = 0
       pc2 = 0
       pc3 = 0
       pc4 = 0
       pc5 = 0
       pc6 = 0
       pc7 = 0
       pc8 = 0
       pc9 = 0
      pc10 = 0
      pc11 = 0
      pc12 = 0
      pc13 = 0
      pc14 = 0
Constrained:
     Tecnw = 58726.8
       Tnw = 3055.73
       Tec = 10105.7
     twoNb = 1.54521e+06
     twoNe = 144240
     twoNc = 200909
     twoNw = 1.14344e+06
    twoNec = 87310.7
    twoNnw = 158257
  twoNecnw = 15653.4
  twoNbecnw = 86384.7
        m4 = 0.00780908
        m5 = 0.460446
        m6 = 0.35527
        Td = 5052.87
        Te = 2526.44
        Tf = 1263.22
DiffEv reached_goal. cost=2.31431e-03 spread=2.76563e-06
Fitted parameter values
Free:
       pc1 = 2.7437
       pc2 = -3.99392
       pc3 = -1.85753
       pc4 = -1.47163
       pc5 = 2.99742
       pc6 = -0.952716
       pc7 = -1.92878
       pc8 = -0.650164
       pc9 = -0.0867945
      pc10 = -0.0335857
      pc11 = -0.0828506
      pc12 = 0.13008
      pc13 = 0.0280943
      pc14 = -0.00557354
Constrained:
     Tecnw = 59256.6
       Tnw = 207.493
       Tec = 398.239
     twoNb = 2.25506e+06
     twoNe = 258647
     twoNc = 892347
     twoNw = 643019
    twoNec = 119515
    twoNnw = 175383
  twoNecnw = 14851.8
  twoNbecnw = 86995
        m4 = 0.0163936
        m5 = 0.441355
        m6 = 0.351711
        Td = 199.12
        Te = 99.5598
        Tf = 49.7799
#       SitePat  BranchLen
              b 146890.1565283
              e 57112.3708252
              c 59834.5837056
              n 54019.6117501
              w 54010.0080737
            b:e 2615.6377608
            b:c 3104.4892277
            b:n 2233.0019968
            b:w 2232.4346428
            e:c 12294.9174297
            e:n 6414.5150470
            e:w 6417.9642811
            c:n 5686.9076278
            c:w 5691.2275363
            n:w 14609.4630431
          b:e:c 2506.2385650
          b:e:n 1305.2900810
          b:e:w 1305.2468945
          b:c:n 1306.4774125
          b:c:w 1306.5204168
          b:n:w 2504.4579186
          e:c:n 5360.4690484
          e:c:w 5362.3035823
          e:n:w 8182.7961388
          c:n:w 6871.5736975
        b:e:c:n 2233.6649786
        b:e:c:w 2234.2325148
        b:e:n:w 3065.3770027
        b:c:n:w 2617.4184072
        e:c:n:w 61049.6201979
