########################################
# legofit: estimate population history #
#       version 2.3.4-4-g53f8760       #
########################################

# Program was compiled: Sep 21 2021 14:36:42
# Program was run: Wed Sep 22 09:59:29 2021

# cmd: legofit -1 -d 0 -t 32 --ptsPerDim 3 --stateOut b1boot11.state --tol 3e-6 -S 5000 def2.lgo ../../boot/boot11.opf
# Stage nOptItr nSimReps
#     0    5000        0
# algorithm          : deterministic
# ignoring probs <=  : 0
# Branch length floor: 0
# DE strategy        : 2
#    F               : 0.3
#    CR              : 0.8
#    tolerance       : 3e-06
# nthreads           : 32
# lgo input file     : def2.lgo
# site pat input file: ../../boot/boot11.opf
# free parameters    : 14
# points in DE swarm : 42
# output state file  : b1boot11.state
# Including singleton site patterns.
# cost function      : KL
Initial parameter values
Fixed:
      zero = 0
       one = 1
    Tbecnw = 75200
Free:
       pc1 = 0
       pc2 = 0
       pc3 = 0
       pc4 = 0
       pc5 = 0
       pc6 = 0
       pc7 = 0
       pc8 = 0
       pc9 = 0
      pc10 = 0
      pc11 = 0
      pc12 = 0
      pc13 = 0
      pc14 = 0
Constrained:
     Tecnw = 58726.8
       Tnw = 3055.73
       Tec = 10105.7
     twoNb = 1.54521e+06
     twoNe = 144240
     twoNc = 200909
     twoNw = 1.14344e+06
    twoNec = 87310.7
    twoNnw = 158257
  twoNecnw = 15653.4
  twoNbecnw = 86384.7
        m4 = 0.00780908
        m5 = 0.460446
        m6 = 0.35527
        Td = 5052.87
        Te = 2526.44
        Tf = 1263.22
DiffEv reached_goal. cost=2.32969e-03 spread=2.99420e-06
Fitted parameter values
Free:
       pc1 = 3.26502
       pc2 = -3.96782
       pc3 = -1.95482
       pc4 = -0.252437
       pc5 = 2.21058
       pc6 = -1.22542
       pc7 = -1.92159
       pc8 = -0.131805
       pc9 = -0.233881
      pc10 = 0.346661
      pc11 = -0.0826259
      pc12 = 0.117003
      pc13 = -0.00572999
      pc14 = 0.0235087
Constrained:
     Tecnw = 58714.2
       Tnw = 267.661
       Tec = 988.613
     twoNb = 2.0422e+06
     twoNe = 152061
     twoNc = 765280
     twoNw = 1.00833e+06
    twoNec = 117816
    twoNnw = 177939
  twoNecnw = 15398
  twoNbecnw = 87087.2
        m4 = 0.0181745
        m5 = 0.441423
        m6 = 0.349173
        Td = 494.306
        Te = 247.153
        Tf = 123.577
#       SitePat  BranchLen
              b 146839.9148730
              e 57072.9931916
              c 59869.8962714
              n 54135.9733022
              w 54132.4565869
            b:e 2622.2352431
            b:c 3143.8690291
            b:n 2260.7342766
            b:w 2260.5233975
            e:c 12271.5443871
            e:n 6436.9691069
            e:w 6436.9182972
            c:n 5694.5078972
            c:w 5697.3832133
            n:w 14517.6113959
          b:e:c 2516.2982285
          b:e:n 1320.3386886
          b:e:w 1320.1921053
          b:c:n 1321.7142127
          b:c:w 1321.8607687
          b:n:w 2514.1149731
          e:c:n 5434.1789108
          e:c:w 5434.8711197
          e:n:w 8236.1098959
          c:n:w 6868.2344003
        b:e:c:n 2262.0454776
        b:e:c:w 2262.2563841
        b:e:n:w 3096.1277627
        b:c:n:w 2624.4184985
        e:c:n:w 60963.5651200
