########################################
# legofit: estimate population history #
#       version 2.3.4-4-g53f8760       #
########################################

# Program was compiled: Sep 21 2021 14:36:42
# Program was run: Wed Sep 22 09:59:24 2021

# cmd: legofit -1 -d 0 -t 32 --ptsPerDim 3 --stateOut b1boot8.state --tol 3e-6 -S 5000 def2.lgo ../../boot/boot8.opf
# Stage nOptItr nSimReps
#     0    5000        0
# algorithm          : deterministic
# ignoring probs <=  : 0
# Branch length floor: 0
# DE strategy        : 2
#    F               : 0.3
#    CR              : 0.8
#    tolerance       : 3e-06
# nthreads           : 32
# lgo input file     : def2.lgo
# site pat input file: ../../boot/boot8.opf
# free parameters    : 14
# points in DE swarm : 42
# output state file  : b1boot8.state
# Including singleton site patterns.
# cost function      : KL
Initial parameter values
Fixed:
      zero = 0
       one = 1
    Tbecnw = 75200
Free:
       pc1 = 0
       pc2 = 0
       pc3 = 0
       pc4 = 0
       pc5 = 0
       pc6 = 0
       pc7 = 0
       pc8 = 0
       pc9 = 0
      pc10 = 0
      pc11 = 0
      pc12 = 0
      pc13 = 0
      pc14 = 0
Constrained:
     Tecnw = 58726.8
       Tnw = 3055.73
       Tec = 10105.7
     twoNb = 1.54521e+06
     twoNe = 144240
     twoNc = 200909
     twoNw = 1.14344e+06
    twoNec = 87310.7
    twoNnw = 158257
  twoNecnw = 15653.4
  twoNbecnw = 86384.7
        m4 = 0.00780908
        m5 = 0.460446
        m6 = 0.35527
        Td = 5052.87
        Te = 2526.44
        Tf = 1263.22
DiffEv reached_goal. cost=2.31058e-03 spread=2.98206e-06
Fitted parameter values
Free:
       pc1 = 2.88191
       pc2 = -3.91925
       pc3 = -1.8822
       pc4 = -0.222102
       pc5 = 0.711416
       pc6 = -0.518543
       pc7 = -1.98737
       pc8 = -0.227684
       pc9 = 0.0352212
      pc10 = 0.0801355
      pc11 = 0.0587274
      pc12 = -0.0227979
      pc13 = -0.0396328
      pc14 = 0.0244676
Constrained:
     Tecnw = 59319.1
       Tnw = 442.487
       Tec = 1750.98
     twoNb = 2.38124e+06
     twoNe = 84767.9
     twoNc = 372849
     twoNw = 1.09865e+06
    twoNec = 114740
    twoNnw = 175424
  twoNecnw = 14832.1
  twoNbecnw = 86769.2
        m4 = 0.0169648
        m5 = 0.444666
        m6 = 0.352625
        Td = 875.489
        Te = 437.745
        Tf = 218.872
#       SitePat  BranchLen
              b 146661.8987124
              e 57183.3368129
              c 59968.1081435
              n 54135.9451924
              w 54131.5610722
            b:e 2607.0260372
            b:c 3106.6389484
            b:n 2236.8392307
            b:w 2236.5781220
            e:c 12233.7642256
            e:n 6422.5046387
            e:w 6421.7740796
            c:n 5677.2773849
            c:w 5681.5249211
            n:w 14553.7151522
          b:e:c 2506.2972012
          b:e:n 1305.8791869
          b:e:w 1305.6316769
          b:c:n 1306.8276631
          b:c:w 1307.0751685
          b:n:w 2504.5714566
          e:c:n 5365.1841919
          e:c:w 5366.0513350
          e:n:w 8179.1756989
          c:n:w 6837.9887236
        b:e:c:n 2237.7741037
        b:e:c:w 2238.0352169
        b:e:n:w 3068.8646038
        b:c:n:w 2608.7517819
        e:c:n:w 60797.3901008
