########################################
# legofit: estimate population history #
#       version 2.3.4-4-g53f8760       #
########################################

# Program was compiled: Sep 21 2021 14:36:42
# Program was run: Wed Sep 22 09:59:43 2021

# cmd: legofit -1 -d 0 -t 32 --ptsPerDim 3 --stateOut b1boot31.state --tol 3e-6 -S 5000 def2.lgo ../../boot/boot31.opf
# Stage nOptItr nSimReps
#     0    5000        0
# algorithm          : deterministic
# ignoring probs <=  : 0
# Branch length floor: 0
# DE strategy        : 2
#    F               : 0.3
#    CR              : 0.8
#    tolerance       : 3e-06
# nthreads           : 32
# lgo input file     : def2.lgo
# site pat input file: ../../boot/boot31.opf
# free parameters    : 14
# points in DE swarm : 42
# output state file  : b1boot31.state
# Including singleton site patterns.
# cost function      : KL
Initial parameter values
Fixed:
      zero = 0
       one = 1
    Tbecnw = 75200
Free:
       pc1 = 0
       pc2 = 0
       pc3 = 0
       pc4 = 0
       pc5 = 0
       pc6 = 0
       pc7 = 0
       pc8 = 0
       pc9 = 0
      pc10 = 0
      pc11 = 0
      pc12 = 0
      pc13 = 0
      pc14 = 0
Constrained:
     Tecnw = 58726.8
       Tnw = 3055.73
       Tec = 10105.7
     twoNb = 1.54521e+06
     twoNe = 144240
     twoNc = 200909
     twoNw = 1.14344e+06
    twoNec = 87310.7
    twoNnw = 158257
  twoNecnw = 15653.4
  twoNbecnw = 86384.7
        m4 = 0.00780908
        m5 = 0.460446
        m6 = 0.35527
        Td = 5052.87
        Te = 2526.44
        Tf = 1263.22
DiffEv reached_goal. cost=2.30828e-03 spread=2.74007e-06
Fitted parameter values
Free:
       pc1 = 2.4835
       pc2 = -3.95889
       pc3 = -1.96492
       pc4 = -1.0095
       pc5 = 3.21818
       pc6 = -0.785806
       pc7 = -1.91313
       pc8 = -0.189121
       pc9 = -0.32591
      pc10 = 0.241424
      pc11 = -0.159149
      pc12 = 0.190895
      pc13 = 0.0262811
      pc14 = 0.0222347
Constrained:
     Tecnw = 59143.4
       Tnw = 345.894
       Tec = 1359.3
     twoNb = 2.27926e+06
     twoNe = 237090
     twoNc = 1.02259e+06
     twoNw = 779523
    twoNec = 116693
    twoNnw = 176493
  twoNecnw = 15054.7
  twoNbecnw = 87515.8
        m4 = 0.0162455
        m5 = 0.444784
        m6 = 0.351928
        Td = 679.648
        Te = 339.824
        Tf = 169.912
#       SitePat  BranchLen
              b 147202.5337032
              e 57230.6687958
              c 60012.8731151
              n 54197.0078508
              w 54192.0594587
            b:e 2643.3704473
            b:c 3139.9054877
            b:n 2269.9773322
            b:w 2269.6790501
            e:c 12280.6093858
            e:n 6469.0451374
            e:w 6468.3086002
            c:n 5721.2922374
            c:w 5725.9930687
            n:w 14589.2350328
          b:e:c 2534.0914743
          b:e:n 1327.0403289
          b:e:w 1326.7669614
          b:c:n 1327.9854289
          b:c:w 1328.2587879
          b:n:w 2532.3381018
          e:c:n 5432.2124015
          e:c:w 5433.1964995
          e:n:w 8239.7087948
          c:n:w 6905.2481602
        b:e:c:n 2270.8975092
        b:e:c:w 2271.1957997
        b:e:n:w 3101.7710400
        b:c:n:w 2645.1238198
        e:c:n:w 61162.0520967
