########################################
# legofit: estimate population history #
#       version 2.3.4-4-g53f8760       #
########################################

# Program was compiled: Sep 21 2021 14:36:42
# Program was run: Sat Sep 25 19:52:51 2021

# cmd: legofit -1 -d 0 -t 32 --ptsPerDim 3 --stateOut b1.state --tol 3e-6 -S 5000 abde2.lgo ../../pan.opf
# Stage nOptItr nSimReps
#     0    5000        0
# algorithm          : deterministic
# ignoring probs <=  : 0
# Branch length floor: 0
# DE strategy        : 2
#    F               : 0.3
#    CR              : 0.8
#    tolerance       : 3e-06
# nthreads           : 32
# lgo input file     : abde2.lgo
# site pat input file: ../../pan.opf
# free parameters    : 17
# points in DE swarm : 51
# output state file  : b1.state
# Including singleton site patterns.
# cost function      : KL
Initial parameter values
Fixed:
      zero = 0
       one = 1
    Tbecnw = 75200
Free:
       pc1 = 0
       pc2 = 0
       pc3 = 0
       pc4 = 0
       pc5 = 0
       pc6 = 0
       pc7 = 0
       pc8 = 0
       pc9 = 0
      pc10 = 0
      pc11 = 0
      pc12 = 0
      pc13 = 0
      pc14 = 0
      pc15 = 0
      pc16 = 0
      pc17 = 0
Constrained:
   Tgbecnw = 102832
     Tecnw = 24648.2
       Tnw = 14613.5
       Tec = 17164.5
     twoNb = 511344
     twoNe = 589825
     twoNc = 390500
     twoNw = 2.05235e+06
    twoNec = 53415.8
    twoNnw = 53005.6
  twoNecnw = 76706.8
  twoNbecnw = 10252
  twoNgbecnw = 348596
         m = 0.0951851
        m2 = 0.0238075
        m4 = 0.00187732
        m5 = 0.170862
        Tb = 20906.3
        Ta = 48053.2
        Td = 8582.27
        Te = 7306.76
DiffEv reached_goal. cost=1.77936e-03 spread=2.59829e-06
Fitted parameter values
Free:
       pc1 = 3.77996
       pc2 = 3.07234
       pc3 = 0.717414
       pc4 = 1.84133
       pc5 = -0.991164
       pc6 = 0.792391
       pc7 = -0.740153
       pc8 = 0.943102
       pc9 = -1.39183
      pc10 = -0.342755
      pc11 = 0.387539
      pc12 = -0.27152
      pc13 = -0.125862
      pc14 = 0.0452125
      pc15 = 0.0048916
      pc16 = -0.007707
      pc17 = -0.00547355
Constrained:
   Tgbecnw = 85506.9
     Tecnw = 23337.4
       Tnw = 15691.9
       Tec = 17913.7
     twoNb = 418410
     twoNe = 11052.9
     twoNc = 80511.7
     twoNw = 3.51174e+06
    twoNec = 38258.9
    twoNnw = 39564.5
  twoNecnw = 75924.5
  twoNbecnw = 3825.88
  twoNgbecnw = 397340
         m = 0.0810388
        m2 = 0.0235369
        m4 = 0.00200991
        m5 = 0.17132
        Tb = 20625.5
        Ta = 47912.8
        Td = 8956.84
        Te = 7845.94
#       SitePat  BranchLen
              b 123730.5120691
              e 48083.0668099
              c 50503.8552406
              n 45530.9939226
              w 45515.9927379
            b:e 2134.3516998
            b:c 2442.2276619
            b:n 1724.6302853
            b:w 1723.5624434
            e:c 10352.8064826
            e:n 5472.0593222
            e:w 5487.0605070
            c:n 4824.5158797
            c:w 4820.9167389
            n:w 12495.2918138
          b:e:c 2022.0982924
          b:e:n 1068.3100309
          b:e:w 1069.3778728
          b:c:n 1079.9355205
          b:c:w 1078.7584348
          b:n:w 1992.7764339
          e:c:n 4589.0363500
          e:c:w 4592.6354908
          e:n:w 6397.2153495
          c:n:w 5372.4267663
        b:e:c:n 1998.7321182
        b:e:c:w 1999.9092039
        b:e:n:w 3131.9305466
        b:c:n:w 2720.7358595
        e:c:n:w 51519.2585419
