########################################
# legofit: estimate population history #
#       version 2.3.4-4-g53f8760       #
########################################

# Program was compiled: Sep 21 2021 14:36:42
# Program was run: Sat Sep 25 19:58:12 2021

# cmd: legofit -1 -d 0 -t 32 --ptsPerDim 3 --stateOut b1boot17.state --tol 3e-6 -S 5000 abde2.lgo ../../boot/boot17.opf
# Stage nOptItr nSimReps
#     0    5000        0
# algorithm          : deterministic
# ignoring probs <=  : 0
# Branch length floor: 0
# DE strategy        : 2
#    F               : 0.3
#    CR              : 0.8
#    tolerance       : 3e-06
# nthreads           : 32
# lgo input file     : abde2.lgo
# site pat input file: ../../boot/boot17.opf
# free parameters    : 17
# points in DE swarm : 51
# output state file  : b1boot17.state
# Including singleton site patterns.
# cost function      : KL
Initial parameter values
Fixed:
      zero = 0
       one = 1
    Tbecnw = 75200
Free:
       pc1 = 0
       pc2 = 0
       pc3 = 0
       pc4 = 0
       pc5 = 0
       pc6 = 0
       pc7 = 0
       pc8 = 0
       pc9 = 0
      pc10 = 0
      pc11 = 0
      pc12 = 0
      pc13 = 0
      pc14 = 0
      pc15 = 0
      pc16 = 0
      pc17 = 0
Constrained:
   Tgbecnw = 102832
     Tecnw = 24648.2
       Tnw = 14613.5
       Tec = 17164.5
     twoNb = 511344
     twoNe = 589825
     twoNc = 390500
     twoNw = 2.05235e+06
    twoNec = 53415.8
    twoNnw = 53005.6
  twoNecnw = 76706.8
  twoNbecnw = 10252
  twoNgbecnw = 348596
         m = 0.0951851
        m2 = 0.0238075
        m4 = 0.00187732
        m5 = 0.170862
        Tb = 20906.3
        Ta = 48053.2
        Td = 8582.27
        Te = 7306.76
DiffEv reached_goal. cost=1.79346e-03 spread=2.94017e-06
Fitted parameter values
Free:
       pc1 = 3.91884
       pc2 = 2.46489
       pc3 = 1.559
       pc4 = 1.99451
       pc5 = -0.535857
       pc6 = 0.409959
       pc7 = -0.930419
       pc8 = 1.05397
       pc9 = -1.07494
      pc10 = -0.197294
      pc11 = 0.0628422
      pc12 = -0.374538
      pc13 = 0.0320019
      pc14 = -0.0143934
      pc15 = 0.0335161
      pc16 = -0.0283016
      pc17 = -0.0187243
Constrained:
   Tgbecnw = 84957.2
     Tecnw = 23325.7
       Tnw = 15963.8
       Tec = 16978.1
     twoNb = 433247
     twoNe = 47332.6
     twoNc = 203129
     twoNw = 3.18667e+06
    twoNec = 44970.7
    twoNnw = 37852.4
  twoNecnw = 75506.3
  twoNbecnw = 3665.84
  twoNgbecnw = 389199
         m = 0.0817315
        m2 = 0.0228937
        m4 = 0.00254028
        m5 = 0.169989
        Tb = 20151.9
        Ta = 47675.9
        Td = 8489.03
        Te = 7981.9
#       SitePat  BranchLen
              b 123400.9741434
              e 47951.4725870
              c 50373.7107124
              n 45451.7962505
              w 45435.2357970
            b:e 2134.2938141
            b:c 2449.0914576
            b:n 1728.5432672
            b:w 1727.3530388
            e:c 10397.9531477
            e:n 5462.0494218
            e:w 5478.6098753
            c:n 4820.2411219
            c:w 4816.2371168
            n:w 12487.9656955
          b:e:c 2029.0538344
          b:e:n 1070.3334066
          b:e:w 1071.5236350
          b:c:n 1082.2633153
          b:c:w 1080.9519777
          b:n:w 1999.0188106
          e:c:n 4595.3610003
          e:c:w 4599.3650054
          e:n:w 6418.6513979
          c:n:w 5385.8341355
        b:e:c:n 2001.4074850
        b:e:c:w 2002.7188227
        b:e:n:w 3130.7239857
        b:c:n:w 2709.3282467
        e:c:n:w 51274.0619697
