########################################
# legofit: estimate population history #
#       version 2.3.4-4-g53f8760       #
########################################

# Program was compiled: Sep 21 2021 14:36:42
# Program was run: Sat Sep 25 19:54:44 2021

# cmd: legofit -1 -d 0 -t 32 --ptsPerDim 3 --stateOut b1boot6.state --tol 3e-6 -S 5000 abde2.lgo ../../boot/boot6.opf
# Stage nOptItr nSimReps
#     0    5000        0
# algorithm          : deterministic
# ignoring probs <=  : 0
# Branch length floor: 0
# DE strategy        : 2
#    F               : 0.3
#    CR              : 0.8
#    tolerance       : 3e-06
# nthreads           : 32
# lgo input file     : abde2.lgo
# site pat input file: ../../boot/boot6.opf
# free parameters    : 17
# points in DE swarm : 51
# output state file  : b1boot6.state
# Including singleton site patterns.
# cost function      : KL
Initial parameter values
Fixed:
      zero = 0
       one = 1
    Tbecnw = 75200
Free:
       pc1 = 0
       pc2 = 0
       pc3 = 0
       pc4 = 0
       pc5 = 0
       pc6 = 0
       pc7 = 0
       pc8 = 0
       pc9 = 0
      pc10 = 0
      pc11 = 0
      pc12 = 0
      pc13 = 0
      pc14 = 0
      pc15 = 0
      pc16 = 0
      pc17 = 0
Constrained:
   Tgbecnw = 102832
     Tecnw = 24648.2
       Tnw = 14613.5
       Tec = 17164.5
     twoNb = 511344
     twoNe = 589825
     twoNc = 390500
     twoNw = 2.05235e+06
    twoNec = 53415.8
    twoNnw = 53005.6
  twoNecnw = 76706.8
  twoNbecnw = 10252
  twoNgbecnw = 348596
         m = 0.0951851
        m2 = 0.0238075
        m4 = 0.00187732
        m5 = 0.170862
        Tb = 20906.3
        Ta = 48053.2
        Td = 8582.27
        Te = 7306.76
DiffEv reached_goal. cost=1.75596e-03 spread=2.28418e-06
Fitted parameter values
Free:
       pc1 = 3.92255
       pc2 = 3.42512
       pc3 = -0.563244
       pc4 = 1.93788
       pc5 = -0.849256
       pc6 = 0.915037
       pc7 = -0.722673
       pc8 = 0.666349
       pc9 = -1.61763
      pc10 = 0.227369
      pc11 = 0.575897
      pc12 = -0.284527
      pc13 = 0.0355728
      pc14 = 0.0463544
      pc15 = -0.0111658
      pc16 = -0.0297008
      pc17 = 0.0244427
Constrained:
   Tgbecnw = 84879.3
     Tecnw = 23198.4
       Tnw = 15303.4
       Tec = 18956.5
     twoNb = 380948
     twoNe = 70770.3
     twoNc = 135187
     twoNw = 3.5058e+06
    twoNec = 29414.4
    twoNnw = 41493.1
  twoNecnw = 76543.9
  twoNbecnw = 3624.17
  twoNgbecnw = 387005
         m = 0.0840243
        m2 = 0.023664
        m4 = 0.00156994
        m5 = 0.174661
        Tb = 21077.5
        Ta = 48138.7
        Td = 9478.27
        Te = 7651.7
#       SitePat  BranchLen
              b 123717.5169908
              e 48027.5016423
              c 50456.6754151
              n 45545.8525952
              w 45530.7877713
            b:e 2127.6716339
            b:c 2432.7229133
            b:n 1721.8769159
            b:w 1720.8156559
            e:c 10327.2799940
            e:n 5491.6056460
            e:w 5506.6704700
            c:n 4834.1895406
            c:w 4830.5977196
            n:w 12465.5883257
          b:e:c 2011.1538299
          b:e:n 1065.0672518
          b:e:w 1066.1285118
          b:c:n 1076.6958222
          b:c:w 1075.5247873
          b:n:w 1981.5417587
          e:c:n 4598.1873749
          e:c:w 4601.7791959
          e:n:w 6362.7262626
          c:n:w 5340.9420238
        b:e:c:n 1998.5249313
        b:e:c:w 1999.6959662
        b:e:n:w 3101.1712335
        b:c:n:w 2701.1943928
        e:c:n:w 51512.1388048
