########################################
# legofit: estimate population history #
#       version 2.3.4-4-g53f8760       #
########################################

# Program was compiled: Sep 21 2021 14:36:42
# Program was run: Sat Sep 25 20:03:12 2021

# cmd: legofit -1 -d 0 -t 32 --ptsPerDim 3 --stateOut b1boot32.state --tol 3e-6 -S 5000 abde2.lgo ../../boot/boot32.opf
# Stage nOptItr nSimReps
#     0    5000        0
# algorithm          : deterministic
# ignoring probs <=  : 0
# Branch length floor: 0
# DE strategy        : 2
#    F               : 0.3
#    CR              : 0.8
#    tolerance       : 3e-06
# nthreads           : 32
# lgo input file     : abde2.lgo
# site pat input file: ../../boot/boot32.opf
# free parameters    : 17
# points in DE swarm : 51
# output state file  : b1boot32.state
# Including singleton site patterns.
# cost function      : KL
Initial parameter values
Fixed:
      zero = 0
       one = 1
    Tbecnw = 75200
Free:
       pc1 = 0
       pc2 = 0
       pc3 = 0
       pc4 = 0
       pc5 = 0
       pc6 = 0
       pc7 = 0
       pc8 = 0
       pc9 = 0
      pc10 = 0
      pc11 = 0
      pc12 = 0
      pc13 = 0
      pc14 = 0
      pc15 = 0
      pc16 = 0
      pc17 = 0
Constrained:
   Tgbecnw = 102832
     Tecnw = 24648.2
       Tnw = 14613.5
       Tec = 17164.5
     twoNb = 511344
     twoNe = 589825
     twoNc = 390500
     twoNw = 2.05235e+06
    twoNec = 53415.8
    twoNnw = 53005.6
  twoNecnw = 76706.8
  twoNbecnw = 10252
  twoNgbecnw = 348596
         m = 0.0951851
        m2 = 0.0238075
        m4 = 0.00187732
        m5 = 0.170862
        Tb = 20906.3
        Ta = 48053.2
        Td = 8582.27
        Te = 7306.76
DiffEv reached_goal. cost=1.81101e-03 spread=2.65189e-06
Fitted parameter values
Free:
       pc1 = 3.92083
       pc2 = 3.07654
       pc3 = 1.70971
       pc4 = 1.93258
       pc5 = 0.582108
       pc6 = 0.458843
       pc7 = -0.501399
       pc8 = 0.767818
       pc9 = -0.834744
      pc10 = 0.0977675
      pc11 = 0.165442
      pc12 = -0.773084
      pc13 = -0.14097
      pc14 = 0.0726921
      pc15 = 0.015684
      pc16 = -0.016581
      pc17 = 0.0372792
Constrained:
   Tgbecnw = 82253.9
     Tecnw = 23291.3
       Tnw = 15001.9
       Tec = 17315.1
     twoNb = 420781
     twoNe = 181482
     twoNc = 264358
     twoNw = 2.52976e+06
    twoNec = 42721.7
    twoNnw = 43133.9
  twoNecnw = 74961
  twoNbecnw = 2660.6
  twoNgbecnw = 388510
         m = 0.0830826
        m2 = 0.0231263
        m4 = 0.00314681
        m5 = 0.169031
        Tb = 20303.2
        Ta = 47751.6
        Td = 8657.54
        Te = 7500.94
#       SitePat  BranchLen
              b 123151.0229204
              e 47782.2593151
              c 50215.1915295
              n 45218.2469119
              w 45198.5264576
            b:e 2106.4764250
            b:c 2426.6534031
            b:n 1699.6447546
            b:w 1698.2662320
            e:c 10254.0438758
            e:n 5436.8831910
            e:w 5456.6036453
            c:n 4791.3172014
            c:w 4786.6429143
            n:w 12420.4061061
          b:e:c 1990.9170065
          b:e:n 1054.9298284
          b:e:w 1056.3083509
          b:c:n 1067.3453166
          b:c:w 1065.8241642
          b:n:w 1960.1560294
          e:c:n 4548.8801968
          e:c:w 4553.5544839
          e:n:w 6358.5741846
          c:n:w 5332.6473657
        b:e:c:n 1972.2333687
        b:e:c:w 1973.7545211
        b:e:n:w 3117.7410641
        b:c:n:w 2684.1540649
        e:c:n:w 51362.2681502
