########################################
# legofit: estimate population history #
#       version 2.3.4-4-g53f8760       #
########################################

# Program was compiled: Sep 21 2021 14:36:42
# Program was run: Sat Sep 25 20:00:54 2021

# cmd: legofit -1 -d 0 -t 32 --ptsPerDim 3 --stateOut b1boot26.state --tol 3e-6 -S 5000 abde2.lgo ../../boot/boot26.opf
# Stage nOptItr nSimReps
#     0    5000        0
# algorithm          : deterministic
# ignoring probs <=  : 0
# Branch length floor: 0
# DE strategy        : 2
#    F               : 0.3
#    CR              : 0.8
#    tolerance       : 3e-06
# nthreads           : 32
# lgo input file     : abde2.lgo
# site pat input file: ../../boot/boot26.opf
# free parameters    : 17
# points in DE swarm : 51
# output state file  : b1boot26.state
# Including singleton site patterns.
# cost function      : KL
Initial parameter values
Fixed:
      zero = 0
       one = 1
    Tbecnw = 75200
Free:
       pc1 = 0
       pc2 = 0
       pc3 = 0
       pc4 = 0
       pc5 = 0
       pc6 = 0
       pc7 = 0
       pc8 = 0
       pc9 = 0
      pc10 = 0
      pc11 = 0
      pc12 = 0
      pc13 = 0
      pc14 = 0
      pc15 = 0
      pc16 = 0
      pc17 = 0
Constrained:
   Tgbecnw = 102832
     Tecnw = 24648.2
       Tnw = 14613.5
       Tec = 17164.5
     twoNb = 511344
     twoNe = 589825
     twoNc = 390500
     twoNw = 2.05235e+06
    twoNec = 53415.8
    twoNnw = 53005.6
  twoNecnw = 76706.8
  twoNbecnw = 10252
  twoNgbecnw = 348596
         m = 0.0951851
        m2 = 0.0238075
        m4 = 0.00187732
        m5 = 0.170862
        Tb = 20906.3
        Ta = 48053.2
        Td = 8582.27
        Te = 7306.76
DiffEv reached_goal. cost=1.76229e-03 spread=2.69603e-06
Fitted parameter values
Free:
       pc1 = 3.97924
       pc2 = 3.31599
       pc3 = 1.62002
       pc4 = 1.99681
       pc5 = -0.193129
       pc6 = -1.0307
       pc7 = -0.621675
       pc8 = 0.665867
       pc9 = -0.374412
      pc10 = -0.316533
      pc11 = 0.660149
      pc12 = -0.0136102
      pc13 = -0.093982
      pc14 = 0.0279596
      pc15 = -0.00464554
      pc16 = -0.0350126
      pc17 = -0.0173105
Constrained:
   Tgbecnw = 83248.8
     Tecnw = 23219.4
       Tnw = 15418.3
       Tec = 17299.3
     twoNb = 459491
     twoNe = 88761.4
     twoNc = 882343
     twoNw = 2.55668e+06
    twoNec = 42159.9
    twoNnw = 41026.4
  twoNecnw = 75636
  twoNbecnw = 2993.03
  twoNgbecnw = 403129
         m = 0.0789426
        m2 = 0.0229804
        m4 = 0.00219457
        m5 = 0.166809
        Tb = 20259.4
        Ta = 47729.7
        Td = 8649.65
        Te = 7709.16
#       SitePat  BranchLen
              b 123032.8981492
              e 47889.0968029
              c 50229.2125828
              n 45415.6681496
              w 45395.9287770
            b:e 2116.2173645
            b:c 2411.5851524
            b:n 1726.2644788
            b:w 1724.8604004
            e:c 10336.3712642
            e:n 5450.1757080
            e:w 5469.9150806
            c:n 4826.3731600
            c:w 4821.6470075
            n:w 12401.7648086
          b:e:c 2013.4009141
          b:e:n 1069.4648753
          b:e:w 1070.8689537
          b:c:n 1081.2126238
          b:c:w 1079.6636185
          b:n:w 1985.7579014
          e:c:n 4584.1009330
          e:c:w 4588.8270854
          e:n:w 6324.4489973
          c:n:w 5342.0626773
        b:e:c:n 2003.0879125
        b:e:c:w 2004.6369178
        b:e:n:w 3111.7997732
        b:c:n:w 2710.2306985
        e:c:n:w 51109.5372884
