########################################
# legofit: estimate population history #
#       version 2.3.4-4-g53f8760       #
########################################

# Program was compiled: Sep 21 2021 14:36:42
# Program was run: Sat Sep 25 20:06:40 2021

# cmd: legofit -1 -d 0 -t 32 --ptsPerDim 3 --stateOut b1boot41.state --tol 3e-6 -S 5000 abde2.lgo ../../boot/boot41.opf
# Stage nOptItr nSimReps
#     0    5000        0
# algorithm          : deterministic
# ignoring probs <=  : 0
# Branch length floor: 0
# DE strategy        : 2
#    F               : 0.3
#    CR              : 0.8
#    tolerance       : 3e-06
# nthreads           : 32
# lgo input file     : abde2.lgo
# site pat input file: ../../boot/boot41.opf
# free parameters    : 17
# points in DE swarm : 51
# output state file  : b1boot41.state
# Including singleton site patterns.
# cost function      : KL
Initial parameter values
Fixed:
      zero = 0
       one = 1
    Tbecnw = 75200
Free:
       pc1 = 0
       pc2 = 0
       pc3 = 0
       pc4 = 0
       pc5 = 0
       pc6 = 0
       pc7 = 0
       pc8 = 0
       pc9 = 0
      pc10 = 0
      pc11 = 0
      pc12 = 0
      pc13 = 0
      pc14 = 0
      pc15 = 0
      pc16 = 0
      pc17 = 0
Constrained:
   Tgbecnw = 102832
     Tecnw = 24648.2
       Tnw = 14613.5
       Tec = 17164.5
     twoNb = 511344
     twoNe = 589825
     twoNc = 390500
     twoNw = 2.05235e+06
    twoNec = 53415.8
    twoNnw = 53005.6
  twoNecnw = 76706.8
  twoNbecnw = 10252
  twoNgbecnw = 348596
         m = 0.0951851
        m2 = 0.0238075
        m4 = 0.00187732
        m5 = 0.170862
        Tb = 20906.3
        Ta = 48053.2
        Td = 8582.27
        Te = 7306.76
DiffEv reached_goal. cost=1.76959e-03 spread=2.77198e-06
Fitted parameter values
Free:
       pc1 = 3.95283
       pc2 = 3.88769
       pc3 = 1.0764
       pc4 = 1.95174
       pc5 = -0.549805
       pc6 = 0.0504195
       pc7 = -0.643094
       pc8 = 0.91954
       pc9 = -0.801451
      pc10 = -0.0937054
      pc11 = 0.843492
      pc12 = -0.308329
      pc13 = -0.131604
      pc14 = 0.0615132
      pc15 = 0.00599191
      pc16 = 0.004734
      pc17 = -0.00772636
Constrained:
   Tgbecnw = 82813.1
     Tecnw = 23171.2
       Tnw = 15048
       Tec = 17925.3
     twoNb = 428362
     twoNe = 10246.5
     twoNc = 444499
     twoNw = 2.88004e+06
    twoNec = 36991.8
    twoNnw = 42373.8
  twoNecnw = 75701.7
  twoNbecnw = 2815.49
  twoNgbecnw = 409092
         m = 0.0773008
        m2 = 0.0233229
        m4 = 0.00206879
        m5 = 0.170438
        Tb = 20548.2
        Ta = 47874.1
        Td = 8962.63
        Te = 7524.01
#       SitePat  BranchLen
              b 122706.2212216
              e 47815.2592917
              c 50217.5686007
              n 45280.5933312
              w 45263.0507911
            b:e 2114.1566333
            b:c 2416.4352495
            b:n 1717.4660104
            b:w 1716.2289109
            e:c 10299.8415967
            e:n 5453.3911418
            e:w 5470.9336820
            c:n 4808.3847166
            c:w 4804.2151460
            n:w 12450.9322274
          b:e:c 2010.9924403
          b:e:n 1064.5186638
          b:e:w 1065.7557632
          b:c:n 1076.4070098
          b:c:w 1075.0409894
          b:n:w 1981.3916986
          e:c:n 4568.1305420
          e:c:w 4572.3001125
          e:n:w 6336.8249084
          c:n:w 5328.5860435
        b:e:c:n 1995.4946937
        b:e:c:w 1996.8607140
        b:e:n:w 3108.1370115
        b:c:n:w 2702.3393070
        e:c:n:w 50874.8492539
