########################################
# legofit: estimate population history #
#       version 2.3.4-4-g53f8760       #
########################################

# Program was compiled: Sep 21 2021 14:36:42
# Program was run: Sat Sep 25 20:00:33 2021

# cmd: legofit -1 -d 0 -t 32 --ptsPerDim 3 --stateOut b1boot24.state --tol 3e-6 -S 5000 abde2.lgo ../../boot/boot24.opf
# Stage nOptItr nSimReps
#     0    5000        0
# algorithm          : deterministic
# ignoring probs <=  : 0
# Branch length floor: 0
# DE strategy        : 2
#    F               : 0.3
#    CR              : 0.8
#    tolerance       : 3e-06
# nthreads           : 32
# lgo input file     : abde2.lgo
# site pat input file: ../../boot/boot24.opf
# free parameters    : 17
# points in DE swarm : 51
# output state file  : b1boot24.state
# Including singleton site patterns.
# cost function      : KL
Initial parameter values
Fixed:
      zero = 0
       one = 1
    Tbecnw = 75200
Free:
       pc1 = 0
       pc2 = 0
       pc3 = 0
       pc4 = 0
       pc5 = 0
       pc6 = 0
       pc7 = 0
       pc8 = 0
       pc9 = 0
      pc10 = 0
      pc11 = 0
      pc12 = 0
      pc13 = 0
      pc14 = 0
      pc15 = 0
      pc16 = 0
      pc17 = 0
Constrained:
   Tgbecnw = 102832
     Tecnw = 24648.2
       Tnw = 14613.5
       Tec = 17164.5
     twoNb = 511344
     twoNe = 589825
     twoNc = 390500
     twoNw = 2.05235e+06
    twoNec = 53415.8
    twoNnw = 53005.6
  twoNecnw = 76706.8
  twoNbecnw = 10252
  twoNgbecnw = 348596
         m = 0.0951851
        m2 = 0.0238075
        m4 = 0.00187732
        m5 = 0.170862
        Tb = 20906.3
        Ta = 48053.2
        Td = 8582.27
        Te = 7306.76
DiffEv reached_goal. cost=1.78643e-03 spread=2.88771e-06
Fitted parameter values
Free:
       pc1 = 3.95639
       pc2 = 3.99864
       pc3 = -0.0163097
       pc4 = 1.9714
       pc5 = 0.201725
       pc6 = 0.834374
       pc7 = -0.776337
       pc8 = 0.0870795
       pc9 = -1.58366
      pc10 = 0.549619
      pc11 = 0.405604
      pc12 = -0.323544
      pc13 = -0.114484
      pc14 = -0.0361023
      pc15 = -0.00787986
      pc16 = -0.059541
      pc17 = 0.0372261
Constrained:
   Tgbecnw = 82025.5
     Tecnw = 23268.5
       Tnw = 14549.3
       Tec = 18906.9
     twoNb = 339789
     twoNe = 33460.5
     twoNc = 296970
     twoNw = 3.11359e+06
    twoNec = 30242.1
    twoNnw = 46383.2
  twoNecnw = 75978.4
  twoNbecnw = 2590.86
  twoNgbecnw = 383543
         m = 0.0848949
        m2 = 0.023545
        m4 = 0.00216466
        m5 = 0.17192
        Tb = 21087.7
        Ta = 48143.8
        Td = 9453.44
        Te = 7274.63
#       SitePat  BranchLen
              b 123238.8603196
              e 47904.6795182
              c 50306.5664594
              n 45453.2906713
              w 45437.2393102
            b:e 2139.5954854
            b:c 2454.7618483
            b:n 1724.6144561
            b:w 1723.4943034
            e:c 10273.9339023
            e:n 5464.8191953
            e:w 5480.8705564
            c:n 4811.7114319
            c:w 4807.9426611
            n:w 12420.3379850
          b:e:c 2014.2397605
          b:e:n 1067.3358136
          b:e:w 1068.4559662
          b:c:n 1079.5935376
          b:c:w 1078.3546053
          b:n:w 1980.0221382
          e:c:n 4581.8481680
          e:c:w 4585.6169388
          e:n:w 6318.2995923
          c:n:w 5311.2695278
        b:e:c:n 2008.4118390
        b:e:c:w 2009.6507713
        b:e:n:w 3102.3472683
        b:c:n:w 2696.2032839
        e:c:n:w 51365.8367792
