########################################
# legofit: estimate population history #
#       version 2.3.4-4-g53f8760       #
########################################

# Program was compiled: Sep 21 2021 14:36:42
# Program was run: Sat Sep 25 20:04:06 2021

# cmd: legofit -1 -d 0 -t 32 --ptsPerDim 3 --stateOut b1boot33.state --tol 3e-6 -S 5000 abde2.lgo ../../boot/boot33.opf
# Stage nOptItr nSimReps
#     0    5000        0
# algorithm          : deterministic
# ignoring probs <=  : 0
# Branch length floor: 0
# DE strategy        : 2
#    F               : 0.3
#    CR              : 0.8
#    tolerance       : 3e-06
# nthreads           : 32
# lgo input file     : abde2.lgo
# site pat input file: ../../boot/boot33.opf
# free parameters    : 17
# points in DE swarm : 51
# output state file  : b1boot33.state
# Including singleton site patterns.
# cost function      : KL
Initial parameter values
Fixed:
      zero = 0
       one = 1
    Tbecnw = 75200
Free:
       pc1 = 0
       pc2 = 0
       pc3 = 0
       pc4 = 0
       pc5 = 0
       pc6 = 0
       pc7 = 0
       pc8 = 0
       pc9 = 0
      pc10 = 0
      pc11 = 0
      pc12 = 0
      pc13 = 0
      pc14 = 0
      pc15 = 0
      pc16 = 0
      pc17 = 0
Constrained:
   Tgbecnw = 102832
     Tecnw = 24648.2
       Tnw = 14613.5
       Tec = 17164.5
     twoNb = 511344
     twoNe = 589825
     twoNc = 390500
     twoNw = 2.05235e+06
    twoNec = 53415.8
    twoNnw = 53005.6
  twoNecnw = 76706.8
  twoNbecnw = 10252
  twoNgbecnw = 348596
         m = 0.0951851
        m2 = 0.0238075
        m4 = 0.00187732
        m5 = 0.170862
        Tb = 20906.3
        Ta = 48053.2
        Td = 8582.27
        Te = 7306.76
DiffEv reached_goal. cost=1.75277e-03 spread=2.43935e-06
Fitted parameter values
Free:
       pc1 = 3.94009
       pc2 = 3.59482
       pc3 = 0.980783
       pc4 = 1.95244
       pc5 = -0.0155771
       pc6 = -1.55694
       pc7 = -0.645305
       pc8 = 0.368433
       pc9 = -0.808205
      pc10 = 0.229499
      pc11 = 0.052284
      pc12 = -0.450442
      pc13 = -0.153787
      pc14 = 0.0463714
      pc15 = 0.00817177
      pc16 = -0.0330401
      pc17 = 0.000353814
Constrained:
   Tgbecnw = 83252.3
     Tecnw = 23340.1
       Tnw = 15466
       Tec = 18041.2
     twoNb = 426512
     twoNe = 5557.74
     twoNc = 1.20157e+06
     twoNw = 2.59294e+06
    twoNec = 37140.6
    twoNnw = 40892.6
  twoNecnw = 75121.8
  twoNbecnw = 3013.35
  twoNgbecnw = 393648
         m = 0.0821621
        m2 = 0.0231653
        m4 = 0.00253603
        m5 = 0.169872
        Tb = 20690.6
        Ta = 47945.3
        Td = 9020.6
        Te = 7732.98
#       SitePat  BranchLen
              b 123423.5934130
              e 47854.7846932
              c 50267.6543074
              n 45344.4783583
              w 45324.6606556
            b:e 2103.8572198
            b:c 2414.1892218
            b:n 1705.6670615
            b:w 1704.2706946
            e:c 10296.9915696
            e:n 5429.4943183
            e:w 5449.3120209
            c:n 4788.8102478
            c:w 4784.0779971
            n:w 12418.1334915
          b:e:c 1998.9462964
          b:e:n 1054.7269798
          b:e:w 1056.1233466
          b:c:n 1066.8022812
          b:c:w 1065.2624381
          b:n:w 1970.5213583
          e:c:n 4566.0931130
          e:c:w 4570.8253638
          e:n:w 6348.2903847
          c:n:w 5329.1686988
        b:e:c:n 1977.2214492
        b:e:c:w 1978.7612924
        b:e:n:w 3105.3966989
        b:c:n:w 2686.0204297
        e:c:n:w 51520.5355852
