########################################
# legofit: estimate population history #
#       version 2.3.4-4-g53f8760       #
########################################

# Program was compiled: Sep 21 2021 14:36:42
# Program was run: Sat Sep 25 19:53:05 2021

# cmd: legofit -1 -d 0 -t 32 --ptsPerDim 3 --stateOut b1boot3.state --tol 3e-6 -S 5000 abde2.lgo ../../boot/boot3.opf
# Stage nOptItr nSimReps
#     0    5000        0
# algorithm          : deterministic
# ignoring probs <=  : 0
# Branch length floor: 0
# DE strategy        : 2
#    F               : 0.3
#    CR              : 0.8
#    tolerance       : 3e-06
# nthreads           : 32
# lgo input file     : abde2.lgo
# site pat input file: ../../boot/boot3.opf
# free parameters    : 17
# points in DE swarm : 51
# output state file  : b1boot3.state
# Including singleton site patterns.
# cost function      : KL
Initial parameter values
Fixed:
      zero = 0
       one = 1
    Tbecnw = 75200
Free:
       pc1 = 0
       pc2 = 0
       pc3 = 0
       pc4 = 0
       pc5 = 0
       pc6 = 0
       pc7 = 0
       pc8 = 0
       pc9 = 0
      pc10 = 0
      pc11 = 0
      pc12 = 0
      pc13 = 0
      pc14 = 0
      pc15 = 0
      pc16 = 0
      pc17 = 0
Constrained:
   Tgbecnw = 102832
     Tecnw = 24648.2
       Tnw = 14613.5
       Tec = 17164.5
     twoNb = 511344
     twoNe = 589825
     twoNc = 390500
     twoNw = 2.05235e+06
    twoNec = 53415.8
    twoNnw = 53005.6
  twoNecnw = 76706.8
  twoNbecnw = 10252
  twoNgbecnw = 348596
         m = 0.0951851
        m2 = 0.0238075
        m4 = 0.00187732
        m5 = 0.170862
        Tb = 20906.3
        Ta = 48053.2
        Td = 8582.27
        Te = 7306.76
DiffEv reached_goal. cost=1.78918e-03 spread=2.46641e-06
Fitted parameter values
Free:
       pc1 = 3.55038
       pc2 = 3.64413
       pc3 = 1.15718
       pc4 = 1.93108
       pc5 = -0.0456011
       pc6 = -0.73214
       pc7 = -0.755051
       pc8 = 0.304831
       pc9 = -0.477722
      pc10 = 0.00545205
      pc11 = 0.315441
      pc12 = -0.0342599
      pc13 = -0.152075
      pc14 = 0.0204109
      pc15 = 0.00174483
      pc16 = -0.0290853
      pc17 = -0.0185408
Constrained:
   Tgbecnw = 83968.7
     Tecnw = 23405.4
       Tnw = 15039.1
       Tec = 17602.2
     twoNb = 410511
     twoNe = 65424.8
     twoNc = 881533
     twoNw = 2.5298e+06
    twoNec = 40970
    twoNnw = 43965
  twoNecnw = 75409.9
  twoNbecnw = 3278.15
  twoNgbecnw = 398444
         m = 0.080679
        m2 = 0.0232757
        m4 = 0.00213199
        m5 = 0.168423
        Tb = 20503.8
        Ta = 47851.9
        Td = 8801.1
        Te = 7519.54
#       SitePat  BranchLen
              b 123552.2579971
              e 48002.7776822
              c 50376.3985064
              n 45510.1844709
              w 45490.3420657
            b:e 2144.9686889
            b:c 2449.6675245
            b:n 1739.8714790
            b:w 1738.4634844
            e:c 10349.9606446
            e:n 5462.0809523
            e:w 5481.9233575
            c:n 4826.1452800
            c:w 4821.4329181
            n:w 12458.1318316
          b:e:c 2031.7939206
          b:e:n 1076.8274480
          b:e:w 1078.2354426
          b:c:n 1088.8413964
          b:c:w 1087.2882380
          b:n:w 2001.6772155
          e:c:n 4600.9538070
          e:c:w 4605.6661689
          e:n:w 6359.5984409
          c:n:w 5362.2129593
        b:e:c:n 2018.2584081
        b:e:c:w 2019.8115666
        b:e:n:w 3133.6478060
        b:c:n:w 2728.0729596
        e:c:n:w 51523.1793842
