########################################
# legofit: estimate population history #
#       version 2.3.4-4-g53f8760       #
########################################

# Program was compiled: Sep 21 2021 14:36:42
# Program was run: Sat Sep 25 19:54:59 2021

# cmd: legofit -1 -d 0 -t 32 --ptsPerDim 3 --stateOut b1boot8.state --tol 3e-6 -S 5000 abde2.lgo ../../boot/boot8.opf
# Stage nOptItr nSimReps
#     0    5000        0
# algorithm          : deterministic
# ignoring probs <=  : 0
# Branch length floor: 0
# DE strategy        : 2
#    F               : 0.3
#    CR              : 0.8
#    tolerance       : 3e-06
# nthreads           : 32
# lgo input file     : abde2.lgo
# site pat input file: ../../boot/boot8.opf
# free parameters    : 17
# points in DE swarm : 51
# output state file  : b1boot8.state
# Including singleton site patterns.
# cost function      : KL
Initial parameter values
Fixed:
      zero = 0
       one = 1
    Tbecnw = 75200
Free:
       pc1 = 0
       pc2 = 0
       pc3 = 0
       pc4 = 0
       pc5 = 0
       pc6 = 0
       pc7 = 0
       pc8 = 0
       pc9 = 0
      pc10 = 0
      pc11 = 0
      pc12 = 0
      pc13 = 0
      pc14 = 0
      pc15 = 0
      pc16 = 0
      pc17 = 0
Constrained:
   Tgbecnw = 102832
     Tecnw = 24648.2
       Tnw = 14613.5
       Tec = 17164.5
     twoNb = 511344
     twoNe = 589825
     twoNc = 390500
     twoNw = 2.05235e+06
    twoNec = 53415.8
    twoNnw = 53005.6
  twoNecnw = 76706.8
  twoNbecnw = 10252
  twoNgbecnw = 348596
         m = 0.0951851
        m2 = 0.0238075
        m4 = 0.00187732
        m5 = 0.170862
        Tb = 20906.3
        Ta = 48053.2
        Td = 8582.27
        Te = 7306.76
DiffEv reached_goal. cost=1.77183e-03 spread=2.97235e-06
Fitted parameter values
Free:
       pc1 = 3.97375
       pc2 = 2.78421
       pc3 = 1.48649
       pc4 = 1.8894
       pc5 = -0.361146
       pc6 = 0.795593
       pc7 = -0.824548
       pc8 = 0.324452
       pc9 = -1.18391
      pc10 = 0.559682
      pc11 = 0.348789
      pc12 = -0.346373
      pc13 = -0.139303
      pc14 = -0.0353019
      pc15 = 0.0242885
      pc16 = -0.00756946
      pc17 = 0.000291202
Constrained:
   Tgbecnw = 84553.6
     Tecnw = 23379.9
       Tnw = 15128.3
       Tec = 17535.4
     twoNb = 387770
     twoNe = 185079
     twoNc = 195234
     twoNw = 3.32614e+06
    twoNec = 41689.7
    twoNnw = 42785.1
  twoNecnw = 76237.9
  twoNbecnw = 3492.56
  twoNgbecnw = 391481
         m = 0.0824916
        m2 = 0.0225307
        m4 = 0.00275669
        m5 = 0.170043
        Tb = 20457.6
        Ta = 47828.8
        Td = 8767.68
        Te = 7564.13
#       SitePat  BranchLen
              b 123479.7064686
              e 48085.1711752
              c 50523.4559610
              n 45529.6578987
              w 45514.3401858
            b:e 2126.7095396
            b:c 2445.9884036
            b:n 1717.5657747
            b:w 1716.4905857
            e:c 10328.2501793
            e:n 5471.1478591
            e:w 5486.4655720
            c:n 4816.2228882
            c:w 4812.5998362
            n:w 12514.1937507
          b:e:c 2013.9045561
          b:e:n 1065.9927874
          b:e:w 1067.0679765
          b:c:n 1078.1159298
          b:c:w 1076.9290156
          b:n:w 1981.4339429
          e:c:n 4563.5017906
          e:c:w 4567.1248426
          e:n:w 6371.0967928
          c:n:w 5342.7195449
        b:e:c:n 1994.6882235
        b:e:c:w 1995.8751378
        b:e:n:w 3113.0392878
        b:c:n:w 2690.6593702
        e:c:n:w 51314.1314282
