########################################
# legofit: estimate population history #
#       version 2.3.4-4-g53f8760       #
########################################

# Program was compiled: Sep 21 2021 14:36:42
# Program was run: Sat Sep 25 19:56:50 2021

# cmd: legofit -1 -d 0 -t 32 --ptsPerDim 3 --stateOut b1boot14.state --tol 3e-6 -S 5000 abde2.lgo ../../boot/boot14.opf
# Stage nOptItr nSimReps
#     0    5000        0
# algorithm          : deterministic
# ignoring probs <=  : 0
# Branch length floor: 0
# DE strategy        : 2
#    F               : 0.3
#    CR              : 0.8
#    tolerance       : 3e-06
# nthreads           : 32
# lgo input file     : abde2.lgo
# site pat input file: ../../boot/boot14.opf
# free parameters    : 17
# points in DE swarm : 51
# output state file  : b1boot14.state
# Including singleton site patterns.
# cost function      : KL
Initial parameter values
Fixed:
      zero = 0
       one = 1
    Tbecnw = 75200
Free:
       pc1 = 0
       pc2 = 0
       pc3 = 0
       pc4 = 0
       pc5 = 0
       pc6 = 0
       pc7 = 0
       pc8 = 0
       pc9 = 0
      pc10 = 0
      pc11 = 0
      pc12 = 0
      pc13 = 0
      pc14 = 0
      pc15 = 0
      pc16 = 0
      pc17 = 0
Constrained:
   Tgbecnw = 102832
     Tecnw = 24648.2
       Tnw = 14613.5
       Tec = 17164.5
     twoNb = 511344
     twoNe = 589825
     twoNc = 390500
     twoNw = 2.05235e+06
    twoNec = 53415.8
    twoNnw = 53005.6
  twoNecnw = 76706.8
  twoNbecnw = 10252
  twoNgbecnw = 348596
         m = 0.0951851
        m2 = 0.0238075
        m4 = 0.00187732
        m5 = 0.170862
        Tb = 20906.3
        Ta = 48053.2
        Td = 8582.27
        Te = 7306.76
DiffEv reached_goal. cost=1.76570e-03 spread=2.48730e-06
Fitted parameter values
Free:
       pc1 = 3.86161
       pc2 = 2.81937
       pc3 = 0.705999
       pc4 = 1.97738
       pc5 = -0.456241
       pc6 = 0.578006
       pc7 = -0.497962
       pc8 = 1.06913
       pc9 = -1.26504
      pc10 = 0.131611
      pc11 = 0.311149
      pc12 = -0.0835746
      pc13 = 0.0475525
      pc14 = 0.0357925
      pc15 = 0.0229499
      pc16 = 0.00131967
      pc17 = 0.0295884
Constrained:
   Tgbecnw = 84502.9
     Tecnw = 23355.5
       Tnw = 15583.6
       Tec = 18022.1
     twoNb = 425353
     twoNe = 180370
     twoNc = 155333
     twoNw = 3.1659e+06
    twoNec = 38118.1
    twoNnw = 39965.3
  twoNecnw = 75403.6
  twoNbecnw = 3509.18
  twoNgbecnw = 386404
         m = 0.0830353
        m2 = 0.0230035
        m4 = 0.00203069
        m5 = 0.171386
        Tb = 20688.8
        Ta = 47944.4
        Td = 9011.05
        Te = 7791.81
#       SitePat  BranchLen
              b 123574.3426487
              e 48014.0567864
              c 50441.5236600
              n 45397.4083854
              w 45380.9019568
            b:e 2136.2163468
            b:c 2444.7639314
            b:n 1725.5081028
            b:w 1724.3301078
            e:c 10296.0578940
            e:n 5469.2453702
            e:w 5485.7517987
            c:n 4821.2505423
            c:w 4817.2873229
            n:w 12496.1406268
          b:e:c 2023.8892000
          b:e:n 1070.6433124
          b:e:w 1071.8213074
          b:c:n 1082.3586508
          b:c:w 1081.0607846
          b:n:w 1993.7097468
          e:c:n 4586.0574470
          e:c:w 4590.0206664
          e:n:w 6418.4928811
          c:n:w 5388.0148461
        b:e:c:n 1998.3255024
        b:e:c:w 1999.6233686
        b:e:n:w 3123.0785663
        b:c:n:w 2713.0465931
        e:c:n:w 51479.4378723
