########################################
# legofit: estimate population history #
#       version 2.3.4-4-g53f8760       #
########################################

# Program was compiled: Sep 21 2021 14:36:42
# Program was run: Sat Sep 25 20:09:50 2021

# cmd: legofit -1 -d 0 -t 32 --ptsPerDim 3 --stateOut b1boot49.state --tol 3e-6 -S 5000 abde2.lgo ../../boot/boot49.opf
# Stage nOptItr nSimReps
#     0    5000        0
# algorithm          : deterministic
# ignoring probs <=  : 0
# Branch length floor: 0
# DE strategy        : 2
#    F               : 0.3
#    CR              : 0.8
#    tolerance       : 3e-06
# nthreads           : 32
# lgo input file     : abde2.lgo
# site pat input file: ../../boot/boot49.opf
# free parameters    : 17
# points in DE swarm : 51
# output state file  : b1boot49.state
# Including singleton site patterns.
# cost function      : KL
Initial parameter values
Fixed:
      zero = 0
       one = 1
    Tbecnw = 75200
Free:
       pc1 = 0
       pc2 = 0
       pc3 = 0
       pc4 = 0
       pc5 = 0
       pc6 = 0
       pc7 = 0
       pc8 = 0
       pc9 = 0
      pc10 = 0
      pc11 = 0
      pc12 = 0
      pc13 = 0
      pc14 = 0
      pc15 = 0
      pc16 = 0
      pc17 = 0
Constrained:
   Tgbecnw = 102832
     Tecnw = 24648.2
       Tnw = 14613.5
       Tec = 17164.5
     twoNb = 511344
     twoNe = 589825
     twoNc = 390500
     twoNw = 2.05235e+06
    twoNec = 53415.8
    twoNnw = 53005.6
  twoNecnw = 76706.8
  twoNbecnw = 10252
  twoNgbecnw = 348596
         m = 0.0951851
        m2 = 0.0238075
        m4 = 0.00187732
        m5 = 0.170862
        Tb = 20906.3
        Ta = 48053.2
        Td = 8582.27
        Te = 7306.76
DiffEv reached_goal. cost=1.80985e-03 spread=2.90047e-06
Fitted parameter values
Free:
       pc1 = 3.95337
       pc2 = 3.37282
       pc3 = 1.70609
       pc4 = 1.86973
       pc5 = 0.151008
       pc6 = 0.623763
       pc7 = -0.874724
       pc8 = 0.7844
       pc9 = -0.849631
      pc10 = 0.171913
      pc11 = 0.257568
      pc12 = -0.188495
      pc13 = -0.0833699
      pc14 = 0.0240977
      pc15 = -0.00617361
      pc16 = -0.0187925
      pc17 = 0.0143825
Constrained:
   Tgbecnw = 82675.2
     Tecnw = 23317.4
       Tnw = 15097.2
       Tec = 17379.1
     twoNb = 394286
     twoNe = 40752
     twoNc = 212016
     twoNw = 2.67659e+06
    twoNec = 42710.5
    twoNnw = 43078.1
  twoNecnw = 75129.5
  twoNbecnw = 2804.61
  twoNgbecnw = 396043
         m = 0.080524
        m2 = 0.022817
        m4 = 0.00261951
        m5 = 0.168481
        Tb = 20348.2
        Ta = 47774.1
        Td = 8689.55
        Te = 7548.62
#       SitePat  BranchLen
              b 122984.7035897
              e 47860.0913582
              c 50243.0681612
              n 45333.6396826
              w 45314.9141651
            b:e 2129.0637411
            b:c 2441.4964712
            b:n 1719.4226050
            b:w 1718.1000240
            e:c 10262.2948171
            e:n 5452.1428463
            e:w 5470.8683638
            c:n 4814.9571562
            c:w 4810.5044039
            n:w 12404.0392892
          b:e:c 2009.1601492
          b:e:n 1067.9588496
          b:e:w 1069.2814306
          b:c:n 1080.1855376
          b:c:w 1078.7257101
          b:n:w 1976.2962457
          e:c:n 4569.3593799
          e:c:w 4573.8121323
          e:n:w 6354.2860710
          c:n:w 5348.3648170
        b:e:c:n 1996.4472037
        b:e:c:w 1997.9070313
        b:e:n:w 3109.1834424
        b:c:n:w 2695.5738074
        e:c:n:w 51151.6491648
