########################################
# legofit: estimate population history #
#       version 2.3.4-4-g53f8760       #
########################################

# Program was compiled: Sep 21 2021 14:36:42
# Program was run: Sat Sep 25 20:09:03 2021

# cmd: legofit -1 -d 0 -t 32 --ptsPerDim 3 --stateOut b1boot46.state --tol 3e-6 -S 5000 abde2.lgo ../../boot/boot46.opf
# Stage nOptItr nSimReps
#     0    5000        0
# algorithm          : deterministic
# ignoring probs <=  : 0
# Branch length floor: 0
# DE strategy        : 2
#    F               : 0.3
#    CR              : 0.8
#    tolerance       : 3e-06
# nthreads           : 32
# lgo input file     : abde2.lgo
# site pat input file: ../../boot/boot46.opf
# free parameters    : 17
# points in DE swarm : 51
# output state file  : b1boot46.state
# Including singleton site patterns.
# cost function      : KL
Initial parameter values
Fixed:
      zero = 0
       one = 1
    Tbecnw = 75200
Free:
       pc1 = 0
       pc2 = 0
       pc3 = 0
       pc4 = 0
       pc5 = 0
       pc6 = 0
       pc7 = 0
       pc8 = 0
       pc9 = 0
      pc10 = 0
      pc11 = 0
      pc12 = 0
      pc13 = 0
      pc14 = 0
      pc15 = 0
      pc16 = 0
      pc17 = 0
Constrained:
   Tgbecnw = 102832
     Tecnw = 24648.2
       Tnw = 14613.5
       Tec = 17164.5
     twoNb = 511344
     twoNe = 589825
     twoNc = 390500
     twoNw = 2.05235e+06
    twoNec = 53415.8
    twoNnw = 53005.6
  twoNecnw = 76706.8
  twoNbecnw = 10252
  twoNgbecnw = 348596
         m = 0.0951851
        m2 = 0.0238075
        m4 = 0.00187732
        m5 = 0.170862
        Tb = 20906.3
        Ta = 48053.2
        Td = 8582.27
        Te = 7306.76
DiffEv reached_goal. cost=1.71912e-03 spread=2.68545e-06
Fitted parameter values
Free:
       pc1 = 3.85032
       pc2 = 2.68278
       pc3 = 1.26847
       pc4 = 1.97193
       pc5 = -0.278476
       pc6 = -0.402199
       pc7 = -0.0974503
       pc8 = 0.482926
       pc9 = -1.40782
      pc10 = -0.204181
      pc11 = 0.577156
      pc12 = -0.539328
      pc13 = 0.0321437
      pc14 = 0.0645927
      pc15 = 0.0167737
      pc16 = 0.00692058
      pc17 = 0.0440992
Constrained:
   Tgbecnw = 84643.2
     Tecnw = 23255
       Tnw = 15293.1
       Tec = 17877.7
     twoNb = 471871
     twoNe = 216442
     twoNc = 584407
     twoNw = 3.41715e+06
    twoNec = 38649.9
    twoNnw = 41217.3
  twoNecnw = 75502.1
  twoNbecnw = 3558.56
  twoNgbecnw = 386370
         m = 0.0831115
        m2 = 0.0231974
        m4 = 0.00266962
        m5 = 0.168546
        Tb = 20566.3
        Ta = 47883.2
        Td = 8938.85
        Te = 7646.56
#       SitePat  BranchLen
              b 123611.8543912
              e 48009.6144815
              c 50430.3082906
              n 45357.6056170
              w 45342.7753211
            b:e 2127.5260035
            b:c 2437.2261369
            b:n 1724.4639687
            b:w 1723.4111579
            e:c 10301.1875309
            e:n 5476.2900829
            e:w 5491.1203788
            c:n 4832.9290457
            c:w 4829.3785337
            n:w 12510.1135243
          b:e:c 2017.9590697
          b:e:n 1070.1125321
          b:e:w 1071.1653429
          b:c:n 1081.6886547
          b:c:w 1080.5290943
          b:n:w 1990.2182125
          e:c:n 4591.5348781
          e:c:w 4595.0853900
          e:n:w 6413.1089139
          c:n:w 5391.5917469
        b:e:c:n 1996.2434829
        b:e:c:w 1997.4030433
        b:e:n:w 3147.1644085
        b:c:n:w 2722.4505992
        e:c:n:w 51493.9007156
