########################################
# legofit: estimate population history #
#       version 2.3.4-4-g53f8760       #
########################################

# Program was compiled: Sep 21 2021 14:36:42
# Program was run: Sat Sep 25 20:08:01 2021

# cmd: legofit -1 -d 0 -t 32 --ptsPerDim 3 --stateOut b1boot44.state --tol 3e-6 -S 5000 abde2.lgo ../../boot/boot44.opf
# Stage nOptItr nSimReps
#     0    5000        0
# algorithm          : deterministic
# ignoring probs <=  : 0
# Branch length floor: 0
# DE strategy        : 2
#    F               : 0.3
#    CR              : 0.8
#    tolerance       : 3e-06
# nthreads           : 32
# lgo input file     : abde2.lgo
# site pat input file: ../../boot/boot44.opf
# free parameters    : 17
# points in DE swarm : 51
# output state file  : b1boot44.state
# Including singleton site patterns.
# cost function      : KL
Initial parameter values
Fixed:
      zero = 0
       one = 1
    Tbecnw = 75200
Free:
       pc1 = 0
       pc2 = 0
       pc3 = 0
       pc4 = 0
       pc5 = 0
       pc6 = 0
       pc7 = 0
       pc8 = 0
       pc9 = 0
      pc10 = 0
      pc11 = 0
      pc12 = 0
      pc13 = 0
      pc14 = 0
      pc15 = 0
      pc16 = 0
      pc17 = 0
Constrained:
   Tgbecnw = 102832
     Tecnw = 24648.2
       Tnw = 14613.5
       Tec = 17164.5
     twoNb = 511344
     twoNe = 589825
     twoNc = 390500
     twoNw = 2.05235e+06
    twoNec = 53415.8
    twoNnw = 53005.6
  twoNecnw = 76706.8
  twoNbecnw = 10252
  twoNgbecnw = 348596
         m = 0.0951851
        m2 = 0.0238075
        m4 = 0.00187732
        m5 = 0.170862
        Tb = 20906.3
        Ta = 48053.2
        Td = 8582.27
        Te = 7306.76
DiffEv reached_goal. cost=1.77300e-03 spread=2.33173e-06
Fitted parameter values
Free:
       pc1 = 3.98838
       pc2 = 3.01497
       pc3 = -0.889347
       pc4 = 1.9972
       pc5 = -0.876413
       pc6 = 0.0366685
       pc7 = -0.65941
       pc8 = 0.957972
       pc9 = -0.972645
      pc10 = -0.285296
      pc11 = 0.357866
      pc12 = -0.824036
      pc13 = -0.00211361
      pc14 = -0.0385016
      pc15 = -0.00432117
      pc16 = -0.00673316
      pc17 = 0.0381859
Constrained:
   Tgbecnw = 85465.4
     Tecnw = 23104.3
       Tnw = 16005.8
       Tec = 18596.5
     twoNb = 427016
     twoNe = 148110
     twoNc = 451211
     twoNw = 2.99279e+06
    twoNec = 31443.2
    twoNnw = 36929.5
  twoNecnw = 77007.5
  twoNbecnw = 3859.89
  twoNgbecnw = 383375
         m = 0.0844063
        m2 = 0.0242534
        m4 = 0.00165153
        m5 = 0.17612
        Tb = 20850.4
        Ta = 48025.2
        Td = 9298.24
        Te = 8002.88
#       SitePat  BranchLen
              b 123754.7737080
              e 48110.3447376
              c 50580.1952192
              n 45592.9295214
              w 45574.5395569
            b:e 2140.7561788
            b:c 2451.0059881
            b:n 1732.9947925
            b:w 1731.6746626
            e:c 10363.8235866
            e:n 5510.1341723
            e:w 5528.5241369
            c:n 4850.8112177
            c:w 4846.3640580
            n:w 12492.6520429
          b:e:c 2028.2024538
          b:e:n 1073.8503947
          b:e:w 1075.1705246
          b:c:n 1085.8747698
          b:c:w 1084.4185504
          b:n:w 2000.2436141
          e:c:n 4604.6889544
          e:c:w 4609.1361141
          e:n:w 6419.3256316
          c:n:w 5373.7653829
        b:e:c:n 2010.3224441
        b:e:c:w 2011.7786635
        b:e:n:w 3152.7946397
        b:c:n:w 2738.4651912
        e:c:n:w 51433.4741031
