########################################
# legofit: estimate population history #
#       version 2.3.4-4-g53f8760       #
########################################

# Program was compiled: Sep 21 2021 14:36:42
# Program was run: Sat Sep 25 19:53:10 2021

# cmd: legofit -1 -d 0 -t 32 --ptsPerDim 3 --stateOut b1boot4.state --tol 3e-6 -S 5000 abde2.lgo ../../boot/boot4.opf
# Stage nOptItr nSimReps
#     0    5000        0
# algorithm          : deterministic
# ignoring probs <=  : 0
# Branch length floor: 0
# DE strategy        : 2
#    F               : 0.3
#    CR              : 0.8
#    tolerance       : 3e-06
# nthreads           : 32
# lgo input file     : abde2.lgo
# site pat input file: ../../boot/boot4.opf
# free parameters    : 17
# points in DE swarm : 51
# output state file  : b1boot4.state
# Including singleton site patterns.
# cost function      : KL
Initial parameter values
Fixed:
      zero = 0
       one = 1
    Tbecnw = 75200
Free:
       pc1 = 0
       pc2 = 0
       pc3 = 0
       pc4 = 0
       pc5 = 0
       pc6 = 0
       pc7 = 0
       pc8 = 0
       pc9 = 0
      pc10 = 0
      pc11 = 0
      pc12 = 0
      pc13 = 0
      pc14 = 0
      pc15 = 0
      pc16 = 0
      pc17 = 0
Constrained:
   Tgbecnw = 102832
     Tecnw = 24648.2
       Tnw = 14613.5
       Tec = 17164.5
     twoNb = 511344
     twoNe = 589825
     twoNc = 390500
     twoNw = 2.05235e+06
    twoNec = 53415.8
    twoNnw = 53005.6
  twoNecnw = 76706.8
  twoNbecnw = 10252
  twoNgbecnw = 348596
         m = 0.0951851
        m2 = 0.0238075
        m4 = 0.00187732
        m5 = 0.170862
        Tb = 20906.3
        Ta = 48053.2
        Td = 8582.27
        Te = 7306.76
DiffEv reached_goal. cost=1.78961e-03 spread=2.92879e-06
Fitted parameter values
Free:
       pc1 = 3.96379
       pc2 = 2.86871
       pc3 = 0.956147
       pc4 = 1.90229
       pc5 = -0.00144193
       pc6 = -1.12357
       pc7 = 0.0230574
       pc8 = 0.921203
       pc9 = -0.287198
      pc10 = 0.43494
      pc11 = -0.0270923
      pc12 = -0.514997
      pc13 = -0.136255
      pc14 = 0.015206
      pc15 = -0.0488142
      pc16 = -0.0360716
      pc17 = 0.0266027
Constrained:
   Tgbecnw = 84125
     Tecnw = 23412.6
       Tnw = 15845.5
       Tec = 17969.1
     twoNb = 460826
     twoNe = 446517
     twoNc = 923353
     twoNw = 2.21384e+06
    twoNec = 38889.2
    twoNnw = 39707.9
  twoNecnw = 75025.8
  twoNbecnw = 3352.19
  twoNgbecnw = 389794
         m = 0.0823433
        m2 = 0.0229231
        m4 = 0.00260922
        m5 = 0.171285
        Tb = 20690.9
        Ta = 47945.4
        Td = 8984.57
        Te = 7922.77
#       SitePat  BranchLen
              b 123469.1033297
              e 47983.4693441
              c 50398.0577039
              n 45496.4022868
              w 45472.4941655
            b:e 2109.5850604
            b:c 2419.3430229
            b:n 1719.4737592
            b:w 1717.7693825
            e:c 10250.8976894
            e:n 5458.1225423
            e:w 5482.0306636
            c:n 4821.6454431
            c:w 4815.8899171
            n:w 12342.6384378
          b:e:c 2000.9781748
          b:e:n 1065.9668182
          b:e:w 1067.6711948
          b:c:n 1078.2902162
          b:c:w 1076.4128448
          b:n:w 1973.8478054
          e:c:n 4584.5357669
          e:c:w 4590.2912929
          e:n:w 6367.8018677
          c:n:w 5348.3506703
        b:e:c:n 1989.8734505
        b:e:c:w 1991.7508219
        b:e:n:w 3119.3681153
        b:c:n:w 2696.0257472
        e:c:n:w 51433.1170922
