########################################
# legofit: estimate population history #
#       version 2.3.4-4-g53f8760       #
########################################

# Program was compiled: Sep 21 2021 14:36:42
# Program was run: Sat Sep 25 20:02:05 2021

# cmd: legofit -1 -d 0 -t 32 --ptsPerDim 3 --stateOut b1boot28.state --tol 3e-6 -S 5000 abde2.lgo ../../boot/boot28.opf
# Stage nOptItr nSimReps
#     0    5000        0
# algorithm          : deterministic
# ignoring probs <=  : 0
# Branch length floor: 0
# DE strategy        : 2
#    F               : 0.3
#    CR              : 0.8
#    tolerance       : 3e-06
# nthreads           : 32
# lgo input file     : abde2.lgo
# site pat input file: ../../boot/boot28.opf
# free parameters    : 17
# points in DE swarm : 51
# output state file  : b1boot28.state
# Including singleton site patterns.
# cost function      : KL
Initial parameter values
Fixed:
      zero = 0
       one = 1
    Tbecnw = 75200
Free:
       pc1 = 0
       pc2 = 0
       pc3 = 0
       pc4 = 0
       pc5 = 0
       pc6 = 0
       pc7 = 0
       pc8 = 0
       pc9 = 0
      pc10 = 0
      pc11 = 0
      pc12 = 0
      pc13 = 0
      pc14 = 0
      pc15 = 0
      pc16 = 0
      pc17 = 0
Constrained:
   Tgbecnw = 102832
     Tecnw = 24648.2
       Tnw = 14613.5
       Tec = 17164.5
     twoNb = 511344
     twoNe = 589825
     twoNc = 390500
     twoNw = 2.05235e+06
    twoNec = 53415.8
    twoNnw = 53005.6
  twoNecnw = 76706.8
  twoNbecnw = 10252
  twoNgbecnw = 348596
         m = 0.0951851
        m2 = 0.0238075
        m4 = 0.00187732
        m5 = 0.170862
        Tb = 20906.3
        Ta = 48053.2
        Td = 8582.27
        Te = 7306.76
DiffEv reached_goal. cost=1.77950e-03 spread=2.40916e-06
Fitted parameter values
Free:
       pc1 = 3.68839
       pc2 = 3.3682
       pc3 = 0.6283
       pc4 = 1.99818
       pc5 = 0.306904
       pc6 = 0.491922
       pc7 = -0.58756
       pc8 = 0.594744
       pc9 = -0.633463
      pc10 = 0.161979
      pc11 = 0.053879
      pc12 = -0.682242
      pc13 = 0.0540834
      pc14 = -0.0232849
      pc15 = 0.00920472
      pc16 = -0.0171159
      pc17 = 0.0388043
Constrained:
   Tgbecnw = 83468.6
     Tecnw = 23266
       Tnw = 14989.2
       Tec = 17757.4
     twoNb = 388609
     twoNe = 236816
     twoNc = 356461
     twoNw = 2.45099e+06
    twoNec = 39029
    twoNnw = 43467.1
  twoNecnw = 75365.8
  twoNbecnw = 3130.05
  twoNgbecnw = 383151
         m = 0.0829874
        m2 = 0.0236469
        m4 = 0.00248501
        m5 = 0.171858
        Tb = 20511.7
        Ta = 47855.9
        Td = 8878.7
        Te = 7494.61
#       SitePat  BranchLen
              b 122941.1182805
              e 47863.7855168
              c 50296.2163852
              n 45352.5588105
              w 45331.7885225
            b:e 2131.0065596
            b:c 2448.5178781
            b:n 1717.5373168
            b:w 1716.0771904
            e:c 10282.4841308
            e:n 5472.3124770
            e:w 5493.0827649
            c:n 4821.6893083
            c:w 4816.7547217
            n:w 12430.9277317
          b:e:c 2006.1334035
          b:e:n 1065.2314136
          b:e:w 1066.6915399
          b:c:n 1077.6803869
          b:c:w 1076.0694080
          b:n:w 1973.8162833
          e:c:n 4582.8483438
          e:c:w 4587.7829304
          e:n:w 6380.0568799
          c:n:w 5353.6492704
        b:e:c:n 1992.5892615
        b:e:c:w 1994.2002404
        b:e:n:w 3115.7183550
        b:c:n:w 2697.3081068
        e:c:n:w 50985.7719626
