########################################
# legofit: estimate population history #
#       version 2.3.4-4-g53f8760       #
########################################

# Program was compiled: Sep 21 2021 14:36:42
# Program was run: Sat Sep 25 20:09:26 2021

# cmd: legofit -1 -d 0 -t 32 --ptsPerDim 3 --stateOut b1boot47.state --tol 3e-6 -S 5000 abde2.lgo ../../boot/boot47.opf
# Stage nOptItr nSimReps
#     0    5000        0
# algorithm          : deterministic
# ignoring probs <=  : 0
# Branch length floor: 0
# DE strategy        : 2
#    F               : 0.3
#    CR              : 0.8
#    tolerance       : 3e-06
# nthreads           : 32
# lgo input file     : abde2.lgo
# site pat input file: ../../boot/boot47.opf
# free parameters    : 17
# points in DE swarm : 51
# output state file  : b1boot47.state
# Including singleton site patterns.
# cost function      : KL
Initial parameter values
Fixed:
      zero = 0
       one = 1
    Tbecnw = 75200
Free:
       pc1 = 0
       pc2 = 0
       pc3 = 0
       pc4 = 0
       pc5 = 0
       pc6 = 0
       pc7 = 0
       pc8 = 0
       pc9 = 0
      pc10 = 0
      pc11 = 0
      pc12 = 0
      pc13 = 0
      pc14 = 0
      pc15 = 0
      pc16 = 0
      pc17 = 0
Constrained:
   Tgbecnw = 102832
     Tecnw = 24648.2
       Tnw = 14613.5
       Tec = 17164.5
     twoNb = 511344
     twoNe = 589825
     twoNc = 390500
     twoNw = 2.05235e+06
    twoNec = 53415.8
    twoNnw = 53005.6
  twoNecnw = 76706.8
  twoNbecnw = 10252
  twoNgbecnw = 348596
         m = 0.0951851
        m2 = 0.0238075
        m4 = 0.00187732
        m5 = 0.170862
        Tb = 20906.3
        Ta = 48053.2
        Td = 8582.27
        Te = 7306.76
DiffEv reached_goal. cost=1.76316e-03 spread=2.90693e-06
Fitted parameter values
Free:
       pc1 = 3.93494
       pc2 = 2.65864
       pc3 = 1.68687
       pc4 = 1.86754
       pc5 = 0.471755
       pc6 = -0.342091
       pc7 = -0.209237
       pc8 = 0.107677
       pc9 = -0.920833
      pc10 = -0.205016
      pc11 = 0.429821
      pc12 = -0.653925
      pc13 = -0.125356
      pc14 = -0.00784965
      pc15 = 0.021237
      pc16 = -0.0196735
      pc17 = 0.0357664
Constrained:
   Tgbecnw = 83659.7
     Tecnw = 23272.9
       Tnw = 15024.3
       Tec = 17424.3
     twoNb = 451148
     twoNe = 290068
     twoNc = 627157
     twoNw = 2.85033e+06
    twoNec = 41918.4
    twoNnw = 43141.7
  twoNecnw = 75797.2
  twoNbecnw = 3200.84
  twoNgbecnw = 383591
         m = 0.0843728
        m2 = 0.0232033
        m4 = 0.00314513
        m5 = 0.16621
        Tb = 20348.6
        Ta = 47774.3
        Td = 8712.15
        Te = 7512.17
#       SitePat  BranchLen
              b 123528.6136209
              e 48019.3097680
              c 50421.3425019
              n 45433.4735743
              w 45416.1354649
            b:e 2127.7877405
            b:c 2442.2524101
            b:n 1724.3732303
            b:w 1723.1508809
            e:c 10324.0521375
            e:n 5465.2624469
            e:w 5482.6005563
            c:n 4827.3186110
            c:w 4823.2030542
            n:w 12488.1975713
          b:e:c 2015.9699655
          b:e:n 1069.7207143
          b:e:w 1070.9430637
          b:c:n 1081.7570450
          b:c:w 1080.4086654
          b:n:w 1987.1566747
          e:c:n 4580.1814336
          e:c:w 4584.2969904
          e:n:w 6371.8093028
          c:n:w 5362.9819052
        b:e:c:n 2000.4217635
        b:e:c:w 2001.7701431
        b:e:n:w 3153.3025318
        b:c:n:w 2721.4718855
        e:c:n:w 51461.6719410
