########################################
# legofit: estimate population history #
#       version 2.3.4-4-g53f8760       #
########################################

# Program was compiled: Sep 21 2021 14:36:42
# Program was run: Sat Sep 25 19:58:23 2021

# cmd: legofit -1 -d 0 -t 32 --ptsPerDim 3 --stateOut b1boot18.state --tol 3e-6 -S 5000 abde2.lgo ../../boot/boot18.opf
# Stage nOptItr nSimReps
#     0    5000        0
# algorithm          : deterministic
# ignoring probs <=  : 0
# Branch length floor: 0
# DE strategy        : 2
#    F               : 0.3
#    CR              : 0.8
#    tolerance       : 3e-06
# nthreads           : 32
# lgo input file     : abde2.lgo
# site pat input file: ../../boot/boot18.opf
# free parameters    : 17
# points in DE swarm : 51
# output state file  : b1boot18.state
# Including singleton site patterns.
# cost function      : KL
Initial parameter values
Fixed:
      zero = 0
       one = 1
    Tbecnw = 75200
Free:
       pc1 = 0
       pc2 = 0
       pc3 = 0
       pc4 = 0
       pc5 = 0
       pc6 = 0
       pc7 = 0
       pc8 = 0
       pc9 = 0
      pc10 = 0
      pc11 = 0
      pc12 = 0
      pc13 = 0
      pc14 = 0
      pc15 = 0
      pc16 = 0
      pc17 = 0
Constrained:
   Tgbecnw = 102832
     Tecnw = 24648.2
       Tnw = 14613.5
       Tec = 17164.5
     twoNb = 511344
     twoNe = 589825
     twoNc = 390500
     twoNw = 2.05235e+06
    twoNec = 53415.8
    twoNnw = 53005.6
  twoNecnw = 76706.8
  twoNbecnw = 10252
  twoNgbecnw = 348596
         m = 0.0951851
        m2 = 0.0238075
        m4 = 0.00187732
        m5 = 0.170862
        Tb = 20906.3
        Ta = 48053.2
        Td = 8582.27
        Te = 7306.76
DiffEv reached_goal. cost=1.79207e-03 spread=2.55343e-06
Fitted parameter values
Free:
       pc1 = 3.96454
       pc2 = 2.95867
       pc3 = 0.436223
       pc4 = 1.85042
       pc5 = 0.131822
       pc6 = 0.379786
       pc7 = -0.284731
       pc8 = 0.533455
       pc9 = -1.11788
      pc10 = -0.24527
      pc11 = 0.403134
      pc12 = -0.396455
      pc13 = -0.0342961
      pc14 = -0.0539129
      pc15 = 0.00659309
      pc16 = -0.0739517
      pc17 = 0.0147626
Constrained:
   Tgbecnw = 83839.5
     Tecnw = 23248.7
       Tnw = 15316.3
       Tec = 18181.4
     twoNb = 423550
     twoNe = 252756
     twoNc = 304694
     twoNw = 2.88473e+06
    twoNec = 35166.6
    twoNnw = 42042.9
  twoNecnw = 76011.3
  twoNbecnw = 3273.67
  twoNgbecnw = 379936
         m = 0.0848107
        m2 = 0.0236787
        m4 = 0.00230577
        m5 = 0.16949
        Tb = 20715
        Ta = 47957.5
        Td = 9090.71
        Te = 7658.16
#       SitePat  BranchLen
              b 123335.3171501
              e 47971.8081369
              c 50349.8789494
              n 45555.4967542
              w 45537.7321422
            b:e 2121.7140005
            b:c 2426.8908174
            b:n 1727.2482851
            b:w 1725.9928810
            e:c 10364.2653161
            e:n 5463.8582924
            e:w 5481.6229044
            c:n 4827.1471874
            c:w 4822.9096383
            n:w 12417.0596572
          b:e:c 2013.1376354
          b:e:n 1066.5590470
          b:e:w 1067.8144511
          b:c:n 1078.3825650
          b:c:w 1076.9975230
          b:n:w 1985.6789764
          e:c:n 4603.1994253
          e:c:w 4607.4369744
          e:n:w 6332.7204542
          c:n:w 5334.3332112
        b:e:c:n 2003.9242660
        b:e:c:w 2005.3093081
        b:e:n:w 3118.2048729
        b:c:n:w 2707.7622258
        e:c:n:w 51239.3590821
