########################################
# legofit: estimate population history #
#       version 2.3.4-4-g53f8760       #
########################################

# Program was compiled: Sep 21 2021 14:36:42
# Program was run: Sat Sep 25 20:07:25 2021

# cmd: legofit -1 -d 0 -t 32 --ptsPerDim 3 --stateOut b1boot43.state --tol 3e-6 -S 5000 abde2.lgo ../../boot/boot43.opf
# Stage nOptItr nSimReps
#     0    5000        0
# algorithm          : deterministic
# ignoring probs <=  : 0
# Branch length floor: 0
# DE strategy        : 2
#    F               : 0.3
#    CR              : 0.8
#    tolerance       : 3e-06
# nthreads           : 32
# lgo input file     : abde2.lgo
# site pat input file: ../../boot/boot43.opf
# free parameters    : 17
# points in DE swarm : 51
# output state file  : b1boot43.state
# Including singleton site patterns.
# cost function      : KL
Initial parameter values
Fixed:
      zero = 0
       one = 1
    Tbecnw = 75200
Free:
       pc1 = 0
       pc2 = 0
       pc3 = 0
       pc4 = 0
       pc5 = 0
       pc6 = 0
       pc7 = 0
       pc8 = 0
       pc9 = 0
      pc10 = 0
      pc11 = 0
      pc12 = 0
      pc13 = 0
      pc14 = 0
      pc15 = 0
      pc16 = 0
      pc17 = 0
Constrained:
   Tgbecnw = 102832
     Tecnw = 24648.2
       Tnw = 14613.5
       Tec = 17164.5
     twoNb = 511344
     twoNe = 589825
     twoNc = 390500
     twoNw = 2.05235e+06
    twoNec = 53415.8
    twoNnw = 53005.6
  twoNecnw = 76706.8
  twoNbecnw = 10252
  twoNgbecnw = 348596
         m = 0.0951851
        m2 = 0.0238075
        m4 = 0.00187732
        m5 = 0.170862
        Tb = 20906.3
        Ta = 48053.2
        Td = 8582.27
        Te = 7306.76
DiffEv reached_goal. cost=1.79839e-03 spread=2.99852e-06
Fitted parameter values
Free:
       pc1 = 3.97873
       pc2 = 3.88283
       pc3 = 0.514186
       pc4 = 1.98002
       pc5 = -0.774284
       pc6 = -0.0821709
       pc7 = -0.695938
       pc8 = 1.00441
       pc9 = -1.12421
      pc10 = 0.731535
      pc11 = 0.261324
      pc12 = -0.528281
      pc13 = -0.11248
      pc14 = 0.0341208
      pc15 = -0.0298637
      pc16 = -0.0201895
      pc17 = -0.00676353
Constrained:
   Tgbecnw = 83319.6
     Tecnw = 23318.8
       Tnw = 15417.3
       Tec = 18512.8
     twoNb = 396875
     twoNe = 19861.4
     twoNc = 551562
     twoNw = 3.00613e+06
    twoNec = 33467.4
    twoNnw = 41281
  twoNecnw = 75258
  twoNbecnw = 3028.78
  twoNgbecnw = 402047
         m = 0.0789794
        m2 = 0.0230156
        m4 = 0.00218735
        m5 = 0.174917
        Tb = 20915.8
        Ta = 48057.9
        Td = 9256.39
        Te = 7708.67
#       SitePat  BranchLen
              b 123070.8382790
              e 47838.4707940
              c 50289.0283807
              n 45384.5084350
              w 45366.9081619
            b:e 2127.8819868
            b:c 2443.5766416
            b:n 1731.2698203
            b:w 1730.0143392
            e:c 10288.9916127
            e:n 5465.9926588
            e:w 5483.5929319
            c:n 4809.5427087
            c:w 4805.3298257
            n:w 12407.5916006
          b:e:c 2023.7699541
          b:e:n 1071.3443735
          b:e:w 1072.5998546
          b:c:n 1083.6343686
          b:c:w 1082.2490157
          b:n:w 1992.8255992
          e:c:n 4594.8884550
          e:c:w 4599.1013379
          e:n:w 6374.3870810
          c:n:w 5337.8489981
        b:e:c:n 2008.8929400
        b:e:c:w 2010.2782929
        b:e:n:w 3114.4056413
        b:c:n:w 2697.4653473
        e:c:n:w 51186.4486756
