########################################
# legofit: estimate population history #
#       version 2.3.4-4-g53f8760       #
########################################

# Program was compiled: Sep 21 2021 14:36:42
# Program was run: Sat Sep 25 20:04:09 2021

# cmd: legofit -1 -d 0 -t 32 --ptsPerDim 3 --stateOut b1boot34.state --tol 3e-6 -S 5000 abde2.lgo ../../boot/boot34.opf
# Stage nOptItr nSimReps
#     0    5000        0
# algorithm          : deterministic
# ignoring probs <=  : 0
# Branch length floor: 0
# DE strategy        : 2
#    F               : 0.3
#    CR              : 0.8
#    tolerance       : 3e-06
# nthreads           : 32
# lgo input file     : abde2.lgo
# site pat input file: ../../boot/boot34.opf
# free parameters    : 17
# points in DE swarm : 51
# output state file  : b1boot34.state
# Including singleton site patterns.
# cost function      : KL
Initial parameter values
Fixed:
      zero = 0
       one = 1
    Tbecnw = 75200
Free:
       pc1 = 0
       pc2 = 0
       pc3 = 0
       pc4 = 0
       pc5 = 0
       pc6 = 0
       pc7 = 0
       pc8 = 0
       pc9 = 0
      pc10 = 0
      pc11 = 0
      pc12 = 0
      pc13 = 0
      pc14 = 0
      pc15 = 0
      pc16 = 0
      pc17 = 0
Constrained:
   Tgbecnw = 102832
     Tecnw = 24648.2
       Tnw = 14613.5
       Tec = 17164.5
     twoNb = 511344
     twoNe = 589825
     twoNc = 390500
     twoNw = 2.05235e+06
    twoNec = 53415.8
    twoNnw = 53005.6
  twoNecnw = 76706.8
  twoNbecnw = 10252
  twoNgbecnw = 348596
         m = 0.0951851
        m2 = 0.0238075
        m4 = 0.00187732
        m5 = 0.170862
        Tb = 20906.3
        Ta = 48053.2
        Td = 8582.27
        Te = 7306.76
DiffEv reached_goal. cost=1.78233e-03 spread=2.97040e-06
Fitted parameter values
Free:
       pc1 = 3.65174
       pc2 = 2.78343
       pc3 = 0.748928
       pc4 = 1.9694
       pc5 = 0.0803228
       pc6 = 0.239764
       pc7 = -0.834723
       pc8 = 0.694266
       pc9 = -1.3113
      pc10 = 0.286338
      pc11 = -0.219202
      pc12 = -0.392719
      pc13 = 0.0606386
      pc14 = -0.0364652
      pc15 = 0.0350707
      pc16 = -0.0297231
      pc17 = 0.0282652
Constrained:
   Tgbecnw = 84529.8
     Tecnw = 23452.8
       Tnw = 15507.2
       Tec = 17772.5
     twoNb = 398154
     twoNe = 58773.6
     twoNc = 380968
     twoNw = 2.95523e+06
    twoNec = 40203.5
    twoNnw = 41048
  twoNecnw = 75100.5
  twoNbecnw = 3553.77
  twoNgbecnw = 374607
         m = 0.0858185
        m2 = 0.0231233
        m4 = 0.00247737
        m5 = 0.171575
        Tb = 20612.6
        Ta = 47906.3
        Td = 8886.24
        Te = 7753.58
#       SitePat  BranchLen
              b 123528.7113806
              e 47983.4407903
              c 50424.2957648
              n 45440.0138429
              w 45422.3593992
            b:e 2130.6602071
            b:c 2449.1974873
            b:n 1716.3822490
            b:w 1715.1326970
            e:c 10311.6881431
            e:n 5458.4748642
            e:w 5476.1293079
            c:n 4807.9797293
            c:w 4803.7572294
            n:w 12469.4813199
          b:e:c 2012.2854286
          b:e:n 1063.0699052
          b:e:w 1064.3194572
          b:c:n 1075.1063357
          b:c:w 1073.7297889
          b:n:w 1981.0158018
          e:c:n 4584.3756266
          e:c:w 4588.5981266
          e:n:w 6411.6267100
          c:n:w 5373.5526336
        b:e:c:n 1986.8276283
        b:e:c:w 1988.2041750
        b:e:n:w 3111.6916288
        b:c:n:w 2691.7938581
        e:c:n:w 51416.7361927
