########################################
# legofit: estimate population history #
#       version 2.3.4-4-g53f8760       #
########################################

# Program was compiled: Sep 21 2021 14:36:42
# Program was run: Sat Sep 25 19:55:46 2021

# cmd: legofit -1 -d 0 -t 32 --ptsPerDim 3 --stateOut b1boot10.state --tol 3e-6 -S 5000 abde2.lgo ../../boot/boot10.opf
# Stage nOptItr nSimReps
#     0    5000        0
# algorithm          : deterministic
# ignoring probs <=  : 0
# Branch length floor: 0
# DE strategy        : 2
#    F               : 0.3
#    CR              : 0.8
#    tolerance       : 3e-06
# nthreads           : 32
# lgo input file     : abde2.lgo
# site pat input file: ../../boot/boot10.opf
# free parameters    : 17
# points in DE swarm : 51
# output state file  : b1boot10.state
# Including singleton site patterns.
# cost function      : KL
Initial parameter values
Fixed:
      zero = 0
       one = 1
    Tbecnw = 75200
Free:
       pc1 = 0
       pc2 = 0
       pc3 = 0
       pc4 = 0
       pc5 = 0
       pc6 = 0
       pc7 = 0
       pc8 = 0
       pc9 = 0
      pc10 = 0
      pc11 = 0
      pc12 = 0
      pc13 = 0
      pc14 = 0
      pc15 = 0
      pc16 = 0
      pc17 = 0
Constrained:
   Tgbecnw = 102832
     Tecnw = 24648.2
       Tnw = 14613.5
       Tec = 17164.5
     twoNb = 511344
     twoNe = 589825
     twoNc = 390500
     twoNw = 2.05235e+06
    twoNec = 53415.8
    twoNnw = 53005.6
  twoNecnw = 76706.8
  twoNbecnw = 10252
  twoNgbecnw = 348596
         m = 0.0951851
        m2 = 0.0238075
        m4 = 0.00187732
        m5 = 0.170862
        Tb = 20906.3
        Ta = 48053.2
        Td = 8582.27
        Te = 7306.76
DiffEv reached_goal. cost=1.77505e-03 spread=2.77639e-06
Fitted parameter values
Free:
       pc1 = 3.92104
       pc2 = 3.39674
       pc3 = 0.545088
       pc4 = 1.94378
       pc5 = -0.597186
       pc6 = 0.124699
       pc7 = -0.815891
       pc8 = 0.277101
       pc9 = -1.09703
      pc10 = -0.922983
      pc11 = 0.0528146
      pc12 = -0.13347
      pc13 = -0.105759
      pc14 = 0.0505808
      pc15 = 0.0200147
      pc16 = -0.011437
      pc17 = -0.00272411
Constrained:
   Tgbecnw = 84845.4
     Tecnw = 23236
       Tnw = 15771.1
       Tec = 17807.2
     twoNb = 394435
     twoNe = 10012.9
     twoNc = 481818
     twoNw = 3.26163e+06
    twoNec = 38296
    twoNnw = 38637.9
  twoNecnw = 75930.2
  twoNbecnw = 3603.24
  twoNgbecnw = 393905
         m = 0.0823532
        m2 = 0.0241992
        m4 = 0.00193375
        m5 = 0.168112
        Tb = 20521.6
        Ta = 47860.8
        Td = 8903.61
        Te = 7885.57
#       SitePat  BranchLen
              b 123845.7921624
              e 48049.6599166
              c 50423.8157175
              n 45478.2336112
              w 45462.3562265
            b:e 2155.0394945
            b:c 2461.7036698
            b:n 1726.7371551
            b:w 1725.6020391
            e:c 10373.9991273
            e:n 5460.3477460
            e:w 5476.2251306
            c:n 4826.8975177
            c:w 4823.0739103
            n:w 12506.7540222
          b:e:c 2030.3323995
          b:e:n 1069.4696728
          b:e:w 1070.6047888
          b:c:n 1081.1456057
          b:c:w 1079.8934993
          b:n:w 1998.9762587
          e:c:n 4592.0494592
          e:c:w 4595.8730666
          e:n:w 6403.4638182
          c:n:w 5394.0157918
        b:e:c:n 2003.2514357
        b:e:c:w 2004.5035420
        b:e:n:w 3149.2128156
        b:c:n:w 2743.4776337
        e:c:n:w 51711.7099123
