########################################
# legofit: estimate population history #
#       version 2.3.4-4-g53f8760       #
########################################

# Program was compiled: Sep 21 2021 14:36:42
# Program was run: Sat Sep 25 20:07:25 2021

# cmd: legofit -1 -d 0 -t 32 --ptsPerDim 3 --stateOut b1boot42.state --tol 3e-6 -S 5000 abde2.lgo ../../boot/boot42.opf
# Stage nOptItr nSimReps
#     0    5000        0
# algorithm          : deterministic
# ignoring probs <=  : 0
# Branch length floor: 0
# DE strategy        : 2
#    F               : 0.3
#    CR              : 0.8
#    tolerance       : 3e-06
# nthreads           : 32
# lgo input file     : abde2.lgo
# site pat input file: ../../boot/boot42.opf
# free parameters    : 17
# points in DE swarm : 51
# output state file  : b1boot42.state
# Including singleton site patterns.
# cost function      : KL
Initial parameter values
Fixed:
      zero = 0
       one = 1
    Tbecnw = 75200
Free:
       pc1 = 0
       pc2 = 0
       pc3 = 0
       pc4 = 0
       pc5 = 0
       pc6 = 0
       pc7 = 0
       pc8 = 0
       pc9 = 0
      pc10 = 0
      pc11 = 0
      pc12 = 0
      pc13 = 0
      pc14 = 0
      pc15 = 0
      pc16 = 0
      pc17 = 0
Constrained:
   Tgbecnw = 102832
     Tecnw = 24648.2
       Tnw = 14613.5
       Tec = 17164.5
     twoNb = 511344
     twoNe = 589825
     twoNc = 390500
     twoNw = 2.05235e+06
    twoNec = 53415.8
    twoNnw = 53005.6
  twoNecnw = 76706.8
  twoNbecnw = 10252
  twoNgbecnw = 348596
         m = 0.0951851
        m2 = 0.0238075
        m4 = 0.00187732
        m5 = 0.170862
        Tb = 20906.3
        Ta = 48053.2
        Td = 8582.27
        Te = 7306.76
DiffEv reached_goal. cost=1.78680e-03 spread=2.46681e-06
Fitted parameter values
Free:
       pc1 = 3.54138
       pc2 = 3.94021
       pc3 = 1.21803
       pc4 = 1.77976
       pc5 = -0.0658371
       pc6 = 0.957764
       pc7 = -0.204008
       pc8 = 0.399897
       pc9 = -1.45454
      pc10 = -0.915657
      pc11 = 0.895842
      pc12 = -0.121802
      pc13 = -0.119453
      pc14 = 0.120948
      pc15 = 0.0204734
      pc16 = -0.0142431
      pc17 = 0.0120119
Constrained:
   Tgbecnw = 83238.9
     Tecnw = 23250.3
       Tnw = 14435.4
       Tec = 18047.2
     twoNb = 421223
     twoNe = 28560.6
     twoNc = 69150.8
     twoNw = 3.34341e+06
    twoNec = 36560.9
    twoNnw = 46423.5
  twoNecnw = 75131
  twoNbecnw = 2981.73
  twoNgbecnw = 401125
         m = 0.0796482
        m2 = 0.0241801
        m4 = 0.00217201
        m5 = 0.165712
        Tb = 20648.8
        Ta = 47924.4
        Td = 9023.62
        Te = 7217.7
#       SitePat  BranchLen
              b 122969.4297984
              e 47838.4067451
              c 50181.9424866
              n 45257.3826003
              w 45243.1375499
            b:e 2106.4606583
            b:c 2402.0971308
            b:n 1700.8063439
            b:w 1699.8226780
            e:c 10290.7478214
            e:n 5430.8279744
            e:w 5445.0730248
            c:n 4798.3906614
            c:w 4795.0440090
            n:w 12457.9966224
          b:e:c 1989.4478475
          b:e:n 1051.8574244
          b:e:w 1052.8410903
          b:c:n 1063.0857143
          b:c:w 1062.0005497
          b:n:w 1961.1526549
          e:c:n 4566.7895895
          e:c:w 4570.1362419
          e:n:w 6306.3559249
          c:n:w 5328.9021959
        b:e:c:n 1973.6091515
        b:e:c:w 1974.6943161
        b:e:n:w 3099.7310166
        b:c:n:w 2700.0910749
        e:c:n:w 51110.1487675
