########################################
# legofit: estimate population history #
#       version 2.3.4-4-g53f8760       #
########################################

# Program was compiled: Sep 21 2021 14:36:42
# Program was run: Sat Sep 25 19:57:04 2021

# cmd: legofit -1 -d 0 -t 32 --ptsPerDim 3 --stateOut b1boot15.state --tol 3e-6 -S 5000 abde2.lgo ../../boot/boot15.opf
# Stage nOptItr nSimReps
#     0    5000        0
# algorithm          : deterministic
# ignoring probs <=  : 0
# Branch length floor: 0
# DE strategy        : 2
#    F               : 0.3
#    CR              : 0.8
#    tolerance       : 3e-06
# nthreads           : 32
# lgo input file     : abde2.lgo
# site pat input file: ../../boot/boot15.opf
# free parameters    : 17
# points in DE swarm : 51
# output state file  : b1boot15.state
# Including singleton site patterns.
# cost function      : KL
Initial parameter values
Fixed:
      zero = 0
       one = 1
    Tbecnw = 75200
Free:
       pc1 = 0
       pc2 = 0
       pc3 = 0
       pc4 = 0
       pc5 = 0
       pc6 = 0
       pc7 = 0
       pc8 = 0
       pc9 = 0
      pc10 = 0
      pc11 = 0
      pc12 = 0
      pc13 = 0
      pc14 = 0
      pc15 = 0
      pc16 = 0
      pc17 = 0
Constrained:
   Tgbecnw = 102832
     Tecnw = 24648.2
       Tnw = 14613.5
       Tec = 17164.5
     twoNb = 511344
     twoNe = 589825
     twoNc = 390500
     twoNw = 2.05235e+06
    twoNec = 53415.8
    twoNnw = 53005.6
  twoNecnw = 76706.8
  twoNbecnw = 10252
  twoNgbecnw = 348596
         m = 0.0951851
        m2 = 0.0238075
        m4 = 0.00187732
        m5 = 0.170862
        Tb = 20906.3
        Ta = 48053.2
        Td = 8582.27
        Te = 7306.76
DiffEv reached_goal. cost=1.78093e-03 spread=2.97748e-06
Fitted parameter values
Free:
       pc1 = 3.7752
       pc2 = 3.5588
       pc3 = -0.027464
       pc4 = 1.96889
       pc5 = -0.212554
       pc6 = 0.185794
       pc7 = -0.624614
       pc8 = 0.796768
       pc9 = -1.40963
      pc10 = -0.0279189
      pc11 = 0.059998
      pc12 = -0.163547
      pc13 = -0.00359905
      pc14 = -0.0286714
      pc15 = 0.026787
      pc16 = -0.0326987
      pc17 = 0.0298418
Constrained:
   Tgbecnw = 83614.3
     Tecnw = 23365.8
       Tnw = 15478.7
       Tec = 18605.5
     twoNb = 394465
     twoNe = 9684.91
     twoNc = 413909
     twoNw = 3.00519e+06
    twoNec = 33135.6
    twoNnw = 40943.3
  twoNecnw = 75174.1
  twoNbecnw = 3177.51
  twoNgbecnw = 382853
         m = 0.0837787
        m2 = 0.023749
        m4 = 0.00182493
        m5 = 0.172058
        Tb = 20985.6
        Ta = 48092.8
        Td = 9302.75
        Te = 7739.37
#       SitePat  BranchLen
              b 123177.2919969
              e 47901.6707345
              c 50310.7967588
              n 45378.4187501
              w 45361.0678815
            b:e 2115.1375873
            b:c 2420.5579702
            b:n 1705.2929376
            b:w 1704.0717352
            e:c 10282.8130886
            e:n 5436.8234980
            e:w 5454.1743665
            c:n 4790.8427953
            c:w 4786.6995101
            n:w 12428.4137358
          b:e:c 2000.2204026
          b:e:n 1054.2647772
          b:e:w 1055.4859796
          b:c:n 1065.9704024
          b:c:w 1064.6238950
          b:n:w 1970.2809449
          e:c:n 4571.7616048
          e:c:w 4575.9048900
          e:n:w 6358.4688578
          c:n:w 5338.6612908
        b:e:c:n 1976.7397268
        b:e:c:w 1978.0862342
        b:e:n:w 3087.7394177
        b:c:n:w 2685.6125580
        e:c:n:w 51212.0855549
