########################################
# legofit: estimate population history #
#       version 2.3.4-4-g53f8760       #
########################################

# Program was compiled: Sep 21 2021 14:36:42
# Program was run: Sat Sep 25 19:56:29 2021

# cmd: legofit -1 -d 0 -t 32 --ptsPerDim 3 --stateOut b1boot11.state --tol 3e-6 -S 5000 abde2.lgo ../../boot/boot11.opf
# Stage nOptItr nSimReps
#     0    5000        0
# algorithm          : deterministic
# ignoring probs <=  : 0
# Branch length floor: 0
# DE strategy        : 2
#    F               : 0.3
#    CR              : 0.8
#    tolerance       : 3e-06
# nthreads           : 32
# lgo input file     : abde2.lgo
# site pat input file: ../../boot/boot11.opf
# free parameters    : 17
# points in DE swarm : 51
# output state file  : b1boot11.state
# Including singleton site patterns.
# cost function      : KL
Initial parameter values
Fixed:
      zero = 0
       one = 1
    Tbecnw = 75200
Free:
       pc1 = 0
       pc2 = 0
       pc3 = 0
       pc4 = 0
       pc5 = 0
       pc6 = 0
       pc7 = 0
       pc8 = 0
       pc9 = 0
      pc10 = 0
      pc11 = 0
      pc12 = 0
      pc13 = 0
      pc14 = 0
      pc15 = 0
      pc16 = 0
      pc17 = 0
Constrained:
   Tgbecnw = 102832
     Tecnw = 24648.2
       Tnw = 14613.5
       Tec = 17164.5
     twoNb = 511344
     twoNe = 589825
     twoNc = 390500
     twoNw = 2.05235e+06
    twoNec = 53415.8
    twoNnw = 53005.6
  twoNecnw = 76706.8
  twoNbecnw = 10252
  twoNgbecnw = 348596
         m = 0.0951851
        m2 = 0.0238075
        m4 = 0.00187732
        m5 = 0.170862
        Tb = 20906.3
        Ta = 48053.2
        Td = 8582.27
        Te = 7306.76
DiffEv reached_goal. cost=1.80284e-03 spread=2.76294e-06
Fitted parameter values
Free:
       pc1 = 3.82458
       pc2 = 3.61986
       pc3 = -0.299197
       pc4 = 1.92547
       pc5 = -1.16438
       pc6 = 0.180434
       pc7 = -1.05684
       pc8 = 0.577589
       pc9 = -1.00874
      pc10 = 0.135662
      pc11 = -0.0619963
      pc12 = -0.289861
      pc13 = 0.172039
      pc14 = 0.0381071
      pc15 = -0.0190289
      pc16 = -0.0058118
      pc17 = -0.00276137
Constrained:
   Tgbecnw = 86307.3
     Tecnw = 23224.7
       Tnw = 15810.1
       Tec = 18394
     twoNb = 361589
     twoNe = 15748
     twoNc = 519996
     twoNw = 3.18462e+06
    twoNec = 33851.2
    twoNnw = 38674.6
  twoNecnw = 76014.8
  twoNbecnw = 4135.97
  twoNgbecnw = 393188
         m = 0.0809056
        m2 = 0.0237302
        m4 = 0.00157819
        m5 = 0.174791
        Tb = 20809.3
        Ta = 48004.7
        Td = 9197.02
        Te = 7905.06
#       SitePat  BranchLen
              b 123542.0033138
              e 48018.0822986
              c 50447.0713252
              n 45537.3271191
              w 45520.3467252
            b:e 2155.1219483
            b:c 2466.5869930
            b:n 1733.6342276
            b:w 1732.4178238
            e:c 10351.8508696
            e:n 5503.6256025
            e:w 5520.6059963
            c:n 4851.3945259
            c:w 4847.2897472
            n:w 12472.3827500
          b:e:c 2027.7680369
          b:e:n 1073.4133739
          b:e:w 1074.6297777
          b:c:n 1085.3245416
          b:c:w 1083.9839235
          b:n:w 1994.7331945
          e:c:n 4621.0427541
          e:c:w 4625.1475329
          e:n:w 6429.9215641
          c:n:w 5395.1433905
        b:e:c:n 2008.3672707
        b:e:c:w 2009.7078887
        b:e:n:w 3114.3686408
        b:c:n:w 2712.9747212
        e:c:n:w 51281.3822630
