########################################
# legofit: estimate population history #
#       version 2.3.4-4-g53f8760       #
########################################

# Program was compiled: Sep 21 2021 14:36:42
# Program was run: Sat Sep 25 20:03:00 2021

# cmd: legofit -1 -d 0 -t 32 --ptsPerDim 3 --stateOut b1boot30.state --tol 3e-6 -S 5000 abde2.lgo ../../boot/boot30.opf
# Stage nOptItr nSimReps
#     0    5000        0
# algorithm          : deterministic
# ignoring probs <=  : 0
# Branch length floor: 0
# DE strategy        : 2
#    F               : 0.3
#    CR              : 0.8
#    tolerance       : 3e-06
# nthreads           : 32
# lgo input file     : abde2.lgo
# site pat input file: ../../boot/boot30.opf
# free parameters    : 17
# points in DE swarm : 51
# output state file  : b1boot30.state
# Including singleton site patterns.
# cost function      : KL
Initial parameter values
Fixed:
      zero = 0
       one = 1
    Tbecnw = 75200
Free:
       pc1 = 0
       pc2 = 0
       pc3 = 0
       pc4 = 0
       pc5 = 0
       pc6 = 0
       pc7 = 0
       pc8 = 0
       pc9 = 0
      pc10 = 0
      pc11 = 0
      pc12 = 0
      pc13 = 0
      pc14 = 0
      pc15 = 0
      pc16 = 0
      pc17 = 0
Constrained:
   Tgbecnw = 102832
     Tecnw = 24648.2
       Tnw = 14613.5
       Tec = 17164.5
     twoNb = 511344
     twoNe = 589825
     twoNc = 390500
     twoNw = 2.05235e+06
    twoNec = 53415.8
    twoNnw = 53005.6
  twoNecnw = 76706.8
  twoNbecnw = 10252
  twoNgbecnw = 348596
         m = 0.0951851
        m2 = 0.0238075
        m4 = 0.00187732
        m5 = 0.170862
        Tb = 20906.3
        Ta = 48053.2
        Td = 8582.27
        Te = 7306.76
DiffEv reached_goal. cost=1.80108e-03 spread=2.14416e-06
Fitted parameter values
Free:
       pc1 = 3.98709
       pc2 = 3.5652
       pc3 = 0.848356
       pc4 = 1.90529
       pc5 = -0.242947
       pc6 = 0.618889
       pc7 = -0.533941
       pc8 = 1.05089
       pc9 = -0.910796
      pc10 = 0.228371
      pc11 = 0.427837
      pc12 = 0.0682828
      pc13 = -0.0833238
      pc14 = 0.0771032
      pc15 = 0.0493191
      pc16 = 0.0114384
      pc17 = 0.00266346
Constrained:
   Tgbecnw = 82913.2
     Tecnw = 23330.6
       Tnw = 15205.8
       Tec = 18133.6
     twoNb = 402240
     twoNe = 150468
     twoNc = 191532
     twoNw = 2.75243e+06
    twoNec = 36618.2
    twoNnw = 41581
  twoNecnw = 75203
  twoNbecnw = 2884.67
  twoNgbecnw = 398189
         m = 0.0804288
        m2 = 0.0230236
        m4 = 0.00196477
        m5 = 0.170512
        Tb = 20732.1
        Ta = 47966.1
        Td = 9066.81
        Te = 7602.88
#       SitePat  BranchLen
              b 123168.0340889
              e 47849.2045532
              c 50271.7804002
              n 45238.9962417
              w 45220.5259216
            b:e 2123.9240306
            b:c 2431.0932076
            b:n 1712.9800918
            b:w 1711.6753572
            e:c 10293.9587882
            e:n 5433.2920552
            e:w 5451.7623753
            c:n 4784.7565229
            c:w 4780.3614238
            n:w 12508.9888007
          b:e:c 2018.1287076
          b:e:n 1061.0138932
          b:e:w 1062.3186279
          b:c:n 1072.9743513
          b:c:w 1071.5347242
          b:n:w 1986.6330024
          e:c:n 4559.6557558
          e:c:w 4564.0508549
          e:n:w 6376.2038308
          c:n:w 5350.3999589
        b:e:c:n 1987.8141093
        b:e:c:w 1989.2537364
        b:e:n:w 3102.0540799
        b:c:n:w 2696.8728223
        e:c:n:w 51323.6695720
