########################################
# legofit: estimate population history #
#       version 2.3.4-4-g53f8760       #
########################################

# Program was compiled: Sep 21 2021 14:36:42
# Program was run: Sat Sep 25 20:09:34 2021

# cmd: legofit -1 -d 0 -t 32 --ptsPerDim 3 --stateOut b1boot48.state --tol 3e-6 -S 5000 abde2.lgo ../../boot/boot48.opf
# Stage nOptItr nSimReps
#     0    5000        0
# algorithm          : deterministic
# ignoring probs <=  : 0
# Branch length floor: 0
# DE strategy        : 2
#    F               : 0.3
#    CR              : 0.8
#    tolerance       : 3e-06
# nthreads           : 32
# lgo input file     : abde2.lgo
# site pat input file: ../../boot/boot48.opf
# free parameters    : 17
# points in DE swarm : 51
# output state file  : b1boot48.state
# Including singleton site patterns.
# cost function      : KL
Initial parameter values
Fixed:
      zero = 0
       one = 1
    Tbecnw = 75200
Free:
       pc1 = 0
       pc2 = 0
       pc3 = 0
       pc4 = 0
       pc5 = 0
       pc6 = 0
       pc7 = 0
       pc8 = 0
       pc9 = 0
      pc10 = 0
      pc11 = 0
      pc12 = 0
      pc13 = 0
      pc14 = 0
      pc15 = 0
      pc16 = 0
      pc17 = 0
Constrained:
   Tgbecnw = 102832
     Tecnw = 24648.2
       Tnw = 14613.5
       Tec = 17164.5
     twoNb = 511344
     twoNe = 589825
     twoNc = 390500
     twoNw = 2.05235e+06
    twoNec = 53415.8
    twoNnw = 53005.6
  twoNecnw = 76706.8
  twoNbecnw = 10252
  twoNgbecnw = 348596
         m = 0.0951851
        m2 = 0.0238075
        m4 = 0.00187732
        m5 = 0.170862
        Tb = 20906.3
        Ta = 48053.2
        Td = 8582.27
        Te = 7306.76
DiffEv reached_goal. cost=1.78765e-03 spread=1.87592e-06
Fitted parameter values
Free:
       pc1 = 3.97079
       pc2 = 3.96627
       pc3 = 0.134512
       pc4 = 1.93461
       pc5 = -0.602824
       pc6 = 0.689652
       pc7 = -0.5526
       pc8 = 1.51166
       pc9 = -0.560736
      pc10 = 0.0302751
      pc11 = 0.575743
      pc12 = -0.547261
      pc13 = -0.204961
      pc14 = 0.115851
      pc15 = -0.0244724
      pc16 = -0.000348863
      pc17 = 0.00345002
Constrained:
   Tgbecnw = 82755.6
     Tecnw = 23177
       Tnw = 15376.6
       Tec = 18351.2
     twoNb = 413607
     twoNe = 124164
     twoNc = 149846
     twoNw = 2.48264e+06
    twoNec = 33644.1
    twoNnw = 40716
  twoNecnw = 75674.9
  twoNbecnw = 2802.92
  twoNgbecnw = 407214
         m = 0.0786548
        m2 = 0.0237832
        m4 = 0.00177931
        m5 = 0.174823
        Tb = 20764.1
        Ta = 47982
        Td = 9175.58
        Te = 7688.3
#       SitePat  BranchLen
              b 123116.4815718
              e 47808.3956531
              c 50253.9254419
              n 45316.1617618
              w 45294.9455273
            b:e 2123.2617928
            b:c 2431.0819990
            b:n 1722.3400335
            b:w 1720.8322055
            e:c 10288.6767643
            e:n 5462.9154019
            e:w 5484.1316364
            c:n 4808.8487551
            c:w 4803.7750448
            n:w 12416.1285080
          b:e:c 2016.1062753
          b:e:n 1067.0402877
          b:e:w 1068.5481156
          b:c:n 1079.3910105
          b:c:w 1077.7259001
          b:n:w 1986.4638285
          e:c:n 4577.1739106
          e:c:w 4582.2476209
          e:n:w 6360.6740832
          c:n:w 5330.5451072
        b:e:c:n 2000.9510697
        b:e:c:w 2002.6161800
        b:e:n:w 3124.4314717
        b:c:n:w 2714.1051500
        e:c:n:w 51284.2067653
