########################################
# legofit: estimate population history #
#       version 2.3.4-4-g53f8760       #
########################################

# Program was compiled: Sep 21 2021 14:36:42
# Program was run: Sat Sep 25 20:05:14 2021

# cmd: legofit -1 -d 0 -t 32 --ptsPerDim 3 --stateOut b1boot36.state --tol 3e-6 -S 5000 abde2.lgo ../../boot/boot36.opf
# Stage nOptItr nSimReps
#     0    5000        0
# algorithm          : deterministic
# ignoring probs <=  : 0
# Branch length floor: 0
# DE strategy        : 2
#    F               : 0.3
#    CR              : 0.8
#    tolerance       : 3e-06
# nthreads           : 32
# lgo input file     : abde2.lgo
# site pat input file: ../../boot/boot36.opf
# free parameters    : 17
# points in DE swarm : 51
# output state file  : b1boot36.state
# Including singleton site patterns.
# cost function      : KL
Initial parameter values
Fixed:
      zero = 0
       one = 1
    Tbecnw = 75200
Free:
       pc1 = 0
       pc2 = 0
       pc3 = 0
       pc4 = 0
       pc5 = 0
       pc6 = 0
       pc7 = 0
       pc8 = 0
       pc9 = 0
      pc10 = 0
      pc11 = 0
      pc12 = 0
      pc13 = 0
      pc14 = 0
      pc15 = 0
      pc16 = 0
      pc17 = 0
Constrained:
   Tgbecnw = 102832
     Tecnw = 24648.2
       Tnw = 14613.5
       Tec = 17164.5
     twoNb = 511344
     twoNe = 589825
     twoNc = 390500
     twoNw = 2.05235e+06
    twoNec = 53415.8
    twoNnw = 53005.6
  twoNecnw = 76706.8
  twoNbecnw = 10252
  twoNgbecnw = 348596
         m = 0.0951851
        m2 = 0.0238075
        m4 = 0.00187732
        m5 = 0.170862
        Tb = 20906.3
        Ta = 48053.2
        Td = 8582.27
        Te = 7306.76
DiffEv reached_goal. cost=1.78799e-03 spread=2.81452e-06
Fitted parameter values
Free:
       pc1 = 3.94901
       pc2 = 3.74539
       pc3 = -0.0299611
       pc4 = 1.88283
       pc5 = -0.386711
       pc6 = 0.166104
       pc7 = -0.635489
       pc8 = 0.739608
       pc9 = -1.13867
      pc10 = 0.111446
      pc11 = 0.54195
      pc12 = -0.589942
      pc13 = -0.192471
      pc14 = -0.0225488
      pc15 = -0.0135964
      pc16 = -0.0148886
      pc17 = 0.0307544
Constrained:
   Tgbecnw = 83277.4
     Tecnw = 23226.9
       Tnw = 15210.1
       Tec = 18688.1
     twoNb = 404303
     twoNe = 33283.4
     twoNc = 443376
     twoNw = 2.90598e+06
    twoNec = 31757.5
    twoNnw = 42097
  twoNecnw = 76205.9
  twoNbecnw = 3025.16
  twoNgbecnw = 393598
         m = 0.0820769
        m2 = 0.0237728
        m4 = 0.00202372
        m5 = 0.173381
        Tb = 20957.5
        Ta = 48078.8
        Td = 9344.05
        Te = 7605.03
#       SitePat  BranchLen
              b 123312.0296914
              e 47987.8686639
              c 50423.4254262
              n 45469.9924656
              w 45452.0755399
            b:e 2127.8814261
            b:c 2437.6314134
            b:n 1724.1856289
            b:w 1722.9200435
            e:c 10283.7611042
            e:n 5474.5997519
            e:w 5492.5166777
            c:n 4819.9512706
            c:w 4815.6926777
            n:w 12438.9918962
          b:e:c 2015.5877558
          b:e:n 1068.6819901
          b:e:w 1069.9475754
          b:c:n 1080.8181012
          b:c:w 1079.4201193
          b:n:w 1985.7732570
          e:c:n 4577.8235880
          e:c:w 4582.0821808
          e:n:w 6351.6154246
          c:n:w 5329.1750204
        b:e:c:n 2004.2195104
        b:e:c:w 2005.6174923
        b:e:n:w 3129.3779200
        b:c:n:w 2716.3753628
        e:c:n:w 51308.8863767
