########################################
# legofit: estimate population history #
#       version 2.3.4-4-g53f8760       #
########################################

# Program was compiled: Sep 21 2021 14:36:42
# Program was run: Sat Sep 25 19:58:26 2021

# cmd: legofit -1 -d 0 -t 32 --ptsPerDim 3 --stateOut b1boot19.state --tol 3e-6 -S 5000 abde2.lgo ../../boot/boot19.opf
# Stage nOptItr nSimReps
#     0    5000        0
# algorithm          : deterministic
# ignoring probs <=  : 0
# Branch length floor: 0
# DE strategy        : 2
#    F               : 0.3
#    CR              : 0.8
#    tolerance       : 3e-06
# nthreads           : 32
# lgo input file     : abde2.lgo
# site pat input file: ../../boot/boot19.opf
# free parameters    : 17
# points in DE swarm : 51
# output state file  : b1boot19.state
# Including singleton site patterns.
# cost function      : KL
Initial parameter values
Fixed:
      zero = 0
       one = 1
    Tbecnw = 75200
Free:
       pc1 = 0
       pc2 = 0
       pc3 = 0
       pc4 = 0
       pc5 = 0
       pc6 = 0
       pc7 = 0
       pc8 = 0
       pc9 = 0
      pc10 = 0
      pc11 = 0
      pc12 = 0
      pc13 = 0
      pc14 = 0
      pc15 = 0
      pc16 = 0
      pc17 = 0
Constrained:
   Tgbecnw = 102832
     Tecnw = 24648.2
       Tnw = 14613.5
       Tec = 17164.5
     twoNb = 511344
     twoNe = 589825
     twoNc = 390500
     twoNw = 2.05235e+06
    twoNec = 53415.8
    twoNnw = 53005.6
  twoNecnw = 76706.8
  twoNbecnw = 10252
  twoNgbecnw = 348596
         m = 0.0951851
        m2 = 0.0238075
        m4 = 0.00187732
        m5 = 0.170862
        Tb = 20906.3
        Ta = 48053.2
        Td = 8582.27
        Te = 7306.76
DiffEv reached_goal. cost=1.78092e-03 spread=2.77076e-06
Fitted parameter values
Free:
       pc1 = 3.68716
       pc2 = 3.60333
       pc3 = 0.295417
       pc4 = 1.84094
       pc5 = -0.41966
       pc6 = -0.187711
       pc7 = -0.25318
       pc8 = 0.510371
       pc9 = -0.871558
      pc10 = -0.545045
      pc11 = 0.296596
      pc12 = -0.282544
      pc13 = -0.0455904
      pc14 = 0.129739
      pc15 = 0.0192185
      pc16 = -0.00269732
      pc17 = 0.00501282
Constrained:
   Tgbecnw = 84956.4
     Tecnw = 23265.9
       Tnw = 15351.3
       Tec = 18287.8
     twoNb = 422827
     twoNe = 179334
     twoNc = 593776
     twoNw = 2.89201e+06
    twoNec = 34697.9
    twoNnw = 41036.5
  twoNecnw = 75424.4
  twoNbecnw = 3632.77
  twoNgbecnw = 395137
         m = 0.0816166
        m2 = 0.0241625
        m4 = 0.00190479
        m5 = 0.169824
        Tb = 20776.8
        Ta = 47988.4
        Td = 9143.89
        Te = 7675.66
#       SitePat  BranchLen
              b 123693.8020286
              e 47943.4638098
              c 50346.1977380
              n 45372.7687783
              w 45355.0722969
            b:e 2126.2259507
            b:c 2429.5395123
            b:n 1715.3766722
            b:w 1714.1275056
            e:c 10348.2861118
            e:n 5453.2087286
            e:w 5470.9052099
            c:n 4811.8068150
            c:w 4807.5734453
            n:w 12501.0028786
          b:e:c 2012.6380681
          b:e:n 1059.7489352
          b:e:w 1060.9981018
          b:c:n 1071.3472179
          b:c:w 1069.9708697
          b:n:w 1984.6963853
          e:c:n 4592.9697737
          e:c:w 4597.2031434
          e:n:w 6386.2553262
          c:n:w 5371.2733305
        b:e:c:n 1986.3225701
        b:e:c:w 1987.6989182
        b:e:n:w 3126.0502673
        b:c:n:w 2719.1473640
        e:c:n:w 51605.7156028
