########################################
# legofit: estimate population history #
#       version 2.3.4-4-g53f8760       #
########################################

# Program was compiled: Sep 21 2021 14:36:42
# Program was run: Sat Sep 25 19:58:58 2021

# cmd: legofit -1 -d 0 -t 32 --ptsPerDim 3 --stateOut b1boot21.state --tol 3e-6 -S 5000 abde2.lgo ../../boot/boot21.opf
# Stage nOptItr nSimReps
#     0    5000        0
# algorithm          : deterministic
# ignoring probs <=  : 0
# Branch length floor: 0
# DE strategy        : 2
#    F               : 0.3
#    CR              : 0.8
#    tolerance       : 3e-06
# nthreads           : 32
# lgo input file     : abde2.lgo
# site pat input file: ../../boot/boot21.opf
# free parameters    : 17
# points in DE swarm : 51
# output state file  : b1boot21.state
# Including singleton site patterns.
# cost function      : KL
Initial parameter values
Fixed:
      zero = 0
       one = 1
    Tbecnw = 75200
Free:
       pc1 = 0
       pc2 = 0
       pc3 = 0
       pc4 = 0
       pc5 = 0
       pc6 = 0
       pc7 = 0
       pc8 = 0
       pc9 = 0
      pc10 = 0
      pc11 = 0
      pc12 = 0
      pc13 = 0
      pc14 = 0
      pc15 = 0
      pc16 = 0
      pc17 = 0
Constrained:
   Tgbecnw = 102832
     Tecnw = 24648.2
       Tnw = 14613.5
       Tec = 17164.5
     twoNb = 511344
     twoNe = 589825
     twoNc = 390500
     twoNw = 2.05235e+06
    twoNec = 53415.8
    twoNnw = 53005.6
  twoNecnw = 76706.8
  twoNbecnw = 10252
  twoNgbecnw = 348596
         m = 0.0951851
        m2 = 0.0238075
        m4 = 0.00187732
        m5 = 0.170862
        Tb = 20906.3
        Ta = 48053.2
        Td = 8582.27
        Te = 7306.76
DiffEv reached_goal. cost=1.76505e-03 spread=2.92647e-06
Fitted parameter values
Free:
       pc1 = 3.94907
       pc2 = 3.25056
       pc3 = 0.49231
       pc4 = 1.92963
       pc5 = -0.572426
       pc6 = 0.327892
       pc7 = -0.679585
       pc8 = 1.12399
       pc9 = -1.028
      pc10 = -0.587633
      pc11 = -0.355448
      pc12 = -0.226872
      pc13 = -0.0313274
      pc14 = 0.0303413
      pc15 = 0.0252952
      pc16 = -0.00481712
      pc17 = 0.00420573
Constrained:
   Tgbecnw = 84500.6
     Tecnw = 23341.3
       Tnw = 16243.8
       Tec = 17877.5
     twoNb = 405155
     twoNe = 53791.7
     twoNc = 288407
     twoNw = 2.92846e+06
    twoNec = 38484
    twoNnw = 36155.7
  twoNecnw = 74902.6
  twoNbecnw = 3498.53
  twoNgbecnw = 390677
         m = 0.0816717
        m2 = 0.0239176
        m4 = 0.00198731
        m5 = 0.170937
        Tb = 20609.4
        Ta = 47904.7
        Td = 8938.73
        Te = 8121.88
#       SitePat  BranchLen
              b 123487.2642946
              e 47924.6780708
              c 50343.5813553
              n 45341.9828655
              w 45323.7078077
            b:e 2148.5755416
            b:c 2462.0314149
            b:n 1722.0112386
            b:w 1720.6912460
            e:c 10337.4895953
            e:n 5440.7083409
            e:w 5458.9833986
            c:n 4801.6496822
            c:w 4797.2044663
            n:w 12480.4656724
          b:e:c 2031.1272496
          b:e:n 1066.1618348
          b:e:w 1067.4818274
          b:c:n 1078.1390597
          b:c:w 1076.6848566
          b:n:w 1999.4027451
          e:c:n 4587.8205186
          e:c:w 4592.2657345
          e:n:w 6444.9286509
          c:n:w 5405.4970931
        b:e:c:n 1993.5221050
        b:e:c:w 1994.9763082
        b:e:n:w 3139.6997961
        b:c:n:w 2726.4294958
        e:c:n:w 51485.7801911
