########################################
# legofit: estimate population history #
#       version 2.3.4-4-g53f8760       #
########################################

# Program was compiled: Sep 21 2021 14:36:42
# Program was run: Sat Sep 25 19:52:53 2021

# cmd: legofit -1 -d 0 -t 32 --ptsPerDim 3 --stateOut b1boot0.state --tol 3e-6 -S 5000 abde2.lgo ../../boot/boot0.opf
# Stage nOptItr nSimReps
#     0    5000        0
# algorithm          : deterministic
# ignoring probs <=  : 0
# Branch length floor: 0
# DE strategy        : 2
#    F               : 0.3
#    CR              : 0.8
#    tolerance       : 3e-06
# nthreads           : 32
# lgo input file     : abde2.lgo
# site pat input file: ../../boot/boot0.opf
# free parameters    : 17
# points in DE swarm : 51
# output state file  : b1boot0.state
# Including singleton site patterns.
# cost function      : KL
Initial parameter values
Fixed:
      zero = 0
       one = 1
    Tbecnw = 75200
Free:
       pc1 = 0
       pc2 = 0
       pc3 = 0
       pc4 = 0
       pc5 = 0
       pc6 = 0
       pc7 = 0
       pc8 = 0
       pc9 = 0
      pc10 = 0
      pc11 = 0
      pc12 = 0
      pc13 = 0
      pc14 = 0
      pc15 = 0
      pc16 = 0
      pc17 = 0
Constrained:
   Tgbecnw = 102832
     Tecnw = 24648.2
       Tnw = 14613.5
       Tec = 17164.5
     twoNb = 511344
     twoNe = 589825
     twoNc = 390500
     twoNw = 2.05235e+06
    twoNec = 53415.8
    twoNnw = 53005.6
  twoNecnw = 76706.8
  twoNbecnw = 10252
  twoNgbecnw = 348596
         m = 0.0951851
        m2 = 0.0238075
        m4 = 0.00187732
        m5 = 0.170862
        Tb = 20906.3
        Ta = 48053.2
        Td = 8582.27
        Te = 7306.76
DiffEv reached_goal. cost=1.77704e-03 spread=2.81487e-06
Fitted parameter values
Free:
       pc1 = 3.9515
       pc2 = 3.67909
       pc3 = 0.142437
       pc4 = 1.91231
       pc5 = -0.604052
       pc6 = 0.837253
       pc7 = -0.961376
       pc8 = 1.57098
       pc9 = -0.156327
      pc10 = 0.0115524
      pc11 = 0.51851
      pc12 = 0.242474
      pc13 = -0.0513724
      pc14 = 0.0963739
      pc15 = 0.000542436
      pc16 = 0.0280114
      pc17 = 0.0123217
Constrained:
   Tgbecnw = 83666.6
     Tecnw = 23216.5
       Tnw = 15583.2
       Tec = 17977.4
     twoNb = 394955
     twoNe = 122038
     twoNc = 79814.7
     twoNw = 2.20593e+06
    twoNec = 37560.9
    twoNnw = 39395.5
  twoNecnw = 75948.1
  twoNbecnw = 3135
  twoNgbecnw = 404784
         m = 0.0791348
        m2 = 0.023339
        m4 = 0.00116635
        m5 = 0.173166
        Tb = 20597
        Ta = 47898.5
        Td = 8988.71
        Te = 7791.61
#       SitePat  BranchLen
              b 123207.3313030
              e 47944.5460670
              c 50354.7426763
              n 45349.9142709
              w 45326.0220319
            b:e 2131.2487218
            b:c 2428.2266345
            b:n 1714.7961956
            b:w 1713.0981487
            e:c 10260.9595343
            e:n 5466.4983399
            e:w 5490.3905788
            c:n 4820.6673399
            c:w 4814.9410801
            n:w 12453.5866554
          b:e:c 2011.6117511
          b:e:n 1066.3060559
          b:e:w 1068.0041028
          b:c:n 1078.4187526
          b:c:w 1076.5444947
          b:n:w 1979.6308251
          e:c:n 4557.9395601
          e:c:w 4563.6658199
          e:n:w 6376.9347459
          c:n:w 5357.9368945
        b:e:c:n 1991.2862756
        b:e:c:w 1993.1605335
        b:e:n:w 3096.1855808
        b:c:n:w 2708.6362903
        e:c:n:w 51245.7481313
