########################################
# legofit: estimate population history #
#       version 2.3.4-4-g53f8760       #
########################################

# Program was compiled: Sep 21 2021 14:36:42
# Program was run: Sat Sep 25 19:55:01 2021

# cmd: legofit -1 -d 0 -t 32 --ptsPerDim 3 --stateOut b1boot9.state --tol 3e-6 -S 5000 abde2.lgo ../../boot/boot9.opf
# Stage nOptItr nSimReps
#     0    5000        0
# algorithm          : deterministic
# ignoring probs <=  : 0
# Branch length floor: 0
# DE strategy        : 2
#    F               : 0.3
#    CR              : 0.8
#    tolerance       : 3e-06
# nthreads           : 32
# lgo input file     : abde2.lgo
# site pat input file: ../../boot/boot9.opf
# free parameters    : 17
# points in DE swarm : 51
# output state file  : b1boot9.state
# Including singleton site patterns.
# cost function      : KL
Initial parameter values
Fixed:
      zero = 0
       one = 1
    Tbecnw = 75200
Free:
       pc1 = 0
       pc2 = 0
       pc3 = 0
       pc4 = 0
       pc5 = 0
       pc6 = 0
       pc7 = 0
       pc8 = 0
       pc9 = 0
      pc10 = 0
      pc11 = 0
      pc12 = 0
      pc13 = 0
      pc14 = 0
      pc15 = 0
      pc16 = 0
      pc17 = 0
Constrained:
   Tgbecnw = 102832
     Tecnw = 24648.2
       Tnw = 14613.5
       Tec = 17164.5
     twoNb = 511344
     twoNe = 589825
     twoNc = 390500
     twoNw = 2.05235e+06
    twoNec = 53415.8
    twoNnw = 53005.6
  twoNecnw = 76706.8
  twoNbecnw = 10252
  twoNgbecnw = 348596
         m = 0.0951851
        m2 = 0.0238075
        m4 = 0.00187732
        m5 = 0.170862
        Tb = 20906.3
        Ta = 48053.2
        Td = 8582.27
        Te = 7306.76
DiffEv reached_goal. cost=1.77503e-03 spread=2.85121e-06
Fitted parameter values
Free:
       pc1 = 3.99904
       pc2 = 3.47849
       pc3 = 0.562278
       pc4 = 1.89877
       pc5 = 0.393987
       pc6 = 0.475292
       pc7 = -0.441797
       pc8 = 0.584514
       pc9 = -0.266856
      pc10 = -0.353925
      pc11 = 0.408034
      pc12 = -0.170954
      pc13 = -0.218634
      pc14 = -0.0297586
      pc15 = 0.0451366
      pc16 = -0.0106138
      pc17 = 0.0172834
Constrained:
   Tgbecnw = 82475.5
     Tecnw = 23239.2
       Tnw = 15087.1
       Tec = 17853.4
     twoNb = 400685
     twoNe = 313385
     twoNc = 327425
     twoNw = 2.17602e+06
    twoNec = 37920.4
    twoNnw = 42407.8
  twoNecnw = 76093.5
  twoNbecnw = 2737.26
  twoNgbecnw = 391489
         m = 0.0826787
        m2 = 0.0238458
        m4 = 0.00207118
        m5 = 0.168545
        Tb = 20546.3
        Ta = 47873.1
        Td = 8926.68
        Te = 7543.56
#       SitePat  BranchLen
              b 123212.8212866
              e 47957.2699386
              c 50351.0229271
              n 45397.9009812
              w 45374.8446458
            b:e 2135.5236617
            b:c 2441.7002175
            b:n 1719.9022115
            b:w 1718.2772707
            e:c 10326.7318755
            e:n 5444.0995013
            e:w 5467.1558367
            c:n 4804.2933238
            c:w 4798.8317439
            n:w 12489.8025726
          b:e:c 2020.7030644
          b:e:n 1065.9713041
          b:e:w 1067.5962449
          b:c:n 1078.3708686
          b:c:w 1076.5749182
          b:n:w 1989.4054518
          e:c:n 4559.2914051
          e:c:w 4564.7529850
          e:n:w 6344.1453678
          c:n:w 5337.7087544
        b:e:c:n 2000.6895158
        b:e:c:w 2002.4854663
        b:e:n:w 3131.5759750
        b:c:n:w 2724.8350385
        e:c:n:w 51298.4405063
