########################################
# legofit: estimate population history #
#       version 2.3.4-4-g53f8760       #
########################################

# Program was compiled: Sep 21 2021 14:36:42
# Program was run: Sat Sep 25 19:52:57 2021

# cmd: legofit -1 -d 0 -t 32 --ptsPerDim 3 --stateOut b1boot2.state --tol 3e-6 -S 5000 abde2.lgo ../../boot/boot2.opf
# Stage nOptItr nSimReps
#     0    5000        0
# algorithm          : deterministic
# ignoring probs <=  : 0
# Branch length floor: 0
# DE strategy        : 2
#    F               : 0.3
#    CR              : 0.8
#    tolerance       : 3e-06
# nthreads           : 32
# lgo input file     : abde2.lgo
# site pat input file: ../../boot/boot2.opf
# free parameters    : 17
# points in DE swarm : 51
# output state file  : b1boot2.state
# Including singleton site patterns.
# cost function      : KL
Initial parameter values
Fixed:
      zero = 0
       one = 1
    Tbecnw = 75200
Free:
       pc1 = 0
       pc2 = 0
       pc3 = 0
       pc4 = 0
       pc5 = 0
       pc6 = 0
       pc7 = 0
       pc8 = 0
       pc9 = 0
      pc10 = 0
      pc11 = 0
      pc12 = 0
      pc13 = 0
      pc14 = 0
      pc15 = 0
      pc16 = 0
      pc17 = 0
Constrained:
   Tgbecnw = 102832
     Tecnw = 24648.2
       Tnw = 14613.5
       Tec = 17164.5
     twoNb = 511344
     twoNe = 589825
     twoNc = 390500
     twoNw = 2.05235e+06
    twoNec = 53415.8
    twoNnw = 53005.6
  twoNecnw = 76706.8
  twoNbecnw = 10252
  twoNgbecnw = 348596
         m = 0.0951851
        m2 = 0.0238075
        m4 = 0.00187732
        m5 = 0.170862
        Tb = 20906.3
        Ta = 48053.2
        Td = 8582.27
        Te = 7306.76
DiffEv reached_goal. cost=1.79062e-03 spread=2.52213e-06
Fitted parameter values
Free:
       pc1 = 3.94051
       pc2 = 3.02751
       pc3 = 1.66715
       pc4 = 1.8408
       pc5 = -0.625343
       pc6 = -0.232227
       pc7 = -0.432217
       pc8 = 0.582166
       pc9 = -1.19877
      pc10 = 0.404873
      pc11 = 0.565013
      pc12 = -0.0588654
      pc13 = -0.0851787
      pc14 = 0.00795067
      pc15 = -0.00572804
      pc16 = 0.00287415
      pc17 = 0.00600574
Constrained:
   Tgbecnw = 84602.9
     Tecnw = 23399
       Tnw = 15307.1
       Tec = 17857.2
     twoNb = 437675
     twoNe = 148864
     twoNc = 546496
     twoNw = 3.33246e+06
    twoNec = 39929.9
    twoNnw = 42031.8
  twoNecnw = 75492
  twoNbecnw = 3496.07
  twoNgbecnw = 399625
         m = 0.079535
        m2 = 0.0223945
        m4 = 0.00250117
        m5 = 0.168743
        Tb = 20628.1
        Ta = 47914
        Td = 8928.59
        Te = 7653.55
#       SitePat  BranchLen
              b 123265.3341849
              e 48054.4981365
              c 50452.8543773
              n 45462.4113896
              w 45447.1402592
            b:e 2122.4481645
            b:c 2429.0338761
            b:n 1725.3291844
            b:w 1724.2467190
            e:c 10280.5184132
            e:n 5466.2247969
            e:w 5481.4959273
            c:n 4824.5787459
            c:w 4820.9385948
            n:w 12467.5357691
          b:e:c 2016.5269519
          b:e:n 1070.9934290
          b:e:w 1072.0758943
          b:c:n 1082.6555493
          b:c:w 1081.4624240
          b:n:w 1986.8388222
          e:c:n 4578.9898550
          e:c:w 4582.6300061
          e:n:w 6372.5526649
          c:n:w 5361.9326350
        b:e:c:n 1999.5340578
        b:e:c:w 2000.7271831
        b:e:n:w 3112.8059199
        b:c:n:w 2699.6386943
        e:c:n:w 51177.6297915
