########################################
# legofit: estimate population history #
#       version 2.3.4-4-g53f8760       #
########################################

# Program was compiled: Sep 21 2021 14:36:42
# Program was run: Sat Sep 25 19:56:46 2021

# cmd: legofit -1 -d 0 -t 32 --ptsPerDim 3 --stateOut b1boot13.state --tol 3e-6 -S 5000 abde2.lgo ../../boot/boot13.opf
# Stage nOptItr nSimReps
#     0    5000        0
# algorithm          : deterministic
# ignoring probs <=  : 0
# Branch length floor: 0
# DE strategy        : 2
#    F               : 0.3
#    CR              : 0.8
#    tolerance       : 3e-06
# nthreads           : 32
# lgo input file     : abde2.lgo
# site pat input file: ../../boot/boot13.opf
# free parameters    : 17
# points in DE swarm : 51
# output state file  : b1boot13.state
# Including singleton site patterns.
# cost function      : KL
Initial parameter values
Fixed:
      zero = 0
       one = 1
    Tbecnw = 75200
Free:
       pc1 = 0
       pc2 = 0
       pc3 = 0
       pc4 = 0
       pc5 = 0
       pc6 = 0
       pc7 = 0
       pc8 = 0
       pc9 = 0
      pc10 = 0
      pc11 = 0
      pc12 = 0
      pc13 = 0
      pc14 = 0
      pc15 = 0
      pc16 = 0
      pc17 = 0
Constrained:
   Tgbecnw = 102832
     Tecnw = 24648.2
       Tnw = 14613.5
       Tec = 17164.5
     twoNb = 511344
     twoNe = 589825
     twoNc = 390500
     twoNw = 2.05235e+06
    twoNec = 53415.8
    twoNnw = 53005.6
  twoNecnw = 76706.8
  twoNbecnw = 10252
  twoNgbecnw = 348596
         m = 0.0951851
        m2 = 0.0238075
        m4 = 0.00187732
        m5 = 0.170862
        Tb = 20906.3
        Ta = 48053.2
        Td = 8582.27
        Te = 7306.76
DiffEv reached_goal. cost=1.77037e-03 spread=2.98118e-06
Fitted parameter values
Free:
       pc1 = 3.85145
       pc2 = 3.37562
       pc3 = 1.66848
       pc4 = 1.86593
       pc5 = 0.233875
       pc6 = 0.533807
       pc7 = 0.273536
       pc8 = 0.281233
       pc9 = -0.388913
      pc10 = 1.06866
      pc11 = -0.144392
      pc12 = -0.66087
      pc13 = -0.119913
      pc14 = 0.141916
      pc15 = -0.0151634
      pc16 = -0.0392017
      pc17 = -0.0277522
Constrained:
   Tgbecnw = 83674.9
     Tecnw = 23466
       Tnw = 14730.5
       Tec = 17801.1
     twoNb = 381138
     twoNe = 697032
     twoNc = 411503
     twoNw = 2.49867e+06
    twoNec = 39377.3
    twoNnw = 45843.6
  twoNecnw = 74427.8
  twoNbecnw = 3167.78
  twoNgbecnw = 396982
         m = 0.0804222
        m2 = 0.0227082
        m4 = 0.00326982
        m5 = 0.17056
        Tb = 20633.5
        Ta = 47916.8
        Td = 8900.54
        Te = 7365.24
#       SitePat  BranchLen
              b 123261.1340733
              e 47762.1087820
              c 50207.0518628
              n 45331.1044660
              w 45311.1607052
            b:e 2115.5224189
            b:c 2443.9471284
            b:n 1717.4037861
            b:w 1716.0095678
            e:c 10315.8626006
            e:n 5442.4342473
            e:w 5462.3780081
            c:n 4790.7095473
            c:w 4785.9987379
            n:w 12425.7860196
          b:e:c 2006.5863201
          b:e:n 1059.8453983
          b:e:w 1061.2396166
          b:c:n 1072.5328420
          b:c:w 1070.9957475
          b:n:w 1974.8729186
          e:c:n 4593.1090118
          e:c:w 4597.8198212
          e:n:w 6363.0579362
          c:n:w 5330.4747393
        b:e:c:n 1989.3222645
        b:e:c:w 1990.8593590
        b:e:n:w 3104.6169631
        b:c:n:w 2669.4927235
        e:c:n:w 51389.6185248
