########################################
# legofit: estimate population history #
#       version 2.3.4-4-g53f8760       #
########################################

# Program was compiled: Sep 21 2021 14:36:42
# Program was run: Sat Sep 25 19:54:25 2021

# cmd: legofit -1 -d 0 -t 32 --ptsPerDim 3 --stateOut b1boot5.state --tol 3e-6 -S 5000 abde2.lgo ../../boot/boot5.opf
# Stage nOptItr nSimReps
#     0    5000        0
# algorithm          : deterministic
# ignoring probs <=  : 0
# Branch length floor: 0
# DE strategy        : 2
#    F               : 0.3
#    CR              : 0.8
#    tolerance       : 3e-06
# nthreads           : 32
# lgo input file     : abde2.lgo
# site pat input file: ../../boot/boot5.opf
# free parameters    : 17
# points in DE swarm : 51
# output state file  : b1boot5.state
# Including singleton site patterns.
# cost function      : KL
Initial parameter values
Fixed:
      zero = 0
       one = 1
    Tbecnw = 75200
Free:
       pc1 = 0
       pc2 = 0
       pc3 = 0
       pc4 = 0
       pc5 = 0
       pc6 = 0
       pc7 = 0
       pc8 = 0
       pc9 = 0
      pc10 = 0
      pc11 = 0
      pc12 = 0
      pc13 = 0
      pc14 = 0
      pc15 = 0
      pc16 = 0
      pc17 = 0
Constrained:
   Tgbecnw = 102832
     Tecnw = 24648.2
       Tnw = 14613.5
       Tec = 17164.5
     twoNb = 511344
     twoNe = 589825
     twoNc = 390500
     twoNw = 2.05235e+06
    twoNec = 53415.8
    twoNnw = 53005.6
  twoNecnw = 76706.8
  twoNbecnw = 10252
  twoNgbecnw = 348596
         m = 0.0951851
        m2 = 0.0238075
        m4 = 0.00187732
        m5 = 0.170862
        Tb = 20906.3
        Ta = 48053.2
        Td = 8582.27
        Te = 7306.76
DiffEv reached_goal. cost=1.77542e-03 spread=2.44274e-06
Fitted parameter values
Free:
       pc1 = 3.78046
       pc2 = 3.74031
       pc3 = 0.33597
       pc4 = 1.8928
       pc5 = -0.279257
       pc6 = 0.973337
       pc7 = -0.476181
       pc8 = 0.940948
       pc9 = -0.686814
      pc10 = -0.921938
      pc11 = 0.140256
      pc12 = -0.0119013
      pc13 = -0.0303007
      pc14 = 0.118677
      pc15 = 0.0379731
      pc16 = 0.000313234
      pc17 = 0.00126485
Constrained:
   Tgbecnw = 83887.4
     Tecnw = 23231.9
       Tnw = 15475.6
       Tec = 17929
     twoNb = 393860
     twoNe = 162260
     twoNc = 66528.1
     twoNw = 2.67361e+06
    twoNec = 37087.5
    twoNnw = 40018.8
  twoNecnw = 75166.6
  twoNbecnw = 3241.11
  twoNgbecnw = 396846
         m = 0.0806619
        m2 = 0.0244198
        m4 = 0.00162914
        m5 = 0.169188
        Tb = 20580.4
        Ta = 47890.2
        Td = 8964.5
        Te = 7737.79
#       SitePat  BranchLen
              b 123284.6220266
              e 47841.9648789
              c 50221.5348386
              n 45269.5533811
              w 45250.4358219
            b:e 2135.5815623
            b:c 2437.1784027
            b:n 1710.2162669
            b:w 1708.8628717
            e:c 10337.9103549
            e:n 5434.7537656
            e:w 5453.8713247
            c:n 4799.4203358
            c:w 4794.8354195
            n:w 12484.5476847
          b:e:c 2013.3473269
          b:e:n 1057.7653737
          b:e:w 1059.1187689
          b:c:n 1069.4954641
          b:c:w 1068.0030297
          b:n:w 1982.2688610
          e:c:n 4577.7107416
          e:c:w 4582.2956580
          e:n:w 6384.6127905
          c:n:w 5374.2891417
        b:e:c:n 1982.8509689
        b:e:c:w 1984.3434033
        b:e:n:w 3115.7304702
        b:c:n:w 2718.6422685
        e:c:n:w 51366.1698230
