########################################
# legofit: estimate population history #
#       version 2.3.4-4-g53f8760       #
########################################

# Program was compiled: Sep 21 2021 14:36:42
# Program was run: Sat Sep 25 19:54:54 2021

# cmd: legofit -1 -d 0 -t 32 --ptsPerDim 3 --stateOut b1boot7.state --tol 3e-6 -S 5000 abde2.lgo ../../boot/boot7.opf
# Stage nOptItr nSimReps
#     0    5000        0
# algorithm          : deterministic
# ignoring probs <=  : 0
# Branch length floor: 0
# DE strategy        : 2
#    F               : 0.3
#    CR              : 0.8
#    tolerance       : 3e-06
# nthreads           : 32
# lgo input file     : abde2.lgo
# site pat input file: ../../boot/boot7.opf
# free parameters    : 17
# points in DE swarm : 51
# output state file  : b1boot7.state
# Including singleton site patterns.
# cost function      : KL
Initial parameter values
Fixed:
      zero = 0
       one = 1
    Tbecnw = 75200
Free:
       pc1 = 0
       pc2 = 0
       pc3 = 0
       pc4 = 0
       pc5 = 0
       pc6 = 0
       pc7 = 0
       pc8 = 0
       pc9 = 0
      pc10 = 0
      pc11 = 0
      pc12 = 0
      pc13 = 0
      pc14 = 0
      pc15 = 0
      pc16 = 0
      pc17 = 0
Constrained:
   Tgbecnw = 102832
     Tecnw = 24648.2
       Tnw = 14613.5
       Tec = 17164.5
     twoNb = 511344
     twoNe = 589825
     twoNc = 390500
     twoNw = 2.05235e+06
    twoNec = 53415.8
    twoNnw = 53005.6
  twoNecnw = 76706.8
  twoNbecnw = 10252
  twoNgbecnw = 348596
         m = 0.0951851
        m2 = 0.0238075
        m4 = 0.00187732
        m5 = 0.170862
        Tb = 20906.3
        Ta = 48053.2
        Td = 8582.27
        Te = 7306.76
DiffEv reached_goal. cost=1.79469e-03 spread=2.93713e-06
Fitted parameter values
Free:
       pc1 = 3.98961
       pc2 = 2.68037
       pc3 = 0.461712
       pc4 = 1.9182
       pc5 = -0.805256
       pc6 = 0.427005
       pc7 = -0.431501
       pc8 = 1.67454
       pc9 = -1.41906
      pc10 = -0.137074
      pc11 = 0.752346
      pc12 = -0.364868
      pc13 = 0.0376064
      pc14 = 0.117939
      pc15 = -0.0476657
      pc16 = -0.0589112
      pc17 = 0.0169013
Constrained:
   Tgbecnw = 84615.5
     Tecnw = 23197.6
       Tnw = 15920.3
       Tec = 18188.9
     twoNb = 477549
     twoNe = 72159.9
     twoNc = 72216.4
     twoNw = 3.25309e+06
    twoNec = 35320.3
    twoNnw = 38412.9
  twoNecnw = 75744.2
  twoNbecnw = 3525.73
  twoNgbecnw = 391129
         m = 0.0825275
        m2 = 0.023137
        m4 = 0.00189406
        m5 = 0.173147
        Tb = 20693.2
        Ta = 47946.6
        Td = 9094.43
        Te = 7960.13
#       SitePat  BranchLen
              b 123706.5994176
              e 47937.7733378
              c 50334.4441753
              n 45502.2909898
              w 45485.7673155
            b:e 2109.1015081
            b:c 2407.5286210
            b:n 1727.2027289
            b:w 1726.0193863
            e:c 10312.1375515
            e:n 5484.3474125
            e:w 5500.8710868
            c:n 4845.2084441
            c:w 4841.2068502
            n:w 12357.2845234
          b:e:c 2005.8926364
          b:e:n 1069.2243492
          b:e:w 1070.4076919
          b:c:n 1080.6509420
          b:c:w 1079.3476435
          b:n:w 1981.2639717
          e:c:n 4611.1948972
          e:c:w 4615.1964911
          e:n:w 6362.4131802
          c:n:w 5352.7297505
        b:e:c:n 1999.2507780
        b:e:c:w 2000.5540765
        b:e:n:w 3112.2810527
        b:c:n:w 2705.3031552
        e:c:n:w 51589.9820584
