########################################
# legofit: estimate population history #
#       version 2.3.4-4-g53f8760       #
########################################

# Program was compiled: Sep 21 2021 14:36:42
# Program was run: Sat Oct  9 10:41:22 2021

# cmd: legofit -1 -d 0 -t 32 --ptsPerDim 3 --stateOut b1.state --tol 3e-6 -S 5000 abe2.lgo ../../pan.opf
# Stage nOptItr nSimReps
#     0    5000        0
# algorithm          : deterministic
# ignoring probs <=  : 0
# Branch length floor: 0
# DE strategy        : 2
#    F               : 0.3
#    CR              : 0.8
#    tolerance       : 3e-06
# nthreads           : 32
# lgo input file     : abe2.lgo
# site pat input file: ../../pan.opf
# free parameters    : 15
# points in DE swarm : 45
# output state file  : b1.state
# Including singleton site patterns.
# cost function      : KL
Initial parameter values
Fixed:
      zero = 0
       one = 1
    Tbecnw = 75200
Free:
       pc1 = 0
       pc2 = 0
       pc3 = 0
       pc4 = 0
       pc5 = 0
       pc6 = 0
       pc7 = 0
       pc8 = 0
       pc9 = 0
      pc10 = 0
      pc11 = 0
      pc12 = 0
      pc13 = 0
      pc14 = 0
      pc15 = 0
Constrained:
   Tgbecnw = 101827
     Tecnw = 26243.5
       Tnw = 10657.6
       Tec = 17185.3
     twoNb = 1.17959e+06
     twoNe = 392459
     twoNw = 2.14587e+06
    twoNec = 62204.2
    twoNnw = 85767.8
  twoNecnw = 79452.5
  twoNbecnw = 12376.7
  twoNgbecnw = 204969
         m = 0.191454
        m2 = 0.0265256
        m5 = 0.182434
        Tb = 21714.4
        Ta = 48457.2
        Te = 8592.66
DiffEv reached_goal. cost=1.80303e-03 spread=2.76411e-06
Fitted parameter values
Free:
       pc1 = 0.630511
       pc2 = -2.41597
       pc3 = 0.837966
       pc4 = 1.95135
       pc5 = -1.42329
       pc6 = -1.96239
       pc7 = 1.47187
       pc8 = -0.223515
       pc9 = -0.229546
      pc10 = -0.215751
      pc11 = 0.196538
      pc12 = -0.336352
      pc13 = -0.00911852
      pc14 = -0.000309407
      pc15 = 0.1115
Constrained:
   Tgbecnw = 95752.2
     Tecnw = 25157.4
       Tnw = 12544.7
       Tec = 16910.1
     twoNb = 1.10701e+06
     twoNe = 447599
     twoNw = 3.66911e+06
    twoNec = 56441.6
    twoNnw = 67532.8
  twoNecnw = 79486.4
  twoNbecnw = 9478.25
  twoNgbecnw = 221106
         m = 0.165193
        m2 = 0.0259936
        m5 = 0.181459
        Tb = 21033.8
        Ta = 48116.9
        Te = 8455.07
#       SitePat  BranchLen
              b 130087.3504883
              e 50508.6143545
              c 53160.9666305
              n 47855.5424659
              w 47846.8236867
            b:e 2258.4153828
            b:c 2555.8237780
            b:n 1850.7106627
            b:w 1850.1073501
            e:c 10919.3956185
            e:n 5775.4112963
            e:w 5784.1300755
            c:n 5029.9149225
            c:w 5027.9161276
            n:w 13185.0084945
          b:e:c 2108.2488467
          b:e:n 1133.8512238
          b:e:w 1134.4545364
          b:c:n 1142.4639090
          b:c:w 1141.8083376
          b:n:w 2108.2629277
          e:c:n 4858.0391000
          e:c:w 4860.0378948
          e:n:w 6699.3672933
          c:n:w 5630.9238201
        b:e:c:n 2100.6201444
        b:e:c:w 2101.2757158
        b:e:n:w 3267.3192894
        b:c:n:w 2871.7458013
        e:c:n:w 54203.2782602
