########################################
# legofit: estimate population history #
#       version 2.3.4-4-g53f8760       #
########################################

# Program was compiled: Sep 21 2021 14:36:42
# Program was run: Sat Oct  9 10:42:39 2021

# cmd: legofit -1 -d 0 -t 32 --ptsPerDim 3 --stateOut b1boot10.state --tol 3e-6 -S 5000 abe2.lgo ../../boot/boot10.opf
# Stage nOptItr nSimReps
#     0    5000        0
# algorithm          : deterministic
# ignoring probs <=  : 0
# Branch length floor: 0
# DE strategy        : 2
#    F               : 0.3
#    CR              : 0.8
#    tolerance       : 3e-06
# nthreads           : 32
# lgo input file     : abe2.lgo
# site pat input file: ../../boot/boot10.opf
# free parameters    : 15
# points in DE swarm : 45
# output state file  : b1boot10.state
# Including singleton site patterns.
# cost function      : KL
Initial parameter values
Fixed:
      zero = 0
       one = 1
    Tbecnw = 75200
Free:
       pc1 = 0
       pc2 = 0
       pc3 = 0
       pc4 = 0
       pc5 = 0
       pc6 = 0
       pc7 = 0
       pc8 = 0
       pc9 = 0
      pc10 = 0
      pc11 = 0
      pc12 = 0
      pc13 = 0
      pc14 = 0
      pc15 = 0
Constrained:
   Tgbecnw = 101827
     Tecnw = 26243.5
       Tnw = 10657.6
       Tec = 17185.3
     twoNb = 1.17959e+06
     twoNe = 392459
     twoNw = 2.14587e+06
    twoNec = 62204.2
    twoNnw = 85767.8
  twoNecnw = 79452.5
  twoNbecnw = 12376.7
  twoNgbecnw = 204969
         m = 0.191454
        m2 = 0.0265256
        m5 = 0.182434
        Tb = 21714.4
        Ta = 48457.2
        Te = 8592.66
DiffEv reached_goal. cost=1.79394e-03 spread=2.72078e-06
Fitted parameter values
Free:
       pc1 = 1.64217
       pc2 = -2.82859
       pc3 = 1.07163
       pc4 = 1.96895
       pc5 = -1.68825
       pc6 = -1.84773
       pc7 = 1.8033
       pc8 = -1.9748
       pc9 = -1.19259
      pc10 = -0.691596
      pc11 = 0.194755
      pc12 = -0.382013
      pc13 = -0.044714
      pc14 = 0.0528544
      pc15 = 0.0802657
Constrained:
   Tgbecnw = 93838.9
     Tecnw = 24888.9
       Tnw = 12684.7
       Tec = 17540.5
     twoNb = 643504
     twoNe = 165439
     twoNw = 3.15421e+06
    twoNec = 50536.7
    twoNnw = 64978
  twoNecnw = 77631.4
  twoNbecnw = 8247.16
  twoNgbecnw = 245847
         m = 0.144456
        m2 = 0.025347
        m5 = 0.182428
        Tb = 21214.7
        Ta = 48207.3
        Te = 8770.23
#       SitePat  BranchLen
              b 128682.9453078
              e 49851.7922348
              c 52474.8277999
              n 47206.0789167
              w 47196.5337291
            b:e 2236.2137780
            b:c 2535.2778979
            b:n 1818.8714799
            b:w 1818.2071306
            e:c 10717.2999023
            e:n 5707.8258063
            e:w 5717.3709939
            c:n 4971.5846355
            c:w 4969.3740717
            n:w 13010.2370219
          b:e:c 2083.4020345
          b:e:n 1117.3508089
          b:e:w 1118.0151582
          b:c:n 1126.6028229
          b:c:w 1125.8789092
          b:n:w 2073.1272156
          e:c:n 4798.4363489
          e:c:w 4800.6469127
          e:n:w 6636.1523217
          c:n:w 5570.6645022
        b:e:c:n 2072.8758780
        b:e:c:w 2073.5997917
        b:e:n:w 3210.6642646
        b:c:n:w 2821.1746347
        e:c:n:w 53772.5613464
