########################################
# legofit: estimate population history #
#       version 2.3.4-4-g53f8760       #
########################################

# Program was compiled: Sep 21 2021 14:36:42
# Program was run: Sat Oct  9 10:42:13 2021

# cmd: legofit -1 -d 0 -t 32 --ptsPerDim 3 --stateOut b1boot6.state --tol 3e-6 -S 5000 abe2.lgo ../../boot/boot6.opf
# Stage nOptItr nSimReps
#     0    5000        0
# algorithm          : deterministic
# ignoring probs <=  : 0
# Branch length floor: 0
# DE strategy        : 2
#    F               : 0.3
#    CR              : 0.8
#    tolerance       : 3e-06
# nthreads           : 32
# lgo input file     : abe2.lgo
# site pat input file: ../../boot/boot6.opf
# free parameters    : 15
# points in DE swarm : 45
# output state file  : b1boot6.state
# Including singleton site patterns.
# cost function      : KL
Initial parameter values
Fixed:
      zero = 0
       one = 1
    Tbecnw = 75200
Free:
       pc1 = 0
       pc2 = 0
       pc3 = 0
       pc4 = 0
       pc5 = 0
       pc6 = 0
       pc7 = 0
       pc8 = 0
       pc9 = 0
      pc10 = 0
      pc11 = 0
      pc12 = 0
      pc13 = 0
      pc14 = 0
      pc15 = 0
Constrained:
   Tgbecnw = 101827
     Tecnw = 26243.5
       Tnw = 10657.6
       Tec = 17185.3
     twoNb = 1.17959e+06
     twoNe = 392459
     twoNw = 2.14587e+06
    twoNec = 62204.2
    twoNnw = 85767.8
  twoNecnw = 79452.5
  twoNbecnw = 12376.7
  twoNgbecnw = 204969
         m = 0.191454
        m2 = 0.0265256
        m5 = 0.182434
        Tb = 21714.4
        Ta = 48457.2
        Te = 8592.66
DiffEv reached_goal. cost=1.77416e-03 spread=2.72833e-06
Fitted parameter values
Free:
       pc1 = 1.50488
       pc2 = -3.35913
       pc3 = 0.251883
       pc4 = 1.96025
       pc5 = -1.37358
       pc6 = -1.8441
       pc7 = 1.71271
       pc8 = -1.75352
       pc9 = -1.86278
      pc10 = -1.01196
      pc11 = 0.0297575
      pc12 = -0.348059
      pc13 = -0.105423
      pc14 = -0.0176283
      pc15 = 0.0606857
Constrained:
   Tgbecnw = 91552.8
     Tecnw = 24925.3
       Tnw = 12631.6
       Tec = 18763.8
     twoNb = 706134
     twoNe = 134891
     twoNw = 3.25251e+06
    twoNec = 41813.5
    twoNnw = 66416.9
  twoNecnw = 77355.5
  twoNbecnw = 7455.9
  twoNgbecnw = 234175
         m = 0.152891
        m2 = 0.0255788
        m5 = 0.181596
        Tb = 21844.6
        Ta = 48522.3
        Te = 9381.92
#       SitePat  BranchLen
              b 128316.2295524
              e 49830.8243522
              c 52407.4555670
              n 47233.0976985
              w 47225.4981185
            b:e 2221.2746536
            b:c 2514.6489675
            b:n 1815.3276618
            b:w 1814.7966946
            e:c 10646.1027726
            e:n 5680.0906430
            e:w 5687.6902230
            c:n 4954.2755106
            c:w 4952.5070552
            n:w 12910.0281869
          b:e:c 2071.9316682
          b:e:n 1112.6091900
          b:e:w 1113.1401572
          b:c:n 1121.5472496
          b:c:w 1120.9684972
          b:n:w 2064.2763237
          e:c:n 4797.5997084
          e:c:w 4799.3681638
          e:n:w 6578.0084042
          c:n:w 5535.7780578
        b:e:c:n 2069.8939756
        b:e:c:w 2070.4727280
        b:e:n:w 3190.0178970
        b:c:n:w 2806.4745106
        e:c:n:w 53554.5857214
