########################################
# legofit: estimate population history #
#       version 2.3.4-4-g53f8760       #
########################################

# Program was compiled: Sep 21 2021 14:36:42
# Program was run: Sat Oct  9 10:45:59 2021

# cmd: legofit -1 -d 0 -t 32 --ptsPerDim 3 --stateOut b1boot32.state --tol 3e-6 -S 5000 abe2.lgo ../../boot/boot32.opf
# Stage nOptItr nSimReps
#     0    5000        0
# algorithm          : deterministic
# ignoring probs <=  : 0
# Branch length floor: 0
# DE strategy        : 2
#    F               : 0.3
#    CR              : 0.8
#    tolerance       : 3e-06
# nthreads           : 32
# lgo input file     : abe2.lgo
# site pat input file: ../../boot/boot32.opf
# free parameters    : 15
# points in DE swarm : 45
# output state file  : b1boot32.state
# Including singleton site patterns.
# cost function      : KL
Initial parameter values
Fixed:
      zero = 0
       one = 1
    Tbecnw = 75200
Free:
       pc1 = 0
       pc2 = 0
       pc3 = 0
       pc4 = 0
       pc5 = 0
       pc6 = 0
       pc7 = 0
       pc8 = 0
       pc9 = 0
      pc10 = 0
      pc11 = 0
      pc12 = 0
      pc13 = 0
      pc14 = 0
      pc15 = 0
Constrained:
   Tgbecnw = 101827
     Tecnw = 26243.5
       Tnw = 10657.6
       Tec = 17185.3
     twoNb = 1.17959e+06
     twoNe = 392459
     twoNw = 2.14587e+06
    twoNec = 62204.2
    twoNnw = 85767.8
  twoNecnw = 79452.5
  twoNbecnw = 12376.7
  twoNgbecnw = 204969
         m = 0.191454
        m2 = 0.0265256
        m5 = 0.182434
        Tb = 21714.4
        Ta = 48457.2
        Te = 8592.66
DiffEv reached_goal. cost=1.83227e-03 spread=2.48480e-06
Fitted parameter values
Free:
       pc1 = -0.24216
       pc2 = -3.94584
       pc3 = 0.298167
       pc4 = 1.55877
       pc5 = -0.504651
       pc6 = -1.82709
       pc7 = 0.56675
       pc8 = -1.67498
       pc9 = -1.57185
      pc10 = -0.424682
      pc11 = 0.00227516
      pc12 = -0.112341
      pc13 = 0.110615
      pc14 = -0.0904624
      pc15 = 0.059813
Constrained:
   Tgbecnw = 88413.8
     Tecnw = 24821.2
       Tnw = 11744.5
       Tec = 18398.8
     twoNb = 1.30092e+06
     twoNe = 242407
     twoNw = 2.31541e+06
    twoNec = 43890.7
    twoNnw = 69941.8
  twoNecnw = 78820.5
  twoNbecnw = 6513.17
  twoNgbecnw = 203540
         m = 0.185303
        m2 = 0.0259142
        m5 = 0.180575
        Tb = 21610
        Ta = 48405
        Te = 9199.39
#       SitePat  BranchLen
              b 128889.0181834
              e 49966.1684181
              c 52592.7433459
              n 47208.1761170
              w 47199.7575857
            b:e 2220.1589834
            b:c 2513.1151475
            b:n 1806.8040456
            b:w 1806.2256821
            e:c 10690.4013187
            e:n 5700.2203189
            e:w 5708.6388502
            c:n 4957.4157356
            c:w 4955.4834074
            n:w 13080.5082216
          b:e:c 2065.5773771
          b:e:n 1108.6494222
          b:e:w 1109.2277857
          b:c:n 1117.2408928
          b:c:w 1116.6109057
          b:n:w 2063.9806156
          e:c:n 4783.1933765
          e:c:w 4785.1257047
          e:n:w 6612.8949667
          c:n:w 5558.4744110
        b:e:c:n 2058.4399874
        b:e:c:w 2059.0699744
        b:e:n:w 3196.8943602
        b:c:n:w 2811.7691022
        e:c:n:w 53878.1224251
