########################################
# legofit: estimate population history #
#       version 2.3.4-4-g53f8760       #
########################################

# Program was compiled: Sep 21 2021 14:36:42
# Program was run: Sat Oct  9 10:46:02 2021

# cmd: legofit -1 -d 0 -t 32 --ptsPerDim 3 --stateOut b1boot33.state --tol 3e-6 -S 5000 abe2.lgo ../../boot/boot33.opf
# Stage nOptItr nSimReps
#     0    5000        0
# algorithm          : deterministic
# ignoring probs <=  : 0
# Branch length floor: 0
# DE strategy        : 2
#    F               : 0.3
#    CR              : 0.8
#    tolerance       : 3e-06
# nthreads           : 32
# lgo input file     : abe2.lgo
# site pat input file: ../../boot/boot33.opf
# free parameters    : 15
# points in DE swarm : 45
# output state file  : b1boot33.state
# Including singleton site patterns.
# cost function      : KL
Initial parameter values
Fixed:
      zero = 0
       one = 1
    Tbecnw = 75200
Free:
       pc1 = 0
       pc2 = 0
       pc3 = 0
       pc4 = 0
       pc5 = 0
       pc6 = 0
       pc7 = 0
       pc8 = 0
       pc9 = 0
      pc10 = 0
      pc11 = 0
      pc12 = 0
      pc13 = 0
      pc14 = 0
      pc15 = 0
Constrained:
   Tgbecnw = 101827
     Tecnw = 26243.5
       Tnw = 10657.6
       Tec = 17185.3
     twoNb = 1.17959e+06
     twoNe = 392459
     twoNw = 2.14587e+06
    twoNec = 62204.2
    twoNnw = 85767.8
  twoNecnw = 79452.5
  twoNbecnw = 12376.7
  twoNgbecnw = 204969
         m = 0.191454
        m2 = 0.0265256
        m5 = 0.182434
        Tb = 21714.4
        Ta = 48457.2
        Te = 8592.66
DiffEv reached_goal. cost=1.77326e-03 spread=2.80236e-06
Fitted parameter values
Free:
       pc1 = 0.257651
       pc2 = -2.89484
       pc3 = 0.424082
       pc4 = 1.93501
       pc5 = -1.43013
       pc6 = -1.92733
       pc7 = 1.1918
       pc8 = -1.37763
       pc9 = -0.882598
      pc10 = -0.0861217
      pc11 = 0.305575
      pc12 = -0.1998
      pc13 = 0.0584878
      pc14 = -0.00107842
      pc15 = 0.0667081
Constrained:
   Tgbecnw = 92631.6
     Tecnw = 24879.8
       Tnw = 11905
       Tec = 17440.4
     twoNb = 1.21147e+06
     twoNe = 259469
     twoNw = 3.21356e+06
    twoNec = 51290.7
    twoNnw = 69608.8
  twoNecnw = 78802.8
  twoNbecnw = 8139.25
  twoNgbecnw = 218437
         m = 0.167987
        m2 = 0.0258196
        m5 = 0.182459
        Tb = 21160.1
        Ta = 48180.1
        Te = 8720.21
#       SitePat  BranchLen
              b 129266.0423975
              e 50078.1073822
              c 52732.3123144
              n 47355.9597226
              w 47348.2266681
            b:e 2212.3298448
            b:c 2504.8639474
            b:n 1810.9312443
            b:w 1810.4029689
            e:c 10753.8489276
            e:n 5743.1740194
            e:w 5750.9070739
            c:n 4993.6824811
            c:w 4991.9112237
            n:w 13096.3285492
          b:e:c 2061.8187118
          b:e:n 1112.0039027
          b:e:w 1112.5321781
          b:c:n 1120.4894985
          b:c:w 1119.9149874
          b:n:w 2061.5121223
          e:c:n 4806.6420794
          e:c:w 4808.4133368
          e:n:w 6640.9550257
          c:n:w 5577.3566350
        b:e:c:n 2058.2666359
        b:e:c:w 2058.8411470
        b:e:n:w 3211.0607347
        b:c:n:w 2820.5389438
        e:c:n:w 53932.6489232
