########################################
# legofit: estimate population history #
#       version 2.3.4-4-g53f8760       #
########################################

# Program was compiled: Sep 21 2021 14:36:42
# Program was run: Sat Oct  9 10:45:38 2021

# cmd: legofit -1 -d 0 -t 32 --ptsPerDim 3 --stateOut b1boot30.state --tol 3e-6 -S 5000 abe2.lgo ../../boot/boot30.opf
# Stage nOptItr nSimReps
#     0    5000        0
# algorithm          : deterministic
# ignoring probs <=  : 0
# Branch length floor: 0
# DE strategy        : 2
#    F               : 0.3
#    CR              : 0.8
#    tolerance       : 3e-06
# nthreads           : 32
# lgo input file     : abe2.lgo
# site pat input file: ../../boot/boot30.opf
# free parameters    : 15
# points in DE swarm : 45
# output state file  : b1boot30.state
# Including singleton site patterns.
# cost function      : KL
Initial parameter values
Fixed:
      zero = 0
       one = 1
    Tbecnw = 75200
Free:
       pc1 = 0
       pc2 = 0
       pc3 = 0
       pc4 = 0
       pc5 = 0
       pc6 = 0
       pc7 = 0
       pc8 = 0
       pc9 = 0
      pc10 = 0
      pc11 = 0
      pc12 = 0
      pc13 = 0
      pc14 = 0
      pc15 = 0
Constrained:
   Tgbecnw = 101827
     Tecnw = 26243.5
       Tnw = 10657.6
       Tec = 17185.3
     twoNb = 1.17959e+06
     twoNe = 392459
     twoNw = 2.14587e+06
    twoNec = 62204.2
    twoNnw = 85767.8
  twoNecnw = 79452.5
  twoNbecnw = 12376.7
  twoNgbecnw = 204969
         m = 0.191454
        m2 = 0.0265256
        m5 = 0.182434
        Tb = 21714.4
        Ta = 48457.2
        Te = 8592.66
DiffEv reached_goal. cost=1.81995e-03 spread=2.91292e-06
Fitted parameter values
Free:
       pc1 = -0.209702
       pc2 = -2.51294
       pc3 = 1.02994
       pc4 = 1.69302
       pc5 = -1.50688
       pc6 = -1.93457
       pc7 = 1.88968
       pc8 = -1.80836
       pc9 = -1.13688
      pc10 = -0.419844
      pc11 = 0.060034
      pc12 = -0.407382
      pc13 = 0.0190399
      pc14 = -0.0573542
      pc15 = 0.117519
Constrained:
   Tgbecnw = 89581.5
     Tecnw = 24942.6
       Tnw = 11589.6
       Tec = 16755.5
     twoNb = 828373
     twoNe = 314954
     twoNw = 3.24767e+06
    twoNec = 56277.8
    twoNnw = 71719.4
  twoNecnw = 78517.2
  twoNbecnw = 6799.42
  twoNgbecnw = 220160
         m = 0.168045
        m2 = 0.0255531
        m5 = 0.182603
        Tb = 20849
        Ta = 48024.5
        Te = 8377.73
#       SitePat  BranchLen
              b 128696.6665873
              e 49892.6678942
              c 52536.2329210
              n 47251.1614306
              w 47243.4042092
            b:e 2234.9131740
            b:c 2532.8445328
            b:n 1817.5374181
            b:w 1817.0075195
            e:c 10732.9327618
            e:n 5707.6126949
            e:w 5715.3699163
            c:n 4956.2725794
            c:w 4954.5165291
            n:w 13042.6008563
          b:e:c 2077.8165663
          b:e:n 1118.1244501
          b:e:w 1118.6543487
          b:c:n 1127.1616531
          b:c:w 1126.5833959
          b:n:w 2070.5509549
          e:c:n 4772.3241013
          e:c:w 4774.0801516
          e:n:w 6594.7972523
          c:n:w 5536.7574176
        b:e:c:n 2076.4093015
        b:e:c:w 2076.9875588
        b:e:n:w 3209.6100699
        b:c:n:w 2821.3806442
        e:c:n:w 53819.9485781
