########################################
# legofit: estimate population history #
#       version 2.3.4-4-g53f8760       #
########################################

# Program was compiled: Sep 21 2021 14:36:42
# Program was run: Sat Oct  9 10:48:29 2021

# cmd: legofit -1 -d 0 -t 32 --ptsPerDim 3 --stateOut b1boot48.state --tol 3e-6 -S 5000 abe2.lgo ../../boot/boot48.opf
# Stage nOptItr nSimReps
#     0    5000        0
# algorithm          : deterministic
# ignoring probs <=  : 0
# Branch length floor: 0
# DE strategy        : 2
#    F               : 0.3
#    CR              : 0.8
#    tolerance       : 3e-06
# nthreads           : 32
# lgo input file     : abe2.lgo
# site pat input file: ../../boot/boot48.opf
# free parameters    : 15
# points in DE swarm : 45
# output state file  : b1boot48.state
# Including singleton site patterns.
# cost function      : KL
Initial parameter values
Fixed:
      zero = 0
       one = 1
    Tbecnw = 75200
Free:
       pc1 = 0
       pc2 = 0
       pc3 = 0
       pc4 = 0
       pc5 = 0
       pc6 = 0
       pc7 = 0
       pc8 = 0
       pc9 = 0
      pc10 = 0
      pc11 = 0
      pc12 = 0
      pc13 = 0
      pc14 = 0
      pc15 = 0
Constrained:
   Tgbecnw = 101827
     Tecnw = 26243.5
       Tnw = 10657.6
       Tec = 17185.3
     twoNb = 1.17959e+06
     twoNe = 392459
     twoNw = 2.14587e+06
    twoNec = 62204.2
    twoNnw = 85767.8
  twoNecnw = 79452.5
  twoNbecnw = 12376.7
  twoNgbecnw = 204969
         m = 0.191454
        m2 = 0.0265256
        m5 = 0.182434
        Tb = 21714.4
        Ta = 48457.2
        Te = 8592.66
DiffEv reached_goal. cost=1.80782e-03 spread=2.44117e-06
Fitted parameter values
Free:
       pc1 = 1.1171
       pc2 = -3.83624
       pc3 = 1.15147
       pc4 = 1.71142
       pc5 = -1.80165
       pc6 = -1.8648
       pc7 = 1.57371
       pc8 = -1.85342
       pc9 = -0.970413
      pc10 = 0.0514474
      pc11 = 0.284642
      pc12 = -0.405601
      pc13 = -0.0103985
      pc14 = 0.0381011
      pc15 = 0.0868831
Constrained:
   Tgbecnw = 92680.3
     Tecnw = 24613.7
       Tnw = 12619.9
       Tec = 17672.6
     twoNb = 892372
     twoNe = 231191
     twoNw = 2.92077e+06
    twoNec = 47969.5
    twoNnw = 64102
  twoNecnw = 79516.5
  twoNbecnw = 7929.14
  twoNgbecnw = 234028
         m = 0.153501
        m2 = 0.025199
        m5 = 0.182581
        Tb = 21143.2
        Ta = 48171.6
        Te = 8836.3
#       SitePat  BranchLen
              b 128609.6474443
              e 49970.9442620
              c 52608.6505254
              n 47300.1277505
              w 47290.1253264
            b:e 2228.8001397
            b:c 2523.9775066
            b:n 1829.2593913
            b:w 1828.5610174
            e:c 10755.5739377
            e:n 5745.3396751
            e:w 5755.3420993
            c:n 5003.9616964
            c:w 5001.6440727
            n:w 13066.4841898
          b:e:c 2089.7259513
          b:e:n 1125.3866256
          b:e:w 1126.0849994
          b:c:n 1134.5814737
          b:c:w 1133.8198798
          b:n:w 2084.1541295
          e:c:n 4801.3277981
          e:c:w 4803.6454219
          e:n:w 6628.2166667
          c:n:w 5563.9767421
        b:e:c:n 2087.5329446
        b:e:c:w 2088.2945385
        b:e:n:w 3226.3639910
        b:c:n:w 2835.8664570
        e:c:n:w 53519.4779708
