########################################
# legofit: estimate population history #
#       version 2.3.4-4-g53f8760       #
########################################

# Program was compiled: Sep 21 2021 14:36:42
# Program was run: Sat Oct  9 10:47:46 2021

# cmd: legofit -1 -d 0 -t 32 --ptsPerDim 3 --stateOut b1boot43.state --tol 3e-6 -S 5000 abe2.lgo ../../boot/boot43.opf
# Stage nOptItr nSimReps
#     0    5000        0
# algorithm          : deterministic
# ignoring probs <=  : 0
# Branch length floor: 0
# DE strategy        : 2
#    F               : 0.3
#    CR              : 0.8
#    tolerance       : 3e-06
# nthreads           : 32
# lgo input file     : abe2.lgo
# site pat input file: ../../boot/boot43.opf
# free parameters    : 15
# points in DE swarm : 45
# output state file  : b1boot43.state
# Including singleton site patterns.
# cost function      : KL
Initial parameter values
Fixed:
      zero = 0
       one = 1
    Tbecnw = 75200
Free:
       pc1 = 0
       pc2 = 0
       pc3 = 0
       pc4 = 0
       pc5 = 0
       pc6 = 0
       pc7 = 0
       pc8 = 0
       pc9 = 0
      pc10 = 0
      pc11 = 0
      pc12 = 0
      pc13 = 0
      pc14 = 0
      pc15 = 0
Constrained:
   Tgbecnw = 101827
     Tecnw = 26243.5
       Tnw = 10657.6
       Tec = 17185.3
     twoNb = 1.17959e+06
     twoNe = 392459
     twoNw = 2.14587e+06
    twoNec = 62204.2
    twoNnw = 85767.8
  twoNecnw = 79452.5
  twoNbecnw = 12376.7
  twoNgbecnw = 204969
         m = 0.191454
        m2 = 0.0265256
        m5 = 0.182434
        Tb = 21714.4
        Ta = 48457.2
        Te = 8592.66
DiffEv reached_goal. cost=1.81618e-03 spread=2.81333e-06
Fitted parameter values
Free:
       pc1 = 0.587514
       pc2 = -2.49309
       pc3 = 0.610067
       pc4 = 1.98016
       pc5 = -1.43698
       pc6 = -1.91534
       pc7 = 1.80419
       pc8 = -1.9119
       pc9 = -1.73062
      pc10 = -0.946438
      pc11 = 0.20636
      pc12 = -0.262637
      pc13 = -0.0451512
      pc14 = -0.033308
      pc15 = 0.0843694
Constrained:
   Tgbecnw = 90497
     Tecnw = 24976.9
       Tnw = 11904.4
       Tec = 17601.2
     twoNb = 748749
     twoNe = 193420
     twoNw = 3.34926e+06
    twoNec = 50512
    twoNnw = 70693.7
  twoNecnw = 76967.3
  twoNbecnw = 7183.19
  twoNgbecnw = 223637
         m = 0.159522
        m2 = 0.0255555
        m5 = 0.18206
        Tb = 21289
        Ta = 48244.5
        Te = 8800.59
#       SitePat  BranchLen
              b 128003.9638423
              e 49744.3223206
              c 52341.6776841
              n 47140.7160199
              w 47133.5513646
            b:e 2232.5219234
            b:c 2527.6508867
            b:n 1821.4401308
            b:w 1820.9444293
            e:c 10674.3885574
            e:n 5696.5026363
            e:w 5703.6672916
            c:n 4961.1159243
            c:w 4959.4686082
            n:w 12952.3433093
          b:e:c 2075.8026973
          b:e:n 1117.9694034
          b:e:w 1118.4651048
          b:c:n 1126.8313066
          b:c:w 1126.2912964
          b:n:w 2067.4126119
          e:c:n 4807.1350101
          e:c:w 4808.7823261
          e:n:w 6605.3017892
          c:n:w 5558.4355477
        b:e:c:n 2075.3203583
        b:e:c:w 2075.8603686
        b:e:n:w 3188.2371620
        b:c:n:w 2805.5162631
        e:c:n:w 53259.9514149
