########################################
# legofit: estimate population history #
#       version 2.3.4-4-g53f8760       #
########################################

# Program was compiled: Sep 21 2021 14:36:42
# Program was run: Sat Oct  9 10:45:50 2021

# cmd: legofit -1 -d 0 -t 32 --ptsPerDim 3 --stateOut b1boot31.state --tol 3e-6 -S 5000 abe2.lgo ../../boot/boot31.opf
# Stage nOptItr nSimReps
#     0    5000        0
# algorithm          : deterministic
# ignoring probs <=  : 0
# Branch length floor: 0
# DE strategy        : 2
#    F               : 0.3
#    CR              : 0.8
#    tolerance       : 3e-06
# nthreads           : 32
# lgo input file     : abe2.lgo
# site pat input file: ../../boot/boot31.opf
# free parameters    : 15
# points in DE swarm : 45
# output state file  : b1boot31.state
# Including singleton site patterns.
# cost function      : KL
Initial parameter values
Fixed:
      zero = 0
       one = 1
    Tbecnw = 75200
Free:
       pc1 = 0
       pc2 = 0
       pc3 = 0
       pc4 = 0
       pc5 = 0
       pc6 = 0
       pc7 = 0
       pc8 = 0
       pc9 = 0
      pc10 = 0
      pc11 = 0
      pc12 = 0
      pc13 = 0
      pc14 = 0
      pc15 = 0
Constrained:
   Tgbecnw = 101827
     Tecnw = 26243.5
       Tnw = 10657.6
       Tec = 17185.3
     twoNb = 1.17959e+06
     twoNe = 392459
     twoNw = 2.14587e+06
    twoNec = 62204.2
    twoNnw = 85767.8
  twoNecnw = 79452.5
  twoNbecnw = 12376.7
  twoNgbecnw = 204969
         m = 0.191454
        m2 = 0.0265256
        m5 = 0.182434
        Tb = 21714.4
        Ta = 48457.2
        Te = 8592.66
DiffEv reached_goal. cost=1.78212e-03 spread=2.91059e-06
Fitted parameter values
Free:
       pc1 = 0.00178947
       pc2 = -3.62607
       pc3 = -0.0686942
       pc4 = 1.91052
       pc5 = -1.95778
       pc6 = -1.8671
       pc7 = 1.26537
       pc8 = -1.82777
       pc9 = -0.950554
      pc10 = 0.126094
      pc11 = 0.332493
      pc12 = -0.175069
      pc13 = -0.00741095
      pc14 = -0.0271208
      pc15 = 0.0588132
Constrained:
   Tgbecnw = 90455.4
     Tecnw = 24649.9
       Tnw = 11928
       Tec = 17920.6
     twoNb = 1.29106e+06
     twoNe = 149228
     twoNw = 3.28336e+06
    twoNec = 46194.9
    twoNnw = 69344
  twoNecnw = 79362.8
  twoNbecnw = 7352.68
  twoNgbecnw = 211752
         m = 0.173445
        m2 = 0.0256899
        m5 = 0.184133
        Tb = 21285.2
        Ta = 48242.6
        Te = 8960.28
#       SitePat  BranchLen
              b 128796.2681854
              e 49981.5615103
              c 52625.8103979
              n 47354.4991312
              w 47347.3982840
            b:e 2236.3247753
            b:c 2531.6226043
            b:n 1842.6130703
            b:w 1842.1181922
            e:c 10751.5730001
            e:n 5773.1819118
            e:w 5780.2827590
            c:n 5024.9884748
            c:w 5023.3469231
            n:w 13040.4258244
          b:e:c 2088.4533949
          b:e:n 1132.1371025
          b:e:w 1132.6319805
          b:c:n 1140.8326281
          b:c:w 1140.2936714
          b:n:w 2087.4583363
          e:c:n 4842.5065350
          e:c:w 4844.1480868
          e:n:w 6642.7222368
          c:n:w 5583.5256197
        b:e:c:n 2098.8777646
        b:e:c:w 2099.4167213
        b:e:n:w 3231.6279562
        b:c:n:w 2840.0497737
        e:c:n:w 53605.2811207
