########################################
# legofit: estimate population history #
#       version 2.3.4-4-g53f8760       #
########################################

# Program was compiled: Sep 21 2021 14:36:42
# Program was run: Sat Oct  9 10:41:31 2021

# cmd: legofit -1 -d 0 -t 32 --ptsPerDim 3 --stateOut b1boot3.state --tol 3e-6 -S 5000 abe2.lgo ../../boot/boot3.opf
# Stage nOptItr nSimReps
#     0    5000        0
# algorithm          : deterministic
# ignoring probs <=  : 0
# Branch length floor: 0
# DE strategy        : 2
#    F               : 0.3
#    CR              : 0.8
#    tolerance       : 3e-06
# nthreads           : 32
# lgo input file     : abe2.lgo
# site pat input file: ../../boot/boot3.opf
# free parameters    : 15
# points in DE swarm : 45
# output state file  : b1boot3.state
# Including singleton site patterns.
# cost function      : KL
Initial parameter values
Fixed:
      zero = 0
       one = 1
    Tbecnw = 75200
Free:
       pc1 = 0
       pc2 = 0
       pc3 = 0
       pc4 = 0
       pc5 = 0
       pc6 = 0
       pc7 = 0
       pc8 = 0
       pc9 = 0
      pc10 = 0
      pc11 = 0
      pc12 = 0
      pc13 = 0
      pc14 = 0
      pc15 = 0
Constrained:
   Tgbecnw = 101827
     Tecnw = 26243.5
       Tnw = 10657.6
       Tec = 17185.3
     twoNb = 1.17959e+06
     twoNe = 392459
     twoNw = 2.14587e+06
    twoNec = 62204.2
    twoNnw = 85767.8
  twoNecnw = 79452.5
  twoNbecnw = 12376.7
  twoNgbecnw = 204969
         m = 0.191454
        m2 = 0.0265256
        m5 = 0.182434
        Tb = 21714.4
        Ta = 48457.2
        Te = 8592.66
DiffEv reached_goal. cost=1.80661e-03 spread=2.84072e-06
Fitted parameter values
Free:
       pc1 = 0.397855
       pc2 = -3.48701
       pc3 = 1.28145
       pc4 = 1.82602
       pc5 = -1.88399
       pc6 = -1.58532
       pc7 = 1.71463
       pc8 = -1.96913
       pc9 = -1.95168
      pc10 = -0.073589
      pc11 = 0.278661
      pc12 = -0.236394
      pc13 = -0.00391272
      pc14 = -0.0109828
      pc15 = 0.0849111
Constrained:
   Tgbecnw = 90026
     Tecnw = 24677.7
       Tnw = 11858.4
       Tec = 17643
     twoNb = 864148
     twoNe = 162668
     twoNw = 3.13652e+06
    twoNec = 48863.2
    twoNnw = 69359.5
  twoNecnw = 78739.8
  twoNbecnw = 6998.15
  twoNgbecnw = 221942
         m = 0.164117
        m2 = 0.024784
        m5 = 0.181691
        Tb = 21160.3
        Ta = 48180.2
        Te = 8821.48
#       SitePat  BranchLen
              b 128454.8470745
              e 49831.9847121
              c 52435.1004647
              n 47184.4256009
              w 47176.9379412
            b:e 2237.2454017
            b:c 2530.0507042
            b:n 1834.0059284
            b:w 1833.4849489
            e:c 10700.0635347
            e:n 5738.2918780
            e:w 5745.7795378
            c:n 4999.9014260
            c:w 4998.1763767
            n:w 13017.5925485
          b:e:c 2087.5502195
          b:e:n 1128.8527329
          b:e:w 1129.3737123
          b:c:n 1137.7889150
          b:c:w 1137.2206675
          b:n:w 2080.1903662
          e:c:n 4810.6151120
          e:c:w 4812.3401613
          e:n:w 6609.5705132
          c:n:w 5564.3617877
        b:e:c:n 2093.8878396
        b:e:c:w 2094.4560871
        b:e:n:w 3202.0293051
        b:c:n:w 2820.5273337
        e:c:n:w 53579.4710875
