########################################
# legofit: estimate population history #
#       version 2.3.4-4-g53f8760       #
########################################

# Program was compiled: Sep 21 2021 14:36:42
# Program was run: Sat Oct  9 10:43:51 2021

# cmd: legofit -1 -d 0 -t 32 --ptsPerDim 3 --stateOut b1boot18.state --tol 3e-6 -S 5000 abe2.lgo ../../boot/boot18.opf
# Stage nOptItr nSimReps
#     0    5000        0
# algorithm          : deterministic
# ignoring probs <=  : 0
# Branch length floor: 0
# DE strategy        : 2
#    F               : 0.3
#    CR              : 0.8
#    tolerance       : 3e-06
# nthreads           : 32
# lgo input file     : abe2.lgo
# site pat input file: ../../boot/boot18.opf
# free parameters    : 15
# points in DE swarm : 45
# output state file  : b1boot18.state
# Including singleton site patterns.
# cost function      : KL
Initial parameter values
Fixed:
      zero = 0
       one = 1
    Tbecnw = 75200
Free:
       pc1 = 0
       pc2 = 0
       pc3 = 0
       pc4 = 0
       pc5 = 0
       pc6 = 0
       pc7 = 0
       pc8 = 0
       pc9 = 0
      pc10 = 0
      pc11 = 0
      pc12 = 0
      pc13 = 0
      pc14 = 0
      pc15 = 0
Constrained:
   Tgbecnw = 101827
     Tecnw = 26243.5
       Tnw = 10657.6
       Tec = 17185.3
     twoNb = 1.17959e+06
     twoNe = 392459
     twoNw = 2.14587e+06
    twoNec = 62204.2
    twoNnw = 85767.8
  twoNecnw = 79452.5
  twoNbecnw = 12376.7
  twoNgbecnw = 204969
         m = 0.191454
        m2 = 0.0265256
        m5 = 0.182434
        Tb = 21714.4
        Ta = 48457.2
        Te = 8592.66
DiffEv reached_goal. cost=1.81158e-03 spread=2.64741e-06
Fitted parameter values
Free:
       pc1 = 0.0450927
       pc2 = -2.15533
       pc3 = 1.06151
       pc4 = 1.9791
       pc5 = -0.498725
       pc6 = -1.97066
       pc7 = 1.82399
       pc8 = -1.97597
       pc9 = -0.593906
      pc10 = 0.301178
      pc11 = 0.427788
      pc12 = -0.430565
      pc13 = -0.0663566
      pc14 = 0.0138563
      pc15 = 0.0583615
Constrained:
   Tgbecnw = 92975.6
     Tecnw = 24753.8
       Tnw = 11215.7
       Tec = 16242.3
     twoNb = 876880
     twoNe = 264108
     twoNw = 2.88314e+06
    twoNec = 59716.8
    twoNnw = 74622.2
  twoNecnw = 78875.5
  twoNbecnw = 8009.43
  twoNgbecnw = 234887
         m = 0.152673
        m2 = 0.0261292
        m5 = 0.181548
        Tb = 20498.1
        Ta = 47849
        Te = 8121.13
#       SitePat  BranchLen
              b 128520.0785585
              e 49964.7145510
              c 52567.8372511
              n 47333.8425779
              w 47325.3851810
            b:e 2221.8723300
            b:c 2509.5730760
            b:n 1818.9096993
            b:w 1818.3370480
            e:c 10724.2489523
            e:n 5760.0815004
            e:w 5768.5388973
            c:n 5018.7807551
            c:w 5016.8693081
            n:w 12993.7128070
          b:e:c 2057.3196235
          b:e:n 1121.4559362
          b:e:w 1122.0285876
          b:c:n 1130.2442906
          b:c:w 1129.6201260
          b:n:w 2052.9054498
          e:c:n 4795.8353108
          e:c:w 4797.7467579
          e:n:w 6575.6405657
          c:n:w 5545.9909677
        b:e:c:n 2074.6239262
        b:e:c:w 2075.2480908
        b:e:n:w 3221.9152500
        b:c:n:w 2837.3317363
        e:c:n:w 53430.1939944
