########################################
# legofit: estimate population history #
#       version 2.3.4-4-g53f8760       #
########################################

# Program was compiled: Sep 21 2021 14:36:42
# Program was run: Sat Oct  9 10:41:30 2021

# cmd: legofit -1 -d 0 -t 32 --ptsPerDim 3 --stateOut b1boot4.state --tol 3e-6 -S 5000 abe2.lgo ../../boot/boot4.opf
# Stage nOptItr nSimReps
#     0    5000        0
# algorithm          : deterministic
# ignoring probs <=  : 0
# Branch length floor: 0
# DE strategy        : 2
#    F               : 0.3
#    CR              : 0.8
#    tolerance       : 3e-06
# nthreads           : 32
# lgo input file     : abe2.lgo
# site pat input file: ../../boot/boot4.opf
# free parameters    : 15
# points in DE swarm : 45
# output state file  : b1boot4.state
# Including singleton site patterns.
# cost function      : KL
Initial parameter values
Fixed:
      zero = 0
       one = 1
    Tbecnw = 75200
Free:
       pc1 = 0
       pc2 = 0
       pc3 = 0
       pc4 = 0
       pc5 = 0
       pc6 = 0
       pc7 = 0
       pc8 = 0
       pc9 = 0
      pc10 = 0
      pc11 = 0
      pc12 = 0
      pc13 = 0
      pc14 = 0
      pc15 = 0
Constrained:
   Tgbecnw = 101827
     Tecnw = 26243.5
       Tnw = 10657.6
       Tec = 17185.3
     twoNb = 1.17959e+06
     twoNe = 392459
     twoNw = 2.14587e+06
    twoNec = 62204.2
    twoNnw = 85767.8
  twoNecnw = 79452.5
  twoNbecnw = 12376.7
  twoNgbecnw = 204969
         m = 0.191454
        m2 = 0.0265256
        m5 = 0.182434
        Tb = 21714.4
        Ta = 48457.2
        Te = 8592.66
DiffEv reached_goal. cost=1.80617e-03 spread=2.97133e-06
Fitted parameter values
Free:
       pc1 = 1.62763
       pc2 = -3.62858
       pc3 = 0.78268
       pc4 = 1.99577
       pc5 = -1.46923
       pc6 = -1.91981
       pc7 = 1.65963
       pc8 = -1.59928
       pc9 = -1.03925
      pc10 = -1.07431
      pc11 = -0.0322168
      pc12 = -0.460805
      pc13 = -0.0822441
      pc14 = -0.0349669
      pc15 = 0.047832
Constrained:
   Tgbecnw = 92231.9
     Tecnw = 24897.6
       Tnw = 13321.1
       Tec = 18170.5
     twoNb = 700227
     twoNe = 187448
     twoNw = 3.10709e+06
    twoNec = 46444.7
    twoNnw = 61514.6
  twoNecnw = 78167
  twoNbecnw = 7714.75
  twoNgbecnw = 234826
         m = 0.152992
        m2 = 0.0256451
        m5 = 0.181739
        Tb = 21534
        Ta = 48367
        Te = 9085.24
#       SitePat  BranchLen
              b 128480.2291180
              e 49987.6214468
              c 52590.9822919
              n 47313.3283654
              w 47302.9797022
            b:e 2229.6984817
            b:c 2527.3865818
            b:n 1808.5180309
            b:w 1807.7948099
            e:c 10658.0910057
            e:n 5686.2795718
            e:w 5696.6282350
            c:n 4958.4043657
            c:w 4955.9958492
            n:w 12956.9229110
          b:e:c 2074.2528951
          b:e:n 1112.4787807
          b:e:w 1113.2020017
          b:c:n 1121.7410288
          b:c:w 1120.9523622
          b:n:w 2065.0474975
          e:c:n 4769.2853480
          e:c:w 4771.6938646
          e:n:w 6613.7325883
          c:n:w 5552.7561975
        b:e:c:n 2063.5822203
        b:e:c:w 2064.3708869
        b:e:n:w 3207.4185793
        b:c:n:w 2818.8409031
        e:c:n:w 53567.1788055
