########################################
# legofit: estimate population history #
#       version 2.3.4-4-g53f8760       #
########################################

# Program was compiled: Sep 21 2021 14:36:42
# Program was run: Sat Oct  9 10:48:29 2021

# cmd: legofit -1 -d 0 -t 32 --ptsPerDim 3 --stateOut b1boot47.state --tol 3e-6 -S 5000 abe2.lgo ../../boot/boot47.opf
# Stage nOptItr nSimReps
#     0    5000        0
# algorithm          : deterministic
# ignoring probs <=  : 0
# Branch length floor: 0
# DE strategy        : 2
#    F               : 0.3
#    CR              : 0.8
#    tolerance       : 3e-06
# nthreads           : 32
# lgo input file     : abe2.lgo
# site pat input file: ../../boot/boot47.opf
# free parameters    : 15
# points in DE swarm : 45
# output state file  : b1boot47.state
# Including singleton site patterns.
# cost function      : KL
Initial parameter values
Fixed:
      zero = 0
       one = 1
    Tbecnw = 75200
Free:
       pc1 = 0
       pc2 = 0
       pc3 = 0
       pc4 = 0
       pc5 = 0
       pc6 = 0
       pc7 = 0
       pc8 = 0
       pc9 = 0
      pc10 = 0
      pc11 = 0
      pc12 = 0
      pc13 = 0
      pc14 = 0
      pc15 = 0
Constrained:
   Tgbecnw = 101827
     Tecnw = 26243.5
       Tnw = 10657.6
       Tec = 17185.3
     twoNb = 1.17959e+06
     twoNe = 392459
     twoNw = 2.14587e+06
    twoNec = 62204.2
    twoNnw = 85767.8
  twoNecnw = 79452.5
  twoNbecnw = 12376.7
  twoNgbecnw = 204969
         m = 0.191454
        m2 = 0.0265256
        m5 = 0.182434
        Tb = 21714.4
        Ta = 48457.2
        Te = 8592.66
DiffEv reached_goal. cost=1.78897e-03 spread=2.99888e-06
Fitted parameter values
Free:
       pc1 = -1.91927
       pc2 = 0.129497
       pc3 = 0.336003
       pc4 = 1.9083
       pc5 = 0.317002
       pc6 = -1.61161
       pc7 = 0.735388
       pc8 = 0.000335797
       pc9 = -0.462982
      pc10 = 0.380499
      pc11 = 0.210806
      pc12 = -0.188571
      pc13 = 0.0133287
      pc14 = -0.0495995
      pc15 = 0.0401739
Constrained:
   Tgbecnw = 94267.2
     Tecnw = 25662.4
       Tnw = 9691.94
       Tec = 15489.2
     twoNb = 1.59994e+06
     twoNe = 495961
     twoNw = 3.36922e+06
    twoNec = 71043.5
    twoNnw = 88568.2
  twoNecnw = 78747.6
  twoNbecnw = 9315.02
  twoNgbecnw = 199748
         m = 0.18793
        m2 = 0.0269722
        m5 = 0.179702
        Tb = 20575.8
        Ta = 47887.9
        Te = 7744.62
#       SitePat  BranchLen
              b 130645.2213974
              e 50798.0229567
              c 53444.2759535
              n 48074.1201675
              w 48069.4293743
            b:e 2282.3127561
            b:c 2574.0330173
            b:n 1861.2608253
            b:w 1860.9489208
            e:c 10902.2787153
            e:n 5820.5537773
            e:w 5825.2445705
            c:n 5058.2449055
            c:w 5057.2124688
            n:w 13245.3885499
          b:e:c 2092.6614832
          b:e:n 1142.6545609
          b:e:w 1142.9664653
          b:c:n 1150.3886993
          b:c:w 1150.0504631
          b:n:w 2096.5001842
          e:c:n 4885.0342847
          e:c:w 4886.0667215
          e:n:w 6696.1591905
          c:n:w 5661.7620555
        b:e:c:n 2107.1248704
        b:e:c:w 2107.4631066
        b:e:n:w 3277.4056269
        b:c:n:w 2889.3521729
        e:c:n:w 54414.3963280
