########################################
# legofit: estimate population history #
#       version 2.3.4-4-g53f8760       #
########################################

# Program was compiled: Sep 21 2021 14:36:42
# Program was run: Sat Oct  9 10:44:14 2021

# cmd: legofit -1 -d 0 -t 32 --ptsPerDim 3 --stateOut b1boot21.state --tol 3e-6 -S 5000 abe2.lgo ../../boot/boot21.opf
# Stage nOptItr nSimReps
#     0    5000        0
# algorithm          : deterministic
# ignoring probs <=  : 0
# Branch length floor: 0
# DE strategy        : 2
#    F               : 0.3
#    CR              : 0.8
#    tolerance       : 3e-06
# nthreads           : 32
# lgo input file     : abe2.lgo
# site pat input file: ../../boot/boot21.opf
# free parameters    : 15
# points in DE swarm : 45
# output state file  : b1boot21.state
# Including singleton site patterns.
# cost function      : KL
Initial parameter values
Fixed:
      zero = 0
       one = 1
    Tbecnw = 75200
Free:
       pc1 = 0
       pc2 = 0
       pc3 = 0
       pc4 = 0
       pc5 = 0
       pc6 = 0
       pc7 = 0
       pc8 = 0
       pc9 = 0
      pc10 = 0
      pc11 = 0
      pc12 = 0
      pc13 = 0
      pc14 = 0
      pc15 = 0
Constrained:
   Tgbecnw = 101827
     Tecnw = 26243.5
       Tnw = 10657.6
       Tec = 17185.3
     twoNb = 1.17959e+06
     twoNe = 392459
     twoNw = 2.14587e+06
    twoNec = 62204.2
    twoNnw = 85767.8
  twoNecnw = 79452.5
  twoNbecnw = 12376.7
  twoNgbecnw = 204969
         m = 0.191454
        m2 = 0.0265256
        m5 = 0.182434
        Tb = 21714.4
        Ta = 48457.2
        Te = 8592.66
DiffEv reached_goal. cost=1.78572e-03 spread=2.76936e-06
Fitted parameter values
Free:
       pc1 = 0.5023
       pc2 = -2.70818
       pc3 = 1.41312
       pc4 = 1.98193
       pc5 = -1.2308
       pc6 = -1.99585
       pc7 = 1.7245
       pc8 = -1.44023
       pc9 = -0.325535
      pc10 = -0.555078
      pc11 = 0.257934
      pc12 = -0.306848
      pc13 = -0.00290089
      pc14 = -0.015661
      pc15 = 0.106707
Constrained:
   Tgbecnw = 92792.2
     Tecnw = 24890.7
       Tnw = 12506.4
       Tec = 16393.9
     twoNb = 819193
     twoNe = 324851
     twoNw = 3.10296e+06
    twoNec = 58686.5
    twoNnw = 66184.5
  twoNecnw = 78757.8
  twoNbecnw = 8163.03
  twoNgbecnw = 223874
         m = 0.162947
        m2 = 0.0258248
        m5 = 0.181737
        Tb = 20642.3
        Ta = 47921.2
        Te = 8196.94
#       SitePat  BranchLen
              b 129229.2018470
              e 50050.5998232
              c 52684.7424490
              n 47420.7491202
              w 47409.9512517
            b:e 2254.3224750
            b:c 2553.9957424
            b:n 1830.6534739
            b:w 1829.9079410
            e:c 10828.1749840
            e:n 5740.6371742
            e:w 5751.4350427
            c:n 5001.0253308
            c:w 4998.5487761
            n:w 13085.8385813
          b:e:c 2092.2959478
          b:e:n 1125.1534371
          b:e:w 1125.8989699
          b:c:n 1134.2612602
          b:c:w 1133.4493583
          b:n:w 2085.7874183
          e:c:n 4817.7472764
          e:c:w 4820.2238310
          e:n:w 6671.3112176
          c:n:w 5604.7520683
        b:e:c:n 2084.6782148
        b:e:c:w 2085.4901167
        b:e:n:w 3236.7914573
        b:c:n:w 2845.3744914
        e:c:n:w 53962.5027957
