########################################
# legofit: estimate population history #
#       version 2.3.4-4-g53f8760       #
########################################

# Program was compiled: Sep 21 2021 14:36:42
# Program was run: Sat Oct  9 10:43:18 2021

# cmd: legofit -1 -d 0 -t 32 --ptsPerDim 3 --stateOut b1boot15.state --tol 3e-6 -S 5000 abe2.lgo ../../boot/boot15.opf
# Stage nOptItr nSimReps
#     0    5000        0
# algorithm          : deterministic
# ignoring probs <=  : 0
# Branch length floor: 0
# DE strategy        : 2
#    F               : 0.3
#    CR              : 0.8
#    tolerance       : 3e-06
# nthreads           : 32
# lgo input file     : abe2.lgo
# site pat input file: ../../boot/boot15.opf
# free parameters    : 15
# points in DE swarm : 45
# output state file  : b1boot15.state
# Including singleton site patterns.
# cost function      : KL
Initial parameter values
Fixed:
      zero = 0
       one = 1
    Tbecnw = 75200
Free:
       pc1 = 0
       pc2 = 0
       pc3 = 0
       pc4 = 0
       pc5 = 0
       pc6 = 0
       pc7 = 0
       pc8 = 0
       pc9 = 0
      pc10 = 0
      pc11 = 0
      pc12 = 0
      pc13 = 0
      pc14 = 0
      pc15 = 0
Constrained:
   Tgbecnw = 101827
     Tecnw = 26243.5
       Tnw = 10657.6
       Tec = 17185.3
     twoNb = 1.17959e+06
     twoNe = 392459
     twoNw = 2.14587e+06
    twoNec = 62204.2
    twoNnw = 85767.8
  twoNecnw = 79452.5
  twoNbecnw = 12376.7
  twoNgbecnw = 204969
         m = 0.191454
        m2 = 0.0265256
        m5 = 0.182434
        Tb = 21714.4
        Ta = 48457.2
        Te = 8592.66
DiffEv reached_goal. cost=1.80129e-03 spread=2.70323e-06
Fitted parameter values
Free:
       pc1 = 0.583039
       pc2 = -2.20485
       pc3 = 1.76927
       pc4 = 1.80846
       pc5 = -1.53691
       pc6 = -1.91553
       pc7 = 1.85763
       pc8 = -1.15165
       pc9 = -0.736196
      pc10 = -0.453713
      pc11 = 0.291724
      pc12 = -0.322361
      pc13 = -0.0324901
      pc14 = -0.0299322
      pc15 = 0.0607633
Constrained:
   Tgbecnw = 93912.6
     Tecnw = 25025.3
       Tnw = 12307.1
       Tec = 16333.8
     twoNb = 752698
     twoNe = 408477
     twoNw = 3.3384e+06
    twoNec = 61181.4
    twoNnw = 68471
  twoNecnw = 78526.3
  twoNbecnw = 8537.21
  twoNgbecnw = 226433
         m = 0.159207
        m2 = 0.0253895
        m5 = 0.181436
        Tb = 20679.5
        Ta = 47939.8
        Te = 8166.88
#       SitePat  BranchLen
              b 128955.4796870
              e 50136.5669895
              c 52748.5184398
              n 47484.0772125
              w 47474.4107413
            b:e 2229.8145920
            b:c 2523.4297949
            b:n 1808.6175963
            b:w 1807.9603094
            e:c 10737.5137301
            e:n 5738.5335138
            e:w 5748.1999850
            c:n 5000.5995402
            c:w 4998.3977696
            n:w 13023.7420219
          b:e:c 2058.9015507
          b:e:n 1114.2857265
          b:e:w 1114.9430134
          b:c:n 1123.1224061
          b:c:w 1122.4070013
          b:n:w 2051.0770191
          e:c:n 4790.5012034
          e:c:w 4792.7029740
          e:n:w 6629.9850125
          c:n:w 5578.4882309
        b:e:c:n 2058.2268955
        b:e:c:w 2058.9423003
        b:e:n:w 3190.4960890
        b:c:n:w 2807.8616263
        e:c:n:w 53625.9526061
