########################################
# legofit: estimate population history #
#       version 2.3.4-4-g53f8760       #
########################################

# Program was compiled: Sep 21 2021 14:36:42
# Program was run: Sat Oct  9 10:43:28 2021

# cmd: legofit -1 -d 0 -t 32 --ptsPerDim 3 --stateOut b1boot16.state --tol 3e-6 -S 5000 abe2.lgo ../../boot/boot16.opf
# Stage nOptItr nSimReps
#     0    5000        0
# algorithm          : deterministic
# ignoring probs <=  : 0
# Branch length floor: 0
# DE strategy        : 2
#    F               : 0.3
#    CR              : 0.8
#    tolerance       : 3e-06
# nthreads           : 32
# lgo input file     : abe2.lgo
# site pat input file: ../../boot/boot16.opf
# free parameters    : 15
# points in DE swarm : 45
# output state file  : b1boot16.state
# Including singleton site patterns.
# cost function      : KL
Initial parameter values
Fixed:
      zero = 0
       one = 1
    Tbecnw = 75200
Free:
       pc1 = 0
       pc2 = 0
       pc3 = 0
       pc4 = 0
       pc5 = 0
       pc6 = 0
       pc7 = 0
       pc8 = 0
       pc9 = 0
      pc10 = 0
      pc11 = 0
      pc12 = 0
      pc13 = 0
      pc14 = 0
      pc15 = 0
Constrained:
   Tgbecnw = 101827
     Tecnw = 26243.5
       Tnw = 10657.6
       Tec = 17185.3
     twoNb = 1.17959e+06
     twoNe = 392459
     twoNw = 2.14587e+06
    twoNec = 62204.2
    twoNnw = 85767.8
  twoNecnw = 79452.5
  twoNbecnw = 12376.7
  twoNgbecnw = 204969
         m = 0.191454
        m2 = 0.0265256
        m5 = 0.182434
        Tb = 21714.4
        Ta = 48457.2
        Te = 8592.66
DiffEv reached_goal. cost=1.74853e-03 spread=2.55824e-06
Fitted parameter values
Free:
       pc1 = 0.492723
       pc2 = -3.75562
       pc3 = 1.28133
       pc4 = 1.76015
       pc5 = -1.73388
       pc6 = -1.96748
       pc7 = 1.22328
       pc8 = -1.83262
       pc9 = -0.842501
      pc10 = -0.766471
      pc11 = -0.0609835
      pc12 = -0.44183
      pc13 = -0.00990392
      pc14 = -0.0888717
      pc15 = 0.0919445
Constrained:
   Tgbecnw = 89434.5
     Tecnw = 24828.4
       Tnw = 12935.5
       Tec = 17348.6
     twoNb = 975817
     twoNe = 260565
     twoNw = 2.77476e+06
    twoNec = 51670.7
    twoNnw = 62917.9
  twoNecnw = 78915.6
  twoNbecnw = 6736.26
  twoNgbecnw = 219305
         m = 0.168025
        m2 = 0.0253688
        m5 = 0.18241
        Tb = 21088.5
        Ta = 48144.3
        Te = 8674.29
#       SitePat  BranchLen
              b 128483.6399364
              e 49936.7904585
              c 52573.2669777
              n 47262.5417486
              w 47250.7443764
            b:e 2222.6294349
            b:c 2520.1707396
            b:n 1810.0993250
            b:w 1809.2807153
            e:c 10702.4098381
            e:n 5688.1425314
            e:w 5699.9399035
            c:n 4949.5649327
            c:w 4946.8486787
            n:w 13004.9170633
          b:e:c 2077.1807907
          b:e:n 1114.3989454
          b:e:w 1115.2175551
          b:c:n 1123.7152550
          b:c:w 1122.8219653
          b:n:w 2071.2137831
          e:c:n 4754.3029546
          e:c:w 4757.0192087
          e:n:w 6607.3976052
          c:n:w 5538.5721598
        b:e:c:n 2067.5786027
        b:e:c:w 2068.4718923
        b:e:n:w 3209.4797975
        b:c:n:w 2819.0353957
        e:c:n:w 53613.9752588
