########################################
# legofit: estimate population history #
#       version 2.3.4-4-g53f8760       #
########################################

# Program was compiled: Sep 21 2021 14:36:42
# Program was run: Sat Oct  9 10:48:23 2021

# cmd: legofit -1 -d 0 -t 32 --ptsPerDim 3 --stateOut b1boot46.state --tol 3e-6 -S 5000 abe2.lgo ../../boot/boot46.opf
# Stage nOptItr nSimReps
#     0    5000        0
# algorithm          : deterministic
# ignoring probs <=  : 0
# Branch length floor: 0
# DE strategy        : 2
#    F               : 0.3
#    CR              : 0.8
#    tolerance       : 3e-06
# nthreads           : 32
# lgo input file     : abe2.lgo
# site pat input file: ../../boot/boot46.opf
# free parameters    : 15
# points in DE swarm : 45
# output state file  : b1boot46.state
# Including singleton site patterns.
# cost function      : KL
Initial parameter values
Fixed:
      zero = 0
       one = 1
    Tbecnw = 75200
Free:
       pc1 = 0
       pc2 = 0
       pc3 = 0
       pc4 = 0
       pc5 = 0
       pc6 = 0
       pc7 = 0
       pc8 = 0
       pc9 = 0
      pc10 = 0
      pc11 = 0
      pc12 = 0
      pc13 = 0
      pc14 = 0
      pc15 = 0
Constrained:
   Tgbecnw = 101827
     Tecnw = 26243.5
       Tnw = 10657.6
       Tec = 17185.3
     twoNb = 1.17959e+06
     twoNe = 392459
     twoNw = 2.14587e+06
    twoNec = 62204.2
    twoNnw = 85767.8
  twoNecnw = 79452.5
  twoNbecnw = 12376.7
  twoNgbecnw = 204969
         m = 0.191454
        m2 = 0.0265256
        m5 = 0.182434
        Tb = 21714.4
        Ta = 48457.2
        Te = 8592.66
DiffEv reached_goal. cost=1.73929e-03 spread=2.18415e-06
Fitted parameter values
Free:
       pc1 = 0.0417314
       pc2 = -2.19911
       pc3 = 1.14043
       pc4 = 1.77231
       pc5 = -0.085572
       pc6 = -1.68474
       pc7 = 0.800287
       pc8 = -0.998402
       pc9 = -1.76541
      pc10 = -0.71443
      pc11 = 0.246372
      pc12 = -0.0131496
      pc13 = 0.0280865
      pc14 = -0.0363897
      pc15 = 0.0274576
Constrained:
   Tgbecnw = 92113.4
     Tecnw = 25199
       Tnw = 11463.9
       Tec = 17351.9
     twoNb = 1.07936e+06
     twoNe = 347716
     twoNw = 2.63709e+06
    twoNec = 54875.1
    twoNnw = 74522.1
  twoNecnw = 77381.3
  twoNbecnw = 8180.27
  twoNgbecnw = 209294
         m = 0.175149
        m2 = 0.025826
        m5 = 0.178344
        Tb = 21275.4
        Ta = 48237.7
        Te = 8675.94
#       SitePat  BranchLen
              b 129445.0914176
              e 50210.1455305
              c 52789.0507406
              n 47465.3478943
              w 47457.2177047
            b:e 2261.9761849
            b:c 2552.3550931
            b:n 1842.2223531
            b:w 1841.6620238
            e:c 10735.8444035
            e:n 5747.0451264
            e:w 5755.1753160
            c:n 5017.3073253
            c:w 5015.4462166
            n:w 13087.3828244
          b:e:c 2089.2593029
          b:e:n 1131.1560590
          b:e:w 1131.7163883
          b:c:n 1139.4663706
          b:c:w 1138.8578811
          b:n:w 2086.3051242
          e:c:n 4858.6351279
          e:c:w 4860.4962365
          e:n:w 6684.5028336
          c:n:w 5649.3554403
        b:e:c:n 2089.4726895
        b:e:c:w 2090.0811790
        b:e:n:w 3227.4296244
        b:c:n:w 2847.3078576
        e:c:n:w 54041.4242602
