########################################
# legofit: estimate population history #
#       version 2.3.4-4-g53f8760       #
########################################

# Program was compiled: Sep 21 2021 14:36:42
# Program was run: Sat Oct  9 10:44:57 2021

# cmd: legofit -1 -d 0 -t 32 --ptsPerDim 3 --stateOut b1boot26.state --tol 3e-6 -S 5000 abe2.lgo ../../boot/boot26.opf
# Stage nOptItr nSimReps
#     0    5000        0
# algorithm          : deterministic
# ignoring probs <=  : 0
# Branch length floor: 0
# DE strategy        : 2
#    F               : 0.3
#    CR              : 0.8
#    tolerance       : 3e-06
# nthreads           : 32
# lgo input file     : abe2.lgo
# site pat input file: ../../boot/boot26.opf
# free parameters    : 15
# points in DE swarm : 45
# output state file  : b1boot26.state
# Including singleton site patterns.
# cost function      : KL
Initial parameter values
Fixed:
      zero = 0
       one = 1
    Tbecnw = 75200
Free:
       pc1 = 0
       pc2 = 0
       pc3 = 0
       pc4 = 0
       pc5 = 0
       pc6 = 0
       pc7 = 0
       pc8 = 0
       pc9 = 0
      pc10 = 0
      pc11 = 0
      pc12 = 0
      pc13 = 0
      pc14 = 0
      pc15 = 0
Constrained:
   Tgbecnw = 101827
     Tecnw = 26243.5
       Tnw = 10657.6
       Tec = 17185.3
     twoNb = 1.17959e+06
     twoNe = 392459
     twoNw = 2.14587e+06
    twoNec = 62204.2
    twoNnw = 85767.8
  twoNecnw = 79452.5
  twoNbecnw = 12376.7
  twoNgbecnw = 204969
         m = 0.191454
        m2 = 0.0265256
        m5 = 0.182434
        Tb = 21714.4
        Ta = 48457.2
        Te = 8592.66
DiffEv reached_goal. cost=1.78066e-03 spread=2.97276e-06
Fitted parameter values
Free:
       pc1 = 0.186271
       pc2 = -3.06799
       pc3 = 0.971805
       pc4 = 1.96601
       pc5 = -0.800891
       pc6 = -1.98907
       pc7 = 1.91729
       pc8 = -1.58874
       pc9 = -0.400663
      pc10 = 0.279401
      pc11 = 0.218241
      pc12 = -0.540584
      pc13 = -0.0844695
      pc14 = -0.0188741
      pc15 = 0.0825143
Constrained:
   Tgbecnw = 92119.4
     Tecnw = 24685.6
       Tnw = 11889.3
       Tec = 16726.7
     twoNb = 899604
     twoNe = 290985
     twoNw = 3.04983e+06
    twoNec = 55374.8
    twoNnw = 70143.9
  twoNecnw = 80004.5
  twoNbecnw = 7714.42
  twoNgbecnw = 230955
         m = 0.157686
        m2 = 0.0260824
        m5 = 0.181552
        Tb = 20706.2
        Ta = 47953.1
        Te = 8363.36
#       SitePat  BranchLen
              b 128733.1820095
              e 50098.9499139
              c 52704.2106005
              n 47491.1176240
              w 47482.0715828
            b:e 2235.5127237
            b:c 2526.4219207
            b:n 1830.6627066
            b:w 1830.0419928
            e:c 10762.4481256
            e:n 5758.1790253
            e:w 5767.2250664
            c:n 5019.0079650
            c:w 5016.9497404
            n:w 13010.8733358
          b:e:c 2077.4934450
          b:e:n 1128.3381091
          b:e:w 1128.9588229
          b:c:n 1137.3651442
          b:c:w 1136.6876095
          b:n:w 2073.1960531
          e:c:n 4792.7419814
          e:c:w 4794.8002060
          e:n:w 6576.3341185
          c:n:w 5540.7486010
        b:e:c:n 2092.5059879
        b:e:c:w 2093.1835225
        b:e:n:w 3243.4948380
        b:c:n:w 2855.6009222
        e:c:n:w 53572.4805025
