########################################
# legofit: estimate population history #
#       version 2.3.4-4-g53f8760       #
########################################

# Program was compiled: Sep 21 2021 14:36:42
# Program was run: Sat Oct  9 10:48:07 2021

# cmd: legofit -1 -d 0 -t 32 --ptsPerDim 3 --stateOut b1boot45.state --tol 3e-6 -S 5000 abe2.lgo ../../boot/boot45.opf
# Stage nOptItr nSimReps
#     0    5000        0
# algorithm          : deterministic
# ignoring probs <=  : 0
# Branch length floor: 0
# DE strategy        : 2
#    F               : 0.3
#    CR              : 0.8
#    tolerance       : 3e-06
# nthreads           : 32
# lgo input file     : abe2.lgo
# site pat input file: ../../boot/boot45.opf
# free parameters    : 15
# points in DE swarm : 45
# output state file  : b1boot45.state
# Including singleton site patterns.
# cost function      : KL
Initial parameter values
Fixed:
      zero = 0
       one = 1
    Tbecnw = 75200
Free:
       pc1 = 0
       pc2 = 0
       pc3 = 0
       pc4 = 0
       pc5 = 0
       pc6 = 0
       pc7 = 0
       pc8 = 0
       pc9 = 0
      pc10 = 0
      pc11 = 0
      pc12 = 0
      pc13 = 0
      pc14 = 0
      pc15 = 0
Constrained:
   Tgbecnw = 101827
     Tecnw = 26243.5
       Tnw = 10657.6
       Tec = 17185.3
     twoNb = 1.17959e+06
     twoNe = 392459
     twoNw = 2.14587e+06
    twoNec = 62204.2
    twoNnw = 85767.8
  twoNecnw = 79452.5
  twoNbecnw = 12376.7
  twoNgbecnw = 204969
         m = 0.191454
        m2 = 0.0265256
        m5 = 0.182434
        Tb = 21714.4
        Ta = 48457.2
        Te = 8592.66
DiffEv reached_goal. cost=1.83638e-03 spread=2.39375e-06
Fitted parameter values
Free:
       pc1 = 0.763786
       pc2 = -2.30246
       pc3 = 1.14948
       pc4 = 1.89852
       pc5 = -1.86848
       pc6 = -1.55377
       pc7 = 1.93491
       pc8 = -1.8971
       pc9 = -0.954118
      pc10 = -0.663243
      pc11 = 0.224206
      pc12 = -0.322854
      pc13 = -0.0395412
      pc14 = -0.0184581
      pc15 = 0.0517562
Constrained:
   Tgbecnw = 92839.6
     Tecnw = 25008.8
       Tnw = 12219.1
       Tec = 16853.7
     twoNb = 661090
     twoNe = 159756
     twoNw = 3.32577e+06
    twoNec = 56978.5
    twoNnw = 68806.3
  twoNecnw = 77956.2
  twoNbecnw = 8064.86
  twoNgbecnw = 229353
         m = 0.157761
        m2 = 0.0253569
        m5 = 0.183121
        Tb = 20931.2
        Ta = 48065.6
        Te = 8426.84
#       SitePat  BranchLen
              b 128909.5729758
              e 49987.0295913
              c 52615.9553213
              n 47343.5052317
              w 47334.5839666
            b:e 2239.5780963
            b:c 2538.7558987
            b:n 1812.7356514
            b:w 1812.1243294
            e:c 10694.4712288
            e:n 5729.1430195
            e:w 5738.0642846
            c:n 4985.9275188
            c:w 4983.8870669
            n:w 12995.8452294
          b:e:c 2066.9262163
          b:e:n 1116.6752970
          b:e:w 1117.2866191
          b:c:n 1125.7346003
          b:c:w 1125.0686651
          b:n:w 2056.5148297
          e:c:n 4791.7706707
          e:c:w 4793.8111226
          e:n:w 6635.2638673
          c:n:w 5574.1164599
        b:e:c:n 2065.3788426
        b:e:c:w 2066.0447778
        b:e:n:w 3195.2377873
        b:c:n:w 2808.8329204
        e:c:n:w 53819.7866460
