########################################
# legofit: estimate population history #
#       version 2.3.4-4-g53f8760       #
########################################

# Program was compiled: Sep 21 2021 14:36:42
# Program was run: Sat Oct  9 10:41:59 2021

# cmd: legofit -1 -d 0 -t 32 --ptsPerDim 3 --stateOut b1boot5.state --tol 3e-6 -S 5000 abe2.lgo ../../boot/boot5.opf
# Stage nOptItr nSimReps
#     0    5000        0
# algorithm          : deterministic
# ignoring probs <=  : 0
# Branch length floor: 0
# DE strategy        : 2
#    F               : 0.3
#    CR              : 0.8
#    tolerance       : 3e-06
# nthreads           : 32
# lgo input file     : abe2.lgo
# site pat input file: ../../boot/boot5.opf
# free parameters    : 15
# points in DE swarm : 45
# output state file  : b1boot5.state
# Including singleton site patterns.
# cost function      : KL
Initial parameter values
Fixed:
      zero = 0
       one = 1
    Tbecnw = 75200
Free:
       pc1 = 0
       pc2 = 0
       pc3 = 0
       pc4 = 0
       pc5 = 0
       pc6 = 0
       pc7 = 0
       pc8 = 0
       pc9 = 0
      pc10 = 0
      pc11 = 0
      pc12 = 0
      pc13 = 0
      pc14 = 0
      pc15 = 0
Constrained:
   Tgbecnw = 101827
     Tecnw = 26243.5
       Tnw = 10657.6
       Tec = 17185.3
     twoNb = 1.17959e+06
     twoNe = 392459
     twoNw = 2.14587e+06
    twoNec = 62204.2
    twoNnw = 85767.8
  twoNecnw = 79452.5
  twoNbecnw = 12376.7
  twoNgbecnw = 204969
         m = 0.191454
        m2 = 0.0265256
        m5 = 0.182434
        Tb = 21714.4
        Ta = 48457.2
        Te = 8592.66
DiffEv reached_goal. cost=1.79898e-03 spread=2.66265e-06
Fitted parameter values
Free:
       pc1 = -0.203655
       pc2 = -0.565681
       pc3 = 1.39438
       pc4 = 1.8861
       pc5 = 0.416835
       pc6 = -1.82452
       pc7 = 1.35054
       pc8 = -0.470507
       pc9 = -1.2036
      pc10 = -1.1702
      pc11 = 0.148695
      pc12 = -0.171924
      pc13 = 0.0120511
      pc14 = -0.0681166
      pc15 = 0.0313726
Constrained:
   Tgbecnw = 93765
     Tecnw = 25597.3
       Tnw = 11165.1
       Tec = 16113.7
     twoNb = 824779
     twoNe = 496296
     twoNw = 3.05683e+06
    twoNec = 66571.3
    twoNnw = 78167.7
  twoNecnw = 76631
  twoNbecnw = 8794.53
  twoNgbecnw = 212887
         m = 0.170986
        m2 = 0.0264091
        m5 = 0.177745
        Tb = 20855.5
        Ta = 48027.7
        Te = 8056.86
#       SitePat  BranchLen
              b 129537.0502211
              e 50353.4165900
              c 52935.9263679
              n 47616.0535445
              w 47608.1544446
            b:e 2262.3561697
            b:c 2554.3286758
            b:n 1822.3194250
            b:w 1821.7880229
            e:c 10749.4898444
            e:n 5722.9811716
            e:w 5730.8802715
            c:n 4989.1634551
            c:w 4987.3902264
            n:w 13088.0396364
          b:e:c 2070.3072639
          b:e:n 1119.4504913
          b:e:w 1119.9818935
          b:c:n 1127.7075575
          b:c:w 1127.1307589
          b:n:w 2064.7311868
          e:c:n 4827.1889147
          e:c:w 4828.9621434
          e:n:w 6670.3897106
          c:n:w 5637.0508872
        b:e:c:n 2065.3706140
        b:e:c:w 2065.9474126
        b:e:n:w 3215.5182872
        b:c:n:w 2836.2765238
        e:c:n:w 54008.0244153
