########################################
# legofit: estimate population history #
#       version 2.3.4-4-g53f8760       #
########################################

# Program was compiled: Sep 21 2021 14:36:42
# Program was run: Sat Oct  9 10:46:59 2021

# cmd: legofit -1 -d 0 -t 32 --ptsPerDim 3 --stateOut b1boot38.state --tol 3e-6 -S 5000 abe2.lgo ../../boot/boot38.opf
# Stage nOptItr nSimReps
#     0    5000        0
# algorithm          : deterministic
# ignoring probs <=  : 0
# Branch length floor: 0
# DE strategy        : 2
#    F               : 0.3
#    CR              : 0.8
#    tolerance       : 3e-06
# nthreads           : 32
# lgo input file     : abe2.lgo
# site pat input file: ../../boot/boot38.opf
# free parameters    : 15
# points in DE swarm : 45
# output state file  : b1boot38.state
# Including singleton site patterns.
# cost function      : KL
Initial parameter values
Fixed:
      zero = 0
       one = 1
    Tbecnw = 75200
Free:
       pc1 = 0
       pc2 = 0
       pc3 = 0
       pc4 = 0
       pc5 = 0
       pc6 = 0
       pc7 = 0
       pc8 = 0
       pc9 = 0
      pc10 = 0
      pc11 = 0
      pc12 = 0
      pc13 = 0
      pc14 = 0
      pc15 = 0
Constrained:
   Tgbecnw = 101827
     Tecnw = 26243.5
       Tnw = 10657.6
       Tec = 17185.3
     twoNb = 1.17959e+06
     twoNe = 392459
     twoNw = 2.14587e+06
    twoNec = 62204.2
    twoNnw = 85767.8
  twoNecnw = 79452.5
  twoNbecnw = 12376.7
  twoNgbecnw = 204969
         m = 0.191454
        m2 = 0.0265256
        m5 = 0.182434
        Tb = 21714.4
        Ta = 48457.2
        Te = 8592.66
DiffEv reached_goal. cost=1.77981e-03 spread=2.66239e-06
Fitted parameter values
Free:
       pc1 = 0.826462
       pc2 = -3.08986
       pc3 = 0.274747
       pc4 = 1.90011
       pc5 = -0.347437
       pc6 = -1.87964
       pc7 = 1.87039
       pc8 = -1.82718
       pc9 = -1.54064
      pc10 = -0.610635
      pc11 = 0.282074
      pc12 = -0.229229
      pc13 = -0.00110214
      pc14 = -0.00352789
      pc15 = 0.042592
Constrained:
   Tgbecnw = 91686.6
     Tecnw = 24792.6
       Tnw = 11757.1
       Tec = 18153
     twoNb = 679323
     twoNe = 185293
     twoNw = 2.93774e+06
    twoNec = 45713.6
    twoNnw = 70646.6
  twoNecnw = 77807.8
  twoNbecnw = 7587.36
  twoNgbecnw = 226891
         m = 0.158425
        m2 = 0.0261406
        m5 = 0.180541
        Tb = 21472.8
        Ta = 48336.4
        Te = 9076.52
#       SitePat  BranchLen
              b 128293.5946340
              e 49825.9658148
              c 52412.6652286
              n 47135.6451663
              w 47128.6593752
            b:e 2223.0017719
            b:c 2515.4548423
            b:n 1799.3155609
            b:w 1798.8372591
            e:c 10645.7703745
            e:n 5705.8604905
            e:w 5712.8462816
            c:n 4972.3239876
            c:w 4970.7167541
            n:w 12987.3963468
          b:e:c 2052.0034690
          b:e:n 1105.4232788
          b:e:w 1105.9015805
          b:c:n 1114.1579202
          b:c:w 1113.6367547
          b:n:w 2043.3978801
          e:c:n 4788.4456411
          e:c:w 4790.0528746
          e:n:w 6594.0222041
          c:n:w 5554.5336061
        b:e:c:n 2050.8934919
        b:e:c:w 2051.4146574
        b:e:n:w 3180.6546693
        b:c:n:w 2800.1868839
        e:c:n:w 53415.6186360
