########################################
# legofit: estimate population history #
#       version 2.3.4-4-g53f8760       #
########################################

# Program was compiled: Sep 21 2021 14:36:42
# Program was run: Sat Oct  9 10:47:18 2021

# cmd: legofit -1 -d 0 -t 32 --ptsPerDim 3 --stateOut b1boot40.state --tol 3e-6 -S 5000 abe2.lgo ../../boot/boot40.opf
# Stage nOptItr nSimReps
#     0    5000        0
# algorithm          : deterministic
# ignoring probs <=  : 0
# Branch length floor: 0
# DE strategy        : 2
#    F               : 0.3
#    CR              : 0.8
#    tolerance       : 3e-06
# nthreads           : 32
# lgo input file     : abe2.lgo
# site pat input file: ../../boot/boot40.opf
# free parameters    : 15
# points in DE swarm : 45
# output state file  : b1boot40.state
# Including singleton site patterns.
# cost function      : KL
Initial parameter values
Fixed:
      zero = 0
       one = 1
    Tbecnw = 75200
Free:
       pc1 = 0
       pc2 = 0
       pc3 = 0
       pc4 = 0
       pc5 = 0
       pc6 = 0
       pc7 = 0
       pc8 = 0
       pc9 = 0
      pc10 = 0
      pc11 = 0
      pc12 = 0
      pc13 = 0
      pc14 = 0
      pc15 = 0
Constrained:
   Tgbecnw = 101827
     Tecnw = 26243.5
       Tnw = 10657.6
       Tec = 17185.3
     twoNb = 1.17959e+06
     twoNe = 392459
     twoNw = 2.14587e+06
    twoNec = 62204.2
    twoNnw = 85767.8
  twoNecnw = 79452.5
  twoNbecnw = 12376.7
  twoNgbecnw = 204969
         m = 0.191454
        m2 = 0.0265256
        m5 = 0.182434
        Tb = 21714.4
        Ta = 48457.2
        Te = 8592.66
DiffEv reached_goal. cost=1.78811e-03 spread=2.99692e-06
Fitted parameter values
Free:
       pc1 = 0.453927
       pc2 = -2.76187
       pc3 = 0.274792
       pc4 = 1.83581
       pc5 = -1.53418
       pc6 = -1.91245
       pc7 = 1.20671
       pc8 = -1.90296
       pc9 = -0.519125
      pc10 = -0.336776
      pc11 = 0.175171
      pc12 = -0.389722
      pc13 = -0.0512664
      pc14 = -0.0190908
      pc15 = 0.0876144
Constrained:
   Tgbecnw = 92228.4
     Tecnw = 24928.9
       Tnw = 12175.5
       Tec = 17302.3
     twoNb = 1.10734e+06
     twoNe = 190772
     twoNw = 3.01181e+06
    twoNec = 52051.9
    twoNnw = 68988.3
  twoNecnw = 78542.8
  twoNbecnw = 7865.45
  twoNgbecnw = 225605
         m = 0.161326
        m2 = 0.0259769
        m5 = 0.183934
        Tb = 21115.6
        Ta = 48157.8
        Te = 8651.16
#       SitePat  BranchLen
              b 128948.0130991
              e 50017.5178230
              c 52666.6751008
              n 47411.5923260
              w 47402.4007218
            b:e 2216.9626106
            b:c 2511.5046400
            b:n 1823.2683378
            b:w 1822.6354356
            e:c 10757.8112235
            e:n 5731.3484232
            e:w 5740.5400273
            c:n 4984.6158537
            c:w 4982.5095438
            n:w 13008.4447712
          b:e:c 2073.0135935
          b:e:n 1118.9688799
          b:e:w 1119.6017820
          b:c:n 1127.8203597
          b:c:w 1127.1312271
          b:n:w 2072.1709825
          e:c:n 4807.2029669
          e:c:w 4809.3092768
          e:n:w 6610.5427725
          c:n:w 5549.7239453
        b:e:c:n 2075.8208390
        b:e:c:w 2076.5099716
        b:e:n:w 3228.1287551
        b:c:n:w 2833.6302821
        e:c:n:w 53791.9024594
