########################################
# legofit: estimate population history #
#       version 2.3.4-4-g53f8760       #
########################################

# Program was compiled: Sep 21 2021 14:36:42
# Program was run: Sat Oct  9 10:44:33 2021

# cmd: legofit -1 -d 0 -t 32 --ptsPerDim 3 --stateOut b1boot22.state --tol 3e-6 -S 5000 abe2.lgo ../../boot/boot22.opf
# Stage nOptItr nSimReps
#     0    5000        0
# algorithm          : deterministic
# ignoring probs <=  : 0
# Branch length floor: 0
# DE strategy        : 2
#    F               : 0.3
#    CR              : 0.8
#    tolerance       : 3e-06
# nthreads           : 32
# lgo input file     : abe2.lgo
# site pat input file: ../../boot/boot22.opf
# free parameters    : 15
# points in DE swarm : 45
# output state file  : b1boot22.state
# Including singleton site patterns.
# cost function      : KL
Initial parameter values
Fixed:
      zero = 0
       one = 1
    Tbecnw = 75200
Free:
       pc1 = 0
       pc2 = 0
       pc3 = 0
       pc4 = 0
       pc5 = 0
       pc6 = 0
       pc7 = 0
       pc8 = 0
       pc9 = 0
      pc10 = 0
      pc11 = 0
      pc12 = 0
      pc13 = 0
      pc14 = 0
      pc15 = 0
Constrained:
   Tgbecnw = 101827
     Tecnw = 26243.5
       Tnw = 10657.6
       Tec = 17185.3
     twoNb = 1.17959e+06
     twoNe = 392459
     twoNw = 2.14587e+06
    twoNec = 62204.2
    twoNnw = 85767.8
  twoNecnw = 79452.5
  twoNbecnw = 12376.7
  twoNgbecnw = 204969
         m = 0.191454
        m2 = 0.0265256
        m5 = 0.182434
        Tb = 21714.4
        Ta = 48457.2
        Te = 8592.66
DiffEv reached_goal. cost=1.79273e-03 spread=2.52354e-06
Fitted parameter values
Free:
       pc1 = -0.0552281
       pc2 = -2.91216
       pc3 = 1.04882
       pc4 = 1.96262
       pc5 = -0.48677
       pc6 = -1.85397
       pc7 = 1.72228
       pc8 = -1.77318
       pc9 = -0.959609
      pc10 = -0.327544
      pc11 = 0.311253
      pc12 = -0.220879
      pc13 = 0.0348002
      pc14 = -0.0325628
      pc15 = 0.0606101
Constrained:
   Tgbecnw = 90640.1
     Tecnw = 24759
       Tnw = 11619.4
       Tec = 16855.4
     twoNb = 836941
     twoNe = 246051
     twoNw = 2.82637e+06
    twoNec = 55138.3
    twoNnw = 71089.4
  twoNecnw = 78680.4
  twoNbecnw = 7344.7
  twoNgbecnw = 216763
         m = 0.169017
        m2 = 0.026011
        m5 = 0.180576
        Tb = 20807.2
        Ta = 48003.6
        Te = 8427.72
#       SitePat  BranchLen
              b 128745.4409398
              e 49944.8634040
              c 52554.4806931
              n 47248.9055857
              w 47240.1479832
            b:e 2256.1849879
            b:c 2551.9653605
            b:n 1828.8039526
            b:w 1828.2016913
            e:c 10739.0167111
            e:n 5745.8004461
            e:w 5754.5580486
            c:n 5006.6514884
            c:w 5004.6504676
            n:w 13067.9648210
          b:e:c 2083.5098788
          b:e:n 1126.3468742
          b:e:w 1126.9491355
          b:c:n 1135.2505993
          b:c:w 1134.5942337
          b:n:w 2076.2683114
          e:c:n 4811.8746188
          e:c:w 4813.8756396
          e:n:w 6646.5226566
          c:n:w 5598.7031492
        b:e:c:n 2085.3767196
        b:e:c:w 2086.0330851
        b:e:n:w 3227.5141536
        b:c:n:w 2842.4435848
        e:c:n:w 53686.4578128
