########################################
# legofit: estimate population history #
#       version 2.3.4-4-g53f8760       #
########################################

# Program was compiled: Sep 21 2021 14:36:42
# Program was run: Sat Oct  9 10:42:25 2021

# cmd: legofit -1 -d 0 -t 32 --ptsPerDim 3 --stateOut b1boot8.state --tol 3e-6 -S 5000 abe2.lgo ../../boot/boot8.opf
# Stage nOptItr nSimReps
#     0    5000        0
# algorithm          : deterministic
# ignoring probs <=  : 0
# Branch length floor: 0
# DE strategy        : 2
#    F               : 0.3
#    CR              : 0.8
#    tolerance       : 3e-06
# nthreads           : 32
# lgo input file     : abe2.lgo
# site pat input file: ../../boot/boot8.opf
# free parameters    : 15
# points in DE swarm : 45
# output state file  : b1boot8.state
# Including singleton site patterns.
# cost function      : KL
Initial parameter values
Fixed:
      zero = 0
       one = 1
    Tbecnw = 75200
Free:
       pc1 = 0
       pc2 = 0
       pc3 = 0
       pc4 = 0
       pc5 = 0
       pc6 = 0
       pc7 = 0
       pc8 = 0
       pc9 = 0
      pc10 = 0
      pc11 = 0
      pc12 = 0
      pc13 = 0
      pc14 = 0
      pc15 = 0
Constrained:
   Tgbecnw = 101827
     Tecnw = 26243.5
       Tnw = 10657.6
       Tec = 17185.3
     twoNb = 1.17959e+06
     twoNe = 392459
     twoNw = 2.14587e+06
    twoNec = 62204.2
    twoNnw = 85767.8
  twoNecnw = 79452.5
  twoNbecnw = 12376.7
  twoNgbecnw = 204969
         m = 0.191454
        m2 = 0.0265256
        m5 = 0.182434
        Tb = 21714.4
        Ta = 48457.2
        Te = 8592.66
DiffEv reached_goal. cost=1.79566e-03 spread=2.88521e-06
Fitted parameter values
Free:
       pc1 = 0.0558171
       pc2 = -2.86701
       pc3 = 1.39704
       pc4 = 1.80785
       pc5 = -1.65161
       pc6 = -1.30866
       pc7 = 0.751137
       pc8 = -1.15829
       pc9 = -0.932206
      pc10 = 0.0716036
      pc11 = 0.191453
      pc12 = -0.275576
      pc13 = 0.0223567
      pc14 = -0.038034
      pc15 = 0.0719997
Constrained:
   Tgbecnw = 92882.3
     Tecnw = 25043.6
       Tnw = 12072.4
       Tec = 16918.1
     twoNb = 1.29092e+06
     twoNe = 222766
     twoNw = 2.89274e+06
    twoNec = 56782.7
    twoNnw = 69742.6
  twoNecnw = 79574.2
  twoNbecnw = 8370.52
  twoNgbecnw = 212312
         m = 0.173394
        m2 = 0.0251789
        m5 = 0.181487
        Tb = 20980.8
        Ta = 48090.4
        Te = 8459.05
#       SitePat  BranchLen
              b 129403.4954979
              e 50350.9486300
              c 52990.2978538
              n 47653.4370073
              w 47643.6610738
            b:e 2228.1071070
            b:c 2519.3916281
            b:n 1826.9971195
            b:w 1826.3286243
            e:c 10790.0528921
            e:n 5762.2698595
            e:w 5772.0457930
            c:n 5015.9700111
            c:w 5013.7431943
            n:w 13116.2222562
          b:e:c 2076.0078363
          b:e:n 1123.6989107
          b:e:w 1124.3674059
          b:c:n 1132.3020542
          b:c:w 1131.5749390
          b:n:w 2074.9048495
          e:c:n 4813.0607957
          e:c:w 4815.2876125
          e:n:w 6644.7990428
          c:n:w 5588.5731706
        b:e:c:n 2077.1391346
        b:e:c:w 2077.8662497
        b:e:n:w 3211.8939139
        b:c:n:w 2826.2776770
        e:c:n:w 53792.8084494
