########################################
# legofit: estimate population history #
#       version 2.3.4-4-g53f8760       #
########################################

# Program was compiled: Sep 21 2021 14:36:42
# Program was run: Sat Oct  9 10:43:07 2021

# cmd: legofit -1 -d 0 -t 32 --ptsPerDim 3 --stateOut b1boot13.state --tol 3e-6 -S 5000 abe2.lgo ../../boot/boot13.opf
# Stage nOptItr nSimReps
#     0    5000        0
# algorithm          : deterministic
# ignoring probs <=  : 0
# Branch length floor: 0
# DE strategy        : 2
#    F               : 0.3
#    CR              : 0.8
#    tolerance       : 3e-06
# nthreads           : 32
# lgo input file     : abe2.lgo
# site pat input file: ../../boot/boot13.opf
# free parameters    : 15
# points in DE swarm : 45
# output state file  : b1boot13.state
# Including singleton site patterns.
# cost function      : KL
Initial parameter values
Fixed:
      zero = 0
       one = 1
    Tbecnw = 75200
Free:
       pc1 = 0
       pc2 = 0
       pc3 = 0
       pc4 = 0
       pc5 = 0
       pc6 = 0
       pc7 = 0
       pc8 = 0
       pc9 = 0
      pc10 = 0
      pc11 = 0
      pc12 = 0
      pc13 = 0
      pc14 = 0
      pc15 = 0
Constrained:
   Tgbecnw = 101827
     Tecnw = 26243.5
       Tnw = 10657.6
       Tec = 17185.3
     twoNb = 1.17959e+06
     twoNe = 392459
     twoNw = 2.14587e+06
    twoNec = 62204.2
    twoNnw = 85767.8
  twoNecnw = 79452.5
  twoNbecnw = 12376.7
  twoNgbecnw = 204969
         m = 0.191454
        m2 = 0.0265256
        m5 = 0.182434
        Tb = 21714.4
        Ta = 48457.2
        Te = 8592.66
DiffEv reached_goal. cost=1.78783e-03 spread=2.78852e-06
Fitted parameter values
Free:
       pc1 = 0.020621
       pc2 = -3.1128
       pc3 = 1.02655
       pc4 = 1.73956
       pc5 = -1.00143
       pc6 = -1.69388
       pc7 = 1.60304
       pc8 = -1.54988
       pc9 = -1.36594
      pc10 = -1.00419
      pc11 = 0.0920119
      pc12 = -0.0888114
      pc13 = 0.0119124
      pc14 = -0.108197
      pc15 = 0.0812013
Constrained:
   Tgbecnw = 89376.8
     Tecnw = 24955.1
       Tnw = 12106.9
       Tec = 17385.4
     twoNb = 781824
     twoNe = 261103
     twoNw = 2.94921e+06
    twoNec = 52106
    twoNnw = 69239.5
  twoNecnw = 78130.2
  twoNbecnw = 6946.9
  twoNgbecnw = 205463
         m = 0.180649
        m2 = 0.0256506
        m5 = 0.180817
        Tb = 21170.3
        Ta = 48185.1
        Te = 8692.72
#       SitePat  BranchLen
              b 128724.4455567
              e 49935.2186194
              c 52529.7475068
              n 47311.8798999
              w 47302.9638670
            b:e 2246.4010268
            b:c 2543.7330533
            b:n 1814.3225151
            b:w 1813.7098521
            e:c 10718.1740701
            e:n 5706.5171058
            e:w 5715.4331387
            c:n 4972.6246301
            c:w 4970.5794887
            n:w 13007.3133318
          b:e:c 2070.8934845
          b:e:n 1114.2262990
          b:e:w 1114.8389621
          b:c:n 1123.0463151
          b:c:w 1122.3789941
          b:n:w 2062.4668608
          e:c:n 4803.2156858
          e:c:w 4805.2608272
          e:n:w 6631.4959483
          c:n:w 5581.9927919
        b:e:c:n 2066.7692562
        b:e:c:w 2067.4365773
        b:e:n:w 3179.9828634
        b:c:n:w 2800.0110373
        e:c:n:w 53688.7995356
