########################################
# legofit: estimate population history #
#       version 2.3.4-4-g53f8760       #
########################################

# Program was compiled: Sep 21 2021 14:36:42
# Program was run: Sat Oct  9 10:41:30 2021

# cmd: legofit -1 -d 0 -t 32 --ptsPerDim 3 --stateOut b1boot1.state --tol 3e-6 -S 5000 abe2.lgo ../../boot/boot1.opf
# Stage nOptItr nSimReps
#     0    5000        0
# algorithm          : deterministic
# ignoring probs <=  : 0
# Branch length floor: 0
# DE strategy        : 2
#    F               : 0.3
#    CR              : 0.8
#    tolerance       : 3e-06
# nthreads           : 32
# lgo input file     : abe2.lgo
# site pat input file: ../../boot/boot1.opf
# free parameters    : 15
# points in DE swarm : 45
# output state file  : b1boot1.state
# Including singleton site patterns.
# cost function      : KL
Initial parameter values
Fixed:
      zero = 0
       one = 1
    Tbecnw = 75200
Free:
       pc1 = 0
       pc2 = 0
       pc3 = 0
       pc4 = 0
       pc5 = 0
       pc6 = 0
       pc7 = 0
       pc8 = 0
       pc9 = 0
      pc10 = 0
      pc11 = 0
      pc12 = 0
      pc13 = 0
      pc14 = 0
      pc15 = 0
Constrained:
   Tgbecnw = 101827
     Tecnw = 26243.5
       Tnw = 10657.6
       Tec = 17185.3
     twoNb = 1.17959e+06
     twoNe = 392459
     twoNw = 2.14587e+06
    twoNec = 62204.2
    twoNnw = 85767.8
  twoNecnw = 79452.5
  twoNbecnw = 12376.7
  twoNgbecnw = 204969
         m = 0.191454
        m2 = 0.0265256
        m5 = 0.182434
        Tb = 21714.4
        Ta = 48457.2
        Te = 8592.66
DiffEv reached_goal. cost=1.78248e-03 spread=2.42686e-06
Fitted parameter values
Free:
       pc1 = 1.97087
       pc2 = -3.72637
       pc3 = 0.814476
       pc4 = 1.89604
       pc5 = -1.32652
       pc6 = -1.81899
       pc7 = 1.42505
       pc8 = -1.97328
       pc9 = -1.60932
      pc10 = -1.31633
      pc11 = 0.0495773
      pc12 = -0.371753
      pc13 = -0.0612601
      pc14 = -0.00345878
      pc15 = 0.0581892
Constrained:
   Tgbecnw = 91961.1
     Tecnw = 24889.2
       Tnw = 13270.8
       Tec = 18625.4
     twoNb = 639654
     twoNe = 120474
     twoNw = 2.77508e+06
    twoNec = 42823.6
    twoNnw = 61452.9
  twoNecnw = 77242.4
  twoNbecnw = 7615.87
  twoNgbecnw = 236023
         m = 0.149141
        m2 = 0.0254186
        m5 = 0.181292
        Tb = 21757.3
        Ta = 48478.7
        Te = 9312.71
#       SitePat  BranchLen
              b 127930.1593477
              e 49804.1549097
              c 52397.5303221
              n 47140.2155318
              w 47129.4873018
            b:e 2233.6987553
            b:c 2532.3541774
            b:n 1813.4548576
            b:w 1812.6987029
            e:c 10651.7935335
            e:n 5670.0954590
            e:w 5680.8236891
            c:n 4946.2102196
            c:w 4943.6953456
            n:w 12960.0032934
          b:e:c 2084.2518425
          b:e:n 1112.9173041
          b:e:w 1113.6734589
          b:c:n 1122.2675051
          b:c:w 1121.4432445
          b:n:w 2072.9113109
          e:c:n 4786.5291044
          e:c:w 4789.0439784
          e:n:w 6626.6702568
          c:n:w 5564.1199530
        b:e:c:n 2067.6790355
        b:e:c:w 2068.5032961
        b:e:n:w 3192.3482778
        b:c:n:w 2806.7612451
        e:c:n:w 53202.9399608
