########################################
# legofit: estimate population history #
#       version 2.3.4-4-g53f8760       #
########################################

# Program was compiled: Sep 21 2021 14:36:42
# Program was run: Sat Oct  9 10:42:28 2021

# cmd: legofit -1 -d 0 -t 32 --ptsPerDim 3 --stateOut b1boot9.state --tol 3e-6 -S 5000 abe2.lgo ../../boot/boot9.opf
# Stage nOptItr nSimReps
#     0    5000        0
# algorithm          : deterministic
# ignoring probs <=  : 0
# Branch length floor: 0
# DE strategy        : 2
#    F               : 0.3
#    CR              : 0.8
#    tolerance       : 3e-06
# nthreads           : 32
# lgo input file     : abe2.lgo
# site pat input file: ../../boot/boot9.opf
# free parameters    : 15
# points in DE swarm : 45
# output state file  : b1boot9.state
# Including singleton site patterns.
# cost function      : KL
Initial parameter values
Fixed:
      zero = 0
       one = 1
    Tbecnw = 75200
Free:
       pc1 = 0
       pc2 = 0
       pc3 = 0
       pc4 = 0
       pc5 = 0
       pc6 = 0
       pc7 = 0
       pc8 = 0
       pc9 = 0
      pc10 = 0
      pc11 = 0
      pc12 = 0
      pc13 = 0
      pc14 = 0
      pc15 = 0
Constrained:
   Tgbecnw = 101827
     Tecnw = 26243.5
       Tnw = 10657.6
       Tec = 17185.3
     twoNb = 1.17959e+06
     twoNe = 392459
     twoNw = 2.14587e+06
    twoNec = 62204.2
    twoNnw = 85767.8
  twoNecnw = 79452.5
  twoNbecnw = 12376.7
  twoNgbecnw = 204969
         m = 0.191454
        m2 = 0.0265256
        m5 = 0.182434
        Tb = 21714.4
        Ta = 48457.2
        Te = 8592.66
DiffEv reached_goal. cost=1.79521e-03 spread=2.75297e-06
Fitted parameter values
Free:
       pc1 = 1.00499
       pc2 = -2.63399
       pc3 = 1.75865
       pc4 = 1.72529
       pc5 = -1.84708
       pc6 = -1.81969
       pc7 = 1.00882
       pc8 = -1.88219
       pc9 = -1.05266
      pc10 = -0.364451
      pc11 = 0.112835
      pc12 = -0.52085
      pc13 = -0.0340495
      pc14 = 0.0168524
      pc15 = 0.0902763
Constrained:
   Tgbecnw = 93136.5
     Tecnw = 25005.9
       Tnw = 12535.7
       Tec = 16844.1
     twoNb = 992156
     twoNe = 265152
     twoNw = 2.72512e+06
    twoNec = 56819.1
    twoNnw = 66253.9
  twoNecnw = 78202.5
  twoNbecnw = 8047.03
  twoNgbecnw = 239233
         m = 0.149186
        m2 = 0.0249879
        m5 = 0.182323
        Tb = 20925
        Ta = 48062.5
        Te = 8422.05
#       SitePat  BranchLen
              b 128625.2885292
              e 50018.1562431
              c 52658.5958291
              n 47335.1453898
              w 47323.4381798
            b:e 2216.5692002
            b:c 2509.5051799
            b:n 1822.4619745
            b:w 1821.6523124
            e:c 10727.8140412
            e:n 5712.4033678
            e:w 5724.1105778
            c:n 4971.3602759
            c:w 4968.6787548
            n:w 13031.7235901
          b:e:c 2082.3216723
          b:e:n 1121.5907699
          b:e:w 1122.4004320
          b:c:n 1130.7729428
          b:c:w 1129.8908677
          b:n:w 2077.7626272
          e:c:n 4779.0522981
          e:c:w 4781.7338192
          e:n:w 6613.7284498
          c:n:w 5550.6824849
        b:e:c:n 2076.5845348
        b:e:c:w 2077.4666100
        b:e:n:w 3221.1911553
        b:c:n:w 2830.6637621
        e:c:n:w 53590.9998991
