########################################
# legofit: estimate population history #
#       version 2.3.4-4-g53f8760       #
########################################

# Program was compiled: Sep 21 2021 14:36:42
# Program was run: Sat Oct  9 10:45:05 2021

# cmd: legofit -1 -d 0 -t 32 --ptsPerDim 3 --stateOut b1boot27.state --tol 3e-6 -S 5000 abe2.lgo ../../boot/boot27.opf
# Stage nOptItr nSimReps
#     0    5000        0
# algorithm          : deterministic
# ignoring probs <=  : 0
# Branch length floor: 0
# DE strategy        : 2
#    F               : 0.3
#    CR              : 0.8
#    tolerance       : 3e-06
# nthreads           : 32
# lgo input file     : abe2.lgo
# site pat input file: ../../boot/boot27.opf
# free parameters    : 15
# points in DE swarm : 45
# output state file  : b1boot27.state
# Including singleton site patterns.
# cost function      : KL
Initial parameter values
Fixed:
      zero = 0
       one = 1
    Tbecnw = 75200
Free:
       pc1 = 0
       pc2 = 0
       pc3 = 0
       pc4 = 0
       pc5 = 0
       pc6 = 0
       pc7 = 0
       pc8 = 0
       pc9 = 0
      pc10 = 0
      pc11 = 0
      pc12 = 0
      pc13 = 0
      pc14 = 0
      pc15 = 0
Constrained:
   Tgbecnw = 101827
     Tecnw = 26243.5
       Tnw = 10657.6
       Tec = 17185.3
     twoNb = 1.17959e+06
     twoNe = 392459
     twoNw = 2.14587e+06
    twoNec = 62204.2
    twoNnw = 85767.8
  twoNecnw = 79452.5
  twoNbecnw = 12376.7
  twoNgbecnw = 204969
         m = 0.191454
        m2 = 0.0265256
        m5 = 0.182434
        Tb = 21714.4
        Ta = 48457.2
        Te = 8592.66
DiffEv reached_goal. cost=1.78875e-03 spread=1.83416e-06
Fitted parameter values
Free:
       pc1 = -2.02612
       pc2 = -3.2035
       pc3 = 1.53129
       pc4 = 1.89397
       pc5 = -1.31911
       pc6 = -1.69029
       pc7 = -0.862924
       pc8 = -1.89001
       pc9 = -0.887935
      pc10 = 0.171931
      pc11 = -0.0767605
      pc12 = -0.0411826
      pc13 = 0.0965752
      pc14 = -0.190707
      pc15 = 0.0618192
Constrained:
   Tgbecnw = 86444.5
     Tecnw = 24931
       Tnw = 11423.4
       Tec = 16129.4
     twoNb = 2.11747e+06
     twoNe = 224229
     twoNw = 1.92697e+06
    twoNec = 61918.3
    twoNnw = 73007
  twoNecnw = 79431.8
  twoNbecnw = 5853.38
  twoNgbecnw = 188992
         m = 0.205496
        m2 = 0.0253134
        m5 = 0.181619
        Tb = 20530.2
        Ta = 47865.1
        Te = 8064.72
#       SitePat  BranchLen
              b 129235.0786633
              e 50081.5207396
              c 52719.9460512
              n 47402.0969596
              w 47388.3693196
            b:e 2252.8085864
            b:c 2548.6327961
            b:n 1833.0623569
            b:w 1832.1251546
            e:c 10746.8331053
            e:n 5744.2154305
            e:w 5757.9430705
            c:n 4997.0080412
            c:w 4993.9095124
            n:w 13070.2211568
          b:e:c 2081.7111385
          b:e:n 1130.0933371
          b:e:w 1131.0305394
          b:c:n 1139.0198820
          b:c:w 1137.9992129
          b:n:w 2079.8089494
          e:c:n 4799.6210306
          e:c:w 4802.7195593
          e:n:w 6647.8861878
          c:n:w 5593.1656750
        b:e:c:n 2088.0328718
        b:e:c:w 2089.0535408
        b:e:n:w 3213.4216112
        b:c:n:w 2829.2381401
        e:c:n:w 54054.2270073
