########################################
# legofit: estimate population history #
#       version 2.3.4-4-g53f8760       #
########################################

# Program was compiled: Sep 21 2021 14:36:42
# Program was run: Sat Oct  9 10:46:39 2021

# cmd: legofit -1 -d 0 -t 32 --ptsPerDim 3 --stateOut b1boot36.state --tol 3e-6 -S 5000 abe2.lgo ../../boot/boot36.opf
# Stage nOptItr nSimReps
#     0    5000        0
# algorithm          : deterministic
# ignoring probs <=  : 0
# Branch length floor: 0
# DE strategy        : 2
#    F               : 0.3
#    CR              : 0.8
#    tolerance       : 3e-06
# nthreads           : 32
# lgo input file     : abe2.lgo
# site pat input file: ../../boot/boot36.opf
# free parameters    : 15
# points in DE swarm : 45
# output state file  : b1boot36.state
# Including singleton site patterns.
# cost function      : KL
Initial parameter values
Fixed:
      zero = 0
       one = 1
    Tbecnw = 75200
Free:
       pc1 = 0
       pc2 = 0
       pc3 = 0
       pc4 = 0
       pc5 = 0
       pc6 = 0
       pc7 = 0
       pc8 = 0
       pc9 = 0
      pc10 = 0
      pc11 = 0
      pc12 = 0
      pc13 = 0
      pc14 = 0
      pc15 = 0
Constrained:
   Tgbecnw = 101827
     Tecnw = 26243.5
       Tnw = 10657.6
       Tec = 17185.3
     twoNb = 1.17959e+06
     twoNe = 392459
     twoNw = 2.14587e+06
    twoNec = 62204.2
    twoNnw = 85767.8
  twoNecnw = 79452.5
  twoNbecnw = 12376.7
  twoNgbecnw = 204969
         m = 0.191454
        m2 = 0.0265256
        m5 = 0.182434
        Tb = 21714.4
        Ta = 48457.2
        Te = 8592.66
DiffEv reached_goal. cost=1.80974e-03 spread=2.97377e-06
Fitted parameter values
Free:
       pc1 = 0.805354
       pc2 = -3.77822
       pc3 = 0.987904
       pc4 = 1.95313
       pc5 = -1.98386
       pc6 = -1.92166
       pc7 = 1.96368
       pc8 = -0.433555
       pc9 = -1.23797
      pc10 = -0.318403
      pc11 = 0.0538126
      pc12 = -0.317581
      pc13 = -0.0254542
      pc14 = -0.0459425
      pc15 = 0.0751829
Constrained:
   Tgbecnw = 92224.9
     Tecnw = 24862.7
       Tnw = 12889.2
       Tec = 17994.4
     twoNb = 910366
     twoNe = 387310
     twoNw = 3.87827e+06
    twoNec = 47532.7
    twoNnw = 64062.9
  twoNecnw = 79828.1
  twoNbecnw = 8001.98
  twoNgbecnw = 218256
         m = 0.16906
        m2 = 0.0252618
        m5 = 0.180883
        Tb = 21428.6
        Ta = 48314.3
        Te = 8997.19
#       SitePat  BranchLen
              b 129342.1801247
              e 50286.1081669
              c 52897.4563841
              n 47604.6164652
              w 47596.9223938
            b:e 2251.5231942
            b:c 2547.5982926
            b:n 1836.8311005
            b:w 1836.2929408
            e:c 10772.2255987
            e:n 5745.6865725
            e:w 5753.3806439
            c:n 5010.4162987
            c:w 5008.6336460
            n:w 13084.4887874
          b:e:c 2098.0461590
          b:e:n 1129.3455533
          b:e:w 1129.8837130
          b:c:n 1138.1824150
          b:c:w 1137.5959506
          b:n:w 2092.7408055
          e:c:n 4815.0368015
          e:c:w 4816.8194542
          e:n:w 6649.4049920
          c:n:w 5592.4058344
        b:e:c:n 2094.2358061
        b:e:c:w 2094.8222705
        b:e:n:w 3230.0841919
        b:c:n:w 2843.1280795
        e:c:n:w 53935.8881270
