########################################
# legofit: estimate population history #
#       version 2.3.4-4-g53f8760       #
########################################

# Program was compiled: Sep 21 2021 14:36:42
# Program was run: Sat Oct  9 10:48:35 2021

# cmd: legofit -1 -d 0 -t 32 --ptsPerDim 3 --stateOut b1boot49.state --tol 3e-6 -S 5000 abe2.lgo ../../boot/boot49.opf
# Stage nOptItr nSimReps
#     0    5000        0
# algorithm          : deterministic
# ignoring probs <=  : 0
# Branch length floor: 0
# DE strategy        : 2
#    F               : 0.3
#    CR              : 0.8
#    tolerance       : 3e-06
# nthreads           : 32
# lgo input file     : abe2.lgo
# site pat input file: ../../boot/boot49.opf
# free parameters    : 15
# points in DE swarm : 45
# output state file  : b1boot49.state
# Including singleton site patterns.
# cost function      : KL
Initial parameter values
Fixed:
      zero = 0
       one = 1
    Tbecnw = 75200
Free:
       pc1 = 0
       pc2 = 0
       pc3 = 0
       pc4 = 0
       pc5 = 0
       pc6 = 0
       pc7 = 0
       pc8 = 0
       pc9 = 0
      pc10 = 0
      pc11 = 0
      pc12 = 0
      pc13 = 0
      pc14 = 0
      pc15 = 0
Constrained:
   Tgbecnw = 101827
     Tecnw = 26243.5
       Tnw = 10657.6
       Tec = 17185.3
     twoNb = 1.17959e+06
     twoNe = 392459
     twoNw = 2.14587e+06
    twoNec = 62204.2
    twoNnw = 85767.8
  twoNecnw = 79452.5
  twoNbecnw = 12376.7
  twoNgbecnw = 204969
         m = 0.191454
        m2 = 0.0265256
        m5 = 0.182434
        Tb = 21714.4
        Ta = 48457.2
        Te = 8592.66
DiffEv reached_goal. cost=1.82871e-03 spread=2.61197e-06
Fitted parameter values
Free:
       pc1 = 0.605947
       pc2 = -2.80165
       pc3 = 1.48203
       pc4 = 1.89216
       pc5 = -1.77488
       pc6 = -1.56652
       pc7 = 1.84281
       pc8 = -1.52658
       pc9 = -1.64496
      pc10 = -0.603907
      pc11 = 0.119431
      pc12 = -0.352314
      pc13 = -0.0246294
      pc14 = -0.0429036
      pc15 = 0.0719185
Constrained:
   Tgbecnw = 91226.8
     Tecnw = 24980.9
       Tnw = 12191.5
       Tec = 17252.5
     twoNb = 722918
     twoNe = 224841
     twoNw = 3.33797e+06
    twoNec = 53987.4
    twoNnw = 68629.4
  twoNecnw = 78247.9
  twoNbecnw = 7477.65
  twoNgbecnw = 223601
         m = 0.161758
        m2 = 0.0249898
        m5 = 0.181236
        Tb = 21116.7
        Ta = 48158.4
        Te = 8626.27
#       SitePat  BranchLen
              b 128469.8215501
              e 49997.9044160
              c 52601.1690782
              n 47330.6936476
              w 47322.4445834
            b:e 2240.5234068
            b:c 2535.8605389
            b:n 1820.5692257
            b:w 1820.0000456
            e:c 10685.0648503
            e:n 5715.3656939
            e:w 5723.6147581
            c:n 4978.1270013
            c:w 4976.2380069
            n:w 13010.0203566
          b:e:c 2078.7736827
          b:e:n 1121.3912604
          b:e:w 1121.9604405
          b:c:n 1130.3925194
          b:c:w 1129.7719449
          b:n:w 2068.7078502
          e:c:n 4785.6495024
          e:c:w 4787.5384969
          e:n:w 6613.8109445
          c:n:w 5564.0531042
        b:e:c:n 2077.2136244
        b:e:c:w 2077.8341989
        b:e:n:w 3191.6924591
        b:c:n:w 2810.6510713
        e:c:n:w 53476.8266662
