########################################
# legofit: estimate population history #
#       version 2.3.4-4-g53f8760       #
########################################

# Program was compiled: Sep 21 2021 14:36:42
# Program was run: Sat Oct  9 10:47:50 2021

# cmd: legofit -1 -d 0 -t 32 --ptsPerDim 3 --stateOut b1boot44.state --tol 3e-6 -S 5000 abe2.lgo ../../boot/boot44.opf
# Stage nOptItr nSimReps
#     0    5000        0
# algorithm          : deterministic
# ignoring probs <=  : 0
# Branch length floor: 0
# DE strategy        : 2
#    F               : 0.3
#    CR              : 0.8
#    tolerance       : 3e-06
# nthreads           : 32
# lgo input file     : abe2.lgo
# site pat input file: ../../boot/boot44.opf
# free parameters    : 15
# points in DE swarm : 45
# output state file  : b1boot44.state
# Including singleton site patterns.
# cost function      : KL
Initial parameter values
Fixed:
      zero = 0
       one = 1
    Tbecnw = 75200
Free:
       pc1 = 0
       pc2 = 0
       pc3 = 0
       pc4 = 0
       pc5 = 0
       pc6 = 0
       pc7 = 0
       pc8 = 0
       pc9 = 0
      pc10 = 0
      pc11 = 0
      pc12 = 0
      pc13 = 0
      pc14 = 0
      pc15 = 0
Constrained:
   Tgbecnw = 101827
     Tecnw = 26243.5
       Tnw = 10657.6
       Tec = 17185.3
     twoNb = 1.17959e+06
     twoNe = 392459
     twoNw = 2.14587e+06
    twoNec = 62204.2
    twoNnw = 85767.8
  twoNecnw = 79452.5
  twoNbecnw = 12376.7
  twoNgbecnw = 204969
         m = 0.191454
        m2 = 0.0265256
        m5 = 0.182434
        Tb = 21714.4
        Ta = 48457.2
        Te = 8592.66
DiffEv reached_goal. cost=1.79166e-03 spread=2.41219e-06
Fitted parameter values
Free:
       pc1 = 0.871082
       pc2 = -3.54462
       pc3 = -0.623707
       pc4 = 1.68444
       pc5 = -1.68825
       pc6 = -1.93632
       pc7 = 1.77834
       pc8 = -1.87523
       pc9 = -0.638345
      pc10 = -0.490481
      pc11 = 0.308541
      pc12 = -0.218935
      pc13 = 0.00946904
      pc14 = -0.00777935
      pc15 = 0.0180279
Constrained:
   Tgbecnw = 92153.7
     Tecnw = 24741.5
       Tnw = 12360.3
       Tec = 18520.6
     twoNb = 895225
     twoNe = 156302
     twoNw = 3.33609e+06
    twoNec = 42560.5
    twoNnw = 66620.9
  twoNecnw = 78744.7
  twoNbecnw = 7937.35
  twoNgbecnw = 219077
         m = 0.165135
        m2 = 0.0261916
        m5 = 0.184869
        Tb = 21631.1
        Ta = 48415.5
        Te = 9260.32
#       SitePat  BranchLen
              b 128677.9698220
              e 49989.6518868
              c 52654.5155761
              n 47297.5494047
              w 47290.2974154
            b:e 2227.7218387
            b:c 2527.9031035
            b:n 1816.3538084
            b:w 1815.8503639
            e:c 10696.3252466
            e:n 5748.0436359
            e:w 5755.2956252
            c:n 4997.2364740
            c:w 4995.5516250
            n:w 13038.6754020
          b:e:c 2069.8767912
          b:e:n 1115.7036022
          b:e:w 1116.2070468
          b:c:n 1124.5141002
          b:c:w 1123.9660437
          b:n:w 2065.6693238
          e:c:n 4815.3124868
          e:c:w 4816.9973358
          e:n:w 6655.9142980
          c:n:w 5579.8395879
        b:e:c:n 2067.3628491
        b:e:c:w 2067.9109056
        b:e:n:w 3215.1378574
        b:c:n:w 2820.1491527
        e:c:n:w 53494.8358427
