########################################
# legofit: estimate population history #
#       version 2.3.4-4-g53f8760       #
########################################

# Program was compiled: Sep 21 2021 14:36:42
# Program was run: Sat Oct  9 10:44:42 2021

# cmd: legofit -1 -d 0 -t 32 --ptsPerDim 3 --stateOut b1boot23.state --tol 3e-6 -S 5000 abe2.lgo ../../boot/boot23.opf
# Stage nOptItr nSimReps
#     0    5000        0
# algorithm          : deterministic
# ignoring probs <=  : 0
# Branch length floor: 0
# DE strategy        : 2
#    F               : 0.3
#    CR              : 0.8
#    tolerance       : 3e-06
# nthreads           : 32
# lgo input file     : abe2.lgo
# site pat input file: ../../boot/boot23.opf
# free parameters    : 15
# points in DE swarm : 45
# output state file  : b1boot23.state
# Including singleton site patterns.
# cost function      : KL
Initial parameter values
Fixed:
      zero = 0
       one = 1
    Tbecnw = 75200
Free:
       pc1 = 0
       pc2 = 0
       pc3 = 0
       pc4 = 0
       pc5 = 0
       pc6 = 0
       pc7 = 0
       pc8 = 0
       pc9 = 0
      pc10 = 0
      pc11 = 0
      pc12 = 0
      pc13 = 0
      pc14 = 0
      pc15 = 0
Constrained:
   Tgbecnw = 101827
     Tecnw = 26243.5
       Tnw = 10657.6
       Tec = 17185.3
     twoNb = 1.17959e+06
     twoNe = 392459
     twoNw = 2.14587e+06
    twoNec = 62204.2
    twoNnw = 85767.8
  twoNecnw = 79452.5
  twoNbecnw = 12376.7
  twoNgbecnw = 204969
         m = 0.191454
        m2 = 0.0265256
        m5 = 0.182434
        Tb = 21714.4
        Ta = 48457.2
        Te = 8592.66
DiffEv reached_goal. cost=1.77960e-03 spread=2.82403e-06
Fitted parameter values
Free:
       pc1 = 0.711267
       pc2 = -2.01472
       pc3 = 1.95851
       pc4 = 1.94619
       pc5 = -0.983109
       pc6 = -1.93563
       pc7 = 0.801033
       pc8 = -1.81874
       pc9 = -1.14459
      pc10 = -0.733691
      pc11 = 0.230928
      pc12 = -0.408417
      pc13 = -0.008527
      pc14 = 0.00134161
      pc15 = 0.0575546
Constrained:
   Tgbecnw = 92918.9
     Tecnw = 25112.5
       Tnw = 12203.1
       Tec = 16380.4
     twoNb = 1.0012e+06
     twoNe = 293540
     twoNw = 2.49887e+06
    twoNec = 61461
    twoNnw = 68754.4
  twoNecnw = 77117.5
  twoNbecnw = 8088.4
  twoNgbecnw = 232995
         m = 0.15106
        m2 = 0.0253668
        m5 = 0.180508
        Tb = 20746.4
        Ta = 47973.2
        Te = 8190.18
#       SitePat  BranchLen
              b 128296.2157977
              e 49974.9198817
              c 52589.0567640
              n 47250.5250511
              w 47238.1384746
            b:e 2230.5172420
            b:c 2521.8941771
            b:n 1826.3915428
            b:w 1825.5367902
            e:c 10707.8772070
            e:n 5710.4777500
            e:w 5722.8643265
            c:n 4977.2786962
            c:w 4974.4480206
            n:w 13028.9462338
          b:e:c 2083.5546832
          b:e:n 1124.6587246
          b:e:w 1125.5134772
          b:c:n 1133.6990471
          b:c:w 1132.7690934
          b:n:w 2078.2646580
          e:c:n 4795.6850216
          e:c:w 4798.5156971
          e:n:w 6643.2574889
          c:n:w 5589.5623143
        b:e:c:n 2076.9846018
        b:e:c:w 2077.9145554
        b:e:n:w 3223.5093215
        b:c:n:w 2837.0099980
        e:c:n:w 53298.1842524
