########################################
# legofit: estimate population history #
#       version 2.3.4-4-g53f8760       #
########################################

# Program was compiled: Sep 21 2021 14:36:42
# Program was run: Sat Oct  9 10:44:10 2021

# cmd: legofit -1 -d 0 -t 32 --ptsPerDim 3 --stateOut b1boot20.state --tol 3e-6 -S 5000 abe2.lgo ../../boot/boot20.opf
# Stage nOptItr nSimReps
#     0    5000        0
# algorithm          : deterministic
# ignoring probs <=  : 0
# Branch length floor: 0
# DE strategy        : 2
#    F               : 0.3
#    CR              : 0.8
#    tolerance       : 3e-06
# nthreads           : 32
# lgo input file     : abe2.lgo
# site pat input file: ../../boot/boot20.opf
# free parameters    : 15
# points in DE swarm : 45
# output state file  : b1boot20.state
# Including singleton site patterns.
# cost function      : KL
Initial parameter values
Fixed:
      zero = 0
       one = 1
    Tbecnw = 75200
Free:
       pc1 = 0
       pc2 = 0
       pc3 = 0
       pc4 = 0
       pc5 = 0
       pc6 = 0
       pc7 = 0
       pc8 = 0
       pc9 = 0
      pc10 = 0
      pc11 = 0
      pc12 = 0
      pc13 = 0
      pc14 = 0
      pc15 = 0
Constrained:
   Tgbecnw = 101827
     Tecnw = 26243.5
       Tnw = 10657.6
       Tec = 17185.3
     twoNb = 1.17959e+06
     twoNe = 392459
     twoNw = 2.14587e+06
    twoNec = 62204.2
    twoNnw = 85767.8
  twoNecnw = 79452.5
  twoNbecnw = 12376.7
  twoNgbecnw = 204969
         m = 0.191454
        m2 = 0.0265256
        m5 = 0.182434
        Tb = 21714.4
        Ta = 48457.2
        Te = 8592.66
DiffEv reached_goal. cost=1.80159e-03 spread=2.98986e-06
Fitted parameter values
Free:
       pc1 = -0.578779
       pc2 = -1.16712
       pc3 = -0.145997
       pc4 = 1.89977
       pc5 = -1.3642
       pc6 = -1.71718
       pc7 = -0.55714
       pc8 = -1.50848
       pc9 = -1.17449
      pc10 = 0.289778
      pc11 = 0.477138
      pc12 = -0.0445326
      pc13 = -0.0388191
      pc14 = 0.0169061
      pc15 = 0.0733642
Constrained:
   Tgbecnw = 94102.9
     Tecnw = 25322.6
       Tnw = 10745.7
       Tec = 17018.2
     twoNb = 2.01039e+06
     twoNe = 195164
     twoNw = 2.79618e+06
    twoNec = 56730.8
    twoNnw = 80622.4
  twoNecnw = 77235.7
  twoNbecnw = 8984.52
  twoNgbecnw = 211353
         m = 0.17127
        m2 = 0.0258924
        m5 = 0.183469
        Tb = 21170.4
        Ta = 48185.2
        Te = 8509.08
#       SitePat  BranchLen
              b 129571.2755165
              e 50197.2038339
              c 52841.0015143
              n 47600.0679813
              w 47593.6497287
            b:e 2214.8252083
            b:c 2501.6702755
            b:n 1841.6195131
            b:w 1841.1841925
            e:c 10803.0982544
            e:n 5779.9420715
            e:w 5786.3603241
            c:n 5027.1559966
            c:w 5025.7013564
            n:w 13058.2720016
          b:e:c 2067.2990439
          b:e:n 1125.9311721
          b:e:w 1126.3664927
          b:c:n 1133.8032219
          b:c:w 1133.3315448
          b:n:w 2073.3280545
          e:c:n 4889.0252958
          e:c:w 4890.4799359
          e:n:w 6650.3018729
          c:n:w 5606.4908748
        b:e:c:n 2081.5872373
        b:e:c:w 2082.0589144
        b:e:n:w 3215.1789349
        b:c:n:w 2826.9549886
        e:c:n:w 53926.7564102
