########################################
# legofit: estimate population history #
#       version 2.3.4-4-g53f8760       #
########################################

# Program was compiled: Sep 21 2021 14:36:42
# Program was run: Sat Oct  9 10:42:20 2021

# cmd: legofit -1 -d 0 -t 32 --ptsPerDim 3 --stateOut b1boot7.state --tol 3e-6 -S 5000 abe2.lgo ../../boot/boot7.opf
# Stage nOptItr nSimReps
#     0    5000        0
# algorithm          : deterministic
# ignoring probs <=  : 0
# Branch length floor: 0
# DE strategy        : 2
#    F               : 0.3
#    CR              : 0.8
#    tolerance       : 3e-06
# nthreads           : 32
# lgo input file     : abe2.lgo
# site pat input file: ../../boot/boot7.opf
# free parameters    : 15
# points in DE swarm : 45
# output state file  : b1boot7.state
# Including singleton site patterns.
# cost function      : KL
Initial parameter values
Fixed:
      zero = 0
       one = 1
    Tbecnw = 75200
Free:
       pc1 = 0
       pc2 = 0
       pc3 = 0
       pc4 = 0
       pc5 = 0
       pc6 = 0
       pc7 = 0
       pc8 = 0
       pc9 = 0
      pc10 = 0
      pc11 = 0
      pc12 = 0
      pc13 = 0
      pc14 = 0
      pc15 = 0
Constrained:
   Tgbecnw = 101827
     Tecnw = 26243.5
       Tnw = 10657.6
       Tec = 17185.3
     twoNb = 1.17959e+06
     twoNe = 392459
     twoNw = 2.14587e+06
    twoNec = 62204.2
    twoNnw = 85767.8
  twoNecnw = 79452.5
  twoNbecnw = 12376.7
  twoNgbecnw = 204969
         m = 0.191454
        m2 = 0.0265256
        m5 = 0.182434
        Tb = 21714.4
        Ta = 48457.2
        Te = 8592.66
DiffEv reached_goal. cost=1.81519e-03 spread=2.45127e-06
Fitted parameter values
Free:
       pc1 = -0.456799
       pc2 = -2.23836
       pc3 = 0.0567424
       pc4 = 1.52632
       pc5 = 0.184613
       pc6 = -1.9925
       pc7 = 1.70757
       pc8 = -0.772583
       pc9 = -1.43824
      pc10 = -0.560738
      pc11 = 0.139093
      pc12 = -0.0689418
      pc13 = -0.0432856
      pc14 = -0.0915662
      pc15 = 0.0253477
Constrained:
   Tgbecnw = 90960.3
     Tecnw = 25128.3
       Tnw = 11002
       Tec = 17731.1
     twoNb = 898963
     twoNe = 461341
     twoNw = 3.16957e+06
    twoNec = 51098.7
    twoNnw = 78253.3
  twoNecnw = 78196.7
  twoNbecnw = 7681.64
  twoNgbecnw = 205158
         m = 0.182039
        m2 = 0.0266051
        m5 = 0.179526
        Tb = 21429.7
        Ta = 48314.9
        Te = 8865.57
#       SitePat  BranchLen
              b 129410.3042564
              e 50233.5298662
              c 52805.6401860
              n 47572.9913379
              w 47567.7428501
            b:e 2259.4337651
            b:c 2551.0619976
            b:n 1830.6725874
            b:w 1830.3151947
            e:c 10712.0459791
            e:n 5749.1089247
            e:w 5754.3574125
            c:n 5013.8133643
            c:w 5012.6212005
            n:w 13023.5383522
          b:e:c 2069.4541675
          b:e:n 1123.8394674
          b:e:w 1124.1968602
          b:c:n 1132.0486521
          b:c:w 1131.6599025
          b:n:w 2065.7188365
          e:c:n 4841.6250107
          e:c:w 4842.8171746
          e:n:w 6625.3447155
          c:n:w 5602.4610266
        b:e:c:n 2081.6854664
        b:e:c:w 2082.0742160
        b:e:n:w 3216.1614726
        b:c:n:w 2836.6660009
        e:c:n:w 54029.6191343
