########################################
# legofit: estimate population history #
#       version 2.3.4-4-g53f8760       #
########################################

# Program was compiled: Sep 21 2021 14:36:42
# Program was run: Tue Sep 28 21:40:37 2021

# cmd: legofit -1 -d 0 -t 32 --ptsPerDim 3 --stateOut b1boot33.state --tol 3e-6 -S 5000 abcf2.lgo ../../chrX/boot_chrX/boot33.opf
# Stage nOptItr nSimReps
#     0    5000        0
# algorithm          : deterministic
# ignoring probs <=  : 0
# Branch length floor: 0
# DE strategy        : 2
#    F               : 0.3
#    CR              : 0.8
#    tolerance       : 3e-06
# nthreads           : 32
# lgo input file     : abcf2.lgo
# site pat input file: ../../chrX/boot_chrX/boot33.opf
# free parameters    : 18
# points in DE swarm : 54
# output state file  : b1boot33.state
# Including singleton site patterns.
# cost function      : KL
Initial parameter values
Fixed:
      zero = 0
       one = 1
    Tbecnw = 75200
Free:
       pc1 = 0
       pc2 = 0
       pc3 = 0
       pc4 = 0
       pc5 = 0
       pc6 = 0
       pc7 = 0
       pc8 = 0
       pc9 = 0
      pc10 = 0
      pc11 = 0
      pc12 = 0
      pc13 = 0
      pc14 = 0
      pc15 = 0
      pc16 = 0
      pc17 = 0
      pc18 = 0
Constrained:
   Tgbecnw = 208114
     Tecnw = 27347.6
       Tnw = 23078.7
       Tec = 11732.9
     twoNb = 1.20375e+06
     twoNe = 4888.93
     twoNc = 1.52223e+06
     twoNn = 1.06291e+06
     twoNw = 4.13012e+06
    twoNec = 83858.4
    twoNnw = 12802.5
  twoNecnw = 62141.5
  twoNbecnw = 23244
  twoNgbecnw = 343689
         m = 0.0774308
        m2 = 0.0262183
        m3 = 0.237698
        m6 = 3.16454e-07
        Tb = 19540.3
        Ta = 47370.1
        Tc = 11539.4
        Tf = 5769.68
DiffEv reached_goal. cost=2.00500e-03 spread=2.61799e-06
Fitted parameter values
Free:
       pc1 = 0.43742
       pc2 = 1.30805
       pc3 = 1.56697
       pc4 = -1.60952
       pc5 = 1.8685
       pc6 = 0.269264
       pc7 = -1.95775
       pc8 = 0.918854
       pc9 = -1.18185
      pc10 = 0.633673
      pc11 = 1.93539
      pc12 = -0.659757
      pc13 = 0.771425
      pc14 = 0.177008
      pc15 = -0.0320862
      pc16 = 0.096622
      pc17 = 0.187022
      pc18 = 0.0152906
Constrained:
   Tgbecnw = 141347
     Tecnw = 26890.8
       Tnw = 21934.9
       Tec = 11528.9
     twoNb = 1.66347e+06
     twoNe = 14709.6
     twoNc = 1.66124e+06
     twoNn = 1.38211e+06
     twoNw = 354250
    twoNec = 80757.5
    twoNnw = 14077.5
  twoNecnw = 57729.4
  twoNbecnw = 17456.1
  twoNgbecnw = 392569
         m = 0.0673055
        m2 = 0.0260563
        m3 = 0.22967
        m6 = 5.86648e-07
        Tb = 19209.8
        Ta = 47204.9
        Tc = 10967.4
        Tf = 5483.72
#       SitePat  BranchLen
              b 122997.4964290
              e 46350.4696996
              c 46694.5355354
              n 42829.2046605
              w 45539.8590448
            b:e 1340.9850663
            b:c 1357.3694736
            b:n 978.6746177
            b:w 1113.1076064
            e:c 11745.6918218
            e:n 4899.4807435
            e:w 3790.5543990
            c:n 4555.4056731
            c:w 3869.7618306
            n:w 12684.1355128
          b:e:c 1315.2058255
          b:e:n 564.0197985
          b:e:w 559.6537362
          b:c:n 547.6344531
          b:c:w 581.1217441
          b:n:w 1358.2183865
          e:c:n 5019.3462198
          e:c:w 3969.4795892
          e:n:w 5417.9321785
          c:n:w 5338.7336397
        b:e:c:n 1164.5529072
        b:e:c:w 1134.7811508
        b:e:n:w 1936.2811644
        b:c:n:w 1914.8144364
        e:c:n:w 49655.4826190
