########################################
# legofit: estimate population history #
#       version 2.3.4-4-g53f8760       #
########################################

# Program was compiled: Sep 21 2021 14:36:42
# Program was run: Tue Sep 28 21:39:24 2021

# cmd: legofit -1 -d 0 -t 32 --ptsPerDim 3 --stateOut b1boot1.state --tol 3e-6 -S 5000 abcf2.lgo ../../chrX/boot_chrX/boot1.opf
# Stage nOptItr nSimReps
#     0    5000        0
# algorithm          : deterministic
# ignoring probs <=  : 0
# Branch length floor: 0
# DE strategy        : 2
#    F               : 0.3
#    CR              : 0.8
#    tolerance       : 3e-06
# nthreads           : 32
# lgo input file     : abcf2.lgo
# site pat input file: ../../chrX/boot_chrX/boot1.opf
# free parameters    : 18
# points in DE swarm : 54
# output state file  : b1boot1.state
# Including singleton site patterns.
# cost function      : KL
Initial parameter values
Fixed:
      zero = 0
       one = 1
    Tbecnw = 75200
Free:
       pc1 = 0
       pc2 = 0
       pc3 = 0
       pc4 = 0
       pc5 = 0
       pc6 = 0
       pc7 = 0
       pc8 = 0
       pc9 = 0
      pc10 = 0
      pc11 = 0
      pc12 = 0
      pc13 = 0
      pc14 = 0
      pc15 = 0
      pc16 = 0
      pc17 = 0
      pc18 = 0
Constrained:
   Tgbecnw = 208114
     Tecnw = 27347.6
       Tnw = 23078.7
       Tec = 11732.9
     twoNb = 1.20375e+06
     twoNe = 4888.93
     twoNc = 1.52223e+06
     twoNn = 1.06291e+06
     twoNw = 4.13012e+06
    twoNec = 83858.4
    twoNnw = 12802.5
  twoNecnw = 62141.5
  twoNbecnw = 23244
  twoNgbecnw = 343689
         m = 0.0774308
        m2 = 0.0262183
        m3 = 0.237698
        m6 = 3.16454e-07
        Tb = 19540.3
        Ta = 47370.1
        Tc = 11539.4
        Tf = 5769.68
DiffEv reached_goal. cost=2.08871e-03 spread=2.49666e-06
Fitted parameter values
Free:
       pc1 = -2.82272
       pc2 = -0.224029
       pc3 = 1.92283
       pc4 = -1.20442
       pc5 = 1.33365
       pc6 = 0.991265
       pc7 = -0.377441
       pc8 = -0.00144316
       pc9 = 0.669363
      pc10 = 0.44986
      pc11 = 1.57484
      pc12 = 0.846898
      pc13 = -0.584551
      pc14 = 0.225131
      pc15 = 0.123926
      pc16 = -0.0818793
      pc17 = -0.0600908
      pc18 = 0.0459849
Constrained:
   Tgbecnw = 134281
     Tecnw = 26398.3
       Tnw = 24091.9
       Tec = 12317.9
     twoNb = 1.98676e+06
     twoNe = 5736.57
     twoNc = 245680
     twoNn = 1.01655e+06
     twoNw = 5.37647e+06
    twoNec = 73878.2
    twoNnw = 6609.85
  twoNecnw = 64718.4
  twoNbecnw = 17559.1
  twoNgbecnw = 258900
         m = 0.103342
        m2 = 0.0257657
        m3 = 0.230235
        m6 = 7.86911e-07
        Tb = 19358.1
        Ta = 47279
        Tc = 12045.9
        Tf = 6022.97
#       SitePat  BranchLen
              b 123637.8473813
              e 47356.5540062
              c 47786.3554621
              n 43972.8128360
              w 46875.2796360
            b:e 1405.0653969
            b:c 1426.4123377
            b:n 1029.4435808
            b:w 1176.1200050
            e:c 12120.1994761
            e:n 5143.5821314
            e:w 3923.2965414
            c:n 4713.7695376
            c:w 4023.4089057
            n:w 12931.2321917
          b:e:c 1379.7269268
          b:e:n 597.5125583
          b:e:w 588.0654051
          b:c:n 576.1644040
          b:c:w 615.4138266
          b:n:w 1422.4987339
          e:c:n 5124.0922161
          e:c:w 4006.2996604
          e:n:w 5467.4628511
          c:n:w 5367.3611941
        b:e:c:n 1234.6107907
        b:e:c:w 1184.1041396
        b:e:n:w 1977.3760652
        b:c:n:w 1950.0292879
        e:c:n:w 48692.4429628
