########################################
# legofit: estimate population history #
#       version 2.3.4-4-g53f8760       #
########################################

# Program was compiled: Sep 21 2021 14:36:42
# Program was run: Tue Sep 28 21:39:24 2021

# cmd: legofit -1 -d 0 -t 32 --ptsPerDim 3 --stateOut b1boot8.state --tol 3e-6 -S 5000 abcf2.lgo ../../chrX/boot_chrX/boot8.opf
# Stage nOptItr nSimReps
#     0    5000        0
# algorithm          : deterministic
# ignoring probs <=  : 0
# Branch length floor: 0
# DE strategy        : 2
#    F               : 0.3
#    CR              : 0.8
#    tolerance       : 3e-06
# nthreads           : 32
# lgo input file     : abcf2.lgo
# site pat input file: ../../chrX/boot_chrX/boot8.opf
# free parameters    : 18
# points in DE swarm : 54
# output state file  : b1boot8.state
# Including singleton site patterns.
# cost function      : KL
Initial parameter values
Fixed:
      zero = 0
       one = 1
    Tbecnw = 75200
Free:
       pc1 = 0
       pc2 = 0
       pc3 = 0
       pc4 = 0
       pc5 = 0
       pc6 = 0
       pc7 = 0
       pc8 = 0
       pc9 = 0
      pc10 = 0
      pc11 = 0
      pc12 = 0
      pc13 = 0
      pc14 = 0
      pc15 = 0
      pc16 = 0
      pc17 = 0
      pc18 = 0
Constrained:
   Tgbecnw = 208114
     Tecnw = 27347.6
       Tnw = 23078.7
       Tec = 11732.9
     twoNb = 1.20375e+06
     twoNe = 4888.93
     twoNc = 1.52223e+06
     twoNn = 1.06291e+06
     twoNw = 4.13012e+06
    twoNec = 83858.4
    twoNnw = 12802.5
  twoNecnw = 62141.5
  twoNbecnw = 23244
  twoNgbecnw = 343689
         m = 0.0774308
        m2 = 0.0262183
        m3 = 0.237698
        m6 = 3.16454e-07
        Tb = 19540.3
        Ta = 47370.1
        Tc = 11539.4
        Tf = 5769.68
DiffEv reached_goal. cost=2.08211e-03 spread=2.58387e-06
Fitted parameter values
Free:
       pc1 = 1.03286
       pc2 = -0.563815
       pc3 = 1.61648
       pc4 = -0.998224
       pc5 = 0.695262
       pc6 = -0.0496433
       pc7 = -1.44419
       pc8 = -0.192287
       pc9 = -0.646512
      pc10 = 0.619942
      pc11 = 1.19586
      pc12 = 0.0148719
      pc13 = -0.545998
      pc14 = -0.22971
      pc15 = -0.0522509
      pc16 = 0.181834
      pc17 = 0.0361935
      pc18 = 0.0288985
Constrained:
   Tgbecnw = 144588
     Tecnw = 27278.5
       Tnw = 21350.8
       Tec = 10999.3
     twoNb = 1.94152e+06
     twoNe = 8275.01
     twoNc = 1.42714e+06
     twoNn = 1.7433e+06
     twoNw = 2.38903e+06
    twoNec = 89571.3
    twoNnw = 17445.6
  twoNecnw = 60696
  twoNbecnw = 19529.8
  twoNgbecnw = 302341
         m = 0.0856577
        m2 = 0.025863
        m3 = 0.238659
        m6 = 4.03595e-07
        Tb = 19138.9
        Ta = 47169.5
        Tc = 10675.4
        Tf = 5337.71
#       SitePat  BranchLen
              b 124426.6078395
              e 47547.3070843
              c 47930.9854712
              n 43934.8294921
              w 46783.6635034
            b:e 1447.3806968
            b:c 1466.3519623
            b:n 1069.8343090
            b:w 1216.1454815
            e:c 11876.6676370
            e:n 5168.2965436
            e:w 3979.2672836
            c:n 4784.6123679
            c:w 4066.5347912
            n:w 12886.6655756
          b:e:c 1396.6416317
          b:e:n 623.3954838
          b:e:w 616.3793129
          b:c:n 604.4235895
          b:c:w 640.6164880
          b:n:w 1438.2887990
          e:c:n 5165.8108144
          e:c:w 4089.7792856
          e:n:w 5545.7333232
          c:n:w 5458.4713772
        b:e:c:n 1269.7529899
        b:e:c:w 1228.5694905
        b:e:n:w 2029.1033768
        b:c:n:w 2004.8670576
        e:c:n:w 49494.2737560
