########################################
# legofit: estimate population history #
#       version 2.3.4-4-g53f8760       #
########################################

# Program was compiled: Sep 21 2021 14:36:42
# Program was run: Tue Sep 28 21:48:30 2021

# cmd: legofit -1 -d 0 -t 32 --ptsPerDim 3 --stateOut b1boot46.state --tol 3e-6 -S 5000 abcf2.lgo ../../chrX/boot_chrX/boot46.opf
# Stage nOptItr nSimReps
#     0    5000        0
# algorithm          : deterministic
# ignoring probs <=  : 0
# Branch length floor: 0
# DE strategy        : 2
#    F               : 0.3
#    CR              : 0.8
#    tolerance       : 3e-06
# nthreads           : 32
# lgo input file     : abcf2.lgo
# site pat input file: ../../chrX/boot_chrX/boot46.opf
# free parameters    : 18
# points in DE swarm : 54
# output state file  : b1boot46.state
# Including singleton site patterns.
# cost function      : KL
Initial parameter values
Fixed:
      zero = 0
       one = 1
    Tbecnw = 75200
Free:
       pc1 = 0
       pc2 = 0
       pc3 = 0
       pc4 = 0
       pc5 = 0
       pc6 = 0
       pc7 = 0
       pc8 = 0
       pc9 = 0
      pc10 = 0
      pc11 = 0
      pc12 = 0
      pc13 = 0
      pc14 = 0
      pc15 = 0
      pc16 = 0
      pc17 = 0
      pc18 = 0
Constrained:
   Tgbecnw = 208114
     Tecnw = 27347.6
       Tnw = 23078.7
       Tec = 11732.9
     twoNb = 1.20375e+06
     twoNe = 4888.93
     twoNc = 1.52223e+06
     twoNn = 1.06291e+06
     twoNw = 4.13012e+06
    twoNec = 83858.4
    twoNnw = 12802.5
  twoNecnw = 62141.5
  twoNbecnw = 23244
  twoNgbecnw = 343689
         m = 0.0774308
        m2 = 0.0262183
        m3 = 0.237698
        m6 = 3.16454e-07
        Tb = 19540.3
        Ta = 47370.1
        Tc = 11539.4
        Tf = 5769.68
DiffEv reached_goal. cost=1.95648e-03 spread=2.97147e-06
Fitted parameter values
Free:
       pc1 = 0.286126
       pc2 = 1.52429
       pc3 = 0.409125
       pc4 = -0.990912
       pc5 = 1.59565
       pc6 = -0.689462
       pc7 = -0.659605
       pc8 = 0.188731
       pc9 = -1.65646
      pc10 = -0.0987868
      pc11 = 0.626083
      pc12 = 0.674988
      pc13 = -0.609634
      pc14 = 0.149991
      pc15 = -0.139809
      pc16 = -0.0127836
      pc17 = 0.0386376
      pc18 = -0.0609689
Constrained:
   Tgbecnw = 154588
     Tecnw = 27041.3
       Tnw = 22146.8
       Tec = 11389.3
     twoNb = 1.00505e+06
     twoNe = 10820.8
     twoNc = 1.55381e+06
     twoNn = 1.97405e+06
     twoNw = 4.57364e+06
    twoNec = 83880.5
    twoNnw = 14386.5
  twoNecnw = 60017.4
  twoNbecnw = 19520.9
  twoNgbecnw = 395564
         m = 0.0642676
        m2 = 0.0258552
        m3 = 0.249933
        m6 = 2.14388e-06
        Tb = 19215.3
        Ta = 47207.7
        Tc = 11073.4
        Tf = 5536.7
#       SitePat  BranchLen
              b 122692.2242886
              e 46958.3543556
              c 47251.6949424
              n 43648.9856196
              w 46554.2234833
            b:e 1355.4416138
            b:c 1369.3150694
            b:n 998.5351004
            b:w 1133.8699190
            e:c 11746.8440923
            e:n 5067.3064569
            e:w 3922.2120534
            c:n 4773.9361594
            c:w 3989.0987069
            n:w 12513.8951378
          b:e:c 1289.8930889
          b:e:n 574.1042872
          b:e:w 571.9661071
          b:c:n 560.2277030
          b:c:w 589.7274602
          b:n:w 1328.6050988
          e:c:n 5128.5384974
          e:c:w 4019.8424616
          e:n:w 5376.9813463
          c:n:w 5310.1232593
        b:e:c:n 1179.0814651
        b:e:c:w 1149.7751245
        b:e:n:w 1897.7779789
        b:c:n:w 1880.0208986
        e:c:n:w 48332.4463870
