########################################
# legofit: estimate population history #
#       version 2.3.4-4-g53f8760       #
########################################

# Program was compiled: Sep 21 2021 14:36:42
# Program was run: Tue Sep 28 21:39:24 2021

# cmd: legofit -1 -d 0 -t 32 --ptsPerDim 3 --stateOut b1boot19.state --tol 3e-6 -S 5000 abcf2.lgo ../../chrX/boot_chrX/boot19.opf
# Stage nOptItr nSimReps
#     0    5000        0
# algorithm          : deterministic
# ignoring probs <=  : 0
# Branch length floor: 0
# DE strategy        : 2
#    F               : 0.3
#    CR              : 0.8
#    tolerance       : 3e-06
# nthreads           : 32
# lgo input file     : abcf2.lgo
# site pat input file: ../../chrX/boot_chrX/boot19.opf
# free parameters    : 18
# points in DE swarm : 54
# output state file  : b1boot19.state
# Including singleton site patterns.
# cost function      : KL
Initial parameter values
Fixed:
      zero = 0
       one = 1
    Tbecnw = 75200
Free:
       pc1 = 0
       pc2 = 0
       pc3 = 0
       pc4 = 0
       pc5 = 0
       pc6 = 0
       pc7 = 0
       pc8 = 0
       pc9 = 0
      pc10 = 0
      pc11 = 0
      pc12 = 0
      pc13 = 0
      pc14 = 0
      pc15 = 0
      pc16 = 0
      pc17 = 0
      pc18 = 0
Constrained:
   Tgbecnw = 208114
     Tecnw = 27347.6
       Tnw = 23078.7
       Tec = 11732.9
     twoNb = 1.20375e+06
     twoNe = 4888.93
     twoNc = 1.52223e+06
     twoNn = 1.06291e+06
     twoNw = 4.13012e+06
    twoNec = 83858.4
    twoNnw = 12802.5
  twoNecnw = 62141.5
  twoNbecnw = 23244
  twoNgbecnw = 343689
         m = 0.0774308
        m2 = 0.0262183
        m3 = 0.237698
        m6 = 3.16454e-07
        Tb = 19540.3
        Ta = 47370.1
        Tc = 11539.4
        Tf = 5769.68
DiffEv reached_goal. cost=1.91095e-03 spread=2.70080e-06
Fitted parameter values
Free:
       pc1 = -0.687773
       pc2 = 1.71486
       pc3 = 1.55127
       pc4 = -0.404046
       pc5 = 1.67589
       pc6 = -0.816085
       pc7 = -1.03694
       pc8 = 0.379144
       pc9 = 0.453577
      pc10 = 0.334638
      pc11 = 1.85423
      pc12 = 0.00781753
      pc13 = 0.338906
      pc14 = 0.644113
      pc15 = 0.080621
      pc16 = 0.189044
      pc17 = 0.10437
      pc18 = 0.0713982
Constrained:
   Tgbecnw = 140875
     Tecnw = 26778.2
       Tnw = 22813
       Tec = 11768.8
     twoNb = 1.44995e+06
     twoNe = 7207.11
     twoNc = 1.55116e+06
     twoNn = 1.41901e+06
     twoNw = 3.11105e+06
    twoNec = 75501.9
    twoNnw = 10739.3
  twoNecnw = 59537.1
  twoNbecnw = 16606.1
  twoNgbecnw = 441014
         m = 0.0585805
        m2 = 0.0274427
        m3 = 0.236804
        m6 = 3.32723e-07
        Tb = 19273.5
        Ta = 47236.8
        Tc = 11406.5
        Tf = 5703.25
#       SitePat  BranchLen
              b 121042.5587162
              e 46259.4558323
              c 46719.6958557
              n 42715.6401309
              w 45713.2843387
            b:e 1311.8792993
            b:c 1333.5000159
            b:n 947.9163036
            b:w 1095.2353553
            e:c 11906.4338781
            e:n 4965.1566649
            e:w 3694.0999211
            c:n 4504.9117977
            c:w 3798.8901136
            n:w 12802.5395304
          b:e:c 1307.7305013
          b:e:n 550.2340352
          b:e:w 541.6214497
          b:c:n 528.6128151
          b:c:w 570.2945608
          b:n:w 1352.6219286
          e:c:n 5008.2661118
          e:c:w 3845.9407982
          e:n:w 5330.7473102
          c:n:w 5225.9617624
        b:e:c:n 1148.8320888
        b:e:c:w 1110.2034336
        b:e:n:w 1927.8333253
        b:c:n:w 1899.1609169
        e:c:n:w 47759.8001937
