########################################
# legofit: estimate population history #
#       version 2.3.4-4-g53f8760       #
########################################

# Program was compiled: Sep 21 2021 14:36:42
# Program was run: Tue Sep 28 21:39:23 2021

# cmd: legofit -1 -d 0 -t 32 --ptsPerDim 3 --stateOut b1boot4.state --tol 3e-6 -S 5000 abcf2.lgo ../../chrX/boot_chrX/boot4.opf
# Stage nOptItr nSimReps
#     0    5000        0
# algorithm          : deterministic
# ignoring probs <=  : 0
# Branch length floor: 0
# DE strategy        : 2
#    F               : 0.3
#    CR              : 0.8
#    tolerance       : 3e-06
# nthreads           : 32
# lgo input file     : abcf2.lgo
# site pat input file: ../../chrX/boot_chrX/boot4.opf
# free parameters    : 18
# points in DE swarm : 54
# output state file  : b1boot4.state
# Including singleton site patterns.
# cost function      : KL
Initial parameter values
Fixed:
      zero = 0
       one = 1
    Tbecnw = 75200
Free:
       pc1 = 0
       pc2 = 0
       pc3 = 0
       pc4 = 0
       pc5 = 0
       pc6 = 0
       pc7 = 0
       pc8 = 0
       pc9 = 0
      pc10 = 0
      pc11 = 0
      pc12 = 0
      pc13 = 0
      pc14 = 0
      pc15 = 0
      pc16 = 0
      pc17 = 0
      pc18 = 0
Constrained:
   Tgbecnw = 208114
     Tecnw = 27347.6
       Tnw = 23078.7
       Tec = 11732.9
     twoNb = 1.20375e+06
     twoNe = 4888.93
     twoNc = 1.52223e+06
     twoNn = 1.06291e+06
     twoNw = 4.13012e+06
    twoNec = 83858.4
    twoNnw = 12802.5
  twoNecnw = 62141.5
  twoNbecnw = 23244
  twoNgbecnw = 343689
         m = 0.0774308
        m2 = 0.0262183
        m3 = 0.237698
        m6 = 3.16454e-07
        Tb = 19540.3
        Ta = 47370.1
        Tc = 11539.4
        Tf = 5769.68
DiffEv reached_goal. cost=2.10970e-03 spread=2.84022e-06
Fitted parameter values
Free:
       pc1 = 0.38317
       pc2 = 1.40034
       pc3 = 0.33197
       pc4 = 0.572833
       pc5 = 0.893593
       pc6 = 0.497569
       pc7 = -0.730315
       pc8 = -1.0949
       pc9 = -0.672765
      pc10 = 0.774299
      pc11 = -0.400429
      pc12 = 0.0339729
      pc13 = -0.132785
      pc14 = -0.104407
      pc15 = -0.321997
      pc16 = -0.156914
      pc17 = 0.00175583
      pc18 = 0.0116521
Constrained:
   Tgbecnw = 165485
     Tecnw = 27345.9
       Tnw = 23069.4
       Tec = 11707.1
     twoNb = 1.10559e+06
     twoNe = 3239.68
     twoNc = 1.83982e+06
     twoNn = 1.64882e+06
     twoNw = 928279
    twoNec = 83521.3
    twoNnw = 12285.6
  twoNecnw = 59374.4
  twoNbecnw = 21664.2
  twoNgbecnw = 392450
         m = 0.0643179
        m2 = 0.0245843
        m3 = 0.241587
        m6 = 1.83428e-06
        Tb = 19526.5
        Ta = 47363.3
        Tc = 11534.7
        Tf = 5767.34
#       SitePat  BranchLen
              b 124387.1402780
              e 47082.2827054
              c 47591.6459517
              n 43714.2994166
              w 46750.6180381
            b:e 1382.5625107
            b:c 1407.2873444
            b:n 1016.1097363
            b:w 1167.2449485
            e:c 11868.8295883
            e:n 5214.3171240
            e:w 3902.0284726
            c:n 4704.9270129
            c:w 4020.1397372
            n:w 12682.2446656
          b:e:c 1336.0499946
          b:e:n 591.9798304
          b:e:w 578.0438071
          b:c:n 567.2521487
          b:c:w 609.3290569
          b:n:w 1375.2048241
          e:c:n 5222.5396511
          e:c:w 4056.5924229
          e:n:w 5528.5852895
          c:n:w 5410.4999276
        b:e:c:n 1205.5759747
        b:e:c:w 1153.0044363
        b:e:n:w 1920.1377225
        b:c:n:w 1888.8562828
        e:c:n:w 49543.2494725
