########################################
# legofit: estimate population history #
#       version 2.3.4-4-g53f8760       #
########################################

# Program was compiled: Sep 21 2021 14:36:42
# Program was run: Tue Sep 28 22:16:26 2021

# cmd: legofit -1 -d 0 -t 32 --ptsPerDim 3 --stateOut b1boot48.state --tol 3e-6 -S 5000 abcf2.lgo ../../chrX/boot_chrX/boot48.opf
# Stage nOptItr nSimReps
#     0    5000        0
# algorithm          : deterministic
# ignoring probs <=  : 0
# Branch length floor: 0
# DE strategy        : 2
#    F               : 0.3
#    CR              : 0.8
#    tolerance       : 3e-06
# nthreads           : 32
# lgo input file     : abcf2.lgo
# site pat input file: ../../chrX/boot_chrX/boot48.opf
# free parameters    : 18
# points in DE swarm : 54
# output state file  : b1boot48.state
# Including singleton site patterns.
# cost function      : KL
Initial parameter values
Fixed:
      zero = 0
       one = 1
    Tbecnw = 75200
Free:
       pc1 = 0
       pc2 = 0
       pc3 = 0
       pc4 = 0
       pc5 = 0
       pc6 = 0
       pc7 = 0
       pc8 = 0
       pc9 = 0
      pc10 = 0
      pc11 = 0
      pc12 = 0
      pc13 = 0
      pc14 = 0
      pc15 = 0
      pc16 = 0
      pc17 = 0
      pc18 = 0
Constrained:
   Tgbecnw = 208114
     Tecnw = 27347.6
       Tnw = 23078.7
       Tec = 11732.9
     twoNb = 1.20375e+06
     twoNe = 4888.93
     twoNc = 1.52223e+06
     twoNn = 1.06291e+06
     twoNw = 4.13012e+06
    twoNec = 83858.4
    twoNnw = 12802.5
  twoNecnw = 62141.5
  twoNbecnw = 23244
  twoNgbecnw = 343689
         m = 0.0774308
        m2 = 0.0262183
        m3 = 0.237698
        m6 = 3.16454e-07
        Tb = 19540.3
        Ta = 47370.1
        Tc = 11539.4
        Tf = 5769.68
DiffEv reached_goal. cost=1.99054e-03 spread=2.60237e-06
Fitted parameter values
Free:
       pc1 = 2.88146
       pc2 = 0.0139035
       pc3 = 1.35618
       pc4 = 0.0231852
       pc5 = 1.9584
       pc6 = -1.98061
       pc7 = 0.160399
       pc8 = -1.08459
       pc9 = -0.856844
      pc10 = 0.46737
      pc11 = 0.87342
      pc12 = 0.919244
      pc13 = 0.299606
      pc14 = -0.130297
      pc15 = -0.015023
      pc16 = 0.360734
      pc17 = -0.0343019
      pc18 = -0.00408258
Constrained:
   Tgbecnw = 149703
     Tecnw = 27584.4
       Tnw = 20470.3
       Tec = 10396.3
     twoNb = 1.23236e+06
     twoNe = 4190.32
     twoNc = 1.51813e+06
     twoNn = 3.0537e+06
     twoNw = 5.06342e+06
    twoNec = 95174.4
    twoNnw = 22354.5
  twoNecnw = 55992.2
  twoNbecnw = 19435.9
  twoNgbecnw = 371675
         m = 0.0642661
        m2 = 0.0278426
        m3 = 0.228745
        m6 = 1.86465e-06
        Tb = 18990.3
        Ta = 47095.2
        Tc = 10235.1
        Tf = 5117.57
#       SitePat  BranchLen
              b 121748.7126189
              e 46796.9144841
              c 47155.0100901
              n 43508.8396886
              w 46134.6330425
            b:e 1381.7679645
            b:c 1398.7675361
            b:n 1019.5346257
            b:w 1141.5279015
            e:c 11490.1810113
            e:n 5018.5891738
            e:w 3913.8546585
            c:n 4660.4688664
            c:w 3994.6266507
            n:w 12330.4568105
          b:e:c 1295.8751066
          b:e:n 588.4536343
          b:e:w 582.1214564
          b:c:n 571.4514183
          b:c:w 603.9453642
          b:n:w 1334.3272827
          e:c:n 5068.4146739
          e:c:w 4087.3644413
          e:n:w 5445.0266400
          c:n:w 5364.2783233
        b:e:c:n 1188.6301433
        b:e:c:w 1166.3087363
        b:e:n:w 1946.8511696
        b:c:n:w 1925.0309319
        e:c:n:w 47922.9527165
