########################################
# legofit: estimate population history #
#       version 2.3.4-4-g53f8760       #
########################################

# Program was compiled: Sep 21 2021 14:36:42
# Program was run: Tue Sep 28 21:39:24 2021

# cmd: legofit -1 -d 0 -t 32 --ptsPerDim 3 --stateOut b1boot13.state --tol 3e-6 -S 5000 abcf2.lgo ../../chrX/boot_chrX/boot13.opf
# Stage nOptItr nSimReps
#     0    5000        0
# algorithm          : deterministic
# ignoring probs <=  : 0
# Branch length floor: 0
# DE strategy        : 2
#    F               : 0.3
#    CR              : 0.8
#    tolerance       : 3e-06
# nthreads           : 32
# lgo input file     : abcf2.lgo
# site pat input file: ../../chrX/boot_chrX/boot13.opf
# free parameters    : 18
# points in DE swarm : 54
# output state file  : b1boot13.state
# Including singleton site patterns.
# cost function      : KL
Initial parameter values
Fixed:
      zero = 0
       one = 1
    Tbecnw = 75200
Free:
       pc1 = 0
       pc2 = 0
       pc3 = 0
       pc4 = 0
       pc5 = 0
       pc6 = 0
       pc7 = 0
       pc8 = 0
       pc9 = 0
      pc10 = 0
      pc11 = 0
      pc12 = 0
      pc13 = 0
      pc14 = 0
      pc15 = 0
      pc16 = 0
      pc17 = 0
      pc18 = 0
Constrained:
   Tgbecnw = 208114
     Tecnw = 27347.6
       Tnw = 23078.7
       Tec = 11732.9
     twoNb = 1.20375e+06
     twoNe = 4888.93
     twoNc = 1.52223e+06
     twoNn = 1.06291e+06
     twoNw = 4.13012e+06
    twoNec = 83858.4
    twoNnw = 12802.5
  twoNecnw = 62141.5
  twoNbecnw = 23244
  twoNgbecnw = 343689
         m = 0.0774308
        m2 = 0.0262183
        m3 = 0.237698
        m6 = 3.16454e-07
        Tb = 19540.3
        Ta = 47370.1
        Tc = 11539.4
        Tf = 5769.68
DiffEv reached_goal. cost=1.98426e-03 spread=2.43227e-06
Fitted parameter values
Free:
       pc1 = -1.8512
       pc2 = 0.0446662
       pc3 = 0.696238
       pc4 = -0.347848
       pc5 = 1.14178
       pc6 = -0.385874
       pc7 = -1.94909
       pc8 = -1.07479
       pc9 = 0.955344
      pc10 = 0.675123
      pc11 = 1.2371
      pc12 = -0.0571786
      pc13 = 0.0838266
      pc14 = 0.107439
      pc15 = -0.148989
      pc16 = 0.0718108
      pc17 = -0.0422447
      pc18 = 0.0421095
Constrained:
   Tgbecnw = 147186
     Tecnw = 27036.1
       Tnw = 24325
       Tec = 12387.8
     twoNb = 2.03382e+06
     twoNe = 3916.08
     twoNc = 525929
     twoNn = 1.73674e+06
     twoNw = 1.27036e+06
    twoNec = 75606.8
    twoNnw = 7522.15
  twoNecnw = 61333.4
  twoNbecnw = 19192.4
  twoNgbecnw = 316676
         m = 0.082133
        m2 = 0.0273722
        m3 = 0.249909
        m6 = 6.11701e-07
        Tb = 19711.9
        Ta = 47456
        Tc = 12162.5
        Tf = 6081.25
#       SitePat  BranchLen
              b 123744.3095102
              e 47109.2603274
              c 47669.1397995
              n 43680.4638599
              w 46885.2873940
            b:e 1360.0845556
            b:c 1387.2293907
            b:n 993.4808507
            b:w 1155.0151570
            e:c 11927.5185487
            e:n 5240.3263537
            e:w 3837.1374647
            c:n 4680.4378259
            c:w 3967.1411971
            n:w 12673.4540163
          b:e:c 1330.5229975
          b:e:n 582.9350300
          b:e:w 569.4458505
          b:c:n 555.7892384
          b:c:w 605.0968380
          b:n:w 1380.3999028
          e:c:n 5200.1745829
          e:c:w 3958.5303942
          e:n:w 5467.9450388
          c:n:w 5337.9499868
        b:e:c:n 1200.2267323
        b:e:c:w 1156.1802258
        b:e:n:w 1982.3544791
        b:c:n:w 1946.7048234
        e:c:n:w 49027.1331960
