########################################
# legofit: estimate population history #
#       version 2.3.4-4-g53f8760       #
########################################

# Program was compiled: Sep 21 2021 14:36:42
# Program was run: Tue Sep 28 21:39:24 2021

# cmd: legofit -1 -d 0 -t 32 --ptsPerDim 3 --stateOut b1boot18.state --tol 3e-6 -S 5000 abcf2.lgo ../../chrX/boot_chrX/boot18.opf
# Stage nOptItr nSimReps
#     0    5000        0
# algorithm          : deterministic
# ignoring probs <=  : 0
# Branch length floor: 0
# DE strategy        : 2
#    F               : 0.3
#    CR              : 0.8
#    tolerance       : 3e-06
# nthreads           : 32
# lgo input file     : abcf2.lgo
# site pat input file: ../../chrX/boot_chrX/boot18.opf
# free parameters    : 18
# points in DE swarm : 54
# output state file  : b1boot18.state
# Including singleton site patterns.
# cost function      : KL
Initial parameter values
Fixed:
      zero = 0
       one = 1
    Tbecnw = 75200
Free:
       pc1 = 0
       pc2 = 0
       pc3 = 0
       pc4 = 0
       pc5 = 0
       pc6 = 0
       pc7 = 0
       pc8 = 0
       pc9 = 0
      pc10 = 0
      pc11 = 0
      pc12 = 0
      pc13 = 0
      pc14 = 0
      pc15 = 0
      pc16 = 0
      pc17 = 0
      pc18 = 0
Constrained:
   Tgbecnw = 208114
     Tecnw = 27347.6
       Tnw = 23078.7
       Tec = 11732.9
     twoNb = 1.20375e+06
     twoNe = 4888.93
     twoNc = 1.52223e+06
     twoNn = 1.06291e+06
     twoNw = 4.13012e+06
    twoNec = 83858.4
    twoNnw = 12802.5
  twoNecnw = 62141.5
  twoNbecnw = 23244
  twoNgbecnw = 343689
         m = 0.0774308
        m2 = 0.0262183
        m3 = 0.237698
        m6 = 3.16454e-07
        Tb = 19540.3
        Ta = 47370.1
        Tc = 11539.4
        Tf = 5769.68
DiffEv reached_goal. cost=2.01139e-03 spread=2.73563e-06
Fitted parameter values
Free:
       pc1 = -1.10874
       pc2 = 0.629588
       pc3 = -1.19197
       pc4 = -0.283105
       pc5 = 1.8533
       pc6 = -1.57201
       pc7 = -1.61751
       pc8 = -1.21045
       pc9 = -1.32089
      pc10 = -0.273074
      pc11 = 0.585952
      pc12 = 0.351695
      pc13 = 0.185184
      pc14 = -0.184395
      pc15 = -0.104461
      pc16 = 0.145387
      pc17 = -0.0942411
      pc18 = 0.0627124
Constrained:
   Tgbecnw = 162769
     Tecnw = 27311.4
       Tnw = 24076.6
       Tec = 12466.5
     twoNb = 1.17758e+06
     twoNe = 8457.14
     twoNc = 974113
     twoNn = 2.59084e+06
     twoNw = 2.01823e+06
    twoNec = 81793.8
    twoNnw = 9279.24
  twoNecnw = 59868.4
  twoNbecnw = 21474.1
  twoNgbecnw = 340837
         m = 0.0750831
        m2 = 0.0283527
        m3 = 0.264651
        m6 = 2.88336e-06
        Tb = 19888.9
        Ta = 47544.5
        Tc = 12038.3
        Tf = 6019.16
#       SitePat  BranchLen
              b 124816.2472332
              e 47517.5689668
              c 48047.9839463
              n 43995.8661768
              w 47135.1067334
            b:e 1385.3180160
            b:c 1411.1077474
            b:n 1001.6705849
            b:w 1147.5241973
            e:c 11543.5323582
            e:n 5331.9493080
            e:w 3952.7660472
            c:n 4801.4930401
            c:w 4076.9245779
            n:w 12364.9024170
          b:e:c 1283.6830045
          b:e:n 588.7938295
          b:e:w 576.3222325
          b:c:n 562.9996925
          b:c:w 609.9830821
          b:n:w 1330.5802516
          e:c:n 5221.9265987
          e:c:w 4024.0110528
          e:n:w 5548.4228926
          c:n:w 5424.3038805
        b:e:c:n 1182.7659138
        b:e:c:w 1164.8272642
        b:e:n:w 1999.8676907
        b:c:n:w 1966.2130163
        e:c:n:w 49706.1487514
