########################################
# legofit: estimate population history #
#       version 2.3.4-4-g53f8760       #
########################################

# Program was compiled: Sep 21 2021 14:36:42
# Program was run: Tue Sep 28 21:39:24 2021

# cmd: legofit -1 -d 0 -t 32 --ptsPerDim 3 --stateOut b1boot16.state --tol 3e-6 -S 5000 abcf2.lgo ../../chrX/boot_chrX/boot16.opf
# Stage nOptItr nSimReps
#     0    5000        0
# algorithm          : deterministic
# ignoring probs <=  : 0
# Branch length floor: 0
# DE strategy        : 2
#    F               : 0.3
#    CR              : 0.8
#    tolerance       : 3e-06
# nthreads           : 32
# lgo input file     : abcf2.lgo
# site pat input file: ../../chrX/boot_chrX/boot16.opf
# free parameters    : 18
# points in DE swarm : 54
# output state file  : b1boot16.state
# Including singleton site patterns.
# cost function      : KL
Initial parameter values
Fixed:
      zero = 0
       one = 1
    Tbecnw = 75200
Free:
       pc1 = 0
       pc2 = 0
       pc3 = 0
       pc4 = 0
       pc5 = 0
       pc6 = 0
       pc7 = 0
       pc8 = 0
       pc9 = 0
      pc10 = 0
      pc11 = 0
      pc12 = 0
      pc13 = 0
      pc14 = 0
      pc15 = 0
      pc16 = 0
      pc17 = 0
      pc18 = 0
Constrained:
   Tgbecnw = 208114
     Tecnw = 27347.6
       Tnw = 23078.7
       Tec = 11732.9
     twoNb = 1.20375e+06
     twoNe = 4888.93
     twoNc = 1.52223e+06
     twoNn = 1.06291e+06
     twoNw = 4.13012e+06
    twoNec = 83858.4
    twoNnw = 12802.5
  twoNecnw = 62141.5
  twoNbecnw = 23244
  twoNgbecnw = 343689
         m = 0.0774308
        m2 = 0.0262183
        m3 = 0.237698
        m6 = 3.16454e-07
        Tb = 19540.3
        Ta = 47370.1
        Tc = 11539.4
        Tf = 5769.68
DiffEv reached_goal. cost=2.02243e-03 spread=2.58820e-06
Fitted parameter values
Free:
       pc1 = -0.144427
       pc2 = 1.48063
       pc3 = -0.300642
       pc4 = 0.0552136
       pc5 = 0.588118
       pc6 = -0.953572
       pc7 = -1.60161
       pc8 = -1.45539
       pc9 = 0.581949
      pc10 = 0.0848842
      pc11 = 0.082677
      pc12 = 0.69389
      pc13 = -0.240107
      pc14 = -0.0875243
      pc15 = -0.0736882
      pc16 = 0.0792762
      pc17 = 0.0495012
      pc18 = 0.00632323
Constrained:
   Tgbecnw = 162739
     Tecnw = 27509.2
       Tnw = 23755.3
       Tec = 11961.7
     twoNb = 1.36289e+06
     twoNe = 2520.76
     twoNc = 680159
     twoNn = 1.34777e+06
     twoNw = 2.81755e+06
    twoNec = 82431.5
    twoNnw = 9847.98
  twoNecnw = 58993.3
  twoNbecnw = 20738.5
  twoNgbecnw = 428967
         m = 0.0578238
        m2 = 0.0266065
        m3 = 0.265449
        m6 = 1.33891e-06
        Tb = 19735.4
        Ta = 47467.7
        Tc = 11877.6
        Tf = 5938.81
#       SitePat  BranchLen
              b 122873.5278305
              e 47245.4812269
              c 47597.0942479
              n 43478.1960842
              w 46592.2359831
            b:e 1369.2378774
            b:c 1386.1485333
            b:n 985.7352300
            b:w 1140.4119322
            e:c 11783.3595869
            e:n 5068.5632083
            e:w 3819.3613841
            c:n 4716.9301055
            c:w 3900.3873723
            n:w 12747.0367188
          b:e:c 1328.2432766
          b:e:n 573.6085061
          b:e:w 569.9954452
          b:c:n 556.6957205
          b:c:w 591.9012336
          b:n:w 1371.5222251
          e:c:n 5126.3630987
          e:c:w 3924.7898650
          e:n:w 5487.6844815
          c:n:w 5406.6778019
        b:e:c:n 1179.8436270
        b:e:c:w 1146.8523887
        b:e:n:w 1946.4301160
        b:c:n:w 1924.5272304
        e:c:n:w 48374.8671795
