########################################
# legofit: estimate population history #
#       version 2.3.4-4-g53f8760       #
########################################

# Program was compiled: Sep 21 2021 14:36:42
# Program was run: Tue Sep 28 21:41:23 2021

# cmd: legofit -1 -d 0 -t 32 --ptsPerDim 3 --stateOut b1boot42.state --tol 3e-6 -S 5000 abcf2.lgo ../../chrX/boot_chrX/boot42.opf
# Stage nOptItr nSimReps
#     0    5000        0
# algorithm          : deterministic
# ignoring probs <=  : 0
# Branch length floor: 0
# DE strategy        : 2
#    F               : 0.3
#    CR              : 0.8
#    tolerance       : 3e-06
# nthreads           : 32
# lgo input file     : abcf2.lgo
# site pat input file: ../../chrX/boot_chrX/boot42.opf
# free parameters    : 18
# points in DE swarm : 54
# output state file  : b1boot42.state
# Including singleton site patterns.
# cost function      : KL
Initial parameter values
Fixed:
      zero = 0
       one = 1
    Tbecnw = 75200
Free:
       pc1 = 0
       pc2 = 0
       pc3 = 0
       pc4 = 0
       pc5 = 0
       pc6 = 0
       pc7 = 0
       pc8 = 0
       pc9 = 0
      pc10 = 0
      pc11 = 0
      pc12 = 0
      pc13 = 0
      pc14 = 0
      pc15 = 0
      pc16 = 0
      pc17 = 0
      pc18 = 0
Constrained:
   Tgbecnw = 208114
     Tecnw = 27347.6
       Tnw = 23078.7
       Tec = 11732.9
     twoNb = 1.20375e+06
     twoNe = 4888.93
     twoNc = 1.52223e+06
     twoNn = 1.06291e+06
     twoNw = 4.13012e+06
    twoNec = 83858.4
    twoNnw = 12802.5
  twoNecnw = 62141.5
  twoNbecnw = 23244
  twoNgbecnw = 343689
         m = 0.0774308
        m2 = 0.0262183
        m3 = 0.237698
        m6 = 3.16454e-07
        Tb = 19540.3
        Ta = 47370.1
        Tc = 11539.4
        Tf = 5769.68
DiffEv reached_goal. cost=2.02747e-03 spread=2.99380e-06
Fitted parameter values
Free:
       pc1 = 2.07408
       pc2 = 1.50036
       pc3 = 1.06488
       pc4 = -1.62427
       pc5 = 1.50459
       pc6 = -0.23039
       pc7 = -1.96049
       pc8 = 1.25955
       pc9 = -1.8029
      pc10 = -0.167821
      pc11 = 0.224661
      pc12 = 1.20433
      pc13 = -0.275932
      pc14 = 0.00276684
      pc15 = 0.208648
      pc16 = 0.441397
      pc17 = 0.0138489
      pc18 = 0.0305186
Constrained:
   Tgbecnw = 144085
     Tecnw = 27390.2
       Tnw = 20844.5
       Tec = 10997.3
     twoNb = 890886
     twoNe = 14531.4
     twoNc = 361773
     twoNn = 1.42827e+06
     twoNw = 3.26695e+06
    twoNec = 92005.3
    twoNnw = 19512.3
  twoNecnw = 57854.3
  twoNbecnw = 17751
  twoNgbecnw = 397046
         m = 0.0647277
        m2 = 0.0247617
        m3 = 0.249455
        m6 = 8.63117e-07
        Tb = 19193.8
        Ta = 47196.9
        Tc = 10422.2
        Tf = 5211.12
#       SitePat  BranchLen
              b 122016.6651305
              e 46737.3704874
              c 47135.2835161
              n 43303.3905836
              w 46172.8573922
            b:e 1347.0070539
            b:c 1365.6208559
            b:n 985.5972061
            b:w 1115.5174483
            e:c 11355.7603068
            e:n 5082.6109601
            e:w 3877.0161160
            c:n 4684.6861388
            c:w 3966.2915503
            n:w 12317.1466303
          b:e:c 1265.1021143
          b:e:n 576.2047006
          b:e:w 568.1106062
          b:c:n 557.5896573
          b:c:w 591.6831088
          b:n:w 1296.0631056
          e:c:n 5027.9061790
          e:c:w 3960.0508928
          e:n:w 5346.0357918
          c:n:w 5256.7717266
        b:e:c:n 1168.0841904
        b:e:c:w 1134.5425274
        b:e:n:w 1867.2859715
        b:c:n:w 1843.7151336
        e:c:n:w 48385.7010215
