########################################
# legofit: estimate population history #
#       version 2.3.4-4-g53f8760       #
########################################

# Program was compiled: Sep 21 2021 14:36:42
# Program was run: Tue Sep 28 21:39:24 2021

# cmd: legofit -1 -d 0 -t 32 --ptsPerDim 3 --stateOut b1boot2.state --tol 3e-6 -S 5000 abcf2.lgo ../../chrX/boot_chrX/boot2.opf
# Stage nOptItr nSimReps
#     0    5000        0
# algorithm          : deterministic
# ignoring probs <=  : 0
# Branch length floor: 0
# DE strategy        : 2
#    F               : 0.3
#    CR              : 0.8
#    tolerance       : 3e-06
# nthreads           : 32
# lgo input file     : abcf2.lgo
# site pat input file: ../../chrX/boot_chrX/boot2.opf
# free parameters    : 18
# points in DE swarm : 54
# output state file  : b1boot2.state
# Including singleton site patterns.
# cost function      : KL
Initial parameter values
Fixed:
      zero = 0
       one = 1
    Tbecnw = 75200
Free:
       pc1 = 0
       pc2 = 0
       pc3 = 0
       pc4 = 0
       pc5 = 0
       pc6 = 0
       pc7 = 0
       pc8 = 0
       pc9 = 0
      pc10 = 0
      pc11 = 0
      pc12 = 0
      pc13 = 0
      pc14 = 0
      pc15 = 0
      pc16 = 0
      pc17 = 0
      pc18 = 0
Constrained:
   Tgbecnw = 208114
     Tecnw = 27347.6
       Tnw = 23078.7
       Tec = 11732.9
     twoNb = 1.20375e+06
     twoNe = 4888.93
     twoNc = 1.52223e+06
     twoNn = 1.06291e+06
     twoNw = 4.13012e+06
    twoNec = 83858.4
    twoNnw = 12802.5
  twoNecnw = 62141.5
  twoNbecnw = 23244
  twoNgbecnw = 343689
         m = 0.0774308
        m2 = 0.0262183
        m3 = 0.237698
        m6 = 3.16454e-07
        Tb = 19540.3
        Ta = 47370.1
        Tc = 11539.4
        Tf = 5769.68
DiffEv reached_goal. cost=2.03561e-03 spread=2.87704e-06
Fitted parameter values
Free:
       pc1 = -0.497592
       pc2 = 0.31125
       pc3 = 1.54095
       pc4 = -0.924693
       pc5 = 1.64877
       pc6 = -1.04885
       pc7 = -0.266979
       pc8 = 0.540286
       pc9 = 0.248412
      pc10 = 0.391048
      pc11 = 0.794502
      pc12 = 0.00159164
      pc13 = -0.612722
      pc14 = -0.145045
      pc15 = -0.0724221
      pc16 = 0.237007
      pc17 = 0.0100959
      pc18 = 0.043033
Constrained:
   Tgbecnw = 152190
     Tecnw = 26666.3
       Tnw = 22342.4
       Tec = 11470.1
     twoNb = 1.52249e+06
     twoNe = 7066.89
     twoNc = 755771
     twoNn = 2.65151e+06
     twoNw = 5.09702e+06
    twoNec = 82557.7
    twoNnw = 12160.1
  twoNecnw = 61916.9
  twoNbecnw = 19164
  twoNgbecnw = 377199
         m = 0.0679639
        m2 = 0.0268076
        m3 = 0.236215
        m6 = 1.19758e-07
        Tb = 19068.2
        Ta = 47134.1
        Tc = 11171.2
        Tf = 5585.61
#       SitePat  BranchLen
              b 122636.6577534
              e 47212.6613538
              c 47613.4325142
              n 43437.5437281
              w 46267.9780842
            b:e 1353.5360479
            b:c 1372.3542831
            b:n 981.1321990
            b:w 1116.8549979
            e:c 11848.2139512
            e:n 5082.6210777
            e:w 3888.6261458
            c:n 4681.8481857
            c:w 3980.0448933
            n:w 12955.0704775
          b:e:c 1309.0862965
          b:e:n 570.4869509
          b:e:w 563.6811505
          b:c:n 551.6685374
          b:c:w 588.2963187
          b:n:w 1352.9302220
          e:c:n 5018.1396590
          e:c:w 3943.6987147
          e:n:w 5458.1045602
          c:n:w 5366.6874734
        b:e:c:n 1161.5136290
        b:e:c:w 1135.7736918
        b:e:n:w 1953.0115430
        b:c:n:w 1928.3966240
        e:c:n:w 48076.2256034
