########################################
# legofit: estimate population history #
#       version 2.3.4-4-g53f8760       #
########################################

# Program was compiled: Sep 21 2021 14:36:42
# Program was run: Tue Sep 28 21:40:36 2021

# cmd: legofit -1 -d 0 -t 32 --ptsPerDim 3 --stateOut b1boot31.state --tol 3e-6 -S 5000 abcf2.lgo ../../chrX/boot_chrX/boot31.opf
# Stage nOptItr nSimReps
#     0    5000        0
# algorithm          : deterministic
# ignoring probs <=  : 0
# Branch length floor: 0
# DE strategy        : 2
#    F               : 0.3
#    CR              : 0.8
#    tolerance       : 3e-06
# nthreads           : 32
# lgo input file     : abcf2.lgo
# site pat input file: ../../chrX/boot_chrX/boot31.opf
# free parameters    : 18
# points in DE swarm : 54
# output state file  : b1boot31.state
# Including singleton site patterns.
# cost function      : KL
Initial parameter values
Fixed:
      zero = 0
       one = 1
    Tbecnw = 75200
Free:
       pc1 = 0
       pc2 = 0
       pc3 = 0
       pc4 = 0
       pc5 = 0
       pc6 = 0
       pc7 = 0
       pc8 = 0
       pc9 = 0
      pc10 = 0
      pc11 = 0
      pc12 = 0
      pc13 = 0
      pc14 = 0
      pc15 = 0
      pc16 = 0
      pc17 = 0
      pc18 = 0
Constrained:
   Tgbecnw = 208114
     Tecnw = 27347.6
       Tnw = 23078.7
       Tec = 11732.9
     twoNb = 1.20375e+06
     twoNe = 4888.93
     twoNc = 1.52223e+06
     twoNn = 1.06291e+06
     twoNw = 4.13012e+06
    twoNec = 83858.4
    twoNnw = 12802.5
  twoNecnw = 62141.5
  twoNbecnw = 23244
  twoNgbecnw = 343689
         m = 0.0774308
        m2 = 0.0262183
        m3 = 0.237698
        m6 = 3.16454e-07
        Tb = 19540.3
        Ta = 47370.1
        Tc = 11539.4
        Tf = 5769.68
DiffEv reached_goal. cost=2.02951e-03 spread=2.94618e-06
Fitted parameter values
Free:
       pc1 = -0.08308
       pc2 = 1.6339
       pc3 = -0.195115
       pc4 = -1.43363
       pc5 = 1.899
       pc6 = 1.04404
       pc7 = -1.9107
       pc8 = -0.876557
       pc9 = -1.02754
      pc10 = 0.133888
      pc11 = 0.666301
      pc12 = 0.004366
      pc13 = -0.0728259
      pc14 = -0.173209
      pc15 = -0.165735
      pc16 = -0.0438446
      pc17 = -0.0361396
      pc18 = 0.0220693
Constrained:
   Tgbecnw = 158723
     Tecnw = 27145.8
       Tnw = 23258.9
       Tec = 12099.1
     twoNb = 1.57172e+06
     twoNe = 10916.4
     twoNc = 269661
     twoNn = 971351
     twoNw = 342508
    twoNec = 81371.7
    twoNnw = 11457.2
  twoNecnw = 59103.1
  twoNbecnw = 20363.2
  twoNgbecnw = 405471
         m = 0.0620348
        m2 = 0.0249568
        m3 = 0.247557
        m6 = 2.81134e-06
        Tb = 19622.5
        Ta = 47411.2
        Tc = 11629.5
        Tf = 5814.74
#       SitePat  BranchLen
              b 123244.5066702
              e 46937.8997079
              c 47357.2142338
              n 43697.6708323
              w 46640.5445255
            b:e 1345.3419150
            b:c 1365.4721961
            b:n 1005.4474003
            b:w 1154.1726519
            e:c 11651.7916703
            e:n 5153.9632856
            e:w 3923.7607733
            c:n 4734.6050898
            c:w 4021.4174346
            n:w 12369.6274494
          b:e:c 1302.5021712
          b:e:n 586.1053976
          b:e:w 577.6938976
          b:c:n 565.9706760
          b:c:w 603.5906606
          b:n:w 1344.0697576
          e:c:n 5185.7399101
          e:c:w 4049.3865143
          e:n:w 5442.5373560
          c:n:w 5344.9228103
        b:e:c:n 1195.6147392
        b:e:c:w 1154.5508974
        b:e:n:w 1906.5043721
        b:c:n:w 1880.6136039
        e:c:n:w 48818.7645012
