########################################
# legofit: estimate population history #
#       version 2.3.4-4-g53f8760       #
########################################

# Program was compiled: Sep 21 2021 14:36:42
# Program was run: Tue Sep 28 21:40:36 2021

# cmd: legofit -1 -d 0 -t 32 --ptsPerDim 3 --stateOut b1boot27.state --tol 3e-6 -S 5000 abcf2.lgo ../../chrX/boot_chrX/boot27.opf
# Stage nOptItr nSimReps
#     0    5000        0
# algorithm          : deterministic
# ignoring probs <=  : 0
# Branch length floor: 0
# DE strategy        : 2
#    F               : 0.3
#    CR              : 0.8
#    tolerance       : 3e-06
# nthreads           : 32
# lgo input file     : abcf2.lgo
# site pat input file: ../../chrX/boot_chrX/boot27.opf
# free parameters    : 18
# points in DE swarm : 54
# output state file  : b1boot27.state
# Including singleton site patterns.
# cost function      : KL
Initial parameter values
Fixed:
      zero = 0
       one = 1
    Tbecnw = 75200
Free:
       pc1 = 0
       pc2 = 0
       pc3 = 0
       pc4 = 0
       pc5 = 0
       pc6 = 0
       pc7 = 0
       pc8 = 0
       pc9 = 0
      pc10 = 0
      pc11 = 0
      pc12 = 0
      pc13 = 0
      pc14 = 0
      pc15 = 0
      pc16 = 0
      pc17 = 0
      pc18 = 0
Constrained:
   Tgbecnw = 208114
     Tecnw = 27347.6
       Tnw = 23078.7
       Tec = 11732.9
     twoNb = 1.20375e+06
     twoNe = 4888.93
     twoNc = 1.52223e+06
     twoNn = 1.06291e+06
     twoNw = 4.13012e+06
    twoNec = 83858.4
    twoNnw = 12802.5
  twoNecnw = 62141.5
  twoNbecnw = 23244
  twoNgbecnw = 343689
         m = 0.0774308
        m2 = 0.0262183
        m3 = 0.237698
        m6 = 3.16454e-07
        Tb = 19540.3
        Ta = 47370.1
        Tc = 11539.4
        Tf = 5769.68
DiffEv reached_goal. cost=2.08095e-03 spread=2.87667e-06
Fitted parameter values
Free:
       pc1 = -1.23661
       pc2 = 0.67543
       pc3 = 0.50677
       pc4 = -1.01554
       pc5 = 1.83304
       pc6 = -0.325918
       pc7 = 0.0797239
       pc8 = 1.37117
       pc9 = -0.926891
      pc10 = -1.21971
      pc11 = 1.99398
      pc12 = 0.689012
      pc13 = -0.687799
      pc14 = 0.240972
      pc15 = 0.0751852
      pc16 = 0.150726
      pc17 = 0.166868
      pc18 = -0.137575
Constrained:
   Tgbecnw = 146431
     Tecnw = 26434.6
       Tnw = 22564.8
       Tec = 11478.5
     twoNb = 1.05735e+06
     twoNe = 12221.2
     twoNc = 1.08164e+06
     twoNn = 758000
     twoNw = 6.18339e+06
    twoNec = 79628.3
    twoNnw = 10994.9
  twoNecnw = 64366.5
  twoNbecnw = 18860
  twoNgbecnw = 343122
         m = 0.0771582
        m2 = 0.0277663
        m3 = 0.239158
        m6 = 1.62245e-06
        Tb = 18956.5
        Ta = 47078.3
        Tc = 11282.4
        Tf = 5641.19
#       SitePat  BranchLen
              b 123614.5870288
              e 47662.6561611
              c 47819.7903588
              n 43989.6197514
              w 46716.1501559
            b:e 1458.7468661
            b:c 1466.5842526
            b:n 1054.5940148
            b:w 1184.9919658
            e:c 12147.7204829
            e:n 4990.1321868
            e:w 3982.7598534
            c:n 4832.9743750
            c:w 4018.7642343
            n:w 13125.0216076
          b:e:c 1398.0459090
          b:e:n 600.0480566
          b:e:w 605.0481454
          b:c:n 592.2080760
          b:c:w 615.1534767
          b:n:w 1439.9481165
          e:c:n 5073.1215512
          e:c:w 4029.5324626
          e:n:w 5469.9703952
          c:n:w 5433.9886878
        b:e:c:n 1242.1121958
        b:e:c:w 1222.4099538
        b:e:n:w 2048.6671271
        b:c:n:w 2038.5653303
        e:c:n:w 48650.7393416
