########################################
# legofit: estimate population history #
#       version 2.3.4-4-g53f8760       #
########################################

# Program was compiled: Sep 21 2021 14:36:42
# Program was run: Tue Sep 28 22:20:22 2021

# cmd: legofit -1 -d 0 -t 32 --ptsPerDim 3 --stateOut b1boot49.state --tol 3e-6 -S 5000 abcf2.lgo ../../chrX/boot_chrX/boot49.opf
# Stage nOptItr nSimReps
#     0    5000        0
# algorithm          : deterministic
# ignoring probs <=  : 0
# Branch length floor: 0
# DE strategy        : 2
#    F               : 0.3
#    CR              : 0.8
#    tolerance       : 3e-06
# nthreads           : 32
# lgo input file     : abcf2.lgo
# site pat input file: ../../chrX/boot_chrX/boot49.opf
# free parameters    : 18
# points in DE swarm : 54
# output state file  : b1boot49.state
# Including singleton site patterns.
# cost function      : KL
Initial parameter values
Fixed:
      zero = 0
       one = 1
    Tbecnw = 75200
Free:
       pc1 = 0
       pc2 = 0
       pc3 = 0
       pc4 = 0
       pc5 = 0
       pc6 = 0
       pc7 = 0
       pc8 = 0
       pc9 = 0
      pc10 = 0
      pc11 = 0
      pc12 = 0
      pc13 = 0
      pc14 = 0
      pc15 = 0
      pc16 = 0
      pc17 = 0
      pc18 = 0
Constrained:
   Tgbecnw = 208114
     Tecnw = 27347.6
       Tnw = 23078.7
       Tec = 11732.9
     twoNb = 1.20375e+06
     twoNe = 4888.93
     twoNc = 1.52223e+06
     twoNn = 1.06291e+06
     twoNw = 4.13012e+06
    twoNec = 83858.4
    twoNnw = 12802.5
  twoNecnw = 62141.5
  twoNbecnw = 23244
  twoNgbecnw = 343689
         m = 0.0774308
        m2 = 0.0262183
        m3 = 0.237698
        m6 = 3.16454e-07
        Tb = 19540.3
        Ta = 47370.1
        Tc = 11539.4
        Tf = 5769.68
DiffEv reached_goal. cost=1.91575e-03 spread=2.44624e-06
Fitted parameter values
Free:
       pc1 = -2.59138
       pc2 = 1.42896
       pc3 = 2.17657
       pc4 = -0.497339
       pc5 = 1.86737
       pc6 = -1.56909
       pc7 = -0.663546
       pc8 = 0.163185
       pc9 = -0.599578
      pc10 = 1.08566
      pc11 = 1.93871
      pc12 = 1.61892
      pc13 = -0.764471
      pc14 = -0.461221
      pc15 = -0.121009
      pc16 = -0.363404
      pc17 = -0.227163
      pc18 = 0.00347027
Constrained:
   Tgbecnw = 124316
     Tecnw = 26004.8
       Tnw = 23701.2
       Tec = 12097.8
     twoNb = 1.4426e+06
     twoNe = 5932.37
     twoNc = 2.11823e+06
     twoNn = 2.76261e+06
     twoNw = 6.38405e+06
    twoNec = 77343.3
    twoNnw = 6875.59
  twoNecnw = 60045.3
  twoNbecnw = 14956
  twoNgbecnw = 291583
         m = 0.0888374
        m2 = 0.0267282
        m3 = 0.25494
        m6 = 1.32662e-06
        Tb = 19051.3
        Ta = 47125.6
        Tc = 11850.6
        Tf = 5925.3
#       SitePat  BranchLen
              b 121071.9987313
              e 46187.3067583
              c 46596.9818049
              n 42986.8702277
              w 45875.3205177
            b:e 1375.6707461
            b:c 1396.1841298
            b:n 1009.7407457
            b:w 1148.6619571
            e:c 11352.8243052
            e:n 5155.0507740
            e:w 3942.8497830
            c:n 4745.3581170
            c:w 4040.2596627
            n:w 12042.1176390
          b:e:c 1300.3009725
          b:e:n 595.6941205
          b:e:w 587.3758844
          b:c:n 575.1787831
          b:c:w 613.7071115
          b:n:w 1334.9925143
          e:c:n 5109.2054826
          e:c:w 4003.6599913
          e:n:w 5416.9200809
          c:n:w 5319.5271122
        b:e:c:n 1215.0641362
        b:e:c:w 1180.3275341
        b:e:n:w 1942.8595675
        b:c:n:w 1916.5309935
        e:c:n:w 47899.1780163
