########################################
# legofit: estimate population history #
#       version 2.3.4-4-g53f8760       #
########################################

# Program was compiled: Sep 21 2021 14:36:42
# Program was run: Tue Sep 28 21:44:58 2021

# cmd: legofit -1 -d 0 -t 32 --ptsPerDim 3 --stateOut b1boot45.state --tol 3e-6 -S 5000 abcf2.lgo ../../chrX/boot_chrX/boot45.opf
# Stage nOptItr nSimReps
#     0    5000        0
# algorithm          : deterministic
# ignoring probs <=  : 0
# Branch length floor: 0
# DE strategy        : 2
#    F               : 0.3
#    CR              : 0.8
#    tolerance       : 3e-06
# nthreads           : 32
# lgo input file     : abcf2.lgo
# site pat input file: ../../chrX/boot_chrX/boot45.opf
# free parameters    : 18
# points in DE swarm : 54
# output state file  : b1boot45.state
# Including singleton site patterns.
# cost function      : KL
Initial parameter values
Fixed:
      zero = 0
       one = 1
    Tbecnw = 75200
Free:
       pc1 = 0
       pc2 = 0
       pc3 = 0
       pc4 = 0
       pc5 = 0
       pc6 = 0
       pc7 = 0
       pc8 = 0
       pc9 = 0
      pc10 = 0
      pc11 = 0
      pc12 = 0
      pc13 = 0
      pc14 = 0
      pc15 = 0
      pc16 = 0
      pc17 = 0
      pc18 = 0
Constrained:
   Tgbecnw = 208114
     Tecnw = 27347.6
       Tnw = 23078.7
       Tec = 11732.9
     twoNb = 1.20375e+06
     twoNe = 4888.93
     twoNc = 1.52223e+06
     twoNn = 1.06291e+06
     twoNw = 4.13012e+06
    twoNec = 83858.4
    twoNnw = 12802.5
  twoNecnw = 62141.5
  twoNbecnw = 23244
  twoNgbecnw = 343689
         m = 0.0774308
        m2 = 0.0262183
        m3 = 0.237698
        m6 = 3.16454e-07
        Tb = 19540.3
        Ta = 47370.1
        Tc = 11539.4
        Tf = 5769.68
DiffEv reached_goal. cost=1.80717e-03 spread=2.68342e-06
Fitted parameter values
Free:
       pc1 = -0.566817
       pc2 = 0.671036
       pc3 = 0.757264
       pc4 = -0.605187
       pc5 = 1.80588
       pc6 = -0.00155675
       pc7 = -0.578278
       pc8 = 0.365781
       pc9 = -0.0884475
      pc10 = -0.514078
      pc11 = 1.80225
      pc12 = 0.85279
      pc13 = 0.243755
      pc14 = 0.269172
      pc15 = 0.0276201
      pc16 = 0.0860166
      pc17 = -0.0235876
      pc18 = 0.0864533
Constrained:
   Tgbecnw = 145570
     Tecnw = 26798.3
       Tnw = 22615.6
       Tec = 11741.1
     twoNb = 1.29703e+06
     twoNe = 8362.48
     twoNc = 543939
     twoNn = 574179
     twoNw = 4.16161e+06
    twoNec = 79604.6
    twoNnw = 12401.9
  twoNecnw = 60899.6
  twoNbecnw = 18388.1
  twoNgbecnw = 338258
         m = 0.076373
        m2 = 0.0275188
        m3 = 0.234503
        m6 = 1.41803e-06
        Tb = 19269.7
        Ta = 47234.8
        Tc = 11307.8
        Tf = 5653.9
#       SitePat  BranchLen
              b 122586.6358512
              e 46877.3696755
              c 47356.8015748
              n 43559.5889455
              w 46471.8640129
            b:e 1338.5863100
            b:c 1361.1678664
            b:n 979.7789329
            b:w 1115.7659744
            e:c 11784.5343373
            e:n 5139.1042016
            e:w 3875.0019974
            c:n 4659.6527207
            c:w 3984.6896279
            n:w 12572.9661052
          b:e:c 1281.6886112
          b:e:n 568.7654275
          b:e:w 558.1792456
          b:c:n 546.1818270
          b:c:w 587.7013460
          b:n:w 1326.3366548
          e:c:n 5090.7345071
          e:c:w 3980.6847252
          e:n:w 5388.3606773
          c:n:w 5278.6918009
        b:e:c:n 1162.8996812
        b:e:c:w 1132.8193525
        b:e:n:w 1935.1866198
        b:c:n:w 1905.6673908
        e:c:n:w 48273.4458893
