########################################
# legofit: estimate population history #
#       version 2.3.4-4-g53f8760       #
########################################

# Program was compiled: Sep 21 2021 14:36:42
# Program was run: Tue Sep 28 21:39:24 2021

# cmd: legofit -1 -d 0 -t 32 --ptsPerDim 3 --stateOut b1boot9.state --tol 3e-6 -S 5000 abcf2.lgo ../../chrX/boot_chrX/boot9.opf
# Stage nOptItr nSimReps
#     0    5000        0
# algorithm          : deterministic
# ignoring probs <=  : 0
# Branch length floor: 0
# DE strategy        : 2
#    F               : 0.3
#    CR              : 0.8
#    tolerance       : 3e-06
# nthreads           : 32
# lgo input file     : abcf2.lgo
# site pat input file: ../../chrX/boot_chrX/boot9.opf
# free parameters    : 18
# points in DE swarm : 54
# output state file  : b1boot9.state
# Including singleton site patterns.
# cost function      : KL
Initial parameter values
Fixed:
      zero = 0
       one = 1
    Tbecnw = 75200
Free:
       pc1 = 0
       pc2 = 0
       pc3 = 0
       pc4 = 0
       pc5 = 0
       pc6 = 0
       pc7 = 0
       pc8 = 0
       pc9 = 0
      pc10 = 0
      pc11 = 0
      pc12 = 0
      pc13 = 0
      pc14 = 0
      pc15 = 0
      pc16 = 0
      pc17 = 0
      pc18 = 0
Constrained:
   Tgbecnw = 208114
     Tecnw = 27347.6
       Tnw = 23078.7
       Tec = 11732.9
     twoNb = 1.20375e+06
     twoNe = 4888.93
     twoNc = 1.52223e+06
     twoNn = 1.06291e+06
     twoNw = 4.13012e+06
    twoNec = 83858.4
    twoNnw = 12802.5
  twoNecnw = 62141.5
  twoNbecnw = 23244
  twoNgbecnw = 343689
         m = 0.0774308
        m2 = 0.0262183
        m3 = 0.237698
        m6 = 3.16454e-07
        Tb = 19540.3
        Ta = 47370.1
        Tc = 11539.4
        Tf = 5769.68
DiffEv reached_goal. cost=2.06658e-03 spread=2.80235e-06
Fitted parameter values
Free:
       pc1 = -0.501376
       pc2 = 1.11373
       pc3 = 1.48238
       pc4 = 0.179767
       pc5 = 1.0081
       pc6 = 1.91326
       pc7 = -1.14399
       pc8 = -0.303735
       pc9 = 0.409839
      pc10 = 0.955525
      pc11 = 0.0149711
      pc12 = 0.57159
      pc13 = 0.00468096
      pc14 = 0.209541
      pc15 = -0.234284
      pc16 = -0.106171
      pc17 = 0.0145541
      pc18 = -0.00748284
Constrained:
   Tgbecnw = 147282
     Tecnw = 27038.8
       Tnw = 23434.2
       Tec = 11859.8
     twoNb = 1.36948e+06
     twoNe = 3136.92
     twoNc = 542871
     twoNn = 543098
     twoNw = 712667
    twoNec = 78451.4
    twoNnw = 10491.2
  twoNecnw = 60690.8
  twoNbecnw = 18960.7
  twoNgbecnw = 332083
         m = 0.0774226
        m2 = 0.0236147
        m3 = 0.229992
        m6 = 7.29672e-07
        Tb = 19449.3
        Ta = 47324.7
        Tc = 11717.1
        Tf = 5858.55
#       SitePat  BranchLen
              b 123138.6107742
              e 46807.4756130
              c 47217.4533194
              n 43712.8341520
              w 46615.8832156
            b:e 1332.0261129
            b:c 1351.4933793
            b:n 991.6828024
            b:w 1136.1806943
            e:c 12001.2962387
            e:n 5052.2185456
            e:w 3852.0692014
            c:n 4642.2302076
            c:w 3946.5078751
            n:w 12647.9711437
          b:e:c 1317.3633601
          b:e:n 570.7675949
          b:e:w 561.9253520
          b:c:n 551.2992273
          b:c:w 586.6185174
          b:n:w 1356.4399522
          e:c:n 5135.8533460
          e:c:w 4012.9614332
          e:n:w 5377.7865691
          c:n:w 5283.3581598
        b:e:c:n 1182.7993642
        b:e:c:w 1127.5389841
        b:e:n:w 1851.5324563
        b:c:n:w 1826.8407591
        e:c:n:w 48699.5053070
