########################################
# legofit: estimate population history #
#       version 2.3.4-4-g53f8760       #
########################################

# Program was compiled: Sep 21 2021 14:36:42
# Program was run: Tue Sep 28 21:40:43 2021

# cmd: legofit -1 -d 0 -t 32 --ptsPerDim 3 --stateOut b1boot37.state --tol 3e-6 -S 5000 abcf2.lgo ../../chrX/boot_chrX/boot37.opf
# Stage nOptItr nSimReps
#     0    5000        0
# algorithm          : deterministic
# ignoring probs <=  : 0
# Branch length floor: 0
# DE strategy        : 2
#    F               : 0.3
#    CR              : 0.8
#    tolerance       : 3e-06
# nthreads           : 32
# lgo input file     : abcf2.lgo
# site pat input file: ../../chrX/boot_chrX/boot37.opf
# free parameters    : 18
# points in DE swarm : 54
# output state file  : b1boot37.state
# Including singleton site patterns.
# cost function      : KL
Initial parameter values
Fixed:
      zero = 0
       one = 1
    Tbecnw = 75200
Free:
       pc1 = 0
       pc2 = 0
       pc3 = 0
       pc4 = 0
       pc5 = 0
       pc6 = 0
       pc7 = 0
       pc8 = 0
       pc9 = 0
      pc10 = 0
      pc11 = 0
      pc12 = 0
      pc13 = 0
      pc14 = 0
      pc15 = 0
      pc16 = 0
      pc17 = 0
      pc18 = 0
Constrained:
   Tgbecnw = 208114
     Tecnw = 27347.6
       Tnw = 23078.7
       Tec = 11732.9
     twoNb = 1.20375e+06
     twoNe = 4888.93
     twoNc = 1.52223e+06
     twoNn = 1.06291e+06
     twoNw = 4.13012e+06
    twoNec = 83858.4
    twoNnw = 12802.5
  twoNecnw = 62141.5
  twoNbecnw = 23244
  twoNgbecnw = 343689
         m = 0.0774308
        m2 = 0.0262183
        m3 = 0.237698
        m6 = 3.16454e-07
        Tb = 19540.3
        Ta = 47370.1
        Tc = 11539.4
        Tf = 5769.68
DiffEv reached_goal. cost=1.85567e-03 spread=2.79826e-06
Fitted parameter values
Free:
       pc1 = -0.0834528
       pc2 = 1.60958
       pc3 = 1.24349
       pc4 = 1.16438
       pc5 = 1.73543
       pc6 = -0.745868
       pc7 = -1.54007
       pc8 = -0.845119
       pc9 = -0.268786
      pc10 = 0.782123
      pc11 = 1.60266
      pc12 = 0.706793
      pc13 = -0.074876
      pc14 = -0.10702
      pc15 = -0.280781
      pc16 = -0.225332
      pc17 = -0.0644235
      pc18 = -0.0260025
Constrained:
   Tgbecnw = 137383
     Tecnw = 26851
       Tnw = 22657.7
       Tec = 11418.3
     twoNb = 1.25612e+06
     twoNe = 2502.47
     twoNc = 2.18773e+06
     twoNn = 1.64857e+06
     twoNw = 528125
    twoNec = 81520.6
    twoNnw = 12471.7
  twoNecnw = 57856.9
  twoNbecnw = 17018
  twoNgbecnw = 365730
         m = 0.0681946
        m2 = 0.0269942
        m3 = 0.249834
        m6 = 1.71898e-06
        Tb = 19134.7
        Ta = 47167.3
        Tc = 11328.9
        Tf = 5664.43
#       SitePat  BranchLen
              b 121225.7386803
              e 46221.6002182
              c 46571.5771745
              n 43127.0388067
              w 46047.4464830
            b:e 1363.7075001
            b:c 1380.8021748
            b:n 1009.3772925
            b:w 1151.5411635
            e:c 11590.5065981
            e:n 5048.5494820
            e:w 3867.1070564
            c:n 4698.5474333
            c:w 3948.1346280
            n:w 12183.1989635
          b:e:c 1309.0939501
          b:e:n 585.1625219
          b:e:w 580.4093410
          b:c:n 568.0651736
          b:c:w 602.4205274
          b:n:w 1347.3378172
          e:c:n 5145.9834257
          e:c:w 4022.2895346
          e:n:w 5367.9376062
          c:n:w 5286.9341972
        b:e:c:n 1208.9910476
        b:e:c:w 1172.3664814
        b:e:n:w 1928.5886730
        b:c:n:w 1906.5810901
        e:c:n:w 47927.8901308
