########################################
# legofit: estimate population history #
#       version 2.3.4-4-g53f8760       #
########################################

# Program was compiled: Sep 21 2021 14:36:42
# Program was run: Tue Sep 28 21:41:04 2021

# cmd: legofit -1 -d 0 -t 32 --ptsPerDim 3 --stateOut b1boot40.state --tol 3e-6 -S 5000 abcf2.lgo ../../chrX/boot_chrX/boot40.opf
# Stage nOptItr nSimReps
#     0    5000        0
# algorithm          : deterministic
# ignoring probs <=  : 0
# Branch length floor: 0
# DE strategy        : 2
#    F               : 0.3
#    CR              : 0.8
#    tolerance       : 3e-06
# nthreads           : 32
# lgo input file     : abcf2.lgo
# site pat input file: ../../chrX/boot_chrX/boot40.opf
# free parameters    : 18
# points in DE swarm : 54
# output state file  : b1boot40.state
# Including singleton site patterns.
# cost function      : KL
Initial parameter values
Fixed:
      zero = 0
       one = 1
    Tbecnw = 75200
Free:
       pc1 = 0
       pc2 = 0
       pc3 = 0
       pc4 = 0
       pc5 = 0
       pc6 = 0
       pc7 = 0
       pc8 = 0
       pc9 = 0
      pc10 = 0
      pc11 = 0
      pc12 = 0
      pc13 = 0
      pc14 = 0
      pc15 = 0
      pc16 = 0
      pc17 = 0
      pc18 = 0
Constrained:
   Tgbecnw = 208114
     Tecnw = 27347.6
       Tnw = 23078.7
       Tec = 11732.9
     twoNb = 1.20375e+06
     twoNe = 4888.93
     twoNc = 1.52223e+06
     twoNn = 1.06291e+06
     twoNw = 4.13012e+06
    twoNec = 83858.4
    twoNnw = 12802.5
  twoNecnw = 62141.5
  twoNbecnw = 23244
  twoNgbecnw = 343689
         m = 0.0774308
        m2 = 0.0262183
        m3 = 0.237698
        m6 = 3.16454e-07
        Tb = 19540.3
        Ta = 47370.1
        Tc = 11539.4
        Tf = 5769.68
DiffEv reached_goal. cost=1.98038e-03 spread=2.73956e-06
Fitted parameter values
Free:
       pc1 = 1.8191
       pc2 = 0.408934
       pc3 = 0.364845
       pc4 = -0.196721
       pc5 = 1.95785
       pc6 = 0.134248
       pc7 = -0.480959
       pc8 = -1.46788
       pc9 = -1.64666
      pc10 = 0.50448
      pc11 = 0.0723843
      pc12 = 0.6062
      pc13 = 0.187897
      pc14 = -0.345992
      pc15 = -0.138965
      pc16 = 0.16454
      pc17 = 0.106897
      pc18 = 0.0219553
Constrained:
   Tgbecnw = 159197
     Tecnw = 27586.7
       Tnw = 21780.1
       Tec = 11137.9
     twoNb = 1.19886e+06
     twoNe = 6320.89
     twoNc = 1.06843e+06
     twoNn = 2.23843e+06
     twoNw = 1.94266e+06
    twoNec = 91930.1
    twoNnw = 16879.1
  twoNecnw = 57538.9
  twoNbecnw = 21273.9
  twoNgbecnw = 341983
         m = 0.0719362
        m2 = 0.0255482
        m3 = 0.231343
        m6 = 3.1256e-06
        Tb = 19362.3
        Ta = 47281.2
        Tc = 10890.1
        Tf = 5445.03
#       SitePat  BranchLen
              b 123902.3832940
              e 47286.7087862
              c 47654.1306019
              n 43629.0123770
              w 46303.0931312
            b:e 1387.6718664
            b:c 1405.1810324
            b:n 1005.0499739
            b:w 1131.2834699
            e:c 11656.9706765
            e:n 5030.6877916
            e:w 3911.3797299
            c:n 4663.2215755
            c:w 3995.7045440
            n:w 12734.9446252
          b:e:c 1313.2374888
          b:e:n 580.8334506
          b:e:w 573.5086077
          b:c:n 563.3196013
          b:c:w 595.7156060
          b:n:w 1351.2149002
          e:c:n 5067.1276597
          e:c:w 4057.8923911
          e:n:w 5564.7674166
          c:n:w 5480.4853549
        b:e:c:n 1169.5144425
        b:e:c:w 1140.1894233
        b:e:n:w 1922.5113305
        b:c:n:w 1900.3106634
        e:c:n:w 49278.9242281
