########################################
# legofit: estimate population history #
#       version 2.3.4-4-g53f8760       #
########################################

# Program was compiled: Sep 21 2021 14:36:42
# Program was run: Tue Sep 28 21:40:35 2021

# cmd: legofit -1 -d 0 -t 32 --ptsPerDim 3 --stateOut b1boot35.state --tol 3e-6 -S 5000 abcf2.lgo ../../chrX/boot_chrX/boot35.opf
# Stage nOptItr nSimReps
#     0    5000        0
# algorithm          : deterministic
# ignoring probs <=  : 0
# Branch length floor: 0
# DE strategy        : 2
#    F               : 0.3
#    CR              : 0.8
#    tolerance       : 3e-06
# nthreads           : 32
# lgo input file     : abcf2.lgo
# site pat input file: ../../chrX/boot_chrX/boot35.opf
# free parameters    : 18
# points in DE swarm : 54
# output state file  : b1boot35.state
# Including singleton site patterns.
# cost function      : KL
Initial parameter values
Fixed:
      zero = 0
       one = 1
    Tbecnw = 75200
Free:
       pc1 = 0
       pc2 = 0
       pc3 = 0
       pc4 = 0
       pc5 = 0
       pc6 = 0
       pc7 = 0
       pc8 = 0
       pc9 = 0
      pc10 = 0
      pc11 = 0
      pc12 = 0
      pc13 = 0
      pc14 = 0
      pc15 = 0
      pc16 = 0
      pc17 = 0
      pc18 = 0
Constrained:
   Tgbecnw = 208114
     Tecnw = 27347.6
       Tnw = 23078.7
       Tec = 11732.9
     twoNb = 1.20375e+06
     twoNe = 4888.93
     twoNc = 1.52223e+06
     twoNn = 1.06291e+06
     twoNw = 4.13012e+06
    twoNec = 83858.4
    twoNnw = 12802.5
  twoNecnw = 62141.5
  twoNbecnw = 23244
  twoNgbecnw = 343689
         m = 0.0774308
        m2 = 0.0262183
        m3 = 0.237698
        m6 = 3.16454e-07
        Tb = 19540.3
        Ta = 47370.1
        Tc = 11539.4
        Tf = 5769.68
DiffEv reached_goal. cost=2.09392e-03 spread=2.55281e-06
Fitted parameter values
Free:
       pc1 = 0.343595
       pc2 = 0.817495
       pc3 = 0.971978
       pc4 = -0.503809
       pc5 = 0.483627
       pc6 = 0.725662
       pc7 = -0.302893
       pc8 = -0.270652
       pc9 = -0.492922
      pc10 = -0.151002
      pc11 = 1.60695
      pc12 = 0.262194
      pc13 = -0.662809
      pc14 = -0.0137006
      pc15 = 0.116044
      pc16 = 0.103608
      pc17 = -0.0752386
      pc18 = 0.0235981
Constrained:
   Tgbecnw = 156734
     Tecnw = 27016.3
       Tnw = 22175.8
       Tec = 11386.6
     twoNb = 1.57981e+06
     twoNe = 6918.07
     twoNc = 2.09853e+06
     twoNn = 125276
     twoNw = 3.8879e+06
    twoNec = 85486.4
    twoNnw = 14853.6
  twoNecnw = 62022.3
  twoNbecnw = 19801.7
  twoNgbecnw = 376546
         m = 0.0720846
        m2 = 0.0257278
        m3 = 0.235805
        m6 = 1.47609e-06
        Tb = 19201.5
        Ta = 47200.7
        Tc = 11087.9
        Tf = 5543.94
#       SitePat  BranchLen
              b 124731.3671247
              e 47435.3132418
              c 47847.6357176
              n 44149.8314702
              w 46991.0845565
            b:e 1330.7754935
            b:c 1349.7852912
            b:n 995.2131972
            b:w 1129.9820146
            e:c 11768.9580577
            e:n 5178.1307857
            e:w 3969.6163988
            c:n 4765.7881711
            c:w 4062.6502280
            n:w 12546.4584348
          b:e:c 1272.7733591
          b:e:n 576.9628473
          b:e:w 570.0502876
          b:c:n 557.9510020
          b:c:w 595.0512959
          b:n:w 1319.9676249
          e:c:n 5097.3990412
          e:c:w 4024.5483099
          e:n:w 5365.1297680
          c:n:w 5272.1151810
        b:e:c:n 1170.6755259
        b:e:c:w 1148.9689816
        b:e:n:w 1938.6772153
        b:c:n:w 1913.6791514
        e:c:n:w 49753.9012395
