########################################
# legofit: estimate population history #
#       version 2.3.4-4-g53f8760       #
########################################

# Program was compiled: Sep 21 2021 14:36:42
# Program was run: Tue Sep 28 21:39:24 2021

# cmd: legofit -1 -d 0 -t 32 --ptsPerDim 3 --stateOut b1boot25.state --tol 3e-6 -S 5000 abcf2.lgo ../../chrX/boot_chrX/boot25.opf
# Stage nOptItr nSimReps
#     0    5000        0
# algorithm          : deterministic
# ignoring probs <=  : 0
# Branch length floor: 0
# DE strategy        : 2
#    F               : 0.3
#    CR              : 0.8
#    tolerance       : 3e-06
# nthreads           : 32
# lgo input file     : abcf2.lgo
# site pat input file: ../../chrX/boot_chrX/boot25.opf
# free parameters    : 18
# points in DE swarm : 54
# output state file  : b1boot25.state
# Including singleton site patterns.
# cost function      : KL
Initial parameter values
Fixed:
      zero = 0
       one = 1
    Tbecnw = 75200
Free:
       pc1 = 0
       pc2 = 0
       pc3 = 0
       pc4 = 0
       pc5 = 0
       pc6 = 0
       pc7 = 0
       pc8 = 0
       pc9 = 0
      pc10 = 0
      pc11 = 0
      pc12 = 0
      pc13 = 0
      pc14 = 0
      pc15 = 0
      pc16 = 0
      pc17 = 0
      pc18 = 0
Constrained:
   Tgbecnw = 208114
     Tecnw = 27347.6
       Tnw = 23078.7
       Tec = 11732.9
     twoNb = 1.20375e+06
     twoNe = 4888.93
     twoNc = 1.52223e+06
     twoNn = 1.06291e+06
     twoNw = 4.13012e+06
    twoNec = 83858.4
    twoNnw = 12802.5
  twoNecnw = 62141.5
  twoNbecnw = 23244
  twoNgbecnw = 343689
         m = 0.0774308
        m2 = 0.0262183
        m3 = 0.237698
        m6 = 3.16454e-07
        Tb = 19540.3
        Ta = 47370.1
        Tc = 11539.4
        Tf = 5769.68
DiffEv reached_goal. cost=2.03992e-03 spread=2.77415e-06
Fitted parameter values
Free:
       pc1 = 1.26713
       pc2 = 1.00029
       pc3 = 1.14671
       pc4 = 0.122432
       pc5 = 1.94811
       pc6 = -1.38702
       pc7 = -0.233515
       pc8 = 0.103657
       pc9 = -0.601067
      pc10 = 0.0638718
      pc11 = 1.33719
      pc12 = -0.618765
      pc13 = -0.233532
      pc14 = 0.0295992
      pc15 = 0.0255139
      pc16 = 0.0554333
      pc17 = 0.102359
      pc18 = 0.00753766
Constrained:
   Tgbecnw = 158400
     Tecnw = 26937.9
       Tnw = 21091.5
       Tec = 10799
     twoNb = 1.21617e+06
     twoNe = 7076.72
     twoNc = 2.19469e+06
     twoNn = 2.41587e+06
     twoNw = 2.69173e+06
    twoNec = 86198.8
    twoNnw = 17017.8
  twoNecnw = 59513
  twoNbecnw = 19610.7
  twoNgbecnw = 468853
         m = 0.0557851
        m2 = 0.0277601
        m3 = 0.232889
        m6 = 1.14288e-06
        Tb = 18868.4
        Ta = 47034.2
        Tc = 10545.7
        Tf = 5272.86
#       SitePat  BranchLen
              b 123272.8244293
              e 46910.1362749
              c 47247.9118280
              n 43299.9263349
              w 46054.2759557
            b:e 1363.2230891
            b:c 1379.0594680
            b:n 993.3459883
            b:w 1123.0230778
            e:c 11846.0473410
            e:n 5011.8178631
            e:w 3879.6185320
            c:n 4674.0259677
            c:w 3955.8683871
            n:w 12833.0211949
          b:e:c 1307.2219042
          b:e:n 570.8438273
          b:e:w 567.3593732
          b:c:n 555.0057569
          b:c:w 588.2472054
          b:n:w 1352.9017581
          e:c:n 5048.0425951
          e:c:w 4000.0863444
          e:n:w 5430.9485048
          c:n:w 5354.7142856
        b:e:c:n 1167.2022523
        b:e:c:w 1151.7317304
        b:e:n:w 1983.3688034
        b:c:n:w 1962.4833691
        e:c:n:w 49100.1936877
