########################################
# legofit: estimate population history #
#       version 2.3.4-4-g53f8760       #
########################################

# Program was compiled: Sep 21 2021 14:36:42
# Program was run: Tue Sep 28 21:40:36 2021

# cmd: legofit -1 -d 0 -t 32 --ptsPerDim 3 --stateOut b1boot32.state --tol 3e-6 -S 5000 abcf2.lgo ../../chrX/boot_chrX/boot32.opf
# Stage nOptItr nSimReps
#     0    5000        0
# algorithm          : deterministic
# ignoring probs <=  : 0
# Branch length floor: 0
# DE strategy        : 2
#    F               : 0.3
#    CR              : 0.8
#    tolerance       : 3e-06
# nthreads           : 32
# lgo input file     : abcf2.lgo
# site pat input file: ../../chrX/boot_chrX/boot32.opf
# free parameters    : 18
# points in DE swarm : 54
# output state file  : b1boot32.state
# Including singleton site patterns.
# cost function      : KL
Initial parameter values
Fixed:
      zero = 0
       one = 1
    Tbecnw = 75200
Free:
       pc1 = 0
       pc2 = 0
       pc3 = 0
       pc4 = 0
       pc5 = 0
       pc6 = 0
       pc7 = 0
       pc8 = 0
       pc9 = 0
      pc10 = 0
      pc11 = 0
      pc12 = 0
      pc13 = 0
      pc14 = 0
      pc15 = 0
      pc16 = 0
      pc17 = 0
      pc18 = 0
Constrained:
   Tgbecnw = 208114
     Tecnw = 27347.6
       Tnw = 23078.7
       Tec = 11732.9
     twoNb = 1.20375e+06
     twoNe = 4888.93
     twoNc = 1.52223e+06
     twoNn = 1.06291e+06
     twoNw = 4.13012e+06
    twoNec = 83858.4
    twoNnw = 12802.5
  twoNecnw = 62141.5
  twoNbecnw = 23244
  twoNgbecnw = 343689
         m = 0.0774308
        m2 = 0.0262183
        m3 = 0.237698
        m6 = 3.16454e-07
        Tb = 19540.3
        Ta = 47370.1
        Tc = 11539.4
        Tf = 5769.68
DiffEv reached_goal. cost=1.99897e-03 spread=2.92595e-06
Fitted parameter values
Free:
       pc1 = -0.366472
       pc2 = 1.39863
       pc3 = 2.98793
       pc4 = 0.537679
       pc5 = 1.19096
       pc6 = 0.823237
       pc7 = 0.835644
       pc8 = 0.571277
       pc9 = -0.629308
      pc10 = 1.58017
      pc11 = 1.51507
      pc12 = 0.267789
      pc13 = 0.957336
      pc14 = 0.157728
      pc15 = -0.0812527
      pc16 = -0.044442
      pc17 = 0.0249195
      pc18 = -0.0182477
Constrained:
   Tgbecnw = 135932
     Tecnw = 26519
       Tnw = 22772.7
       Tec = 11573.6
     twoNb = 1.17703e+06
     twoNe = 4431.08
     twoNc = 3.5653e+06
     twoNn = 1.33e+06
     twoNw = 3.67476e+06
    twoNec = 79507.5
    twoNnw = 11685
  twoNecnw = 58594.6
  twoNbecnw = 16955.4
  twoNgbecnw = 324305
         m = 0.0786728
        m2 = 0.0249575
        m3 = 0.20249
        m6 = 4.17996e-07
        Tb = 19046.3
        Ta = 47123.2
        Tc = 11386.3
        Tf = 5693.17
#       SitePat  BranchLen
              b 121779.6240311
              e 46216.2545395
              c 46548.0293057
              n 43264.9479803
              w 45678.4313144
            b:e 1331.7530449
            b:c 1347.6127263
            b:n 984.5430101
            b:w 1098.6880614
            e:c 11746.5492186
            e:n 4864.8749844
            e:w 3867.8982316
            c:n 4533.0948114
            c:w 3945.3447495
            n:w 12398.1287130
          b:e:c 1289.6089865
          b:e:n 561.3412721
          b:e:w 554.6495538
          b:c:n 545.4810129
          b:c:w 574.8251337
          b:n:w 1325.0655069
          e:c:n 4989.7411993
          e:c:w 4060.3496827
          e:n:w 5375.9696639
          c:n:w 5298.5283451
        b:e:c:n 1152.2414518
        b:e:c:w 1116.0790271
        b:e:n:w 1853.5278221
        b:c:n:w 1833.3530278
        e:c:n:w 48367.5551477
