########################################
# legofit: estimate population history #
#       version 2.3.4-4-g53f8760       #
########################################

# Program was compiled: Sep 21 2021 14:36:42
# Program was run: Tue Sep 28 21:41:55 2021

# cmd: legofit -1 -d 0 -t 32 --ptsPerDim 3 --stateOut b1boot43.state --tol 3e-6 -S 5000 abcf2.lgo ../../chrX/boot_chrX/boot43.opf
# Stage nOptItr nSimReps
#     0    5000        0
# algorithm          : deterministic
# ignoring probs <=  : 0
# Branch length floor: 0
# DE strategy        : 2
#    F               : 0.3
#    CR              : 0.8
#    tolerance       : 3e-06
# nthreads           : 32
# lgo input file     : abcf2.lgo
# site pat input file: ../../chrX/boot_chrX/boot43.opf
# free parameters    : 18
# points in DE swarm : 54
# output state file  : b1boot43.state
# Including singleton site patterns.
# cost function      : KL
Initial parameter values
Fixed:
      zero = 0
       one = 1
    Tbecnw = 75200
Free:
       pc1 = 0
       pc2 = 0
       pc3 = 0
       pc4 = 0
       pc5 = 0
       pc6 = 0
       pc7 = 0
       pc8 = 0
       pc9 = 0
      pc10 = 0
      pc11 = 0
      pc12 = 0
      pc13 = 0
      pc14 = 0
      pc15 = 0
      pc16 = 0
      pc17 = 0
      pc18 = 0
Constrained:
   Tgbecnw = 208114
     Tecnw = 27347.6
       Tnw = 23078.7
       Tec = 11732.9
     twoNb = 1.20375e+06
     twoNe = 4888.93
     twoNc = 1.52223e+06
     twoNn = 1.06291e+06
     twoNw = 4.13012e+06
    twoNec = 83858.4
    twoNnw = 12802.5
  twoNecnw = 62141.5
  twoNbecnw = 23244
  twoNgbecnw = 343689
         m = 0.0774308
        m2 = 0.0262183
        m3 = 0.237698
        m6 = 3.16454e-07
        Tb = 19540.3
        Ta = 47370.1
        Tc = 11539.4
        Tf = 5769.68
DiffEv reached_goal. cost=2.15100e-03 spread=2.81119e-06
Fitted parameter values
Free:
       pc1 = 0.958885
       pc2 = -0.585522
       pc3 = 1.01828
       pc4 = 0.468472
       pc5 = 1.97983
       pc6 = -1.28722
       pc7 = -0.640168
       pc8 = -0.143261
       pc9 = 0.213331
      pc10 = 0.114923
      pc11 = 0.0710088
      pc12 = 0.278522
      pc13 = -0.845843
      pc14 = -0.365516
      pc15 = -0.162685
      pc16 = 0.22525
      pc17 = 0.0529037
      pc18 = 0.0359534
Constrained:
   Tgbecnw = 158120
     Tecnw = 27095.2
       Tnw = 21311.6
       Tec = 10775.8
     twoNb = 1.22265e+06
     twoNe = 3151.6
     twoNc = 81092.9
     twoNn = 3.00847e+06
     twoNw = 2.69984e+06
    twoNec = 89811
    twoNnw = 16377.2
  twoNecnw = 61632
  twoNbecnw = 20568.4
  twoNgbecnw = 348322
         m = 0.073067
        m2 = 0.0274
        m3 = 0.240735
        m6 = 6.40496e-07
        Tb = 18935.5
        Ta = 47067.7
        Tc = 10655.8
        Tf = 5327.89
#       SitePat  BranchLen
              b 123710.7928414
              e 47623.9168032
              c 48001.9977198
              n 43726.3389736
              w 46589.3950527
            b:e 1395.4958770
            b:c 1413.2745224
            b:n 1004.0611099
            b:w 1136.1477839
            e:c 11892.7004255
            e:n 5132.5650863
            e:w 3934.4117865
            c:n 4754.4747019
            c:w 4019.4003248
            n:w 13083.0165756
          b:e:c 1321.7065170
          b:e:n 581.4571559
          b:e:w 575.6191928
          b:c:n 563.6775296
          b:c:w 598.6441652
          b:n:w 1365.2365978
          e:c:n 5059.0614539
          e:c:w 3988.1288948
          e:n:w 5515.2711097
          c:n:w 5430.2916638
        b:e:c:n 1176.7839932
        b:e:c:w 1156.6728394
        b:e:n:w 1984.5789111
        b:c:n:w 1961.5552949
        e:c:n:w 48607.3344391
