########################################
# legofit: estimate population history #
#       version 2.3.4-4-g53f8760       #
########################################

# Program was compiled: Sep 21 2021 14:36:42
# Program was run: Tue Sep 28 21:39:24 2021

# cmd: legofit -1 -d 0 -t 32 --ptsPerDim 3 --stateOut b1boot7.state --tol 3e-6 -S 5000 abcf2.lgo ../../chrX/boot_chrX/boot7.opf
# Stage nOptItr nSimReps
#     0    5000        0
# algorithm          : deterministic
# ignoring probs <=  : 0
# Branch length floor: 0
# DE strategy        : 2
#    F               : 0.3
#    CR              : 0.8
#    tolerance       : 3e-06
# nthreads           : 32
# lgo input file     : abcf2.lgo
# site pat input file: ../../chrX/boot_chrX/boot7.opf
# free parameters    : 18
# points in DE swarm : 54
# output state file  : b1boot7.state
# Including singleton site patterns.
# cost function      : KL
Initial parameter values
Fixed:
      zero = 0
       one = 1
    Tbecnw = 75200
Free:
       pc1 = 0
       pc2 = 0
       pc3 = 0
       pc4 = 0
       pc5 = 0
       pc6 = 0
       pc7 = 0
       pc8 = 0
       pc9 = 0
      pc10 = 0
      pc11 = 0
      pc12 = 0
      pc13 = 0
      pc14 = 0
      pc15 = 0
      pc16 = 0
      pc17 = 0
      pc18 = 0
Constrained:
   Tgbecnw = 208114
     Tecnw = 27347.6
       Tnw = 23078.7
       Tec = 11732.9
     twoNb = 1.20375e+06
     twoNe = 4888.93
     twoNc = 1.52223e+06
     twoNn = 1.06291e+06
     twoNw = 4.13012e+06
    twoNec = 83858.4
    twoNnw = 12802.5
  twoNecnw = 62141.5
  twoNbecnw = 23244
  twoNgbecnw = 343689
         m = 0.0774308
        m2 = 0.0262183
        m3 = 0.237698
        m6 = 3.16454e-07
        Tb = 19540.3
        Ta = 47370.1
        Tc = 11539.4
        Tf = 5769.68
DiffEv reached_goal. cost=1.96682e-03 spread=2.54467e-06
Fitted parameter values
Free:
       pc1 = -0.689638
       pc2 = 1.52188
       pc3 = 1.07619
       pc4 = 0.683281
       pc5 = 1.9081
       pc6 = -0.434875
       pc7 = -0.954404
       pc8 = -0.740204
       pc9 = -1.2722
      pc10 = 0.853209
      pc11 = 1.54374
      pc12 = -0.843853
      pc13 = -0.876285
      pc14 = 0.514716
      pc15 = -0.333954
      pc16 = -0.11193
      pc17 = -0.062299
      pc18 = -0.00951041
Constrained:
   Tgbecnw = 148633
     Tecnw = 26759.9
       Tnw = 22535.6
       Tec = 11533.6
     twoNb = 1.40398e+06
     twoNe = 5873.1
     twoNc = 3.35317e+06
     twoNn = 2.54132e+06
     twoNw = 606.876
    twoNec = 77430.2
    twoNnw = 12613
  twoNecnw = 61838.1
  twoNbecnw = 18392.4
  twoNgbecnw = 410773
         m = 0.0628679
        m2 = 0.0264362
        m3 = 0.242925
        m6 = 2.3397e-06
        Tb = 19146.7
        Ta = 47173.4
        Tc = 11267.8
        Tf = 5633.89
#       SitePat  BranchLen
              b 122234.5204934
              e 46704.9384626
              c 47139.8970152
              n 43676.9951125
              w 46774.4016634
            b:e 1345.9505185
            b:c 1366.7176438
            b:n 1014.0966393
            b:w 1169.8089724
            e:c 12011.5313302
            e:n 5173.2507549
            e:w 3885.1487284
            c:n 4738.1451343
            c:w 3984.0572196
            n:w 12552.1380571
          b:e:c 1326.2166249
          b:e:n 586.7396105
          b:e:w 578.8744620
          b:c:n 565.9620009
          b:c:w 605.9547906
          b:n:w 1371.5153741
          e:c:n 5208.7102432
          e:c:w 4012.7552490
          e:n:w 5307.2478994
          c:n:w 5208.4851207
        b:e:c:n 1222.1495658
        b:e:c:w 1175.0480021
        b:e:n:w 1940.1945068
        b:c:n:w 1913.1260180
        e:c:n:w 47938.1193743
