########################################
# legofit: estimate population history #
#       version 2.3.4-4-g53f8760       #
########################################

# Program was compiled: Sep 21 2021 14:36:42
# Program was run: Tue Sep 28 21:41:14 2021

# cmd: legofit -1 -d 0 -t 32 --ptsPerDim 3 --stateOut b1boot41.state --tol 3e-6 -S 5000 abcf2.lgo ../../chrX/boot_chrX/boot41.opf
# Stage nOptItr nSimReps
#     0    5000        0
# algorithm          : deterministic
# ignoring probs <=  : 0
# Branch length floor: 0
# DE strategy        : 2
#    F               : 0.3
#    CR              : 0.8
#    tolerance       : 3e-06
# nthreads           : 32
# lgo input file     : abcf2.lgo
# site pat input file: ../../chrX/boot_chrX/boot41.opf
# free parameters    : 18
# points in DE swarm : 54
# output state file  : b1boot41.state
# Including singleton site patterns.
# cost function      : KL
Initial parameter values
Fixed:
      zero = 0
       one = 1
    Tbecnw = 75200
Free:
       pc1 = 0
       pc2 = 0
       pc3 = 0
       pc4 = 0
       pc5 = 0
       pc6 = 0
       pc7 = 0
       pc8 = 0
       pc9 = 0
      pc10 = 0
      pc11 = 0
      pc12 = 0
      pc13 = 0
      pc14 = 0
      pc15 = 0
      pc16 = 0
      pc17 = 0
      pc18 = 0
Constrained:
   Tgbecnw = 208114
     Tecnw = 27347.6
       Tnw = 23078.7
       Tec = 11732.9
     twoNb = 1.20375e+06
     twoNe = 4888.93
     twoNc = 1.52223e+06
     twoNn = 1.06291e+06
     twoNw = 4.13012e+06
    twoNec = 83858.4
    twoNnw = 12802.5
  twoNecnw = 62141.5
  twoNbecnw = 23244
  twoNgbecnw = 343689
         m = 0.0774308
        m2 = 0.0262183
        m3 = 0.237698
        m6 = 3.16454e-07
        Tb = 19540.3
        Ta = 47370.1
        Tc = 11539.4
        Tf = 5769.68
DiffEv reached_goal. cost=2.04621e-03 spread=2.67842e-06
Fitted parameter values
Free:
       pc1 = 0.288353
       pc2 = -0.953611
       pc3 = 0.615831
       pc4 = 0.683991
       pc5 = 1.47553
       pc6 = -1.47015
       pc7 = -1.76874
       pc8 = -0.230035
       pc9 = -1.24544
      pc10 = 0.120329
      pc11 = 1.01976
      pc12 = -0.0320519
      pc13 = -0.528347
      pc14 = -0.426335
      pc15 = -0.0175056
      pc16 = 0.0715087
      pc17 = 0.0935523
      pc18 = -0.0189425
Constrained:
   Tgbecnw = 149725
     Tecnw = 27185.4
       Tnw = 21823.8
       Tec = 11085.6
     twoNb = 1.34202e+06
     twoNe = 6708.72
     twoNc = 1.74323e+06
     twoNn = 2.86874e+06
     twoNw = 354725
    twoNec = 89680.9
    twoNnw = 15186.1
  twoNecnw = 61608
  twoNbecnw = 20273.3
  twoNgbecnw = 276798
         m = 0.0966264
        m2 = 0.0282384
        m3 = 0.252816
        m6 = 1.06627e-06
        Tb = 19135.5
        Ta = 47167.7
        Tc = 10911.9
        Tf = 5455.96
#       SitePat  BranchLen
              b 125749.2493288
              e 47940.8955591
              c 48212.6450953
              n 44024.2954873
              w 46863.1584705
            b:e 1432.2122987
            b:c 1445.2663027
            b:n 1022.4680517
            b:w 1148.6506264
            e:c 11822.4008944
            e:n 5121.5371885
            e:w 3990.7226876
            c:n 4849.7701015
            c:w 4052.4822206
            n:w 12955.3822558
          b:e:c 1325.3178748
          b:e:n 588.5063110
          b:e:w 588.7330939
          b:c:n 575.4505086
          b:c:w 605.6904428
          b:n:w 1372.0744246
          e:c:n 5099.5440576
          e:c:w 4035.0821311
          e:n:w 5567.1393230
          c:n:w 5505.3966926
        b:e:c:n 1191.3296124
        b:e:c:w 1188.3817137
        b:e:n:w 2035.8638311
        b:c:n:w 2018.9089288
        e:c:n:w 50360.4370542
