########################################
# legofit: estimate population history #
#       version 2.3.4-4-g53f8760       #
########################################

# Program was compiled: Sep 21 2021 14:36:42
# Program was run: Tue Sep 28 21:39:24 2021

# cmd: legofit -1 -d 0 -t 32 --ptsPerDim 3 --stateOut b1boot6.state --tol 3e-6 -S 5000 abcf2.lgo ../../chrX/boot_chrX/boot6.opf
# Stage nOptItr nSimReps
#     0    5000        0
# algorithm          : deterministic
# ignoring probs <=  : 0
# Branch length floor: 0
# DE strategy        : 2
#    F               : 0.3
#    CR              : 0.8
#    tolerance       : 3e-06
# nthreads           : 32
# lgo input file     : abcf2.lgo
# site pat input file: ../../chrX/boot_chrX/boot6.opf
# free parameters    : 18
# points in DE swarm : 54
# output state file  : b1boot6.state
# Including singleton site patterns.
# cost function      : KL
Initial parameter values
Fixed:
      zero = 0
       one = 1
    Tbecnw = 75200
Free:
       pc1 = 0
       pc2 = 0
       pc3 = 0
       pc4 = 0
       pc5 = 0
       pc6 = 0
       pc7 = 0
       pc8 = 0
       pc9 = 0
      pc10 = 0
      pc11 = 0
      pc12 = 0
      pc13 = 0
      pc14 = 0
      pc15 = 0
      pc16 = 0
      pc17 = 0
      pc18 = 0
Constrained:
   Tgbecnw = 208114
     Tecnw = 27347.6
       Tnw = 23078.7
       Tec = 11732.9
     twoNb = 1.20375e+06
     twoNe = 4888.93
     twoNc = 1.52223e+06
     twoNn = 1.06291e+06
     twoNw = 4.13012e+06
    twoNec = 83858.4
    twoNnw = 12802.5
  twoNecnw = 62141.5
  twoNbecnw = 23244
  twoNgbecnw = 343689
         m = 0.0774308
        m2 = 0.0262183
        m3 = 0.237698
        m6 = 3.16454e-07
        Tb = 19540.3
        Ta = 47370.1
        Tc = 11539.4
        Tf = 5769.68
DiffEv reached_goal. cost=1.88466e-03 spread=1.91879e-06
Fitted parameter values
Free:
       pc1 = 2.78724
       pc2 = 0.589655
       pc3 = 0.773346
       pc4 = 1.22893
       pc5 = -0.162528
       pc6 = -0.672803
       pc7 = -1.74241
       pc8 = 0.056893
       pc9 = -1.0483
      pc10 = 0.439308
      pc11 = -0.423827
      pc12 = 1.18824
      pc13 = 0.0018272
      pc14 = -0.630268
      pc15 = -0.298147
      pc16 = -0.164988
      pc17 = 5.76579e-05
      pc18 = -0.00677651
Constrained:
   Tgbecnw = 155514
     Tecnw = 27762.4
       Tnw = 20899.7
       Tec = 10580
     twoNb = 709207
     twoNe = 3726.1
     twoNc = 2.06466e+06
     twoNn = 1.28334e+06
     twoNw = 1.06183e+06
    twoNec = 96347.7
    twoNnw = 20349.2
  twoNecnw = 56484.9
  twoNbecnw = 20963.5
  twoNgbecnw = 316180
         m = 0.0770173
        m2 = 0.0252856
        m3 = 0.256196
        m6 = 2.9863e-08
        Tb = 19171.2
        Ta = 47185.6
        Tc = 10449.9
        Tf = 5224.93
#       SitePat  BranchLen
              b 123571.4138111
              e 46950.5593619
              c 47316.0435000
              n 43519.2947856
              w 46451.4146129
            b:e 1398.9251225
            b:c 1416.3456257
            b:n 1008.6083858
            b:w 1133.5020981
            e:c 11479.7402828
            e:n 5140.4952579
            e:w 3938.3114535
            c:n 4775.0106945
            c:w 4021.3848335
            n:w 12392.0329129
          b:e:c 1276.2718747
          b:e:n 582.7880364
          b:e:w 575.0617444
          b:c:n 565.3674877
          b:c:w 596.5208333
          b:n:w 1305.5461574
          e:c:n 5170.2787398
          e:c:w 4079.3345687
          e:n:w 5511.8677226
          c:n:w 5428.7947546
        b:e:c:n 1174.7430479
        b:e:c:w 1141.0563296
        b:e:n:w 1866.0646993
        b:c:n:w 1844.6056693
        e:c:n:w 49171.3228388
