########################################
# legofit: estimate population history #
#       version 2.3.4-4-g53f8760       #
########################################

# Program was compiled: Sep 21 2021 14:36:42
# Program was run: Tue Sep 28 21:40:37 2021

# cmd: legofit -1 -d 0 -t 32 --ptsPerDim 3 --stateOut b1boot29.state --tol 3e-6 -S 5000 abcf2.lgo ../../chrX/boot_chrX/boot29.opf
# Stage nOptItr nSimReps
#     0    5000        0
# algorithm          : deterministic
# ignoring probs <=  : 0
# Branch length floor: 0
# DE strategy        : 2
#    F               : 0.3
#    CR              : 0.8
#    tolerance       : 3e-06
# nthreads           : 32
# lgo input file     : abcf2.lgo
# site pat input file: ../../chrX/boot_chrX/boot29.opf
# free parameters    : 18
# points in DE swarm : 54
# output state file  : b1boot29.state
# Including singleton site patterns.
# cost function      : KL
Initial parameter values
Fixed:
      zero = 0
       one = 1
    Tbecnw = 75200
Free:
       pc1 = 0
       pc2 = 0
       pc3 = 0
       pc4 = 0
       pc5 = 0
       pc6 = 0
       pc7 = 0
       pc8 = 0
       pc9 = 0
      pc10 = 0
      pc11 = 0
      pc12 = 0
      pc13 = 0
      pc14 = 0
      pc15 = 0
      pc16 = 0
      pc17 = 0
      pc18 = 0
Constrained:
   Tgbecnw = 208114
     Tecnw = 27347.6
       Tnw = 23078.7
       Tec = 11732.9
     twoNb = 1.20375e+06
     twoNe = 4888.93
     twoNc = 1.52223e+06
     twoNn = 1.06291e+06
     twoNw = 4.13012e+06
    twoNec = 83858.4
    twoNnw = 12802.5
  twoNecnw = 62141.5
  twoNbecnw = 23244
  twoNgbecnw = 343689
         m = 0.0774308
        m2 = 0.0262183
        m3 = 0.237698
        m6 = 3.16454e-07
        Tb = 19540.3
        Ta = 47370.1
        Tc = 11539.4
        Tf = 5769.68
DiffEv reached_goal. cost=1.98167e-03 spread=2.93497e-06
Fitted parameter values
Free:
       pc1 = -0.036966
       pc2 = 1.95075
       pc3 = 1.17822
       pc4 = -1.0529
       pc5 = 1.17262
       pc6 = -1.17261
       pc7 = -0.944308
       pc8 = 0.239596
       pc9 = -1.53239
      pc10 = 0.0958097
      pc11 = 1.82246
      pc12 = 1.67071
      pc13 = -0.412969
      pc14 = 0.48179
      pc15 = -0.061438
      pc16 = -0.176643
      pc17 = 0.00853868
      pc18 = -0.00820813
Constrained:
   Tgbecnw = 136500
     Tecnw = 26952.2
       Tnw = 22022.9
       Tec = 11384
     twoNb = 1.1458e+06
     twoNe = 10400.2
     twoNc = 2.33201e+06
     twoNn = 1.35492e+06
     twoNw = 6.30891e+06
    twoNec = 81201.8
    twoNnw = 14395.6
  twoNecnw = 58347.5
  twoNbecnw = 16310.8
  twoNgbecnw = 363226
         m = 0.0719911
        m2 = 0.0263679
        m3 = 0.256255
        m6 = 1.88741e-06
        Tb = 19168.1
        Ta = 47184.1
        Tc = 11011.5
        Tf = 5505.73
#       SitePat  BranchLen
              b 121442.9840061
              e 46137.9687024
              c 46498.3220465
              n 42980.4719211
              w 46012.4009426
            b:e 1283.6938304
            b:c 1300.1923407
            b:n 944.3029631
            b:w 1080.9776009
            e:c 11549.3869675
            e:n 5025.3791588
            e:w 3797.8512972
            c:n 4665.0001312
            c:w 3879.3657704
            n:w 12192.3643548
          b:e:c 1227.3519406
          b:e:n 546.2582479
          b:e:w 542.5063087
          b:c:n 529.7570923
          b:c:w 564.0376992
          b:n:w 1267.6862934
          e:c:n 5077.0988137
          e:c:w 3918.3647460
          e:n:w 5240.9901922
          c:n:w 5159.5003715
        b:e:c:n 1132.9725543
        b:e:c:w 1105.7365532
        b:e:n:w 1845.3050342
        b:c:n:w 1823.7773199
        e:c:n:w 48206.6755823
