########################################
# legofit: estimate population history #
#       version 2.3.4-4-g53f8760       #
########################################

# Program was compiled: Sep 21 2021 14:36:42
# Program was run: Tue Sep 28 21:39:24 2021

# cmd: legofit -1 -d 0 -t 32 --ptsPerDim 3 --stateOut b1boot10.state --tol 3e-6 -S 5000 abcf2.lgo ../../chrX/boot_chrX/boot10.opf
# Stage nOptItr nSimReps
#     0    5000        0
# algorithm          : deterministic
# ignoring probs <=  : 0
# Branch length floor: 0
# DE strategy        : 2
#    F               : 0.3
#    CR              : 0.8
#    tolerance       : 3e-06
# nthreads           : 32
# lgo input file     : abcf2.lgo
# site pat input file: ../../chrX/boot_chrX/boot10.opf
# free parameters    : 18
# points in DE swarm : 54
# output state file  : b1boot10.state
# Including singleton site patterns.
# cost function      : KL
Initial parameter values
Fixed:
      zero = 0
       one = 1
    Tbecnw = 75200
Free:
       pc1 = 0
       pc2 = 0
       pc3 = 0
       pc4 = 0
       pc5 = 0
       pc6 = 0
       pc7 = 0
       pc8 = 0
       pc9 = 0
      pc10 = 0
      pc11 = 0
      pc12 = 0
      pc13 = 0
      pc14 = 0
      pc15 = 0
      pc16 = 0
      pc17 = 0
      pc18 = 0
Constrained:
   Tgbecnw = 208114
     Tecnw = 27347.6
       Tnw = 23078.7
       Tec = 11732.9
     twoNb = 1.20375e+06
     twoNe = 4888.93
     twoNc = 1.52223e+06
     twoNn = 1.06291e+06
     twoNw = 4.13012e+06
    twoNec = 83858.4
    twoNnw = 12802.5
  twoNecnw = 62141.5
  twoNbecnw = 23244
  twoNgbecnw = 343689
         m = 0.0774308
        m2 = 0.0262183
        m3 = 0.237698
        m6 = 3.16454e-07
        Tb = 19540.3
        Ta = 47370.1
        Tc = 11539.4
        Tf = 5769.68
DiffEv reached_goal. cost=1.96149e-03 spread=2.86936e-06
Fitted parameter values
Free:
       pc1 = 0.0912341
       pc2 = 0.743508
       pc3 = 1.03839
       pc4 = -1.44675
       pc5 = 1.32671
       pc6 = -0.118946
       pc7 = -1.04737
       pc8 = -0.547834
       pc9 = -1.29618
      pc10 = 0.836292
      pc11 = 1.40786
      pc12 = -0.596085
      pc13 = -0.491072
      pc14 = -0.0227565
      pc15 = -0.355836
      pc16 = -0.110844
      pc17 = 0.0180736
      pc18 = -0.0794338
Constrained:
   Tgbecnw = 152212
     Tecnw = 26982.4
       Tnw = 22272
       Tec = 11438.4
     twoNb = 1.90744e+06
     twoNe = 10476.2
     twoNc = 2.22116e+06
     twoNn = 2.20608e+06
     twoNw = 2.42933e+06
    twoNec = 82258.8
    twoNnw = 14274
  twoNecnw = 60023.7
  twoNbecnw = 19884.6
  twoNgbecnw = 366660
         m = 0.0683082
        m2 = 0.0256446
        m3 = 0.240158
        m6 = 1.76825e-06
        Tb = 19210.4
        Ta = 47205.2
        Tc = 11136
        Tf = 5568
#       SitePat  BranchLen
              b 123153.6317669
              e 46987.1627279
              c 47265.7409272
              n 43856.6730102
              w 46680.8197931
            b:e 1381.3526944
            b:c 1394.8915486
            b:n 1045.6319727
            b:w 1191.8396129
            e:c 11909.5250405
            e:n 5076.2253441
            e:w 3971.8184713
            c:n 4797.6228030
            c:w 4036.0528602
            n:w 12543.4482813
          b:e:c 1349.3729449
          b:e:n 600.5311444
          b:e:w 599.2207828
          b:c:n 586.9896969
          b:c:w 616.6466293
          b:n:w 1393.3866224
          e:c:n 5216.0581943
          e:c:w 4122.2565432
          e:n:w 5428.1004373
          c:n:w 5363.8893915
        b:e:c:n 1239.6215715
        b:e:c:w 1200.6990738
        b:e:n:w 1951.1888469
        b:c:n:w 1933.7665924
        e:c:n:w 48605.6378103
