########################################
# legofit: estimate population history #
#       version 2.3.4-4-g53f8760       #
########################################

# Program was compiled: Sep 21 2021 14:36:42
# Program was run: Sun Oct 10 22:13:28 2021

# cmd: legofit -1 -d 0 -t 32 --ptsPerDim 3 --stateOut b1boot38.state --tol 3e-6 -S 5000 abd2.lgo ../../chrX/boot_chrX/boot38.opf
# Stage nOptItr nSimReps
#     0    5000        0
# algorithm          : deterministic
# ignoring probs <=  : 0
# Branch length floor: 0
# DE strategy        : 2
#    F               : 0.3
#    CR              : 0.8
#    tolerance       : 3e-06
# nthreads           : 32
# lgo input file     : abd2.lgo
# site pat input file: ../../chrX/boot_chrX/boot38.opf
# free parameters    : 14
# points in DE swarm : 42
# output state file  : b1boot38.state
# Including singleton site patterns.
# cost function      : KL
Initial parameter values
Fixed:
      zero = 0
       one = 1
    Tbecnw = 75200
Free:
       pc1 = 0
       pc2 = 0
       pc3 = 0
       pc4 = 0
       pc5 = 0
       pc6 = 0
       pc7 = 0
       pc8 = 0
       pc9 = 0
      pc10 = 0
      pc11 = 0
      pc12 = 0
      pc13 = 0
      pc14 = 0
Constrained:
   Tgbecnw = 137202
     Tecnw = 23733.4
       Tnw = 20024.8
       Tec = 3628.4
     twoNb = 775365
     twoNc = 89568.5
    twoNec = 137900
    twoNnw = 17774.6
  twoNecnw = 67087.1
  twoNbecnw = 15873.7
  twoNgbecnw = 340597
         m = 0.083604
        m2 = 0.0123632
        m4 = 0.0150567
        Tb = 13680.9
        Ta = 44440.5
        Td = 1814.2
DiffEv reached_goal. cost=2.46770e-03 spread=2.06455e-06
Fitted parameter values
Free:
       pc1 = -2.57125
       pc2 = 0.332892
       pc3 = -0.459286
       pc4 = -1.06759
       pc5 = 1.50418
       pc6 = -1.77688
       pc7 = -0.698494
       pc8 = 1.80937
       pc9 = 0.985813
      pc10 = 0.0591383
      pc11 = 0.078042
      pc12 = 0.141791
      pc13 = -0.029349
      pc14 = -8.39061e-05
Constrained:
   Tgbecnw = 108040
     Tecnw = 22794
       Tnw = 22036.5
       Tec = 6764.46
     twoNb = 1.08451e+06
     twoNc = 194447
    twoNec = 110244
    twoNnw = 3580.94
  twoNecnw = 63683.9
  twoNbecnw = 9766.12
  twoNgbecnw = 373106
         m = 0.0766016
        m2 = 0.0112649
        m4 = 0.0156638
        Tb = 14779.2
        Ta = 44989.6
        Td = 3382.23
#       SitePat  BranchLen
              b 119816.1223339
              e 44775.3524559
              c 45621.0729481
              n 43345.2919207
              w 43345.2919207
            b:e 1232.2126209
            b:c 1405.7275293
            b:n 1012.9979939
            b:w 1012.9979939
            e:c 11376.8817140
            e:n 4386.1510796
            e:w 4386.1510796
            c:n 4271.8550878
            c:w 4271.8550878
            n:w 11898.0506720
          b:e:c 1233.1013456
          b:e:n 567.8847678
          b:e:w 567.8847678
          b:c:n 570.6562190
          b:c:w 570.6562190
          b:n:w 1234.7984827
          e:c:n 4317.4073105
          e:c:w 4317.4073105
          e:n:w 5435.2718138
          c:n:w 5111.0673320
        b:e:c:n 1098.9767449
        b:e:c:w 1098.9767449
        b:e:n:w 2015.2323221
        b:c:n:w 1543.2503969
        e:c:n:w 48172.5845502
