########################################
# legofit: estimate population history #
#       version 2.3.4-4-g53f8760       #
########################################

# Program was compiled: Sep 21 2021 14:36:42
# Program was run: Sun Oct 10 22:08:23 2021

# cmd: legofit -1 -d 0 -t 32 --ptsPerDim 3 --stateOut b1boot21.state --tol 3e-6 -S 5000 abd2.lgo ../../chrX/boot_chrX/boot21.opf
# Stage nOptItr nSimReps
#     0    5000        0
# algorithm          : deterministic
# ignoring probs <=  : 0
# Branch length floor: 0
# DE strategy        : 2
#    F               : 0.3
#    CR              : 0.8
#    tolerance       : 3e-06
# nthreads           : 32
# lgo input file     : abd2.lgo
# site pat input file: ../../chrX/boot_chrX/boot21.opf
# free parameters    : 14
# points in DE swarm : 42
# output state file  : b1boot21.state
# Including singleton site patterns.
# cost function      : KL
Initial parameter values
Fixed:
      zero = 0
       one = 1
    Tbecnw = 75200
Free:
       pc1 = 0
       pc2 = 0
       pc3 = 0
       pc4 = 0
       pc5 = 0
       pc6 = 0
       pc7 = 0
       pc8 = 0
       pc9 = 0
      pc10 = 0
      pc11 = 0
      pc12 = 0
      pc13 = 0
      pc14 = 0
Constrained:
   Tgbecnw = 137202
     Tecnw = 23733.4
       Tnw = 20024.8
       Tec = 3628.4
     twoNb = 775365
     twoNc = 89568.5
    twoNec = 137900
    twoNnw = 17774.6
  twoNecnw = 67087.1
  twoNbecnw = 15873.7
  twoNgbecnw = 340597
         m = 0.083604
        m2 = 0.0123632
        m4 = 0.0150567
        Tb = 13680.9
        Ta = 44440.5
        Td = 1814.2
DiffEv reached_goal. cost=2.45306e-03 spread=2.37329e-06
Fitted parameter values
Free:
       pc1 = -1.48257
       pc2 = -0.551377
       pc3 = -0.657514
       pc4 = -0.915232
       pc5 = 0.883977
       pc6 = -0.0741153
       pc7 = -1.10969
       pc8 = 0.724654
       pc9 = -0.627467
      pc10 = 0.897504
      pc11 = 0.0710863
      pc12 = 0.0109157
      pc13 = 0.0453405
      pc14 = 0.0739186
Constrained:
   Tgbecnw = 115114
     Tecnw = 22916.1
       Tnw = 19860.1
       Tec = 5071.9
     twoNb = 1.01841e+06
     twoNc = 242428
    twoNec = 120357
    twoNnw = 14041.3
  twoNecnw = 66567.3
  twoNbecnw = 11535.4
  twoNgbecnw = 366713
         m = 0.0760768
        m2 = 0.0121876
        m4 = 0.0141344
        Tb = 13994
        Ta = 44597
        Td = 2535.95
#       SitePat  BranchLen
              b 119842.8831348
              e 45415.8368028
              c 46163.1830089
              n 43734.9357093
              w 43734.9357093
            b:e 1267.0175868
            b:c 1424.7860832
            b:n 1031.7014730
            b:w 1031.7014730
            e:c 11815.5235983
            e:n 4407.5364683
            e:w 4407.5364683
            c:n 4304.6363515
            c:w 4304.6363515
            n:w 12520.6154254
          b:e:c 1270.0020528
          b:e:n 575.1587932
          b:e:w 575.1587932
          b:c:n 577.4892779
          b:c:w 577.4892779
          b:n:w 1273.3843661
          e:c:n 4316.8933481
          e:c:w 4316.8933481
          e:n:w 5438.7034015
          c:n:w 5153.0661740
        b:e:c:n 1116.1851368
        b:e:c:w 1116.1851368
        b:e:n:w 2006.6633680
        b:c:n:w 1588.3250800
        e:c:n:w 47228.8368699
