########################################
# legofit: estimate population history #
#       version 2.3.4-4-g53f8760       #
########################################

# Program was compiled: Sep 21 2021 14:36:42
# Program was run: Sun Oct 10 22:11:30 2021

# cmd: legofit -1 -d 0 -t 32 --ptsPerDim 3 --stateOut b1boot32.state --tol 3e-6 -S 5000 abd2.lgo ../../chrX/boot_chrX/boot32.opf
# Stage nOptItr nSimReps
#     0    5000        0
# algorithm          : deterministic
# ignoring probs <=  : 0
# Branch length floor: 0
# DE strategy        : 2
#    F               : 0.3
#    CR              : 0.8
#    tolerance       : 3e-06
# nthreads           : 32
# lgo input file     : abd2.lgo
# site pat input file: ../../chrX/boot_chrX/boot32.opf
# free parameters    : 14
# points in DE swarm : 42
# output state file  : b1boot32.state
# Including singleton site patterns.
# cost function      : KL
Initial parameter values
Fixed:
      zero = 0
       one = 1
    Tbecnw = 75200
Free:
       pc1 = 0
       pc2 = 0
       pc3 = 0
       pc4 = 0
       pc5 = 0
       pc6 = 0
       pc7 = 0
       pc8 = 0
       pc9 = 0
      pc10 = 0
      pc11 = 0
      pc12 = 0
      pc13 = 0
      pc14 = 0
Constrained:
   Tgbecnw = 137202
     Tecnw = 23733.4
       Tnw = 20024.8
       Tec = 3628.4
     twoNb = 775365
     twoNc = 89568.5
    twoNec = 137900
    twoNnw = 17774.6
  twoNecnw = 67087.1
  twoNbecnw = 15873.7
  twoNgbecnw = 340597
         m = 0.083604
        m2 = 0.0123632
        m4 = 0.0150567
        Tb = 13680.9
        Ta = 44440.5
        Td = 1814.2
DiffEv reached_goal. cost=2.21661e-03 spread=2.81849e-06
Fitted parameter values
Free:
       pc1 = 0.247528
       pc2 = -0.484277
       pc3 = -1.37872
       pc4 = 0.0679401
       pc5 = 1.03464
       pc6 = -0.57225
       pc7 = -0.24599
       pc8 = 0.684833
       pc9 = 0.331968
      pc10 = -0.181437
      pc11 = -0.0545871
      pc12 = -0.219664
      pc13 = -0.159407
      pc14 = -0.034598
Constrained:
   Tgbecnw = 117389
     Tecnw = 23907.9
       Tnw = 20123.5
       Tec = 549.673
     twoNb = 865274
     twoNc = 130638
    twoNec = 157997
    twoNnw = 17716.3
  twoNecnw = 64299.7
  twoNbecnw = 12164.3
  twoNgbecnw = 365138
         m = 0.0770553
        m2 = 0.0118157
        m4 = 0.01546
        Tb = 12228.8
        Ta = 43714.4
        Td = 274.836
#       SitePat  BranchLen
              b 120650.7233307
              e 45458.3716985
              c 46266.9978270
              n 44236.1715740
              w 44236.1715740
            b:e 1273.4835235
            b:c 1464.6432934
            b:n 1037.1076327
            b:w 1037.1076327
            e:c 11987.6812187
            e:n 4373.8471574
            e:w 4373.8471574
            c:n 4261.7050275
            c:w 4261.7050275
            n:w 12296.3168450
          b:e:c 1265.8385543
          b:e:n 577.6879850
          b:e:w 577.6879850
          b:c:n 580.4894619
          b:c:w 580.4894619
          b:n:w 1267.6264619
          e:c:n 4316.2485572
          e:c:w 4316.2485572
          e:n:w 5438.4137090
          c:n:w 5116.1527628
        b:e:c:n 1118.5623898
        b:e:c:w 1118.5623898
        b:e:n:w 2034.9951206
        b:c:n:w 1576.1513878
        e:c:n:w 47929.6807551
