########################################
# legofit: estimate population history #
#       version 2.3.4-4-g53f8760       #
########################################

# Program was compiled: Sep 21 2021 14:36:42
# Program was run: Sun Oct 10 22:05:19 2021

# cmd: legofit -1 -d 0 -t 32 --ptsPerDim 3 --stateOut b1boot10.state --tol 3e-6 -S 5000 abd2.lgo ../../chrX/boot_chrX/boot10.opf
# Stage nOptItr nSimReps
#     0    5000        0
# algorithm          : deterministic
# ignoring probs <=  : 0
# Branch length floor: 0
# DE strategy        : 2
#    F               : 0.3
#    CR              : 0.8
#    tolerance       : 3e-06
# nthreads           : 32
# lgo input file     : abd2.lgo
# site pat input file: ../../chrX/boot_chrX/boot10.opf
# free parameters    : 14
# points in DE swarm : 42
# output state file  : b1boot10.state
# Including singleton site patterns.
# cost function      : KL
Initial parameter values
Fixed:
      zero = 0
       one = 1
    Tbecnw = 75200
Free:
       pc1 = 0
       pc2 = 0
       pc3 = 0
       pc4 = 0
       pc5 = 0
       pc6 = 0
       pc7 = 0
       pc8 = 0
       pc9 = 0
      pc10 = 0
      pc11 = 0
      pc12 = 0
      pc13 = 0
      pc14 = 0
Constrained:
   Tgbecnw = 137202
     Tecnw = 23733.4
       Tnw = 20024.8
       Tec = 3628.4
     twoNb = 775365
     twoNc = 89568.5
    twoNec = 137900
    twoNnw = 17774.6
  twoNecnw = 67087.1
  twoNbecnw = 15873.7
  twoNgbecnw = 340597
         m = 0.083604
        m2 = 0.0123632
        m4 = 0.0150567
        Tb = 13680.9
        Ta = 44440.5
        Td = 1814.2
DiffEv reached_goal. cost=2.22003e-03 spread=2.31453e-06
Fitted parameter values
Free:
       pc1 = -0.992921
       pc2 = 0.396109
       pc3 = -0.527229
       pc4 = 1.13578
       pc5 = -0.333987
       pc6 = -1.38273
       pc7 = -1.87275
       pc8 = 0.566514
       pc9 = -0.598478
      pc10 = 1.36609
      pc11 = 0.183438
      pc12 = -0.0999961
      pc13 = 0.0358045
      pc14 = 0.0123645
Constrained:
   Tgbecnw = 103369
     Tecnw = 22745.8
       Tnw = 18919.1
       Tec = 6787.11
     twoNb = 1.07543e+06
     twoNc = 91342.9
    twoNec = 102441
    twoNnw = 18889.8
  twoNecnw = 65962.6
  twoNbecnw = 9250.02
  twoNgbecnw = 299481
         m = 0.0934402
        m2 = 0.0108452
        m4 = 0.0157581
        Tb = 14766.4
        Ta = 44983.2
        Td = 3393.56
#       SitePat  BranchLen
              b 119144.9316364
              e 44868.1410976
              c 45692.8551685
              n 43727.1430255
              w 43727.1430255
            b:e 1287.4642201
            b:c 1470.2817431
            b:n 1093.2858372
            b:w 1093.2858372
            e:c 11809.7693936
            e:n 4441.0344250
            e:w 4441.0344250
            c:n 4325.0683588
            c:w 4325.0683588
            n:w 12245.8311961
          b:e:c 1317.3875438
          b:e:n 605.3172148
          b:e:w 605.3172148
          b:c:n 608.1809208
          b:c:w 608.1809208
          b:n:w 1319.0717902
          e:c:n 4437.8340019
          e:c:w 4437.8340019
          e:n:w 5384.6405661
          c:n:w 5057.9150676
        b:e:c:n 1193.5100860
        b:e:c:w 1193.5100860
        b:e:n:w 2038.5633869
        b:c:n:w 1583.9618808
        e:c:n:w 47100.8928695
