########################################
# legofit: estimate population history #
#       version 2.3.4-4-g53f8760       #
########################################

# Program was compiled: Sep 21 2021 14:36:42
# Program was run: Sun Oct 10 22:11:21 2021

# cmd: legofit -1 -d 0 -t 32 --ptsPerDim 3 --stateOut b1boot31.state --tol 3e-6 -S 5000 abd2.lgo ../../chrX/boot_chrX/boot31.opf
# Stage nOptItr nSimReps
#     0    5000        0
# algorithm          : deterministic
# ignoring probs <=  : 0
# Branch length floor: 0
# DE strategy        : 2
#    F               : 0.3
#    CR              : 0.8
#    tolerance       : 3e-06
# nthreads           : 32
# lgo input file     : abd2.lgo
# site pat input file: ../../chrX/boot_chrX/boot31.opf
# free parameters    : 14
# points in DE swarm : 42
# output state file  : b1boot31.state
# Including singleton site patterns.
# cost function      : KL
Initial parameter values
Fixed:
      zero = 0
       one = 1
    Tbecnw = 75200
Free:
       pc1 = 0
       pc2 = 0
       pc3 = 0
       pc4 = 0
       pc5 = 0
       pc6 = 0
       pc7 = 0
       pc8 = 0
       pc9 = 0
      pc10 = 0
      pc11 = 0
      pc12 = 0
      pc13 = 0
      pc14 = 0
Constrained:
   Tgbecnw = 137202
     Tecnw = 23733.4
       Tnw = 20024.8
       Tec = 3628.4
     twoNb = 775365
     twoNc = 89568.5
    twoNec = 137900
    twoNnw = 17774.6
  twoNecnw = 67087.1
  twoNbecnw = 15873.7
  twoNgbecnw = 340597
         m = 0.083604
        m2 = 0.0123632
        m4 = 0.0150567
        Tb = 13680.9
        Ta = 44440.5
        Td = 1814.2
DiffEv reached_goal. cost=2.41246e-03 spread=2.33873e-06
Fitted parameter values
Free:
       pc1 = -2.49433
       pc2 = -0.612419
       pc3 = -0.25232
       pc4 = 0.181168
       pc5 = 0.340029
       pc6 = -0.713324
       pc7 = -0.572521
       pc8 = 1.66248
       pc9 = 0.70987
      pc10 = -0.149803
      pc11 = 0.0805009
      pc12 = 0.0468725
      pc13 = -0.0558562
      pc14 = -0.0264876
Constrained:
   Tgbecnw = 106406
     Tecnw = 22787.5
       Tnw = 20939.5
       Tec = 7616.84
     twoNb = 681270
     twoNc = 135198
    twoNec = 100595
    twoNnw = 9114.31
  twoNecnw = 64157.1
  twoNbecnw = 9406.06
  twoNgbecnw = 370972
         m = 0.0744119
        m2 = 0.0117127
        m4 = 0.0147529
        Tb = 15202.2
        Ta = 45201.1
        Td = 3808.42
#       SitePat  BranchLen
              b 118626.2697792
              e 44722.9965462
              c 45472.1263099
              n 43536.4508797
              w 43536.4508797
            b:e 1263.2897304
            b:c 1456.8155337
            b:n 1045.5644648
            b:w 1045.5644648
            e:c 11463.6772846
            e:n 4406.4044466
            e:w 4406.4044466
            c:n 4297.3322309
            c:w 4297.3322309
            n:w 11876.8108545
          b:e:c 1260.4371992
          b:e:n 582.3736226
          b:e:w 582.3736226
          b:c:n 585.9088879
          b:c:w 585.9088879
          b:n:w 1258.7479441
          e:c:n 4378.7230318
          e:c:w 4378.7230318
          e:n:w 5370.7118072
          c:n:w 5058.8709267
        b:e:c:n 1139.4102703
        b:e:c:w 1139.4102703
        b:e:n:w 1977.3668680
        b:c:n:w 1557.6260065
        e:c:n:w 47034.7655060
