########################################
# legofit: estimate population history #
#       version 2.3.4-4-g53f8760       #
########################################

# Program was compiled: Sep 21 2021 14:36:42
# Program was run: Sun Oct 10 22:06:45 2021

# cmd: legofit -1 -d 0 -t 32 --ptsPerDim 3 --stateOut b1boot16.state --tol 3e-6 -S 5000 abd2.lgo ../../chrX/boot_chrX/boot16.opf
# Stage nOptItr nSimReps
#     0    5000        0
# algorithm          : deterministic
# ignoring probs <=  : 0
# Branch length floor: 0
# DE strategy        : 2
#    F               : 0.3
#    CR              : 0.8
#    tolerance       : 3e-06
# nthreads           : 32
# lgo input file     : abd2.lgo
# site pat input file: ../../chrX/boot_chrX/boot16.opf
# free parameters    : 14
# points in DE swarm : 42
# output state file  : b1boot16.state
# Including singleton site patterns.
# cost function      : KL
Initial parameter values
Fixed:
      zero = 0
       one = 1
    Tbecnw = 75200
Free:
       pc1 = 0
       pc2 = 0
       pc3 = 0
       pc4 = 0
       pc5 = 0
       pc6 = 0
       pc7 = 0
       pc8 = 0
       pc9 = 0
      pc10 = 0
      pc11 = 0
      pc12 = 0
      pc13 = 0
      pc14 = 0
Constrained:
   Tgbecnw = 137202
     Tecnw = 23733.4
       Tnw = 20024.8
       Tec = 3628.4
     twoNb = 775365
     twoNc = 89568.5
    twoNec = 137900
    twoNnw = 17774.6
  twoNecnw = 67087.1
  twoNbecnw = 15873.7
  twoNgbecnw = 340597
         m = 0.083604
        m2 = 0.0123632
        m4 = 0.0150567
        Tb = 13680.9
        Ta = 44440.5
        Td = 1814.2
DiffEv reached_goal. cost=2.43459e-03 spread=2.69240e-06
Fitted parameter values
Free:
       pc1 = -0.156476
       pc2 = 0.252624
       pc3 = -0.640655
       pc4 = 1.59844
       pc5 = 1.5739
       pc6 = -1.66187
       pc7 = -0.99768
       pc8 = -0.236227
       pc9 = 1.35487
      pc10 = -0.163014
      pc11 = -0.0572539
      pc12 = -0.135515
      pc13 = -0.168051
      pc14 = 0.0768897
Constrained:
   Tgbecnw = 110996
     Tecnw = 23405.3
       Tnw = 20050.8
       Tec = 2315.99
     twoNb = 841023
     twoNc = 72274.6
    twoNec = 144354
    twoNnw = 15407.9
  twoNecnw = 64181.4
  twoNbecnw = 10923.9
  twoNgbecnw = 332759
         m = 0.0816959
        m2 = 0.0115168
        m4 = 0.0194026
        Tb = 12860.6
        Ta = 44030.3
        Td = 1157.99
#       SitePat  BranchLen
              b 119089.9881855
              e 45194.3041480
              c 46187.2153334
              n 43688.2506833
              w 43688.2506833
            b:e 1281.3308052
            b:c 1523.4454080
            b:n 1035.6303828
            b:w 1035.6303828
            e:c 11766.6255722
            e:n 4385.3801564
            e:w 4385.3801564
            c:n 4244.6552249
            c:w 4244.6552249
            n:w 12361.8001258
          b:e:c 1278.1210634
          b:e:n 580.7294453
          b:e:w 580.7294453
          b:c:n 584.4866258
          b:c:w 584.4866258
          b:n:w 1275.5341694
          e:c:n 4293.9736301
          e:c:w 4293.9736301
          e:n:w 5550.8628262
          c:n:w 5141.8649375
        b:e:c:n 1122.9552404
        b:e:c:w 1122.9552404
        b:e:n:w 2123.2905066
        b:c:n:w 1571.1979874
        e:c:n:w 46829.8998367
