########################################
# legofit: estimate population history #
#       version 2.3.4-4-g53f8760       #
########################################

# Program was compiled: Sep 21 2021 14:36:42
# Program was run: Sun Oct 10 22:08:48 2021

# cmd: legofit -1 -d 0 -t 32 --ptsPerDim 3 --stateOut b1boot22.state --tol 3e-6 -S 5000 abd2.lgo ../../chrX/boot_chrX/boot22.opf
# Stage nOptItr nSimReps
#     0    5000        0
# algorithm          : deterministic
# ignoring probs <=  : 0
# Branch length floor: 0
# DE strategy        : 2
#    F               : 0.3
#    CR              : 0.8
#    tolerance       : 3e-06
# nthreads           : 32
# lgo input file     : abd2.lgo
# site pat input file: ../../chrX/boot_chrX/boot22.opf
# free parameters    : 14
# points in DE swarm : 42
# output state file  : b1boot22.state
# Including singleton site patterns.
# cost function      : KL
Initial parameter values
Fixed:
      zero = 0
       one = 1
    Tbecnw = 75200
Free:
       pc1 = 0
       pc2 = 0
       pc3 = 0
       pc4 = 0
       pc5 = 0
       pc6 = 0
       pc7 = 0
       pc8 = 0
       pc9 = 0
      pc10 = 0
      pc11 = 0
      pc12 = 0
      pc13 = 0
      pc14 = 0
Constrained:
   Tgbecnw = 137202
     Tecnw = 23733.4
       Tnw = 20024.8
       Tec = 3628.4
     twoNb = 775365
     twoNc = 89568.5
    twoNec = 137900
    twoNnw = 17774.6
  twoNecnw = 67087.1
  twoNbecnw = 15873.7
  twoNgbecnw = 340597
         m = 0.083604
        m2 = 0.0123632
        m4 = 0.0150567
        Tb = 13680.9
        Ta = 44440.5
        Td = 1814.2
DiffEv reached_goal. cost=2.35276e-03 spread=2.90984e-06
Fitted parameter values
Free:
       pc1 = 0.626996
       pc2 = 0.0912622
       pc3 = -1.87463
       pc4 = 1.13629
       pc5 = 0.729967
       pc6 = -1.0217
       pc7 = -0.530444
       pc8 = 1.35175
       pc9 = -0.159909
      pc10 = 0.769478
      pc11 = -0.0899901
      pc12 = -0.0320116
      pc13 = -0.0373217
      pc14 = 0.109339
Constrained:
   Tgbecnw = 108079
     Tecnw = 23568.6
       Tnw = 19285.2
       Tec = 439.562
     twoNb = 959540
     twoNc = 90897
    twoNec = 162790
    twoNnw = 19427
  twoNecnw = 63934.9
  twoNbecnw = 10269.1
  twoNgbecnw = 326092
         m = 0.082717
        m2 = 0.00985183
        m4 = 0.0152579
        Tb = 12004.1
        Ta = 43602
        Td = 219.781
#       SitePat  BranchLen
              b 118698.8749792
              e 45114.7139166
              c 45896.5552808
              n 43566.3568043
              w 43566.3568043
            b:e 1283.3535203
            b:c 1466.4064715
            b:n 1045.6948541
            b:w 1045.6948541
            e:c 11811.3753941
            e:n 4358.7890105
            e:w 4358.7890105
            c:n 4249.0863031
            c:w 4249.0863031
            n:w 12416.2698283
          b:e:c 1291.4795813
          b:e:n 588.5357718
          b:e:w 588.5357718
          b:c:n 591.4326117
          b:c:w 591.4326117
          b:n:w 1287.7362993
          e:c:n 4278.3963758
          e:c:w 4278.3963758
          e:n:w 5474.0094511
          c:n:w 5155.6521718
        b:e:c:n 1135.6416681
        b:e:c:w 1135.6416681
        b:e:n:w 1982.9818325
        b:c:n:w 1550.0564324
        e:c:n:w 46602.8597378
