########################################
# legofit: estimate population history #
#       version 2.3.4-4-g53f8760       #
########################################

# Program was compiled: Sep 21 2021 14:36:42
# Program was run: Sun Oct 10 22:13:49 2021

# cmd: legofit -1 -d 0 -t 32 --ptsPerDim 3 --stateOut b1boot39.state --tol 3e-6 -S 5000 abd2.lgo ../../chrX/boot_chrX/boot39.opf
# Stage nOptItr nSimReps
#     0    5000        0
# algorithm          : deterministic
# ignoring probs <=  : 0
# Branch length floor: 0
# DE strategy        : 2
#    F               : 0.3
#    CR              : 0.8
#    tolerance       : 3e-06
# nthreads           : 32
# lgo input file     : abd2.lgo
# site pat input file: ../../chrX/boot_chrX/boot39.opf
# free parameters    : 14
# points in DE swarm : 42
# output state file  : b1boot39.state
# Including singleton site patterns.
# cost function      : KL
Initial parameter values
Fixed:
      zero = 0
       one = 1
    Tbecnw = 75200
Free:
       pc1 = 0
       pc2 = 0
       pc3 = 0
       pc4 = 0
       pc5 = 0
       pc6 = 0
       pc7 = 0
       pc8 = 0
       pc9 = 0
      pc10 = 0
      pc11 = 0
      pc12 = 0
      pc13 = 0
      pc14 = 0
Constrained:
   Tgbecnw = 137202
     Tecnw = 23733.4
       Tnw = 20024.8
       Tec = 3628.4
     twoNb = 775365
     twoNc = 89568.5
    twoNec = 137900
    twoNnw = 17774.6
  twoNecnw = 67087.1
  twoNbecnw = 15873.7
  twoNgbecnw = 340597
         m = 0.083604
        m2 = 0.0123632
        m4 = 0.0150567
        Tb = 13680.9
        Ta = 44440.5
        Td = 1814.2
DiffEv reached_goal. cost=2.31243e-03 spread=2.69510e-06
Fitted parameter values
Free:
       pc1 = -0.993529
       pc2 = -1.0162
       pc3 = -0.957295
       pc4 = 0.350843
       pc5 = 1.25097
       pc6 = -0.248477
       pc7 = -1.30604
       pc8 = 1.29861
       pc9 = -1.21644
      pc10 = 0.991777
      pc11 = 0.230693
      pc12 = -0.319282
      pc13 = 0.124138
      pc14 = 0.0781438
Constrained:
   Tgbecnw = 105374
     Tecnw = 23091.6
       Tnw = 19022.3
       Tec = 4665.8
     twoNb = 930655
     twoNc = 232278
    twoNec = 125573
    twoNnw = 19527.2
  twoNecnw = 65895.8
  twoNbecnw = 8918.81
  twoNgbecnw = 390975
         m = 0.07469
        m2 = 0.0106935
        m4 = 0.0145472
        Tb = 13878.7
        Ta = 44539.4
        Td = 2332.9
#       SitePat  BranchLen
              b 119632.4589071
              e 45148.9357165
              c 45915.0548187
              n 43716.6302946
              w 43716.6302946
            b:e 1250.2606941
            b:c 1419.3877384
            b:n 1038.2668327
            b:w 1038.2668327
            e:c 11612.4776241
            e:n 4382.1737587
            e:w 4382.1737587
            c:n 4276.9037927
            c:w 4276.9037927
            n:w 12202.3343897
          b:e:c 1262.0648348
          b:e:n 582.6260829
          b:e:w 582.6260829
          b:c:n 585.6038172
          b:c:w 585.6038172
          b:n:w 1261.7667911
          e:c:n 4273.4407769
          e:c:w 4273.4407769
          e:n:w 5297.6872478
          c:n:w 5006.3249881
        b:e:c:n 1135.9651980
        b:e:c:w 1135.9651980
        b:e:n:w 1999.4133389
        b:c:n:w 1560.1138388
        e:c:n:w 47751.1390446
