########################################
# legofit: estimate population history #
#       version 2.3.4-4-g53f8760       #
########################################

# Program was compiled: Sep 21 2021 14:36:42
# Program was run: Sun Oct 10 22:14:15 2021

# cmd: legofit -1 -d 0 -t 32 --ptsPerDim 3 --stateOut b1boot41.state --tol 3e-6 -S 5000 abd2.lgo ../../chrX/boot_chrX/boot41.opf
# Stage nOptItr nSimReps
#     0    5000        0
# algorithm          : deterministic
# ignoring probs <=  : 0
# Branch length floor: 0
# DE strategy        : 2
#    F               : 0.3
#    CR              : 0.8
#    tolerance       : 3e-06
# nthreads           : 32
# lgo input file     : abd2.lgo
# site pat input file: ../../chrX/boot_chrX/boot41.opf
# free parameters    : 14
# points in DE swarm : 42
# output state file  : b1boot41.state
# Including singleton site patterns.
# cost function      : KL
Initial parameter values
Fixed:
      zero = 0
       one = 1
    Tbecnw = 75200
Free:
       pc1 = 0
       pc2 = 0
       pc3 = 0
       pc4 = 0
       pc5 = 0
       pc6 = 0
       pc7 = 0
       pc8 = 0
       pc9 = 0
      pc10 = 0
      pc11 = 0
      pc12 = 0
      pc13 = 0
      pc14 = 0
Constrained:
   Tgbecnw = 137202
     Tecnw = 23733.4
       Tnw = 20024.8
       Tec = 3628.4
     twoNb = 775365
     twoNc = 89568.5
    twoNec = 137900
    twoNnw = 17774.6
  twoNecnw = 67087.1
  twoNbecnw = 15873.7
  twoNgbecnw = 340597
         m = 0.083604
        m2 = 0.0123632
        m4 = 0.0150567
        Tb = 13680.9
        Ta = 44440.5
        Td = 1814.2
DiffEv reached_goal. cost=2.29619e-03 spread=2.03227e-06
Fitted parameter values
Free:
       pc1 = 0.399988
       pc2 = 0.73009
       pc3 = -0.0578255
       pc4 = 2.37793
       pc5 = 1.54865
       pc6 = -1.57246
       pc7 = -0.655416
       pc8 = 1.41551
       pc9 = 0.377114
      pc10 = -0.00685698
      pc11 = -0.0864442
      pc12 = -0.123719
      pc13 = -0.000646766
      pc14 = 0.173301
Constrained:
   Tgbecnw = 114213
     Tecnw = 23840.5
       Tnw = 19896.6
       Tec = 3914.03
     twoNb = 740517
     twoNc = 65191.2
    twoNec = 142267
    twoNnw = 17976.7
  twoNecnw = 64410
  twoNbecnw = 11864.2
  twoNgbecnw = 335428
         m = 0.0855344
        m2 = 0.00856116
        m4 = 0.0184028
        Tb = 13877.3
        Ta = 44538.6
        Td = 1957.01
#       SitePat  BranchLen
              b 121504.8858808
              e 45795.9714750
              c 46754.3619310
              n 44051.4563818
              w 44051.4563818
            b:e 1308.2421285
            b:c 1558.2355912
            b:n 1068.8302267
            b:w 1068.8302267
            e:c 11604.2125292
            e:n 4424.3283191
            e:w 4424.3283191
            c:n 4290.4925884
            c:w 4290.4925884
            n:w 12451.6019100
          b:e:c 1313.5746575
          b:e:n 602.2529359
          b:e:w 602.2529359
          b:c:n 606.0139048
          b:c:w 606.0139048
          b:n:w 1307.4952327
          e:c:n 4318.7082522
          e:c:w 4318.7082522
          e:n:w 5595.5459337
          c:n:w 5194.5233663
        b:e:c:n 1156.5897114
        b:e:c:w 1156.5897114
        b:e:n:w 2100.6784134
        b:c:n:w 1553.4664596
        e:c:n:w 48791.9685273
