########################################
# legofit: estimate population history #
#       version 2.3.4-4-g53f8760       #
########################################

# Program was compiled: Sep 21 2021 14:36:42
# Program was run: Sun Oct 10 22:10:48 2021

# cmd: legofit -1 -d 0 -t 32 --ptsPerDim 3 --stateOut b1boot28.state --tol 3e-6 -S 5000 abd2.lgo ../../chrX/boot_chrX/boot28.opf
# Stage nOptItr nSimReps
#     0    5000        0
# algorithm          : deterministic
# ignoring probs <=  : 0
# Branch length floor: 0
# DE strategy        : 2
#    F               : 0.3
#    CR              : 0.8
#    tolerance       : 3e-06
# nthreads           : 32
# lgo input file     : abd2.lgo
# site pat input file: ../../chrX/boot_chrX/boot28.opf
# free parameters    : 14
# points in DE swarm : 42
# output state file  : b1boot28.state
# Including singleton site patterns.
# cost function      : KL
Initial parameter values
Fixed:
      zero = 0
       one = 1
    Tbecnw = 75200
Free:
       pc1 = 0
       pc2 = 0
       pc3 = 0
       pc4 = 0
       pc5 = 0
       pc6 = 0
       pc7 = 0
       pc8 = 0
       pc9 = 0
      pc10 = 0
      pc11 = 0
      pc12 = 0
      pc13 = 0
      pc14 = 0
Constrained:
   Tgbecnw = 137202
     Tecnw = 23733.4
       Tnw = 20024.8
       Tec = 3628.4
     twoNb = 775365
     twoNc = 89568.5
    twoNec = 137900
    twoNnw = 17774.6
  twoNecnw = 67087.1
  twoNbecnw = 15873.7
  twoNgbecnw = 340597
         m = 0.083604
        m2 = 0.0123632
        m4 = 0.0150567
        Tb = 13680.9
        Ta = 44440.5
        Td = 1814.2
DiffEv reached_goal. cost=2.31372e-03 spread=2.08424e-06
Fitted parameter values
Free:
       pc1 = 0.0240669
       pc2 = -3.79203
       pc3 = -1.40496
       pc4 = 1.03083
       pc5 = 1.69437
       pc6 = -1.00968
       pc7 = -1.43437
       pc8 = 0.745714
       pc9 = 0.0128507
      pc10 = -0.274368
      pc11 = 0.397749
      pc12 = -0.0503094
      pc13 = -0.0596134
      pc14 = 0.0703317
Constrained:
   Tgbecnw = 108908
     Tecnw = 23488.2
       Tnw = 18208.5
       Tec = 3005.82
     twoNb = 733833
     twoNc = 182920
    twoNec = 138687
    twoNnw = 25125.4
  twoNecnw = 60663.5
  twoNbecnw = 9400.74
  twoNgbecnw = 473293
         m = 0.0556644
        m2 = 0.012526
        m4 = 0.0163948
        Tb = 13247
        Ta = 44223.5
        Td = 1502.91
#       SitePat  BranchLen
              b 117351.0047763
              e 44376.7695151
              c 45204.6908862
              n 42933.5357107
              w 42933.5357107
            b:e 1231.6585465
            b:c 1435.8233574
            b:n 998.6736941
            b:w 998.6736941
            e:c 11458.0547986
            e:n 4288.3607574
            e:w 4288.3607574
            c:n 4169.6514190
            c:w 4169.6514190
            n:w 12027.9011074
          b:e:c 1219.3526552
          b:e:n 558.5184427
          b:e:w 558.5184427
          b:c:n 562.5164130
          b:c:w 562.5164130
          b:n:w 1216.6034599
          e:c:n 4269.6386095
          e:c:w 4269.6386095
          e:n:w 5383.8516287
          c:n:w 5042.1360089
        b:e:c:n 1084.5045707
        b:e:c:w 1084.5045707
        b:e:n:w 1996.7879942
        b:c:n:w 1535.8401207
        e:c:n:w 46326.9773333
