########################################
# legofit: estimate population history #
#       version 2.3.4-4-g53f8760       #
########################################

# Program was compiled: Sep 21 2021 14:36:42
# Program was run: Sun Oct 10 22:09:33 2021

# cmd: legofit -1 -d 0 -t 32 --ptsPerDim 3 --stateOut b1boot25.state --tol 3e-6 -S 5000 abd2.lgo ../../chrX/boot_chrX/boot25.opf
# Stage nOptItr nSimReps
#     0    5000        0
# algorithm          : deterministic
# ignoring probs <=  : 0
# Branch length floor: 0
# DE strategy        : 2
#    F               : 0.3
#    CR              : 0.8
#    tolerance       : 3e-06
# nthreads           : 32
# lgo input file     : abd2.lgo
# site pat input file: ../../chrX/boot_chrX/boot25.opf
# free parameters    : 14
# points in DE swarm : 42
# output state file  : b1boot25.state
# Including singleton site patterns.
# cost function      : KL
Initial parameter values
Fixed:
      zero = 0
       one = 1
    Tbecnw = 75200
Free:
       pc1 = 0
       pc2 = 0
       pc3 = 0
       pc4 = 0
       pc5 = 0
       pc6 = 0
       pc7 = 0
       pc8 = 0
       pc9 = 0
      pc10 = 0
      pc11 = 0
      pc12 = 0
      pc13 = 0
      pc14 = 0
Constrained:
   Tgbecnw = 137202
     Tecnw = 23733.4
       Tnw = 20024.8
       Tec = 3628.4
     twoNb = 775365
     twoNc = 89568.5
    twoNec = 137900
    twoNnw = 17774.6
  twoNecnw = 67087.1
  twoNbecnw = 15873.7
  twoNgbecnw = 340597
         m = 0.083604
        m2 = 0.0123632
        m4 = 0.0150567
        Tb = 13680.9
        Ta = 44440.5
        Td = 1814.2
DiffEv reached_goal. cost=2.32102e-03 spread=2.61659e-06
Fitted parameter values
Free:
       pc1 = -1.40414
       pc2 = -1.49902
       pc3 = -1.07018
       pc4 = -0.881178
       pc5 = 1.74894
       pc6 = 0.113888
       pc7 = -1.28326
       pc8 = 0.820223
       pc9 = -0.644885
      pc10 = 0.590225
      pc11 = 0.245703
      pc12 = -0.113523
      pc13 = -0.0228619
      pc14 = 0.0806844
Constrained:
   Tgbecnw = 110756
     Tecnw = 23022.5
       Tnw = 19601.7
       Tec = 3742.57
     twoNb = 949120
     twoNc = 300083
    twoNec = 128985
    twoNnw = 15487.9
  twoNecnw = 65486.5
  twoNbecnw = 10187.3
  twoNgbecnw = 414084
         m = 0.0686463
        m2 = 0.012405
        m4 = 0.0144936
        Tb = 13382.5
        Ta = 44291.3
        Td = 1871.29
#       SitePat  BranchLen
              b 119694.0982594
              e 45115.3867265
              c 45879.6960701
              n 43463.1815772
              w 43463.1815772
            b:e 1278.4120627
            b:c 1444.2663568
            b:n 1035.0416760
            b:w 1035.0416760
            e:c 11845.5916567
            e:n 4345.3210135
            e:w 4345.3210135
            c:n 4240.9585879
            c:w 4240.9585879
            n:w 12503.2884223
          b:e:c 1288.1820043
          b:e:n 577.7764310
          b:e:w 577.7764310
          b:c:n 580.6310308
          b:c:w 580.6310308
          b:n:w 1289.5415075
          e:c:n 4273.9650697
          e:c:w 4273.9650697
          e:n:w 5416.5596324
          c:n:w 5123.8756532
        b:e:c:n 1126.5298766
        b:e:c:w 1126.5298766
        b:e:n:w 2049.1105155
        b:c:n:w 1614.6464439
        e:c:n:w 47657.7879150
