########################################
# legofit: estimate population history #
#       version 2.3.4-4-g53f8760       #
########################################

# Program was compiled: Sep 21 2021 14:36:42
# Program was run: Sun Oct 10 22:15:40 2021

# cmd: legofit -1 -d 0 -t 32 --ptsPerDim 3 --stateOut b1boot46.state --tol 3e-6 -S 5000 abd2.lgo ../../chrX/boot_chrX/boot46.opf
# Stage nOptItr nSimReps
#     0    5000        0
# algorithm          : deterministic
# ignoring probs <=  : 0
# Branch length floor: 0
# DE strategy        : 2
#    F               : 0.3
#    CR              : 0.8
#    tolerance       : 3e-06
# nthreads           : 32
# lgo input file     : abd2.lgo
# site pat input file: ../../chrX/boot_chrX/boot46.opf
# free parameters    : 14
# points in DE swarm : 42
# output state file  : b1boot46.state
# Including singleton site patterns.
# cost function      : KL
Initial parameter values
Fixed:
      zero = 0
       one = 1
    Tbecnw = 75200
Free:
       pc1 = 0
       pc2 = 0
       pc3 = 0
       pc4 = 0
       pc5 = 0
       pc6 = 0
       pc7 = 0
       pc8 = 0
       pc9 = 0
      pc10 = 0
      pc11 = 0
      pc12 = 0
      pc13 = 0
      pc14 = 0
Constrained:
   Tgbecnw = 137202
     Tecnw = 23733.4
       Tnw = 20024.8
       Tec = 3628.4
     twoNb = 775365
     twoNc = 89568.5
    twoNec = 137900
    twoNnw = 17774.6
  twoNecnw = 67087.1
  twoNbecnw = 15873.7
  twoNgbecnw = 340597
         m = 0.083604
        m2 = 0.0123632
        m4 = 0.0150567
        Tb = 13680.9
        Ta = 44440.5
        Td = 1814.2
DiffEv reached_goal. cost=2.30388e-03 spread=2.93711e-06
Fitted parameter values
Free:
       pc1 = -2.09309
       pc2 = 1.24458
       pc3 = -1.39532
       pc4 = -0.857672
       pc5 = 1.54435
       pc6 = -0.185097
       pc7 = -0.513868
       pc8 = 1.72723
       pc9 = -0.196343
      pc10 = 1.21288
      pc11 = 0.0850441
      pc12 = 0.21252
      pc13 = 0.0639172
      pc14 = -0.0193124
Constrained:
   Tgbecnw = 105066
     Tecnw = 22406.2
       Tnw = 21153.4
       Tec = 2889.12
     twoNb = 1.0624e+06
     twoNc = 251652
    twoNec = 137656
    twoNnw = 5960.58
  twoNecnw = 66891.7
  twoNbecnw = 9284.2
  twoNgbecnw = 330188
         m = 0.0845546
        m2 = 0.0102829
        m4 = 0.0139835
        Tb = 12647.6
        Ta = 43923.8
        Td = 1444.56
#       SitePat  BranchLen
              b 118639.8197180
              e 44851.0083726
              c 45580.8478328
              n 43552.3646960
              w 43552.3646960
            b:e 1256.8205510
            b:c 1414.9520940
            b:n 1038.1929094
            b:w 1038.1929094
            e:c 11702.2568033
            e:n 4458.2786016
            e:w 4458.2786016
            c:n 4355.8582752
            c:w 4355.8582752
            n:w 12110.4578488
          b:e:c 1260.5664118
          b:e:n 586.0548533
          b:e:w 586.0548533
          b:c:n 588.5777983
          b:c:w 588.5777983
          b:n:w 1259.3386373
          e:c:n 4312.4568724
          e:c:w 4312.4568724
          e:n:w 5393.3676978
          c:n:w 5110.4397878
        b:e:c:n 1133.3182748
        b:e:c:w 1133.3182748
        b:e:n:w 1950.7792864
        b:c:n:w 1545.5308609
        e:c:n:w 46625.0790637
