########################################
# legofit: estimate population history #
#       version 2.3.4-4-g53f8760       #
########################################

# Program was compiled: Sep 21 2021 14:36:42
# Program was run: Sun Oct 10 22:14:50 2021

# cmd: legofit -1 -d 0 -t 32 --ptsPerDim 3 --stateOut b1boot42.state --tol 3e-6 -S 5000 abd2.lgo ../../chrX/boot_chrX/boot42.opf
# Stage nOptItr nSimReps
#     0    5000        0
# algorithm          : deterministic
# ignoring probs <=  : 0
# Branch length floor: 0
# DE strategy        : 2
#    F               : 0.3
#    CR              : 0.8
#    tolerance       : 3e-06
# nthreads           : 32
# lgo input file     : abd2.lgo
# site pat input file: ../../chrX/boot_chrX/boot42.opf
# free parameters    : 14
# points in DE swarm : 42
# output state file  : b1boot42.state
# Including singleton site patterns.
# cost function      : KL
Initial parameter values
Fixed:
      zero = 0
       one = 1
    Tbecnw = 75200
Free:
       pc1 = 0
       pc2 = 0
       pc3 = 0
       pc4 = 0
       pc5 = 0
       pc6 = 0
       pc7 = 0
       pc8 = 0
       pc9 = 0
      pc10 = 0
      pc11 = 0
      pc12 = 0
      pc13 = 0
      pc14 = 0
Constrained:
   Tgbecnw = 137202
     Tecnw = 23733.4
       Tnw = 20024.8
       Tec = 3628.4
     twoNb = 775365
     twoNc = 89568.5
    twoNec = 137900
    twoNnw = 17774.6
  twoNecnw = 67087.1
  twoNbecnw = 15873.7
  twoNgbecnw = 340597
         m = 0.083604
        m2 = 0.0123632
        m4 = 0.0150567
        Tb = 13680.9
        Ta = 44440.5
        Td = 1814.2
DiffEv reached_goal. cost=2.35984e-03 spread=2.94626e-06
Fitted parameter values
Free:
       pc1 = -0.0649949
       pc2 = -0.811744
       pc3 = -1.50507
       pc4 = 1.89569
       pc5 = 1.69148
       pc6 = -1.74438
       pc7 = -0.762808
       pc8 = 0.956066
       pc9 = 0.451836
      pc10 = 0.4425
      pc11 = 0.119411
      pc12 = 0.0283579
      pc13 = 0.0560142
      pc14 = 0.0711311
Constrained:
   Tgbecnw = 103588
     Tecnw = 23087.4
       Tnw = 19277.5
       Tec = 1753.95
     twoNb = 876278
     twoNc = 87283.7
    twoNec = 153320
    twoNnw = 18516
  twoNecnw = 62749.4
  twoNbecnw = 8572.87
  twoNgbecnw = 378246
         m = 0.0722008
        m2 = 0.0101238
        m4 = 0.0175762
        Tb = 12420.7
        Ta = 43810.3
        Td = 876.974
#       SitePat  BranchLen
              b 117849.0339005
              e 44499.9621417
              c 45403.5379076
              n 43160.7979046
              w 43160.7979046
            b:e 1230.8539390
            b:c 1441.8123812
            b:n 1014.7381997
            b:w 1014.7381997
            e:c 11379.2314141
            e:n 4392.3210983
            e:w 4392.3210983
            c:n 4264.2454605
            c:w 4264.2454605
            n:w 11889.6593804
          b:e:c 1222.7216334
          b:e:n 575.3556846
          b:e:w 575.3556846
          b:c:n 579.2136576
          b:c:w 579.2136576
          b:n:w 1218.1168652
          e:c:n 4269.0197832
          e:c:w 4269.0197832
          e:n:w 5405.5845580
          c:n:w 5042.2507755
        b:e:c:n 1106.8162288
        b:e:c:w 1106.8162288
        b:e:n:w 2010.0249141
        b:c:n:w 1507.2597317
        e:c:n:w 46596.6668490
