########################################
# legofit: estimate population history #
#       version 2.3.4-4-g53f8760       #
########################################

# Program was compiled: Sep 21 2021 14:36:42
# Program was run: Sun Oct 10 22:08:16 2021

# cmd: legofit -1 -d 0 -t 32 --ptsPerDim 3 --stateOut b1boot20.state --tol 3e-6 -S 5000 abd2.lgo ../../chrX/boot_chrX/boot20.opf
# Stage nOptItr nSimReps
#     0    5000        0
# algorithm          : deterministic
# ignoring probs <=  : 0
# Branch length floor: 0
# DE strategy        : 2
#    F               : 0.3
#    CR              : 0.8
#    tolerance       : 3e-06
# nthreads           : 32
# lgo input file     : abd2.lgo
# site pat input file: ../../chrX/boot_chrX/boot20.opf
# free parameters    : 14
# points in DE swarm : 42
# output state file  : b1boot20.state
# Including singleton site patterns.
# cost function      : KL
Initial parameter values
Fixed:
      zero = 0
       one = 1
    Tbecnw = 75200
Free:
       pc1 = 0
       pc2 = 0
       pc3 = 0
       pc4 = 0
       pc5 = 0
       pc6 = 0
       pc7 = 0
       pc8 = 0
       pc9 = 0
      pc10 = 0
      pc11 = 0
      pc12 = 0
      pc13 = 0
      pc14 = 0
Constrained:
   Tgbecnw = 137202
     Tecnw = 23733.4
       Tnw = 20024.8
       Tec = 3628.4
     twoNb = 775365
     twoNc = 89568.5
    twoNec = 137900
    twoNnw = 17774.6
  twoNecnw = 67087.1
  twoNbecnw = 15873.7
  twoNgbecnw = 340597
         m = 0.083604
        m2 = 0.0123632
        m4 = 0.0150567
        Tb = 13680.9
        Ta = 44440.5
        Td = 1814.2
DiffEv reached_goal. cost=2.31639e-03 spread=2.89137e-06
Fitted parameter values
Free:
       pc1 = -2.34538
       pc2 = -2.92313
       pc3 = -1.13445
       pc4 = 0.56628
       pc5 = 1.30489
       pc6 = -0.295813
       pc7 = -1.14589
       pc8 = -0.415958
       pc9 = 0.0959591
      pc10 = 0.17431
      pc11 = 0.623092
      pc12 = 0.00206833
      pc13 = 0.0206043
      pc14 = 0.0951383
Constrained:
   Tgbecnw = 100952
     Tecnw = 22187.2
       Tnw = 18877.4
       Tec = 4833.16
     twoNb = 692996
     twoNc = 189114
    twoNec = 118013
    twoNnw = 15726.3
  twoNecnw = 64654.7
  twoNbecnw = 7360.75
  twoNgbecnw = 457723
         m = 0.0601914
        m2 = 0.0140993
        m4 = 0.0160585
        Tb = 13510.2
        Ta = 44355.1
        Td = 2416.58
#       SitePat  BranchLen
              b 116905.0587763
              e 44278.5526723
              c 45084.0724886
              n 42640.5230163
              w 42640.5230163
            b:e 1242.4258345
            b:c 1442.8340925
            b:n 991.4773941
            b:w 991.4773941
            e:c 11427.8936572
            e:n 4352.6431702
            e:w 4352.6431702
            c:n 4235.7118802
            c:w 4235.7118802
            n:w 12129.8461829
          b:e:c 1222.5385806
          b:e:n 559.2984185
          b:e:w 559.2984185
          b:c:n 563.4395786
          b:c:w 563.4395786
          b:n:w 1219.3491011
          e:c:n 4225.9733210
          e:c:w 4225.9733210
          e:n:w 5353.3616139
          c:n:w 5028.6614186
        b:e:c:n 1090.8735447
        b:e:c:w 1090.8735447
        b:e:n:w 2046.8383503
        b:c:n:w 1591.1906773
        e:c:n:w 46051.2257647
