########################################
# legofit: estimate population history #
#       version 2.3.4-4-g53f8760       #
########################################

# Program was compiled: Sep 21 2021 14:36:42
# Program was run: Sun Oct 10 22:09:58 2021

# cmd: legofit -1 -d 0 -t 32 --ptsPerDim 3 --stateOut b1boot26.state --tol 3e-6 -S 5000 abd2.lgo ../../chrX/boot_chrX/boot26.opf
# Stage nOptItr nSimReps
#     0    5000        0
# algorithm          : deterministic
# ignoring probs <=  : 0
# Branch length floor: 0
# DE strategy        : 2
#    F               : 0.3
#    CR              : 0.8
#    tolerance       : 3e-06
# nthreads           : 32
# lgo input file     : abd2.lgo
# site pat input file: ../../chrX/boot_chrX/boot26.opf
# free parameters    : 14
# points in DE swarm : 42
# output state file  : b1boot26.state
# Including singleton site patterns.
# cost function      : KL
Initial parameter values
Fixed:
      zero = 0
       one = 1
    Tbecnw = 75200
Free:
       pc1 = 0
       pc2 = 0
       pc3 = 0
       pc4 = 0
       pc5 = 0
       pc6 = 0
       pc7 = 0
       pc8 = 0
       pc9 = 0
      pc10 = 0
      pc11 = 0
      pc12 = 0
      pc13 = 0
      pc14 = 0
Constrained:
   Tgbecnw = 137202
     Tecnw = 23733.4
       Tnw = 20024.8
       Tec = 3628.4
     twoNb = 775365
     twoNc = 89568.5
    twoNec = 137900
    twoNnw = 17774.6
  twoNecnw = 67087.1
  twoNbecnw = 15873.7
  twoNgbecnw = 340597
         m = 0.083604
        m2 = 0.0123632
        m4 = 0.0150567
        Tb = 13680.9
        Ta = 44440.5
        Td = 1814.2
DiffEv reached_goal. cost=2.29844e-03 spread=2.62937e-06
Fitted parameter values
Free:
       pc1 = -1.33361
       pc2 = -1.50142
       pc3 = -1.42066
       pc4 = -1.08839
       pc5 = 0.847182
       pc6 = 0.711277
       pc7 = 0.0805585
       pc8 = 0.670861
       pc9 = 0.0512507
      pc10 = -0.114913
      pc11 = 0.0700486
      pc12 = 0.0393336
      pc13 = 0.0531534
      pc14 = 0.00858655
Constrained:
   Tgbecnw = 116371
     Tecnw = 23149
       Tnw = 20342.8
       Tec = 2166.07
     twoNb = 724747
     twoNc = 212890
    twoNec = 149106
    twoNnw = 13306.3
  twoNecnw = 65505.9
  twoNbecnw = 11808.7
  twoNgbecnw = 406679
         m = 0.0662817
        m2 = 0.0134284
        m4 = 0.0131451
        Tb = 12657.6
        Ta = 43928.8
        Td = 1083.03
#       SitePat  BranchLen
              b 119461.0888199
              e 45529.7145824
              c 46196.2720592
              n 43966.2434074
              w 43966.2434074
            b:e 1363.5097710
            b:c 1534.3235369
            b:n 1090.6604443
            b:w 1090.6604443
            e:c 11763.3818395
            e:n 4477.9581798
            e:w 4477.9581798
            c:n 4381.1140294
            c:w 4381.1140294
            n:w 12306.8760556
          b:e:c 1327.5556103
          b:e:n 615.8884496
          b:e:w 615.8884496
          b:c:n 618.9622070
          b:c:w 618.9622070
          b:n:w 1325.3313626
          e:c:n 4365.1681358
          e:c:w 4365.1681358
          e:n:w 5520.7152524
          c:n:w 5246.5283555
        b:e:c:n 1183.5878628
        b:e:c:w 1183.5878628
        b:e:n:w 2066.6922408
        b:c:n:w 1691.0486274
        e:c:n:w 46930.9734487
