########################################
# legofit: estimate population history #
#       version 2.3.4-4-g53f8760       #
########################################

# Program was compiled: Sep 21 2021 14:36:42
# Program was run: Sun Oct 10 22:12:52 2021

# cmd: legofit -1 -d 0 -t 32 --ptsPerDim 3 --stateOut b1boot36.state --tol 3e-6 -S 5000 abd2.lgo ../../chrX/boot_chrX/boot36.opf
# Stage nOptItr nSimReps
#     0    5000        0
# algorithm          : deterministic
# ignoring probs <=  : 0
# Branch length floor: 0
# DE strategy        : 2
#    F               : 0.3
#    CR              : 0.8
#    tolerance       : 3e-06
# nthreads           : 32
# lgo input file     : abd2.lgo
# site pat input file: ../../chrX/boot_chrX/boot36.opf
# free parameters    : 14
# points in DE swarm : 42
# output state file  : b1boot36.state
# Including singleton site patterns.
# cost function      : KL
Initial parameter values
Fixed:
      zero = 0
       one = 1
    Tbecnw = 75200
Free:
       pc1 = 0
       pc2 = 0
       pc3 = 0
       pc4 = 0
       pc5 = 0
       pc6 = 0
       pc7 = 0
       pc8 = 0
       pc9 = 0
      pc10 = 0
      pc11 = 0
      pc12 = 0
      pc13 = 0
      pc14 = 0
Constrained:
   Tgbecnw = 137202
     Tecnw = 23733.4
       Tnw = 20024.8
       Tec = 3628.4
     twoNb = 775365
     twoNc = 89568.5
    twoNec = 137900
    twoNnw = 17774.6
  twoNecnw = 67087.1
  twoNbecnw = 15873.7
  twoNgbecnw = 340597
         m = 0.083604
        m2 = 0.0123632
        m4 = 0.0150567
        Tb = 13680.9
        Ta = 44440.5
        Td = 1814.2
DiffEv reached_goal. cost=2.36817e-03 spread=2.47424e-06
Fitted parameter values
Free:
       pc1 = -1.38204
       pc2 = -0.869569
       pc3 = -1.64411
       pc4 = -1.05626
       pc5 = 1.13964
       pc6 = 0.35442
       pc7 = -0.821474
       pc8 = 1.23942
       pc9 = 0.276453
      pc10 = 0.0559433
      pc11 = 0.159378
      pc12 = -0.0278045
      pc13 = -0.0426299
      pc14 = -0.0280798
Constrained:
   Tgbecnw = 108734
     Tecnw = 23128
       Tnw = 20504.4
       Tec = 2465.48
     twoNb = 826384
     twoNc = 258885
    twoNec = 142884
    twoNnw = 12462.8
  twoNecnw = 64351.3
  twoNbecnw = 9937.34
  twoNgbecnw = 375946
         m = 0.0751598
        m2 = 0.0126859
        m4 = 0.0137132
        Tb = 12796.7
        Ta = 43998.4
        Td = 1232.74
#       SitePat  BranchLen
              b 119469.2245781
              e 44976.3994812
              c 45687.7036902
              n 43619.5595652
              w 43619.5595652
            b:e 1274.9695590
            b:c 1444.8766658
            b:n 1029.7826172
            b:w 1029.7826172
            e:c 11677.6136835
            e:n 4384.8007014
            e:w 4384.8007014
            c:n 4284.9570458
            c:w 4284.9570458
            n:w 12080.7993089
          b:e:c 1255.3657945
          b:e:n 578.7758479
          b:e:w 578.7758479
          b:c:n 581.6459327
          b:c:w 581.6459327
          b:n:w 1255.6627952
          e:c:n 4298.1776469
          e:c:w 4298.1776469
          e:n:w 5399.3995360
          c:n:w 5114.5139211
        b:e:c:n 1120.2151207
        b:e:c:w 1120.2151207
        b:e:n:w 2001.7753514
        b:c:n:w 1599.3967196
        e:c:n:w 47572.6485963
