########################################
# legofit: estimate population history #
#       version 2.3.4-4-g53f8760       #
########################################

# Program was compiled: Sep 21 2021 14:36:42
# Program was run: Sun Oct 10 22:05:54 2021

# cmd: legofit -1 -d 0 -t 32 --ptsPerDim 3 --stateOut b1boot13.state --tol 3e-6 -S 5000 abd2.lgo ../../chrX/boot_chrX/boot13.opf
# Stage nOptItr nSimReps
#     0    5000        0
# algorithm          : deterministic
# ignoring probs <=  : 0
# Branch length floor: 0
# DE strategy        : 2
#    F               : 0.3
#    CR              : 0.8
#    tolerance       : 3e-06
# nthreads           : 32
# lgo input file     : abd2.lgo
# site pat input file: ../../chrX/boot_chrX/boot13.opf
# free parameters    : 14
# points in DE swarm : 42
# output state file  : b1boot13.state
# Including singleton site patterns.
# cost function      : KL
Initial parameter values
Fixed:
      zero = 0
       one = 1
    Tbecnw = 75200
Free:
       pc1 = 0
       pc2 = 0
       pc3 = 0
       pc4 = 0
       pc5 = 0
       pc6 = 0
       pc7 = 0
       pc8 = 0
       pc9 = 0
      pc10 = 0
      pc11 = 0
      pc12 = 0
      pc13 = 0
      pc14 = 0
Constrained:
   Tgbecnw = 137202
     Tecnw = 23733.4
       Tnw = 20024.8
       Tec = 3628.4
     twoNb = 775365
     twoNc = 89568.5
    twoNec = 137900
    twoNnw = 17774.6
  twoNecnw = 67087.1
  twoNbecnw = 15873.7
  twoNgbecnw = 340597
         m = 0.083604
        m2 = 0.0123632
        m4 = 0.0150567
        Tb = 13680.9
        Ta = 44440.5
        Td = 1814.2
DiffEv reached_goal. cost=2.44138e-03 spread=2.96012e-06
Fitted parameter values
Free:
       pc1 = -1.27611
       pc2 = 0.116632
       pc3 = -1.34054
       pc4 = 0.576106
       pc5 = 0.855242
       pc6 = -0.852154
       pc7 = 0.128857
       pc8 = 0.975183
       pc9 = 0.738933
      pc10 = -0.110533
      pc11 = 0.0695989
      pc12 = -0.177011
      pc13 = -0.145526
      pc14 = -0.0234136
Constrained:
   Tgbecnw = 104988
     Tecnw = 23147.4
       Tnw = 20829.8
       Tec = 2171.39
     twoNb = 775440
     twoNc = 85635.2
    twoNec = 142870
    twoNnw = 10752.3
  twoNecnw = 64864
  twoNbecnw = 9090.59
  twoNgbecnw = 359506
         m = 0.0786981
        m2 = 0.0113708
        m4 = 0.0155684
        Tb = 12659.4
        Ta = 43929.7
        Td = 1085.69
#       SitePat  BranchLen
              b 119025.3437791
              e 44919.8732967
              c 45713.4533906
              n 43628.2547245
              w 43628.2547245
            b:e 1277.9912004
            b:c 1477.7174048
            b:n 1036.9721442
            b:w 1036.9721442
            e:c 11780.6255217
            e:n 4354.4398397
            e:w 4354.4398397
            c:n 4241.9890407
            c:w 4241.9890407
            n:w 12167.3046545
          b:e:c 1279.7832743
          b:e:n 581.9955404
          b:e:w 581.9955404
          b:c:n 585.4799170
          b:c:w 585.4799170
          b:n:w 1276.5256235
          e:c:n 4267.1990309
          e:c:w 4267.1990309
          e:n:w 5404.6982328
          c:n:w 5080.5269047
        b:e:c:n 1133.3676993
        b:e:c:w 1133.3676993
        b:e:n:w 2029.4246791
        b:c:n:w 1578.2224634
        e:c:n:w 47254.2387521
