########################################
# legofit: estimate population history #
#       version 2.3.4-4-g53f8760       #
########################################

# Program was compiled: Sep 21 2021 14:36:42
# Program was run: Sun Oct 10 22:06:29 2021

# cmd: legofit -1 -d 0 -t 32 --ptsPerDim 3 --stateOut b1boot15.state --tol 3e-6 -S 5000 abd2.lgo ../../chrX/boot_chrX/boot15.opf
# Stage nOptItr nSimReps
#     0    5000        0
# algorithm          : deterministic
# ignoring probs <=  : 0
# Branch length floor: 0
# DE strategy        : 2
#    F               : 0.3
#    CR              : 0.8
#    tolerance       : 3e-06
# nthreads           : 32
# lgo input file     : abd2.lgo
# site pat input file: ../../chrX/boot_chrX/boot15.opf
# free parameters    : 14
# points in DE swarm : 42
# output state file  : b1boot15.state
# Including singleton site patterns.
# cost function      : KL
Initial parameter values
Fixed:
      zero = 0
       one = 1
    Tbecnw = 75200
Free:
       pc1 = 0
       pc2 = 0
       pc3 = 0
       pc4 = 0
       pc5 = 0
       pc6 = 0
       pc7 = 0
       pc8 = 0
       pc9 = 0
      pc10 = 0
      pc11 = 0
      pc12 = 0
      pc13 = 0
      pc14 = 0
Constrained:
   Tgbecnw = 137202
     Tecnw = 23733.4
       Tnw = 20024.8
       Tec = 3628.4
     twoNb = 775365
     twoNc = 89568.5
    twoNec = 137900
    twoNnw = 17774.6
  twoNecnw = 67087.1
  twoNbecnw = 15873.7
  twoNgbecnw = 340597
         m = 0.083604
        m2 = 0.0123632
        m4 = 0.0150567
        Tb = 13680.9
        Ta = 44440.5
        Td = 1814.2
DiffEv reached_goal. cost=2.27942e-03 spread=2.30464e-06
Fitted parameter values
Free:
       pc1 = 2.3341
       pc2 = -2.72327
       pc3 = -1.36955
       pc4 = 1.37768
       pc5 = 1.20571
       pc6 = -0.826302
       pc7 = -1.86582
       pc8 = -0.483928
       pc9 = -0.276061
      pc10 = 0.458965
      pc11 = -0.110558
      pc12 = 0.0767633
      pc13 = 0.112352
      pc14 = 0.0959971
Constrained:
   Tgbecnw = 123804
     Tecnw = 24025
       Tnw = 17084.4
       Tec = 409.753
     twoNb = 917375
     twoNc = 143193
    twoNec = 167523
    twoNnw = 33648.2
  twoNecnw = 62178.4
  twoNbecnw = 14105.8
  twoNgbecnw = 382014
         m = 0.0662774
        m2 = 0.0124258
        m4 = 0.0173785
        Tb = 12217.4
        Ta = 43708.7
        Td = 204.876
#       SitePat  BranchLen
              b 119909.9074566
              e 45578.7072621
              c 46480.9399178
              n 43981.0787908
              w 43981.0787908
            b:e 1383.1565725
            b:c 1595.1300691
            b:n 1130.9602515
            b:w 1130.9602515
            e:c 11812.1113851
            e:n 4506.7594799
            e:w 4506.7594799
            c:n 4377.9619613
            c:w 4377.9619613
            n:w 12485.1098735
          b:e:c 1355.0768825
          b:e:n 635.8357543
          b:e:w 635.8357543
          b:c:n 639.3008823
          b:c:w 639.3008823
          b:n:w 1353.9240945
          e:c:n 4475.4415647
          e:c:w 4475.4415647
          e:n:w 5681.7599893
          c:n:w 5309.1262057
        b:e:c:n 1214.2352678
        b:e:c:w 1214.2352678
        b:e:n:w 2174.7698228
        b:c:n:w 1683.8621632
        e:c:n:w 47046.3654454
