########################################
# legofit: estimate population history #
#       version 2.3.4-4-g53f8760       #
########################################

# Program was compiled: Sep 21 2021 14:36:42
# Program was run: Sun Oct 10 22:04:14 2021

# cmd: legofit -1 -d 0 -t 32 --ptsPerDim 3 --stateOut b1boot6.state --tol 3e-6 -S 5000 abd2.lgo ../../chrX/boot_chrX/boot6.opf
# Stage nOptItr nSimReps
#     0    5000        0
# algorithm          : deterministic
# ignoring probs <=  : 0
# Branch length floor: 0
# DE strategy        : 2
#    F               : 0.3
#    CR              : 0.8
#    tolerance       : 3e-06
# nthreads           : 32
# lgo input file     : abd2.lgo
# site pat input file: ../../chrX/boot_chrX/boot6.opf
# free parameters    : 14
# points in DE swarm : 42
# output state file  : b1boot6.state
# Including singleton site patterns.
# cost function      : KL
Initial parameter values
Fixed:
      zero = 0
       one = 1
    Tbecnw = 75200
Free:
       pc1 = 0
       pc2 = 0
       pc3 = 0
       pc4 = 0
       pc5 = 0
       pc6 = 0
       pc7 = 0
       pc8 = 0
       pc9 = 0
      pc10 = 0
      pc11 = 0
      pc12 = 0
      pc13 = 0
      pc14 = 0
Constrained:
   Tgbecnw = 137202
     Tecnw = 23733.4
       Tnw = 20024.8
       Tec = 3628.4
     twoNb = 775365
     twoNc = 89568.5
    twoNec = 137900
    twoNnw = 17774.6
  twoNecnw = 67087.1
  twoNbecnw = 15873.7
  twoNgbecnw = 340597
         m = 0.083604
        m2 = 0.0123632
        m4 = 0.0150567
        Tb = 13680.9
        Ta = 44440.5
        Td = 1814.2
DiffEv reached_goal. cost=2.23727e-03 spread=2.77135e-06
Fitted parameter values
Free:
       pc1 = 2.32024
       pc2 = -2.22382
       pc3 = -1.59038
       pc4 = 1.68106
       pc5 = 0.568099
       pc6 = -1.182
       pc7 = -1.19732
       pc8 = 1.14701
       pc9 = 0.518819
      pc10 = -0.410907
      pc11 = -0.137226
      pc12 = 0.0133509
      pc13 = 0.0488532
      pc14 = -0.0254294
Constrained:
   Tgbecnw = 119814
     Tecnw = 24477.4
       Tnw = 18286.1
       Tec = 867.14
     twoNb = 733785
     twoNc = 71939.7
    twoNec = 168855
    twoNnw = 30863.4
  twoNecnw = 59657.9
  twoNbecnw = 12990.6
  twoNgbecnw = 367247
         m = 0.0717466
        m2 = 0.0112077
        m4 = 0.0163771
        Tb = 12672.3
        Ta = 43936.1
        Td = 433.57
#       SitePat  BranchLen
              b 120029.5280108
              e 45204.8009741
              c 46046.8053020
              n 43929.5066025
              w 43929.5066025
            b:e 1281.3057073
            b:c 1501.3743582
            b:n 1049.7758253
            b:w 1049.7758253
            e:c 11475.0124835
            e:n 4410.6450643
            e:w 4410.6450643
            c:n 4289.7920515
            c:w 4289.7920515
            n:w 11916.8706025
          b:e:c 1242.5614428
          b:e:n 589.6739704
          b:e:w 589.6739704
          b:c:n 593.1428237
          b:c:w 593.1428237
          b:n:w 1240.6177317
          e:c:n 4399.8507377
          e:c:w 4399.8507377
          e:n:w 5525.4294198
          c:n:w 5163.3872881
        b:e:c:n 1125.0872082
        b:e:c:w 1125.0872082
        b:e:n:w 2011.1073264
        b:c:n:w 1545.8447197
        e:c:n:w 47776.9677657
