########################################
# legofit: estimate population history #
#       version 2.3.4-4-g53f8760       #
########################################

# Program was compiled: Sep 21 2021 14:36:42
# Program was run: Sun Oct 10 22:04:00 2021

# cmd: legofit -1 -d 0 -t 32 --ptsPerDim 3 --stateOut b1boot5.state --tol 3e-6 -S 5000 abd2.lgo ../../chrX/boot_chrX/boot5.opf
# Stage nOptItr nSimReps
#     0    5000        0
# algorithm          : deterministic
# ignoring probs <=  : 0
# Branch length floor: 0
# DE strategy        : 2
#    F               : 0.3
#    CR              : 0.8
#    tolerance       : 3e-06
# nthreads           : 32
# lgo input file     : abd2.lgo
# site pat input file: ../../chrX/boot_chrX/boot5.opf
# free parameters    : 14
# points in DE swarm : 42
# output state file  : b1boot5.state
# Including singleton site patterns.
# cost function      : KL
Initial parameter values
Fixed:
      zero = 0
       one = 1
    Tbecnw = 75200
Free:
       pc1 = 0
       pc2 = 0
       pc3 = 0
       pc4 = 0
       pc5 = 0
       pc6 = 0
       pc7 = 0
       pc8 = 0
       pc9 = 0
      pc10 = 0
      pc11 = 0
      pc12 = 0
      pc13 = 0
      pc14 = 0
Constrained:
   Tgbecnw = 137202
     Tecnw = 23733.4
       Tnw = 20024.8
       Tec = 3628.4
     twoNb = 775365
     twoNc = 89568.5
    twoNec = 137900
    twoNnw = 17774.6
  twoNecnw = 67087.1
  twoNbecnw = 15873.7
  twoNgbecnw = 340597
         m = 0.083604
        m2 = 0.0123632
        m4 = 0.0150567
        Tb = 13680.9
        Ta = 44440.5
        Td = 1814.2
DiffEv reached_goal. cost=2.42227e-03 spread=2.95775e-06
Fitted parameter values
Free:
       pc1 = -2.35854
       pc2 = -2.61319
       pc3 = -0.876643
       pc4 = 0.311812
       pc5 = 0.49777
       pc6 = -0.782699
       pc7 = 0.0687083
       pc8 = -0.0589555
       pc9 = -0.312227
      pc10 = 0.356223
      pc11 = 0.364134
      pc12 = 0.0288334
      pc13 = -0.00936948
      pc14 = -0.00182615
Constrained:
   Tgbecnw = 107228
     Tecnw = 22327.6
       Tnw = 19357.4
       Tec = 5172.45
     twoNb = 788366
     twoNc = 94358.6
    twoNec = 111947
    twoNnw = 14402.1
  twoNecnw = 65537.6
  twoNbecnw = 8951.46
  twoNgbecnw = 460768
         m = 0.0562988
        m2 = 0.0134413
        m4 = 0.0146071
        Tb = 13750
        Ta = 44475
        Td = 2586.22
#       SitePat  BranchLen
              b 116142.1844219
              e 44420.4565543
              c 45149.3562979
              n 43159.1256471
              w 43159.1256471
            b:e 1238.3490985
            b:c 1406.6652234
            b:n 1019.2494712
            b:w 1019.2494712
            e:c 11704.9434906
            e:n 4380.8698748
            e:w 4380.8698748
            c:n 4273.6430143
            c:w 4273.6430143
            n:w 12137.2006661
          b:e:c 1242.1660074
          b:e:n 567.4366950
          b:e:w 567.4366950
          b:c:n 570.8784063
          b:c:w 570.8784063
          b:n:w 1242.1562501
          e:c:n 4314.3949131
          e:c:w 4314.3949131
          e:n:w 5300.3760499
          c:n:w 5013.2365458
        b:e:c:n 1114.6231913
        b:e:c:w 1114.6231913
        b:e:n:w 1970.2559755
        b:c:n:w 1567.7498662
        e:c:n:w 44722.7059260
