########################################
# legofit: estimate population history #
#       version 2.3.4-4-g53f8760       #
########################################

# Program was compiled: Sep 21 2021 14:36:42
# Program was run: Sun Oct 10 22:02:50 2021

# cmd: legofit -1 -d 0 -t 32 --ptsPerDim 3 --stateOut b1boot4.state --tol 3e-6 -S 5000 abd2.lgo ../../chrX/boot_chrX/boot4.opf
# Stage nOptItr nSimReps
#     0    5000        0
# algorithm          : deterministic
# ignoring probs <=  : 0
# Branch length floor: 0
# DE strategy        : 2
#    F               : 0.3
#    CR              : 0.8
#    tolerance       : 3e-06
# nthreads           : 32
# lgo input file     : abd2.lgo
# site pat input file: ../../chrX/boot_chrX/boot4.opf
# free parameters    : 14
# points in DE swarm : 42
# output state file  : b1boot4.state
# Including singleton site patterns.
# cost function      : KL
Initial parameter values
Fixed:
      zero = 0
       one = 1
    Tbecnw = 75200
Free:
       pc1 = 0
       pc2 = 0
       pc3 = 0
       pc4 = 0
       pc5 = 0
       pc6 = 0
       pc7 = 0
       pc8 = 0
       pc9 = 0
      pc10 = 0
      pc11 = 0
      pc12 = 0
      pc13 = 0
      pc14 = 0
Constrained:
   Tgbecnw = 137202
     Tecnw = 23733.4
       Tnw = 20024.8
       Tec = 3628.4
     twoNb = 775365
     twoNc = 89568.5
    twoNec = 137900
    twoNnw = 17774.6
  twoNecnw = 67087.1
  twoNbecnw = 15873.7
  twoNgbecnw = 340597
         m = 0.083604
        m2 = 0.0123632
        m4 = 0.0150567
        Tb = 13680.9
        Ta = 44440.5
        Td = 1814.2
DiffEv reached_goal. cost=2.46651e-03 spread=2.92341e-06
Fitted parameter values
Free:
       pc1 = -0.249686
       pc2 = 0.215179
       pc3 = -1.20987
       pc4 = 2.17657
       pc5 = 1.14525
       pc6 = -1.29385
       pc7 = 0.469718
       pc8 = 1.62163
       pc9 = 0.517103
      pc10 = 0.0497088
      pc11 = 0.0239467
      pc12 = 0.0637692
      pc13 = -0.0818358
      pc14 = 0.0168527
Constrained:
   Tgbecnw = 107123
     Tecnw = 23290.5
       Tnw = 20185.8
       Tec = 1323.51
     twoNb = 666820
     twoNc = 19659.2
    twoNec = 154583
    twoNnw = 14560.6
  twoNecnw = 64027
  twoNbecnw = 9727.49
  twoNgbecnw = 360719
         m = 0.0778988
        m2 = 0.00907098
        m4 = 0.0165044
        Tb = 12307
        Ta = 43753.5
        Td = 661.754
#       SitePat  BranchLen
              b 119457.4035789
              e 44863.6151432
              c 45696.4679262
              n 43586.8045899
              w 43586.8045899
            b:e 1279.9039800
            b:c 1509.9861543
            b:n 1050.4339080
            b:w 1050.4339080
            e:c 11700.5387855
            e:n 4396.4442941
            e:w 4396.4442941
            c:n 4275.9448367
            c:w 4275.9448367
            n:w 12140.3899154
          b:e:c 1283.5509912
          b:e:n 591.6807247
          b:e:w 591.6807247
          b:c:n 595.7332688
          b:c:w 595.7332688
          b:n:w 1276.2095329
          e:c:n 4305.2414962
          e:c:w 4305.2414962
          e:n:w 5464.8367027
          c:n:w 5109.6650969
        b:e:c:n 1144.6106961
        b:e:c:w 1144.6106961
        b:e:n:w 2005.2746340
        b:c:n:w 1530.4050160
        e:c:n:w 47633.9765643
