########################################
# legofit: estimate population history #
#       version 2.3.4-4-g53f8760       #
########################################

# Program was compiled: Sep 21 2021 14:36:42
# Program was run: Sun Oct 10 22:16:31 2021

# cmd: legofit -1 -d 0 -t 32 --ptsPerDim 3 --stateOut b1boot47.state --tol 3e-6 -S 5000 abd2.lgo ../../chrX/boot_chrX/boot47.opf
# Stage nOptItr nSimReps
#     0    5000        0
# algorithm          : deterministic
# ignoring probs <=  : 0
# Branch length floor: 0
# DE strategy        : 2
#    F               : 0.3
#    CR              : 0.8
#    tolerance       : 3e-06
# nthreads           : 32
# lgo input file     : abd2.lgo
# site pat input file: ../../chrX/boot_chrX/boot47.opf
# free parameters    : 14
# points in DE swarm : 42
# output state file  : b1boot47.state
# Including singleton site patterns.
# cost function      : KL
Initial parameter values
Fixed:
      zero = 0
       one = 1
    Tbecnw = 75200
Free:
       pc1 = 0
       pc2 = 0
       pc3 = 0
       pc4 = 0
       pc5 = 0
       pc6 = 0
       pc7 = 0
       pc8 = 0
       pc9 = 0
      pc10 = 0
      pc11 = 0
      pc12 = 0
      pc13 = 0
      pc14 = 0
Constrained:
   Tgbecnw = 137202
     Tecnw = 23733.4
       Tnw = 20024.8
       Tec = 3628.4
     twoNb = 775365
     twoNc = 89568.5
    twoNec = 137900
    twoNnw = 17774.6
  twoNecnw = 67087.1
  twoNbecnw = 15873.7
  twoNgbecnw = 340597
         m = 0.083604
        m2 = 0.0123632
        m4 = 0.0150567
        Tb = 13680.9
        Ta = 44440.5
        Td = 1814.2
DiffEv reached_goal. cost=2.33880e-03 spread=2.99524e-06
Fitted parameter values
Free:
       pc1 = 0.982524
       pc2 = -2.58871
       pc3 = -1.74078
       pc4 = 0.74865
       pc5 = 0.461648
       pc6 = -1.07745
       pc7 = -0.765451
       pc8 = 0.017147
       pc9 = -0.0280321
      pc10 = 0.0746744
      pc11 = 0.100243
      pc12 = -0.0981174
      pc13 = -0.0206697
      pc14 = -0.00999349
Constrained:
   Tgbecnw = 117410
     Tecnw = 23779
       Tnw = 18303.3
       Tec = 939.921
     twoNb = 898589
     twoNc = 80226.5
    twoNec = 156408
    twoNnw = 26694.3
  twoNecnw = 62241.9
  twoNbecnw = 11673.4
  twoNgbecnw = 406103
         m = 0.0657978
        m2 = 0.0128988
        m4 = 0.0155627
        Tb = 12359.5
        Ta = 43779.7
        Td = 469.961
#       SitePat  BranchLen
              b 118587.2708039
              e 44946.5784682
              c 45752.5796282
              n 43667.2925273
              w 43667.2925273
            b:e 1207.4944530
            b:c 1387.5389293
            b:n 985.0691432
            b:w 985.0691432
            e:c 11668.6781091
            e:n 4354.4986998
            e:w 4354.4986998
            c:n 4241.0172631
            c:w 4241.0172631
            n:w 12066.8223297
          b:e:c 1182.6150881
          b:e:n 550.0020067
          b:e:w 550.0020067
          b:c:n 552.8238732
          b:c:w 552.8238732
          b:n:w 1185.9273262
          e:c:n 4293.9581918
          e:c:w 4293.9581918
          e:n:w 5363.7467801
          c:n:w 5045.7250144
        b:e:c:n 1059.7751451
        b:e:c:w 1059.7751451
        b:e:n:w 1965.6275334
        b:c:n:w 1518.9227398
        e:c:n:w 46479.5288035
