########################################
# legofit: estimate population history #
#       version 2.3.4-4-g53f8760       #
########################################

# Program was compiled: Sep 21 2021 14:36:42
# Program was run: Sun Oct 10 22:05:40 2021

# cmd: legofit -1 -d 0 -t 32 --ptsPerDim 3 --stateOut b1boot11.state --tol 3e-6 -S 5000 abd2.lgo ../../chrX/boot_chrX/boot11.opf
# Stage nOptItr nSimReps
#     0    5000        0
# algorithm          : deterministic
# ignoring probs <=  : 0
# Branch length floor: 0
# DE strategy        : 2
#    F               : 0.3
#    CR              : 0.8
#    tolerance       : 3e-06
# nthreads           : 32
# lgo input file     : abd2.lgo
# site pat input file: ../../chrX/boot_chrX/boot11.opf
# free parameters    : 14
# points in DE swarm : 42
# output state file  : b1boot11.state
# Including singleton site patterns.
# cost function      : KL
Initial parameter values
Fixed:
      zero = 0
       one = 1
    Tbecnw = 75200
Free:
       pc1 = 0
       pc2 = 0
       pc3 = 0
       pc4 = 0
       pc5 = 0
       pc6 = 0
       pc7 = 0
       pc8 = 0
       pc9 = 0
      pc10 = 0
      pc11 = 0
      pc12 = 0
      pc13 = 0
      pc14 = 0
Constrained:
   Tgbecnw = 137202
     Tecnw = 23733.4
       Tnw = 20024.8
       Tec = 3628.4
     twoNb = 775365
     twoNc = 89568.5
    twoNec = 137900
    twoNnw = 17774.6
  twoNecnw = 67087.1
  twoNbecnw = 15873.7
  twoNgbecnw = 340597
         m = 0.083604
        m2 = 0.0123632
        m4 = 0.0150567
        Tb = 13680.9
        Ta = 44440.5
        Td = 1814.2
DiffEv reached_goal. cost=2.35077e-03 spread=2.52009e-06
Fitted parameter values
Free:
       pc1 = -1.35861
       pc2 = 1.33639
       pc3 = -0.962175
       pc4 = 0.0201538
       pc5 = 0.47639
       pc6 = 0.0361537
       pc7 = -1.78263
       pc8 = -0.0648157
       pc9 = -0.788088
      pc10 = 1.52757
      pc11 = 0.436224
      pc12 = 0.0519874
      pc13 = -0.0490584
      pc14 = 0.0393563
Constrained:
   Tgbecnw = 106757
     Tecnw = 22440.6
       Tnw = 19383.7
       Tec = 3721.96
     twoNb = 1.08161e+06
     twoNc = 209988
    twoNec = 122244
    twoNnw = 13977.1
  twoNecnw = 68713.3
  twoNbecnw = 10122.6
  twoNgbecnw = 289465
         m = 0.102073
        m2 = 0.0116446
        m4 = 0.0152524
        Tb = 13081.3
        Ta = 44140.7
        Td = 1860.98
#       SitePat  BranchLen
              b 120749.7701577
              e 45162.9755620
              c 45971.5660770
              n 43674.3162038
              w 43674.3162038
            b:e 1283.5674511
            b:c 1464.8783871
            b:n 1049.1467839
            b:w 1049.1467839
            e:c 12150.3460636
            e:n 4424.0207984
            e:w 4424.0207984
            c:n 4313.0204223
            c:w 4313.0204223
            n:w 12724.5024683
          b:e:c 1301.6868085
          b:e:n 583.0708603
          b:e:w 583.0708603
          b:c:n 585.3862169
          b:c:w 585.3862169
          b:n:w 1304.6583365
          e:c:n 4336.2729795
          e:c:w 4336.2729795
          e:n:w 5453.1841476
          c:n:w 5136.3626625
        b:e:c:n 1143.5343506
        b:e:c:w 1143.5343506
        b:e:n:w 2053.7919783
        b:c:n:w 1598.0819003
        e:c:n:w 48099.3617116
