########################################
# legofit: estimate population history #
#       version 2.3.4-4-g53f8760       #
########################################

# Program was compiled: Sep 21 2021 14:36:42
# Program was run: Sun Oct 10 22:05:46 2021

# cmd: legofit -1 -d 0 -t 32 --ptsPerDim 3 --stateOut b1boot12.state --tol 3e-6 -S 5000 abd2.lgo ../../chrX/boot_chrX/boot12.opf
# Stage nOptItr nSimReps
#     0    5000        0
# algorithm          : deterministic
# ignoring probs <=  : 0
# Branch length floor: 0
# DE strategy        : 2
#    F               : 0.3
#    CR              : 0.8
#    tolerance       : 3e-06
# nthreads           : 32
# lgo input file     : abd2.lgo
# site pat input file: ../../chrX/boot_chrX/boot12.opf
# free parameters    : 14
# points in DE swarm : 42
# output state file  : b1boot12.state
# Including singleton site patterns.
# cost function      : KL
Initial parameter values
Fixed:
      zero = 0
       one = 1
    Tbecnw = 75200
Free:
       pc1 = 0
       pc2 = 0
       pc3 = 0
       pc4 = 0
       pc5 = 0
       pc6 = 0
       pc7 = 0
       pc8 = 0
       pc9 = 0
      pc10 = 0
      pc11 = 0
      pc12 = 0
      pc13 = 0
      pc14 = 0
Constrained:
   Tgbecnw = 137202
     Tecnw = 23733.4
       Tnw = 20024.8
       Tec = 3628.4
     twoNb = 775365
     twoNc = 89568.5
    twoNec = 137900
    twoNnw = 17774.6
  twoNecnw = 67087.1
  twoNbecnw = 15873.7
  twoNgbecnw = 340597
         m = 0.083604
        m2 = 0.0123632
        m4 = 0.0150567
        Tb = 13680.9
        Ta = 44440.5
        Td = 1814.2
DiffEv reached_goal. cost=2.41896e-03 spread=2.26013e-06
Fitted parameter values
Free:
       pc1 = -1.05714
       pc2 = -1.40812
       pc3 = -1.76968
       pc4 = 0.113047
       pc5 = 0.451541
       pc6 = -1.28497
       pc7 = -0.681405
       pc8 = 0.802867
       pc9 = -0.584264
      pc10 = 0.881381
      pc11 = 0.262621
      pc12 = -0.160756
      pc13 = -0.0680083
      pc14 = -0.0513549
Constrained:
   Tgbecnw = 102197
     Tecnw = 22886.1
       Tnw = 19243.4
       Tec = 3064.46
     twoNb = 1.08251e+06
     twoNc = 119273
    twoNec = 128506
    twoNnw = 17669.7
  twoNecnw = 64241.6
  twoNbecnw = 8077.95
  twoNgbecnw = 397651
         m = 0.0713042
        m2 = 0.0118872
        m4 = 0.0142152
        Tb = 12975.3
        Ta = 44087.6
        Td = 1532.23
#       SitePat  BranchLen
              b 118556.1423187
              e 44338.2029919
              c 45088.6728596
              n 43321.8064520
              w 43321.8064520
            b:e 1238.2429560
            b:c 1394.3721442
            b:n 1036.8948714
            b:w 1036.8948714
            e:c 11835.5722749
            e:n 4334.1067000
            e:w 4334.1067000
            c:n 4231.1669455
            c:w 4231.1669455
            n:w 12051.3814246
          b:e:c 1260.5950100
          b:e:n 576.0277296
          b:e:w 576.0277296
          b:c:n 578.9402395
          b:c:w 578.9402395
          b:n:w 1263.1861690
          e:c:n 4318.3682280
          e:c:w 4318.3682280
          e:n:w 5268.0495364
          c:n:w 4983.9319897
        b:e:c:n 1134.6610522
        b:e:c:w 1134.6610522
        b:e:n:w 1990.8959998
        b:c:n:w 1568.4689109
        e:c:n:w 47267.0652272
