########################################
# legofit: estimate population history #
#       version 2.3.4-4-g53f8760       #
########################################

# Program was compiled: Sep 21 2021 14:36:42
# Program was run: Sun Oct 10 22:02:51 2021

# cmd: legofit -1 -d 0 -t 32 --ptsPerDim 3 --stateOut b1boot3.state --tol 3e-6 -S 5000 abd2.lgo ../../chrX/boot_chrX/boot3.opf
# Stage nOptItr nSimReps
#     0    5000        0
# algorithm          : deterministic
# ignoring probs <=  : 0
# Branch length floor: 0
# DE strategy        : 2
#    F               : 0.3
#    CR              : 0.8
#    tolerance       : 3e-06
# nthreads           : 32
# lgo input file     : abd2.lgo
# site pat input file: ../../chrX/boot_chrX/boot3.opf
# free parameters    : 14
# points in DE swarm : 42
# output state file  : b1boot3.state
# Including singleton site patterns.
# cost function      : KL
Initial parameter values
Fixed:
      zero = 0
       one = 1
    Tbecnw = 75200
Free:
       pc1 = 0
       pc2 = 0
       pc3 = 0
       pc4 = 0
       pc5 = 0
       pc6 = 0
       pc7 = 0
       pc8 = 0
       pc9 = 0
      pc10 = 0
      pc11 = 0
      pc12 = 0
      pc13 = 0
      pc14 = 0
Constrained:
   Tgbecnw = 137202
     Tecnw = 23733.4
       Tnw = 20024.8
       Tec = 3628.4
     twoNb = 775365
     twoNc = 89568.5
    twoNec = 137900
    twoNnw = 17774.6
  twoNecnw = 67087.1
  twoNbecnw = 15873.7
  twoNgbecnw = 340597
         m = 0.083604
        m2 = 0.0123632
        m4 = 0.0150567
        Tb = 13680.9
        Ta = 44440.5
        Td = 1814.2
DiffEv reached_goal. cost=2.40350e-03 spread=1.50743e-06
Fitted parameter values
Free:
       pc1 = -0.840395
       pc2 = -2.63828
       pc3 = -1.53246
       pc4 = 0.595985
       pc5 = 1.99846
       pc6 = -0.130113
       pc7 = -1.93836
       pc8 = 0.864948
       pc9 = 0.0202238
      pc10 = 0.204967
      pc11 = 0.306898
      pc12 = -0.201133
      pc13 = -0.052945
      pc14 = -0.0100217
Constrained:
   Tgbecnw = 101313
     Tecnw = 23057
       Tnw = 18727.3
       Tec = 2941.17
     twoNb = 731589
     twoNc = 275310
    twoNec = 134500
    twoNnw = 21183.6
  twoNecnw = 62558.9
  twoNbecnw = 7662.56
  twoNgbecnw = 424252
         m = 0.0631922
        m2 = 0.0123859
        m4 = 0.0160712
        Tb = 12999.1
        Ta = 44099.5
        Td = 1470.59
#       SitePat  BranchLen
              b 116644.6124047
              e 44227.6987277
              c 45028.6923488
              n 43064.5399429
              w 43064.5399429
            b:e 1226.5260614
            b:c 1426.9819034
            b:n 1006.3272855
            b:w 1006.3272855
            e:c 11530.5423191
            e:n 4314.5207346
            e:w 4314.5207346
            c:n 4197.9148444
            c:w 4197.9148444
            n:w 11898.2973388
          b:e:c 1221.9408449
          b:e:n 563.5814540
          b:e:w 563.5814540
          b:c:n 567.6440788
          b:c:w 567.6440788
          b:n:w 1218.8216129
          e:c:n 4262.2481818
          e:c:w 4262.2481818
          e:n:w 5288.9058892
          c:n:w 4960.9108188
        b:e:c:n 1102.4662782
        b:e:c:w 1102.4662782
        b:e:n:w 1983.4366500
        b:c:n:w 1535.0687284
        e:c:n:w 45772.7427116
