########################################
# legofit: estimate population history #
#       version 2.3.4-4-g53f8760       #
########################################

# Program was compiled: Sep 21 2021 14:36:42
# Program was run: Sun Oct 10 22:07:56 2021

# cmd: legofit -1 -d 0 -t 32 --ptsPerDim 3 --stateOut b1boot19.state --tol 3e-6 -S 5000 abd2.lgo ../../chrX/boot_chrX/boot19.opf
# Stage nOptItr nSimReps
#     0    5000        0
# algorithm          : deterministic
# ignoring probs <=  : 0
# Branch length floor: 0
# DE strategy        : 2
#    F               : 0.3
#    CR              : 0.8
#    tolerance       : 3e-06
# nthreads           : 32
# lgo input file     : abd2.lgo
# site pat input file: ../../chrX/boot_chrX/boot19.opf
# free parameters    : 14
# points in DE swarm : 42
# output state file  : b1boot19.state
# Including singleton site patterns.
# cost function      : KL
Initial parameter values
Fixed:
      zero = 0
       one = 1
    Tbecnw = 75200
Free:
       pc1 = 0
       pc2 = 0
       pc3 = 0
       pc4 = 0
       pc5 = 0
       pc6 = 0
       pc7 = 0
       pc8 = 0
       pc9 = 0
      pc10 = 0
      pc11 = 0
      pc12 = 0
      pc13 = 0
      pc14 = 0
Constrained:
   Tgbecnw = 137202
     Tecnw = 23733.4
       Tnw = 20024.8
       Tec = 3628.4
     twoNb = 775365
     twoNc = 89568.5
    twoNec = 137900
    twoNnw = 17774.6
  twoNecnw = 67087.1
  twoNbecnw = 15873.7
  twoNgbecnw = 340597
         m = 0.083604
        m2 = 0.0123632
        m4 = 0.0150567
        Tb = 13680.9
        Ta = 44440.5
        Td = 1814.2
DiffEv reached_goal. cost=2.40774e-03 spread=1.96949e-06
Fitted parameter values
Free:
       pc1 = 0.805199
       pc2 = -0.475073
       pc3 = -1.9961
       pc4 = -1.05129
       pc5 = 1.79488
       pc6 = -1.54047
       pc7 = -1.52703
       pc8 = 1.3422
       pc9 = -0.185145
      pc10 = 0.808807
      pc11 = -0.227521
      pc12 = -0.204258
      pc13 = -0.174539
      pc14 = 0.105772
Constrained:
   Tgbecnw = 112943
     Tecnw = 24055.8
       Tnw = 19727.5
       Tec = 366.186
     twoNb = 1.3773e+06
     twoNc = 241202
    twoNec = 158992
    twoNnw = 18869.6
  twoNecnw = 62454.3
  twoNbecnw = 11291.8
  twoNgbecnw = 352520
         m = 0.0757086
        m2 = 0.0110199
        m4 = 0.0153194
        Tb = 12211
        Ta = 43705.5
        Td = 183.093
#       SitePat  BranchLen
              b 119067.4660853
              e 45135.0403830
              c 45945.8804436
              n 43585.3348557
              w 43585.3348557
            b:e 1265.7976869
            b:c 1425.4699891
            b:n 1028.0665379
            b:w 1028.0665379
            e:c 12006.2297758
            e:n 4261.1293205
            e:w 4261.1293205
            c:n 4152.8187638
            c:w 4152.8187638
            n:w 12543.1185423
          b:e:c 1290.1557139
          b:e:n 571.6317912
          b:e:w 571.6317912
          b:c:n 573.9517244
          b:c:w 573.9517244
          b:n:w 1291.7037310
          e:c:n 4259.5869997
          e:c:w 4259.5869997
          e:n:w 5476.2485215
          c:n:w 5162.8810321
        b:e:c:n 1109.2932527
        b:e:c:w 1109.2932527
        b:e:n:w 2006.1535102
        b:c:n:w 1560.9897996
        e:c:n:w 46890.7149489
