########################################
# legofit: estimate population history #
#       version 2.3.4-4-g53f8760       #
########################################

# Program was compiled: Sep 21 2021 14:36:42
# Program was run: Sun Oct 10 22:15:04 2021

# cmd: legofit -1 -d 0 -t 32 --ptsPerDim 3 --stateOut b1boot43.state --tol 3e-6 -S 5000 abd2.lgo ../../chrX/boot_chrX/boot43.opf
# Stage nOptItr nSimReps
#     0    5000        0
# algorithm          : deterministic
# ignoring probs <=  : 0
# Branch length floor: 0
# DE strategy        : 2
#    F               : 0.3
#    CR              : 0.8
#    tolerance       : 3e-06
# nthreads           : 32
# lgo input file     : abd2.lgo
# site pat input file: ../../chrX/boot_chrX/boot43.opf
# free parameters    : 14
# points in DE swarm : 42
# output state file  : b1boot43.state
# Including singleton site patterns.
# cost function      : KL
Initial parameter values
Fixed:
      zero = 0
       one = 1
    Tbecnw = 75200
Free:
       pc1 = 0
       pc2 = 0
       pc3 = 0
       pc4 = 0
       pc5 = 0
       pc6 = 0
       pc7 = 0
       pc8 = 0
       pc9 = 0
      pc10 = 0
      pc11 = 0
      pc12 = 0
      pc13 = 0
      pc14 = 0
Constrained:
   Tgbecnw = 137202
     Tecnw = 23733.4
       Tnw = 20024.8
       Tec = 3628.4
     twoNb = 775365
     twoNc = 89568.5
    twoNec = 137900
    twoNnw = 17774.6
  twoNecnw = 67087.1
  twoNbecnw = 15873.7
  twoNgbecnw = 340597
         m = 0.083604
        m2 = 0.0123632
        m4 = 0.0150567
        Tb = 13680.9
        Ta = 44440.5
        Td = 1814.2
DiffEv reached_goal. cost=2.40193e-03 spread=2.56174e-06
Fitted parameter values
Free:
       pc1 = 0.366189
       pc2 = -1.26268
       pc3 = -1.98936
       pc4 = 0.0635788
       pc5 = 1.91373
       pc6 = -0.818205
       pc7 = -1.67425
       pc8 = 0.284473
       pc9 = 0.096229
      pc10 = 0.767307
      pc11 = 0.0257625
      pc12 = 0.0244093
      pc13 = -0.0239003
      pc14 = 0.155129
Constrained:
   Tgbecnw = 109683
     Tecnw = 23323.9
       Tnw = 18851.1
       Tec = 239.516
     twoNb = 1.0889e+06
     twoNc = 229987
    twoNec = 162523
    twoNnw = 20217.4
  twoNecnw = 63154.3
  twoNbecnw = 10306.3
  twoNgbecnw = 368095
         m = 0.0717397
        m2 = 0.012072
        m4 = 0.0164788
        Tb = 11781.7
        Ta = 43490.9
        Td = 119.758
#       SitePat  BranchLen
              b 118050.0775992
              e 44885.7643186
              c 45739.4225012
              n 43166.6238396
              w 43166.6238396
            b:e 1275.6865339
            b:c 1458.3310213
            b:n 1024.7797289
            b:w 1024.7797289
            e:c 11735.7348555
            e:n 4348.4859010
            e:w 4348.4859010
            c:n 4230.0969866
            c:w 4230.0969866
            n:w 12430.5321040
          b:e:c 1269.9398147
          b:e:n 577.8689181
          b:e:w 577.8689181
          b:c:n 580.9056108
          b:c:w 580.9056108
          b:n:w 1268.6704524
          e:c:n 4257.2240256
          e:c:w 4257.2240256
          e:n:w 5512.3969192
          c:n:w 5174.8513036
        b:e:c:n 1111.5700970
        b:e:c:w 1111.5700970
        b:e:n:w 2053.8671920
        b:c:n:w 1585.8145005
        e:c:n:w 46228.9484413
