########################################
# legofit: estimate population history #
#       version 2.3.4-4-g53f8760       #
########################################

# Program was compiled: Sep 21 2021 14:36:42
# Program was run: Sun Oct 10 22:16:45 2021

# cmd: legofit -1 -d 0 -t 32 --ptsPerDim 3 --stateOut b1boot49.state --tol 3e-6 -S 5000 abd2.lgo ../../chrX/boot_chrX/boot49.opf
# Stage nOptItr nSimReps
#     0    5000        0
# algorithm          : deterministic
# ignoring probs <=  : 0
# Branch length floor: 0
# DE strategy        : 2
#    F               : 0.3
#    CR              : 0.8
#    tolerance       : 3e-06
# nthreads           : 32
# lgo input file     : abd2.lgo
# site pat input file: ../../chrX/boot_chrX/boot49.opf
# free parameters    : 14
# points in DE swarm : 42
# output state file  : b1boot49.state
# Including singleton site patterns.
# cost function      : KL
Initial parameter values
Fixed:
      zero = 0
       one = 1
    Tbecnw = 75200
Free:
       pc1 = 0
       pc2 = 0
       pc3 = 0
       pc4 = 0
       pc5 = 0
       pc6 = 0
       pc7 = 0
       pc8 = 0
       pc9 = 0
      pc10 = 0
      pc11 = 0
      pc12 = 0
      pc13 = 0
      pc14 = 0
Constrained:
   Tgbecnw = 137202
     Tecnw = 23733.4
       Tnw = 20024.8
       Tec = 3628.4
     twoNb = 775365
     twoNc = 89568.5
    twoNec = 137900
    twoNnw = 17774.6
  twoNecnw = 67087.1
  twoNbecnw = 15873.7
  twoNgbecnw = 340597
         m = 0.083604
        m2 = 0.0123632
        m4 = 0.0150567
        Tb = 13680.9
        Ta = 44440.5
        Td = 1814.2
DiffEv reached_goal. cost=2.29505e-03 spread=2.15615e-06
Fitted parameter values
Free:
       pc1 = 0.280273
       pc2 = -1.02836
       pc3 = -1.55531
       pc4 = 0.288869
       pc5 = 1.3763
       pc6 = -1.58537
       pc7 = -1.04495
       pc8 = 0.85368
       pc9 = -0.275234
      pc10 = 0.821669
      pc11 = -0.00571935
      pc12 = 0.00733583
      pc13 = 0.217772
      pc14 = 0.0284405
Constrained:
   Tgbecnw = 111243
     Tecnw = 23349
       Tnw = 19205.9
       Tec = 2213.67
     twoNb = 1.15875e+06
     twoNc = 151013
    twoNec = 153426
    twoNnw = 20908.2
  twoNecnw = 63274.8
  twoNbecnw = 10770.1
  twoNgbecnw = 378683
         m = 0.0716102
        m2 = 0.0109779
        m4 = 0.0158988
        Tb = 12781.3
        Ta = 43990.7
        Td = 1106.84
#       SitePat  BranchLen
              b 119376.3760976
              e 45102.4004447
              c 45949.3241091
              n 43798.2691189
              w 43798.2691189
            b:e 1298.7722969
            b:c 1473.9586686
            b:n 1084.4825566
            b:w 1084.4825566
            e:c 11459.5065630
            e:n 4499.3627577
            e:w 4499.3627577
            c:n 4382.0070228
            c:w 4382.0070228
            n:w 11918.1717588
          b:e:c 1281.2030578
          b:e:n 614.5532800
          b:e:w 614.5532800
          b:c:n 617.5316075
          b:c:w 617.5316075
          b:n:w 1280.9781421
          e:c:n 4396.7331531
          e:c:w 4396.7331531
          e:n:w 5471.2024395
          c:n:w 5144.6156645
        b:e:c:n 1175.5091333
        b:e:c:w 1175.5091333
        b:e:n:w 2068.7533954
        b:c:n:w 1601.9848716
        e:c:n:w 47312.0249666
