########################################
# legofit: estimate population history #
#       version 2.3.4-4-g53f8760       #
########################################

# Program was compiled: Sep 21 2021 14:36:42
# Program was run: Sun Oct 10 22:04:29 2021

# cmd: legofit -1 -d 0 -t 32 --ptsPerDim 3 --stateOut b1boot7.state --tol 3e-6 -S 5000 abd2.lgo ../../chrX/boot_chrX/boot7.opf
# Stage nOptItr nSimReps
#     0    5000        0
# algorithm          : deterministic
# ignoring probs <=  : 0
# Branch length floor: 0
# DE strategy        : 2
#    F               : 0.3
#    CR              : 0.8
#    tolerance       : 3e-06
# nthreads           : 32
# lgo input file     : abd2.lgo
# site pat input file: ../../chrX/boot_chrX/boot7.opf
# free parameters    : 14
# points in DE swarm : 42
# output state file  : b1boot7.state
# Including singleton site patterns.
# cost function      : KL
Initial parameter values
Fixed:
      zero = 0
       one = 1
    Tbecnw = 75200
Free:
       pc1 = 0
       pc2 = 0
       pc3 = 0
       pc4 = 0
       pc5 = 0
       pc6 = 0
       pc7 = 0
       pc8 = 0
       pc9 = 0
      pc10 = 0
      pc11 = 0
      pc12 = 0
      pc13 = 0
      pc14 = 0
Constrained:
   Tgbecnw = 137202
     Tecnw = 23733.4
       Tnw = 20024.8
       Tec = 3628.4
     twoNb = 775365
     twoNc = 89568.5
    twoNec = 137900
    twoNnw = 17774.6
  twoNecnw = 67087.1
  twoNbecnw = 15873.7
  twoNgbecnw = 340597
         m = 0.083604
        m2 = 0.0123632
        m4 = 0.0150567
        Tb = 13680.9
        Ta = 44440.5
        Td = 1814.2
DiffEv reached_goal. cost=2.41613e-03 spread=2.88421e-06
Fitted parameter values
Free:
       pc1 = -0.908788
       pc2 = 0.0673518
       pc3 = -0.313742
       pc4 = 2.04442
       pc5 = 1.18948
       pc6 = -1.34813
       pc7 = -1.15353
       pc8 = -0.664265
       pc9 = -0.259053
      pc10 = 1.13107
      pc11 = 0.149077
      pc12 = -0.161387
      pc13 = -0.0143124
      pc14 = -0.0117208
Constrained:
   Tgbecnw = 106809
     Tecnw = 22562.1
       Tnw = 18849.8
       Tec = 3984.11
     twoNb = 933572
     twoNc = 77635
    twoNec = 120821
    twoNnw = 18488.8
  twoNecnw = 67436.8
  twoNbecnw = 9624.44
  twoNgbecnw = 346212
         m = 0.0806515
        m2 = 0.0110078
        m4 = 0.0184586
        Tb = 13273.1
        Ta = 44236.6
        Td = 1992.05
#       SitePat  BranchLen
              b 118702.9861458
              e 44853.4593784
              c 45808.1397975
              n 43854.1957241
              w 43854.1957241
            b:e 1255.5569716
            b:c 1470.9229077
            b:n 1062.1891197
            b:w 1062.1891197
            e:c 11932.8719396
            e:n 4469.4845696
            e:w 4469.4845696
            c:n 4333.1868052
            c:w 4333.1868052
            n:w 12246.7064375
          b:e:c 1276.9803692
          b:e:n 590.7294782
          b:e:w 590.7294782
          b:c:n 594.3343573
          b:c:w 594.3343573
          b:n:w 1277.4576599
          e:c:n 4375.7111776
          e:c:w 4375.7111776
          e:n:w 5361.3852024
          c:n:w 4991.0868124
        b:e:c:n 1160.7506256
        b:e:c:w 1160.7506256
        b:e:n:w 2090.7499730
        b:c:n:w 1556.3876649
        e:c:n:w 46482.6934933
