########################################
# legofit: estimate population history #
#       version 2.3.4-4-g53f8760       #
########################################

# Program was compiled: Sep 21 2021 14:36:42
# Program was run: Sun Oct 10 22:12:22 2021

# cmd: legofit -1 -d 0 -t 32 --ptsPerDim 3 --stateOut b1boot34.state --tol 3e-6 -S 5000 abd2.lgo ../../chrX/boot_chrX/boot34.opf
# Stage nOptItr nSimReps
#     0    5000        0
# algorithm          : deterministic
# ignoring probs <=  : 0
# Branch length floor: 0
# DE strategy        : 2
#    F               : 0.3
#    CR              : 0.8
#    tolerance       : 3e-06
# nthreads           : 32
# lgo input file     : abd2.lgo
# site pat input file: ../../chrX/boot_chrX/boot34.opf
# free parameters    : 14
# points in DE swarm : 42
# output state file  : b1boot34.state
# Including singleton site patterns.
# cost function      : KL
Initial parameter values
Fixed:
      zero = 0
       one = 1
    Tbecnw = 75200
Free:
       pc1 = 0
       pc2 = 0
       pc3 = 0
       pc4 = 0
       pc5 = 0
       pc6 = 0
       pc7 = 0
       pc8 = 0
       pc9 = 0
      pc10 = 0
      pc11 = 0
      pc12 = 0
      pc13 = 0
      pc14 = 0
Constrained:
   Tgbecnw = 137202
     Tecnw = 23733.4
       Tnw = 20024.8
       Tec = 3628.4
     twoNb = 775365
     twoNc = 89568.5
    twoNec = 137900
    twoNnw = 17774.6
  twoNecnw = 67087.1
  twoNbecnw = 15873.7
  twoNgbecnw = 340597
         m = 0.083604
        m2 = 0.0123632
        m4 = 0.0150567
        Tb = 13680.9
        Ta = 44440.5
        Td = 1814.2
DiffEv reached_goal. cost=2.20486e-03 spread=2.28638e-06
Fitted parameter values
Free:
       pc1 = -1.82902
       pc2 = -1.48096
       pc3 = -0.698884
       pc4 = -0.372285
       pc5 = 0.994558
       pc6 = -0.762131
       pc7 = -0.718965
       pc8 = 1.06052
       pc9 = 0.0189121
      pc10 = 0.13764
      pc11 = 0.27802
      pc12 = 0.0361516
      pc13 = -0.085086
      pc14 = -0.0467505
Constrained:
   Tgbecnw = 111085
     Tecnw = 22901.9
       Tnw = 20185.5
       Tec = 5412.45
     twoNb = 874276
     twoNc = 185595
    twoNec = 113252
    twoNnw = 13139.9
  twoNecnw = 64243.4
  twoNbecnw = 10098.9
  twoNgbecnw = 416737
         m = 0.0685769
        m2 = 0.0123071
        m4 = 0.0147481
        Tb = 14157.2
        Ta = 44678.6
        Td = 2706.23
#       SitePat  BranchLen
              b 119522.1535649
              e 44612.3233177
              c 45393.3554039
              n 43471.3485545
              w 43471.3485545
            b:e 1203.0263494
            b:c 1374.4977536
            b:n 996.1377151
            b:w 996.1377151
            e:c 11699.3977025
            e:n 4349.8020714
            e:w 4349.8020714
            c:n 4241.8355582
            c:w 4241.8355582
            n:w 12021.9382980
          b:e:c 1207.8595486
          b:e:n 550.9062076
          b:e:w 550.9062076
          b:c:n 553.7720560
          b:c:w 553.7720560
          b:n:w 1212.0944516
          e:c:n 4326.5053781
          e:c:w 4326.5053781
          e:n:w 5307.4438794
          c:n:w 5006.9560811
        b:e:c:n 1079.9834684
        b:e:c:w 1079.9834684
        b:e:n:w 1967.5358142
        b:c:n:w 1525.7213866
        e:c:n:w 47762.5070157
