########################################
# legofit: estimate population history #
#       version 2.3.4-4-g53f8760       #
########################################

# Program was compiled: Sep 21 2021 14:36:42
# Program was run: Sun Oct 10 22:09:17 2021

# cmd: legofit -1 -d 0 -t 32 --ptsPerDim 3 --stateOut b1boot23.state --tol 3e-6 -S 5000 abd2.lgo ../../chrX/boot_chrX/boot23.opf
# Stage nOptItr nSimReps
#     0    5000        0
# algorithm          : deterministic
# ignoring probs <=  : 0
# Branch length floor: 0
# DE strategy        : 2
#    F               : 0.3
#    CR              : 0.8
#    tolerance       : 3e-06
# nthreads           : 32
# lgo input file     : abd2.lgo
# site pat input file: ../../chrX/boot_chrX/boot23.opf
# free parameters    : 14
# points in DE swarm : 42
# output state file  : b1boot23.state
# Including singleton site patterns.
# cost function      : KL
Initial parameter values
Fixed:
      zero = 0
       one = 1
    Tbecnw = 75200
Free:
       pc1 = 0
       pc2 = 0
       pc3 = 0
       pc4 = 0
       pc5 = 0
       pc6 = 0
       pc7 = 0
       pc8 = 0
       pc9 = 0
      pc10 = 0
      pc11 = 0
      pc12 = 0
      pc13 = 0
      pc14 = 0
Constrained:
   Tgbecnw = 137202
     Tecnw = 23733.4
       Tnw = 20024.8
       Tec = 3628.4
     twoNb = 775365
     twoNc = 89568.5
    twoNec = 137900
    twoNnw = 17774.6
  twoNecnw = 67087.1
  twoNbecnw = 15873.7
  twoNgbecnw = 340597
         m = 0.083604
        m2 = 0.0123632
        m4 = 0.0150567
        Tb = 13680.9
        Ta = 44440.5
        Td = 1814.2
DiffEv reached_goal. cost=2.32520e-03 spread=2.87413e-06
Fitted parameter values
Free:
       pc1 = -0.996167
       pc2 = -0.444535
       pc3 = -1.61583
       pc4 = 0.734483
       pc5 = 1.61179
       pc6 = -0.290645
       pc7 = 0.00690768
       pc8 = 1.02541
       pc9 = -0.659122
      pc10 = 0.955681
      pc11 = 0.136767
      pc12 = -0.0624437
      pc13 = 0.037614
      pc14 = 0.0117199
Constrained:
   Tgbecnw = 104871
     Tecnw = 22769.6
       Tnw = 19621.7
       Tec = 914.702
     twoNb = 865596
     twoNc = 162706
    twoNec = 151977
    twoNnw = 14980
  twoNecnw = 66440.7
  twoNbecnw = 8852.5
  twoNgbecnw = 390374
         m = 0.071036
        m2 = 0.0103522
        m4 = 0.0148783
        Tb = 11842.1
        Ta = 43521.1
        Td = 457.351
#       SitePat  BranchLen
              b 118237.4124824
              e 44836.5386381
              c 45595.9135022
              n 43593.9224809
              w 43593.9224809
            b:e 1279.0620413
            b:c 1457.3167559
            b:n 1057.3537181
            b:w 1057.3537181
            e:c 11838.1047583
            e:n 4421.2163272
            e:w 4421.2163272
            c:n 4312.9475751
            c:w 4312.9475751
            n:w 12225.1815539
          b:e:c 1289.3940958
          b:e:n 596.3176792
          b:e:w 596.3176792
          b:c:n 599.6745481
          b:c:w 599.6745481
          b:n:w 1285.4322813
          e:c:n 4287.1630832
          e:c:w 4287.1630832
          e:n:w 5358.0715904
          c:n:w 5060.0136514
        b:e:c:n 1159.1381202
        b:e:c:w 1159.1381202
        b:e:n:w 2002.1569299
        b:c:n:w 1572.4089860
        e:c:n:w 46417.1533468
