########################################
# legofit: estimate population history #
#       version 2.3.4-4-g53f8760       #
########################################

# Program was compiled: Sep 21 2021 14:36:42
# Program was run: Sun Oct 10 22:02:50 2021

# cmd: legofit -1 -d 0 -t 32 --ptsPerDim 3 --stateOut b1boot1.state --tol 3e-6 -S 5000 abd2.lgo ../../chrX/boot_chrX/boot1.opf
# Stage nOptItr nSimReps
#     0    5000        0
# algorithm          : deterministic
# ignoring probs <=  : 0
# Branch length floor: 0
# DE strategy        : 2
#    F               : 0.3
#    CR              : 0.8
#    tolerance       : 3e-06
# nthreads           : 32
# lgo input file     : abd2.lgo
# site pat input file: ../../chrX/boot_chrX/boot1.opf
# free parameters    : 14
# points in DE swarm : 42
# output state file  : b1boot1.state
# Including singleton site patterns.
# cost function      : KL
Initial parameter values
Fixed:
      zero = 0
       one = 1
    Tbecnw = 75200
Free:
       pc1 = 0
       pc2 = 0
       pc3 = 0
       pc4 = 0
       pc5 = 0
       pc6 = 0
       pc7 = 0
       pc8 = 0
       pc9 = 0
      pc10 = 0
      pc11 = 0
      pc12 = 0
      pc13 = 0
      pc14 = 0
Constrained:
   Tgbecnw = 137202
     Tecnw = 23733.4
       Tnw = 20024.8
       Tec = 3628.4
     twoNb = 775365
     twoNc = 89568.5
    twoNec = 137900
    twoNnw = 17774.6
  twoNecnw = 67087.1
  twoNbecnw = 15873.7
  twoNgbecnw = 340597
         m = 0.083604
        m2 = 0.0123632
        m4 = 0.0150567
        Tb = 13680.9
        Ta = 44440.5
        Td = 1814.2
DiffEv reached_goal. cost=2.46059e-03 spread=2.47790e-06
Fitted parameter values
Free:
       pc1 = -0.688861
       pc2 = -1.24211
       pc3 = -0.698518
       pc4 = 0.426153
       pc5 = 0.73332
       pc6 = -1.14171
       pc7 = -0.981614
       pc8 = 0.819092
       pc9 = -0.681457
      pc10 = 0.797322
      pc11 = -0.0180662
      pc12 = -0.201073
      pc13 = -0.044833
      pc14 = 0.0711007
Constrained:
   Tgbecnw = 110732
     Tecnw = 23272.2
       Tnw = 19105
       Tec = 4884.23
     twoNb = 1.00722e+06
     twoNc = 140549
    twoNec = 119176
    twoNnw = 19344.3
  twoNecnw = 64924.3
  twoNbecnw = 10492
  twoNgbecnw = 386422
         m = 0.0699708
        m2 = 0.011299
        m4 = 0.0152263
        Tb = 14078.2
        Ta = 44639.1
        Td = 2442.11
#       SitePat  BranchLen
              b 118805.7286610
              e 45094.5692790
              c 45887.1361625
              n 43689.7272031
              w 43689.7272031
            b:e 1289.8655806
            b:c 1460.5101980
            b:n 1072.9814561
            b:w 1072.9814561
            e:c 11911.8461769
            e:n 4358.5285154
            e:w 4358.5285154
            c:n 4248.3090728
            c:w 4248.3090728
            n:w 12466.6322772
          b:e:c 1321.4651503
          b:e:n 594.0045401
          b:e:w 594.0045401
          b:c:n 596.9883671
          b:c:w 596.9883671
          b:n:w 1322.1596908
          e:c:n 4354.2409539
          e:c:w 4354.2409539
          e:n:w 5405.7991145
          c:n:w 5098.0635590
        b:e:c:n 1166.4230244
        b:e:c:w 1166.4230244
        b:e:n:w 2037.0864344
        b:c:n:w 1596.0816495
        e:c:n:w 46686.6664556
