########################################
# legofit: estimate population history #
#       version 2.3.4-4-g53f8760       #
########################################

# Program was compiled: Sep 21 2021 14:36:42
# Program was run: Sun Oct 10 22:16:31 2021

# cmd: legofit -1 -d 0 -t 32 --ptsPerDim 3 --stateOut b1boot48.state --tol 3e-6 -S 5000 abd2.lgo ../../chrX/boot_chrX/boot48.opf
# Stage nOptItr nSimReps
#     0    5000        0
# algorithm          : deterministic
# ignoring probs <=  : 0
# Branch length floor: 0
# DE strategy        : 2
#    F               : 0.3
#    CR              : 0.8
#    tolerance       : 3e-06
# nthreads           : 32
# lgo input file     : abd2.lgo
# site pat input file: ../../chrX/boot_chrX/boot48.opf
# free parameters    : 14
# points in DE swarm : 42
# output state file  : b1boot48.state
# Including singleton site patterns.
# cost function      : KL
Initial parameter values
Fixed:
      zero = 0
       one = 1
    Tbecnw = 75200
Free:
       pc1 = 0
       pc2 = 0
       pc3 = 0
       pc4 = 0
       pc5 = 0
       pc6 = 0
       pc7 = 0
       pc8 = 0
       pc9 = 0
      pc10 = 0
      pc11 = 0
      pc12 = 0
      pc13 = 0
      pc14 = 0
Constrained:
   Tgbecnw = 137202
     Tecnw = 23733.4
       Tnw = 20024.8
       Tec = 3628.4
     twoNb = 775365
     twoNc = 89568.5
    twoNec = 137900
    twoNnw = 17774.6
  twoNecnw = 67087.1
  twoNbecnw = 15873.7
  twoNgbecnw = 340597
         m = 0.083604
        m2 = 0.0123632
        m4 = 0.0150567
        Tb = 13680.9
        Ta = 44440.5
        Td = 1814.2
DiffEv reached_goal. cost=2.25856e-03 spread=2.88625e-06
Fitted parameter values
Free:
       pc1 = 0.186006
       pc2 = -3.47574
       pc3 = -1.71101
       pc4 = 1.12124
       pc5 = 0.910308
       pc6 = -1.45787
       pc7 = -0.942507
       pc8 = 0.0476368
       pc9 = 0.168495
      pc10 = -0.280062
      pc11 = 0.282543
      pc12 = -0.282861
      pc13 = 0.0304355
      pc14 = 0.0153551
Constrained:
   Tgbecnw = 106720
     Tecnw = 23543.6
       Tnw = 18308.1
       Tec = 2391.48
     twoNb = 819579
     twoNc = 86669.8
    twoNec = 145913
    twoNnw = 25935.2
  twoNecnw = 61279
  twoNbecnw = 9055.69
  twoNgbecnw = 454112
         m = 0.0579133
        m2 = 0.0132178
        m4 = 0.0163418
        Tb = 12967.5
        Ta = 44083.8
        Td = 1195.74
#       SitePat  BranchLen
              b 117390.0748982
              e 44628.6580369
              c 45458.1454561
              n 43312.4195250
              w 43312.4195250
            b:e 1277.6963136
            b:c 1474.4941562
            b:n 1045.0329988
            b:w 1045.0329988
            e:c 11434.8084997
            e:n 4355.1236934
            e:w 4355.1236934
            c:n 4236.2977713
            c:w 4236.2977713
            n:w 11894.4874926
          b:e:c 1257.3512489
          b:e:n 588.3466357
          b:e:w 588.3466357
          b:c:n 592.3587963
          b:c:w 592.3587963
          b:n:w 1255.1038462
          e:c:n 4308.0247056
          e:c:w 4308.0247056
          e:n:w 5383.5495065
          c:n:w 5047.6990474
        b:e:c:n 1139.0741644
        b:e:c:w 1139.0741644
        b:e:n:w 2066.4911955
        b:c:n:w 1605.6838645
        e:c:n:w 46226.8276040
