########################################
# legofit: estimate population history #
#       version 2.3.4-4-g53f8760       #
########################################

# Program was compiled: Sep 21 2021 14:36:42
# Program was run: Sun Oct 10 22:14:11 2021

# cmd: legofit -1 -d 0 -t 32 --ptsPerDim 3 --stateOut b1boot40.state --tol 3e-6 -S 5000 abd2.lgo ../../chrX/boot_chrX/boot40.opf
# Stage nOptItr nSimReps
#     0    5000        0
# algorithm          : deterministic
# ignoring probs <=  : 0
# Branch length floor: 0
# DE strategy        : 2
#    F               : 0.3
#    CR              : 0.8
#    tolerance       : 3e-06
# nthreads           : 32
# lgo input file     : abd2.lgo
# site pat input file: ../../chrX/boot_chrX/boot40.opf
# free parameters    : 14
# points in DE swarm : 42
# output state file  : b1boot40.state
# Including singleton site patterns.
# cost function      : KL
Initial parameter values
Fixed:
      zero = 0
       one = 1
    Tbecnw = 75200
Free:
       pc1 = 0
       pc2 = 0
       pc3 = 0
       pc4 = 0
       pc5 = 0
       pc6 = 0
       pc7 = 0
       pc8 = 0
       pc9 = 0
      pc10 = 0
      pc11 = 0
      pc12 = 0
      pc13 = 0
      pc14 = 0
Constrained:
   Tgbecnw = 137202
     Tecnw = 23733.4
       Tnw = 20024.8
       Tec = 3628.4
     twoNb = 775365
     twoNc = 89568.5
    twoNec = 137900
    twoNnw = 17774.6
  twoNecnw = 67087.1
  twoNbecnw = 15873.7
  twoNgbecnw = 340597
         m = 0.083604
        m2 = 0.0123632
        m4 = 0.0150567
        Tb = 13680.9
        Ta = 44440.5
        Td = 1814.2
DiffEv reached_goal. cost=2.24364e-03 spread=2.98986e-06
Fitted parameter values
Free:
       pc1 = -0.15127
       pc2 = -0.18596
       pc3 = -1.90384
       pc4 = 0.419315
       pc5 = 0.316712
       pc6 = -0.464181
       pc7 = -0.902481
       pc8 = 1.95804
       pc9 = 0.355914
      pc10 = 0.243406
      pc11 = 0.0379744
      pc12 = 0.0405189
      pc13 = -0.0171613
      pc14 = 0.109587
Constrained:
   Tgbecnw = 105239
     Tecnw = 23498.4
       Tnw = 19878.7
       Tec = 2305.53
     twoNb = 822814
     twoNc = 143338
    twoNec = 152009
    twoNnw = 16379.5
  twoNecnw = 62653.1
  twoNbecnw = 9534.05
  twoNgbecnw = 322800
         m = 0.0853328
        m2 = 0.0107635
        m4 = 0.0140869
        Tb = 12902
        Ta = 44051
        Td = 1152.77
#       SitePat  BranchLen
              b 118961.5753751
              e 45007.6562577
              c 45726.9437392
              n 43273.4341851
              w 43273.4341851
            b:e 1285.5117629
            b:c 1466.4157792
            b:n 1028.6529337
            b:w 1028.6529337
            e:c 11517.7050304
            e:n 4333.6645735
            e:w 4333.6645735
            c:n 4232.4291998
            c:w 4232.4291998
            n:w 12241.5738128
          b:e:c 1273.0858394
          b:e:n 581.6118190
          b:e:w 581.6118190
          b:c:n 584.5507980
          b:c:w 584.5507980
          b:n:w 1268.6895471
          e:c:n 4257.3849732
          e:c:w 4257.3849732
          e:n:w 5485.6315642
          c:n:w 5182.7000447
        b:e:c:n 1118.1837241
        b:e:c:w 1118.1837241
        b:e:n:w 1963.4408212
        b:c:n:w 1562.7735362
        e:c:n:w 47292.7699202
