########################################
# legofit: estimate population history #
#       version 2.3.4-4-g53f8760       #
########################################

# Program was compiled: Sep 21 2021 14:36:42
# Program was run: Sun Oct 10 22:15:10 2021

# cmd: legofit -1 -d 0 -t 32 --ptsPerDim 3 --stateOut b1boot44.state --tol 3e-6 -S 5000 abd2.lgo ../../chrX/boot_chrX/boot44.opf
# Stage nOptItr nSimReps
#     0    5000        0
# algorithm          : deterministic
# ignoring probs <=  : 0
# Branch length floor: 0
# DE strategy        : 2
#    F               : 0.3
#    CR              : 0.8
#    tolerance       : 3e-06
# nthreads           : 32
# lgo input file     : abd2.lgo
# site pat input file: ../../chrX/boot_chrX/boot44.opf
# free parameters    : 14
# points in DE swarm : 42
# output state file  : b1boot44.state
# Including singleton site patterns.
# cost function      : KL
Initial parameter values
Fixed:
      zero = 0
       one = 1
    Tbecnw = 75200
Free:
       pc1 = 0
       pc2 = 0
       pc3 = 0
       pc4 = 0
       pc5 = 0
       pc6 = 0
       pc7 = 0
       pc8 = 0
       pc9 = 0
      pc10 = 0
      pc11 = 0
      pc12 = 0
      pc13 = 0
      pc14 = 0
Constrained:
   Tgbecnw = 137202
     Tecnw = 23733.4
       Tnw = 20024.8
       Tec = 3628.4
     twoNb = 775365
     twoNc = 89568.5
    twoNec = 137900
    twoNnw = 17774.6
  twoNecnw = 67087.1
  twoNbecnw = 15873.7
  twoNgbecnw = 340597
         m = 0.083604
        m2 = 0.0123632
        m4 = 0.0150567
        Tb = 13680.9
        Ta = 44440.5
        Td = 1814.2
DiffEv reached_goal. cost=2.29777e-03 spread=2.63150e-06
Fitted parameter values
Free:
       pc1 = -0.323307
       pc2 = -0.363291
       pc3 = -1.90638
       pc4 = -0.868752
       pc5 = 0.184954
       pc6 = -1.98257
       pc7 = 0.880265
       pc8 = 0.72553
       pc9 = 0.250173
      pc10 = 0.347121
      pc11 = -0.085259
      pc12 = 0.14476
      pc13 = 0.0068824
      pc14 = 0.0120698
Constrained:
   Tgbecnw = 117427
     Tecnw = 23405
       Tnw = 20742
       Tec = 959.981
     twoNb = 1.23813e+06
     twoNc = 21612.9
    twoNec = 159021
    twoNnw = 12323.8
  twoNecnw = 63929.4
  twoNbecnw = 12183.1
  twoNgbecnw = 379872
         m = 0.0720413
        m2 = 0.012017
        m4 = 0.0138911
        Tb = 12182.5
        Ta = 43691.2
        Td = 479.99
#       SitePat  BranchLen
              b 120198.0365625
              e 45276.0972712
              c 46023.9466559
              n 43776.9663281
              w 43776.9663281
            b:e 1292.2278777
            b:c 1441.2581398
            b:n 1049.3238983
            b:w 1049.3238983
            e:c 11798.3233578
            e:n 4418.9117572
            e:w 4418.9117572
            c:n 4317.8446072
            c:w 4317.8446072
            n:w 12262.0432241
          b:e:c 1280.2222700
          b:e:n 589.9027780
          b:e:w 589.9027780
          b:c:n 592.0890671
          b:c:w 592.0890671
          b:n:w 1283.1466844
          e:c:n 4340.7693925
          e:c:w 4340.7693925
          e:n:w 5518.0723998
          c:n:w 5232.9074536
        b:e:c:n 1130.4358722
        b:e:c:w 1130.4358722
        b:e:n:w 2026.5224236
        b:c:n:w 1612.5693761
        e:c:n:w 47705.9814894
