########################################
# legofit: estimate population history #
#       version 2.3.4-4-g53f8760       #
########################################

# Program was compiled: Sep 21 2021 14:36:42
# Program was run: Sun Oct 10 22:07:49 2021

# cmd: legofit -1 -d 0 -t 32 --ptsPerDim 3 --stateOut b1boot18.state --tol 3e-6 -S 5000 abd2.lgo ../../chrX/boot_chrX/boot18.opf
# Stage nOptItr nSimReps
#     0    5000        0
# algorithm          : deterministic
# ignoring probs <=  : 0
# Branch length floor: 0
# DE strategy        : 2
#    F               : 0.3
#    CR              : 0.8
#    tolerance       : 3e-06
# nthreads           : 32
# lgo input file     : abd2.lgo
# site pat input file: ../../chrX/boot_chrX/boot18.opf
# free parameters    : 14
# points in DE swarm : 42
# output state file  : b1boot18.state
# Including singleton site patterns.
# cost function      : KL
Initial parameter values
Fixed:
      zero = 0
       one = 1
    Tbecnw = 75200
Free:
       pc1 = 0
       pc2 = 0
       pc3 = 0
       pc4 = 0
       pc5 = 0
       pc6 = 0
       pc7 = 0
       pc8 = 0
       pc9 = 0
      pc10 = 0
      pc11 = 0
      pc12 = 0
      pc13 = 0
      pc14 = 0
Constrained:
   Tgbecnw = 137202
     Tecnw = 23733.4
       Tnw = 20024.8
       Tec = 3628.4
     twoNb = 775365
     twoNc = 89568.5
    twoNec = 137900
    twoNnw = 17774.6
  twoNecnw = 67087.1
  twoNbecnw = 15873.7
  twoNgbecnw = 340597
         m = 0.083604
        m2 = 0.0123632
        m4 = 0.0150567
        Tb = 13680.9
        Ta = 44440.5
        Td = 1814.2
DiffEv reached_goal. cost=2.45751e-03 spread=2.34413e-06
Fitted parameter values
Free:
       pc1 = 0.0128909
       pc2 = -1.03106
       pc3 = -1.92918
       pc4 = 0.075757
       pc5 = 1.26434
       pc6 = -0.843603
       pc7 = -1.71553
       pc8 = 0.439218
       pc9 = 0.379997
      pc10 = 0.410456
      pc11 = 0.15655
      pc12 = -0.0905755
      pc13 = 0.144688
      pc14 = 0.0133215
Constrained:
   Tgbecnw = 106383
     Tecnw = 23279.4
       Tnw = 19285.5
       Tec = 1721.85
     twoNb = 1.02159e+06
     twoNc = 199269
    twoNec = 156184
    twoNnw = 20199.8
  twoNecnw = 62850.9
  twoNbecnw = 9528.46
  twoNgbecnw = 355211
         m = 0.0784214
        m2 = 0.0124118
        m4 = 0.0161002
        Tb = 12500.6
        Ta = 43850.3
        Td = 860.925
#       SitePat  BranchLen
              b 119067.8028991
              e 44892.4184043
              c 45740.3031980
              n 43587.1333382
              w 43587.1333382
            b:e 1264.2863441
            b:c 1451.0107791
            b:n 1037.0403053
            b:w 1037.0403053
            e:c 11365.8410273
            e:n 4449.1167755
            e:w 4449.1167755
            c:n 4330.9868028
            c:w 4330.9868028
            n:w 11791.5313768
          b:e:c 1229.6545787
          b:e:n 589.0664005
          b:e:w 589.0664005
          b:c:n 592.1773849
          b:c:w 592.1773849
          b:n:w 1230.1564679
          e:c:n 4324.0380481
          e:c:w 4324.0380481
          e:n:w 5418.5402081
          c:n:w 5084.9617949
        b:e:c:n 1127.5227737
        b:e:c:w 1127.5227737
        b:e:n:w 2058.9498900
        b:c:n:w 1587.9569573
        e:c:n:w 47372.2533580
