########################################
# legofit: estimate population history #
#       version 2.3.4-4-g53f8760       #
########################################

# Program was compiled: Sep 21 2021 14:36:42
# Program was run: Tue Oct 19 17:10:46 2021

# cmd: legofit -1 -d 0 -t 32 --ptsPerDim 3 --stateOut b1boot22.state --tol 3e-6 -S 5000 begh2.lgo ../../chrX/boot_chrX/boot22.opf
# Stage nOptItr nSimReps
#     0    5000        0
# algorithm          : deterministic
# ignoring probs <=  : 0
# Branch length floor: 0
# DE strategy        : 2
#    F               : 0.3
#    CR              : 0.8
#    tolerance       : 3e-06
# nthreads           : 32
# lgo input file     : begh2.lgo
# site pat input file: ../../chrX/boot_chrX/boot22.opf
# free parameters    : 14
# points in DE swarm : 42
# output state file  : b1boot22.state
# Including singleton site patterns.
# cost function      : KL
Initial parameter values
Fixed:
      zero = 0
       one = 1
    Tbecnw = 75200
Free:
       pc1 = 0
       pc2 = 0
       pc3 = 0
       pc4 = 0
       pc5 = 0
       pc6 = 0
       pc7 = 0
       pc8 = 0
       pc9 = 0
      pc10 = 0
      pc11 = 0
      pc12 = 0
      pc13 = 0
      pc14 = 0
Constrained:
     Tecnw = 44410.6
       Tnw = 3555.71
       Tec = 2636.18
     twoNb = 1.22332e+06
     twoNe = 120462
     twoNw = 1.05677e+06
    twoNec = 75742.2
    twoNnw = 126651
  twoNecnw = 23456.4
  twoNbecnw = 55270.7
        m2 = 0.0169023
        m5 = 0.136044
        m7 = 0.000178685
        m8 = 0.284009
        Th = 3095.94
        Tb = 23523.4
        Te = 1318.09
        Tg = 659.044
DiffEv reached_goal. cost=2.51401e-03 spread=2.88125e-06
Fitted parameter values
Free:
       pc1 = -3.97551
       pc2 = -1.58153
       pc3 = 1.88307
       pc4 = -1.4407
       pc5 = 1.56082
       pc6 = -1.63506
       pc7 = -0.509715
       pc8 = 1.36573
       pc9 = -0.562766
      pc10 = 0.124786
      pc11 = -0.548028
      pc12 = -0.946814
      pc13 = 0.155949
      pc14 = -0.108725
Constrained:
     Tecnw = 43522.6
       Tnw = 133.126
       Tec = 114.358
     twoNb = 2.17892e+06
     twoNe = 25738.7
     twoNw = 1.29447e+06
    twoNec = 80760.5
    twoNnw = 149178
  twoNecnw = 23423.7
  twoNbecnw = 54262
        m2 = 0.0335286
        m5 = 0.135668
        m7 = 6.16903e-05
        m8 = 0.26419
        Th = 123.742
        Tb = 21818.5
        Te = 57.1788
        Tg = 28.5894
#       SitePat  BranchLen
              b 121545.5264410
              e 45482.6890901
              c 47442.3190940
              n 44704.3915948
              w 44703.8244982
            b:e 1434.4361491
            b:c 1601.1593152
            b:n 1141.7117767
            b:w 1141.6916275
            e:c 12110.1956113
            e:n 4685.1283145
            e:w 4685.5850334
            c:n 4102.1437555
            c:w 4102.1565019
            n:w 12426.6371576
          b:e:c 1383.5458232
          b:e:n 605.8911172
          b:e:w 605.9045683
          b:c:n 606.0426227
          b:c:w 606.0291481
          b:n:w 1374.0050149
          e:c:n 4268.1597403
          e:c:w 4268.2573715
          e:n:w 6155.1706173
          c:n:w 5355.5774898
        b:e:c:n 1143.6416807
        b:e:c:w 1143.6618535
        b:e:n:w 1564.3891257
        b:c:n:w 1403.7660885
        e:c:n:w 47764.7462562
