########################################
# legofit: estimate population history #
#       version 2.3.4-4-g53f8760       #
########################################

# Program was compiled: Sep 21 2021 14:36:42
# Program was run: Tue Oct 19 17:10:53 2021

# cmd: legofit -1 -d 0 -t 32 --ptsPerDim 3 --stateOut b1boot29.state --tol 3e-6 -S 5000 begh2.lgo ../../chrX/boot_chrX/boot29.opf
# Stage nOptItr nSimReps
#     0    5000        0
# algorithm          : deterministic
# ignoring probs <=  : 0
# Branch length floor: 0
# DE strategy        : 2
#    F               : 0.3
#    CR              : 0.8
#    tolerance       : 3e-06
# nthreads           : 32
# lgo input file     : begh2.lgo
# site pat input file: ../../chrX/boot_chrX/boot29.opf
# free parameters    : 14
# points in DE swarm : 42
# output state file  : b1boot29.state
# Including singleton site patterns.
# cost function      : KL
Initial parameter values
Fixed:
      zero = 0
       one = 1
    Tbecnw = 75200
Free:
       pc1 = 0
       pc2 = 0
       pc3 = 0
       pc4 = 0
       pc5 = 0
       pc6 = 0
       pc7 = 0
       pc8 = 0
       pc9 = 0
      pc10 = 0
      pc11 = 0
      pc12 = 0
      pc13 = 0
      pc14 = 0
Constrained:
     Tecnw = 44410.6
       Tnw = 3555.71
       Tec = 2636.18
     twoNb = 1.22332e+06
     twoNe = 120462
     twoNw = 1.05677e+06
    twoNec = 75742.2
    twoNnw = 126651
  twoNecnw = 23456.4
  twoNbecnw = 55270.7
        m2 = 0.0169023
        m5 = 0.136044
        m7 = 0.000178685
        m8 = 0.284009
        Th = 3095.94
        Tb = 23523.4
        Te = 1318.09
        Tg = 659.044
DiffEv reached_goal. cost=2.61045e-03 spread=2.82330e-06
Fitted parameter values
Free:
       pc1 = -3.94961
       pc2 = -1.9692
       pc3 = 1.96298
       pc4 = -1.31665
       pc5 = 1.9736
       pc6 = -1.5443
       pc7 = -0.938187
       pc8 = 1.86216
       pc9 = -1.18762
      pc10 = -0.160427
      pc11 = -0.59388
      pc12 = -0.144693
      pc13 = -0.0766432
      pc14 = -0.188204
Constrained:
     Tecnw = 43006.6
       Tnw = 407.52
       Tec = 252.597
     twoNb = 2.35369e+06
     twoNe = 57415
     twoNw = 1.51871e+06
    twoNec = 79455.3
    twoNnw = 153336
  twoNecnw = 23171.7
  twoNbecnw = 53815.5
        m2 = 0.03274
        m5 = 0.135656
        m7 = 0.000121927
        m8 = 0.271293
        Th = 330.059
        Tb = 21629.6
        Te = 126.299
        Tg = 63.1494
#       SitePat  BranchLen
              b 121416.2443274
              e 45125.0195655
              c 46969.2384291
              n 44585.1056657
              w 44582.6243394
            b:e 1375.1467875
            b:c 1528.4970441
            b:n 1104.4995421
            b:w 1104.4133850
            e:c 11804.8151801
            e:n 4633.3620790
            e:w 4635.0521842
            c:n 4081.6144023
            c:w 4081.9732885
            n:w 11936.1698381
          b:e:c 1309.0873831
          b:e:n 587.8532856
          b:e:w 587.8925844
          b:c:n 588.0095574
          b:c:w 587.9701693
          b:n:w 1300.6770650
          e:c:n 4250.7329179
          e:c:w 4251.1652528
          e:n:w 5995.8816721
          c:n:w 5250.9580863
        b:e:c:n 1106.1145299
        b:e:c:w 1106.2007763
        b:e:n:w 1495.3983758
        b:c:n:w 1347.3455572
        e:c:n:w 48281.6277958
