########################################
# legofit: estimate population history #
#       version 2.3.4-4-g53f8760       #
########################################

# Program was compiled: Sep 21 2021 14:36:42
# Program was run: Tue Oct 19 17:10:40 2021

# cmd: legofit -1 -d 0 -t 32 --ptsPerDim 3 --stateOut b1boot17.state --tol 3e-6 -S 5000 begh2.lgo ../../chrX/boot_chrX/boot17.opf
# Stage nOptItr nSimReps
#     0    5000        0
# algorithm          : deterministic
# ignoring probs <=  : 0
# Branch length floor: 0
# DE strategy        : 2
#    F               : 0.3
#    CR              : 0.8
#    tolerance       : 3e-06
# nthreads           : 32
# lgo input file     : begh2.lgo
# site pat input file: ../../chrX/boot_chrX/boot17.opf
# free parameters    : 14
# points in DE swarm : 42
# output state file  : b1boot17.state
# Including singleton site patterns.
# cost function      : KL
Initial parameter values
Fixed:
      zero = 0
       one = 1
    Tbecnw = 75200
Free:
       pc1 = 0
       pc2 = 0
       pc3 = 0
       pc4 = 0
       pc5 = 0
       pc6 = 0
       pc7 = 0
       pc8 = 0
       pc9 = 0
      pc10 = 0
      pc11 = 0
      pc12 = 0
      pc13 = 0
      pc14 = 0
Constrained:
     Tecnw = 44410.6
       Tnw = 3555.71
       Tec = 2636.18
     twoNb = 1.22332e+06
     twoNe = 120462
     twoNw = 1.05677e+06
    twoNec = 75742.2
    twoNnw = 126651
  twoNecnw = 23456.4
  twoNbecnw = 55270.7
        m2 = 0.0169023
        m5 = 0.136044
        m7 = 0.000178685
        m8 = 0.284009
        Th = 3095.94
        Tb = 23523.4
        Te = 1318.09
        Tg = 659.044
DiffEv reached_goal. cost=2.62550e-03 spread=2.37186e-06
Fitted parameter values
Free:
       pc1 = -3.80172
       pc2 = -1.3588
       pc3 = 1.9411
       pc4 = -1.12431
       pc5 = 1.92974
       pc6 = -1.99657
       pc7 = -0.972168
       pc8 = 1.98908
       pc9 = -1.26099
      pc10 = -0.140211
      pc11 = -0.997868
      pc12 = -0.357722
      pc13 = 0.169464
      pc14 = -0.349892
Constrained:
     Tecnw = 43524.7
       Tnw = 177.137
       Tec = 1.81218
     twoNb = 2.43399e+06
     twoNe = 29839.7
     twoNw = 1.60963e+06
    twoNec = 77077.6
    twoNnw = 152235
  twoNecnw = 23041.6
  twoNbecnw = 54235.3
        m2 = 0.0318902
        m5 = 0.13449
        m7 = 0.000136634
        m8 = 0.269562
        Th = 89.4745
        Tb = 21763.3
        Te = 0.906089
        Tg = 0.453045
#       SitePat  BranchLen
              b 121720.8045064
              e 45080.8883528
              c 46958.1299967
              n 44755.8757470
              w 44753.8100803
            b:e 1382.3253951
            b:c 1537.9648484
            b:n 1127.1574301
            b:w 1127.0850563
            e:c 12241.8931693
            e:n 4631.1620309
            e:w 4632.3822113
            c:n 4068.6605453
            c:w 4069.1459987
            n:w 12204.7687388
          b:e:c 1354.8406791
          b:e:n 591.6643081
          b:e:w 591.6861916
          b:c:n 591.7961685
          b:c:w 591.7742150
          b:n:w 1346.5985601
          e:c:n 4271.1044318
          e:c:w 4271.4644646
          e:n:w 5989.8252835
          c:n:w 5233.1851811
        b:e:c:n 1128.7147944
        b:e:c:w 1128.7872382
        b:e:n:w 1506.9485117
        b:c:n:w 1356.2253313
        e:c:n:w 48280.6861717
