########################################
# legofit: estimate population history #
#       version 2.3.4-4-g53f8760       #
########################################

# Program was compiled: Sep 21 2021 14:36:42
# Program was run: Tue Oct 19 17:10:33 2021

# cmd: legofit -1 -d 0 -t 32 --ptsPerDim 3 --stateOut b1boot15.state --tol 3e-6 -S 5000 begh2.lgo ../../chrX/boot_chrX/boot15.opf
# Stage nOptItr nSimReps
#     0    5000        0
# algorithm          : deterministic
# ignoring probs <=  : 0
# Branch length floor: 0
# DE strategy        : 2
#    F               : 0.3
#    CR              : 0.8
#    tolerance       : 3e-06
# nthreads           : 32
# lgo input file     : begh2.lgo
# site pat input file: ../../chrX/boot_chrX/boot15.opf
# free parameters    : 14
# points in DE swarm : 42
# output state file  : b1boot15.state
# Including singleton site patterns.
# cost function      : KL
Initial parameter values
Fixed:
      zero = 0
       one = 1
    Tbecnw = 75200
Free:
       pc1 = 0
       pc2 = 0
       pc3 = 0
       pc4 = 0
       pc5 = 0
       pc6 = 0
       pc7 = 0
       pc8 = 0
       pc9 = 0
      pc10 = 0
      pc11 = 0
      pc12 = 0
      pc13 = 0
      pc14 = 0
Constrained:
     Tecnw = 44410.6
       Tnw = 3555.71
       Tec = 2636.18
     twoNb = 1.22332e+06
     twoNe = 120462
     twoNw = 1.05677e+06
    twoNec = 75742.2
    twoNnw = 126651
  twoNecnw = 23456.4
  twoNbecnw = 55270.7
        m2 = 0.0169023
        m5 = 0.136044
        m7 = 0.000178685
        m8 = 0.284009
        Th = 3095.94
        Tb = 23523.4
        Te = 1318.09
        Tg = 659.044
DiffEv reached_goal. cost=2.43344e-03 spread=2.90838e-06
Fitted parameter values
Free:
       pc1 = -3.94479
       pc2 = -1.74699
       pc3 = 1.93945
       pc4 = 0.645784
       pc5 = 1.86603
       pc6 = -1.89258
       pc7 = -0.471181
       pc8 = 1.48421
       pc9 = 1.50887
      pc10 = -0.248106
      pc11 = -0.494423
      pc12 = -0.895578
      pc13 = 0.160653
      pc14 = 0.114902
Constrained:
     Tecnw = 43256.3
       Tnw = 381.333
       Tec = 239.546
     twoNb = 2.05494e+06
     twoNe = 80446.5
     twoNw = 1.482e+06
    twoNec = 83238.6
    twoNnw = 150399
  twoNecnw = 24301.6
  twoNbecnw = 56185
        m2 = 0.0345854
        m5 = 0.12877
        m7 = 0.000287429
        m8 = 0.268315
        Th = 310.44
        Tb = 21747.9
        Te = 119.773
        Tg = 59.8865
#       SitePat  BranchLen
              b 122853.4270537
              e 46099.3861093
              c 47937.0092412
              n 45105.3886323
              w 45103.0775377
            b:e 1557.0190704
            b:c 1719.7577544
            b:n 1230.5689587
            b:w 1230.4806224
            e:c 12110.8832499
            e:n 4806.1760702
            e:w 4807.7392493
            c:n 4262.9177122
            c:w 4263.2513871
            n:w 12536.0511286
          b:e:c 1471.8635784
          b:e:n 659.6780625
          b:e:w 659.7178453
          b:c:n 659.8569435
          b:c:w 659.8170494
          b:n:w 1461.2871505
          e:c:n 4443.0496046
          e:c:w 4443.4638451
          e:n:w 6360.9386726
          c:n:w 5605.0714506
        b:e:c:n 1232.7994686
        b:e:c:w 1232.8879161
        b:e:n:w 1678.8453464
        b:c:n:w 1521.8188875
        e:c:n:w 48265.3776191
