########################################
# legofit: estimate population history #
#       version 2.3.4-4-g53f8760       #
########################################

# Program was compiled: Sep 21 2021 14:36:42
# Program was run: Tue Oct 19 17:10:40 2021

# cmd: legofit -1 -d 0 -t 32 --ptsPerDim 3 --stateOut b1boot18.state --tol 3e-6 -S 5000 begh2.lgo ../../chrX/boot_chrX/boot18.opf
# Stage nOptItr nSimReps
#     0    5000        0
# algorithm          : deterministic
# ignoring probs <=  : 0
# Branch length floor: 0
# DE strategy        : 2
#    F               : 0.3
#    CR              : 0.8
#    tolerance       : 3e-06
# nthreads           : 32
# lgo input file     : begh2.lgo
# site pat input file: ../../chrX/boot_chrX/boot18.opf
# free parameters    : 14
# points in DE swarm : 42
# output state file  : b1boot18.state
# Including singleton site patterns.
# cost function      : KL
Initial parameter values
Fixed:
      zero = 0
       one = 1
    Tbecnw = 75200
Free:
       pc1 = 0
       pc2 = 0
       pc3 = 0
       pc4 = 0
       pc5 = 0
       pc6 = 0
       pc7 = 0
       pc8 = 0
       pc9 = 0
      pc10 = 0
      pc11 = 0
      pc12 = 0
      pc13 = 0
      pc14 = 0
Constrained:
     Tecnw = 44410.6
       Tnw = 3555.71
       Tec = 2636.18
     twoNb = 1.22332e+06
     twoNe = 120462
     twoNw = 1.05677e+06
    twoNec = 75742.2
    twoNnw = 126651
  twoNecnw = 23456.4
  twoNbecnw = 55270.7
        m2 = 0.0169023
        m5 = 0.136044
        m7 = 0.000178685
        m8 = 0.284009
        Th = 3095.94
        Tb = 23523.4
        Te = 1318.09
        Tg = 659.044
DiffEv reached_goal. cost=2.65980e-03 spread=2.82559e-06
Fitted parameter values
Free:
       pc1 = -3.95211
       pc2 = -1.12347
       pc3 = 1.99927
       pc4 = -1.03463
       pc5 = 1.98192
       pc6 = -1.29151
       pc7 = -1.22449
       pc8 = 1.78022
       pc9 = 0.144987
      pc10 = -0.272599
      pc11 = -0.0151825
      pc12 = -0.208879
      pc13 = -0.0333499
      pc14 = 0.0867399
Constrained:
     Tecnw = 43033.9
       Tnw = 311.82
       Tec = 289.966
     twoNb = 2.07483e+06
     twoNe = 2335.81
     twoNw = 1.32535e+06
    twoNec = 81978.4
    twoNnw = 154222
  twoNecnw = 23427.8
  twoNbecnw = 54821.7
        m2 = 0.032778
        m5 = 0.13948
        m7 = 0.000272553
        m8 = 0.275932
        Th = 300.893
        Tb = 21662
        Te = 144.983
        Tg = 72.4915
#       SitePat  BranchLen
              b 122153.1921623
              e 45497.0315807
              c 47384.3856946
              n 44672.2043401
              w 44671.1343960
            b:e 1432.0231314
            b:c 1591.1009243
            b:n 1138.6920909
            b:w 1138.6538882
            e:c 11593.8250987
            e:n 4746.9020085
            e:w 4747.8409174
            c:n 4182.1545291
            c:w 4182.0993859
            n:w 11959.5788649
          b:e:c 1335.8515897
          b:e:n 614.9973239
          b:e:w 615.0275427
          b:c:n 615.1587782
          b:c:w 615.1285138
          b:n:w 1326.4684369
          e:c:n 4304.8117532
          e:c:w 4304.9979316
          e:n:w 6136.0202345
          c:n:w 5373.1512166
        b:e:c:n 1140.6444064
        b:e:c:w 1140.6826547
        b:e:n:w 1553.2084938
        b:c:n:w 1399.8721902
        e:c:n:w 48646.8374603
