########################################
# legofit: estimate population history #
#       version 2.3.4-4-g53f8760       #
########################################

# Program was compiled: Sep 21 2021 14:36:42
# Program was run: Tue Oct 19 17:10:20 2021

# cmd: legofit -1 -d 0 -t 32 --ptsPerDim 3 --stateOut b1boot5.state --tol 3e-6 -S 5000 begh2.lgo ../../chrX/boot_chrX/boot5.opf
# Stage nOptItr nSimReps
#     0    5000        0
# algorithm          : deterministic
# ignoring probs <=  : 0
# Branch length floor: 0
# DE strategy        : 2
#    F               : 0.3
#    CR              : 0.8
#    tolerance       : 3e-06
# nthreads           : 32
# lgo input file     : begh2.lgo
# site pat input file: ../../chrX/boot_chrX/boot5.opf
# free parameters    : 14
# points in DE swarm : 42
# output state file  : b1boot5.state
# Including singleton site patterns.
# cost function      : KL
Initial parameter values
Fixed:
      zero = 0
       one = 1
    Tbecnw = 75200
Free:
       pc1 = 0
       pc2 = 0
       pc3 = 0
       pc4 = 0
       pc5 = 0
       pc6 = 0
       pc7 = 0
       pc8 = 0
       pc9 = 0
      pc10 = 0
      pc11 = 0
      pc12 = 0
      pc13 = 0
      pc14 = 0
Constrained:
     Tecnw = 44410.6
       Tnw = 3555.71
       Tec = 2636.18
     twoNb = 1.22332e+06
     twoNe = 120462
     twoNw = 1.05677e+06
    twoNec = 75742.2
    twoNnw = 126651
  twoNecnw = 23456.4
  twoNbecnw = 55270.7
        m2 = 0.0169023
        m5 = 0.136044
        m7 = 0.000178685
        m8 = 0.284009
        Th = 3095.94
        Tb = 23523.4
        Te = 1318.09
        Tg = 659.044
DiffEv reached_goal. cost=2.61523e-03 spread=2.25793e-06
Fitted parameter values
Free:
       pc1 = -3.73314
       pc2 = -1.97298
       pc3 = 1.98559
       pc4 = -0.620552
       pc5 = 1.92216
       pc6 = 0.163741
       pc7 = -1.9175
       pc8 = 1.90748
       pc9 = -1.08015
      pc10 = -0.569368
      pc11 = -0.95701
      pc12 = -0.993625
      pc13 = 0.216167
      pc14 = -0.138075
Constrained:
     Tecnw = 43583.6
       Tnw = 84.9786
       Tec = 36.8327
     twoNb = 2.22359e+06
     twoNe = 117312
     twoNw = 1.45467e+06
    twoNec = 77137.3
    twoNnw = 151398
  twoNecnw = 23710.3
  twoNbecnw = 52989
        m2 = 0.031397
        m5 = 0.139728
        m7 = 0.00044594
        m8 = 0.27484
        Th = 60.9057
        Tb = 21810.2
        Te = 18.4164
        Tg = 9.20818
#       SitePat  BranchLen
              b 120380.1788779
              e 45272.1688922
              c 47217.4275905
              n 44795.8983077
              w 44795.1663928
            b:e 1397.7487415
            b:c 1554.5665522
            b:n 1141.0929802
            b:w 1141.0670598
            e:c 12173.1985031
            e:n 4738.9435232
            e:w 4739.4120701
            c:n 4152.6211660
            c:w 4152.7564223
            n:w 12287.6695815
          b:e:c 1363.6554834
          b:e:n 604.3878290
          b:e:w 604.3978633
          b:c:n 604.5041562
          b:c:w 604.4940949
          b:n:w 1355.0127204
          e:c:n 4291.3871459
          e:c:w 4291.5152576
          e:n:w 6055.4862071
          c:n:w 5278.5129774
        b:e:c:n 1142.8474598
        b:e:c:w 1142.8734072
        b:e:n:w 1521.9961621
        b:c:n:w 1369.6583290
        e:c:n:w 46588.4631715
