########################################
# legofit: estimate population history #
#       version 2.3.4-4-g53f8760       #
########################################

# Program was compiled: Sep 21 2021 14:36:42
# Program was run: Tue Oct 19 17:10:40 2021

# cmd: legofit -1 -d 0 -t 32 --ptsPerDim 3 --stateOut b1boot20.state --tol 3e-6 -S 5000 begh2.lgo ../../chrX/boot_chrX/boot20.opf
# Stage nOptItr nSimReps
#     0    5000        0
# algorithm          : deterministic
# ignoring probs <=  : 0
# Branch length floor: 0
# DE strategy        : 2
#    F               : 0.3
#    CR              : 0.8
#    tolerance       : 3e-06
# nthreads           : 32
# lgo input file     : begh2.lgo
# site pat input file: ../../chrX/boot_chrX/boot20.opf
# free parameters    : 14
# points in DE swarm : 42
# output state file  : b1boot20.state
# Including singleton site patterns.
# cost function      : KL
Initial parameter values
Fixed:
      zero = 0
       one = 1
    Tbecnw = 75200
Free:
       pc1 = 0
       pc2 = 0
       pc3 = 0
       pc4 = 0
       pc5 = 0
       pc6 = 0
       pc7 = 0
       pc8 = 0
       pc9 = 0
      pc10 = 0
      pc11 = 0
      pc12 = 0
      pc13 = 0
      pc14 = 0
Constrained:
     Tecnw = 44410.6
       Tnw = 3555.71
       Tec = 2636.18
     twoNb = 1.22332e+06
     twoNe = 120462
     twoNw = 1.05677e+06
    twoNec = 75742.2
    twoNnw = 126651
  twoNecnw = 23456.4
  twoNbecnw = 55270.7
        m2 = 0.0169023
        m5 = 0.136044
        m7 = 0.000178685
        m8 = 0.284009
        Th = 3095.94
        Tb = 23523.4
        Te = 1318.09
        Tg = 659.044
DiffEv reached_goal. cost=2.57969e-03 spread=2.93807e-06
Fitted parameter values
Free:
       pc1 = -3.68237
       pc2 = -1.78688
       pc3 = 1.89298
       pc4 = -0.791586
       pc5 = 1.91445
       pc6 = -1.76957
       pc7 = -1.02781
       pc8 = 1.91876
       pc9 = -0.630197
      pc10 = 0.213794
      pc11 = -0.510749
      pc12 = -0.639212
      pc13 = 0.15466
      pc14 = 0.0806049
Constrained:
     Tecnw = 43282.2
       Tnw = 467.104
       Tec = 324.263
     twoNb = 2.35943e+06
     twoNe = 34146.8
     twoNw = 1.53122e+06
    twoNec = 81086.7
    twoNnw = 147302
  twoNecnw = 23410.8
  twoNbecnw = 54403.4
        m2 = 0.0338868
        m5 = 0.134705
        m7 = 0.000191327
        m8 = 0.271019
        Th = 395.684
        Tb = 21803.2
        Te = 162.132
        Tg = 81.0658
#       SitePat  BranchLen
              b 121745.5775139
              e 45459.5078459
              c 47369.7815762
              n 44497.4966682
              w 44495.0433810
            b:e 1434.6111359
            b:c 1595.9865090
            b:n 1128.6164921
            b:w 1128.5291318
            e:c 11853.4840758
            e:n 4700.4719127
            e:w 4702.2027141
            c:n 4133.9856111
            c:w 4134.2777472
            n:w 12279.5298508
          b:e:c 1358.5456662
          b:e:n 604.7841589
          b:e:w 604.8276725
          b:c:n 604.9466216
          b:c:w 604.9030145
          b:n:w 1349.8235751
          e:c:n 4254.6376063
          e:c:w 4255.0679560
          e:n:w 6179.9997896
          c:n:w 5398.6359712
        b:e:c:n 1130.3275861
        b:e:c:w 1130.4150400
        b:e:n:w 1561.7391374
        b:c:n:w 1405.6273164
        e:c:n:w 48158.6382740
