########################################
# legofit: estimate population history #
#       version 2.3.4-4-g53f8760       #
########################################

# Program was compiled: Sep 21 2021 14:36:42
# Program was run: Tue Oct 19 17:11:12 2021

# cmd: legofit -1 -d 0 -t 32 --ptsPerDim 3 --stateOut b1boot46.state --tol 3e-6 -S 5000 begh2.lgo ../../chrX/boot_chrX/boot46.opf
# Stage nOptItr nSimReps
#     0    5000        0
# algorithm          : deterministic
# ignoring probs <=  : 0
# Branch length floor: 0
# DE strategy        : 2
#    F               : 0.3
#    CR              : 0.8
#    tolerance       : 3e-06
# nthreads           : 32
# lgo input file     : begh2.lgo
# site pat input file: ../../chrX/boot_chrX/boot46.opf
# free parameters    : 14
# points in DE swarm : 42
# output state file  : b1boot46.state
# Including singleton site patterns.
# cost function      : KL
Initial parameter values
Fixed:
      zero = 0
       one = 1
    Tbecnw = 75200
Free:
       pc1 = 0
       pc2 = 0
       pc3 = 0
       pc4 = 0
       pc5 = 0
       pc6 = 0
       pc7 = 0
       pc8 = 0
       pc9 = 0
      pc10 = 0
      pc11 = 0
      pc12 = 0
      pc13 = 0
      pc14 = 0
Constrained:
     Tecnw = 44410.6
       Tnw = 3555.71
       Tec = 2636.18
     twoNb = 1.22332e+06
     twoNe = 120462
     twoNw = 1.05677e+06
    twoNec = 75742.2
    twoNnw = 126651
  twoNecnw = 23456.4
  twoNbecnw = 55270.7
        m2 = 0.0169023
        m5 = 0.136044
        m7 = 0.000178685
        m8 = 0.284009
        Th = 3095.94
        Tb = 23523.4
        Te = 1318.09
        Tg = 659.044
DiffEv reached_goal. cost=2.49671e-03 spread=2.75526e-06
Fitted parameter values
Free:
       pc1 = -3.96696
       pc2 = -1.63307
       pc3 = 1.99327
       pc4 = -0.522257
       pc5 = 1.92265
       pc6 = -1.72355
       pc7 = -0.516797
       pc8 = 1.01538
       pc9 = -1.13854
      pc10 = -0.608751
      pc11 = -0.797633
      pc12 = -0.47613
      pc13 = -0.0992192
      pc14 = -0.142128
Constrained:
     Tecnw = 43593.1
       Tnw = 29.9133
       Tec = 24.8737
     twoNb = 2.32856e+06
     twoNe = 145781
     twoNw = 1.45764e+06
    twoNec = 81450.1
    twoNnw = 154151
  twoNecnw = 23345.4
  twoNbecnw = 54457.9
        m2 = 0.0305727
        m5 = 0.133309
        m7 = 8.16055e-05
        m8 = 0.27102
        Th = 27.3935
        Tb = 21809
        Te = 12.4369
        Tg = 6.21843
#       SitePat  BranchLen
              b 121768.3243528
              e 45583.7802435
              c 47440.5943168
              n 44937.7709977
              w 44937.6485613
            b:e 1416.7287699
            b:c 1571.7153876
            b:n 1152.3298149
            b:w 1152.3254483
            e:c 11974.3908130
            e:n 4707.5229498
            e:w 4707.6181798
            c:n 4149.7175620
            c:w 4149.7236013
            n:w 12207.1916888
          b:e:c 1367.4316578
          b:e:n 613.6034977
          b:e:w 613.6062088
          b:c:n 613.7206836
          b:c:w 613.7179681
          b:n:w 1359.4265653
          e:c:n 4304.7396485
          e:c:w 4304.7608156
          e:n:w 6058.0338138
          c:n:w 5311.6837012
        b:e:c:n 1153.9961602
        b:e:c:w 1154.0005312
        b:e:n:w 1540.4557633
        b:c:n:w 1390.4762060
        e:c:n:w 47981.1899627
