########################################
# legofit: estimate population history #
#       version 2.3.4-4-g53f8760       #
########################################

# Program was compiled: Sep 21 2021 14:36:42
# Program was run: Tue Oct 19 17:10:33 2021

# cmd: legofit -1 -d 0 -t 32 --ptsPerDim 3 --stateOut b1boot12.state --tol 3e-6 -S 5000 begh2.lgo ../../chrX/boot_chrX/boot12.opf
# Stage nOptItr nSimReps
#     0    5000        0
# algorithm          : deterministic
# ignoring probs <=  : 0
# Branch length floor: 0
# DE strategy        : 2
#    F               : 0.3
#    CR              : 0.8
#    tolerance       : 3e-06
# nthreads           : 32
# lgo input file     : begh2.lgo
# site pat input file: ../../chrX/boot_chrX/boot12.opf
# free parameters    : 14
# points in DE swarm : 42
# output state file  : b1boot12.state
# Including singleton site patterns.
# cost function      : KL
Initial parameter values
Fixed:
      zero = 0
       one = 1
    Tbecnw = 75200
Free:
       pc1 = 0
       pc2 = 0
       pc3 = 0
       pc4 = 0
       pc5 = 0
       pc6 = 0
       pc7 = 0
       pc8 = 0
       pc9 = 0
      pc10 = 0
      pc11 = 0
      pc12 = 0
      pc13 = 0
      pc14 = 0
Constrained:
     Tecnw = 44410.6
       Tnw = 3555.71
       Tec = 2636.18
     twoNb = 1.22332e+06
     twoNe = 120462
     twoNw = 1.05677e+06
    twoNec = 75742.2
    twoNnw = 126651
  twoNecnw = 23456.4
  twoNbecnw = 55270.7
        m2 = 0.0169023
        m5 = 0.136044
        m7 = 0.000178685
        m8 = 0.284009
        Th = 3095.94
        Tb = 23523.4
        Te = 1318.09
        Tg = 659.044
DiffEv reached_goal. cost=2.66417e-03 spread=2.88208e-06
Fitted parameter values
Free:
       pc1 = -3.93895
       pc2 = -1.60083
       pc3 = 1.97449
       pc4 = -1.10915
       pc5 = 1.8943
       pc6 = -1.9989
       pc7 = -1.83148
       pc8 = 1.53879
       pc9 = -0.166953
      pc10 = 0.149983
      pc11 = -0.898743
      pc12 = -0.256445
      pc13 = 0.297389
      pc14 = -0.28012
Constrained:
     Tecnw = 43047.6
       Tnw = 338.671
       Tec = 244.934
     twoNb = 2.52825e+06
     twoNe = 9791.42
     twoNw = 1.43224e+06
    twoNec = 76866.8
    twoNnw = 151378
  twoNecnw = 23447.9
  twoNbecnw = 54801.8
        m2 = 0.0322082
        m5 = 0.141168
        m7 = 0.000240367
        m8 = 0.264516
        Th = 291.802
        Tb = 21646.3
        Te = 122.467
        Tg = 61.2336
#       SitePat  BranchLen
              b 122162.4788290
              e 44991.2575875
              c 46958.3827496
              n 44664.9167377
              w 44663.0874773
            b:e 1402.9243934
            b:c 1567.3802846
            b:n 1145.2840753
            b:w 1145.2187387
            e:c 12215.4819649
            e:n 4665.7517664
            e:w 4667.0839688
            c:n 4078.9692819
            c:w 4079.1466199
            n:w 12213.6666324
          b:e:c 1372.5801462
          b:e:n 602.0943299
          b:e:w 602.1294019
          b:c:n 602.2398401
          b:c:w 602.2047052
          b:n:w 1364.4908513
          e:c:n 4330.5680990
          e:c:w 4330.8878190
          e:n:w 6080.1145940
          c:n:w 5282.6279304
        b:e:c:n 1146.8442866
        b:e:c:w 1146.9096862
        b:e:n:w 1536.6549885
        b:c:n:w 1377.0596188
        e:c:n:w 48685.2111433
