########################################
# legofit: estimate population history #
#       version 2.3.4-4-g53f8760       #
########################################

# Program was compiled: Sep 21 2021 14:36:42
# Program was run: Tue Oct 19 17:10:33 2021

# cmd: legofit -1 -d 0 -t 32 --ptsPerDim 3 --stateOut b1boot11.state --tol 3e-6 -S 5000 begh2.lgo ../../chrX/boot_chrX/boot11.opf
# Stage nOptItr nSimReps
#     0    5000        0
# algorithm          : deterministic
# ignoring probs <=  : 0
# Branch length floor: 0
# DE strategy        : 2
#    F               : 0.3
#    CR              : 0.8
#    tolerance       : 3e-06
# nthreads           : 32
# lgo input file     : begh2.lgo
# site pat input file: ../../chrX/boot_chrX/boot11.opf
# free parameters    : 14
# points in DE swarm : 42
# output state file  : b1boot11.state
# Including singleton site patterns.
# cost function      : KL
Initial parameter values
Fixed:
      zero = 0
       one = 1
    Tbecnw = 75200
Free:
       pc1 = 0
       pc2 = 0
       pc3 = 0
       pc4 = 0
       pc5 = 0
       pc6 = 0
       pc7 = 0
       pc8 = 0
       pc9 = 0
      pc10 = 0
      pc11 = 0
      pc12 = 0
      pc13 = 0
      pc14 = 0
Constrained:
     Tecnw = 44410.6
       Tnw = 3555.71
       Tec = 2636.18
     twoNb = 1.22332e+06
     twoNe = 120462
     twoNw = 1.05677e+06
    twoNec = 75742.2
    twoNnw = 126651
  twoNecnw = 23456.4
  twoNbecnw = 55270.7
        m2 = 0.0169023
        m5 = 0.136044
        m7 = 0.000178685
        m8 = 0.284009
        Th = 3095.94
        Tb = 23523.4
        Te = 1318.09
        Tg = 659.044
DiffEv reached_goal. cost=2.60117e-03 spread=2.34087e-06
Fitted parameter values
Free:
       pc1 = -3.97044
       pc2 = -1.19349
       pc3 = 1.9001
       pc4 = -0.0352555
       pc5 = 1.27268
       pc6 = -1.9596
       pc7 = -0.274127
       pc8 = 1.58969
       pc9 = -0.161495
      pc10 = 0.323887
      pc11 = -0.958588
      pc12 = -0.25736
      pc13 = 0.395539
      pc14 = -0.0854562
Constrained:
     Tecnw = 43354.2
       Tnw = 22.1454
       Tec = 1.88212
     twoNb = 2.17543e+06
     twoNe = 60315.5
     twoNw = 1.47564e+06
    twoNec = 80527.3
    twoNnw = 146732
  twoNecnw = 23363.6
  twoNbecnw = 55342.6
        m2 = 0.0307541
        m5 = 0.126309
        m7 = 0.000205211
        m8 = 0.261419
        Th = 12.0138
        Tb = 21678
        Te = 0.941061
        Tg = 0.47053
#       SitePat  BranchLen
              b 122599.4072264
              e 45258.3710374
              c 47094.0090028
              n 44479.4768711
              w 44479.2236416
            b:e 1435.7034866
            b:c 1588.6621084
            b:n 1150.3102247
            b:w 1150.3011347
            e:c 12299.4348018
            e:n 4638.0296865
            e:w 4638.1797267
            c:n 4091.5979490
            c:w 4091.6567071
            n:w 12581.5410755
          b:e:c 1405.4974887
          b:e:n 605.3838692
          b:e:w 605.3866532
          b:c:n 605.4970670
          b:c:w 605.4942734
          b:n:w 1396.4402019
          e:c:n 4299.2492835
          e:c:w 4299.2937148
          e:n:w 6130.7300879
          c:n:w 5382.9559578
        b:e:c:n 1152.1301491
        b:e:c:w 1152.1392487
        b:e:n:w 1554.2753289
        b:c:n:w 1406.1868108
        e:c:n:w 48939.0107086
