########################################
# legofit: estimate population history #
#       version 2.3.4-4-g53f8760       #
########################################

# Program was compiled: Sep 21 2021 14:36:42
# Program was run: Tue Oct 19 17:10:40 2021

# cmd: legofit -1 -d 0 -t 32 --ptsPerDim 3 --stateOut b1boot19.state --tol 3e-6 -S 5000 begh2.lgo ../../chrX/boot_chrX/boot19.opf
# Stage nOptItr nSimReps
#     0    5000        0
# algorithm          : deterministic
# ignoring probs <=  : 0
# Branch length floor: 0
# DE strategy        : 2
#    F               : 0.3
#    CR              : 0.8
#    tolerance       : 3e-06
# nthreads           : 32
# lgo input file     : begh2.lgo
# site pat input file: ../../chrX/boot_chrX/boot19.opf
# free parameters    : 14
# points in DE swarm : 42
# output state file  : b1boot19.state
# Including singleton site patterns.
# cost function      : KL
Initial parameter values
Fixed:
      zero = 0
       one = 1
    Tbecnw = 75200
Free:
       pc1 = 0
       pc2 = 0
       pc3 = 0
       pc4 = 0
       pc5 = 0
       pc6 = 0
       pc7 = 0
       pc8 = 0
       pc9 = 0
      pc10 = 0
      pc11 = 0
      pc12 = 0
      pc13 = 0
      pc14 = 0
Constrained:
     Tecnw = 44410.6
       Tnw = 3555.71
       Tec = 2636.18
     twoNb = 1.22332e+06
     twoNe = 120462
     twoNw = 1.05677e+06
    twoNec = 75742.2
    twoNnw = 126651
  twoNecnw = 23456.4
  twoNbecnw = 55270.7
        m2 = 0.0169023
        m5 = 0.136044
        m7 = 0.000178685
        m8 = 0.284009
        Th = 3095.94
        Tb = 23523.4
        Te = 1318.09
        Tg = 659.044
DiffEv reached_goal. cost=2.63588e-03 spread=2.94756e-06
Fitted parameter values
Free:
       pc1 = -3.96437
       pc2 = -1.36941
       pc3 = 1.97691
       pc4 = -0.347034
       pc5 = 1.12211
       pc6 = -1.30403
       pc7 = 0.318287
       pc8 = 1.51983
       pc9 = -0.88445
      pc10 = 0.651446
      pc11 = -0.987708
      pc12 = -0.594725
      pc13 = 0.109257
      pc14 = -0.128951
Constrained:
     Tecnw = 43618.5
       Tnw = 182.797
       Tec = 118.1
     twoNb = 2.01702e+06
     twoNe = 100362
     twoNw = 1.39533e+06
    twoNec = 82201.3
    twoNnw = 145073
  twoNecnw = 23162.8
  twoNbecnw = 54422.3
        m2 = 0.0318681
        m5 = 0.123971
        m7 = 0.000151546
        m8 = 0.257369
        Th = 150.448
        Tb = 21868.3
        Te = 59.0498
        Tg = 29.5249
#       SitePat  BranchLen
              b 121787.3719871
              e 45465.3836506
              c 47294.8618007
              n 44534.2022111
              w 44533.1190812
            b:e 1426.9115836
            b:c 1579.3006808
            b:n 1125.7954739
            b:w 1125.7573448
            e:c 12237.0824514
            e:n 4582.1005428
            e:w 4582.8423230
            c:n 4038.0843600
            c:w 4038.2391289
            n:w 12622.8295478
          b:e:c 1389.3459428
          b:e:n 592.8502701
          b:e:w 592.8678776
          b:c:n 592.9901661
          b:c:w 592.9725130
          b:n:w 1379.3712098
          e:c:n 4221.6567108
          e:c:w 4221.8432916
          e:n:w 6103.0434647
          c:n:w 5356.4723703
        b:e:c:n 1127.7590766
        b:e:c:w 1127.7972514
        b:e:n:w 1541.2503404
        b:c:n:w 1394.3290330
        e:c:n:w 48163.9359737
