########################################
# legofit: estimate population history #
#       version 2.3.4-4-g53f8760       #
########################################

# Program was compiled: Sep 21 2021 14:36:42
# Program was run: Tue Oct 19 17:10:13 2021

# cmd: legofit -1 -d 0 -t 32 --ptsPerDim 3 --stateOut b1boot1.state --tol 3e-6 -S 5000 begh2.lgo ../../chrX/boot_chrX/boot1.opf
# Stage nOptItr nSimReps
#     0    5000        0
# algorithm          : deterministic
# ignoring probs <=  : 0
# Branch length floor: 0
# DE strategy        : 2
#    F               : 0.3
#    CR              : 0.8
#    tolerance       : 3e-06
# nthreads           : 32
# lgo input file     : begh2.lgo
# site pat input file: ../../chrX/boot_chrX/boot1.opf
# free parameters    : 14
# points in DE swarm : 42
# output state file  : b1boot1.state
# Including singleton site patterns.
# cost function      : KL
Initial parameter values
Fixed:
      zero = 0
       one = 1
    Tbecnw = 75200
Free:
       pc1 = 0
       pc2 = 0
       pc3 = 0
       pc4 = 0
       pc5 = 0
       pc6 = 0
       pc7 = 0
       pc8 = 0
       pc9 = 0
      pc10 = 0
      pc11 = 0
      pc12 = 0
      pc13 = 0
      pc14 = 0
Constrained:
     Tecnw = 44410.6
       Tnw = 3555.71
       Tec = 2636.18
     twoNb = 1.22332e+06
     twoNe = 120462
     twoNw = 1.05677e+06
    twoNec = 75742.2
    twoNnw = 126651
  twoNecnw = 23456.4
  twoNbecnw = 55270.7
        m2 = 0.0169023
        m5 = 0.136044
        m7 = 0.000178685
        m8 = 0.284009
        Th = 3095.94
        Tb = 23523.4
        Te = 1318.09
        Tg = 659.044
DiffEv reached_goal. cost=2.67687e-03 spread=2.21619e-06
Fitted parameter values
Free:
       pc1 = -3.98282
       pc2 = -0.432131
       pc3 = 1.96043
       pc4 = -0.232931
       pc5 = 1.62442
       pc6 = -1.8169
       pc7 = -1.17542
       pc8 = 1.35022
       pc9 = -0.0710709
      pc10 = 0.355582
      pc11 = -0.974131
      pc12 = -0.868165
      pc13 = 0.0753673
      pc14 = -0.132868
Constrained:
     Tecnw = 44023.4
       Tnw = 80.7385
       Tec = 66.2079
     twoNb = 2.26272e+06
     twoNe = 28652.9
     twoNw = 1.38485e+06
    twoNec = 82111.1
    twoNnw = 149521
  twoNecnw = 23341.4
  twoNbecnw = 55414.3
        m2 = 0.0310643
        m5 = 0.135842
        m7 = 0.000319097
        m8 = 0.261027
        Th = 73.4732
        Tb = 22044.8
        Te = 33.104
        Tg = 16.552
#       SitePat  BranchLen
              b 122455.8873676
              e 45835.6734231
              c 47815.4258704
              n 45062.3641263
              w 45062.0058413
            b:e 1467.9214492
            b:c 1633.8741992
            b:n 1183.3079157
            b:w 1183.2948458
            e:c 12275.9626708
            e:n 4715.3081338
            e:w 4715.5867987
            c:n 4123.2761642
            c:w 4123.2939955
            n:w 12609.7503742
          b:e:c 1435.9879548
          b:e:n 626.0637852
          b:e:w 626.0718969
          b:c:n 626.1843617
          b:c:w 626.1762363
          b:n:w 1427.2986710
          e:c:n 4317.8125277
          e:c:w 4317.8743165
          e:n:w 6188.8900631
          c:n:w 5388.4785334
        b:e:c:n 1185.1121389
        b:e:c:w 1185.1252224
        b:e:n:w 1600.7373964
        b:c:n:w 1439.5435860
        e:c:n:w 48208.4592495
