########################################
# legofit: estimate population history #
#       version 2.3.4-4-g53f8760       #
########################################

# Program was compiled: Sep 21 2021 14:36:42
# Program was run: Tue Oct 19 17:10:59 2021

# cmd: legofit -1 -d 0 -t 32 --ptsPerDim 3 --stateOut b1boot34.state --tol 3e-6 -S 5000 begh2.lgo ../../chrX/boot_chrX/boot34.opf
# Stage nOptItr nSimReps
#     0    5000        0
# algorithm          : deterministic
# ignoring probs <=  : 0
# Branch length floor: 0
# DE strategy        : 2
#    F               : 0.3
#    CR              : 0.8
#    tolerance       : 3e-06
# nthreads           : 32
# lgo input file     : begh2.lgo
# site pat input file: ../../chrX/boot_chrX/boot34.opf
# free parameters    : 14
# points in DE swarm : 42
# output state file  : b1boot34.state
# Including singleton site patterns.
# cost function      : KL
Initial parameter values
Fixed:
      zero = 0
       one = 1
    Tbecnw = 75200
Free:
       pc1 = 0
       pc2 = 0
       pc3 = 0
       pc4 = 0
       pc5 = 0
       pc6 = 0
       pc7 = 0
       pc8 = 0
       pc9 = 0
      pc10 = 0
      pc11 = 0
      pc12 = 0
      pc13 = 0
      pc14 = 0
Constrained:
     Tecnw = 44410.6
       Tnw = 3555.71
       Tec = 2636.18
     twoNb = 1.22332e+06
     twoNe = 120462
     twoNw = 1.05677e+06
    twoNec = 75742.2
    twoNnw = 126651
  twoNecnw = 23456.4
  twoNbecnw = 55270.7
        m2 = 0.0169023
        m5 = 0.136044
        m7 = 0.000178685
        m8 = 0.284009
        Th = 3095.94
        Tb = 23523.4
        Te = 1318.09
        Tg = 659.044
DiffEv reached_goal. cost=2.39089e-03 spread=2.30552e-06
Fitted parameter values
Free:
       pc1 = -3.94547
       pc2 = -1.98076
       pc3 = 1.92305
       pc4 = -1.79231
       pc5 = 1.9627
       pc6 = -1.2547
       pc7 = -1.96938
       pc8 = -0.928198
       pc9 = -1.09015
      pc10 = 0.350561
      pc11 = -0.804365
      pc12 = 0.0665459
      pc13 = 0.12955
      pc14 = -0.240382
Constrained:
     Tecnw = 42911.5
       Tnw = 439.983
       Tec = 427.731
     twoNb = 2.5674e+06
     twoNe = 192662
     twoNw = 940777
    twoNec = 79155.2
    twoNnw = 149135
  twoNecnw = 23249.4
  twoNbecnw = 54165.5
        m2 = 0.0283581
        m5 = 0.154847
        m7 = 6.24737e-05
        m8 = 0.256923
        Th = 433.857
        Tb = 21669.6
        Te = 213.865
        Tg = 106.933
#       SitePat  BranchLen
              b 121805.9837779
              e 44767.1375762
              c 46936.2963832
              n 44365.1381223
              w 44363.1771216
            b:e 1338.0533703
            b:c 1513.8697360
            b:n 1107.0442394
            b:w 1106.9760296
            e:c 11912.9480349
            e:n 4659.7175181
            e:w 4661.5833817
            c:n 4011.2303842
            c:w 4010.9909793
            n:w 12097.4110193
          b:e:c 1320.8747282
          b:e:n 585.5837288
          b:e:w 585.6462722
          b:c:n 585.7573030
          b:c:w 585.6947006
          b:n:w 1314.1054209
          e:c:n 4263.3296311
          e:c:w 4263.6641732
          e:n:w 6036.8627324
          c:n:w 5161.4918653
        b:e:c:n 1108.3375759
        b:e:c:w 1108.4058447
        b:e:n:w 1486.8817989
        b:c:n:w 1316.1350268
        e:c:n:w 48770.3231866
