########################################
# legofit: estimate population history #
#       version 2.3.4-4-g53f8760       #
########################################

# Program was compiled: Sep 21 2021 14:36:42
# Program was run: Tue Oct 19 17:10:53 2021

# cmd: legofit -1 -d 0 -t 32 --ptsPerDim 3 --stateOut b1boot30.state --tol 3e-6 -S 5000 begh2.lgo ../../chrX/boot_chrX/boot30.opf
# Stage nOptItr nSimReps
#     0    5000        0
# algorithm          : deterministic
# ignoring probs <=  : 0
# Branch length floor: 0
# DE strategy        : 2
#    F               : 0.3
#    CR              : 0.8
#    tolerance       : 3e-06
# nthreads           : 32
# lgo input file     : begh2.lgo
# site pat input file: ../../chrX/boot_chrX/boot30.opf
# free parameters    : 14
# points in DE swarm : 42
# output state file  : b1boot30.state
# Including singleton site patterns.
# cost function      : KL
Initial parameter values
Fixed:
      zero = 0
       one = 1
    Tbecnw = 75200
Free:
       pc1 = 0
       pc2 = 0
       pc3 = 0
       pc4 = 0
       pc5 = 0
       pc6 = 0
       pc7 = 0
       pc8 = 0
       pc9 = 0
      pc10 = 0
      pc11 = 0
      pc12 = 0
      pc13 = 0
      pc14 = 0
Constrained:
     Tecnw = 44410.6
       Tnw = 3555.71
       Tec = 2636.18
     twoNb = 1.22332e+06
     twoNe = 120462
     twoNw = 1.05677e+06
    twoNec = 75742.2
    twoNnw = 126651
  twoNecnw = 23456.4
  twoNbecnw = 55270.7
        m2 = 0.0169023
        m5 = 0.136044
        m7 = 0.000178685
        m8 = 0.284009
        Th = 3095.94
        Tb = 23523.4
        Te = 1318.09
        Tg = 659.044
DiffEv reached_goal. cost=2.63245e-03 spread=2.96830e-06
Fitted parameter values
Free:
       pc1 = -3.98164
       pc2 = -1.65537
       pc3 = 1.92723
       pc4 = -0.981101
       pc5 = 1.48176
       pc6 = -1.20194
       pc7 = -1.52207
       pc8 = 1.64169
       pc9 = -0.770228
      pc10 = 0.403086
      pc11 = -0.8086
      pc12 = 0.00544513
      pc13 = 0.212852
      pc14 = -0.119611
Constrained:
     Tecnw = 42907.3
       Tnw = 319.489
       Tec = 311.075
     twoNb = 2.35819e+06
     twoNe = 44405
     twoNw = 1.37819e+06
    twoNec = 78974.5
    twoNnw = 148560
  twoNecnw = 23228.6
  twoNbecnw = 54087.8
        m2 = 0.0305255
        m5 = 0.137222
        m7 = 0.000289134
        m8 = 0.263697
        Th = 315.282
        Tb = 21609.2
        Te = 155.538
        Tg = 77.7688
#       SitePat  BranchLen
              b 121707.0658710
              e 44875.7675804
              c 46788.6952055
              n 44277.2654776
              w 44276.3991152
            b:e 1365.5095560
            b:c 1520.0002898
            b:n 1101.7878272
            b:w 1101.7578135
            e:c 11959.2162818
            e:n 4616.7325265
            e:w 4617.5531148
            c:n 4044.4035315
            c:w 4044.3011259
            n:w 12163.5275050
          b:e:c 1324.5213466
          b:e:n 582.6971723
          b:e:w 582.7244728
          b:c:n 582.8262148
          b:c:w 582.7988841
          b:n:w 1316.5195973
          e:c:n 4246.0621488
          e:c:w 4246.2103285
          e:n:w 6021.7960413
          c:n:w 5249.6596450
        b:e:c:n 1103.3583160
        b:e:c:w 1103.3883598
        b:e:n:w 1488.8056748
        b:c:n:w 1338.9012423
        e:c:n:w 48668.3197181
