########################################
# legofit: estimate population history #
#       version 2.3.4-4-g53f8760       #
########################################

# Program was compiled: Sep 21 2021 14:36:42
# Program was run: Tue Oct 19 17:10:59 2021

# cmd: legofit -1 -d 0 -t 32 --ptsPerDim 3 --stateOut b1boot37.state --tol 3e-6 -S 5000 begh2.lgo ../../chrX/boot_chrX/boot37.opf
# Stage nOptItr nSimReps
#     0    5000        0
# algorithm          : deterministic
# ignoring probs <=  : 0
# Branch length floor: 0
# DE strategy        : 2
#    F               : 0.3
#    CR              : 0.8
#    tolerance       : 3e-06
# nthreads           : 32
# lgo input file     : begh2.lgo
# site pat input file: ../../chrX/boot_chrX/boot37.opf
# free parameters    : 14
# points in DE swarm : 42
# output state file  : b1boot37.state
# Including singleton site patterns.
# cost function      : KL
Initial parameter values
Fixed:
      zero = 0
       one = 1
    Tbecnw = 75200
Free:
       pc1 = 0
       pc2 = 0
       pc3 = 0
       pc4 = 0
       pc5 = 0
       pc6 = 0
       pc7 = 0
       pc8 = 0
       pc9 = 0
      pc10 = 0
      pc11 = 0
      pc12 = 0
      pc13 = 0
      pc14 = 0
Constrained:
     Tecnw = 44410.6
       Tnw = 3555.71
       Tec = 2636.18
     twoNb = 1.22332e+06
     twoNe = 120462
     twoNw = 1.05677e+06
    twoNec = 75742.2
    twoNnw = 126651
  twoNecnw = 23456.4
  twoNbecnw = 55270.7
        m2 = 0.0169023
        m5 = 0.136044
        m7 = 0.000178685
        m8 = 0.284009
        Th = 3095.94
        Tb = 23523.4
        Te = 1318.09
        Tg = 659.044
DiffEv reached_goal. cost=2.46323e-03 spread=2.43469e-06
Fitted parameter values
Free:
       pc1 = -3.97972
       pc2 = -1.3062
       pc3 = 1.80492
       pc4 = -0.266486
       pc5 = 1.96905
       pc6 = -1.84495
       pc7 = -1.31478
       pc8 = 1.5645
       pc9 = 0.25123
      pc10 = -0.579749
      pc11 = -0.589587
      pc12 = -0.34498
      pc13 = -0.100109
      pc14 = -0.135601
Constrained:
     Tecnw = 43290.4
       Tnw = 377.168
       Tec = 222.339
     twoNb = 2.27947e+06
     twoNe = 46357.6
     twoNw = 1.51082e+06
    twoNec = 81105.9
    twoNnw = 155895
  twoNecnw = 23700.2
  twoNbecnw = 55307.4
        m2 = 0.0309172
        m5 = 0.13653
        m7 = 0.000268619
        m8 = 0.272345
        Th = 299.753
        Tb = 21756.4
        Te = 111.169
        Tg = 55.5846
#       SitePat  BranchLen
              b 122412.7236831
              e 45680.9842726
              c 47535.1437860
              n 45145.6279882
              w 45143.1545002
            b:e 1452.1204365
            b:c 1608.7913850
            b:n 1186.7395807
            b:w 1186.6485124
            e:c 11945.5759756
            e:n 4752.9549217
            e:w 4754.6169270
            c:n 4196.9220382
            c:w 4197.2954237
            n:w 12100.3588828
          b:e:c 1391.3551181
          b:e:n 633.5320622
          b:e:w 633.5723024
          b:c:n 633.6863299
          b:c:w 633.6459980
          b:n:w 1383.0327102
          e:c:n 4394.6181748
          e:c:w 4395.0562720
          e:n:w 6116.9477955
          c:n:w 5371.0976453
        b:e:c:n 1188.4333469
        b:e:c:w 1188.5245069
        b:e:n:w 1576.1945240
        b:c:n:w 1424.3406358
        e:c:n:w 48428.8544958
