########################################
# legofit: estimate population history #
#       version 2.3.4-4-g53f8760       #
########################################

# Program was compiled: Sep 21 2021 14:36:42
# Program was run: Tue Oct 19 17:10:46 2021

# cmd: legofit -1 -d 0 -t 32 --ptsPerDim 3 --stateOut b1boot26.state --tol 3e-6 -S 5000 begh2.lgo ../../chrX/boot_chrX/boot26.opf
# Stage nOptItr nSimReps
#     0    5000        0
# algorithm          : deterministic
# ignoring probs <=  : 0
# Branch length floor: 0
# DE strategy        : 2
#    F               : 0.3
#    CR              : 0.8
#    tolerance       : 3e-06
# nthreads           : 32
# lgo input file     : begh2.lgo
# site pat input file: ../../chrX/boot_chrX/boot26.opf
# free parameters    : 14
# points in DE swarm : 42
# output state file  : b1boot26.state
# Including singleton site patterns.
# cost function      : KL
Initial parameter values
Fixed:
      zero = 0
       one = 1
    Tbecnw = 75200
Free:
       pc1 = 0
       pc2 = 0
       pc3 = 0
       pc4 = 0
       pc5 = 0
       pc6 = 0
       pc7 = 0
       pc8 = 0
       pc9 = 0
      pc10 = 0
      pc11 = 0
      pc12 = 0
      pc13 = 0
      pc14 = 0
Constrained:
     Tecnw = 44410.6
       Tnw = 3555.71
       Tec = 2636.18
     twoNb = 1.22332e+06
     twoNe = 120462
     twoNw = 1.05677e+06
    twoNec = 75742.2
    twoNnw = 126651
  twoNecnw = 23456.4
  twoNbecnw = 55270.7
        m2 = 0.0169023
        m5 = 0.136044
        m7 = 0.000178685
        m8 = 0.284009
        Th = 3095.94
        Tb = 23523.4
        Te = 1318.09
        Tg = 659.044
DiffEv reached_goal. cost=2.52872e-03 spread=2.90277e-06
Fitted parameter values
Free:
       pc1 = -3.81905
       pc2 = -1.47323
       pc3 = 1.99274
       pc4 = 0.275139
       pc5 = 1.93898
       pc6 = -1.77322
       pc7 = -1.40713
       pc8 = 1.9653
       pc9 = 0.600346
      pc10 = 0.105856
      pc11 = -0.844814
      pc12 = -0.831533
      pc13 = 0.0552517
      pc14 = 0.0415917
Constrained:
     Tecnw = 43451.4
       Tnw = 453.072
       Tec = 438.644
     twoNb = 2.32481e+06
     twoNe = 39999.6
     twoNw = 1.58351e+06
    twoNec = 81433
    twoNnw = 149805
  twoNecnw = 23874
  twoNbecnw = 55444
        m2 = 0.0338124
        m5 = 0.133078
        m7 = 0.000397902
        m8 = 0.267617
        Th = 445.858
        Tb = 21945
        Te = 219.322
        Tg = 109.661
#       SitePat  BranchLen
              b 122372.6620742
              e 45917.8274997
              c 47807.6854575
              n 45022.3627653
              w 45021.2803547
            b:e 1503.3903083
            b:c 1665.3417058
            b:n 1195.1649441
            b:w 1195.1247721
            e:c 12072.9440211
            e:n 4757.7682964
            e:w 4758.7801181
            c:n 4196.2183460
            c:w 4196.1005495
            n:w 12448.7204608
          b:e:c 1433.7436047
          b:e:n 638.2614470
          b:e:w 638.2971458
          b:c:n 638.4112332
          b:c:w 638.3754895
          b:n:w 1424.6683130
          e:c:n 4370.1095731
          e:c:w 4370.2979585
          e:n:w 6264.2606639
          c:n:w 5493.6620998
        b:e:c:n 1197.0682729
        b:e:c:w 1197.1084897
        b:e:n:w 1630.3903859
        b:c:n:w 1473.1809838
        e:c:n:w 48090.9413847
