########################################
# legofit: estimate population history #
#       version 2.3.4-4-g53f8760       #
########################################

# Program was compiled: Sep 21 2021 14:36:42
# Program was run: Tue Oct 19 17:11:12 2021

# cmd: legofit -1 -d 0 -t 32 --ptsPerDim 3 --stateOut b1boot48.state --tol 3e-6 -S 5000 begh2.lgo ../../chrX/boot_chrX/boot48.opf
# Stage nOptItr nSimReps
#     0    5000        0
# algorithm          : deterministic
# ignoring probs <=  : 0
# Branch length floor: 0
# DE strategy        : 2
#    F               : 0.3
#    CR              : 0.8
#    tolerance       : 3e-06
# nthreads           : 32
# lgo input file     : begh2.lgo
# site pat input file: ../../chrX/boot_chrX/boot48.opf
# free parameters    : 14
# points in DE swarm : 42
# output state file  : b1boot48.state
# Including singleton site patterns.
# cost function      : KL
Initial parameter values
Fixed:
      zero = 0
       one = 1
    Tbecnw = 75200
Free:
       pc1 = 0
       pc2 = 0
       pc3 = 0
       pc4 = 0
       pc5 = 0
       pc6 = 0
       pc7 = 0
       pc8 = 0
       pc9 = 0
      pc10 = 0
      pc11 = 0
      pc12 = 0
      pc13 = 0
      pc14 = 0
Constrained:
     Tecnw = 44410.6
       Tnw = 3555.71
       Tec = 2636.18
     twoNb = 1.22332e+06
     twoNe = 120462
     twoNw = 1.05677e+06
    twoNec = 75742.2
    twoNnw = 126651
  twoNecnw = 23456.4
  twoNbecnw = 55270.7
        m2 = 0.0169023
        m5 = 0.136044
        m7 = 0.000178685
        m8 = 0.284009
        Th = 3095.94
        Tb = 23523.4
        Te = 1318.09
        Tg = 659.044
DiffEv reached_goal. cost=2.47739e-03 spread=2.80222e-06
Fitted parameter values
Free:
       pc1 = -3.7987
       pc2 = -1.74865
       pc3 = 1.99585
       pc4 = -0.924157
       pc5 = 1.98071
       pc6 = -1.95342
       pc7 = -0.458397
       pc8 = 1.9197
       pc9 = -0.113466
      pc10 = -0.372486
      pc11 = -0.391638
      pc12 = -0.655666
      pc13 = -0.15355
      pc14 = -0.0998735
Constrained:
     Tecnw = 43308.5
       Tnw = 507.117
       Tec = 415.614
     twoNb = 2.1875e+06
     twoNe = 27608.3
     twoNw = 1.50401e+06
    twoNec = 80756.1
    twoNnw = 153952
  twoNecnw = 23566.2
  twoNbecnw = 54756.3
        m2 = 0.0347817
        m5 = 0.132226
        m7 = 0.00010245
        m8 = 0.27331
        Th = 461.366
        Tb = 21862.1
        Te = 207.807
        Tg = 103.904
#       SitePat  BranchLen
              b 121926.3411455
              e 45758.5102874
              c 47581.1139392
              n 45032.2153512
              w 45030.1556805
            b:e 1461.3021605
            b:c 1619.8812345
            b:n 1162.5311028
            b:w 1162.4564372
            e:c 11872.0843328
            e:n 4715.8209742
            e:w 4717.4003718
            c:n 4173.6633553
            c:w 4173.7831688
            n:w 12113.2293230
          b:e:c 1377.2759702
          b:e:n 622.1548520
          b:e:w 622.1998244
          b:c:n 622.3375540
          b:c:w 622.2924929
          b:n:w 1367.6029515
          e:c:n 4330.0990887
          e:c:w 4330.4595483
          e:n:w 6145.8164919
          c:n:w 5402.7392488
        b:e:c:n 1164.4931985
        b:e:c:w 1164.5679528
        b:e:n:w 1582.0875928
        b:c:n:w 1429.4815615
        e:c:n:w 48042.7333847
