########################################
# legofit: estimate population history #
#       version 2.3.4-4-g53f8760       #
########################################

# Program was compiled: Sep 21 2021 14:36:42
# Program was run: Tue Oct 19 17:10:26 2021

# cmd: legofit -1 -d 0 -t 32 --ptsPerDim 3 --stateOut b1boot9.state --tol 3e-6 -S 5000 begh2.lgo ../../chrX/boot_chrX/boot9.opf
# Stage nOptItr nSimReps
#     0    5000        0
# algorithm          : deterministic
# ignoring probs <=  : 0
# Branch length floor: 0
# DE strategy        : 2
#    F               : 0.3
#    CR              : 0.8
#    tolerance       : 3e-06
# nthreads           : 32
# lgo input file     : begh2.lgo
# site pat input file: ../../chrX/boot_chrX/boot9.opf
# free parameters    : 14
# points in DE swarm : 42
# output state file  : b1boot9.state
# Including singleton site patterns.
# cost function      : KL
Initial parameter values
Fixed:
      zero = 0
       one = 1
    Tbecnw = 75200
Free:
       pc1 = 0
       pc2 = 0
       pc3 = 0
       pc4 = 0
       pc5 = 0
       pc6 = 0
       pc7 = 0
       pc8 = 0
       pc9 = 0
      pc10 = 0
      pc11 = 0
      pc12 = 0
      pc13 = 0
      pc14 = 0
Constrained:
     Tecnw = 44410.6
       Tnw = 3555.71
       Tec = 2636.18
     twoNb = 1.22332e+06
     twoNe = 120462
     twoNw = 1.05677e+06
    twoNec = 75742.2
    twoNnw = 126651
  twoNecnw = 23456.4
  twoNbecnw = 55270.7
        m2 = 0.0169023
        m5 = 0.136044
        m7 = 0.000178685
        m8 = 0.284009
        Th = 3095.94
        Tb = 23523.4
        Te = 1318.09
        Tg = 659.044
DiffEv reached_goal. cost=2.56752e-03 spread=2.52364e-06
Fitted parameter values
Free:
       pc1 = -3.94312
       pc2 = -0.932928
       pc3 = 1.9114
       pc4 = -0.890398
       pc5 = 1.21337
       pc6 = -1.43135
       pc7 = -0.842303
       pc8 = 1.56172
       pc9 = -0.659654
      pc10 = 0.0215153
      pc11 = -0.683991
      pc12 = -0.328933
      pc13 = 0.0051746
      pc14 = -0.228758
Constrained:
     Tecnw = 43516.2
       Tnw = 239.154
       Tec = 182.963
     twoNb = 2.16498e+06
     twoNe = 23453.7
     twoNw = 1.30795e+06
    twoNec = 80418.7
    twoNnw = 151307
  twoNecnw = 23179.3
  twoNbecnw = 54505.7
        m2 = 0.0295449
        m5 = 0.133087
        m7 = 0.000214495
        m8 = 0.265475
        Th = 211.058
        Tb = 21849.6
        Te = 91.4815
        Tg = 45.7408
#       SitePat  BranchLen
              b 121918.4062966
              e 45361.3205919
              c 47224.4393802
              n 44798.6477156
              w 44797.3868065
            b:e 1396.3071122
            b:c 1548.8977404
            b:n 1137.5463007
            b:w 1137.5016748
            e:c 12075.4230051
            e:n 4644.6172399
            e:w 4645.5497708
            c:n 4085.0006222
            c:w 4085.1109754
            n:w 12250.4482121
          b:e:c 1363.0176927
          b:e:n 601.0910391
          b:e:w 601.1158256
          b:c:n 601.2255830
          b:c:w 601.2007506
          b:n:w 1354.5651139
          e:c:n 4282.0276618
          e:c:w 4282.2456869
          e:n:w 6016.4469349
          c:n:w 5268.3361462
        b:e:c:n 1139.2297207
        b:e:c:w 1139.2743925
        b:e:n:w 1516.2470677
        b:c:n:w 1368.4843840
        e:c:n:w 48360.1969528
