########################################
# legofit: estimate population history #
#       version 2.3.4-4-g53f8760       #
########################################

# Program was compiled: Sep 21 2021 14:36:42
# Program was run: Tue Oct 19 17:11:11 2021

# cmd: legofit -1 -d 0 -t 32 --ptsPerDim 3 --stateOut b1boot45.state --tol 3e-6 -S 5000 begh2.lgo ../../chrX/boot_chrX/boot45.opf
# Stage nOptItr nSimReps
#     0    5000        0
# algorithm          : deterministic
# ignoring probs <=  : 0
# Branch length floor: 0
# DE strategy        : 2
#    F               : 0.3
#    CR              : 0.8
#    tolerance       : 3e-06
# nthreads           : 32
# lgo input file     : begh2.lgo
# site pat input file: ../../chrX/boot_chrX/boot45.opf
# free parameters    : 14
# points in DE swarm : 42
# output state file  : b1boot45.state
# Including singleton site patterns.
# cost function      : KL
Initial parameter values
Fixed:
      zero = 0
       one = 1
    Tbecnw = 75200
Free:
       pc1 = 0
       pc2 = 0
       pc3 = 0
       pc4 = 0
       pc5 = 0
       pc6 = 0
       pc7 = 0
       pc8 = 0
       pc9 = 0
      pc10 = 0
      pc11 = 0
      pc12 = 0
      pc13 = 0
      pc14 = 0
Constrained:
     Tecnw = 44410.6
       Tnw = 3555.71
       Tec = 2636.18
     twoNb = 1.22332e+06
     twoNe = 120462
     twoNw = 1.05677e+06
    twoNec = 75742.2
    twoNnw = 126651
  twoNecnw = 23456.4
  twoNbecnw = 55270.7
        m2 = 0.0169023
        m5 = 0.136044
        m7 = 0.000178685
        m8 = 0.284009
        Th = 3095.94
        Tb = 23523.4
        Te = 1318.09
        Tg = 659.044
DiffEv reached_goal. cost=2.40083e-03 spread=2.78580e-06
Fitted parameter values
Free:
       pc1 = -3.95301
       pc2 = -1.50505
       pc3 = 1.95708
       pc4 = -1.58381
       pc5 = 1.77034
       pc6 = -1.61834
       pc7 = -0.818849
       pc8 = 1.16924
       pc9 = -0.711075
      pc10 = -0.0222882
      pc11 = -0.455075
      pc12 = -0.68524
      pc13 = 0.0781965
      pc14 = -0.132239
Constrained:
     Tecnw = 43417.5
       Tnw = 185.408
       Tec = 147.302
     twoNb = 2.24503e+06
     twoNe = 39051.6
     twoNw = 1.2603e+06
    twoNec = 80474.7
    twoNnw = 151213
  twoNecnw = 23309.7
  twoNbecnw = 54248.7
        m2 = 0.0328605
        m5 = 0.139384
        m7 = 6.78825e-05
        m8 = 0.267022
        Th = 166.355
        Tb = 21782.4
        Te = 73.651
        Tg = 36.8255
#       SitePat  BranchLen
              b 121620.4136893
              e 45389.2580887
              c 47359.8690191
              n 44706.5360427
              w 44705.5598744
            b:e 1414.0425459
            b:c 1580.4930249
            b:n 1133.3492205
            b:w 1133.3147176
            e:c 11973.9086775
            e:n 4691.9800180
            e:w 4692.7236913
            c:n 4104.0020001
            c:w 4104.0657383
            n:w 12240.8338138
          b:e:c 1358.7877838
          b:e:n 603.1505393
          b:e:w 603.1710148
          b:c:n 603.3043597
          b:c:w 603.2838462
          b:n:w 1349.8256898
          e:c:n 4268.0996085
          e:c:w 4268.2683653
          e:n:w 6112.6706849
          c:n:w 5312.4998289
        b:e:c:n 1135.1493485
        b:e:c:w 1135.1838895
        b:e:n:w 1545.5143354
        b:c:n:w 1384.9931011
        e:c:n:w 48012.0685148
