########################################
# legofit: estimate population history #
#       version 2.3.4-4-g53f8760       #
########################################

# Program was compiled: Sep 21 2021 14:36:42
# Program was run: Tue Oct 19 17:10:46 2021

# cmd: legofit -1 -d 0 -t 32 --ptsPerDim 3 --stateOut b1boot23.state --tol 3e-6 -S 5000 begh2.lgo ../../chrX/boot_chrX/boot23.opf
# Stage nOptItr nSimReps
#     0    5000        0
# algorithm          : deterministic
# ignoring probs <=  : 0
# Branch length floor: 0
# DE strategy        : 2
#    F               : 0.3
#    CR              : 0.8
#    tolerance       : 3e-06
# nthreads           : 32
# lgo input file     : begh2.lgo
# site pat input file: ../../chrX/boot_chrX/boot23.opf
# free parameters    : 14
# points in DE swarm : 42
# output state file  : b1boot23.state
# Including singleton site patterns.
# cost function      : KL
Initial parameter values
Fixed:
      zero = 0
       one = 1
    Tbecnw = 75200
Free:
       pc1 = 0
       pc2 = 0
       pc3 = 0
       pc4 = 0
       pc5 = 0
       pc6 = 0
       pc7 = 0
       pc8 = 0
       pc9 = 0
      pc10 = 0
      pc11 = 0
      pc12 = 0
      pc13 = 0
      pc14 = 0
Constrained:
     Tecnw = 44410.6
       Tnw = 3555.71
       Tec = 2636.18
     twoNb = 1.22332e+06
     twoNe = 120462
     twoNw = 1.05677e+06
    twoNec = 75742.2
    twoNnw = 126651
  twoNecnw = 23456.4
  twoNbecnw = 55270.7
        m2 = 0.0169023
        m5 = 0.136044
        m7 = 0.000178685
        m8 = 0.284009
        Th = 3095.94
        Tb = 23523.4
        Te = 1318.09
        Tg = 659.044
DiffEv reached_goal. cost=2.51682e-03 spread=2.69551e-06
Fitted parameter values
Free:
       pc1 = -3.30613
       pc2 = -1.69167
       pc3 = 1.87548
       pc4 = -0.944008
       pc5 = 1.98409
       pc6 = -1.55523
       pc7 = -1.31197
       pc8 = 1.52
       pc9 = -0.32379
      pc10 = -0.291457
      pc11 = -0.75706
      pc12 = -0.735536
      pc13 = 0.216179
      pc14 = -0.13096
Constrained:
     Tecnw = 43509.9
       Tnw = 552.494
       Tec = 543.96
     twoNb = 2.31742e+06
     twoNe = 54341.5
     twoNw = 1.45237e+06
    twoNec = 76625.7
    twoNnw = 149417
  twoNecnw = 23612.7
  twoNbecnw = 54508.1
        m2 = 0.032553
        m5 = 0.139244
        m7 = 0.000198416
        m8 = 0.273209
        Th = 548.227
        Tb = 22026.9
        Te = 271.98
        Tg = 135.99
#       SitePat  BranchLen
              b 121719.8588106
              e 45419.0609772
              c 47375.3038995
              n 44870.8370259
              w 44869.4415509
            b:e 1433.5082296
            b:c 1599.2527056
            b:n 1163.2445595
            b:w 1163.1940513
            e:c 12150.3171938
            e:n 4737.4267737
            e:w 4738.7760618
            c:n 4155.2220934
            c:w 4155.0270043
            n:w 12302.5659012
          b:e:c 1394.0384146
          b:e:n 616.5052077
          b:e:w 616.5528573
          b:c:n 616.6748571
          b:c:w 616.6271534
          b:n:w 1385.3268872
          e:c:n 4330.0290116
          e:c:w 4330.2702876
          e:n:w 6143.6650471
          c:n:w 5347.8840240
        b:e:c:n 1164.9833855
        b:e:c:w 1165.0339478
        b:e:n:w 1566.2992044
        b:c:n:w 1405.8026215
        e:c:n:w 47820.4362934
