########################################
# legofit: estimate population history #
#       version 2.3.4-4-g53f8760       #
########################################

# Program was compiled: Sep 21 2021 14:36:42
# Program was run: Tue Oct 19 17:10:59 2021

# cmd: legofit -1 -d 0 -t 32 --ptsPerDim 3 --stateOut b1boot36.state --tol 3e-6 -S 5000 begh2.lgo ../../chrX/boot_chrX/boot36.opf
# Stage nOptItr nSimReps
#     0    5000        0
# algorithm          : deterministic
# ignoring probs <=  : 0
# Branch length floor: 0
# DE strategy        : 2
#    F               : 0.3
#    CR              : 0.8
#    tolerance       : 3e-06
# nthreads           : 32
# lgo input file     : begh2.lgo
# site pat input file: ../../chrX/boot_chrX/boot36.opf
# free parameters    : 14
# points in DE swarm : 42
# output state file  : b1boot36.state
# Including singleton site patterns.
# cost function      : KL
Initial parameter values
Fixed:
      zero = 0
       one = 1
    Tbecnw = 75200
Free:
       pc1 = 0
       pc2 = 0
       pc3 = 0
       pc4 = 0
       pc5 = 0
       pc6 = 0
       pc7 = 0
       pc8 = 0
       pc9 = 0
      pc10 = 0
      pc11 = 0
      pc12 = 0
      pc13 = 0
      pc14 = 0
Constrained:
     Tecnw = 44410.6
       Tnw = 3555.71
       Tec = 2636.18
     twoNb = 1.22332e+06
     twoNe = 120462
     twoNw = 1.05677e+06
    twoNec = 75742.2
    twoNnw = 126651
  twoNecnw = 23456.4
  twoNbecnw = 55270.7
        m2 = 0.0169023
        m5 = 0.136044
        m7 = 0.000178685
        m8 = 0.284009
        Th = 3095.94
        Tb = 23523.4
        Te = 1318.09
        Tg = 659.044
DiffEv reached_goal. cost=2.63166e-03 spread=2.75396e-06
Fitted parameter values
Free:
       pc1 = -3.96827
       pc2 = -1.82015
       pc3 = 1.918
       pc4 = -0.0977607
       pc5 = 1.96011
       pc6 = -1.98694
       pc7 = -0.404153
       pc8 = 1.981
       pc9 = -0.806294
      pc10 = -0.1502
      pc11 = -0.735926
      pc12 = -0.115288
      pc13 = 0.0153757
      pc14 = -0.0119809
Constrained:
     Tecnw = 43126.5
       Tnw = 261.602
       Tec = 89.1853
     twoNb = 2.32403e+06
     twoNe = 96065.4
     twoNw = 1.70447e+06
    twoNec = 81938.4
    twoNnw = 151259
  twoNecnw = 23311.1
  twoNbecnw = 54738
        m2 = 0.0323671
        m5 = 0.127336
        m7 = 0.0001645
        m8 = 0.271412
        Th = 175.394
        Tb = 21607.9
        Te = 44.5927
        Tg = 22.2963
#       SitePat  BranchLen
              b 122124.2281285
              e 45397.4290557
              c 47163.2976515
              n 44578.7986523
              w 44576.7507603
            b:e 1422.6683702
            b:c 1570.7478018
            b:n 1130.9406050
            b:w 1130.8678864
            e:c 11855.0411830
            e:n 4660.6384195
            e:w 4661.8978776
            c:n 4133.8071651
            c:w 4134.2351213
            n:w 12154.0856176
          b:e:c 1348.5697308
          b:e:n 604.0459041
          b:e:w 604.0709650
          b:c:n 604.1808758
          b:c:w 604.1557398
          b:n:w 1340.0597383
          e:c:n 4281.4886634
          e:c:w 4281.8491410
          e:n:w 6084.7873230
          c:n:w 5368.3025665
        b:e:c:n 1132.6243610
        b:e:c:w 1132.6971548
        b:e:n:w 1537.2372642
        b:c:n:w 1394.0482574
        e:c:n:w 48676.0973699
