########################################
# legofit: estimate population history #
#       version 2.3.4-4-g53f8760       #
########################################

# Program was compiled: Sep 21 2021 14:36:42
# Program was run: Tue Oct 19 17:10:46 2021

# cmd: legofit -1 -d 0 -t 32 --ptsPerDim 3 --stateOut b1boot24.state --tol 3e-6 -S 5000 begh2.lgo ../../chrX/boot_chrX/boot24.opf
# Stage nOptItr nSimReps
#     0    5000        0
# algorithm          : deterministic
# ignoring probs <=  : 0
# Branch length floor: 0
# DE strategy        : 2
#    F               : 0.3
#    CR              : 0.8
#    tolerance       : 3e-06
# nthreads           : 32
# lgo input file     : begh2.lgo
# site pat input file: ../../chrX/boot_chrX/boot24.opf
# free parameters    : 14
# points in DE swarm : 42
# output state file  : b1boot24.state
# Including singleton site patterns.
# cost function      : KL
Initial parameter values
Fixed:
      zero = 0
       one = 1
    Tbecnw = 75200
Free:
       pc1 = 0
       pc2 = 0
       pc3 = 0
       pc4 = 0
       pc5 = 0
       pc6 = 0
       pc7 = 0
       pc8 = 0
       pc9 = 0
      pc10 = 0
      pc11 = 0
      pc12 = 0
      pc13 = 0
      pc14 = 0
Constrained:
     Tecnw = 44410.6
       Tnw = 3555.71
       Tec = 2636.18
     twoNb = 1.22332e+06
     twoNe = 120462
     twoNw = 1.05677e+06
    twoNec = 75742.2
    twoNnw = 126651
  twoNecnw = 23456.4
  twoNbecnw = 55270.7
        m2 = 0.0169023
        m5 = 0.136044
        m7 = 0.000178685
        m8 = 0.284009
        Th = 3095.94
        Tb = 23523.4
        Te = 1318.09
        Tg = 659.044
DiffEv reached_goal. cost=2.67803e-03 spread=2.32438e-06
Fitted parameter values
Free:
       pc1 = -3.95998
       pc2 = -0.962994
       pc3 = 1.96869
       pc4 = -0.894708
       pc5 = 1.8859
       pc6 = -1.99816
       pc7 = -1.66659
       pc8 = 0.979816
       pc9 = -0.23291
      pc10 = -0.151454
      pc11 = -0.585469
      pc12 = -0.681882
      pc13 = -0.0169797
      pc14 = -0.136113
Constrained:
     Tecnw = 43652.2
       Tnw = 233.444
       Tec = 167.641
     twoNb = 2.44319e+06
     twoNe = 31603
     twoNw = 1.2899e+06
    twoNec = 81431.1
    twoNnw = 153201
  twoNecnw = 23442.2
  twoNbecnw = 55096.5
        m2 = 0.0309418
        m5 = 0.14266
        m7 = 0.000213709
        m8 = 0.26779
        Th = 200.543
        Tb = 21909.9
        Te = 83.8207
        Tg = 41.9104
#       SitePat  BranchLen
              b 122251.5205686
              e 45686.4829265
              c 47686.0289813
              n 45057.9335997
              w 45056.4872474
            b:e 1441.1283004
            b:c 1609.2124292
            b:n 1173.8384352
            b:w 1173.7858300
            e:c 12001.0486984
            e:n 4753.9645981
            e:w 4755.0141917
            c:n 4155.0065702
            c:w 4155.1509039
            n:w 12260.2516997
          b:e:c 1393.3090273
          b:e:n 625.9376556
          b:e:w 625.9656627
          b:c:n 626.0797580
          b:c:w 626.0517010
          b:n:w 1385.5242888
          e:c:n 4337.6188824
          e:c:w 4337.8713074
          e:n:w 6147.9537398
          c:n:w 5342.1159682
        b:e:c:n 1175.4320952
        b:e:c:w 1175.4847503
        b:e:n:w 1578.7537819
        b:c:n:w 1415.5545449
        e:c:n:w 48241.6132114
