########################################
# legofit: estimate population history #
#       version 2.3.4-4-g53f8760       #
########################################

# Program was compiled: Sep 21 2021 14:36:42
# Program was run: Tue Oct 19 17:10:26 2021

# cmd: legofit -1 -d 0 -t 32 --ptsPerDim 3 --stateOut b1boot8.state --tol 3e-6 -S 5000 begh2.lgo ../../chrX/boot_chrX/boot8.opf
# Stage nOptItr nSimReps
#     0    5000        0
# algorithm          : deterministic
# ignoring probs <=  : 0
# Branch length floor: 0
# DE strategy        : 2
#    F               : 0.3
#    CR              : 0.8
#    tolerance       : 3e-06
# nthreads           : 32
# lgo input file     : begh2.lgo
# site pat input file: ../../chrX/boot_chrX/boot8.opf
# free parameters    : 14
# points in DE swarm : 42
# output state file  : b1boot8.state
# Including singleton site patterns.
# cost function      : KL
Initial parameter values
Fixed:
      zero = 0
       one = 1
    Tbecnw = 75200
Free:
       pc1 = 0
       pc2 = 0
       pc3 = 0
       pc4 = 0
       pc5 = 0
       pc6 = 0
       pc7 = 0
       pc8 = 0
       pc9 = 0
      pc10 = 0
      pc11 = 0
      pc12 = 0
      pc13 = 0
      pc14 = 0
Constrained:
     Tecnw = 44410.6
       Tnw = 3555.71
       Tec = 2636.18
     twoNb = 1.22332e+06
     twoNe = 120462
     twoNw = 1.05677e+06
    twoNec = 75742.2
    twoNnw = 126651
  twoNecnw = 23456.4
  twoNbecnw = 55270.7
        m2 = 0.0169023
        m5 = 0.136044
        m7 = 0.000178685
        m8 = 0.284009
        Th = 3095.94
        Tb = 23523.4
        Te = 1318.09
        Tg = 659.044
DiffEv reached_goal. cost=2.56154e-03 spread=2.52473e-06
Fitted parameter values
Free:
       pc1 = -3.38433
       pc2 = 0.955766
       pc3 = 1.97154
       pc4 = -0.218706
       pc5 = 1.96184
       pc6 = -1.99586
       pc7 = -0.871276
       pc8 = 0.560151
       pc9 = 0.888032
      pc10 = -0.0085485
      pc11 = -0.429792
      pc12 = -0.639615
      pc13 = 0.202883
      pc14 = -0.0596642
Constrained:
     Tecnw = 44403.7
       Tnw = 186.579
       Tec = 127.136
     twoNb = 1.91218e+06
     twoNe = 22436.8
     twoNw = 1.1565e+06
    twoNec = 81690.9
    twoNnw = 150150
  twoNecnw = 23219.6
  twoNbecnw = 56908.8
        m2 = 0.0296612
        m5 = 0.142192
        m7 = 0.000294343
        m8 = 0.269816
        Th = 156.857
        Tb = 22265.4
        Te = 63.5681
        Tg = 31.784
#       SitePat  BranchLen
              b 123699.2781981
              e 46063.8077339
              c 48122.3790566
              n 45280.4506975
              w 45279.0562372
            b:e 1506.1563911
            b:c 1682.7327954
            b:n 1222.6210313
            b:w 1222.5685479
            e:c 12218.6337115
            e:n 4825.5333230
            e:w 4826.5219844
            c:n 4210.6076871
            c:w 4210.7686397
            n:w 12595.0832868
          b:e:c 1469.5495299
          b:e:n 651.8177273
          b:e:w 651.8442008
          b:c:n 651.9809318
          b:c:w 651.9543982
          b:n:w 1459.7960122
          e:c:n 4378.3364312
          e:c:w 4378.5812775
          e:n:w 6278.6708144
          c:n:w 5444.8201324
        b:e:c:n 1224.6499570
        b:e:c:w 1224.7025005
        b:e:n:w 1645.3290168
        b:c:n:w 1474.4375505
        e:c:n:w 49095.2841894
