########################################
# legofit: estimate population history #
#       version 2.3.4-4-g53f8760       #
########################################

# Program was compiled: Sep 21 2021 14:36:42
# Program was run: Tue Oct 19 17:10:59 2021

# cmd: legofit -1 -d 0 -t 32 --ptsPerDim 3 --stateOut b1boot33.state --tol 3e-6 -S 5000 begh2.lgo ../../chrX/boot_chrX/boot33.opf
# Stage nOptItr nSimReps
#     0    5000        0
# algorithm          : deterministic
# ignoring probs <=  : 0
# Branch length floor: 0
# DE strategy        : 2
#    F               : 0.3
#    CR              : 0.8
#    tolerance       : 3e-06
# nthreads           : 32
# lgo input file     : begh2.lgo
# site pat input file: ../../chrX/boot_chrX/boot33.opf
# free parameters    : 14
# points in DE swarm : 42
# output state file  : b1boot33.state
# Including singleton site patterns.
# cost function      : KL
Initial parameter values
Fixed:
      zero = 0
       one = 1
    Tbecnw = 75200
Free:
       pc1 = 0
       pc2 = 0
       pc3 = 0
       pc4 = 0
       pc5 = 0
       pc6 = 0
       pc7 = 0
       pc8 = 0
       pc9 = 0
      pc10 = 0
      pc11 = 0
      pc12 = 0
      pc13 = 0
      pc14 = 0
Constrained:
     Tecnw = 44410.6
       Tnw = 3555.71
       Tec = 2636.18
     twoNb = 1.22332e+06
     twoNe = 120462
     twoNw = 1.05677e+06
    twoNec = 75742.2
    twoNnw = 126651
  twoNecnw = 23456.4
  twoNbecnw = 55270.7
        m2 = 0.0169023
        m5 = 0.136044
        m7 = 0.000178685
        m8 = 0.284009
        Th = 3095.94
        Tb = 23523.4
        Te = 1318.09
        Tg = 659.044
DiffEv reached_goal. cost=2.57471e-03 spread=2.50941e-06
Fitted parameter values
Free:
       pc1 = -3.50892
       pc2 = -1.08226
       pc3 = 1.96424
       pc4 = 0.361282
       pc5 = 1.57119
       pc6 = -1.95606
       pc7 = -0.0467794
       pc8 = 1.6593
       pc9 = -0.272379
      pc10 = 0.799719
      pc11 = -0.968376
      pc12 = 0.124245
      pc13 = 0.252884
      pc14 = -0.0362154
Constrained:
     Tecnw = 43288.7
       Tnw = 613.71
       Tec = 400.907
     twoNb = 2.13237e+06
     twoNe = 100176
     twoNw = 1.58099e+06
    twoNec = 80875.6
    twoNnw = 143293
  twoNecnw = 23089.6
  twoNbecnw = 55626.1
        m2 = 0.031435
        m5 = 0.124801
        m7 = 0.000244996
        m8 = 0.2625
        Th = 507.308
        Tb = 21844.8
        Te = 200.453
        Tg = 100.227
#       SitePat  BranchLen
              b 122966.4702414
              e 45291.6347872
              c 47096.0179474
              n 44358.9026141
              w 44355.7268333
            b:e 1433.5893967
            b:c 1584.5701864
            b:n 1129.8562911
            b:w 1129.7427631
            e:c 12111.1899062
            e:n 4595.7944035
            e:w 4597.9683361
            c:n 4062.1407291
            c:w 4062.5855852
            n:w 12479.9993944
          b:e:c 1385.2835320
          b:e:n 597.2643885
          b:e:w 597.3168606
          b:c:n 597.4260364
          b:c:w 597.3734380
          b:n:w 1375.9465906
          e:c:n 4254.8242375
          e:c:w 4255.3812296
          e:n:w 6137.6925722
          c:n:w 5397.2351829
        b:e:c:n 1131.6135716
        b:e:c:w 1131.7272259
        b:e:n:w 1548.6727963
        b:c:n:w 1402.5844356
        e:c:n:w 49539.4845103
