########################################
# legofit: estimate population history #
#       version 2.3.4-4-g53f8760       #
########################################

# Program was compiled: Sep 21 2021 14:36:42
# Program was run: Tue Oct 19 17:11:11 2021

# cmd: legofit -1 -d 0 -t 32 --ptsPerDim 3 --stateOut b1boot44.state --tol 3e-6 -S 5000 begh2.lgo ../../chrX/boot_chrX/boot44.opf
# Stage nOptItr nSimReps
#     0    5000        0
# algorithm          : deterministic
# ignoring probs <=  : 0
# Branch length floor: 0
# DE strategy        : 2
#    F               : 0.3
#    CR              : 0.8
#    tolerance       : 3e-06
# nthreads           : 32
# lgo input file     : begh2.lgo
# site pat input file: ../../chrX/boot_chrX/boot44.opf
# free parameters    : 14
# points in DE swarm : 42
# output state file  : b1boot44.state
# Including singleton site patterns.
# cost function      : KL
Initial parameter values
Fixed:
      zero = 0
       one = 1
    Tbecnw = 75200
Free:
       pc1 = 0
       pc2 = 0
       pc3 = 0
       pc4 = 0
       pc5 = 0
       pc6 = 0
       pc7 = 0
       pc8 = 0
       pc9 = 0
      pc10 = 0
      pc11 = 0
      pc12 = 0
      pc13 = 0
      pc14 = 0
Constrained:
     Tecnw = 44410.6
       Tnw = 3555.71
       Tec = 2636.18
     twoNb = 1.22332e+06
     twoNe = 120462
     twoNw = 1.05677e+06
    twoNec = 75742.2
    twoNnw = 126651
  twoNecnw = 23456.4
  twoNbecnw = 55270.7
        m2 = 0.0169023
        m5 = 0.136044
        m7 = 0.000178685
        m8 = 0.284009
        Th = 3095.94
        Tb = 23523.4
        Te = 1318.09
        Tg = 659.044
DiffEv reached_goal. cost=2.52730e-03 spread=2.38424e-06
Fitted parameter values
Free:
       pc1 = -3.99309
       pc2 = -1.86278
       pc3 = 1.99628
       pc4 = -0.8303
       pc5 = 1.9939
       pc6 = -1.98411
       pc7 = -1.9325
       pc8 = 1.95198
       pc9 = -0.267808
      pc10 = 0.283892
      pc11 = -0.733913
      pc12 = -0.54586
      pc13 = 0.328412
      pc14 = 0.0166714
Constrained:
     Tecnw = 43037.5
       Tnw = 227.862
       Tec = 207.523
     twoNb = 2.59864e+06
     twoNe = 1182.63
     twoNw = 1.53114e+06
    twoNec = 79443.2
    twoNnw = 149014
  twoNecnw = 23552.1
  twoNbecnw = 54603.2
        m2 = 0.0339003
        m5 = 0.139213
        m7 = 0.000289646
        m8 = 0.267504
        Th = 217.692
        Tb = 21622.5
        Te = 103.762
        Tg = 51.8808
#       SitePat  BranchLen
              b 121928.4966794
              e 45211.9831031
              c 47178.8604060
              n 44447.1816194
              w 44446.4683499
            b:e 1429.0077442
            b:c 1593.9597074
            b:n 1136.4981447
            b:w 1136.4727393
            e:c 11989.7137439
            e:n 4707.2626444
            e:w 4707.8740298
            c:n 4122.5910579
            c:w 4122.5691674
            n:w 12289.5489314
          b:e:c 1366.2560095
          b:e:n 605.3607095
          b:e:w 605.3799225
          b:c:n 605.4887055
          b:c:w 605.4694672
          b:n:w 1358.1623926
          e:c:n 4291.9035023
          e:c:w 4292.0272769
          e:n:w 6180.4675789
          c:n:w 5378.5708078
        b:e:c:n 1138.1301438
        b:e:c:w 1138.1555746
        b:e:n:w 1562.5293320
        b:c:n:w 1402.3557450
        e:c:n:w 48385.6717020
