########################################
# legofit: estimate population history #
#       version 2.3.4-4-g53f8760       #
########################################

# Program was compiled: Sep 21 2021 14:36:42
# Program was run: Tue Oct 19 17:10:13 2021

# cmd: legofit -1 -d 0 -t 32 --ptsPerDim 3 --stateOut b1boot0.state --tol 3e-6 -S 5000 begh2.lgo ../../chrX/boot_chrX/boot0.opf
# Stage nOptItr nSimReps
#     0    5000        0
# algorithm          : deterministic
# ignoring probs <=  : 0
# Branch length floor: 0
# DE strategy        : 2
#    F               : 0.3
#    CR              : 0.8
#    tolerance       : 3e-06
# nthreads           : 32
# lgo input file     : begh2.lgo
# site pat input file: ../../chrX/boot_chrX/boot0.opf
# free parameters    : 14
# points in DE swarm : 42
# output state file  : b1boot0.state
# Including singleton site patterns.
# cost function      : KL
Initial parameter values
Fixed:
      zero = 0
       one = 1
    Tbecnw = 75200
Free:
       pc1 = 0
       pc2 = 0
       pc3 = 0
       pc4 = 0
       pc5 = 0
       pc6 = 0
       pc7 = 0
       pc8 = 0
       pc9 = 0
      pc10 = 0
      pc11 = 0
      pc12 = 0
      pc13 = 0
      pc14 = 0
Constrained:
     Tecnw = 44410.6
       Tnw = 3555.71
       Tec = 2636.18
     twoNb = 1.22332e+06
     twoNe = 120462
     twoNw = 1.05677e+06
    twoNec = 75742.2
    twoNnw = 126651
  twoNecnw = 23456.4
  twoNbecnw = 55270.7
        m2 = 0.0169023
        m5 = 0.136044
        m7 = 0.000178685
        m8 = 0.284009
        Th = 3095.94
        Tb = 23523.4
        Te = 1318.09
        Tg = 659.044
DiffEv reached_goal. cost=2.53054e-03 spread=2.86550e-06
Fitted parameter values
Free:
       pc1 = -3.20788
       pc2 = -0.993431
       pc3 = 1.99424
       pc4 = -0.394129
       pc5 = 1.93689
       pc6 = -1.92096
       pc7 = -0.444022
       pc8 = 1.72833
       pc9 = -0.871518
      pc10 = 0.0960842
      pc11 = -0.708775
      pc12 = -0.819966
      pc13 = 0.155882
      pc14 = -0.0103358
Constrained:
     Tecnw = 44019.4
       Tnw = 474.847
       Tec = 313.017
     twoNb = 2.23947e+06
     twoNe = 67027.4
     twoNw = 1.54577e+06
    twoNec = 80183.1
    twoNnw = 146036
  twoNecnw = 23160.6
  twoNbecnw = 54874.6
        m2 = 0.0328499
        m5 = 0.131392
        m7 = 0.000165698
        m8 = 0.273524
        Th = 393.932
        Tb = 22166.2
        Te = 156.508
        Tg = 78.2542
#       SitePat  BranchLen
              b 122073.0944025
              e 45735.0172225
              c 47636.2355950
              n 44789.3697723
              w 44786.7351358
            b:e 1454.1234366
            b:c 1615.5809611
            b:n 1151.4862932
            b:w 1151.3913163
            e:c 12084.4295356
            e:n 4713.5331514
            e:w 4715.3449027
            c:n 4149.3510367
            c:w 4149.7130447
            n:w 12484.6684731
          b:e:c 1399.3611363
          b:e:n 613.7668876
          b:e:w 613.8112890
          b:c:n 613.9314387
          b:c:w 613.8869346
          b:n:w 1390.3253239
          e:c:n 4256.3116547
          e:c:w 4256.7725319
          e:n:w 6185.0955634
          c:n:w 5408.2105635
        b:e:c:n 1153.2440566
        b:e:c:w 1153.3391362
        b:e:n:w 1581.0734106
        b:c:n:w 1424.8562895
        e:c:n:w 48088.0483975
