########################################
# legofit: estimate population history #
#       version 2.3.4-4-g53f8760       #
########################################

# Program was compiled: Sep 21 2021 14:36:42
# Program was run: Tue Oct 19 17:11:04 2021

# cmd: legofit -1 -d 0 -t 32 --ptsPerDim 3 --stateOut b1boot39.state --tol 3e-6 -S 5000 begh2.lgo ../../chrX/boot_chrX/boot39.opf
# Stage nOptItr nSimReps
#     0    5000        0
# algorithm          : deterministic
# ignoring probs <=  : 0
# Branch length floor: 0
# DE strategy        : 2
#    F               : 0.3
#    CR              : 0.8
#    tolerance       : 3e-06
# nthreads           : 32
# lgo input file     : begh2.lgo
# site pat input file: ../../chrX/boot_chrX/boot39.opf
# free parameters    : 14
# points in DE swarm : 42
# output state file  : b1boot39.state
# Including singleton site patterns.
# cost function      : KL
Initial parameter values
Fixed:
      zero = 0
       one = 1
    Tbecnw = 75200
Free:
       pc1 = 0
       pc2 = 0
       pc3 = 0
       pc4 = 0
       pc5 = 0
       pc6 = 0
       pc7 = 0
       pc8 = 0
       pc9 = 0
      pc10 = 0
      pc11 = 0
      pc12 = 0
      pc13 = 0
      pc14 = 0
Constrained:
     Tecnw = 44410.6
       Tnw = 3555.71
       Tec = 2636.18
     twoNb = 1.22332e+06
     twoNe = 120462
     twoNw = 1.05677e+06
    twoNec = 75742.2
    twoNnw = 126651
  twoNecnw = 23456.4
  twoNbecnw = 55270.7
        m2 = 0.0169023
        m5 = 0.136044
        m7 = 0.000178685
        m8 = 0.284009
        Th = 3095.94
        Tb = 23523.4
        Te = 1318.09
        Tg = 659.044
DiffEv reached_goal. cost=2.51861e-03 spread=2.84439e-06
Fitted parameter values
Free:
       pc1 = -3.64197
       pc2 = -0.724631
       pc3 = 1.98925
       pc4 = -0.671172
       pc5 = 1.95433
       pc6 = -1.98235
       pc7 = -0.406603
       pc8 = 1.87543
       pc9 = -1.08645
      pc10 = -0.13577
      pc11 = -0.568226
      pc12 = -0.275489
      pc13 = 0.0445106
      pc14 = -0.0951699
Constrained:
     Tecnw = 43729.3
       Tnw = 207.305
       Tec = 22.6359
     twoNb = 2.20951e+06
     twoNe = 44529.2
     twoNw = 1.55673e+06
    twoNec = 80896.5
    twoNnw = 151117
  twoNecnw = 22891.6
  twoNbecnw = 54825.8
        m2 = 0.0315595
        m5 = 0.131603
        m7 = 0.000143517
        m8 = 0.2746
        Th = 114.97
        Tb = 21875.9
        Te = 11.3179
        Tg = 5.65897
#       SitePat  BranchLen
              b 122230.5714607
              e 45476.5198577
              c 47317.2565545
              n 44725.9057378
              w 44723.6005241
            b:e 1412.2531314
            b:c 1565.9212444
            b:n 1129.4491835
            b:w 1129.3678049
            e:c 11925.6593388
            e:n 4676.5489632
            e:w 4677.9158084
            c:n 4125.6415891
            c:w 4126.1767945
            n:w 12197.5408242
          b:e:c 1351.8047606
          b:e:n 602.2369258
          b:e:w 602.2618667
          b:c:n 602.3781787
          b:c:w 602.3531527
          b:n:w 1343.0905625
          e:c:n 4247.7849273
          e:c:w 4248.1880903
          e:n:w 6061.8270854
          c:n:w 5318.3142151
        b:e:c:n 1131.1431117
        b:e:c:w 1131.2245754
        b:e:n:w 1531.9852289
        b:c:n:w 1383.5071383
        e:c:n:w 48672.1946547
