########################################
# legofit: estimate population history #
#       version 2.3.4-4-g53f8760       #
########################################

# Program was compiled: Sep 21 2021 14:36:42
# Program was run: Tue Oct 19 17:11:04 2021

# cmd: legofit -1 -d 0 -t 32 --ptsPerDim 3 --stateOut b1boot41.state --tol 3e-6 -S 5000 begh2.lgo ../../chrX/boot_chrX/boot41.opf
# Stage nOptItr nSimReps
#     0    5000        0
# algorithm          : deterministic
# ignoring probs <=  : 0
# Branch length floor: 0
# DE strategy        : 2
#    F               : 0.3
#    CR              : 0.8
#    tolerance       : 3e-06
# nthreads           : 32
# lgo input file     : begh2.lgo
# site pat input file: ../../chrX/boot_chrX/boot41.opf
# free parameters    : 14
# points in DE swarm : 42
# output state file  : b1boot41.state
# Including singleton site patterns.
# cost function      : KL
Initial parameter values
Fixed:
      zero = 0
       one = 1
    Tbecnw = 75200
Free:
       pc1 = 0
       pc2 = 0
       pc3 = 0
       pc4 = 0
       pc5 = 0
       pc6 = 0
       pc7 = 0
       pc8 = 0
       pc9 = 0
      pc10 = 0
      pc11 = 0
      pc12 = 0
      pc13 = 0
      pc14 = 0
Constrained:
     Tecnw = 44410.6
       Tnw = 3555.71
       Tec = 2636.18
     twoNb = 1.22332e+06
     twoNe = 120462
     twoNw = 1.05677e+06
    twoNec = 75742.2
    twoNnw = 126651
  twoNecnw = 23456.4
  twoNbecnw = 55270.7
        m2 = 0.0169023
        m5 = 0.136044
        m7 = 0.000178685
        m8 = 0.284009
        Th = 3095.94
        Tb = 23523.4
        Te = 1318.09
        Tg = 659.044
DiffEv reached_goal. cost=2.50758e-03 spread=2.98199e-06
Fitted parameter values
Free:
       pc1 = -3.99026
       pc2 = 0.331897
       pc3 = 1.96023
       pc4 = -0.211648
       pc5 = 1.92186
       pc6 = -1.97552
       pc7 = -0.615522
       pc8 = 1.35055
       pc9 = -0.01747
      pc10 = 0.800905
      pc11 = -0.509984
      pc12 = -0.323009
      pc13 = -0.00838116
      pc14 = 0.105844
Constrained:
     Tecnw = 43881.1
       Tnw = 126.571
       Tec = 28.3231
     twoNb = 2.04433e+06
     twoNe = 17554.2
     twoNw = 1.38568e+06
    twoNec = 85878.3
    twoNnw = 148113
  twoNecnw = 22854.6
  twoNbecnw = 56042.7
        m2 = 0.0316061
        m5 = 0.135807
        m7 = 0.000299273
        m8 = 0.262944
        Th = 77.4473
        Tb = 21954.7
        Te = 14.1616
        Tg = 7.08078
#       SitePat  BranchLen
              b 123223.2907087
              e 45849.6526524
              c 47820.0602401
              n 44705.4108267
              w 44704.0165434
            b:e 1465.5564021
            b:c 1631.2189568
            b:n 1148.3743326
            b:w 1148.3242349
            e:c 11858.1116889
            e:n 4699.6295117
            e:w 4700.4863176
            c:n 4112.0864067
            c:w 4112.3809762
            n:w 12458.6581150
          b:e:c 1391.0813513
          b:e:n 616.3526756
          b:e:w 616.3698539
          b:c:n 616.4946916
          b:c:w 616.4774556
          b:n:w 1381.5719282
          e:c:n 4244.6370904
          e:c:w 4244.8799983
          e:n:w 6221.3122926
          c:n:w 5420.8218355
        b:e:c:n 1150.3144496
        b:e:c:w 1150.3646050
        b:e:n:w 1593.2655898
        b:c:n:w 1433.0847332
        e:c:n:w 49380.1274898
