########################################
# legofit: estimate population history #
#       version 2.3.4-4-g53f8760       #
########################################

# Program was compiled: Sep 21 2021 14:36:42
# Program was run: Tue Oct 19 17:10:46 2021

# cmd: legofit -1 -d 0 -t 32 --ptsPerDim 3 --stateOut b1boot21.state --tol 3e-6 -S 5000 begh2.lgo ../../chrX/boot_chrX/boot21.opf
# Stage nOptItr nSimReps
#     0    5000        0
# algorithm          : deterministic
# ignoring probs <=  : 0
# Branch length floor: 0
# DE strategy        : 2
#    F               : 0.3
#    CR              : 0.8
#    tolerance       : 3e-06
# nthreads           : 32
# lgo input file     : begh2.lgo
# site pat input file: ../../chrX/boot_chrX/boot21.opf
# free parameters    : 14
# points in DE swarm : 42
# output state file  : b1boot21.state
# Including singleton site patterns.
# cost function      : KL
Initial parameter values
Fixed:
      zero = 0
       one = 1
    Tbecnw = 75200
Free:
       pc1 = 0
       pc2 = 0
       pc3 = 0
       pc4 = 0
       pc5 = 0
       pc6 = 0
       pc7 = 0
       pc8 = 0
       pc9 = 0
      pc10 = 0
      pc11 = 0
      pc12 = 0
      pc13 = 0
      pc14 = 0
Constrained:
     Tecnw = 44410.6
       Tnw = 3555.71
       Tec = 2636.18
     twoNb = 1.22332e+06
     twoNe = 120462
     twoNw = 1.05677e+06
    twoNec = 75742.2
    twoNnw = 126651
  twoNecnw = 23456.4
  twoNbecnw = 55270.7
        m2 = 0.0169023
        m5 = 0.136044
        m7 = 0.000178685
        m8 = 0.284009
        Th = 3095.94
        Tb = 23523.4
        Te = 1318.09
        Tg = 659.044
DiffEv reached_goal. cost=2.63530e-03 spread=1.94306e-06
Fitted parameter values
Free:
       pc1 = -3.85498
       pc2 = -1.79123
       pc3 = 1.998
       pc4 = -0.251631
       pc5 = 1.9045
       pc6 = -1.72239
       pc7 = 0.0281124
       pc8 = 1.93967
       pc9 = -1.38768
      pc10 = 0.0520292
      pc11 = -0.984338
      pc12 = -0.551234
      pc13 = 0.121841
      pc14 = 0.000314606
Constrained:
     Tecnw = 43556.5
       Tnw = 18.6794
       Tec = 3.17574
     twoNb = 2.2647e+06
     twoNe = 122534
     twoNw = 1.69323e+06
    twoNec = 81374.8
    twoNnw = 148130
  twoNecnw = 23162.9
  twoNbecnw = 54230.2
        m2 = 0.0332725
        m5 = 0.125507
        m7 = 0.000118206
        m8 = 0.268751
        Th = 10.9276
        Tb = 21779.8
        Te = 1.58787
        Tg = 0.793936
#       SitePat  BranchLen
              b 121628.9672226
              e 45452.4287461
              c 47260.1863494
              n 44500.4238119
              w 44500.2489338
            b:e 1424.7630895
            b:c 1576.1341733
            b:n 1121.3441653
            b:w 1121.3380287
            e:c 12037.0676003
            e:n 4644.6598389
            e:w 4644.7640183
            c:n 4106.1076661
            c:w 4106.1479332
            n:w 12421.1679873
          b:e:c 1363.3942132
          b:e:n 596.1454891
          b:e:w 596.1473970
          b:c:n 596.2631990
          b:c:w 596.2612844
          b:n:w 1354.3262510
          e:c:n 4224.4916916
          e:c:w 4224.5221233
          e:n:w 6107.6409386
          c:n:w 5371.6327923
        b:e:c:n 1123.1716370
        b:e:c:w 1123.1777803
        b:e:n:w 1541.1829753
        b:c:n:w 1394.9990951
        e:c:n:w 48054.0584623
