########################################
# legofit: estimate population history #
#       version 2.3.4-4-g53f8760       #
########################################

# Program was compiled: Sep 21 2021 14:36:42
# Program was run: Tue Oct 19 17:10:20 2021

# cmd: legofit -1 -d 0 -t 32 --ptsPerDim 3 --stateOut b1boot4.state --tol 3e-6 -S 5000 begh2.lgo ../../chrX/boot_chrX/boot4.opf
# Stage nOptItr nSimReps
#     0    5000        0
# algorithm          : deterministic
# ignoring probs <=  : 0
# Branch length floor: 0
# DE strategy        : 2
#    F               : 0.3
#    CR              : 0.8
#    tolerance       : 3e-06
# nthreads           : 32
# lgo input file     : begh2.lgo
# site pat input file: ../../chrX/boot_chrX/boot4.opf
# free parameters    : 14
# points in DE swarm : 42
# output state file  : b1boot4.state
# Including singleton site patterns.
# cost function      : KL
Initial parameter values
Fixed:
      zero = 0
       one = 1
    Tbecnw = 75200
Free:
       pc1 = 0
       pc2 = 0
       pc3 = 0
       pc4 = 0
       pc5 = 0
       pc6 = 0
       pc7 = 0
       pc8 = 0
       pc9 = 0
      pc10 = 0
      pc11 = 0
      pc12 = 0
      pc13 = 0
      pc14 = 0
Constrained:
     Tecnw = 44410.6
       Tnw = 3555.71
       Tec = 2636.18
     twoNb = 1.22332e+06
     twoNe = 120462
     twoNw = 1.05677e+06
    twoNec = 75742.2
    twoNnw = 126651
  twoNecnw = 23456.4
  twoNbecnw = 55270.7
        m2 = 0.0169023
        m5 = 0.136044
        m7 = 0.000178685
        m8 = 0.284009
        Th = 3095.94
        Tb = 23523.4
        Te = 1318.09
        Tg = 659.044
DiffEv reached_goal. cost=2.58928e-03 spread=2.46127e-06
Fitted parameter values
Free:
       pc1 = -3.2965
       pc2 = -0.113273
       pc3 = 1.96413
       pc4 = -0.592943
       pc5 = 1.96081
       pc6 = -1.95072
       pc7 = -1.53789
       pc8 = 1.28067
       pc9 = -0.0365891
      pc10 = 0.100537
      pc11 = -0.672008
      pc12 = -0.134066
      pc13 = 0.248481
      pc14 = -0.104502
Constrained:
     Tecnw = 43737.6
       Tnw = 437.687
       Tec = 414.55
     twoNb = 2.2628e+06
     twoNe = 15143.7
     twoNw = 1.36533e+06
    twoNec = 78224.1
    twoNnw = 149234
  twoNecnw = 23080.4
  twoNbecnw = 55742.8
        m2 = 0.029706
        m5 = 0.14167
        m7 = 0.000310226
        m8 = 0.271896
        Th = 426.119
        Tb = 22076.1
        Te = 207.275
        Tg = 103.638
#       SitePat  BranchLen
              b 122981.2196218
              e 45399.3729868
              c 47388.6596641
              n 44800.8124786
              w 44799.4276271
            b:e 1424.6139852
            b:c 1589.8521484
            b:n 1161.1036883
            b:w 1161.0536013
            e:c 12073.6117125
            e:n 4731.8909239
            e:w 4733.1431865
            c:n 4137.2333328
            c:w 4137.1263597
            n:w 12294.7181315
          b:e:c 1390.4109125
          b:e:n 616.3388526
          b:e:w 616.3807460
          b:c:n 616.4894393
          b:c:w 616.4474962
          b:n:w 1382.2349518
          e:c:n 4314.9733308
          e:c:w 4315.2128927
          e:n:w 6128.5476887
          c:n:w 5325.0119885
        b:e:c:n 1162.7298971
        b:e:c:w 1162.7800340
        b:e:n:w 1558.4545045
        b:c:n:w 1397.9224452
        e:c:n:w 49209.5706704
