########################################
# legofit: estimate population history #
#       version 2.3.4-4-g53f8760       #
########################################

# Program was compiled: Sep 21 2021 14:36:42
# Program was run: Sat Sep 25 03:00:12 2021

# cmd: legofit -1 -d 0 -t 32 --ptsPerDim 3 --stateOut b1boot30.state --tol 3e-6 -S 5000 abe2.lgo ../../boot/boot30.opf
# Stage nOptItr nSimReps
#     0    5000        0
# algorithm          : deterministic
# ignoring probs <=  : 0
# Branch length floor: 0
# DE strategy        : 2
#    F               : 0.3
#    CR              : 0.8
#    tolerance       : 3e-06
# nthreads           : 32
# lgo input file     : abe2.lgo
# site pat input file: ../../boot/boot30.opf
# free parameters    : 15
# points in DE swarm : 45
# output state file  : b1boot30.state
# Including singleton site patterns.
# cost function      : KL
Initial parameter values
Fixed:
      zero = 0
       one = 1
    Tbecnw = 75200
Free:
       pc1 = 0
       pc2 = 0
       pc3 = 0
       pc4 = 0
       pc5 = 0
       pc6 = 0
       pc7 = 0
       pc8 = 0
       pc9 = 0
      pc10 = 0
      pc11 = 0
      pc12 = 0
      pc13 = 0
      pc14 = 0
      pc15 = 0
Constrained:
   Tgbecnw = 152182
     Tecnw = 27062.4
       Tnw = 16473.5
       Tec = 18180.4
     twoNb = 876004
     twoNe = 260704
     twoNw = 1.1783e+06
    twoNec = 63594
    twoNnw = 55496.3
  twoNecnw = 85819.7
  twoNbecnw = 26109.9
  twoNgbecnw = 307394
         m = 0.131724
        m2 = 0.0245394
        m5 = 0.175692
        Tb = 22621.4
        Ta = 48910.7
        Te = 8236.76
DiffEv reached_goal. cost=1.86852e-03 spread=2.58326e-06
Fitted parameter values
Free:
       pc1 = -2.04366
       pc2 = 0.882821
       pc3 = -1.98137
       pc4 = -1.97293
       pc5 = 1.30335
       pc6 = 1.25126
       pc7 = 0.00233263
       pc8 = 1.09201
       pc9 = -1.34482
      pc10 = -0.199623
      pc11 = -0.414567
      pc12 = -0.149897
      pc13 = -0.16892
      pc14 = -0.0196161
      pc15 = -0.0377167
Constrained:
   Tgbecnw = 125649
     Tecnw = 27064.9
       Tnw = 13103.8
       Tec = 16035.3
     twoNb = 1.39964e+06
     twoNe = 44919.1
     twoNw = 1.44173e+06
    twoNec = 79284.3
    twoNnw = 73422.3
  twoNecnw = 80483.9
  twoNbecnw = 19866.9
  twoNgbecnw = 248950
         m = 0.142427
        m2 = 0.0243918
        m5 = 0.176449
        Tb = 21550.1
        Ta = 48375.1
        Te = 6551.92
#       SitePat  BranchLen
              b 136628.8414550
              e 53078.7819310
              c 55822.6804487
              n 50138.9935666
              w 50101.9301258
            b:e 2366.3094091
            b:c 2664.5611465
            b:n 1962.2743310
            b:w 1959.7507204
            e:c 11366.9064541
            e:n 6012.7882806
            e:w 6049.8517214
            c:n 5261.8432327
            c:w 5253.5629489
            n:w 13805.4731067
          b:e:c 2200.7801219
          b:e:n 1192.0404749
          b:e:w 1194.5640855
          b:c:n 1200.9165474
          b:c:w 1198.2212689
          b:n:w 2212.4531529
          e:c:n 5087.8602971
          e:c:w 5096.1405810
          e:n:w 7046.8711156
          c:n:w 5944.6356402
        b:e:c:n 2167.9696468
        b:e:c:w 2170.6649253
        b:e:n:w 3402.6243604
        b:c:n:w 2997.4100595
        e:c:n:w 57085.2287503
