########################################
# legofit: estimate population history #
#       version 2.3.4-4-g53f8760       #
########################################

# Program was compiled: Sep 21 2021 14:36:42
# Program was run: Sat Sep 25 03:02:34 2021

# cmd: legofit -1 -d 0 -t 32 --ptsPerDim 3 --stateOut b1boot43.state --tol 3e-6 -S 5000 abe2.lgo ../../boot/boot43.opf
# Stage nOptItr nSimReps
#     0    5000        0
# algorithm          : deterministic
# ignoring probs <=  : 0
# Branch length floor: 0
# DE strategy        : 2
#    F               : 0.3
#    CR              : 0.8
#    tolerance       : 3e-06
# nthreads           : 32
# lgo input file     : abe2.lgo
# site pat input file: ../../boot/boot43.opf
# free parameters    : 15
# points in DE swarm : 45
# output state file  : b1boot43.state
# Including singleton site patterns.
# cost function      : KL
Initial parameter values
Fixed:
      zero = 0
       one = 1
    Tbecnw = 75200
Free:
       pc1 = 0
       pc2 = 0
       pc3 = 0
       pc4 = 0
       pc5 = 0
       pc6 = 0
       pc7 = 0
       pc8 = 0
       pc9 = 0
      pc10 = 0
      pc11 = 0
      pc12 = 0
      pc13 = 0
      pc14 = 0
      pc15 = 0
Constrained:
   Tgbecnw = 152182
     Tecnw = 27062.4
       Tnw = 16473.5
       Tec = 18180.4
     twoNb = 876004
     twoNe = 260704
     twoNw = 1.1783e+06
    twoNec = 63594
    twoNnw = 55496.3
  twoNecnw = 85819.7
  twoNbecnw = 26109.9
  twoNgbecnw = 307394
         m = 0.131724
        m2 = 0.0245394
        m5 = 0.175692
        Tb = 22621.4
        Ta = 48910.7
        Te = 8236.76
DiffEv reached_goal. cost=1.86397e-03 spread=2.76977e-06
Fitted parameter values
Free:
       pc1 = -1.85537
       pc2 = -1.02849
       pc3 = -1.98652
       pc4 = -1.9775
       pc5 = 1.89954
       pc6 = 1.56347
       pc7 = 0.0860241
       pc8 = 0.0190529
       pc9 = -1.52997
      pc10 = -0.0433357
      pc11 = -0.299777
      pc12 = 0.0631092
      pc13 = -0.157671
      pc14 = 0.0509785
      pc15 = -0.00766182
Constrained:
   Tgbecnw = 133171
     Tecnw = 26993.9
       Tnw = 12934.4
       Tec = 16167.3
     twoNb = 745656
     twoNe = 40635.7
     twoNw = 1.65528e+06
    twoNec = 76519.7
    twoNnw = 74754.3
  twoNecnw = 76109.7
  twoNbecnw = 19742.3
  twoNgbecnw = 355154
         m = 0.0922505
        m2 = 0.0243538
        m5 = 0.17746
        Tb = 21580.6
        Ta = 48390.3
        Te = 6467.19
#       SitePat  BranchLen
              b 133849.6458440
              e 52074.7656193
              c 54741.2493693
              n 49315.7122277
              w 49284.2161193
            b:e 2321.2933430
            b:c 2614.0526979
            b:n 1936.5870335
            b:w 1934.4352134
            e:c 11156.7698762
            e:n 5898.4373481
            e:w 5929.9334565
            c:n 5166.4711820
            c:w 5159.4106887
            n:w 13467.6464751
          b:e:c 2170.4892110
          b:e:n 1173.0385052
          b:e:w 1175.1903252
          b:c:n 1181.9601790
          b:c:w 1179.6618598
          b:n:w 2172.9256456
          e:c:n 5036.7472195
          e:c:w 5043.8077128
          e:n:w 6900.1070688
          c:n:w 5828.2734300
        b:e:c:n 2139.3732323
        b:e:c:w 2141.6715515
        b:e:n:w 3342.6588666
        b:c:n:w 2944.3450905
        e:c:n:w 55773.0454474
