########################################
# legofit: estimate population history #
#       version 2.3.4-4-g53f8760       #
########################################

# Program was compiled: Sep 21 2021 14:36:42
# Program was run: Sat Sep 25 02:57:37 2021

# cmd: legofit -1 -d 0 -t 32 --ptsPerDim 3 --stateOut b1boot17.state --tol 3e-6 -S 5000 abe2.lgo ../../boot/boot17.opf
# Stage nOptItr nSimReps
#     0    5000        0
# algorithm          : deterministic
# ignoring probs <=  : 0
# Branch length floor: 0
# DE strategy        : 2
#    F               : 0.3
#    CR              : 0.8
#    tolerance       : 3e-06
# nthreads           : 32
# lgo input file     : abe2.lgo
# site pat input file: ../../boot/boot17.opf
# free parameters    : 15
# points in DE swarm : 45
# output state file  : b1boot17.state
# Including singleton site patterns.
# cost function      : KL
Initial parameter values
Fixed:
      zero = 0
       one = 1
    Tbecnw = 75200
Free:
       pc1 = 0
       pc2 = 0
       pc3 = 0
       pc4 = 0
       pc5 = 0
       pc6 = 0
       pc7 = 0
       pc8 = 0
       pc9 = 0
      pc10 = 0
      pc11 = 0
      pc12 = 0
      pc13 = 0
      pc14 = 0
      pc15 = 0
Constrained:
   Tgbecnw = 152182
     Tecnw = 27062.4
       Tnw = 16473.5
       Tec = 18180.4
     twoNb = 876004
     twoNe = 260704
     twoNw = 1.1783e+06
    twoNec = 63594
    twoNnw = 55496.3
  twoNecnw = 85819.7
  twoNbecnw = 26109.9
  twoNgbecnw = 307394
         m = 0.131724
        m2 = 0.0245394
        m5 = 0.175692
        Tb = 22621.4
        Ta = 48910.7
        Te = 8236.76
DiffEv reached_goal. cost=1.85687e-03 spread=1.86022e-06
Fitted parameter values
Free:
       pc1 = -2.24289
       pc2 = 0.872186
       pc3 = -1.98894
       pc4 = -1.98185
       pc5 = 1.61709
       pc6 = 1.2723
       pc7 = 1.39727
       pc8 = 0.599891
       pc9 = 0.271036
      pc10 = 0.2128
      pc11 = -0.304591
      pc12 = -0.0387336
      pc13 = -0.12355
      pc14 = 0.0323917
      pc15 = -0.0211215
Constrained:
   Tgbecnw = 126023
     Tecnw = 26927.9
       Tnw = 14172.2
       Tec = 15289.3
     twoNb = 1.06701e+06
     twoNe = 8443.16
     twoNw = 1.82205e+06
    twoNec = 82666.6
    twoNnw = 67355.4
  twoNecnw = 82118.9
  twoNbecnw = 20549.6
  twoNgbecnw = 230397
         m = 0.154682
        m2 = 0.0258975
        m5 = 0.174395
        Tb = 21108.6
        Ta = 48154.3
        Te = 7086.08
#       SitePat  BranchLen
              b 137128.4769977
              e 53366.0318189
              c 56068.9968750
              n 50533.8112901
              w 50502.7043633
            b:e 2413.3805270
            b:c 2717.1709882
            b:n 1972.8855047
            b:w 1970.7403434
            e:c 11563.0783398
            e:n 6046.8354362
            e:w 6077.9423629
            c:n 5309.3636627
            c:w 5302.2949123
            n:w 13863.5594693
          b:e:c 2216.4493390
          b:e:n 1196.1312789
          b:e:w 1198.2764402
          b:c:n 1204.5144401
          b:c:w 1202.2246101
          b:n:w 2227.8490467
          e:c:n 5133.2024787
          e:c:w 5140.2712291
          e:n:w 7113.3702453
          c:n:w 6013.6981256
        b:e:c:n 2178.2194256
        b:e:c:w 2180.5092556
        b:e:n:w 3436.5538927
        b:c:n:w 3030.2582829
        e:c:n:w 57013.3888609
