########################################
# legofit: estimate population history #
#       version 2.3.4-4-g53f8760       #
########################################

# Program was compiled: Sep 21 2021 14:36:42
# Program was run: Sat Sep 25 03:00:19 2021

# cmd: legofit -1 -d 0 -t 32 --ptsPerDim 3 --stateOut b1boot31.state --tol 3e-6 -S 5000 abe2.lgo ../../boot/boot31.opf
# Stage nOptItr nSimReps
#     0    5000        0
# algorithm          : deterministic
# ignoring probs <=  : 0
# Branch length floor: 0
# DE strategy        : 2
#    F               : 0.3
#    CR              : 0.8
#    tolerance       : 3e-06
# nthreads           : 32
# lgo input file     : abe2.lgo
# site pat input file: ../../boot/boot31.opf
# free parameters    : 15
# points in DE swarm : 45
# output state file  : b1boot31.state
# Including singleton site patterns.
# cost function      : KL
Initial parameter values
Fixed:
      zero = 0
       one = 1
    Tbecnw = 75200
Free:
       pc1 = 0
       pc2 = 0
       pc3 = 0
       pc4 = 0
       pc5 = 0
       pc6 = 0
       pc7 = 0
       pc8 = 0
       pc9 = 0
      pc10 = 0
      pc11 = 0
      pc12 = 0
      pc13 = 0
      pc14 = 0
      pc15 = 0
Constrained:
   Tgbecnw = 152182
     Tecnw = 27062.4
       Tnw = 16473.5
       Tec = 18180.4
     twoNb = 876004
     twoNe = 260704
     twoNw = 1.1783e+06
    twoNec = 63594
    twoNnw = 55496.3
  twoNecnw = 85819.7
  twoNbecnw = 26109.9
  twoNgbecnw = 307394
         m = 0.131724
        m2 = 0.0245394
        m5 = 0.175692
        Tb = 22621.4
        Ta = 48910.7
        Te = 8236.76
DiffEv reached_goal. cost=1.82883e-03 spread=2.25852e-06
Fitted parameter values
Free:
       pc1 = -1.65398
       pc2 = -1.11667
       pc3 = -1.98138
       pc4 = -1.89746
       pc5 = 1.74741
       pc6 = 1.4528
       pc7 = 1.36518
       pc8 = 0.343021
       pc9 = -0.301887
      pc10 = 0.100886
      pc11 = -0.342806
      pc12 = 0.125383
      pc13 = -0.107861
      pc14 = -0.00949841
      pc15 = 0.00953884
Constrained:
   Tgbecnw = 134778
     Tecnw = 26590.2
       Tnw = 14038.2
       Tec = 15969.9
     twoNb = 722500
     twoNe = 2936
     twoNw = 1.80018e+06
    twoNec = 76420.2
    twoNnw = 66233.5
  twoNecnw = 77812.9
  twoNbecnw = 20293.2
  twoNgbecnw = 346841
         m = 0.0950204
        m2 = 0.0255342
        m5 = 0.174196
        Tb = 21280
        Ta = 48240
        Te = 7019.11
#       SitePat  BranchLen
              b 134250.4757761
              e 52283.0608273
              c 54913.4039703
              n 49414.0457551
              w 49383.6624522
            b:e 2352.6838353
            b:c 2646.2227813
            b:n 1938.1160527
            b:w 1936.0042555
            e:c 11218.9854177
            e:n 5933.0016802
            e:w 5963.3849831
            c:n 5218.7616502
            c:w 5211.8052212
            n:w 13540.4248237
          b:e:c 2179.5297333
          b:e:n 1177.1529046
          b:e:w 1179.2647017
          b:c:n 1185.9399898
          b:c:w 1183.6851422
          b:n:w 2181.9032962
          e:c:n 5043.1837502
          e:c:w 5050.1401792
          e:n:w 6966.6514849
          c:n:w 5896.2307352
        b:e:c:n 2140.3533084
        b:e:c:w 2142.6081560
        b:e:n:w 3395.0848300
        b:c:n:w 2994.2357181
        e:c:n:w 55858.1748947
