########################################
# legofit: estimate population history #
#       version 2.3.4-4-g53f8760       #
########################################

# Program was compiled: Sep 21 2021 14:36:42
# Program was run: Sat Sep 25 03:01:34 2021

# cmd: legofit -1 -d 0 -t 32 --ptsPerDim 3 --stateOut b1boot37.state --tol 3e-6 -S 5000 abe2.lgo ../../boot/boot37.opf
# Stage nOptItr nSimReps
#     0    5000        0
# algorithm          : deterministic
# ignoring probs <=  : 0
# Branch length floor: 0
# DE strategy        : 2
#    F               : 0.3
#    CR              : 0.8
#    tolerance       : 3e-06
# nthreads           : 32
# lgo input file     : abe2.lgo
# site pat input file: ../../boot/boot37.opf
# free parameters    : 15
# points in DE swarm : 45
# output state file  : b1boot37.state
# Including singleton site patterns.
# cost function      : KL
Initial parameter values
Fixed:
      zero = 0
       one = 1
    Tbecnw = 75200
Free:
       pc1 = 0
       pc2 = 0
       pc3 = 0
       pc4 = 0
       pc5 = 0
       pc6 = 0
       pc7 = 0
       pc8 = 0
       pc9 = 0
      pc10 = 0
      pc11 = 0
      pc12 = 0
      pc13 = 0
      pc14 = 0
      pc15 = 0
Constrained:
   Tgbecnw = 152182
     Tecnw = 27062.4
       Tnw = 16473.5
       Tec = 18180.4
     twoNb = 876004
     twoNe = 260704
     twoNw = 1.1783e+06
    twoNec = 63594
    twoNnw = 55496.3
  twoNecnw = 85819.7
  twoNbecnw = 26109.9
  twoNgbecnw = 307394
         m = 0.131724
        m2 = 0.0245394
        m5 = 0.175692
        Tb = 22621.4
        Ta = 48910.7
        Te = 8236.76
DiffEv reached_goal. cost=1.85946e-03 spread=2.41582e-06
Fitted parameter values
Free:
       pc1 = -3.06007
       pc2 = -0.296814
       pc3 = -1.99505
       pc4 = -1.99958
       pc5 = 1.77761
       pc6 = 1.49141
       pc7 = 0.446124
       pc8 = 1.26183
       pc9 = -0.636379
      pc10 = -0.114113
      pc11 = -0.505541
      pc12 = -0.0366782
      pc13 = -0.157735
      pc14 = 0.00538517
      pc15 = -0.00860902
Constrained:
   Tgbecnw = 128579
     Tecnw = 27019.1
       Tnw = 12430.1
       Tec = 14672.8
     twoNb = 1.16817e+06
     twoNe = 3924.06
     twoNw = 1.44483e+06
    twoNec = 88445.2
    twoNnw = 77561.7
  twoNecnw = 77181
  twoNbecnw = 19533.1
  twoNgbecnw = 295670
         m = 0.115057
        m2 = 0.0254892
        m5 = 0.175249
        Tb = 20845.9
        Ta = 48023
        Te = 6215.03
#       SitePat  BranchLen
              b 135042.7217454
              e 52359.8705586
              c 55043.9184577
              n 49490.2860598
              w 49455.6090980
            b:e 2321.7948025
            b:c 2610.6432804
            b:n 1928.5400430
            b:w 1926.2089018
            e:c 11256.1873424
            e:n 5929.1884266
            e:w 5963.8653884
            c:n 5194.3343964
            c:w 5186.6342262
            n:w 13592.4129226
          b:e:c 2158.3850104
          b:e:n 1170.4529024
          b:e:w 1172.7840436
          b:c:n 1179.0951038
          b:c:w 1176.6071263
          b:n:w 2169.2480303
          e:c:n 5042.1854583
          e:c:w 5049.8856285
          e:n:w 6948.6351237
          c:n:w 5877.6337539
        b:e:c:n 2128.3942325
        b:e:c:w 2130.8822100
        b:e:n:w 3384.3801091
        b:c:n:w 2982.1049523
        e:c:n:w 56465.3515618
