########################################
# legofit: estimate population history #
#       version 2.3.4-4-g53f8760       #
########################################

# Program was compiled: Sep 21 2021 14:36:42
# Program was run: Sat Sep 25 03:00:40 2021

# cmd: legofit -1 -d 0 -t 32 --ptsPerDim 3 --stateOut b1boot33.state --tol 3e-6 -S 5000 abe2.lgo ../../boot/boot33.opf
# Stage nOptItr nSimReps
#     0    5000        0
# algorithm          : deterministic
# ignoring probs <=  : 0
# Branch length floor: 0
# DE strategy        : 2
#    F               : 0.3
#    CR              : 0.8
#    tolerance       : 3e-06
# nthreads           : 32
# lgo input file     : abe2.lgo
# site pat input file: ../../boot/boot33.opf
# free parameters    : 15
# points in DE swarm : 45
# output state file  : b1boot33.state
# Including singleton site patterns.
# cost function      : KL
Initial parameter values
Fixed:
      zero = 0
       one = 1
    Tbecnw = 75200
Free:
       pc1 = 0
       pc2 = 0
       pc3 = 0
       pc4 = 0
       pc5 = 0
       pc6 = 0
       pc7 = 0
       pc8 = 0
       pc9 = 0
      pc10 = 0
      pc11 = 0
      pc12 = 0
      pc13 = 0
      pc14 = 0
      pc15 = 0
Constrained:
   Tgbecnw = 152182
     Tecnw = 27062.4
       Tnw = 16473.5
       Tec = 18180.4
     twoNb = 876004
     twoNe = 260704
     twoNw = 1.1783e+06
    twoNec = 63594
    twoNnw = 55496.3
  twoNecnw = 85819.7
  twoNbecnw = 26109.9
  twoNgbecnw = 307394
         m = 0.131724
        m2 = 0.0245394
        m5 = 0.175692
        Tb = 22621.4
        Ta = 48910.7
        Te = 8236.76
DiffEv reached_goal. cost=1.81824e-03 spread=2.75258e-06
Fitted parameter values
Free:
       pc1 = -0.657465
       pc2 = 1.44588
       pc3 = -1.91348
       pc4 = -1.92614
       pc5 = 0.913077
       pc6 = 0.884683
       pc7 = 1.94521
       pc8 = 1.05844
       pc9 = -0.619584
      pc10 = 0.267287
      pc11 = -0.207311
      pc12 = -0.145505
      pc13 = -0.0960137
      pc14 = -0.00222002
      pc15 = -0.00662498
Constrained:
   Tgbecnw = 126525
     Tecnw = 26645.9
       Tnw = 15493.4
       Tec = 17503.3
     twoNb = 1.45629e+06
     twoNe = 6324.93
     twoNw = 1.88831e+06
    twoNec = 65302.3
    twoNnw = 58277
  twoNecnw = 83954.4
  twoNbecnw = 20882.1
  twoNgbecnw = 223214
         m = 0.163114
        m2 = 0.0250278
        m5 = 0.17184
        Tb = 22074.6
        Ta = 48637.3
        Te = 7746.72
#       SitePat  BranchLen
              b 138116.6190039
              e 53648.5899256
              c 56310.8364952
              n 50710.1575463
              w 50678.3908263
            b:e 2399.4650616
            b:c 2696.8412920
            b:n 1967.7074985
            b:w 1965.4847883
            e:c 11542.3537375
            e:n 6061.0306196
            e:w 6092.7973396
            c:n 5342.2606020
            c:w 5334.8823597
            n:w 13906.5113254
          b:e:c 2213.6770505
          b:e:n 1191.6906879
          b:e:w 1193.9133982
          b:c:n 1199.8198641
          b:c:w 1197.4497113
          b:n:w 2228.6859193
          e:c:n 5145.2985294
          e:c:w 5152.6767717
          e:n:w 7135.8840660
          c:n:w 6040.9106847
        b:e:c:n 2169.1556340
        b:e:c:w 2171.5257868
        b:e:n:w 3418.5762064
        b:c:n:w 3018.9461837
        e:c:n:w 57612.9238762
