########################################
# legofit: estimate population history #
#       version 2.3.4-4-g53f8760       #
########################################

# Program was compiled: Sep 21 2021 14:36:42
# Program was run: Sat Sep 25 02:55:27 2021

# cmd: legofit -1 -d 0 -t 32 --ptsPerDim 3 --stateOut b1boot7.state --tol 3e-6 -S 5000 abe2.lgo ../../boot/boot7.opf
# Stage nOptItr nSimReps
#     0    5000        0
# algorithm          : deterministic
# ignoring probs <=  : 0
# Branch length floor: 0
# DE strategy        : 2
#    F               : 0.3
#    CR              : 0.8
#    tolerance       : 3e-06
# nthreads           : 32
# lgo input file     : abe2.lgo
# site pat input file: ../../boot/boot7.opf
# free parameters    : 15
# points in DE swarm : 45
# output state file  : b1boot7.state
# Including singleton site patterns.
# cost function      : KL
Initial parameter values
Fixed:
      zero = 0
       one = 1
    Tbecnw = 75200
Free:
       pc1 = 0
       pc2 = 0
       pc3 = 0
       pc4 = 0
       pc5 = 0
       pc6 = 0
       pc7 = 0
       pc8 = 0
       pc9 = 0
      pc10 = 0
      pc11 = 0
      pc12 = 0
      pc13 = 0
      pc14 = 0
      pc15 = 0
Constrained:
   Tgbecnw = 152182
     Tecnw = 27062.4
       Tnw = 16473.5
       Tec = 18180.4
     twoNb = 876004
     twoNe = 260704
     twoNw = 1.1783e+06
    twoNec = 63594
    twoNnw = 55496.3
  twoNecnw = 85819.7
  twoNbecnw = 26109.9
  twoNgbecnw = 307394
         m = 0.131724
        m2 = 0.0245394
        m5 = 0.175692
        Tb = 22621.4
        Ta = 48910.7
        Te = 8236.76
DiffEv reached_goal. cost=1.85804e-03 spread=2.83631e-06
Fitted parameter values
Free:
       pc1 = -2.91879
       pc2 = -0.697676
       pc3 = -1.96706
       pc4 = -1.97109
       pc5 = 1.6363
       pc6 = 1.4257
       pc7 = 1.07255
       pc8 = 0.639578
       pc9 = -0.445554
      pc10 = 0.288016
      pc11 = -0.379099
      pc12 = 0.0322933
      pc13 = -0.156535
      pc14 = 0.000504268
      pc15 = 0.0417235
Constrained:
   Tgbecnw = 130468
     Tecnw = 27042.8
       Tnw = 13013.4
       Tec = 15043.5
     twoNb = 850979
     twoNe = 46524.3
     twoNw = 1.64739e+06
    twoNec = 86672.7
    twoNnw = 75145.5
  twoNecnw = 76758.5
  twoNbecnw = 19938.3
  twoNgbecnw = 304924
         m = 0.110169
        m2 = 0.0256682
        m5 = 0.173405
        Tb = 21043.1
        Ta = 48121.6
        Te = 6506.71
#       SitePat  BranchLen
              b 134889.7573854
              e 52420.5243535
              c 55039.0142577
              n 49579.7365313
              w 49548.4639525
            b:e 2349.5333684
            b:c 2638.5003992
            b:n 1937.8731462
            b:w 1935.7439544
            e:c 11218.4261858
            e:n 5928.7591073
            e:w 5960.0316861
            c:n 5212.4789414
            c:w 5205.4574411
            n:w 13516.9922482
          b:e:c 2166.5495606
          b:e:n 1177.0518014
          b:e:w 1179.1809931
          b:c:n 1185.5615102
          b:c:w 1183.2892858
          b:n:w 2172.6819213
          e:c:n 5059.7037178
          e:c:w 5066.7252181
          e:n:w 6958.3858036
          c:n:w 5905.3857283
        b:e:c:n 2138.6146067
        b:e:c:w 2140.8868310
        b:e:n:w 3387.3689273
        b:c:n:w 2991.1484247
        e:c:n:w 56322.0002341
