########################################
# legofit: estimate population history #
#       version 2.3.4-4-g53f8760       #
########################################

# Program was compiled: Sep 21 2021 14:36:42
# Program was run: Sat Sep 25 02:42:00 2021

# cmd: legofit -1 -d 0 -t 32 --ptsPerDim 3 --stateOut b1boot4.state --tol 3e-6 -S 5000 abe2.lgo ../../boot/boot4.opf
# Stage nOptItr nSimReps
#     0    5000        0
# algorithm          : deterministic
# ignoring probs <=  : 0
# Branch length floor: 0
# DE strategy        : 2
#    F               : 0.3
#    CR              : 0.8
#    tolerance       : 3e-06
# nthreads           : 32
# lgo input file     : abe2.lgo
# site pat input file: ../../boot/boot4.opf
# free parameters    : 15
# points in DE swarm : 45
# output state file  : b1boot4.state
# Including singleton site patterns.
# cost function      : KL
Initial parameter values
Fixed:
      zero = 0
       one = 1
    Tbecnw = 75200
Free:
       pc1 = 0
       pc2 = 0
       pc3 = 0
       pc4 = 0
       pc5 = 0
       pc6 = 0
       pc7 = 0
       pc8 = 0
       pc9 = 0
      pc10 = 0
      pc11 = 0
      pc12 = 0
      pc13 = 0
      pc14 = 0
      pc15 = 0
Constrained:
   Tgbecnw = 152182
     Tecnw = 27062.4
       Tnw = 16473.5
       Tec = 18180.4
     twoNb = 876004
     twoNe = 260704
     twoNw = 1.1783e+06
    twoNec = 63594
    twoNnw = 55496.3
  twoNecnw = 85819.7
  twoNbecnw = 26109.9
  twoNgbecnw = 307394
         m = 0.131724
        m2 = 0.0245394
        m5 = 0.175692
        Tb = 22621.4
        Ta = 48910.7
        Te = 8236.76
DiffEv reached_goal. cost=1.85228e-03 spread=2.66803e-06
Fitted parameter values
Free:
       pc1 = -3.5786
       pc2 = 0.00298309
       pc3 = -1.98304
       pc4 = -1.9193
       pc5 = 1.85156
       pc6 = 1.20532
       pc7 = 1.13355
       pc8 = 1.30386
       pc9 = -0.389442
      pc10 = 0.152709
      pc11 = -0.423337
      pc12 = -0.0506424
      pc13 = -0.205892
      pc14 = 0.0206879
      pc15 = 0.0407828
Constrained:
   Tgbecnw = 127193
     Tecnw = 27212.1
       Tnw = 12296.7
       Tec = 14636.2
     twoNb = 1.21905e+06
     twoNe = 48246.7
     twoNw = 1.58393e+06
    twoNec = 89972.7
    twoNnw = 80505
  twoNecnw = 77441.5
  twoNbecnw = 19720.8
  twoNgbecnw = 269969
         m = 0.126949
        m2 = 0.0261042
        m5 = 0.173273
        Tb = 20924.1
        Ta = 48062.1
        Te = 6148.33
#       SitePat  BranchLen
              b 135399.7628912
              e 52638.0766494
              c 55277.6719513
              n 49808.0859672
              w 49776.8505142
            b:e 2335.7123841
            b:c 2621.0702220
            b:n 1935.0173311
            b:w 1932.9307555
            e:c 11294.9572456
            e:n 5943.1817071
            e:w 5974.4171600
            c:n 5216.7719143
            c:w 5209.8667300
            n:w 13584.7661770
          b:e:c 2156.1723952
          b:e:n 1173.3084150
          b:e:w 1175.3949906
          b:c:n 1181.4402259
          b:c:w 1179.2146294
          b:n:w 2169.2606241
          e:c:n 5069.7292876
          e:c:w 5076.6344720
          e:n:w 6950.0044881
          c:n:w 5900.6705309
        b:e:c:n 2133.9820013
        b:e:c:w 2136.2075979
        b:e:n:w 3388.1709526
        b:c:n:w 2991.5604718
        e:c:n:w 56463.2565213
