########################################
# legofit: estimate population history #
#       version 2.3.4-4-g53f8760       #
########################################

# Program was compiled: Sep 21 2021 14:36:42
# Program was run: Sat Sep 25 02:23:36 2021

# cmd: legofit -1 -d 0 -t 32 --ptsPerDim 3 --stateOut b1boot1.state --tol 3e-6 -S 5000 abe2.lgo ../../boot/boot1.opf
# Stage nOptItr nSimReps
#     0    5000        0
# algorithm          : deterministic
# ignoring probs <=  : 0
# Branch length floor: 0
# DE strategy        : 2
#    F               : 0.3
#    CR              : 0.8
#    tolerance       : 3e-06
# nthreads           : 32
# lgo input file     : abe2.lgo
# site pat input file: ../../boot/boot1.opf
# free parameters    : 15
# points in DE swarm : 45
# output state file  : b1boot1.state
# Including singleton site patterns.
# cost function      : KL
Initial parameter values
Fixed:
      zero = 0
       one = 1
    Tbecnw = 75200
Free:
       pc1 = 0
       pc2 = 0
       pc3 = 0
       pc4 = 0
       pc5 = 0
       pc6 = 0
       pc7 = 0
       pc8 = 0
       pc9 = 0
      pc10 = 0
      pc11 = 0
      pc12 = 0
      pc13 = 0
      pc14 = 0
      pc15 = 0
Constrained:
   Tgbecnw = 152182
     Tecnw = 27062.4
       Tnw = 16473.5
       Tec = 18180.4
     twoNb = 876004
     twoNe = 260704
     twoNw = 1.1783e+06
    twoNec = 63594
    twoNnw = 55496.3
  twoNecnw = 85819.7
  twoNbecnw = 26109.9
  twoNgbecnw = 307394
         m = 0.131724
        m2 = 0.0245394
        m5 = 0.175692
        Tb = 22621.4
        Ta = 48910.7
        Te = 8236.76
DiffEv reached_goal. cost=1.83023e-03 spread=2.87017e-06
Fitted parameter values
Free:
       pc1 = -1.45901
       pc2 = 1.29381
       pc3 = -1.99038
       pc4 = -1.95786
       pc5 = 0.512955
       pc6 = 0.780568
       pc7 = 1.21866
       pc8 = 1.38202
       pc9 = -0.215379
      pc10 = 0.214002
      pc11 = -0.227614
      pc12 = -0.111787
      pc13 = -0.0903574
      pc14 = -0.035792
      pc15 = -0.00302138
Constrained:
   Tgbecnw = 125265
     Tecnw = 26759.1
       Tnw = 15190.8
       Tec = 16248
     twoNb = 1.45028e+06
     twoNe = 130875
     twoNw = 1.55716e+06
    twoNec = 76365.2
    twoNnw = 60409.3
  twoNecnw = 83752.2
  twoNbecnw = 20735.3
  twoNgbecnw = 220568
         m = 0.164211
        m2 = 0.0251619
        m5 = 0.172005
        Tb = 21503.5
        Ta = 48351.8
        Te = 7595.42
#       SitePat  BranchLen
              b 137863.5483221
              e 53708.0298039
              c 56390.4109198
              n 50745.6336389
              w 50707.6040318
            b:e 2436.7747489
            b:c 2739.1994601
            b:n 1992.5785748
            b:w 1989.8972318
            e:c 11562.7705169
            e:n 6082.5423567
            e:w 6120.5719638
            c:n 5360.5507026
            c:w 5351.7491854
            n:w 13941.7747311
          b:e:c 2241.7621934
          b:e:n 1211.1150154
          b:e:w 1213.7963585
          b:c:n 1219.9329652
          b:c:w 1217.0709242
          b:n:w 2254.4690467
          e:c:n 5155.5837830
          e:c:w 5164.3853001
          e:n:w 7181.3994308
          c:n:w 6078.9255332
        b:e:c:n 2199.6602225
        b:e:c:w 2202.5222635
        b:e:n:w 3460.3586465
        b:c:n:w 3056.7485194
        e:c:n:w 57358.1625054
