########################################
# legofit: estimate population history #
#       version 2.3.4-4-g53f8760       #
########################################

# Program was compiled: Sep 21 2021 14:36:42
# Program was run: Sat Sep 25 03:01:36 2021

# cmd: legofit -1 -d 0 -t 32 --ptsPerDim 3 --stateOut b1boot38.state --tol 3e-6 -S 5000 abe2.lgo ../../boot/boot38.opf
# Stage nOptItr nSimReps
#     0    5000        0
# algorithm          : deterministic
# ignoring probs <=  : 0
# Branch length floor: 0
# DE strategy        : 2
#    F               : 0.3
#    CR              : 0.8
#    tolerance       : 3e-06
# nthreads           : 32
# lgo input file     : abe2.lgo
# site pat input file: ../../boot/boot38.opf
# free parameters    : 15
# points in DE swarm : 45
# output state file  : b1boot38.state
# Including singleton site patterns.
# cost function      : KL
Initial parameter values
Fixed:
      zero = 0
       one = 1
    Tbecnw = 75200
Free:
       pc1 = 0
       pc2 = 0
       pc3 = 0
       pc4 = 0
       pc5 = 0
       pc6 = 0
       pc7 = 0
       pc8 = 0
       pc9 = 0
      pc10 = 0
      pc11 = 0
      pc12 = 0
      pc13 = 0
      pc14 = 0
      pc15 = 0
Constrained:
   Tgbecnw = 152182
     Tecnw = 27062.4
       Tnw = 16473.5
       Tec = 18180.4
     twoNb = 876004
     twoNe = 260704
     twoNw = 1.1783e+06
    twoNec = 63594
    twoNnw = 55496.3
  twoNecnw = 85819.7
  twoNbecnw = 26109.9
  twoNgbecnw = 307394
         m = 0.131724
        m2 = 0.0245394
        m5 = 0.175692
        Tb = 22621.4
        Ta = 48910.7
        Te = 8236.76
DiffEv reached_goal. cost=1.82611e-03 spread=2.21991e-06
Fitted parameter values
Free:
       pc1 = -2.98822
       pc2 = 0.56913
       pc3 = -1.99741
       pc4 = -1.99369
       pc5 = 1.56995
       pc6 = 1.08656
       pc7 = 1.74941
       pc8 = 1.09214
       pc9 = -0.652246
      pc10 = 0.286505
      pc11 = -0.335717
      pc12 = -0.113867
      pc13 = -0.178038
      pc14 = 0.00693963
      pc15 = 0.0272654
Constrained:
   Tgbecnw = 125552
     Tecnw = 27149.2
       Tnw = 12823.1
       Tec = 15593.6
     twoNb = 1.27509e+06
     twoNe = 35575.1
     twoNw = 1.78906e+06
    twoNec = 82856.7
    twoNnw = 76830.9
  twoNecnw = 79140.1
  twoNbecnw = 19945.8
  twoNgbecnw = 244051
         m = 0.143714
        m2 = 0.0258256
        m5 = 0.171592
        Tb = 21371.4
        Ta = 48285.7
        Te = 6411.55
#       SitePat  BranchLen
              b 136304.1976659
              e 53009.2909989
              c 55639.3520393
              n 50112.0209835
              w 50083.4906916
            b:e 2363.8589193
            b:c 2651.3195120
            b:n 1947.8134379
            b:w 1945.8928602
            e:c 11360.6742622
            e:n 5981.6527120
            e:w 6010.1830039
            c:n 5257.9201073
            c:w 5251.5603898
            n:w 13706.6037420
          b:e:c 2175.3274737
          b:e:n 1180.9706264
          b:e:w 1182.8912042
          b:c:n 1188.8181517
          b:c:w 1186.7696161
          b:n:w 2188.8461239
          e:c:n 5102.5990727
          e:c:w 5108.9587902
          e:n:w 7011.9343906
          c:n:w 5958.3180158
        b:e:c:n 2148.4201666
        b:e:c:w 2150.4687023
        b:e:n:w 3394.5893008
        b:c:n:w 3001.3132343
        e:c:n:w 56829.6778541
