########################################
# legofit: estimate population history #
#       version 2.3.4-4-g53f8760       #
########################################

# Program was compiled: Sep 21 2021 14:36:42
# Program was run: Sat Sep 25 03:02:29 2021

# cmd: legofit -1 -d 0 -t 32 --ptsPerDim 3 --stateOut b1boot41.state --tol 3e-6 -S 5000 abe2.lgo ../../boot/boot41.opf
# Stage nOptItr nSimReps
#     0    5000        0
# algorithm          : deterministic
# ignoring probs <=  : 0
# Branch length floor: 0
# DE strategy        : 2
#    F               : 0.3
#    CR              : 0.8
#    tolerance       : 3e-06
# nthreads           : 32
# lgo input file     : abe2.lgo
# site pat input file: ../../boot/boot41.opf
# free parameters    : 15
# points in DE swarm : 45
# output state file  : b1boot41.state
# Including singleton site patterns.
# cost function      : KL
Initial parameter values
Fixed:
      zero = 0
       one = 1
    Tbecnw = 75200
Free:
       pc1 = 0
       pc2 = 0
       pc3 = 0
       pc4 = 0
       pc5 = 0
       pc6 = 0
       pc7 = 0
       pc8 = 0
       pc9 = 0
      pc10 = 0
      pc11 = 0
      pc12 = 0
      pc13 = 0
      pc14 = 0
      pc15 = 0
Constrained:
   Tgbecnw = 152182
     Tecnw = 27062.4
       Tnw = 16473.5
       Tec = 18180.4
     twoNb = 876004
     twoNe = 260704
     twoNw = 1.1783e+06
    twoNec = 63594
    twoNnw = 55496.3
  twoNecnw = 85819.7
  twoNbecnw = 26109.9
  twoNgbecnw = 307394
         m = 0.131724
        m2 = 0.0245394
        m5 = 0.175692
        Tb = 22621.4
        Ta = 48910.7
        Te = 8236.76
DiffEv reached_goal. cost=1.83674e-03 spread=2.67088e-06
Fitted parameter values
Free:
       pc1 = -2.39592
       pc2 = 0.565968
       pc3 = -1.98267
       pc4 = -1.94332
       pc5 = 0.855315
       pc6 = 1.23079
       pc7 = 1.76842
       pc8 = 0.733512
       pc9 = -0.656288
      pc10 = 0.0624033
      pc11 = -0.380049
      pc12 = -0.0702973
      pc13 = -0.156562
      pc14 = -0.00659506
      pc15 = 0.00393598
Constrained:
   Tgbecnw = 126600
     Tecnw = 26886.8
       Tnw = 13285
       Tec = 15945.3
     twoNb = 1.0939e+06
     twoNe = 28351.9
     twoNw = 1.73029e+06
    twoNec = 78936.4
    twoNnw = 72578.1
  twoNecnw = 81455.9
  twoNbecnw = 20338
  twoNgbecnw = 242168
         m = 0.145217
        m2 = 0.0253237
        m5 = 0.17061
        Tb = 21416.1
        Ta = 48308
        Te = 6642.52
#       SitePat  BranchLen
              b 136529.4811551
              e 53261.8254909
              c 55893.5523003
              n 50340.4032094
              w 50310.0655765
            b:e 2395.1511608
            b:c 2685.5100376
            b:n 1970.1976656
            b:w 1968.1280335
            e:c 11443.7646169
            e:n 6029.7352508
            e:w 6060.0728837
            c:n 5306.2670622
            c:w 5299.4530586
            n:w 13824.9338309
          b:e:c 2205.1923454
          b:e:n 1195.7870213
          b:e:w 1197.8566534
          b:c:n 1203.9610629
          b:c:w 1201.7513385
          b:n:w 2215.9321124
          e:c:n 5117.3399608
          e:c:w 5124.1539644
          e:n:w 7042.8240251
          c:n:w 5984.4188148
        b:e:c:n 2176.3274580
        b:e:c:w 2178.5371824
        b:e:n:w 3412.1022587
        b:c:n:w 3020.4409809
        e:c:n:w 56715.6866758
