########################################
# legofit: estimate population history #
#       version 2.3.4-4-g53f8760       #
########################################

# Program was compiled: Sep 21 2021 14:36:42
# Program was run: Sat Sep 25 02:57:58 2021

# cmd: legofit -1 -d 0 -t 32 --ptsPerDim 3 --stateOut b1boot19.state --tol 3e-6 -S 5000 abe2.lgo ../../boot/boot19.opf
# Stage nOptItr nSimReps
#     0    5000        0
# algorithm          : deterministic
# ignoring probs <=  : 0
# Branch length floor: 0
# DE strategy        : 2
#    F               : 0.3
#    CR              : 0.8
#    tolerance       : 3e-06
# nthreads           : 32
# lgo input file     : abe2.lgo
# site pat input file: ../../boot/boot19.opf
# free parameters    : 15
# points in DE swarm : 45
# output state file  : b1boot19.state
# Including singleton site patterns.
# cost function      : KL
Initial parameter values
Fixed:
      zero = 0
       one = 1
    Tbecnw = 75200
Free:
       pc1 = 0
       pc2 = 0
       pc3 = 0
       pc4 = 0
       pc5 = 0
       pc6 = 0
       pc7 = 0
       pc8 = 0
       pc9 = 0
      pc10 = 0
      pc11 = 0
      pc12 = 0
      pc13 = 0
      pc14 = 0
      pc15 = 0
Constrained:
   Tgbecnw = 152182
     Tecnw = 27062.4
       Tnw = 16473.5
       Tec = 18180.4
     twoNb = 876004
     twoNe = 260704
     twoNw = 1.1783e+06
    twoNec = 63594
    twoNnw = 55496.3
  twoNecnw = 85819.7
  twoNbecnw = 26109.9
  twoNgbecnw = 307394
         m = 0.131724
        m2 = 0.0245394
        m5 = 0.175692
        Tb = 22621.4
        Ta = 48910.7
        Te = 8236.76
DiffEv reached_goal. cost=1.84303e-03 spread=2.43902e-06
Fitted parameter values
Free:
       pc1 = -3.66683
       pc2 = -1.79267
       pc3 = -1.99136
       pc4 = -1.83838
       pc5 = 1.82283
       pc6 = 1.47952
       pc7 = 0.760614
       pc8 = 0.672102
       pc9 = -0.861527
      pc10 = 0.0980801
      pc11 = -0.260339
      pc12 = 0.0952911
      pc13 = -0.130814
      pc14 = 0.0211528
      pc15 = -0.00328621
Constrained:
   Tgbecnw = 133518
     Tecnw = 27181.3
       Tnw = 11600.5
       Tec = 14621.9
     twoNb = 702081
     twoNe = 90765.9
     twoNw = 1.49341e+06
    twoNec = 89707.3
    twoNnw = 83054.4
  twoNecnw = 73446.2
  twoNbecnw = 19483.5
  twoNgbecnw = 377207
         m = 0.0850038
        m2 = 0.0257037
        m5 = 0.17338
        Tb = 20901.6
        Ta = 48050.8
        Te = 5800.25
#       SitePat  BranchLen
              b 133084.9718124
              e 51723.2697530
              c 54340.6442725
              n 48869.1708327
              w 48838.2491802
            b:e 2310.2759701
            b:c 2596.0409774
            b:n 1905.5277390
            b:w 1903.4707432
            e:c 11084.5457941
            e:n 5837.7842623
            e:w 5868.7059148
            c:n 5116.4634132
            c:w 5109.6597116
            n:w 13430.6641856
          b:e:c 2137.9306565
          b:e:n 1155.0851150
          b:e:w 1157.1421108
          b:c:n 1163.6991011
          b:c:w 1161.5041638
          b:n:w 2138.9489880
          e:c:n 5006.7931462
          e:c:w 5013.5968477
          e:n:w 6877.1643177
          c:n:w 5832.6833834
        b:e:c:n 2102.1575024
        b:e:c:w 2104.3524397
        b:e:n:w 3333.9296048
        b:c:n:w 2942.6619946
        e:c:n:w 55484.9656490
