########################################
# legofit: estimate population history #
#       version 2.3.4-4-g53f8760       #
########################################

# Program was compiled: Sep 21 2021 14:36:42
# Program was run: Sat Sep 25 02:23:17 2021

# cmd: legofit -1 -d 0 -t 32 --ptsPerDim 3 --stateOut b1boot0.state --tol 3e-6 -S 5000 abe2.lgo ../../boot/boot0.opf
# Stage nOptItr nSimReps
#     0    5000        0
# algorithm          : deterministic
# ignoring probs <=  : 0
# Branch length floor: 0
# DE strategy        : 2
#    F               : 0.3
#    CR              : 0.8
#    tolerance       : 3e-06
# nthreads           : 32
# lgo input file     : abe2.lgo
# site pat input file: ../../boot/boot0.opf
# free parameters    : 15
# points in DE swarm : 45
# output state file  : b1boot0.state
# Including singleton site patterns.
# cost function      : KL
Initial parameter values
Fixed:
      zero = 0
       one = 1
    Tbecnw = 75200
Free:
       pc1 = 0
       pc2 = 0
       pc3 = 0
       pc4 = 0
       pc5 = 0
       pc6 = 0
       pc7 = 0
       pc8 = 0
       pc9 = 0
      pc10 = 0
      pc11 = 0
      pc12 = 0
      pc13 = 0
      pc14 = 0
      pc15 = 0
Constrained:
   Tgbecnw = 152182
     Tecnw = 27062.4
       Tnw = 16473.5
       Tec = 18180.4
     twoNb = 876004
     twoNe = 260704
     twoNw = 1.1783e+06
    twoNec = 63594
    twoNnw = 55496.3
  twoNecnw = 85819.7
  twoNbecnw = 26109.9
  twoNgbecnw = 307394
         m = 0.131724
        m2 = 0.0245394
        m5 = 0.175692
        Tb = 22621.4
        Ta = 48910.7
        Te = 8236.76
DiffEv reached_goal. cost=1.83925e-03 spread=2.59636e-06
Fitted parameter values
Free:
       pc1 = -1.7329
       pc2 = 0.29643
       pc3 = -1.98103
       pc4 = -1.9699
       pc5 = 1.67769
       pc6 = 1.35615
       pc7 = 0.528191
       pc8 = 0.197472
       pc9 = -0.743621
      pc10 = 0.144511
      pc11 = -0.417662
      pc12 = -0.0575794
      pc13 = -0.10141
      pc14 = 0.0210379
      pc15 = -0.0194997
Constrained:
   Tgbecnw = 128716
     Tecnw = 26948.7
       Tnw = 13833.7
       Tec = 16054.6
     twoNb = 950840
     twoNe = 39255.6
     twoNw = 1.74224e+06
    twoNec = 77704.6
    twoNnw = 69115.9
  twoNecnw = 79735.3
  twoNbecnw = 20392.9
  twoNgbecnw = 263345
         m = 0.131067
        m2 = 0.0248229
        m5 = 0.176768
        Tb = 21501.6
        Ta = 48350.8
        Te = 6916.87
#       SitePat  BranchLen
              b 136028.9247421
              e 52885.8434021
              c 55596.3340372
              n 50039.0615010
              w 50007.0778388
            b:e 2368.2978117
            b:c 2668.4766875
            b:n 1955.4656521
            b:w 1953.2653198
            e:c 11367.7002882
            e:n 5999.0947272
            e:w 6031.0783894
            c:n 5259.1881547
            c:w 5251.9356611
            n:w 13715.5491737
          b:e:c 2194.2391141
          b:e:n 1186.0912109
          b:e:w 1188.2915432
          b:c:n 1194.7069215
          b:c:w 1192.3588509
          b:n:w 2202.3876710
          e:c:n 5095.6667783
          e:c:w 5102.9192719
          e:n:w 7046.8046494
          c:n:w 5946.9962805
        b:e:c:n 2157.7857222
        b:e:c:w 2160.1337929
        b:e:n:w 3389.6435400
        b:c:n:w 2985.1486074
        e:c:n:w 56651.6273293
