########################################
# legofit: estimate population history #
#       version 2.3.4-4-g53f8760       #
########################################

# Program was compiled: Sep 21 2021 14:36:42
# Program was run: Sat Sep 25 02:56:47 2021

# cmd: legofit -1 -d 0 -t 32 --ptsPerDim 3 --stateOut b1boot14.state --tol 3e-6 -S 5000 abe2.lgo ../../boot/boot14.opf
# Stage nOptItr nSimReps
#     0    5000        0
# algorithm          : deterministic
# ignoring probs <=  : 0
# Branch length floor: 0
# DE strategy        : 2
#    F               : 0.3
#    CR              : 0.8
#    tolerance       : 3e-06
# nthreads           : 32
# lgo input file     : abe2.lgo
# site pat input file: ../../boot/boot14.opf
# free parameters    : 15
# points in DE swarm : 45
# output state file  : b1boot14.state
# Including singleton site patterns.
# cost function      : KL
Initial parameter values
Fixed:
      zero = 0
       one = 1
    Tbecnw = 75200
Free:
       pc1 = 0
       pc2 = 0
       pc3 = 0
       pc4 = 0
       pc5 = 0
       pc6 = 0
       pc7 = 0
       pc8 = 0
       pc9 = 0
      pc10 = 0
      pc11 = 0
      pc12 = 0
      pc13 = 0
      pc14 = 0
      pc15 = 0
Constrained:
   Tgbecnw = 152182
     Tecnw = 27062.4
       Tnw = 16473.5
       Tec = 18180.4
     twoNb = 876004
     twoNe = 260704
     twoNw = 1.1783e+06
    twoNec = 63594
    twoNnw = 55496.3
  twoNecnw = 85819.7
  twoNbecnw = 26109.9
  twoNgbecnw = 307394
         m = 0.131724
        m2 = 0.0245394
        m5 = 0.175692
        Tb = 22621.4
        Ta = 48910.7
        Te = 8236.76
DiffEv reached_goal. cost=1.82878e-03 spread=2.74882e-06
Fitted parameter values
Free:
       pc1 = -2.47027
       pc2 = 0.862109
       pc3 = -1.98552
       pc4 = -1.97283
       pc5 = 1.6794
       pc6 = 1.18336
       pc7 = 0.877472
       pc8 = 1.65211
       pc9 = 0.0568283
      pc10 = 0.188521
      pc11 = -0.342705
      pc12 = -0.079343
      pc13 = -0.150896
      pc14 = -0.0284524
      pc15 = 0.00188422
Constrained:
   Tgbecnw = 125112
     Tecnw = 26989.2
       Tnw = 14048.2
       Tec = 15094.2
     twoNb = 1.45989e+06
     twoNe = 8179.05
     twoNw = 1.54473e+06
    twoNec = 85766.9
    twoNnw = 68057.3
  twoNecnw = 80479.9
  twoNbecnw = 20016.8
  twoNgbecnw = 239714
         m = 0.148046
        m2 = 0.0259253
        m5 = 0.174871
        Tb = 21041.7
        Ta = 48120.8
        Te = 7024.11
#       SitePat  BranchLen
              b 136774.9631537
              e 53145.3048972
              c 55855.2734797
              n 50227.5614997
              w 50191.2983832
            b:e 2392.2427143
            b:c 2692.9489364
            b:n 1964.4179881
            b:w 1961.9121045
            e:c 11434.6117392
            e:n 6014.3456539
            e:w 6050.6087704
            c:n 5280.8472135
            c:w 5272.6068166
            n:w 13774.6335731
          b:e:c 2205.5066613
          b:e:n 1194.1615694
          b:e:w 1196.6674531
          b:c:n 1202.8891261
          b:c:w 1200.2144098
          b:n:w 2219.1234357
          e:c:n 5105.8877688
          e:c:w 5114.1281658
          e:n:w 7102.4601913
          c:n:w 6001.5032269
        b:e:c:n 2168.4982025
        b:e:c:w 2171.1729189
        b:e:n:w 3449.7597838
        b:c:n:w 3039.2677268
        e:c:n:w 57088.3902104
