########################################
# legofit: estimate population history #
#       version 2.3.4-4-g53f8760       #
########################################

# Program was compiled: Sep 21 2021 14:36:42
# Program was run: Sat Sep 25 02:58:42 2021

# cmd: legofit -1 -d 0 -t 32 --ptsPerDim 3 --stateOut b1boot23.state --tol 3e-6 -S 5000 abe2.lgo ../../boot/boot23.opf
# Stage nOptItr nSimReps
#     0    5000        0
# algorithm          : deterministic
# ignoring probs <=  : 0
# Branch length floor: 0
# DE strategy        : 2
#    F               : 0.3
#    CR              : 0.8
#    tolerance       : 3e-06
# nthreads           : 32
# lgo input file     : abe2.lgo
# site pat input file: ../../boot/boot23.opf
# free parameters    : 15
# points in DE swarm : 45
# output state file  : b1boot23.state
# Including singleton site patterns.
# cost function      : KL
Initial parameter values
Fixed:
      zero = 0
       one = 1
    Tbecnw = 75200
Free:
       pc1 = 0
       pc2 = 0
       pc3 = 0
       pc4 = 0
       pc5 = 0
       pc6 = 0
       pc7 = 0
       pc8 = 0
       pc9 = 0
      pc10 = 0
      pc11 = 0
      pc12 = 0
      pc13 = 0
      pc14 = 0
      pc15 = 0
Constrained:
   Tgbecnw = 152182
     Tecnw = 27062.4
       Tnw = 16473.5
       Tec = 18180.4
     twoNb = 876004
     twoNe = 260704
     twoNw = 1.1783e+06
    twoNec = 63594
    twoNnw = 55496.3
  twoNecnw = 85819.7
  twoNbecnw = 26109.9
  twoNgbecnw = 307394
         m = 0.131724
        m2 = 0.0245394
        m5 = 0.175692
        Tb = 22621.4
        Ta = 48910.7
        Te = 8236.76
DiffEv reached_goal. cost=1.82551e-03 spread=2.48691e-06
Fitted parameter values
Free:
       pc1 = -0.476364
       pc2 = 0.372268
       pc3 = -1.99383
       pc4 = -1.97072
       pc5 = 1.60759
       pc6 = 0.814454
       pc7 = 0.679043
       pc8 = 0.78238
       pc9 = -0.413813
      pc10 = 0.141488
      pc11 = -0.467737
      pc12 = -0.0276253
      pc13 = -0.0367201
      pc14 = -0.0150675
      pc15 = -0.0121481
Constrained:
   Tgbecnw = 131236
     Tecnw = 26504.5
       Tnw = 15490.5
       Tec = 16828.7
     twoNb = 1.25661e+06
     twoNe = 113781
     twoNw = 1.75824e+06
    twoNec = 69423.2
    twoNnw = 57018.6
  twoNecnw = 81005.5
  twoNbecnw = 20880.7
  twoNgbecnw = 273704
         m = 0.124419
        m2 = 0.0248813
        m5 = 0.177025
        Tb = 21666.6
        Ta = 48433.3
        Te = 7745.24
#       SitePat  BranchLen
              b 135870.7218221
              e 52913.0193825
              c 55632.9645290
              n 49996.2491145
              w 49961.7027095
            b:e 2366.5156915
            b:c 2668.0502078
            b:n 1962.4960026
            b:w 1960.0421858
            e:c 11389.2595397
            e:n 6016.9614613
            e:w 6051.5078662
            c:n 5288.5218394
            c:w 5280.4387290
            n:w 13738.0341710
          b:e:c 2210.0701372
          b:e:n 1191.0889617
          b:e:w 1193.5427786
          b:c:n 1199.9113421
          b:c:w 1197.2949832
          b:n:w 2221.2598890
          e:c:n 5099.6925212
          e:c:w 5107.7756316
          e:n:w 7100.3211908
          c:n:w 5978.8194813
        b:e:c:n 2162.5687028
        b:e:c:w 2165.1850617
        b:e:n:w 3424.6284118
        b:c:n:w 3011.5845660
        e:c:n:w 56412.8237542
