########################################
# legofit: estimate population history #
#       version 2.3.4-4-g53f8760       #
########################################

# Program was compiled: Sep 21 2021 14:36:42
# Program was run: Sat Sep 25 02:55:43 2021

# cmd: legofit -1 -d 0 -t 32 --ptsPerDim 3 --stateOut b1boot10.state --tol 3e-6 -S 5000 abe2.lgo ../../boot/boot10.opf
# Stage nOptItr nSimReps
#     0    5000        0
# algorithm          : deterministic
# ignoring probs <=  : 0
# Branch length floor: 0
# DE strategy        : 2
#    F               : 0.3
#    CR              : 0.8
#    tolerance       : 3e-06
# nthreads           : 32
# lgo input file     : abe2.lgo
# site pat input file: ../../boot/boot10.opf
# free parameters    : 15
# points in DE swarm : 45
# output state file  : b1boot10.state
# Including singleton site patterns.
# cost function      : KL
Initial parameter values
Fixed:
      zero = 0
       one = 1
    Tbecnw = 75200
Free:
       pc1 = 0
       pc2 = 0
       pc3 = 0
       pc4 = 0
       pc5 = 0
       pc6 = 0
       pc7 = 0
       pc8 = 0
       pc9 = 0
      pc10 = 0
      pc11 = 0
      pc12 = 0
      pc13 = 0
      pc14 = 0
      pc15 = 0
Constrained:
   Tgbecnw = 152182
     Tecnw = 27062.4
       Tnw = 16473.5
       Tec = 18180.4
     twoNb = 876004
     twoNe = 260704
     twoNw = 1.1783e+06
    twoNec = 63594
    twoNnw = 55496.3
  twoNecnw = 85819.7
  twoNbecnw = 26109.9
  twoNgbecnw = 307394
         m = 0.131724
        m2 = 0.0245394
        m5 = 0.175692
        Tb = 22621.4
        Ta = 48910.7
        Te = 8236.76
DiffEv reached_goal. cost=1.84002e-03 spread=2.73052e-06
Fitted parameter values
Free:
       pc1 = -1.78487
       pc2 = 0.289454
       pc3 = -1.96871
       pc4 = -1.98001
       pc5 = 1.38927
       pc6 = 1.29014
       pc7 = 0.893683
       pc8 = 0.698715
       pc9 = -0.277517
      pc10 = 0.374396
      pc11 = -0.302913
      pc12 = -0.0219574
      pc13 = -0.150104
      pc14 = -0.00324432
      pc15 = -0.0251042
Constrained:
   Tgbecnw = 128399
     Tecnw = 26920.5
       Tnw = 14555.8
       Tec = 15816
     twoNb = 1.04604e+06
     twoNe = 42337
     twoNw = 1.6765e+06
    twoNec = 79551
    twoNnw = 64370.3
  twoNecnw = 80061.9
  twoNbecnw = 20345.2
  twoNgbecnw = 262184
         m = 0.133854
        m2 = 0.0252763
        m5 = 0.174717
        Tb = 21368.3
        Ta = 48284.1
        Te = 7277.9
#       SitePat  BranchLen
              b 136607.9971073
              e 52994.3982996
              c 55690.7767442
              n 50084.1492682
              w 50049.9756051
            b:e 2380.1528961
            b:c 2680.9421317
            b:n 1954.6906881
            b:w 1952.3134741
            e:c 11400.5735770
            e:n 5983.9535009
            e:w 6018.1271641
            c:n 5255.5279559
            c:w 5247.7015278
            n:w 13745.5828458
          b:e:c 2203.6245442
          b:e:n 1186.3373134
          b:e:w 1188.7145274
          b:c:n 1195.0889137
          b:c:w 1192.5517813
          b:n:w 2213.3935951
          e:c:n 5085.5816219
          e:c:w 5093.4080500
          e:n:w 7076.1956520
          c:n:w 5973.4663008
        b:e:c:n 2157.2403821
        b:e:c:w 2159.7775145
        b:e:n:w 3425.0534560
        b:c:n:w 3016.8773770
        e:c:n:w 57161.6176110
