########################################
# legofit: estimate population history #
#       version 2.3.4-4-g53f8760       #
########################################

# Program was compiled: Sep 21 2021 14:36:42
# Program was run: Sat Sep 25 02:55:32 2021

# cmd: legofit -1 -d 0 -t 32 --ptsPerDim 3 --stateOut b1boot9.state --tol 3e-6 -S 5000 abe2.lgo ../../boot/boot9.opf
# Stage nOptItr nSimReps
#     0    5000        0
# algorithm          : deterministic
# ignoring probs <=  : 0
# Branch length floor: 0
# DE strategy        : 2
#    F               : 0.3
#    CR              : 0.8
#    tolerance       : 3e-06
# nthreads           : 32
# lgo input file     : abe2.lgo
# site pat input file: ../../boot/boot9.opf
# free parameters    : 15
# points in DE swarm : 45
# output state file  : b1boot9.state
# Including singleton site patterns.
# cost function      : KL
Initial parameter values
Fixed:
      zero = 0
       one = 1
    Tbecnw = 75200
Free:
       pc1 = 0
       pc2 = 0
       pc3 = 0
       pc4 = 0
       pc5 = 0
       pc6 = 0
       pc7 = 0
       pc8 = 0
       pc9 = 0
      pc10 = 0
      pc11 = 0
      pc12 = 0
      pc13 = 0
      pc14 = 0
      pc15 = 0
Constrained:
   Tgbecnw = 152182
     Tecnw = 27062.4
       Tnw = 16473.5
       Tec = 18180.4
     twoNb = 876004
     twoNe = 260704
     twoNw = 1.1783e+06
    twoNec = 63594
    twoNnw = 55496.3
  twoNecnw = 85819.7
  twoNbecnw = 26109.9
  twoNgbecnw = 307394
         m = 0.131724
        m2 = 0.0245394
        m5 = 0.175692
        Tb = 22621.4
        Ta = 48910.7
        Te = 8236.76
DiffEv reached_goal. cost=1.84176e-03 spread=2.80691e-06
Fitted parameter values
Free:
       pc1 = -2.41685
       pc2 = -0.487646
       pc3 = -1.99654
       pc4 = -1.959
       pc5 = 1.99634
       pc6 = 1.35398
       pc7 = 0.407732
       pc8 = 1.25173
       pc9 = -1.03472
      pc10 = -0.0515486
      pc11 = -0.372031
      pc12 = 0.0451008
      pc13 = -0.246128
      pc14 = -0.0186664
      pc15 = -0.0182977
Constrained:
   Tgbecnw = 130234
     Tecnw = 27015.2
       Tnw = 12852.2
       Tec = 15583.3
     twoNb = 1.22907e+06
     twoNe = 13517.3
     twoNw = 1.5208e+06
    twoNec = 81735.3
    twoNnw = 74582.6
  twoNecnw = 76697.5
  twoNbecnw = 19421.7
  twoNgbecnw = 325115
         m = 0.101945
        m2 = 0.0252103
        m5 = 0.176066
        Tb = 21299.2
        Ta = 48249.6
        Te = 6426.08
#       SitePat  BranchLen
              b 134057.9633378
              e 52264.9576670
              c 54955.3049336
              n 49355.7918398
              w 49321.9255944
            b:e 2308.4004619
            b:c 2597.0731285
            b:n 1928.8024473
            b:w 1926.5013278
            e:c 11172.4854817
            e:n 5898.7835846
            e:w 5932.6498300
            c:n 5164.2664502
            c:w 5156.7102669
            n:w 13546.7381229
          b:e:c 2164.9132410
          b:e:n 1170.7979491
          b:e:w 1173.0990687
          b:c:n 1179.5736889
          b:c:w 1177.1166980
          b:n:w 2174.8368114
          e:c:n 5013.8875831
          e:c:w 5021.4437665
          e:n:w 6918.6943988
          c:n:w 5841.9675547
        b:e:c:n 2129.9849112
        b:e:c:w 2132.4419021
        b:e:n:w 3383.0445251
        b:c:n:w 2978.4147194
        e:c:n:w 55797.3800843
