########################################
# legofit: estimate population history #
#       version 2.3.4-4-g53f8760       #
########################################

# Program was compiled: Sep 21 2021 14:36:42
# Program was run: Sat Sep 25 03:03:30 2021

# cmd: legofit -1 -d 0 -t 32 --ptsPerDim 3 --stateOut b1boot48.state --tol 3e-6 -S 5000 abe2.lgo ../../boot/boot48.opf
# Stage nOptItr nSimReps
#     0    5000        0
# algorithm          : deterministic
# ignoring probs <=  : 0
# Branch length floor: 0
# DE strategy        : 2
#    F               : 0.3
#    CR              : 0.8
#    tolerance       : 3e-06
# nthreads           : 32
# lgo input file     : abe2.lgo
# site pat input file: ../../boot/boot48.opf
# free parameters    : 15
# points in DE swarm : 45
# output state file  : b1boot48.state
# Including singleton site patterns.
# cost function      : KL
Initial parameter values
Fixed:
      zero = 0
       one = 1
    Tbecnw = 75200
Free:
       pc1 = 0
       pc2 = 0
       pc3 = 0
       pc4 = 0
       pc5 = 0
       pc6 = 0
       pc7 = 0
       pc8 = 0
       pc9 = 0
      pc10 = 0
      pc11 = 0
      pc12 = 0
      pc13 = 0
      pc14 = 0
      pc15 = 0
Constrained:
   Tgbecnw = 152182
     Tecnw = 27062.4
       Tnw = 16473.5
       Tec = 18180.4
     twoNb = 876004
     twoNe = 260704
     twoNw = 1.1783e+06
    twoNec = 63594
    twoNnw = 55496.3
  twoNecnw = 85819.7
  twoNbecnw = 26109.9
  twoNgbecnw = 307394
         m = 0.131724
        m2 = 0.0245394
        m5 = 0.175692
        Tb = 22621.4
        Ta = 48910.7
        Te = 8236.76
DiffEv reached_goal. cost=1.85360e-03 spread=2.12329e-06
Fitted parameter values
Free:
       pc1 = -2.42972
       pc2 = -0.0181887
       pc3 = -1.99882
       pc4 = -1.95786
       pc5 = 1.97573
       pc6 = 1.49327
       pc7 = 0.0650434
       pc8 = 0.777526
       pc9 = -0.00730266
      pc10 = -0.157983
      pc11 = -0.518573
      pc12 = 0.0104558
      pc13 = -0.118927
      pc14 = -0.0108809
      pc15 = 0.00785453
Constrained:
   Tgbecnw = 129243
     Tecnw = 26873.5
       Tnw = 13446.9
       Tec = 14666.9
     twoNb = 1.02271e+06
     twoNe = 19393.4
     twoNw = 1.50595e+06
    twoNec = 88108.4
    twoNnw = 71318.6
  twoNecnw = 79314.6
  twoNbecnw = 20096.3
  twoNgbecnw = 281126
         m = 0.122163
        m2 = 0.0254979
        m5 = 0.178229
        Tb = 20770.2
        Ta = 47985.1
        Te = 6723.47
#       SitePat  BranchLen
              b 135639.9595133
              e 52708.5315127
              c 55438.9587623
              n 49877.5889844
              w 49841.2302096
            b:e 2363.7849354
            b:c 2664.1537701
            b:n 1954.1620075
            b:w 1951.6664866
            e:c 11335.0828534
            e:n 5999.8541175
            e:w 6036.2128923
            c:n 5256.0797039
            c:w 5247.8808775
            n:w 13645.8895009
          b:e:c 2186.1341188
          b:e:n 1189.0053268
          b:e:w 1191.5008477
          b:c:n 1198.0559907
          b:c:w 1195.3912448
          b:n:w 2194.9840010
          e:c:n 5070.5352731
          e:c:w 5078.7340995
          e:n:w 7022.8089769
          c:n:w 5923.3190867
        b:e:c:n 2158.2542017
        b:e:c:w 2160.9189476
        b:e:n:w 3422.9621360
        b:c:n:w 3010.8212433
        e:c:n:w 56557.4348747
