########################################
# legofit: estimate population history #
#       version 2.3.4-4-g53f8760       #
########################################

# Program was compiled: Sep 21 2021 14:36:42
# Program was run: Sat Sep 25 03:01:55 2021

# cmd: legofit -1 -d 0 -t 32 --ptsPerDim 3 --stateOut b1boot40.state --tol 3e-6 -S 5000 abe2.lgo ../../boot/boot40.opf
# Stage nOptItr nSimReps
#     0    5000        0
# algorithm          : deterministic
# ignoring probs <=  : 0
# Branch length floor: 0
# DE strategy        : 2
#    F               : 0.3
#    CR              : 0.8
#    tolerance       : 3e-06
# nthreads           : 32
# lgo input file     : abe2.lgo
# site pat input file: ../../boot/boot40.opf
# free parameters    : 15
# points in DE swarm : 45
# output state file  : b1boot40.state
# Including singleton site patterns.
# cost function      : KL
Initial parameter values
Fixed:
      zero = 0
       one = 1
    Tbecnw = 75200
Free:
       pc1 = 0
       pc2 = 0
       pc3 = 0
       pc4 = 0
       pc5 = 0
       pc6 = 0
       pc7 = 0
       pc8 = 0
       pc9 = 0
      pc10 = 0
      pc11 = 0
      pc12 = 0
      pc13 = 0
      pc14 = 0
      pc15 = 0
Constrained:
   Tgbecnw = 152182
     Tecnw = 27062.4
       Tnw = 16473.5
       Tec = 18180.4
     twoNb = 876004
     twoNe = 260704
     twoNw = 1.1783e+06
    twoNec = 63594
    twoNnw = 55496.3
  twoNecnw = 85819.7
  twoNbecnw = 26109.9
  twoNgbecnw = 307394
         m = 0.131724
        m2 = 0.0245394
        m5 = 0.175692
        Tb = 22621.4
        Ta = 48910.7
        Te = 8236.76
DiffEv reached_goal. cost=1.83400e-03 spread=2.63714e-06
Fitted parameter values
Free:
       pc1 = -2.36403
       pc2 = 0.0177384
       pc3 = -1.98171
       pc4 = -1.92956
       pc5 = 1.44614
       pc6 = 1.58709
       pc7 = 0.51721
       pc8 = 0.208649
       pc9 = -1.12461
      pc10 = 0.14697
      pc11 = -0.410013
      pc12 = -0.0731888
      pc13 = -0.134119
      pc14 = 0.0560074
      pc15 = 0.000645219
Constrained:
   Tgbecnw = 128045
     Tecnw = 27118.4
       Tnw = 12986.5
       Tec = 15795.2
     twoNb = 862664
     twoNe = 13774.6
     twoNw = 1.63606e+06
    twoNec = 80359.5
    twoNnw = 75549.3
  twoNecnw = 78362.3
  twoNbecnw = 20022.6
  twoNgbecnw = 270859
         m = 0.127126
        m2 = 0.0247039
        m5 = 0.175311
        Tb = 21456.8
        Ta = 48328.4
        Te = 6493.27
#       SitePat  BranchLen
              b 135773.0897009
              e 52700.9804674
              c 55366.5670551
              n 49924.7232647
              w 49892.6723233
            b:e 2361.0189556
            b:c 2655.5139203
            b:n 1954.4020604
            b:w 1952.2228445
            e:c 11329.1900365
            e:n 5969.1668804
            e:w 6001.2178218
            c:n 5236.4962178
            c:w 5229.3209518
            n:w 13637.1487866
          b:e:c 2185.8987625
          b:e:n 1183.8581982
          b:e:w 1186.0374141
          b:c:n 1192.4509022
          b:c:w 1190.1243750
          b:n:w 2192.7701204
          e:c:n 5096.5101286
          e:c:w 5103.6853946
          e:n:w 6989.6960981
          c:n:w 5917.7401825
        b:e:c:n 2157.9504263
        b:e:c:w 2160.2769536
        b:e:n:w 3368.8124340
        b:c:n:w 2972.5745969
        e:c:n:w 56692.7020513
