########################################
# legofit: estimate population history #
#       version 2.3.4-4-g53f8760       #
########################################

# Program was compiled: Sep 21 2021 14:36:42
# Program was run: Sat Sep 25 03:02:42 2021

# cmd: legofit -1 -d 0 -t 32 --ptsPerDim 3 --stateOut b1boot45.state --tol 3e-6 -S 5000 abe2.lgo ../../boot/boot45.opf
# Stage nOptItr nSimReps
#     0    5000        0
# algorithm          : deterministic
# ignoring probs <=  : 0
# Branch length floor: 0
# DE strategy        : 2
#    F               : 0.3
#    CR              : 0.8
#    tolerance       : 3e-06
# nthreads           : 32
# lgo input file     : abe2.lgo
# site pat input file: ../../boot/boot45.opf
# free parameters    : 15
# points in DE swarm : 45
# output state file  : b1boot45.state
# Including singleton site patterns.
# cost function      : KL
Initial parameter values
Fixed:
      zero = 0
       one = 1
    Tbecnw = 75200
Free:
       pc1 = 0
       pc2 = 0
       pc3 = 0
       pc4 = 0
       pc5 = 0
       pc6 = 0
       pc7 = 0
       pc8 = 0
       pc9 = 0
      pc10 = 0
      pc11 = 0
      pc12 = 0
      pc13 = 0
      pc14 = 0
      pc15 = 0
Constrained:
   Tgbecnw = 152182
     Tecnw = 27062.4
       Tnw = 16473.5
       Tec = 18180.4
     twoNb = 876004
     twoNe = 260704
     twoNw = 1.1783e+06
    twoNec = 63594
    twoNnw = 55496.3
  twoNecnw = 85819.7
  twoNbecnw = 26109.9
  twoNgbecnw = 307394
         m = 0.131724
        m2 = 0.0245394
        m5 = 0.175692
        Tb = 22621.4
        Ta = 48910.7
        Te = 8236.76
DiffEv reached_goal. cost=1.88498e-03 spread=1.84053e-06
Fitted parameter values
Free:
       pc1 = -2.42533
       pc2 = -0.0652703
       pc3 = -1.98828
       pc4 = -1.95437
       pc5 = 1.55368
       pc6 = 1.59377
       pc7 = 0.977115
       pc8 = 0.153065
       pc9 = -0.192683
      pc10 = 0.112857
      pc11 = -0.428668
      pc12 = -0.0202891
      pc13 = -0.119109
      pc14 = 0.000935217
      pc15 = 0.0144843
Constrained:
   Tgbecnw = 129246
     Tecnw = 26911.4
       Tnw = 13443.3
       Tec = 15231.6
     twoNb = 750950
     twoNe = 334.134
     twoNw = 1.72662e+06
    twoNec = 84393.5
    twoNnw = 71826.2
  twoNecnw = 79652
  twoNbecnw = 20308.4
  twoNgbecnw = 269067
         m = 0.129217
        m2 = 0.0254388
        m5 = 0.17486
        Tb = 21071.5
        Ta = 48135.8
        Te = 6721.64
#       SitePat  BranchLen
              b 136105.3883864
              e 52849.7492239
              c 55516.7515162
              n 50007.4187831
              w 49976.2203416
            b:e 2373.5177789
            b:c 2670.9218789
            b:n 1939.2165954
            b:w 1937.0982480
            e:c 11333.7572907
            e:n 5993.5670662
            e:w 6024.7655077
            c:n 5261.9304780
            c:w 5254.9089510
            n:w 13663.2066110
          b:e:c 2171.6579801
          b:e:n 1178.7600721
          b:e:w 1180.8784194
          b:c:n 1187.2997202
          b:c:w 1185.0381396
          b:n:w 2176.6846775
          e:c:n 5072.9928872
          e:c:w 5080.0144143
          e:n:w 7014.2023421
          c:n:w 5937.3536638
        b:e:c:n 2141.5007862
        b:e:c:w 2143.7623669
        b:e:n:w 3383.7568070
        b:c:n:w 2984.9927980
        e:c:n:w 56817.5920911
