########################################
# legofit: estimate population history #
#       version 2.3.4-4-g53f8760       #
########################################

# Program was compiled: Sep 21 2021 14:36:42
# Program was run: Sat Sep 25 02:59:15 2021

# cmd: legofit -1 -d 0 -t 32 --ptsPerDim 3 --stateOut b1boot25.state --tol 3e-6 -S 5000 abe2.lgo ../../boot/boot25.opf
# Stage nOptItr nSimReps
#     0    5000        0
# algorithm          : deterministic
# ignoring probs <=  : 0
# Branch length floor: 0
# DE strategy        : 2
#    F               : 0.3
#    CR              : 0.8
#    tolerance       : 3e-06
# nthreads           : 32
# lgo input file     : abe2.lgo
# site pat input file: ../../boot/boot25.opf
# free parameters    : 15
# points in DE swarm : 45
# output state file  : b1boot25.state
# Including singleton site patterns.
# cost function      : KL
Initial parameter values
Fixed:
      zero = 0
       one = 1
    Tbecnw = 75200
Free:
       pc1 = 0
       pc2 = 0
       pc3 = 0
       pc4 = 0
       pc5 = 0
       pc6 = 0
       pc7 = 0
       pc8 = 0
       pc9 = 0
      pc10 = 0
      pc11 = 0
      pc12 = 0
      pc13 = 0
      pc14 = 0
      pc15 = 0
Constrained:
   Tgbecnw = 152182
     Tecnw = 27062.4
       Tnw = 16473.5
       Tec = 18180.4
     twoNb = 876004
     twoNe = 260704
     twoNw = 1.1783e+06
    twoNec = 63594
    twoNnw = 55496.3
  twoNecnw = 85819.7
  twoNbecnw = 26109.9
  twoNgbecnw = 307394
         m = 0.131724
        m2 = 0.0245394
        m5 = 0.175692
        Tb = 22621.4
        Ta = 48910.7
        Te = 8236.76
DiffEv reached_goal. cost=1.84393e-03 spread=2.56182e-06
Fitted parameter values
Free:
       pc1 = -3.53799
       pc2 = -1.63916
       pc3 = -1.98536
       pc4 = -1.97281
       pc5 = 1.80883
       pc6 = 1.76434
       pc7 = 0.882546
       pc8 = 0.697871
       pc9 = -0.264739
      pc10 = -0.0962939
      pc11 = -0.334432
      pc12 = 0.149672
      pc13 = -0.184832
      pc14 = -0.0287237
      pc15 = 0.00336247
Constrained:
   Tgbecnw = 133260
     Tecnw = 26968.6
       Tnw = 12017.1
       Tec = 14125.1
     twoNb = 661068
     twoNe = 590.905
     twoNw = 1.50943e+06
    twoNec = 93091.5
    twoNnw = 79540.5
  twoNecnw = 75331.6
  twoNbecnw = 19440.2
  twoNgbecnw = 367488
         m = 0.0879463
        m2 = 0.0259602
        m5 = 0.173624
        Tb = 20546.9
        Ta = 47873.4
        Te = 6008.55
#       SitePat  BranchLen
              b 133005.2245580
              e 51911.5575846
              c 54542.1958467
              n 49030.3307795
              w 48998.6806833
            b:e 2316.6741240
            b:c 2604.5933383
            b:n 1898.1971579
            b:w 1896.0913188
            e:c 11106.6491908
            e:n 5865.9170241
            e:w 5897.5671203
            c:n 5140.8117306
            c:w 5133.8341007
            n:w 13466.8141566
          b:e:c 2132.2400961
          b:e:n 1154.7891920
          b:e:w 1156.8950311
          b:c:n 1163.5812307
          b:c:w 1161.3315036
          b:n:w 2131.6277585
          e:c:n 4975.1601981
          e:c:w 4982.1378281
          e:n:w 6873.2940229
          c:n:w 5823.2474024
        b:e:c:n 2098.0100093
        b:e:c:w 2100.2597365
        b:e:n:w 3342.2717454
        b:c:n:w 2949.3706580
        e:c:n:w 55197.7347329
