########################################
# legofit: estimate population history #
#       version 2.3.4-4-g53f8760       #
########################################

# Program was compiled: Sep 21 2021 14:36:42
# Program was run: Sat Sep 25 02:32:19 2021

# cmd: legofit -1 -d 0 -t 32 --ptsPerDim 3 --stateOut b1boot3.state --tol 3e-6 -S 5000 abe2.lgo ../../boot/boot3.opf
# Stage nOptItr nSimReps
#     0    5000        0
# algorithm          : deterministic
# ignoring probs <=  : 0
# Branch length floor: 0
# DE strategy        : 2
#    F               : 0.3
#    CR              : 0.8
#    tolerance       : 3e-06
# nthreads           : 32
# lgo input file     : abe2.lgo
# site pat input file: ../../boot/boot3.opf
# free parameters    : 15
# points in DE swarm : 45
# output state file  : b1boot3.state
# Including singleton site patterns.
# cost function      : KL
Initial parameter values
Fixed:
      zero = 0
       one = 1
    Tbecnw = 75200
Free:
       pc1 = 0
       pc2 = 0
       pc3 = 0
       pc4 = 0
       pc5 = 0
       pc6 = 0
       pc7 = 0
       pc8 = 0
       pc9 = 0
      pc10 = 0
      pc11 = 0
      pc12 = 0
      pc13 = 0
      pc14 = 0
      pc15 = 0
Constrained:
   Tgbecnw = 152182
     Tecnw = 27062.4
       Tnw = 16473.5
       Tec = 18180.4
     twoNb = 876004
     twoNe = 260704
     twoNw = 1.1783e+06
    twoNec = 63594
    twoNnw = 55496.3
  twoNecnw = 85819.7
  twoNbecnw = 26109.9
  twoNgbecnw = 307394
         m = 0.131724
        m2 = 0.0245394
        m5 = 0.175692
        Tb = 22621.4
        Ta = 48910.7
        Te = 8236.76
DiffEv reached_goal. cost=1.85367e-03 spread=2.93603e-06
Fitted parameter values
Free:
       pc1 = -0.775779
       pc2 = 0.888462
       pc3 = -1.99823
       pc4 = -1.98555
       pc5 = 1.34433
       pc6 = 1.43092
       pc7 = 0.140242
       pc8 = 0.301469
       pc9 = -0.884652
      pc10 = 0.213581
      pc11 = -0.303445
      pc12 = -0.0802407
      pc13 = -0.102599
      pc14 = 0.0188734
      pc15 = -0.00682723
Constrained:
   Tgbecnw = 126841
     Tecnw = 26868.6
       Tnw = 15133.3
       Tec = 16795.1
     twoNb = 1.07977e+06
     twoNe = 10180.3
     twoNw = 1.67173e+06
    twoNec = 71988.2
    twoNnw = 61433.8
  twoNecnw = 81639.6
  twoNbecnw = 20449.3
  twoNgbecnw = 245274
         m = 0.144583
        m2 = 0.0242188
        m5 = 0.177859
        Tb = 21831.9
        Ta = 48515.9
        Te = 7566.66
#       SitePat  BranchLen
              b 137055.0984000
              e 53247.5534410
              c 55976.3918863
              n 50425.0296499
              w 50388.7872922
            b:e 2404.8599132
            b:c 2712.6050142
            b:n 1987.7628152
            b:w 1985.1968903
            e:c 11442.1575440
            e:n 6043.7468667
            e:w 6079.9892245
            c:n 5307.0527968
            c:w 5298.6657330
            n:w 13766.5167398
          b:e:c 2233.7858295
          b:e:n 1206.8074400
          b:e:w 1209.3733649
          b:c:n 1215.9459295
          b:c:w 1213.2052088
          b:n:w 2242.5077783
          e:c:n 5134.8211376
          e:c:w 5143.2082013
          e:n:w 7120.0337908
          c:n:w 5999.0488015
        b:e:c:n 2196.2446658
        b:e:c:w 2198.9853865
        b:e:n:w 3426.6002250
        b:c:n:w 3016.0488082
        e:c:n:w 57216.8610958
