########################################
# legofit: estimate population history #
#       version 2.3.4-4-g53f8760       #
########################################

# Program was compiled: Sep 21 2021 14:36:42
# Program was run: Sat Sep 25 02:58:10 2021

# cmd: legofit -1 -d 0 -t 32 --ptsPerDim 3 --stateOut b1boot20.state --tol 3e-6 -S 5000 abe2.lgo ../../boot/boot20.opf
# Stage nOptItr nSimReps
#     0    5000        0
# algorithm          : deterministic
# ignoring probs <=  : 0
# Branch length floor: 0
# DE strategy        : 2
#    F               : 0.3
#    CR              : 0.8
#    tolerance       : 3e-06
# nthreads           : 32
# lgo input file     : abe2.lgo
# site pat input file: ../../boot/boot20.opf
# free parameters    : 15
# points in DE swarm : 45
# output state file  : b1boot20.state
# Including singleton site patterns.
# cost function      : KL
Initial parameter values
Fixed:
      zero = 0
       one = 1
    Tbecnw = 75200
Free:
       pc1 = 0
       pc2 = 0
       pc3 = 0
       pc4 = 0
       pc5 = 0
       pc6 = 0
       pc7 = 0
       pc8 = 0
       pc9 = 0
      pc10 = 0
      pc11 = 0
      pc12 = 0
      pc13 = 0
      pc14 = 0
      pc15 = 0
Constrained:
   Tgbecnw = 152182
     Tecnw = 27062.4
       Tnw = 16473.5
       Tec = 18180.4
     twoNb = 876004
     twoNe = 260704
     twoNw = 1.1783e+06
    twoNec = 63594
    twoNnw = 55496.3
  twoNecnw = 85819.7
  twoNbecnw = 26109.9
  twoNgbecnw = 307394
         m = 0.131724
        m2 = 0.0245394
        m5 = 0.175692
        Tb = 22621.4
        Ta = 48910.7
        Te = 8236.76
DiffEv reached_goal. cost=1.84024e-03 spread=2.97738e-06
Fitted parameter values
Free:
       pc1 = -1.39235
       pc2 = -0.519266
       pc3 = -1.94007
       pc4 = -1.97467
       pc5 = 1.58407
       pc6 = 1.53841
       pc7 = 0.386372
       pc8 = 0.553043
       pc9 = -0.469045
      pc10 = 0.198044
      pc11 = -0.399047
      pc12 = 0.0274699
      pc13 = -0.114627
      pc14 = 0.0305675
      pc15 = -0.0093373
Constrained:
   Tgbecnw = 132314
     Tecnw = 26733.9
       Tnw = 14620.9
       Tec = 15824.1
     twoNb = 890955
     twoNe = 5534.17
     twoNw = 1.59671e+06
    twoNec = 77629.8
    twoNnw = 63466.6
  twoNecnw = 78283.6
  twoNbecnw = 20226.6
  twoNgbecnw = 310899
         m = 0.107711
        m2 = 0.024931
        m5 = 0.176595
        Tb = 21279
        Ta = 48239.5
        Te = 7310.44
#       SitePat  BranchLen
              b 134786.8897152
              e 52393.9129613
              c 55067.0297725
              n 49609.8874316
              w 49573.9293374
            b:e 2324.3508938
            b:c 2619.2721126
            b:n 1926.0307048
            b:w 1923.5354136
            e:c 11276.8283652
            e:n 5928.2277838
            e:w 5964.1858780
            c:n 5207.5768383
            c:w 5199.3084287
            n:w 13537.9260337
          b:e:c 2165.7107187
          b:e:n 1167.2428807
          b:e:w 1169.7381719
          b:c:n 1176.2262811
          b:c:w 1173.5642206
          b:n:w 2172.6052690
          e:c:n 5042.3101979
          e:c:w 5050.5786076
          e:n:w 6973.8889200
          c:n:w 5882.3354746
        b:e:c:n 2123.7819411
        b:e:c:w 2126.4440017
        b:e:n:w 3362.9274892
        b:c:n:w 2959.1618010
        e:c:n:w 56107.3530636
