########################################
# legofit: estimate population history #
#       version 2.3.4-4-g53f8760       #
########################################

# Program was compiled: Sep 21 2021 14:36:42
# Program was run: Sat Sep 25 02:59:49 2021

# cmd: legofit -1 -d 0 -t 32 --ptsPerDim 3 --stateOut b1boot29.state --tol 3e-6 -S 5000 abe2.lgo ../../boot/boot29.opf
# Stage nOptItr nSimReps
#     0    5000        0
# algorithm          : deterministic
# ignoring probs <=  : 0
# Branch length floor: 0
# DE strategy        : 2
#    F               : 0.3
#    CR              : 0.8
#    tolerance       : 3e-06
# nthreads           : 32
# lgo input file     : abe2.lgo
# site pat input file: ../../boot/boot29.opf
# free parameters    : 15
# points in DE swarm : 45
# output state file  : b1boot29.state
# Including singleton site patterns.
# cost function      : KL
Initial parameter values
Fixed:
      zero = 0
       one = 1
    Tbecnw = 75200
Free:
       pc1 = 0
       pc2 = 0
       pc3 = 0
       pc4 = 0
       pc5 = 0
       pc6 = 0
       pc7 = 0
       pc8 = 0
       pc9 = 0
      pc10 = 0
      pc11 = 0
      pc12 = 0
      pc13 = 0
      pc14 = 0
      pc15 = 0
Constrained:
   Tgbecnw = 152182
     Tecnw = 27062.4
       Tnw = 16473.5
       Tec = 18180.4
     twoNb = 876004
     twoNe = 260704
     twoNw = 1.1783e+06
    twoNec = 63594
    twoNnw = 55496.3
  twoNecnw = 85819.7
  twoNbecnw = 26109.9
  twoNgbecnw = 307394
         m = 0.131724
        m2 = 0.0245394
        m5 = 0.175692
        Tb = 22621.4
        Ta = 48910.7
        Te = 8236.76
DiffEv reached_goal. cost=1.85691e-03 spread=2.62740e-06
Fitted parameter values
Free:
       pc1 = -1.11676
       pc2 = 0.287829
       pc3 = -1.9888
       pc4 = -1.98768
       pc5 = 1.58349
       pc6 = 1.24616
       pc7 = 0.54662
       pc8 = 0.270304
       pc9 = -0.180784
      pc10 = 0.434226
      pc11 = -0.375294
      pc12 = -0.0636052
      pc13 = -0.0236605
      pc14 = 0.0170763
      pc15 = -0.0169779
Constrained:
   Tgbecnw = 129720
     Tecnw = 26779.2
       Tnw = 15263.7
       Tec = 16134.6
     twoNb = 934129
     twoNe = 70599.1
     twoNw = 1.75196e+06
    twoNec = 76111.4
    twoNnw = 59765.2
  twoNecnw = 80130.6
  twoNbecnw = 20754.4
  twoNgbecnw = 259720
         m = 0.133554
        m2 = 0.0249974
        m5 = 0.177075
        Tb = 21456.9
        Ta = 48328.4
        Te = 7631.84
#       SitePat  BranchLen
              b 136445.3785247
              e 52904.1600242
              c 55617.7751708
              n 50049.6154814
              w 50015.2873499
            b:e 2368.0057794
            b:c 2672.5099752
            b:n 1941.9904055
            b:w 1939.5890337
            e:c 11394.0101193
            e:n 5995.2012417
            e:w 6029.5293733
            c:n 5265.8631748
            c:w 5257.8888519
            n:w 13704.7573724
          b:e:c 2188.4286511
          b:e:n 1177.9223623
          b:e:w 1180.3237341
          b:c:n 1186.6714585
          b:c:w 1184.1114803
          b:n:w 2196.6950390
          e:c:n 5094.5451123
          e:c:w 5102.5194352
          e:n:w 7102.4534772
          c:n:w 5981.9252520
        b:e:c:n 2139.3060457
        b:e:c:w 2141.8660238
        b:e:n:w 3390.4747688
        b:c:n:w 2981.3253207
        e:c:n:w 56925.8528553
