########################################
# legofit: estimate population history #
#       version 2.3.4-4-g53f8760       #
########################################

# Program was compiled: Sep 21 2021 14:36:42
# Program was run: Sat Sep 25 03:00:55 2021

# cmd: legofit -1 -d 0 -t 32 --ptsPerDim 3 --stateOut b1boot34.state --tol 3e-6 -S 5000 abe2.lgo ../../boot/boot34.opf
# Stage nOptItr nSimReps
#     0    5000        0
# algorithm          : deterministic
# ignoring probs <=  : 0
# Branch length floor: 0
# DE strategy        : 2
#    F               : 0.3
#    CR              : 0.8
#    tolerance       : 3e-06
# nthreads           : 32
# lgo input file     : abe2.lgo
# site pat input file: ../../boot/boot34.opf
# free parameters    : 15
# points in DE swarm : 45
# output state file  : b1boot34.state
# Including singleton site patterns.
# cost function      : KL
Initial parameter values
Fixed:
      zero = 0
       one = 1
    Tbecnw = 75200
Free:
       pc1 = 0
       pc2 = 0
       pc3 = 0
       pc4 = 0
       pc5 = 0
       pc6 = 0
       pc7 = 0
       pc8 = 0
       pc9 = 0
      pc10 = 0
      pc11 = 0
      pc12 = 0
      pc13 = 0
      pc14 = 0
      pc15 = 0
Constrained:
   Tgbecnw = 152182
     Tecnw = 27062.4
       Tnw = 16473.5
       Tec = 18180.4
     twoNb = 876004
     twoNe = 260704
     twoNw = 1.1783e+06
    twoNec = 63594
    twoNnw = 55496.3
  twoNecnw = 85819.7
  twoNbecnw = 26109.9
  twoNgbecnw = 307394
         m = 0.131724
        m2 = 0.0245394
        m5 = 0.175692
        Tb = 22621.4
        Ta = 48910.7
        Te = 8236.76
DiffEv reached_goal. cost=1.84624e-03 spread=2.89174e-06
Fitted parameter values
Free:
       pc1 = -2.27188
       pc2 = -0.127673
       pc3 = -1.99101
       pc4 = -1.98442
       pc5 = 1.19713
       pc6 = 1.63209
       pc7 = 0.135981
       pc8 = 0.49523
       pc9 = -0.744808
      pc10 = 0.409625
      pc11 = -0.406011
      pc12 = -0.0841436
      pc13 = -0.0819925
      pc14 = -0.0119759
      pc15 = -0.00604229
Constrained:
   Tgbecnw = 127976
     Tecnw = 27087.1
       Tnw = 13810.9
       Tec = 15423.1
     twoNb = 861997
     twoNe = 43633.1
     twoNw = 1.46499e+06
    twoNec = 84548.7
    twoNnw = 69592.8
  twoNecnw = 77712.1
  twoNbecnw = 20022
  twoNgbecnw = 268864
         m = 0.126221
        m2 = 0.0247472
        m5 = 0.175521
        Tb = 21255.1
        Ta = 48227.6
        Te = 6905.43
#       SitePat  BranchLen
              b 135285.2614560
              e 52613.9960322
              c 55293.6786738
              n 49734.2586501
              w 49696.8470844
            b:e 2352.7042372
            b:c 2650.2069343
            b:n 1930.5784461
            b:w 1928.0165199
            e:c 11252.3671795
            e:n 5946.7906017
            e:w 5984.2021674
            c:n 5220.0392628
            c:w 5211.5517328
            n:w 13611.7735065
          b:e:c 2169.5488179
          b:e:n 1173.2979358
          b:e:w 1175.8598620
          b:c:n 1182.2626721
          b:c:w 1179.5295759
          b:n:w 2174.4030833
          e:c:n 5062.9438145
          e:c:w 5071.4313445
          e:n:w 7034.7911801
          c:n:w 5942.5190419
        b:e:c:n 2128.9930281
        b:e:c:w 2131.7261244
        b:e:n:w 3354.1473680
        b:c:n:w 2956.0014239
        e:c:n:w 56319.7381452
