########################################
# legofit: estimate population history #
#       version 2.3.4-4-g53f8760       #
########################################

# Program was compiled: Sep 21 2021 14:36:42
# Program was run: Sat Sep 25 02:59:21 2021

# cmd: legofit -1 -d 0 -t 32 --ptsPerDim 3 --stateOut b1boot26.state --tol 3e-6 -S 5000 abe2.lgo ../../boot/boot26.opf
# Stage nOptItr nSimReps
#     0    5000        0
# algorithm          : deterministic
# ignoring probs <=  : 0
# Branch length floor: 0
# DE strategy        : 2
#    F               : 0.3
#    CR              : 0.8
#    tolerance       : 3e-06
# nthreads           : 32
# lgo input file     : abe2.lgo
# site pat input file: ../../boot/boot26.opf
# free parameters    : 15
# points in DE swarm : 45
# output state file  : b1boot26.state
# Including singleton site patterns.
# cost function      : KL
Initial parameter values
Fixed:
      zero = 0
       one = 1
    Tbecnw = 75200
Free:
       pc1 = 0
       pc2 = 0
       pc3 = 0
       pc4 = 0
       pc5 = 0
       pc6 = 0
       pc7 = 0
       pc8 = 0
       pc9 = 0
      pc10 = 0
      pc11 = 0
      pc12 = 0
      pc13 = 0
      pc14 = 0
      pc15 = 0
Constrained:
   Tgbecnw = 152182
     Tecnw = 27062.4
       Tnw = 16473.5
       Tec = 18180.4
     twoNb = 876004
     twoNe = 260704
     twoNw = 1.1783e+06
    twoNec = 63594
    twoNnw = 55496.3
  twoNecnw = 85819.7
  twoNbecnw = 26109.9
  twoNgbecnw = 307394
         m = 0.131724
        m2 = 0.0245394
        m5 = 0.175692
        Tb = 22621.4
        Ta = 48910.7
        Te = 8236.76
DiffEv reached_goal. cost=1.83020e-03 spread=2.89830e-06
Fitted parameter values
Free:
       pc1 = -0.821139
       pc2 = 1.12057
       pc3 = -1.92274
       pc4 = -1.95967
       pc5 = 1.54698
       pc6 = 0.979409
       pc7 = 0.607226
       pc8 = 0.167606
       pc9 = -0.42458
      pc10 = -0.223608
      pc11 = -0.423623
      pc12 = -0.0760405
      pc13 = -0.0656337
      pc14 = 0.0520662
      pc15 = 0.0103379
Constrained:
   Tgbecnw = 128993
     Tecnw = 26648
       Tnw = 14775.2
       Tec = 16548.7
     twoNb = 1.1464e+06
     twoNe = 75232.7
     twoNw = 1.83443e+06
    twoNec = 71577.6
    twoNnw = 63543.4
  twoNecnw = 83997.8
  twoNbecnw = 21133.1
  twoNgbecnw = 238425
         m = 0.149998
        m2 = 0.0246787
        m5 = 0.177823
        Tb = 21598.4
        Ta = 48399.2
        Te = 7387.6
#       SitePat  BranchLen
              b 137597.5243126
              e 53485.9326315
              c 56206.6610280
              n 50762.9603363
              w 50730.2386115
            b:e 2392.2129102
            b:c 2694.3272763
            b:n 1984.4281132
            b:w 1982.1507709
            e:c 11556.8067838
            e:n 6100.8563527
            e:w 6133.5780775
            c:n 5358.5665852
            c:w 5351.0537746
            n:w 13809.3079623
          b:e:c 2212.4876008
          b:e:n 1202.0754766
          b:e:w 1204.3528188
          b:c:n 1210.5783024
          b:c:w 1208.1486457
          b:n:w 2225.4845799
          e:c:n 5153.5108592
          e:c:w 5161.0236698
          e:n:w 7081.8281492
          c:n:w 5978.4869186
        b:e:c:n 2189.0468361
        b:e:c:w 2191.4764929
        b:e:n:w 3415.0448531
        b:c:n:w 3008.0586424
        e:c:n:w 57237.1646216
