########################################
# legofit: estimate population history #
#       version 2.3.4-4-g53f8760       #
########################################

# Program was compiled: Sep 21 2021 14:36:42
# Program was run: Sat Sep 25 02:59:43 2021

# cmd: legofit -1 -d 0 -t 32 --ptsPerDim 3 --stateOut b1boot28.state --tol 3e-6 -S 5000 abe2.lgo ../../boot/boot28.opf
# Stage nOptItr nSimReps
#     0    5000        0
# algorithm          : deterministic
# ignoring probs <=  : 0
# Branch length floor: 0
# DE strategy        : 2
#    F               : 0.3
#    CR              : 0.8
#    tolerance       : 3e-06
# nthreads           : 32
# lgo input file     : abe2.lgo
# site pat input file: ../../boot/boot28.opf
# free parameters    : 15
# points in DE swarm : 45
# output state file  : b1boot28.state
# Including singleton site patterns.
# cost function      : KL
Initial parameter values
Fixed:
      zero = 0
       one = 1
    Tbecnw = 75200
Free:
       pc1 = 0
       pc2 = 0
       pc3 = 0
       pc4 = 0
       pc5 = 0
       pc6 = 0
       pc7 = 0
       pc8 = 0
       pc9 = 0
      pc10 = 0
      pc11 = 0
      pc12 = 0
      pc13 = 0
      pc14 = 0
      pc15 = 0
Constrained:
   Tgbecnw = 152182
     Tecnw = 27062.4
       Tnw = 16473.5
       Tec = 18180.4
     twoNb = 876004
     twoNe = 260704
     twoNw = 1.1783e+06
    twoNec = 63594
    twoNnw = 55496.3
  twoNecnw = 85819.7
  twoNbecnw = 26109.9
  twoNgbecnw = 307394
         m = 0.131724
        m2 = 0.0245394
        m5 = 0.175692
        Tb = 22621.4
        Ta = 48910.7
        Te = 8236.76
DiffEv reached_goal. cost=1.84373e-03 spread=2.87038e-06
Fitted parameter values
Free:
       pc1 = -2.28567
       pc2 = 0.692947
       pc3 = -1.9813
       pc4 = -1.96732
       pc5 = 1.30996
       pc6 = 1.35927
       pc7 = 0.982011
       pc8 = 0.231333
       pc9 = -0.6783
      pc10 = 0.18321
      pc11 = -0.362
      pc12 = -0.107309
      pc13 = -0.0781011
      pc14 = 0.00156669
      pc15 = 0.0160601
Constrained:
   Tgbecnw = 125944
     Tecnw = 27058.5
       Tnw = 13431.9
       Tec = 15855.6
     twoNb = 962367
     twoNe = 37344.8
     twoNw = 1.75051e+06
    twoNec = 81007.2
    twoNnw = 72709.7
  twoNecnw = 80739.6
  twoNbecnw = 20442.6
  twoNgbecnw = 235070
         m = 0.149668
        m2 = 0.0250237
        m5 = 0.174342
        Tb = 21457
        Ta = 48328.5
        Te = 6715.97
#       SitePat  BranchLen
              b 136713.5158540
              e 53258.2000741
              c 55936.4696323
              n 50382.4445092
              w 50351.4953447
            b:e 2409.2961350
            b:c 2708.8574666
            b:n 1976.1923920
            b:w 1974.0713885
            e:c 11419.0136613
            e:n 6048.3354373
            e:w 6079.2846017
            c:n 5312.6302304
            c:w 5305.6528136
            n:w 13791.4786630
          b:e:c 2209.4114355
          b:e:n 1200.8735641
          b:e:w 1202.9945676
          b:c:n 1209.2624962
          b:c:w 1206.9985403
          b:n:w 2217.3825083
          e:c:n 5138.8910047
          e:c:w 5145.8684215
          e:n:w 7093.7872190
          c:n:w 6010.4495201
        b:e:c:n 2181.9327956
        b:e:c:w 2184.1967515
        b:e:n:w 3405.9749839
        b:c:n:w 3008.4257884
        e:c:n:w 56831.3265192
