########################################
# legofit: estimate population history #
#       version 2.3.4-4-g53f8760       #
########################################

# Program was compiled: Sep 21 2021 14:36:42
# Program was run: Sat Sep 25 02:57:43 2021

# cmd: legofit -1 -d 0 -t 32 --ptsPerDim 3 --stateOut b1boot18.state --tol 3e-6 -S 5000 abe2.lgo ../../boot/boot18.opf
# Stage nOptItr nSimReps
#     0    5000        0
# algorithm          : deterministic
# ignoring probs <=  : 0
# Branch length floor: 0
# DE strategy        : 2
#    F               : 0.3
#    CR              : 0.8
#    tolerance       : 3e-06
# nthreads           : 32
# lgo input file     : abe2.lgo
# site pat input file: ../../boot/boot18.opf
# free parameters    : 15
# points in DE swarm : 45
# output state file  : b1boot18.state
# Including singleton site patterns.
# cost function      : KL
Initial parameter values
Fixed:
      zero = 0
       one = 1
    Tbecnw = 75200
Free:
       pc1 = 0
       pc2 = 0
       pc3 = 0
       pc4 = 0
       pc5 = 0
       pc6 = 0
       pc7 = 0
       pc8 = 0
       pc9 = 0
      pc10 = 0
      pc11 = 0
      pc12 = 0
      pc13 = 0
      pc14 = 0
      pc15 = 0
Constrained:
   Tgbecnw = 152182
     Tecnw = 27062.4
       Tnw = 16473.5
       Tec = 18180.4
     twoNb = 876004
     twoNe = 260704
     twoNw = 1.1783e+06
    twoNec = 63594
    twoNnw = 55496.3
  twoNecnw = 85819.7
  twoNbecnw = 26109.9
  twoNgbecnw = 307394
         m = 0.131724
        m2 = 0.0245394
        m5 = 0.175692
        Tb = 22621.4
        Ta = 48910.7
        Te = 8236.76
DiffEv reached_goal. cost=1.85737e-03 spread=2.53535e-06
Fitted parameter values
Free:
       pc1 = -2.48488
       pc2 = 1.24431
       pc3 = -1.93929
       pc4 = -1.91015
       pc5 = 1.59439
       pc6 = 0.706359
       pc7 = 1.6659
       pc8 = 1.62663
       pc9 = -0.824172
      pc10 = 0.0805219
      pc11 = -0.30381
      pc12 = -0.137185
      pc13 = -0.196069
      pc14 = 0.00675256
      pc15 = 0.012174
Constrained:
   Tgbecnw = 124683
     Tecnw = 27091
       Tnw = 13154
       Tec = 16201.6
     twoNb = 1.67198e+06
     twoNe = 57920.5
     twoNw = 1.75697e+06
    twoNec = 77434.8
    twoNnw = 74507.8
  twoNecnw = 81017.9
  twoNbecnw = 20162.9
  twoNgbecnw = 230483
         m = 0.154348
        m2 = 0.0256905
        m5 = 0.172284
        Tb = 21646.3
        Ta = 48423.2
        Te = 6577.01
#       SitePat  BranchLen
              b 136904.8970292
              e 53340.1424995
              c 56004.1625117
              n 50440.2218516
              w 50410.2208887
            b:e 2389.9372671
            b:c 2681.9508044
            b:n 1976.9563974
            b:w 1974.9129768
            e:c 11467.8099982
            e:n 6028.9456256
            e:w 6058.9465884
            c:n 5297.2512789
            c:w 5290.5330661
            n:w 13828.2459739
          b:e:c 2209.2687598
          b:e:n 1197.4437326
          b:e:w 1199.4871533
          b:c:n 1205.4343860
          b:c:w 1203.2540147
          b:n:w 2225.5389329
          e:c:n 5139.3152210
          e:c:w 5146.0334338
          e:n:w 7060.2657845
          c:n:w 5991.2579296
        b:e:c:n 2181.7149346
        b:e:c:w 2183.8953059
        b:e:n:w 3429.2902088
        b:c:n:w 3030.6147647
        e:c:n:w 56962.1007117
