########################################
# legofit: estimate population history #
#       version 2.3.4-4-g53f8760       #
########################################

# Program was compiled: Sep 21 2021 14:36:42
# Program was run: Sat Sep 25 02:57:30 2021

# cmd: legofit -1 -d 0 -t 32 --ptsPerDim 3 --stateOut b1boot16.state --tol 3e-6 -S 5000 abe2.lgo ../../boot/boot16.opf
# Stage nOptItr nSimReps
#     0    5000        0
# algorithm          : deterministic
# ignoring probs <=  : 0
# Branch length floor: 0
# DE strategy        : 2
#    F               : 0.3
#    CR              : 0.8
#    tolerance       : 3e-06
# nthreads           : 32
# lgo input file     : abe2.lgo
# site pat input file: ../../boot/boot16.opf
# free parameters    : 15
# points in DE swarm : 45
# output state file  : b1boot16.state
# Including singleton site patterns.
# cost function      : KL
Initial parameter values
Fixed:
      zero = 0
       one = 1
    Tbecnw = 75200
Free:
       pc1 = 0
       pc2 = 0
       pc3 = 0
       pc4 = 0
       pc5 = 0
       pc6 = 0
       pc7 = 0
       pc8 = 0
       pc9 = 0
      pc10 = 0
      pc11 = 0
      pc12 = 0
      pc13 = 0
      pc14 = 0
      pc15 = 0
Constrained:
   Tgbecnw = 152182
     Tecnw = 27062.4
       Tnw = 16473.5
       Tec = 18180.4
     twoNb = 876004
     twoNe = 260704
     twoNw = 1.1783e+06
    twoNec = 63594
    twoNnw = 55496.3
  twoNecnw = 85819.7
  twoNbecnw = 26109.9
  twoNgbecnw = 307394
         m = 0.131724
        m2 = 0.0245394
        m5 = 0.175692
        Tb = 22621.4
        Ta = 48910.7
        Te = 8236.76
DiffEv reached_goal. cost=1.79587e-03 spread=2.94530e-06
Fitted parameter values
Free:
       pc1 = -1.11614
       pc2 = 0.92144
       pc3 = -1.99942
       pc4 = -1.91377
       pc5 = 1.88807
       pc6 = 1.40428
       pc7 = 0.0241862
       pc8 = 0.665552
       pc9 = -0.243623
      pc10 = 0.509464
      pc11 = -0.23936
      pc12 = -0.0835942
      pc13 = -0.101047
      pc14 = 0.0038901
      pc15 = -0.00834302
Constrained:
   Tgbecnw = 126250
     Tecnw = 27016.4
       Tnw = 15502.8
       Tec = 16223.8
     twoNb = 1.16474e+06
     twoNe = 2253.5
     twoNw = 1.64685e+06
    twoNec = 77130
    twoNnw = 59589.7
  twoNecnw = 80518.3
  twoNbecnw = 20376.9
  twoNgbecnw = 239791
         m = 0.14724
        m2 = 0.0249635
        m5 = 0.179256
        Tb = 21620.1
        Ta = 48410
        Te = 7751.4
#       SitePat  BranchLen
              b 136866.9068352
              e 53159.2836417
              c 55918.6985888
              n 50307.5669058
              w 50269.9460686
            b:e 2388.0269717
            b:c 2699.5818098
            b:n 1960.5431793
            b:w 1957.8906489
            e:c 11410.2122839
            e:n 6010.5702922
            e:w 6048.1911294
            c:n 5271.2611202
            c:w 5262.5239579
            n:w 13727.1222504
          b:e:c 2209.9477293
          b:e:n 1190.6992768
          b:e:w 1193.3518072
          b:c:n 1199.8106625
          b:c:w 1196.9805629
          b:n:w 2220.0517491
          e:c:n 5108.6076480
          e:c:w 5117.3448104
          e:n:w 7144.4730531
          c:n:w 6003.0767898
        b:e:c:n 2162.3864489
        b:e:c:w 2165.2165484
        b:e:n:w 3419.4801226
        b:c:n:w 3002.1427079
        e:c:n:w 57105.2257863
