########################################
# legofit: estimate population history #
#       version 2.3.4-4-g53f8760       #
########################################

# Program was compiled: Sep 21 2021 14:36:42
# Program was run: Sat Sep 25 02:58:45 2021

# cmd: legofit -1 -d 0 -t 32 --ptsPerDim 3 --stateOut b1boot24.state --tol 3e-6 -S 5000 abe2.lgo ../../boot/boot24.opf
# Stage nOptItr nSimReps
#     0    5000        0
# algorithm          : deterministic
# ignoring probs <=  : 0
# Branch length floor: 0
# DE strategy        : 2
#    F               : 0.3
#    CR              : 0.8
#    tolerance       : 3e-06
# nthreads           : 32
# lgo input file     : abe2.lgo
# site pat input file: ../../boot/boot24.opf
# free parameters    : 15
# points in DE swarm : 45
# output state file  : b1boot24.state
# Including singleton site patterns.
# cost function      : KL
Initial parameter values
Fixed:
      zero = 0
       one = 1
    Tbecnw = 75200
Free:
       pc1 = 0
       pc2 = 0
       pc3 = 0
       pc4 = 0
       pc5 = 0
       pc6 = 0
       pc7 = 0
       pc8 = 0
       pc9 = 0
      pc10 = 0
      pc11 = 0
      pc12 = 0
      pc13 = 0
      pc14 = 0
      pc15 = 0
Constrained:
   Tgbecnw = 152182
     Tecnw = 27062.4
       Tnw = 16473.5
       Tec = 18180.4
     twoNb = 876004
     twoNe = 260704
     twoNw = 1.1783e+06
    twoNec = 63594
    twoNnw = 55496.3
  twoNecnw = 85819.7
  twoNbecnw = 26109.9
  twoNgbecnw = 307394
         m = 0.131724
        m2 = 0.0245394
        m5 = 0.175692
        Tb = 22621.4
        Ta = 48910.7
        Te = 8236.76
DiffEv reached_goal. cost=1.85815e-03 spread=2.97865e-06
Fitted parameter values
Free:
       pc1 = -2.12193
       pc2 = 0.803653
       pc3 = -1.99578
       pc4 = -1.82333
       pc5 = 1.06191
       pc6 = 1.14174
       pc7 = 1.35463
       pc8 = 0.986729
       pc9 = -0.776221
      pc10 = 0.264974
      pc11 = -0.231909
      pc12 = -0.0695253
      pc13 = -0.222825
      pc14 = -0.00204141
      pc15 = 0.0229971
Constrained:
   Tgbecnw = 125706
     Tecnw = 27056.3
       Tnw = 13859.7
       Tec = 16364.1
     twoNb = 1.2467e+06
     twoNe = 41029.6
     twoNw = 1.66149e+06
    twoNec = 76741.4
    twoNnw = 70376.8
  twoNecnw = 81134.2
  twoNbecnw = 20195.2
  twoNgbecnw = 240331
         m = 0.147954
        m2 = 0.0252295
        m5 = 0.172249
        Tb = 21710.2
        Ta = 48455.1
        Te = 6929.83
#       SitePat  BranchLen
              b 136918.0707149
              e 53354.8856958
              c 56000.5182930
              n 50476.0175545
              w 50442.9625801
            b:e 2401.5824994
            b:c 2695.5581563
            b:n 1982.3643101
            b:w 1980.0807659
            e:c 11427.9854198
            e:n 6022.6930080
            e:w 6055.7479825
            c:n 5300.2347444
            c:w 5292.7588105
            n:w 13769.2674031
          b:e:c 2218.0553292
          b:e:n 1202.8124082
          b:e:w 1205.0959525
          b:c:n 1211.2801022
          b:c:w 1208.8414025
          b:n:w 2230.3069008
          e:c:n 5127.4898288
          e:c:w 5134.9657627
          e:n:w 7055.2719573
          c:n:w 5986.8916645
        b:e:c:n 2190.3134595
        b:e:c:w 2192.7521592
        b:e:n:w 3432.7023409
        b:c:n:w 3034.7085782
        e:c:n:w 57082.1717757
