########################################
# legofit: estimate population history #
#            version 2.3.3             #
########################################

# Program was compiled: Sep 12 2021 17:54:39
# Program was run: Tue Sep 14 06:06:40 2021

# cmd: legofit -1 -d 0 -t 32 --ptsPerDim 3 --stateOut b1.state --tol 3e-6 -S 5000 abce2.lgo ../../pan.opf
# Stage nOptItr nSimReps
#     0    5000        0
# algorithm          : deterministic
# ignoring probs <=  : 0
# Branch length floor: 0
# DE strategy        : 2
#    F               : 0.3
#    CR              : 0.8
#    tolerance       : 3e-06
# nthreads           : 32
# lgo input file     : abce2.lgo
# site pat input file: ../../pan.opf
# free parameters    : 17
# points in DE swarm : 51
# output state file  : b1.state
# Including singleton site patterns.
# cost function      : KL
Initial parameter values
Fixed:
      zero = 0
       one = 1
    Tbecnw = 75200
Free:
       pc1 = 0
       pc2 = 0
       pc3 = 0
       pc4 = 0
       pc5 = 0
       pc6 = 0
       pc7 = 0
       pc8 = 0
       pc9 = 0
      pc10 = 0
      pc11 = 0
      pc12 = 0
      pc13 = 0
      pc14 = 0
      pc15 = 0
      pc16 = 0
      pc17 = 0
Constrained:
   Tgbecnw = 139708
     Tecnw = 30403.2
       Tnw = 16218.7
       Tec = 12118.5
     twoNb = 1.80445e+06
     twoNe = 112315
     twoNn = 397858
     twoNw = 2.66267e+06
    twoNec = 120998
    twoNnw = 45593.1
  twoNecnw = 73108.7
  twoNbecnw = 23599.6
  twoNgbecnw = 264832
         m = 0.128539
        m2 = 0.0319174
        m3 = 0.271466
        m5 = 0.119922
        Tb = 21260.9
        Ta = 48230.4
        Tc = 8109.34
        Te = 4054.67
DiffEv reached_goal. cost=1.53294e-03 spread=2.79243e-06
Fitted parameter values
Free:
       pc1 = -3.88675
       pc2 = 3.99023
       pc3 = 2.00534
       pc4 = 0.69388
       pc5 = -1.73105
       pc6 = 1.9192
       pc7 = -0.628436
       pc8 = 1.84034
       pc9 = 0.938422
      pc10 = -1.26098
      pc11 = 0.381091
      pc12 = 0.0685539
      pc13 = 0.129767
      pc14 = -0.156371
      pc15 = 0.181108
      pc16 = 0.0349393
      pc17 = -0.0570591
Constrained:
   Tgbecnw = 107594
     Tecnw = 28110
       Tnw = 16749.3
       Tec = 12089.2
     twoNb = 1.55216e+06
     twoNe = 107277
     twoNn = 68110.8
     twoNw = 2.29308e+06
    twoNec = 106815
    twoNnw = 35765.6
  twoNecnw = 70885
  twoNbecnw = 12630
  twoNgbecnw = 297851
         m = 0.110058
        m2 = 0.0306018
        m3 = 0.272519
        m5 = 0.122615
        Tb = 20099.6
        Ta = 47649.8
        Tc = 8374.63
        Te = 4187.32
#       SitePat  BranchLen
              b 129521.7899076
              e 50514.8077562
              c 52964.5227009
              n 46485.1656658
              w 48769.7301207
            b:e 2224.5397037
            b:c 2490.4457951
            b:n 1724.5024721
            b:w 1880.5504738
            e:c 10740.1592442
            e:n 6059.9555650
            e:w 5375.1889149
            c:n 5523.7375367
            c:w 4567.1264669
            n:w 12955.6337989
          b:e:c 2056.9439209
          b:e:n 1084.2215240
          b:e:w 1126.5101527
          b:c:n 1114.9585617
          b:c:w 1112.0665812
          b:n:w 2066.7619288
          e:c:n 5218.3064585
          e:c:w 4394.8028325
          e:n:w 6684.5070557
          c:n:w 5660.2025900
        b:e:c:n 2095.9305355
        b:e:c:w 2080.8028804
        b:e:n:w 3346.1226826
        b:c:n:w 2982.7930774
        e:c:n:w 53906.1413841
