########################################
# legofit: estimate population history #
#            version 2.3.3             #
########################################

# Program was compiled: Sep 12 2021 17:54:39
# Program was run: Tue Sep 14 12:30:12 2021

# cmd: legofit -1 -d 0 -t 32 --ptsPerDim 3 --stateOut b1boot23.state --tol 3e-6 -S 5000 abce2.lgo ../../boot/boot23.opf
# Stage nOptItr nSimReps
#     0    5000        0
# algorithm          : deterministic
# ignoring probs <=  : 0
# Branch length floor: 0
# DE strategy        : 2
#    F               : 0.3
#    CR              : 0.8
#    tolerance       : 3e-06
# nthreads           : 32
# lgo input file     : abce2.lgo
# site pat input file: ../../boot/boot23.opf
# free parameters    : 17
# points in DE swarm : 51
# output state file  : b1boot23.state
# Including singleton site patterns.
# cost function      : KL
Initial parameter values
Fixed:
      zero = 0
       one = 1
    Tbecnw = 75200
Free:
       pc1 = 0
       pc2 = 0
       pc3 = 0
       pc4 = 0
       pc5 = 0
       pc6 = 0
       pc7 = 0
       pc8 = 0
       pc9 = 0
      pc10 = 0
      pc11 = 0
      pc12 = 0
      pc13 = 0
      pc14 = 0
      pc15 = 0
      pc16 = 0
      pc17 = 0
Constrained:
   Tgbecnw = 139708
     Tecnw = 30403.2
       Tnw = 16218.7
       Tec = 12118.5
     twoNb = 1.80445e+06
     twoNe = 112315
     twoNn = 397858
     twoNw = 2.66267e+06
    twoNec = 120998
    twoNnw = 45593.1
  twoNecnw = 73108.7
  twoNbecnw = 23599.6
  twoNgbecnw = 264832
         m = 0.128539
        m2 = 0.0319174
        m3 = 0.271466
        m5 = 0.119922
        Tb = 21260.9
        Ta = 48230.4
        Tc = 8109.34
        Te = 4054.67
DiffEv reached_goal. cost=1.51910e-03 spread=2.94502e-06
Fitted parameter values
Free:
       pc1 = -3.90063
       pc2 = 3.95948
       pc3 = 1.11959
       pc4 = -0.230021
       pc5 = -1.69176
       pc6 = 1.82222
       pc7 = 0.472053
       pc8 = 1.54685
       pc9 = -0.135118
      pc10 = -1.16141
      pc11 = 0.352482
      pc12 = 0.228091
      pc13 = -0.0032098
      pc14 = 0.0224069
      pc15 = 0.197828
      pc16 = 0.0154877
      pc17 = -0.0335989
Constrained:
   Tgbecnw = 110191
     Tecnw = 28054.2
       Tnw = 16232.9
       Tec = 12264.5
     twoNb = 1.4273e+06
     twoNe = 131648
     twoNn = 383387
     twoNw = 2.96407e+06
    twoNec = 105561
    twoNnw = 37602.8
  twoNecnw = 71579.4
  twoNbecnw = 13372.7
  twoNgbecnw = 305601
         m = 0.106512
        m2 = 0.0311963
        m3 = 0.271651
        m5 = 0.118349
        Tb = 20159.4
        Ta = 47679.7
        Tc = 8116.44
        Te = 4058.22
#       SitePat  BranchLen
              b 129643.5673585
              e 50758.5802426
              c 53112.3075447
              n 46645.5035293
              w 48911.2268393
            b:e 2241.6811318
            b:c 2496.4219642
            b:n 1736.4455369
            b:w 1890.6257050
            e:c 10802.0255767
            e:n 6061.3890723
            e:w 5383.7067685
            c:n 5552.6121109
            c:w 4599.2991035
            n:w 13062.7763328
          b:e:c 2066.5172800
          b:e:n 1088.9685888
          b:e:w 1131.1620114
          b:c:n 1119.1790054
          b:c:w 1116.3215537
          b:n:w 2077.3602880
          e:c:n 5234.1825757
          e:c:w 4415.9249930
          e:n:w 6667.8093169
          c:n:w 5687.2245173
        b:e:c:n 2106.1384617
        b:e:c:w 2096.1520054
        b:e:n:w 3364.7176150
        b:c:n:w 3014.6489063
        e:c:n:w 53770.9521660
