########################################
# legofit: estimate population history #
#            version 2.3.3             #
########################################

# Program was compiled: Sep 12 2021 17:54:39
# Program was run: Tue Sep 14 23:17:35 2021

# cmd: legofit -1 -d 0 -t 32 --ptsPerDim 3 --stateOut b1boot48.state --tol 3e-6 -S 5000 abce2.lgo ../../boot/boot48.opf
# Stage nOptItr nSimReps
#     0    5000        0
# algorithm          : deterministic
# ignoring probs <=  : 0
# Branch length floor: 0
# DE strategy        : 2
#    F               : 0.3
#    CR              : 0.8
#    tolerance       : 3e-06
# nthreads           : 32
# lgo input file     : abce2.lgo
# site pat input file: ../../boot/boot48.opf
# free parameters    : 17
# points in DE swarm : 51
# output state file  : b1boot48.state
# Including singleton site patterns.
# cost function      : KL
Initial parameter values
Fixed:
      zero = 0
       one = 1
    Tbecnw = 75200
Free:
       pc1 = 0
       pc2 = 0
       pc3 = 0
       pc4 = 0
       pc5 = 0
       pc6 = 0
       pc7 = 0
       pc8 = 0
       pc9 = 0
      pc10 = 0
      pc11 = 0
      pc12 = 0
      pc13 = 0
      pc14 = 0
      pc15 = 0
      pc16 = 0
      pc17 = 0
Constrained:
   Tgbecnw = 139708
     Tecnw = 30403.2
       Tnw = 16218.7
       Tec = 12118.5
     twoNb = 1.80445e+06
     twoNe = 112315
     twoNn = 397858
     twoNw = 2.66267e+06
    twoNec = 120998
    twoNnw = 45593.1
  twoNecnw = 73108.7
  twoNbecnw = 23599.6
  twoNgbecnw = 264832
         m = 0.128539
        m2 = 0.0319174
        m3 = 0.271466
        m5 = 0.119922
        Tb = 21260.9
        Ta = 48230.4
        Tc = 8109.34
        Te = 4054.67
DiffEv reached_goal. cost=1.54023e-03 spread=2.91254e-06
Fitted parameter values
Free:
       pc1 = -3.89452
       pc2 = 3.92017
       pc3 = -0.147973
       pc4 = 0.557602
       pc5 = -1.39443
       pc6 = 1.85342
       pc7 = 0.0879847
       pc8 = 1.75938
       pc9 = 1.41816
      pc10 = -0.687599
      pc11 = 0.741494
      pc12 = -0.241793
      pc13 = 0.25734
      pc14 = -0.00596446
      pc15 = 0.109261
      pc16 = 0.00313528
      pc17 = -0.0230168
Constrained:
   Tgbecnw = 113486
     Tecnw = 28286.5
       Tnw = 17405.4
       Tec = 12248.2
     twoNb = 1.30637e+06
     twoNe = 98966.1
     twoNn = 808518
     twoNw = 2.79249e+06
    twoNec = 105506
    twoNnw = 33422.3
  twoNecnw = 71549
  twoNbecnw = 14223.5
  twoNgbecnw = 322932
         m = 0.101364
        m2 = 0.0311887
        m3 = 0.282184
        m5 = 0.121064
        Tb = 20267.4
        Ta = 47733.7
        Tc = 8702.72
        Te = 4351.36
#       SitePat  BranchLen
              b 130443.8595792
              e 50830.9483201
              c 53304.9284172
              n 46749.7890917
              w 49175.3832337
            b:e 2253.3270859
            b:c 2524.2739151
            b:n 1742.4554884
            b:w 1909.8774319
            e:c 10849.8358138
            e:n 6131.8038136
            e:w 5392.0273058
            c:n 5586.4575754
            c:w 4584.0664567
            n:w 13038.3012766
          b:e:c 2084.9302451
          b:e:n 1095.6271328
          b:e:w 1139.1805105
          b:c:n 1126.4336673
          b:c:w 1125.1966577
          b:n:w 2096.2161612
          e:c:n 5284.5371943
          e:c:w 4406.6826486
          e:n:w 6731.0344941
          c:n:w 5693.7757843
        b:e:c:n 2123.7463206
        b:e:c:w 2108.4361319
        b:e:n:w 3403.1230581
        b:c:n:w 3031.9392090
        e:c:n:w 54373.3828775
