########################################
# legofit: estimate population history #
#            version 2.3.3             #
########################################

# Program was compiled: Sep 12 2021 17:54:39
# Program was run: Tue Sep 14 06:39:03 2021

# cmd: legofit -1 -d 0 -t 32 --ptsPerDim 3 --stateOut b1boot9.state --tol 3e-6 -S 5000 abce2.lgo ../../boot/boot9.opf
# Stage nOptItr nSimReps
#     0    5000        0
# algorithm          : deterministic
# ignoring probs <=  : 0
# Branch length floor: 0
# DE strategy        : 2
#    F               : 0.3
#    CR              : 0.8
#    tolerance       : 3e-06
# nthreads           : 32
# lgo input file     : abce2.lgo
# site pat input file: ../../boot/boot9.opf
# free parameters    : 17
# points in DE swarm : 51
# output state file  : b1boot9.state
# Including singleton site patterns.
# cost function      : KL
Initial parameter values
Fixed:
      zero = 0
       one = 1
    Tbecnw = 75200
Free:
       pc1 = 0
       pc2 = 0
       pc3 = 0
       pc4 = 0
       pc5 = 0
       pc6 = 0
       pc7 = 0
       pc8 = 0
       pc9 = 0
      pc10 = 0
      pc11 = 0
      pc12 = 0
      pc13 = 0
      pc14 = 0
      pc15 = 0
      pc16 = 0
      pc17 = 0
Constrained:
   Tgbecnw = 139708
     Tecnw = 30403.2
       Tnw = 16218.7
       Tec = 12118.5
     twoNb = 1.80445e+06
     twoNe = 112315
     twoNn = 397858
     twoNw = 2.66267e+06
    twoNec = 120998
    twoNnw = 45593.1
  twoNecnw = 73108.7
  twoNbecnw = 23599.6
  twoNgbecnw = 264832
         m = 0.128539
        m2 = 0.0319174
        m3 = 0.271466
        m5 = 0.119922
        Tb = 21260.9
        Ta = 48230.4
        Tc = 8109.34
        Te = 4054.67
DiffEv reached_goal. cost=1.52680e-03 spread=1.66669e-06
Fitted parameter values
Free:
       pc1 = -3.97406
       pc2 = 3.98525
       pc3 = 1.25618
       pc4 = 0.897497
       pc5 = -1.88424
       pc6 = 1.92009
       pc7 = 0.494694
       pc8 = 1.94957
       pc9 = 0.212085
      pc10 = -0.939809
      pc11 = 0.338711
      pc12 = -0.0261983
      pc13 = 0.229783
      pc14 = -0.0779414
      pc15 = 0.215492
      pc16 = 0.0201166
      pc17 = -0.0272043
Constrained:
   Tgbecnw = 108646
     Tecnw = 28012.2
       Tnw = 16803.6
       Tec = 11916.5
     twoNb = 1.36012e+06
     twoNe = 95344.4
     twoNn = 413071
     twoNw = 2.97746e+06
    twoNec = 107368
    twoNnw = 35348.2
  twoNecnw = 71952.5
  twoNbecnw = 12890.6
  twoNgbecnw = 302622
         m = 0.10893
        m2 = 0.0308111
        m3 = 0.271735
        m5 = 0.11911
        Tb = 19964.3
        Ta = 47582.2
        Tc = 8401.78
        Te = 4200.89
#       SitePat  BranchLen
              b 129712.8647294
              e 50653.4562139
              c 53072.9586133
              n 46585.0080569
              w 48926.1932585
            b:e 2240.4963269
            b:c 2502.7526188
            b:n 1731.3963482
            b:w 1889.7092790
            e:c 10814.6807493
            e:n 6098.9676103
            e:w 5362.9968307
            c:n 5536.3955795
            c:w 4588.6629906
            n:w 13029.8930895
          b:e:c 2069.8250563
          b:e:n 1090.2437475
          b:e:w 1128.7059652
          b:c:n 1117.0725053
          b:c:w 1118.5923855
          b:n:w 2078.9215671
          e:c:n 5228.8508967
          e:c:w 4391.2995825
          e:n:w 6671.1369292
          c:n:w 5667.4705225
        b:e:c:n 2108.7697857
        b:e:c:w 2090.5443400
        b:e:n:w 3363.7492544
        b:c:n:w 3005.8476196
        e:c:n:w 53935.7686464
