########################################
# legofit: estimate population history #
#            version 2.3.3             #
########################################

# Program was compiled: Sep 12 2021 17:54:39
# Program was run: Tue Sep 14 20:44:34 2021

# cmd: legofit -1 -d 0 -t 32 --ptsPerDim 3 --stateOut b1boot37.state --tol 3e-6 -S 5000 abce2.lgo ../../boot/boot37.opf
# Stage nOptItr nSimReps
#     0    5000        0
# algorithm          : deterministic
# ignoring probs <=  : 0
# Branch length floor: 0
# DE strategy        : 2
#    F               : 0.3
#    CR              : 0.8
#    tolerance       : 3e-06
# nthreads           : 32
# lgo input file     : abce2.lgo
# site pat input file: ../../boot/boot37.opf
# free parameters    : 17
# points in DE swarm : 51
# output state file  : b1boot37.state
# Including singleton site patterns.
# cost function      : KL
Initial parameter values
Fixed:
      zero = 0
       one = 1
    Tbecnw = 75200
Free:
       pc1 = 0
       pc2 = 0
       pc3 = 0
       pc4 = 0
       pc5 = 0
       pc6 = 0
       pc7 = 0
       pc8 = 0
       pc9 = 0
      pc10 = 0
      pc11 = 0
      pc12 = 0
      pc13 = 0
      pc14 = 0
      pc15 = 0
      pc16 = 0
      pc17 = 0
Constrained:
   Tgbecnw = 139708
     Tecnw = 30403.2
       Tnw = 16218.7
       Tec = 12118.5
     twoNb = 1.80445e+06
     twoNe = 112315
     twoNn = 397858
     twoNw = 2.66267e+06
    twoNec = 120998
    twoNnw = 45593.1
  twoNecnw = 73108.7
  twoNbecnw = 23599.6
  twoNgbecnw = 264832
         m = 0.128539
        m2 = 0.0319174
        m3 = 0.271466
        m5 = 0.119922
        Tb = 21260.9
        Ta = 48230.4
        Tc = 8109.34
        Te = 4054.67
DiffEv reached_goal. cost=1.53352e-03 spread=2.97337e-06
Fitted parameter values
Free:
       pc1 = -3.92088
       pc2 = 3.99766
       pc3 = 2.17371
       pc4 = 0.955599
       pc5 = -1.6974
       pc6 = 1.89724
       pc7 = -0.252229
       pc8 = 1.74442
       pc9 = 0.302908
      pc10 = -1.48447
      pc11 = 0.125118
      pc12 = -0.0365919
      pc13 = 0.151609
      pc14 = -0.241157
      pc15 = 0.176658
      pc16 = 0.00440104
      pc17 = -0.0370961
Constrained:
   Tgbecnw = 107503
     Tecnw = 28070
       Tnw = 16447.5
       Tec = 12086.9
     twoNb = 1.59702e+06
     twoNe = 103046
     twoNn = 63385.1
     twoNw = 2.67841e+06
    twoNec = 106607
    twoNnw = 36954.7
  twoNecnw = 71149.3
  twoNbecnw = 12549.6
  twoNgbecnw = 298412
         m = 0.112014
        m2 = 0.0302876
        m3 = 0.268645
        m5 = 0.121203
        Tb = 20078.5
        Ta = 47639.2
        Tc = 8223.75
        Te = 4111.88
#       SitePat  BranchLen
              b 130020.4778410
              e 50508.8031615
              c 52956.7058850
              n 46469.6331135
              w 48764.1252706
            b:e 2211.8132076
            b:c 2473.9311916
            b:n 1715.1544826
            b:w 1871.5512868
            e:c 10749.7036955
            e:n 6074.0418624
            e:w 5356.3895355
            c:n 5503.3009467
            c:w 4571.9116312
            n:w 12976.9130104
          b:e:c 2045.8128547
          b:e:n 1079.7055947
          b:e:w 1117.9911959
          b:c:n 1106.4245022
          b:c:w 1107.8395088
          b:n:w 2056.8168975
          e:c:n 5211.9428982
          e:c:w 4387.0452698
          e:n:w 6656.2537958
          c:n:w 5644.5303416
        b:e:c:n 2085.9308903
        b:e:c:w 2069.2806969
        b:e:n:w 3333.7122558
        b:c:n:w 2974.0665568
        e:c:n:w 54382.0824711
