########################################
# legofit: estimate population history #
#            version 2.3.3             #
########################################

# Program was compiled: Sep 12 2021 17:54:39
# Program was run: Tue Sep 14 10:14:22 2021

# cmd: legofit -1 -d 0 -t 32 --ptsPerDim 3 --stateOut b1boot19.state --tol 3e-6 -S 5000 abce2.lgo ../../boot/boot19.opf
# Stage nOptItr nSimReps
#     0    5000        0
# algorithm          : deterministic
# ignoring probs <=  : 0
# Branch length floor: 0
# DE strategy        : 2
#    F               : 0.3
#    CR              : 0.8
#    tolerance       : 3e-06
# nthreads           : 32
# lgo input file     : abce2.lgo
# site pat input file: ../../boot/boot19.opf
# free parameters    : 17
# points in DE swarm : 51
# output state file  : b1boot19.state
# Including singleton site patterns.
# cost function      : KL
Initial parameter values
Fixed:
      zero = 0
       one = 1
    Tbecnw = 75200
Free:
       pc1 = 0
       pc2 = 0
       pc3 = 0
       pc4 = 0
       pc5 = 0
       pc6 = 0
       pc7 = 0
       pc8 = 0
       pc9 = 0
      pc10 = 0
      pc11 = 0
      pc12 = 0
      pc13 = 0
      pc14 = 0
      pc15 = 0
      pc16 = 0
      pc17 = 0
Constrained:
   Tgbecnw = 139708
     Tecnw = 30403.2
       Tnw = 16218.7
       Tec = 12118.5
     twoNb = 1.80445e+06
     twoNe = 112315
     twoNn = 397858
     twoNw = 2.66267e+06
    twoNec = 120998
    twoNnw = 45593.1
  twoNecnw = 73108.7
  twoNbecnw = 23599.6
  twoNgbecnw = 264832
         m = 0.128539
        m2 = 0.0319174
        m3 = 0.271466
        m5 = 0.119922
        Tb = 21260.9
        Ta = 48230.4
        Tc = 8109.34
        Te = 4054.67
DiffEv reached_goal. cost=1.53049e-03 spread=2.69389e-06
Fitted parameter values
Free:
       pc1 = -3.78823
       pc2 = 3.99736
       pc3 = 0.136941
       pc4 = -0.116404
       pc5 = -1.78043
       pc6 = 1.72818
       pc7 = 0.334451
       pc8 = 1.59252
       pc9 = 0.113063
      pc10 = -0.75425
      pc11 = -0.200226
      pc12 = -0.0185483
      pc13 = 0.166661
      pc14 = -0.0462359
      pc15 = 0.117595
      pc16 = -0.013901
      pc17 = 0.0022795
Constrained:
   Tgbecnw = 113231
     Tecnw = 28278.7
       Tnw = 16863.3
       Tec = 12618.4
     twoNb = 1.40514e+06
     twoNe = 113541
     twoNn = 586518
     twoNw = 2.823e+06
    twoNec = 102893
    twoNnw = 35771.5
  twoNecnw = 70109.2
  twoNbecnw = 14241.2
  twoNgbecnw = 317856
         m = 0.101041
        m2 = 0.0314142
        m3 = 0.273643
        m5 = 0.117579
        Tb = 20448.5
        Ta = 47824.3
        Tc = 8431.66
        Te = 4215.83
#       SitePat  BranchLen
              b 130010.9267435
              e 50673.8793086
              c 53072.6217514
              n 46579.6282113
              w 48930.7958130
            b:e 2239.0498632
            b:c 2498.9736965
            b:n 1731.7528062
            b:w 1895.5175449
            e:c 10825.1404350
            e:n 6083.4324044
            e:w 5347.3317724
            c:n 5528.9019248
            c:w 4583.2716000
            n:w 13034.6568727
          b:e:c 2070.5413172
          b:e:n 1086.5235644
          b:e:w 1125.2961904
          b:c:n 1112.9048677
          b:c:w 1115.0576489
          b:n:w 2083.1824511
          e:c:n 5286.1135560
          e:c:w 4428.6195126
          e:n:w 6712.7561058
          c:n:w 5713.4087023
        b:e:c:n 2102.5576436
        b:e:c:w 2085.9249863
        b:e:n:w 3368.2187659
        b:c:n:w 3011.3477462
        e:c:n:w 54102.3907667
