########################################
# legofit: estimate population history #
#            version 2.3.3             #
########################################

# Program was compiled: Sep 12 2021 17:54:39
# Program was run: Tue Sep 14 18:49:54 2021

# cmd: legofit -1 -d 0 -t 32 --ptsPerDim 3 --stateOut b1boot35.state --tol 3e-6 -S 5000 abce2.lgo ../../boot/boot35.opf
# Stage nOptItr nSimReps
#     0    5000        0
# algorithm          : deterministic
# ignoring probs <=  : 0
# Branch length floor: 0
# DE strategy        : 2
#    F               : 0.3
#    CR              : 0.8
#    tolerance       : 3e-06
# nthreads           : 32
# lgo input file     : abce2.lgo
# site pat input file: ../../boot/boot35.opf
# free parameters    : 17
# points in DE swarm : 51
# output state file  : b1boot35.state
# Including singleton site patterns.
# cost function      : KL
Initial parameter values
Fixed:
      zero = 0
       one = 1
    Tbecnw = 75200
Free:
       pc1 = 0
       pc2 = 0
       pc3 = 0
       pc4 = 0
       pc5 = 0
       pc6 = 0
       pc7 = 0
       pc8 = 0
       pc9 = 0
      pc10 = 0
      pc11 = 0
      pc12 = 0
      pc13 = 0
      pc14 = 0
      pc15 = 0
      pc16 = 0
      pc17 = 0
Constrained:
   Tgbecnw = 139708
     Tecnw = 30403.2
       Tnw = 16218.7
       Tec = 12118.5
     twoNb = 1.80445e+06
     twoNe = 112315
     twoNn = 397858
     twoNw = 2.66267e+06
    twoNec = 120998
    twoNnw = 45593.1
  twoNecnw = 73108.7
  twoNbecnw = 23599.6
  twoNgbecnw = 264832
         m = 0.128539
        m2 = 0.0319174
        m3 = 0.271466
        m5 = 0.119922
        Tb = 21260.9
        Ta = 48230.4
        Tc = 8109.34
        Te = 4054.67
DiffEv reached_goal. cost=1.52309e-03 spread=2.86338e-06
Fitted parameter values
Free:
       pc1 = -3.93352
       pc2 = 3.965
       pc3 = 0.0522167
       pc4 = 0.840399
       pc5 = -1.67605
       pc6 = 1.84247
       pc7 = 0.704504
       pc8 = 1.41009
       pc9 = 0.320723
      pc10 = -0.830563
      pc11 = 0.263583
      pc12 = 0.0949999
      pc13 = 0.0816621
      pc14 = 0.0525822
      pc15 = 0.162229
      pc16 = 0.0640942
      pc17 = -0.0579953
Constrained:
   Tgbecnw = 112941
     Tecnw = 28134.1
       Tnw = 17207.1
       Tec = 12076.7
     twoNb = 1.40614e+06
     twoNe = 103427
     twoNn = 921588
     twoNw = 3.0736e+06
    twoNec = 108567
    twoNnw = 34313.9
  twoNecnw = 71699.8
  twoNbecnw = 14102
  twoNgbecnw = 317029
         m = 0.10273
        m2 = 0.0309346
        m3 = 0.274124
        m5 = 0.118184
        Tb = 20105.4
        Ta = 47652.7
        Tc = 8603.57
        Te = 4301.79
#       SitePat  BranchLen
              b 130124.9072495
              e 50910.8252558
              c 53285.2944446
              n 46789.7749251
              w 49085.7930604
            b:e 2247.3138674
            b:c 2505.5877283
            b:n 1736.6316248
            b:w 1892.9941053
            e:c 10804.5722314
            e:n 6091.1985833
            e:w 5386.3320759
            c:n 5565.8347601
            c:w 4612.1210229
            n:w 13034.7283726
          b:e:c 2070.5722236
          b:e:n 1092.1945017
          b:e:w 1133.0969027
          b:c:n 1121.0866151
          b:c:w 1120.0126671
          b:n:w 2081.0859815
          e:c:n 5237.7310017
          e:c:w 4412.9993502
          e:n:w 6703.3339475
          c:n:w 5709.1885034
        b:e:c:n 2105.4846041
        b:e:c:w 2096.5875232
        b:e:n:w 3378.7994925
        b:c:n:w 3023.9688473
        e:c:n:w 54059.2827371
