########################################
# legofit: estimate population history #
#            version 2.3.3             #
########################################

# Program was compiled: Sep 12 2021 17:54:39
# Program was run: Tue Sep 14 23:17:36 2021

# cmd: legofit -1 -d 0 -t 32 --ptsPerDim 3 --stateOut b1boot42.state --tol 3e-6 -S 5000 abce2.lgo ../../boot/boot42.opf
# Stage nOptItr nSimReps
#     0    5000        0
# algorithm          : deterministic
# ignoring probs <=  : 0
# Branch length floor: 0
# DE strategy        : 2
#    F               : 0.3
#    CR              : 0.8
#    tolerance       : 3e-06
# nthreads           : 32
# lgo input file     : abce2.lgo
# site pat input file: ../../boot/boot42.opf
# free parameters    : 17
# points in DE swarm : 51
# output state file  : b1boot42.state
# Including singleton site patterns.
# cost function      : KL
Initial parameter values
Fixed:
      zero = 0
       one = 1
    Tbecnw = 75200
Free:
       pc1 = 0
       pc2 = 0
       pc3 = 0
       pc4 = 0
       pc5 = 0
       pc6 = 0
       pc7 = 0
       pc8 = 0
       pc9 = 0
      pc10 = 0
      pc11 = 0
      pc12 = 0
      pc13 = 0
      pc14 = 0
      pc15 = 0
      pc16 = 0
      pc17 = 0
Constrained:
   Tgbecnw = 139708
     Tecnw = 30403.2
       Tnw = 16218.7
       Tec = 12118.5
     twoNb = 1.80445e+06
     twoNe = 112315
     twoNn = 397858
     twoNw = 2.66267e+06
    twoNec = 120998
    twoNnw = 45593.1
  twoNecnw = 73108.7
  twoNbecnw = 23599.6
  twoNgbecnw = 264832
         m = 0.128539
        m2 = 0.0319174
        m3 = 0.271466
        m5 = 0.119922
        Tb = 21260.9
        Ta = 48230.4
        Tc = 8109.34
        Te = 4054.67
DiffEv reached_goal. cost=1.53309e-03 spread=2.93868e-06
Fitted parameter values
Free:
       pc1 = -3.92237
       pc2 = 3.92638
       pc3 = 1.13193
       pc4 = 0.541606
       pc5 = -1.68916
       pc6 = 1.54985
       pc7 = 0.408719
       pc8 = 1.39577
       pc9 = 0.969749
      pc10 = -0.565247
      pc11 = 0.273154
      pc12 = 0.247416
      pc13 = 0.200346
      pc14 = -0.091461
      pc15 = 0.208381
      pc16 = -0.0368968
      pc17 = -0.0232166
Constrained:
   Tgbecnw = 110974
     Tecnw = 28170.5
       Tnw = 17132.2
       Tec = 12203
     twoNb = 1.20637e+06
     twoNe = 109523
     twoNn = 707238
     twoNw = 2.68391e+06
    twoNec = 104696
    twoNnw = 34693.7
  twoNecnw = 71219.6
  twoNbecnw = 13748.9
  twoNgbecnw = 296553
         m = 0.110239
        m2 = 0.0310807
        m3 = 0.272126
        m5 = 0.120878
        Tb = 20186.7
        Ta = 47693.4
        Tc = 8566.11
        Te = 4283.05
#       SitePat  BranchLen
              b 129953.7030297
              e 50671.6820448
              c 53074.7334869
              n 46669.9639822
              w 48992.5560399
            b:e 2230.7419519
            b:c 2493.6475792
            b:n 1721.9580360
            b:w 1875.5311068
            e:c 10851.2330762
            e:n 6060.2711044
            e:w 5369.6576756
            c:n 5544.5676026
            c:w 4573.4872586
            n:w 13011.6187496
          b:e:c 2053.5998935
          b:e:n 1075.8706586
          b:e:w 1118.1888573
          b:c:n 1106.5701479
          b:c:w 1103.0035978
          b:n:w 2063.9220152
          e:c:n 5251.3774215
          e:c:w 4413.2040922
          e:n:w 6696.6345804
          c:n:w 5684.2021060
        b:e:c:n 2084.9921437
        b:e:c:w 2069.9425739
        b:e:n:w 3332.6127067
        b:c:n:w 2975.4477558
        e:c:n:w 53979.7236917
