########################################
# legofit: estimate population history #
#            version 2.3.3             #
########################################

# Program was compiled: Sep 12 2021 17:54:39
# Program was run: Tue Sep 14 23:17:36 2021

# cmd: legofit -1 -d 0 -t 32 --ptsPerDim 3 --stateOut b1boot49.state --tol 3e-6 -S 5000 abce2.lgo ../../boot/boot49.opf
# Stage nOptItr nSimReps
#     0    5000        0
# algorithm          : deterministic
# ignoring probs <=  : 0
# Branch length floor: 0
# DE strategy        : 2
#    F               : 0.3
#    CR              : 0.8
#    tolerance       : 3e-06
# nthreads           : 32
# lgo input file     : abce2.lgo
# site pat input file: ../../boot/boot49.opf
# free parameters    : 17
# points in DE swarm : 51
# output state file  : b1boot49.state
# Including singleton site patterns.
# cost function      : KL
Initial parameter values
Fixed:
      zero = 0
       one = 1
    Tbecnw = 75200
Free:
       pc1 = 0
       pc2 = 0
       pc3 = 0
       pc4 = 0
       pc5 = 0
       pc6 = 0
       pc7 = 0
       pc8 = 0
       pc9 = 0
      pc10 = 0
      pc11 = 0
      pc12 = 0
      pc13 = 0
      pc14 = 0
      pc15 = 0
      pc16 = 0
      pc17 = 0
Constrained:
   Tgbecnw = 139708
     Tecnw = 30403.2
       Tnw = 16218.7
       Tec = 12118.5
     twoNb = 1.80445e+06
     twoNe = 112315
     twoNn = 397858
     twoNw = 2.66267e+06
    twoNec = 120998
    twoNnw = 45593.1
  twoNecnw = 73108.7
  twoNbecnw = 23599.6
  twoNgbecnw = 264832
         m = 0.128539
        m2 = 0.0319174
        m3 = 0.271466
        m5 = 0.119922
        Tb = 21260.9
        Ta = 48230.4
        Tc = 8109.34
        Te = 4054.67
DiffEv reached_goal. cost=1.57394e-03 spread=2.19619e-06
Fitted parameter values
Free:
       pc1 = -3.81706
       pc2 = 3.97746
       pc3 = 1.96744
       pc4 = 0.307999
       pc5 = -0.532733
       pc6 = 1.69854
       pc7 = 0.432015
       pc8 = 1.99713
       pc9 = 0.790737
      pc10 = -1.71878
      pc11 = 0.316003
      pc12 = 0.199683
      pc13 = 0.0138008
      pc14 = -0.0806217
      pc15 = 0.181427
      pc16 = -0.00803643
      pc17 = -0.0607313
Constrained:
   Tgbecnw = 109183
     Tecnw = 28314.6
       Tnw = 16322
       Tec = 12107.7
     twoNb = 1.24008e+06
     twoNe = 129497
     twoNn = 117306
     twoNw = 3.92438e+06
    twoNec = 107932
    twoNnw = 38041.7
  twoNecnw = 70874.7
  twoNbecnw = 13236.4
  twoNgbecnw = 296294
         m = 0.110711
        m2 = 0.0304045
        m3 = 0.273431
        m5 = 0.122177
        Tb = 20211.1
        Ta = 47705.6
        Tc = 8160.99
        Te = 4080.49
#       SitePat  BranchLen
              b 129931.4530351
              e 50733.6974458
              c 53126.5272905
              n 46704.2339311
              w 48986.3674257
            b:e 2252.2184793
            b:c 2515.2766971
            b:n 1745.8693050
            b:w 1899.1702778
            e:c 10783.2427534
            e:n 6058.0749229
            e:w 5395.7447944
            c:n 5558.4640812
            c:w 4585.0748844
            n:w 13005.6265720
          b:e:c 2072.5755035
          b:e:n 1093.1074547
          b:e:w 1137.4169300
          b:c:n 1126.1957336
          b:c:w 1119.6777227
          b:n:w 2080.5648370
          e:c:n 5246.8661334
          e:c:w 4426.4255571
          e:n:w 6690.9066631
          c:n:w 5686.1174653
        b:e:c:n 2115.6391830
        b:e:c:w 2098.5732570
        b:e:n:w 3348.9902507
        b:c:n:w 2992.8230212
        e:c:n:w 54076.0727739
