########################################
# legofit: estimate population history #
#            version 2.3.3             #
########################################

# Program was compiled: Sep 12 2021 17:54:39
# Program was run: Tue Sep 14 06:15:44 2021

# cmd: legofit -1 -d 0 -t 32 --ptsPerDim 3 --stateOut b1boot2.state --tol 3e-6 -S 5000 abce2.lgo ../../boot/boot2.opf
# Stage nOptItr nSimReps
#     0    5000        0
# algorithm          : deterministic
# ignoring probs <=  : 0
# Branch length floor: 0
# DE strategy        : 2
#    F               : 0.3
#    CR              : 0.8
#    tolerance       : 3e-06
# nthreads           : 32
# lgo input file     : abce2.lgo
# site pat input file: ../../boot/boot2.opf
# free parameters    : 17
# points in DE swarm : 51
# output state file  : b1boot2.state
# Including singleton site patterns.
# cost function      : KL
Initial parameter values
Fixed:
      zero = 0
       one = 1
    Tbecnw = 75200
Free:
       pc1 = 0
       pc2 = 0
       pc3 = 0
       pc4 = 0
       pc5 = 0
       pc6 = 0
       pc7 = 0
       pc8 = 0
       pc9 = 0
      pc10 = 0
      pc11 = 0
      pc12 = 0
      pc13 = 0
      pc14 = 0
      pc15 = 0
      pc16 = 0
      pc17 = 0
Constrained:
   Tgbecnw = 139708
     Tecnw = 30403.2
       Tnw = 16218.7
       Tec = 12118.5
     twoNb = 1.80445e+06
     twoNe = 112315
     twoNn = 397858
     twoNw = 2.66267e+06
    twoNec = 120998
    twoNnw = 45593.1
  twoNecnw = 73108.7
  twoNbecnw = 23599.6
  twoNgbecnw = 264832
         m = 0.128539
        m2 = 0.0319174
        m3 = 0.271466
        m5 = 0.119922
        Tb = 21260.9
        Ta = 48230.4
        Tc = 8109.34
        Te = 4054.67
DiffEv reached_goal. cost=1.54764e-03 spread=2.81511e-06
Fitted parameter values
Free:
       pc1 = -3.87033
       pc2 = 3.98182
       pc3 = -0.22932
       pc4 = -0.0202494
       pc5 = -1.94918
       pc6 = 1.85451
       pc7 = 0.938676
       pc8 = 1.9675
       pc9 = -0.665321
      pc10 = -0.832989
      pc11 = -0.0185828
      pc12 = 0.052321
      pc13 = 0.106662
      pc14 = -0.041039
      pc15 = 0.0660373
      pc16 = 0.0326199
      pc17 = -0.0617045
Constrained:
   Tgbecnw = 113204
     Tecnw = 27976.9
       Tnw = 16704.1
       Tec = 12290.7
     twoNb = 1.34939e+06
     twoNe = 110028
     twoNn = 577417
     twoNw = 3.26787e+06
    twoNec = 106303
    twoNnw = 35904.2
  twoNecnw = 71015.5
  twoNbecnw = 14099.2
  twoNgbecnw = 322216
         m = 0.099845
        m2 = 0.0314467
        m3 = 0.27387
        m5 = 0.11482
        Tb = 20133.8
        Ta = 47666.9
        Tc = 8352.07
        Te = 4176.03
#       SitePat  BranchLen
              b 129781.6946305
              e 50726.8563262
              c 53054.7452272
              n 46597.8444477
              w 48901.7563565
            b:e 2237.2884835
            b:c 2487.5454427
            b:n 1728.7739962
            b:w 1884.7880496
            e:c 10763.4601924
            e:n 6102.4561088
            e:w 5365.9324105
            c:n 5554.0764986
            c:w 4628.2627583
            n:w 12993.5305127
          b:e:c 2051.9339725
          b:e:n 1087.9190296
          b:e:w 1124.5401515
          b:c:n 1112.4408670
          b:c:w 1115.8775036
          b:n:w 2063.0379490
          e:c:n 5255.1129883
          e:c:w 4425.0721813
          e:n:w 6678.0167150
          c:n:w 5715.1916524
        b:e:c:n 2094.1477005
        b:e:c:w 2086.5423134
        b:e:n:w 3361.8610608
        b:c:n:w 3016.7303005
        e:c:n:w 53873.9821655
