########################################
# legofit: estimate population history #
#            version 2.3.3             #
########################################

# Program was compiled: Sep 12 2021 17:54:39
# Program was run: Tue Sep 14 14:22:35 2021

# cmd: legofit -1 -d 0 -t 32 --ptsPerDim 3 --stateOut b1boot27.state --tol 3e-6 -S 5000 abce2.lgo ../../boot/boot27.opf
# Stage nOptItr nSimReps
#     0    5000        0
# algorithm          : deterministic
# ignoring probs <=  : 0
# Branch length floor: 0
# DE strategy        : 2
#    F               : 0.3
#    CR              : 0.8
#    tolerance       : 3e-06
# nthreads           : 32
# lgo input file     : abce2.lgo
# site pat input file: ../../boot/boot27.opf
# free parameters    : 17
# points in DE swarm : 51
# output state file  : b1boot27.state
# Including singleton site patterns.
# cost function      : KL
Initial parameter values
Fixed:
      zero = 0
       one = 1
    Tbecnw = 75200
Free:
       pc1 = 0
       pc2 = 0
       pc3 = 0
       pc4 = 0
       pc5 = 0
       pc6 = 0
       pc7 = 0
       pc8 = 0
       pc9 = 0
      pc10 = 0
      pc11 = 0
      pc12 = 0
      pc13 = 0
      pc14 = 0
      pc15 = 0
      pc16 = 0
      pc17 = 0
Constrained:
   Tgbecnw = 139708
     Tecnw = 30403.2
       Tnw = 16218.7
       Tec = 12118.5
     twoNb = 1.80445e+06
     twoNe = 112315
     twoNn = 397858
     twoNw = 2.66267e+06
    twoNec = 120998
    twoNnw = 45593.1
  twoNecnw = 73108.7
  twoNbecnw = 23599.6
  twoNgbecnw = 264832
         m = 0.128539
        m2 = 0.0319174
        m3 = 0.271466
        m5 = 0.119922
        Tb = 21260.9
        Ta = 48230.4
        Tc = 8109.34
        Te = 4054.67
DiffEv reached_goal. cost=1.53709e-03 spread=2.91207e-06
Fitted parameter values
Free:
       pc1 = -3.6104
       pc2 = 3.99558
       pc3 = 0.450396
       pc4 = 0.703466
       pc5 = -1.03592
       pc6 = 1.67883
       pc7 = 0.0511434
       pc8 = 0.85266
       pc9 = 1.27117
      pc10 = -1.68818
      pc11 = 0.482411
      pc12 = 0.0575428
      pc13 = 0.126674
      pc14 = -0.0834718
      pc15 = 0.0532006
      pc16 = 0.0393367
      pc17 = -0.0217029
Constrained:
   Tgbecnw = 114065
     Tecnw = 28432
       Tnw = 16586.8
       Tec = 12280.2
     twoNb = 1.52218e+06
     twoNe = 120694
     twoNn = 929324
     twoNw = 2.82825e+06
    twoNec = 108271
    twoNnw = 36901.9
  twoNecnw = 70763.9
  twoNbecnw = 14537.6
  twoNgbecnw = 316318
         m = 0.103317
        m2 = 0.0303025
        m3 = 0.277435
        m5 = 0.121992
        Tb = 20356.1
        Ta = 47778
        Tc = 8293.38
        Te = 4146.69
#       SitePat  BranchLen
              b 130706.8251577
              e 50904.6030687
              c 53360.7139094
              n 46772.4756059
              w 49084.0827689
            b:e 2244.1355783
            b:c 2510.0903007
            b:n 1741.6611638
            b:w 1902.7929888
            e:c 10789.5947246
            e:n 6102.6481212
            e:w 5417.5972839
            c:n 5576.4057813
            c:w 4599.0056226
            n:w 13070.7764198
          b:e:c 2073.6191219
          b:e:n 1094.1164469
          b:e:w 1138.3401440
          b:c:n 1126.1616042
          b:c:w 1121.9915501
          b:n:w 2085.3533636
          e:c:n 5268.5203710
          e:c:w 4430.7127415
          e:n:w 6742.7949680
          c:n:w 5714.4709449
        b:e:c:n 2110.8720165
        b:e:c:w 2098.3381032
        b:e:n:w 3374.2402197
        b:c:n:w 3009.6360784
        e:c:n:w 54548.0412906
