########################################
# legofit: estimate population history #
#            version 2.3.3             #
########################################

# Program was compiled: Sep 12 2021 17:54:39
# Program was run: Tue Sep 14 06:51:46 2021

# cmd: legofit -1 -d 0 -t 32 --ptsPerDim 3 --stateOut b1boot11.state --tol 3e-6 -S 5000 abce2.lgo ../../boot/boot11.opf
# Stage nOptItr nSimReps
#     0    5000        0
# algorithm          : deterministic
# ignoring probs <=  : 0
# Branch length floor: 0
# DE strategy        : 2
#    F               : 0.3
#    CR              : 0.8
#    tolerance       : 3e-06
# nthreads           : 32
# lgo input file     : abce2.lgo
# site pat input file: ../../boot/boot11.opf
# free parameters    : 17
# points in DE swarm : 51
# output state file  : b1boot11.state
# Including singleton site patterns.
# cost function      : KL
Initial parameter values
Fixed:
      zero = 0
       one = 1
    Tbecnw = 75200
Free:
       pc1 = 0
       pc2 = 0
       pc3 = 0
       pc4 = 0
       pc5 = 0
       pc6 = 0
       pc7 = 0
       pc8 = 0
       pc9 = 0
      pc10 = 0
      pc11 = 0
      pc12 = 0
      pc13 = 0
      pc14 = 0
      pc15 = 0
      pc16 = 0
      pc17 = 0
Constrained:
   Tgbecnw = 139708
     Tecnw = 30403.2
       Tnw = 16218.7
       Tec = 12118.5
     twoNb = 1.80445e+06
     twoNe = 112315
     twoNn = 397858
     twoNw = 2.66267e+06
    twoNec = 120998
    twoNnw = 45593.1
  twoNecnw = 73108.7
  twoNbecnw = 23599.6
  twoNgbecnw = 264832
         m = 0.128539
        m2 = 0.0319174
        m3 = 0.271466
        m5 = 0.119922
        Tb = 21260.9
        Ta = 48230.4
        Tc = 8109.34
        Te = 4054.67
DiffEv reached_goal. cost=1.56097e-03 spread=2.79065e-06
Fitted parameter values
Free:
       pc1 = -3.97829
       pc2 = 3.97282
       pc3 = 0.314772
       pc4 = 1.11835
       pc5 = -0.253646
       pc6 = 1.80412
       pc7 = 1.42581
       pc8 = 1.68967
       pc9 = 0.83025
      pc10 = -1.0327
      pc11 = 0.0814726
      pc12 = 0.161461
      pc13 = 0.308339
      pc14 = -0.110189
      pc15 = 0.0424283
      pc16 = 0.0271201
      pc17 = -0.0475923
Constrained:
   Tgbecnw = 113766
     Tecnw = 28233
       Tnw = 17224.5
       Tec = 12155.8
     twoNb = 1.14946e+06
     twoNe = 102743
     twoNn = 973076
     twoNw = 4.78201e+06
    twoNec = 108122
    twoNnw = 34617.7
  twoNecnw = 71118.7
  twoNbecnw = 14628.4
  twoNgbecnw = 307568
         m = 0.104932
        m2 = 0.0305098
        m3 = 0.275569
        m5 = 0.120142
        Tb = 20194.4
        Ta = 47697.2
        Tc = 8612.27
        Te = 4306.13
#       SitePat  BranchLen
              b 130357.6154940
              e 50879.3052651
              c 53282.9148718
              n 46818.7424703
              w 49156.7377984
            b:e 2276.5981849
            b:c 2542.6251358
            b:n 1759.1228961
            b:w 1917.1795823
            e:c 10834.8535773
            e:n 6131.1520309
            e:w 5415.7544819
            c:n 5595.4792469
            c:w 4636.5997683
            n:w 13034.4836652
          b:e:c 2089.7544707
          b:e:n 1104.7165007
          b:e:w 1144.9364457
          b:c:n 1133.7564232
          b:c:w 1131.8009806
          b:n:w 2097.2091034
          e:c:n 5301.0076502
          e:c:w 4461.1030230
          e:n:w 6767.9240292
          c:n:w 5755.9550355
        b:e:c:n 2129.1019887
        b:e:c:w 2108.9672214
        b:e:n:w 3375.2685958
        b:c:n:w 3016.5240325
        e:c:n:w 54164.7339637
