########################################
# legofit: estimate population history #
#            version 2.3.3             #
########################################

# Program was compiled: Sep 12 2021 17:54:39
# Program was run: Tue Sep 14 23:17:35 2021

# cmd: legofit -1 -d 0 -t 32 --ptsPerDim 3 --stateOut b1boot41.state --tol 3e-6 -S 5000 abce2.lgo ../../boot/boot41.opf
# Stage nOptItr nSimReps
#     0    5000        0
# algorithm          : deterministic
# ignoring probs <=  : 0
# Branch length floor: 0
# DE strategy        : 2
#    F               : 0.3
#    CR              : 0.8
#    tolerance       : 3e-06
# nthreads           : 32
# lgo input file     : abce2.lgo
# site pat input file: ../../boot/boot41.opf
# free parameters    : 17
# points in DE swarm : 51
# output state file  : b1boot41.state
# Including singleton site patterns.
# cost function      : KL
Initial parameter values
Fixed:
      zero = 0
       one = 1
    Tbecnw = 75200
Free:
       pc1 = 0
       pc2 = 0
       pc3 = 0
       pc4 = 0
       pc5 = 0
       pc6 = 0
       pc7 = 0
       pc8 = 0
       pc9 = 0
      pc10 = 0
      pc11 = 0
      pc12 = 0
      pc13 = 0
      pc14 = 0
      pc15 = 0
      pc16 = 0
      pc17 = 0
Constrained:
   Tgbecnw = 139708
     Tecnw = 30403.2
       Tnw = 16218.7
       Tec = 12118.5
     twoNb = 1.80445e+06
     twoNe = 112315
     twoNn = 397858
     twoNw = 2.66267e+06
    twoNec = 120998
    twoNnw = 45593.1
  twoNecnw = 73108.7
  twoNbecnw = 23599.6
  twoNgbecnw = 264832
         m = 0.128539
        m2 = 0.0319174
        m3 = 0.271466
        m5 = 0.119922
        Tb = 21260.9
        Ta = 48230.4
        Tc = 8109.34
        Te = 4054.67
DiffEv reached_goal. cost=1.51168e-03 spread=2.90389e-06
Fitted parameter values
Free:
       pc1 = -3.9253
       pc2 = 3.96744
       pc3 = 1.12625
       pc4 = -0.038889
       pc5 = -1.31096
       pc6 = 1.69303
       pc7 = 0.184681
       pc8 = 1.83162
       pc9 = 0.710885
      pc10 = -0.585814
      pc11 = 0.62827
      pc12 = -0.0744206
      pc13 = 0.275123
      pc14 = -0.0690169
      pc15 = 0.154156
      pc16 = 0.0310419
      pc17 = -0.0179384
Constrained:
   Tgbecnw = 110968
     Tecnw = 28110
       Tnw = 16659.7
       Tec = 12430.6
     twoNb = 1.22986e+06
     twoNe = 113907
     twoNn = 367925
     twoNw = 3.02316e+06
    twoNec = 103289
    twoNnw = 36075.8
  twoNecnw = 71843.7
  twoNbecnw = 13597.3
  twoNgbecnw = 306235
         m = 0.106676
        m2 = 0.0314505
        m3 = 0.275011
        m5 = 0.121076
        Tb = 20270.3
        Ta = 47735.1
        Tc = 8329.85
        Te = 4164.92
#       SitePat  BranchLen
              b 129808.9205393
              e 50733.3903805
              c 53185.2113202
              n 46674.7755103
              w 49033.2761699
            b:e 2240.2317961
            b:c 2506.2616152
            b:n 1732.7658733
            b:w 1891.4305999
            e:c 10815.3037463
            e:n 6112.3093488
            e:w 5388.1775142
            c:n 5557.6130977
            c:w 4590.4597763
            n:w 13035.7945263
          b:e:c 2063.6406444
          b:e:n 1087.8113823
          b:e:w 1128.5938327
          b:c:n 1116.6123003
          b:c:w 1116.3508581
          b:n:w 2074.0369951
          e:c:n 5256.0874942
          e:c:w 4404.7074750
          e:n:w 6687.3058791
          c:n:w 5668.9787911
        b:e:c:n 2106.6666302
        b:e:c:w 2091.6455117
        b:e:n:w 3368.7816919
        b:c:n:w 3005.1140239
        e:c:n:w 53854.2113641
