########################################
# legofit: estimate population history #
#            version 2.3.3             #
########################################

# Program was compiled: Sep 12 2021 17:54:39
# Program was run: Tue Sep 14 21:56:56 2021

# cmd: legofit -1 -d 0 -t 32 --ptsPerDim 3 --stateOut b1boot39.state --tol 3e-6 -S 5000 abce2.lgo ../../boot/boot39.opf
# Stage nOptItr nSimReps
#     0    5000        0
# algorithm          : deterministic
# ignoring probs <=  : 0
# Branch length floor: 0
# DE strategy        : 2
#    F               : 0.3
#    CR              : 0.8
#    tolerance       : 3e-06
# nthreads           : 32
# lgo input file     : abce2.lgo
# site pat input file: ../../boot/boot39.opf
# free parameters    : 17
# points in DE swarm : 51
# output state file  : b1boot39.state
# Including singleton site patterns.
# cost function      : KL
Initial parameter values
Fixed:
      zero = 0
       one = 1
    Tbecnw = 75200
Free:
       pc1 = 0
       pc2 = 0
       pc3 = 0
       pc4 = 0
       pc5 = 0
       pc6 = 0
       pc7 = 0
       pc8 = 0
       pc9 = 0
      pc10 = 0
      pc11 = 0
      pc12 = 0
      pc13 = 0
      pc14 = 0
      pc15 = 0
      pc16 = 0
      pc17 = 0
Constrained:
   Tgbecnw = 139708
     Tecnw = 30403.2
       Tnw = 16218.7
       Tec = 12118.5
     twoNb = 1.80445e+06
     twoNe = 112315
     twoNn = 397858
     twoNw = 2.66267e+06
    twoNec = 120998
    twoNnw = 45593.1
  twoNecnw = 73108.7
  twoNbecnw = 23599.6
  twoNgbecnw = 264832
         m = 0.128539
        m2 = 0.0319174
        m3 = 0.271466
        m5 = 0.119922
        Tb = 21260.9
        Ta = 48230.4
        Tc = 8109.34
        Te = 4054.67
DiffEv reached_goal. cost=1.48580e-03 spread=2.91306e-06
Fitted parameter values
Free:
       pc1 = -3.94351
       pc2 = 3.96042
       pc3 = 1.47297
       pc4 = -1.04081
       pc5 = -1.38376
       pc6 = 1.93163
       pc7 = 0.25067
       pc8 = 1.79636
       pc9 = 0.156146
      pc10 = -1.14936
      pc11 = 0.0959033
      pc12 = -0.123227
      pc13 = 0.402504
      pc14 = -0.179397
      pc15 = 0.12381
      pc16 = -0.00553114
      pc17 = 0.0118115
Constrained:
   Tgbecnw = 109094
     Tecnw = 28177.9
       Tnw = 15827
       Tec = 13069.6
     twoNb = 1.40202e+06
     twoNe = 134432
     twoNn = 103262
     twoNw = 3.18521e+06
    twoNec = 97822.1
    twoNnw = 39262.9
  twoNecnw = 70442.3
  twoNbecnw = 13147.9
  twoNgbecnw = 300134
         m = 0.107264
        m2 = 0.0315187
        m3 = 0.273959
        m5 = 0.119385
        Tb = 20623.8
        Ta = 47911.9
        Tc = 7913.5
        Te = 3956.75
#       SitePat  BranchLen
              b 129355.8892162
              e 50497.3230715
              c 52936.9946097
              n 46446.4288745
              w 48829.2868468
            b:e 2235.1686423
            b:c 2497.6670868
            b:n 1737.1861569
            b:w 1904.4361948
            e:c 10794.7955841
            e:n 6102.1451178
            e:w 5355.6202941
            c:n 5523.2324665
            c:w 4577.1231665
            n:w 13030.0113024
          b:e:c 2069.7596722
          b:e:n 1090.5787475
          b:e:w 1128.8357823
          b:c:n 1116.5379506
          b:c:w 1119.5808951
          b:n:w 2081.8932159
          e:c:n 5298.9370543
          e:c:w 4425.6818492
          e:n:w 6670.9448096
          c:n:w 5668.4434380
        b:e:c:n 2118.8027555
        b:e:c:w 2093.2841969
        b:e:n:w 3355.6991001
        b:c:n:w 2996.7359091
        e:c:n:w 53664.4792476
