########################################
# legofit: estimate population history #
#            version 2.3.3             #
########################################

# Program was compiled: Sep 12 2021 17:54:39
# Program was run: Tue Sep 14 06:34:59 2021

# cmd: legofit -1 -d 0 -t 32 --ptsPerDim 3 --stateOut b1boot8.state --tol 3e-6 -S 5000 abce2.lgo ../../boot/boot8.opf
# Stage nOptItr nSimReps
#     0    5000        0
# algorithm          : deterministic
# ignoring probs <=  : 0
# Branch length floor: 0
# DE strategy        : 2
#    F               : 0.3
#    CR              : 0.8
#    tolerance       : 3e-06
# nthreads           : 32
# lgo input file     : abce2.lgo
# site pat input file: ../../boot/boot8.opf
# free parameters    : 17
# points in DE swarm : 51
# output state file  : b1boot8.state
# Including singleton site patterns.
# cost function      : KL
Initial parameter values
Fixed:
      zero = 0
       one = 1
    Tbecnw = 75200
Free:
       pc1 = 0
       pc2 = 0
       pc3 = 0
       pc4 = 0
       pc5 = 0
       pc6 = 0
       pc7 = 0
       pc8 = 0
       pc9 = 0
      pc10 = 0
      pc11 = 0
      pc12 = 0
      pc13 = 0
      pc14 = 0
      pc15 = 0
      pc16 = 0
      pc17 = 0
Constrained:
   Tgbecnw = 139708
     Tecnw = 30403.2
       Tnw = 16218.7
       Tec = 12118.5
     twoNb = 1.80445e+06
     twoNe = 112315
     twoNn = 397858
     twoNw = 2.66267e+06
    twoNec = 120998
    twoNnw = 45593.1
  twoNecnw = 73108.7
  twoNbecnw = 23599.6
  twoNgbecnw = 264832
         m = 0.128539
        m2 = 0.0319174
        m3 = 0.271466
        m5 = 0.119922
        Tb = 21260.9
        Ta = 48230.4
        Tc = 8109.34
        Te = 4054.67
DiffEv reached_goal. cost=1.54291e-03 spread=2.97999e-06
Fitted parameter values
Free:
       pc1 = -3.98413
       pc2 = 3.97851
       pc3 = 2.02921
       pc4 = 1.15133
       pc5 = -1.77528
       pc6 = 1.65975
       pc7 = 0.131174
       pc8 = 1.97413
       pc9 = 0.303987
      pc10 = -1.8094
      pc11 = 0.254398
      pc12 = 0.0703041
      pc13 = 0.172061
      pc14 = -0.124968
      pc15 = 0.219185
      pc16 = 0.0491362
      pc17 = -0.0286329
Constrained:
   Tgbecnw = 107257
     Tecnw = 28075.6
       Tnw = 16438.4
       Tec = 11896.3
     twoNb = 1.37805e+06
     twoNe = 103637
     twoNn = 103943
     twoNw = 2.7938e+06
    twoNec = 109159
    twoNnw = 36677.9
  twoNecnw = 71616.8
  twoNbecnw = 12498
  twoNgbecnw = 295798
         m = 0.110635
        m2 = 0.0299596
        m3 = 0.270072
        m5 = 0.120363
        Tb = 19986
        Ta = 47593
        Tc = 8219.22
        Te = 4109.61
#       SitePat  BranchLen
              b 129201.8148371
              e 50597.6865737
              c 53023.9431140
              n 46503.7586672
              w 48789.9712287
            b:e 2223.3904188
            b:c 2484.6998284
            b:n 1718.8082381
            b:w 1872.8165903
            e:c 10744.0077192
            e:n 6063.5502117
            e:w 5360.2294941
            c:n 5510.1337842
            c:w 4571.2634999
            n:w 13026.8202403
          b:e:c 2055.3535529
          b:e:n 1082.9083577
          b:e:w 1121.9075948
          b:c:n 1111.0861233
          b:c:w 1110.0434461
          b:n:w 2062.1171653
          e:c:n 5187.4010709
          e:c:w 4372.1616391
          e:n:w 6654.4933246
          c:n:w 5646.9257773
        b:e:c:n 2090.9790556
        b:e:c:w 2070.2321173
        b:e:n:w 3319.2489801
        b:c:n:w 2965.3193389
        e:c:n:w 53547.1759418
