########################################
# legofit: estimate population history #
#            version 2.3.3             #
########################################

# Program was compiled: Sep 12 2021 17:54:39
# Program was run: Tue Sep 14 06:18:16 2021

# cmd: legofit -1 -d 0 -t 32 --ptsPerDim 3 --stateOut b1boot6.state --tol 3e-6 -S 5000 abce2.lgo ../../boot/boot6.opf
# Stage nOptItr nSimReps
#     0    5000        0
# algorithm          : deterministic
# ignoring probs <=  : 0
# Branch length floor: 0
# DE strategy        : 2
#    F               : 0.3
#    CR              : 0.8
#    tolerance       : 3e-06
# nthreads           : 32
# lgo input file     : abce2.lgo
# site pat input file: ../../boot/boot6.opf
# free parameters    : 17
# points in DE swarm : 51
# output state file  : b1boot6.state
# Including singleton site patterns.
# cost function      : KL
Initial parameter values
Fixed:
      zero = 0
       one = 1
    Tbecnw = 75200
Free:
       pc1 = 0
       pc2 = 0
       pc3 = 0
       pc4 = 0
       pc5 = 0
       pc6 = 0
       pc7 = 0
       pc8 = 0
       pc9 = 0
      pc10 = 0
      pc11 = 0
      pc12 = 0
      pc13 = 0
      pc14 = 0
      pc15 = 0
      pc16 = 0
      pc17 = 0
Constrained:
   Tgbecnw = 139708
     Tecnw = 30403.2
       Tnw = 16218.7
       Tec = 12118.5
     twoNb = 1.80445e+06
     twoNe = 112315
     twoNn = 397858
     twoNw = 2.66267e+06
    twoNec = 120998
    twoNnw = 45593.1
  twoNecnw = 73108.7
  twoNbecnw = 23599.6
  twoNgbecnw = 264832
         m = 0.128539
        m2 = 0.0319174
        m3 = 0.271466
        m5 = 0.119922
        Tb = 21260.9
        Ta = 48230.4
        Tc = 8109.34
        Te = 4054.67
DiffEv reached_goal. cost=1.51816e-03 spread=2.90300e-06
Fitted parameter values
Free:
       pc1 = -3.95389
       pc2 = 3.95491
       pc3 = 1.22377
       pc4 = 1.10359
       pc5 = -1.37563
       pc6 = 1.75697
       pc7 = 0.458741
       pc8 = 1.58413
       pc9 = 0.386738
      pc10 = -1.4093
      pc11 = 0.507255
      pc12 = 0.0964278
      pc13 = 0.137199
      pc14 = -0.096827
      pc15 = 0.133072
      pc16 = 0.0149775
      pc17 = -0.062495
Constrained:
   Tgbecnw = 110482
     Tecnw = 28025.7
       Tnw = 16654.4
       Tec = 11866.3
     twoNb = 1.40198e+06
     twoNe = 105958
     twoNn = 531769
     twoNw = 3.20178e+06
    twoNec = 109180
    twoNnw = 36202.6
  twoNecnw = 72171
  twoNbecnw = 13440.7
  twoNgbecnw = 305765
         m = 0.108203
        m2 = 0.0303146
        m3 = 0.272253
        m5 = 0.120261
        Tb = 19946
        Ta = 47573
        Tc = 8327.19
        Te = 4163.59
#       SitePat  BranchLen
              b 130134.0763731
              e 50784.1860230
              c 53178.9502177
              n 46728.7685127
              w 49019.0987006
            b:e 2235.7201288
            b:c 2494.5491744
            b:n 1734.2257603
            b:w 1888.6278348
            e:c 10794.6689643
            e:n 6099.9325505
            e:w 5403.2232814
            c:n 5569.8530369
            c:w 4614.7763104
            n:w 13014.5224507
          b:e:c 2059.5394254
          b:e:n 1090.7162909
          b:e:w 1131.7444413
          b:c:n 1120.1612916
          b:c:w 1118.1381142
          b:n:w 2069.3066003
          e:c:n 5229.7106593
          e:c:w 4410.5000312
          e:n:w 6672.7420503
          c:n:w 5676.3092748
        b:e:c:n 2104.5994522
        b:e:c:w 2091.8589394
        b:e:n:w 3352.7672202
        b:c:n:w 2998.2945244
        e:c:n:w 54162.4165085
