########################################
# legofit: estimate population history #
#            version 2.3.3             #
########################################

# Program was compiled: Sep 12 2021 17:54:39
# Program was run: Tue Sep 14 14:49:08 2021

# cmd: legofit -1 -d 0 -t 32 --ptsPerDim 3 --stateOut b1boot28.state --tol 3e-6 -S 5000 abce2.lgo ../../boot/boot28.opf
# Stage nOptItr nSimReps
#     0    5000        0
# algorithm          : deterministic
# ignoring probs <=  : 0
# Branch length floor: 0
# DE strategy        : 2
#    F               : 0.3
#    CR              : 0.8
#    tolerance       : 3e-06
# nthreads           : 32
# lgo input file     : abce2.lgo
# site pat input file: ../../boot/boot28.opf
# free parameters    : 17
# points in DE swarm : 51
# output state file  : b1boot28.state
# Including singleton site patterns.
# cost function      : KL
Initial parameter values
Fixed:
      zero = 0
       one = 1
    Tbecnw = 75200
Free:
       pc1 = 0
       pc2 = 0
       pc3 = 0
       pc4 = 0
       pc5 = 0
       pc6 = 0
       pc7 = 0
       pc8 = 0
       pc9 = 0
      pc10 = 0
      pc11 = 0
      pc12 = 0
      pc13 = 0
      pc14 = 0
      pc15 = 0
      pc16 = 0
      pc17 = 0
Constrained:
   Tgbecnw = 139708
     Tecnw = 30403.2
       Tnw = 16218.7
       Tec = 12118.5
     twoNb = 1.80445e+06
     twoNe = 112315
     twoNn = 397858
     twoNw = 2.66267e+06
    twoNec = 120998
    twoNnw = 45593.1
  twoNecnw = 73108.7
  twoNbecnw = 23599.6
  twoNgbecnw = 264832
         m = 0.128539
        m2 = 0.0319174
        m3 = 0.271466
        m5 = 0.119922
        Tb = 21260.9
        Ta = 48230.4
        Tc = 8109.34
        Te = 4054.67
DiffEv reached_goal. cost=1.53695e-03 spread=2.70073e-06
Fitted parameter values
Free:
       pc1 = -3.9797
       pc2 = 3.96276
       pc3 = 0.996707
       pc4 = 0.440792
       pc5 = -1.85595
       pc6 = 1.80022
       pc7 = 1.20748
       pc8 = 1.50147
       pc9 = 0.430729
      pc10 = -1.04672
      pc11 = 0.232107
      pc12 = 0.162143
      pc13 = 0.442413
      pc14 = -0.204978
      pc15 = 0.126212
      pc16 = 0.0487666
      pc17 = -0.0179313
Constrained:
   Tgbecnw = 109344
     Tecnw = 28014.9
       Tnw = 16467.9
       Tec = 12320.6
     twoNb = 1.18493e+06
     twoNe = 108182
     twoNn = 820242
     twoNw = 3.20111e+06
    twoNec = 105018
    twoNnw = 36494.5
  twoNecnw = 71361.1
  twoNbecnw = 13325.7
  twoNgbecnw = 292975
         m = 0.111006
        m2 = 0.0308733
        m3 = 0.273115
        m5 = 0.118349
        Tb = 20167.7
        Ta = 47683.9
        Tc = 8233.96
        Te = 4116.98
#       SitePat  BranchLen
              b 129633.1109110
              e 50627.8974048
              c 53046.2997751
              n 46526.5691790
              w 48871.8397667
            b:e 2254.4727260
            b:c 2517.3988871
            b:n 1737.8858355
            b:w 1894.5554595
            e:c 10791.9671677
            e:n 6120.3439266
            e:w 5378.5234384
            c:n 5546.3974250
            c:w 4611.4967553
            n:w 13052.5454381
          b:e:c 2069.4790784
          b:e:n 1093.1908989
          b:e:w 1129.7099982
          b:c:n 1118.5996607
          b:c:w 1120.8300004
          b:n:w 2076.7462987
          e:c:n 5265.2107542
          e:c:w 4423.3976795
          e:n:w 6712.5686954
          c:n:w 5710.2198803
        b:e:c:n 2110.0246711
        b:e:c:w 2087.8693591
        b:e:n:w 3348.8887070
        b:c:n:w 2994.3533669
        e:c:n:w 53773.5717749
