########################################
# legofit: estimate population history #
#            version 2.3.3             #
########################################

# Program was compiled: Sep 12 2021 17:54:39
# Program was run: Tue Sep 14 20:00:20 2021

# cmd: legofit -1 -d 0 -t 32 --ptsPerDim 3 --stateOut b1boot36.state --tol 3e-6 -S 5000 abce2.lgo ../../boot/boot36.opf
# Stage nOptItr nSimReps
#     0    5000        0
# algorithm          : deterministic
# ignoring probs <=  : 0
# Branch length floor: 0
# DE strategy        : 2
#    F               : 0.3
#    CR              : 0.8
#    tolerance       : 3e-06
# nthreads           : 32
# lgo input file     : abce2.lgo
# site pat input file: ../../boot/boot36.opf
# free parameters    : 17
# points in DE swarm : 51
# output state file  : b1boot36.state
# Including singleton site patterns.
# cost function      : KL
Initial parameter values
Fixed:
      zero = 0
       one = 1
    Tbecnw = 75200
Free:
       pc1 = 0
       pc2 = 0
       pc3 = 0
       pc4 = 0
       pc5 = 0
       pc6 = 0
       pc7 = 0
       pc8 = 0
       pc9 = 0
      pc10 = 0
      pc11 = 0
      pc12 = 0
      pc13 = 0
      pc14 = 0
      pc15 = 0
      pc16 = 0
      pc17 = 0
Constrained:
   Tgbecnw = 139708
     Tecnw = 30403.2
       Tnw = 16218.7
       Tec = 12118.5
     twoNb = 1.80445e+06
     twoNe = 112315
     twoNn = 397858
     twoNw = 2.66267e+06
    twoNec = 120998
    twoNnw = 45593.1
  twoNecnw = 73108.7
  twoNbecnw = 23599.6
  twoNgbecnw = 264832
         m = 0.128539
        m2 = 0.0319174
        m3 = 0.271466
        m5 = 0.119922
        Tb = 21260.9
        Ta = 48230.4
        Tc = 8109.34
        Te = 4054.67
DiffEv reached_goal. cost=1.55084e-03 spread=2.77071e-06
Fitted parameter values
Free:
       pc1 = -3.97389
       pc2 = 3.98898
       pc3 = 1.58602
       pc4 = 0.791153
       pc5 = -0.789652
       pc6 = 1.98194
       pc7 = 0.544904
       pc8 = 1.97386
       pc9 = 0.445196
      pc10 = -0.577405
      pc11 = 0.364579
      pc12 = 0.0211735
      pc13 = 0.191734
      pc14 = -0.0781483
      pc15 = 0.186596
      pc16 = 0.0796686
      pc17 = -0.0594942
Constrained:
   Tgbecnw = 109804
     Tecnw = 28058.7
       Tnw = 16927
       Tec = 12071.1
     twoNb = 1.33245e+06
     twoNe = 101206
     twoNn = 341391
     twoNw = 3.97106e+06
    twoNec = 107313
    twoNnw = 35391.1
  twoNecnw = 72050.7
  twoNbecnw = 13319.5
  twoNgbecnw = 300353
         m = 0.109689
        m2 = 0.0310503
        m3 = 0.2708
        m5 = 0.121404
        Tb = 20064.9
        Ta = 47632.4
        Tc = 8463.5
        Te = 4231.75
#       SitePat  BranchLen
              b 129928.9152668
              e 50796.3208787
              c 53227.8150886
              n 46744.5305303
              w 49043.3292507
            b:e 2247.2548586
            b:c 2512.2837118
            b:n 1737.9391904
            b:w 1891.8384182
            e:c 10790.6944551
            e:n 6106.5625558
            e:w 5393.7677362
            c:n 5553.2763813
            c:w 4608.9228310
            n:w 13005.2658349
          b:e:c 2067.0483181
          b:e:n 1093.3375658
          b:e:w 1132.9222161
          b:c:n 1121.4384915
          b:c:w 1121.2888967
          b:n:w 2076.5029328
          e:c:n 5231.2039356
          e:c:w 4409.2123684
          e:n:w 6694.6688340
          c:n:w 5682.1556961
        b:e:c:n 2109.1454595
        b:e:c:w 2096.1524967
        b:e:n:w 3374.6109954
        b:c:n:w 3012.2644990
        e:c:n:w 53980.0410581
