########################################
# legofit: estimate population history #
#            version 2.3.3             #
########################################

# Program was compiled: Sep 12 2021 17:54:39
# Program was run: Tue Sep 14 06:16:45 2021

# cmd: legofit -1 -d 0 -t 32 --ptsPerDim 3 --stateOut b1boot3.state --tol 3e-6 -S 5000 abce2.lgo ../../boot/boot3.opf
# Stage nOptItr nSimReps
#     0    5000        0
# algorithm          : deterministic
# ignoring probs <=  : 0
# Branch length floor: 0
# DE strategy        : 2
#    F               : 0.3
#    CR              : 0.8
#    tolerance       : 3e-06
# nthreads           : 32
# lgo input file     : abce2.lgo
# site pat input file: ../../boot/boot3.opf
# free parameters    : 17
# points in DE swarm : 51
# output state file  : b1boot3.state
# Including singleton site patterns.
# cost function      : KL
Initial parameter values
Fixed:
      zero = 0
       one = 1
    Tbecnw = 75200
Free:
       pc1 = 0
       pc2 = 0
       pc3 = 0
       pc4 = 0
       pc5 = 0
       pc6 = 0
       pc7 = 0
       pc8 = 0
       pc9 = 0
      pc10 = 0
      pc11 = 0
      pc12 = 0
      pc13 = 0
      pc14 = 0
      pc15 = 0
      pc16 = 0
      pc17 = 0
Constrained:
   Tgbecnw = 139708
     Tecnw = 30403.2
       Tnw = 16218.7
       Tec = 12118.5
     twoNb = 1.80445e+06
     twoNe = 112315
     twoNn = 397858
     twoNw = 2.66267e+06
    twoNec = 120998
    twoNnw = 45593.1
  twoNecnw = 73108.7
  twoNbecnw = 23599.6
  twoNgbecnw = 264832
         m = 0.128539
        m2 = 0.0319174
        m3 = 0.271466
        m5 = 0.119922
        Tb = 21260.9
        Ta = 48230.4
        Tc = 8109.34
        Te = 4054.67
DiffEv reached_goal. cost=1.54908e-03 spread=2.94586e-06
Fitted parameter values
Free:
       pc1 = -3.88618
       pc2 = 3.98531
       pc3 = 1.49446
       pc4 = 1.86124
       pc5 = -1.97611
       pc6 = 1.87474
       pc7 = 0.0823513
       pc8 = 1.79698
       pc9 = 0.769147
      pc10 = -1.5142
      pc11 = 0.462887
      pc12 = 0.0687989
      pc13 = 0.176571
      pc14 = -0.0726236
      pc15 = 0.203421
      pc16 = 0.00892001
      pc17 = -0.0526214
Constrained:
   Tgbecnw = 107942
     Tecnw = 28076.1
       Tnw = 17038.1
       Tec = 11446
     twoNb = 1.4672e+06
     twoNe = 85600.2
     twoNn = 474161
     twoNw = 2.52533e+06
    twoNec = 111985
    twoNnw = 34656.3
  twoNecnw = 71896.1
  twoNbecnw = 12758.1
  twoNgbecnw = 300317
         m = 0.109679
        m2 = 0.0299169
        m3 = 0.27238
        m5 = 0.120939
        Tb = 19761.1
        Ta = 47480.5
        Tc = 8519.03
        Te = 4259.52
#       SitePat  BranchLen
              b 129769.0213355
              e 50673.9478852
              c 53096.7140583
              n 46639.1286695
              w 48954.8213200
            b:e 2256.7697151
            b:c 2522.6003861
            b:n 1748.8315435
            b:w 1907.8002982
            e:c 10825.8019053
            e:n 6092.4381602
            e:w 5391.1093820
            c:n 5559.4558495
            c:w 4594.7048928
            n:w 13021.6646319
          b:e:c 2091.7253012
          b:e:n 1101.9392844
          b:e:w 1143.7592470
          b:c:n 1132.5603500
          b:c:w 1129.5897118
          b:n:w 2098.9220121
          e:c:n 5231.5492587
          e:c:w 4406.2192410
          e:n:w 6700.8071982
          c:n:w 5685.4476576
        b:e:c:n 2130.3684276
        b:e:c:w 2108.2675512
        b:e:n:w 3371.8918107
        b:c:n:w 3011.5897337
        e:c:n:w 53999.0427418
