########################################
# legofit: estimate population history #
#            version 2.3.3             #
########################################

# Program was compiled: Sep 12 2021 17:54:39
# Program was run: Tue Sep 14 06:47:12 2021

# cmd: legofit -1 -d 0 -t 32 --ptsPerDim 3 --stateOut b1boot10.state --tol 3e-6 -S 5000 abce2.lgo ../../boot/boot10.opf
# Stage nOptItr nSimReps
#     0    5000        0
# algorithm          : deterministic
# ignoring probs <=  : 0
# Branch length floor: 0
# DE strategy        : 2
#    F               : 0.3
#    CR              : 0.8
#    tolerance       : 3e-06
# nthreads           : 32
# lgo input file     : abce2.lgo
# site pat input file: ../../boot/boot10.opf
# free parameters    : 17
# points in DE swarm : 51
# output state file  : b1boot10.state
# Including singleton site patterns.
# cost function      : KL
Initial parameter values
Fixed:
      zero = 0
       one = 1
    Tbecnw = 75200
Free:
       pc1 = 0
       pc2 = 0
       pc3 = 0
       pc4 = 0
       pc5 = 0
       pc6 = 0
       pc7 = 0
       pc8 = 0
       pc9 = 0
      pc10 = 0
      pc11 = 0
      pc12 = 0
      pc13 = 0
      pc14 = 0
      pc15 = 0
      pc16 = 0
      pc17 = 0
Constrained:
   Tgbecnw = 139708
     Tecnw = 30403.2
       Tnw = 16218.7
       Tec = 12118.5
     twoNb = 1.80445e+06
     twoNe = 112315
     twoNn = 397858
     twoNw = 2.66267e+06
    twoNec = 120998
    twoNnw = 45593.1
  twoNecnw = 73108.7
  twoNbecnw = 23599.6
  twoNgbecnw = 264832
         m = 0.128539
        m2 = 0.0319174
        m3 = 0.271466
        m5 = 0.119922
        Tb = 21260.9
        Ta = 48230.4
        Tc = 8109.34
        Te = 4054.67
DiffEv reached_goal. cost=1.53559e-03 spread=2.99730e-06
Fitted parameter values
Free:
       pc1 = -3.53845
       pc2 = 3.93127
       pc3 = 1.38504
       pc4 = 0.164037
       pc5 = -1.763
       pc6 = 1.88269
       pc7 = 1.23817
       pc8 = 1.84205
       pc9 = -0.250337
      pc10 = -1.3242
      pc11 = 0.199072
      pc12 = 0.0979062
      pc13 = 0.188483
      pc14 = -0.180798
      pc15 = 0.16325
      pc16 = 0.0801072
      pc17 = -0.0146789
Constrained:
   Tgbecnw = 108888
     Tecnw = 28137.5
       Tnw = 15821.2
       Tec = 12021.2
     twoNb = 1.26043e+06
     twoNe = 113841
     twoNn = 434302
     twoNw = 3.47217e+06
    twoNec = 109115
    twoNnw = 39059.1
  twoNecnw = 71278.5
  twoNbecnw = 13139.8
  twoNgbecnw = 294665
         m = 0.11287
        m2 = 0.0309608
        m3 = 0.271118
        m5 = 0.117333
        Tb = 20079.4
        Ta = 47639.7
        Tc = 7910.59
        Te = 3955.29
#       SitePat  BranchLen
              b 130243.7617646
              e 50759.7190112
              c 53160.5854772
              n 46560.5201704
              w 48856.0025619
            b:e 2260.1833140
            b:c 2519.5259647
            b:n 1738.6169853
            b:w 1890.3137683
            e:c 10771.8515696
            e:n 6101.7290407
            e:w 5374.9170933
            c:n 5534.8542635
            c:w 4607.1952002
            n:w 13112.4913848
          b:e:c 2069.3848500
          b:e:n 1093.5729174
          b:e:w 1130.5218294
          b:c:n 1119.1845761
          b:c:w 1121.1397719
          b:n:w 2077.6072966
          e:c:n 5232.5602182
          e:c:w 4414.0597900
          e:n:w 6701.7852378
          c:n:w 5712.3280224
        b:e:c:n 2106.6178121
        b:e:c:w 2093.5060782
        b:e:n:w 3370.9259566
        b:c:n:w 3018.5410789
        e:c:n:w 54372.0696832
