########################################
# legofit: estimate population history #
#            version 2.3.3             #
########################################

# Program was compiled: Sep 12 2021 17:54:39
# Program was run: Tue Sep 14 06:33:58 2021

# cmd: legofit -1 -d 0 -t 32 --ptsPerDim 3 --stateOut b1boot7.state --tol 3e-6 -S 5000 abce2.lgo ../../boot/boot7.opf
# Stage nOptItr nSimReps
#     0    5000        0
# algorithm          : deterministic
# ignoring probs <=  : 0
# Branch length floor: 0
# DE strategy        : 2
#    F               : 0.3
#    CR              : 0.8
#    tolerance       : 3e-06
# nthreads           : 32
# lgo input file     : abce2.lgo
# site pat input file: ../../boot/boot7.opf
# free parameters    : 17
# points in DE swarm : 51
# output state file  : b1boot7.state
# Including singleton site patterns.
# cost function      : KL
Initial parameter values
Fixed:
      zero = 0
       one = 1
    Tbecnw = 75200
Free:
       pc1 = 0
       pc2 = 0
       pc3 = 0
       pc4 = 0
       pc5 = 0
       pc6 = 0
       pc7 = 0
       pc8 = 0
       pc9 = 0
      pc10 = 0
      pc11 = 0
      pc12 = 0
      pc13 = 0
      pc14 = 0
      pc15 = 0
      pc16 = 0
      pc17 = 0
Constrained:
   Tgbecnw = 139708
     Tecnw = 30403.2
       Tnw = 16218.7
       Tec = 12118.5
     twoNb = 1.80445e+06
     twoNe = 112315
     twoNn = 397858
     twoNw = 2.66267e+06
    twoNec = 120998
    twoNnw = 45593.1
  twoNecnw = 73108.7
  twoNbecnw = 23599.6
  twoNgbecnw = 264832
         m = 0.128539
        m2 = 0.0319174
        m3 = 0.271466
        m5 = 0.119922
        Tb = 21260.9
        Ta = 48230.4
        Tc = 8109.34
        Te = 4054.67
DiffEv reached_goal. cost=1.53186e-03 spread=2.75730e-06
Fitted parameter values
Free:
       pc1 = -3.96066
       pc2 = 3.95624
       pc3 = 1.38974
       pc4 = -0.496274
       pc5 = -0.588084
       pc6 = 1.96215
       pc7 = 1.11992
       pc8 = 1.47931
       pc9 = 0.38245
      pc10 = -0.865306
      pc11 = 0.338709
      pc12 = 0.130241
      pc13 = 0.199641
      pc14 = -0.165558
      pc15 = 0.131487
      pc16 = 0.0161809
      pc17 = -0.0593104
Constrained:
   Tgbecnw = 110604
     Tecnw = 28125.3
       Tnw = 16146.1
       Tec = 12667.4
     twoNb = 1.25823e+06
     twoNe = 135844
     twoNn = 557134
     twoNw = 4.27137e+06
    twoNec = 102325
    twoNnw = 38518.4
  twoNecnw = 71392
  twoNbecnw = 13648.1
  twoNgbecnw = 297412
         m = 0.111711
        m2 = 0.0314259
        m3 = 0.272921
        m5 = 0.120307
        Tb = 20396.4
        Ta = 47798.2
        Tc = 8073.07
        Te = 4036.53
#       SitePat  BranchLen
              b 130470.1783920
              e 50772.4168076
              c 53165.6592003
              n 46728.6246025
              w 49034.4941941
            b:e 2246.1908525
            b:c 2505.9824112
            b:n 1740.7345882
            b:w 1894.6114762
            e:c 10792.0314051
            e:n 6102.5213278
            e:w 5400.4001903
            c:n 5567.1767655
            c:w 4615.0670789
            n:w 13009.7363709
          b:e:c 2056.7940532
          b:e:n 1089.8655075
          b:e:w 1130.5945611
          b:c:n 1118.5323856
          b:c:w 1117.6407228
          b:n:w 2068.7097257
          e:c:n 5275.8759157
          e:c:w 4440.9546884
          e:n:w 6684.5526652
          c:n:w 5692.7814504
        b:e:c:n 2107.6306668
        b:e:c:w 2097.1989575
        b:e:n:w 3366.5840151
        b:c:n:w 3010.2858659
        e:c:n:w 54457.9230026
