########################################
# legofit: estimate population history #
#            version 2.3.3             #
########################################

# Program was compiled: Sep 12 2021 17:54:39
# Program was run: Tue Sep 14 10:46:39 2021

# cmd: legofit -1 -d 0 -t 32 --ptsPerDim 3 --stateOut b1boot20.state --tol 3e-6 -S 5000 abce2.lgo ../../boot/boot20.opf
# Stage nOptItr nSimReps
#     0    5000        0
# algorithm          : deterministic
# ignoring probs <=  : 0
# Branch length floor: 0
# DE strategy        : 2
#    F               : 0.3
#    CR              : 0.8
#    tolerance       : 3e-06
# nthreads           : 32
# lgo input file     : abce2.lgo
# site pat input file: ../../boot/boot20.opf
# free parameters    : 17
# points in DE swarm : 51
# output state file  : b1boot20.state
# Including singleton site patterns.
# cost function      : KL
Initial parameter values
Fixed:
      zero = 0
       one = 1
    Tbecnw = 75200
Free:
       pc1 = 0
       pc2 = 0
       pc3 = 0
       pc4 = 0
       pc5 = 0
       pc6 = 0
       pc7 = 0
       pc8 = 0
       pc9 = 0
      pc10 = 0
      pc11 = 0
      pc12 = 0
      pc13 = 0
      pc14 = 0
      pc15 = 0
      pc16 = 0
      pc17 = 0
Constrained:
   Tgbecnw = 139708
     Tecnw = 30403.2
       Tnw = 16218.7
       Tec = 12118.5
     twoNb = 1.80445e+06
     twoNe = 112315
     twoNn = 397858
     twoNw = 2.66267e+06
    twoNec = 120998
    twoNnw = 45593.1
  twoNecnw = 73108.7
  twoNbecnw = 23599.6
  twoNgbecnw = 264832
         m = 0.128539
        m2 = 0.0319174
        m3 = 0.271466
        m5 = 0.119922
        Tb = 21260.9
        Ta = 48230.4
        Tc = 8109.34
        Te = 4054.67
DiffEv reached_goal. cost=1.52919e-03 spread=1.36794e-06
Fitted parameter values
Free:
       pc1 = -3.92183
       pc2 = 3.9848
       pc3 = 2.2192
       pc4 = 0.0700836
       pc5 = -1.44771
       pc6 = 1.81769
       pc7 = -0.0946058
       pc8 = 1.671
       pc9 = 0.502366
      pc10 = -1.40546
      pc11 = -0.00128466
      pc12 = 0.0535203
      pc13 = 0.298408
      pc14 = -0.259787
      pc15 = 0.154372
      pc16 = -0.0190263
      pc17 = -0.0538721
Constrained:
   Tgbecnw = 107741
     Tecnw = 28151.9
       Tnw = 16201.7
       Tec = 12589.3
     twoNb = 1.47101e+06
     twoNe = 120896
     twoNn = 58016.1
     twoNw = 2.88144e+06
    twoNec = 102162
    twoNnw = 38389.1
  twoNecnw = 70360.6
  twoNbecnw = 12769.3
  twoNgbecnw = 291168
         m = 0.111889
        m2 = 0.0306992
        m3 = 0.27006
        m5 = 0.121418
        Tb = 20370.6
        Ta = 47785.3
        Tc = 8100.86
        Te = 4050.43
#       SitePat  BranchLen
              b 129385.6715677
              e 50423.2945528
              c 52851.2191637
              n 46465.0317316
              w 48782.7378770
            b:e 2208.9305660
            b:c 2469.5380621
            b:n 1718.8822927
            b:w 1877.5699791
            e:c 10743.2495743
            e:n 6071.5472559
            e:w 5355.0274411
            c:n 5508.0699532
            c:w 4572.0763144
            n:w 12921.2230990
          b:e:c 2040.1137122
          b:e:n 1078.7091153
          b:e:w 1117.1809339
          b:c:n 1105.6234839
          b:c:w 1106.4491070
          b:n:w 2051.4862182
          e:c:n 5253.8529325
          e:c:w 4412.8668338
          e:n:w 6646.4605166
          c:n:w 5644.0005606
        b:e:c:n 2089.0702262
        b:e:c:w 2066.8786115
        b:e:n:w 3309.0514312
        b:c:n:w 2953.2251220
        e:c:n:w 53762.1471524
