########################################
# legofit: estimate population history #
#            version 2.3.3             #
########################################

# Program was compiled: Sep 12 2021 17:54:39
# Program was run: Tue Sep 14 15:20:16 2021

# cmd: legofit -1 -d 0 -t 32 --ptsPerDim 3 --stateOut b1boot30.state --tol 3e-6 -S 5000 abce2.lgo ../../boot/boot30.opf
# Stage nOptItr nSimReps
#     0    5000        0
# algorithm          : deterministic
# ignoring probs <=  : 0
# Branch length floor: 0
# DE strategy        : 2
#    F               : 0.3
#    CR              : 0.8
#    tolerance       : 3e-06
# nthreads           : 32
# lgo input file     : abce2.lgo
# site pat input file: ../../boot/boot30.opf
# free parameters    : 17
# points in DE swarm : 51
# output state file  : b1boot30.state
# Including singleton site patterns.
# cost function      : KL
Initial parameter values
Fixed:
      zero = 0
       one = 1
    Tbecnw = 75200
Free:
       pc1 = 0
       pc2 = 0
       pc3 = 0
       pc4 = 0
       pc5 = 0
       pc6 = 0
       pc7 = 0
       pc8 = 0
       pc9 = 0
      pc10 = 0
      pc11 = 0
      pc12 = 0
      pc13 = 0
      pc14 = 0
      pc15 = 0
      pc16 = 0
      pc17 = 0
Constrained:
   Tgbecnw = 139708
     Tecnw = 30403.2
       Tnw = 16218.7
       Tec = 12118.5
     twoNb = 1.80445e+06
     twoNe = 112315
     twoNn = 397858
     twoNw = 2.66267e+06
    twoNec = 120998
    twoNnw = 45593.1
  twoNecnw = 73108.7
  twoNbecnw = 23599.6
  twoNgbecnw = 264832
         m = 0.128539
        m2 = 0.0319174
        m3 = 0.271466
        m5 = 0.119922
        Tb = 21260.9
        Ta = 48230.4
        Tc = 8109.34
        Te = 4054.67
DiffEv reached_goal. cost=1.55772e-03 spread=2.96675e-06
Fitted parameter values
Free:
       pc1 = -3.98689
       pc2 = 3.99588
       pc3 = 2.0032
       pc4 = -0.483625
       pc5 = -0.753559
       pc6 = 1.7389
       pc7 = 0.275102
       pc8 = 1.34492
       pc9 = 0.303456
      pc10 = -1.49258
      pc11 = -0.210226
      pc12 = 0.124358
      pc13 = 0.017478
      pc14 = -0.0830724
      pc15 = 0.231627
      pc16 = 0.0488618
      pc17 = 0.0121186
Constrained:
   Tgbecnw = 109440
     Tecnw = 28391.9
       Tnw = 16048.8
       Tec = 12965
     twoNb = 1.45753e+06
     twoNe = 145599
     twoNn = 174209
     twoNw = 3.62664e+06
    twoNec = 101535
    twoNnw = 38922
  twoNecnw = 70259.6
  twoNbecnw = 13282.4
  twoNgbecnw = 297668
         m = 0.110181
        m2 = 0.0308477
        m3 = 0.268938
        m5 = 0.121053
        Tb = 20678.4
        Ta = 47939.2
        Tc = 8024.39
        Te = 4012.2
#       SitePat  BranchLen
              b 129996.9089940
              e 50719.4659121
              c 53146.6134851
              n 46583.2591958
              w 48843.5592219
            b:e 2232.4281934
            b:c 2494.9761527
            b:n 1727.3701520
            b:w 1883.7455061
            e:c 10760.8711229
            e:n 6030.6894619
            e:w 5353.2838567
            c:n 5493.2990166
            c:w 4555.9182614
            n:w 13079.8394859
          b:e:c 2065.0940264
          b:e:n 1081.8638794
          b:e:w 1123.1219603
          b:c:n 1111.3824095
          b:c:w 1109.2992988
          b:n:w 2076.4556286
          e:c:n 5233.2301630
          e:c:w 4408.5871367
          e:n:w 6691.2686972
          c:n:w 5679.5059653
        b:e:c:n 2094.6485722
        b:e:c:w 2078.2277120
        b:e:n:w 3348.8409700
        b:c:n:w 2989.9682969
        e:c:n:w 54192.7105037
