########################################
# legofit: estimate population history #
#            version 2.3.3             #
########################################

# Program was compiled: Sep 12 2021 17:54:39
# Program was run: Tue Sep 14 07:45:31 2021

# cmd: legofit -1 -d 0 -t 32 --ptsPerDim 3 --stateOut b1boot16.state --tol 3e-6 -S 5000 abce2.lgo ../../boot/boot16.opf
# Stage nOptItr nSimReps
#     0    5000        0
# algorithm          : deterministic
# ignoring probs <=  : 0
# Branch length floor: 0
# DE strategy        : 2
#    F               : 0.3
#    CR              : 0.8
#    tolerance       : 3e-06
# nthreads           : 32
# lgo input file     : abce2.lgo
# site pat input file: ../../boot/boot16.opf
# free parameters    : 17
# points in DE swarm : 51
# output state file  : b1boot16.state
# Including singleton site patterns.
# cost function      : KL
Initial parameter values
Fixed:
      zero = 0
       one = 1
    Tbecnw = 75200
Free:
       pc1 = 0
       pc2 = 0
       pc3 = 0
       pc4 = 0
       pc5 = 0
       pc6 = 0
       pc7 = 0
       pc8 = 0
       pc9 = 0
      pc10 = 0
      pc11 = 0
      pc12 = 0
      pc13 = 0
      pc14 = 0
      pc15 = 0
      pc16 = 0
      pc17 = 0
Constrained:
   Tgbecnw = 139708
     Tecnw = 30403.2
       Tnw = 16218.7
       Tec = 12118.5
     twoNb = 1.80445e+06
     twoNe = 112315
     twoNn = 397858
     twoNw = 2.66267e+06
    twoNec = 120998
    twoNnw = 45593.1
  twoNecnw = 73108.7
  twoNbecnw = 23599.6
  twoNgbecnw = 264832
         m = 0.128539
        m2 = 0.0319174
        m3 = 0.271466
        m5 = 0.119922
        Tb = 21260.9
        Ta = 48230.4
        Tc = 8109.34
        Te = 4054.67
DiffEv reached_goal. cost=1.48867e-03 spread=2.83218e-06
Fitted parameter values
Free:
       pc1 = -3.94864
       pc2 = 3.97509
       pc3 = 1.24631
       pc4 = -0.531607
       pc5 = -1.20889
       pc6 = 1.70135
       pc7 = 0.0641917
       pc8 = 1.44815
       pc9 = 1.56453
      pc10 = -1.26338
      pc11 = 0.54672
      pc12 = 0.204889
      pc13 = 0.0545556
      pc14 = -0.0579893
      pc15 = 0.193794
      pc16 = 0.0414152
      pc17 = -0.0245731
Constrained:
   Tgbecnw = 109970
     Tecnw = 28356.8
       Tnw = 16558.6
       Tec = 12693.7
     twoNb = 1.24053e+06
     twoNe = 142364
     twoNn = 506341
     twoNw = 2.76077e+06
    twoNec = 103146
    twoNnw = 36503.2
  twoNecnw = 70417
  twoNbecnw = 13410.9
  twoNgbecnw = 300448
         m = 0.10888
        m2 = 0.0311267
        m3 = 0.278598
        m5 = 0.12254
        Tb = 20525.2
        Ta = 47862.6
        Tc = 8279.3
        Te = 4139.65
#       SitePat  BranchLen
              b 129953.5530251
              e 50687.6233703
              c 53126.5773595
              n 46574.5364917
              w 48878.2202789
            b:e 2240.9141598
            b:c 2508.6056150
            b:n 1728.8098540
            b:w 1883.7333667
            e:c 10752.7778130
            e:n 6039.4175902
            e:w 5380.7281205
            c:n 5540.8369835
            c:w 4550.7667832
            n:w 13029.8152756
          b:e:c 2062.7534905
          b:e:n 1081.0723471
          b:e:w 1127.4469144
          b:c:n 1115.5299728
          b:c:w 1108.5375114
          b:n:w 2072.2518438
          e:c:n 5241.6327030
          e:c:w 4403.6515478
          e:n:w 6715.9966984
          c:n:w 5686.1015347
        b:e:c:n 2095.4182038
        b:e:c:w 2084.1697286
        b:e:n:w 3355.9400145
        b:c:n:w 2992.1834105
        e:c:n:w 54141.3771673
