########################################
# legofit: estimate population history #
#            version 2.3.3             #
########################################

# Program was compiled: Sep 12 2021 17:54:39
# Program was run: Tue Sep 14 14:07:43 2021

# cmd: legofit -1 -d 0 -t 32 --ptsPerDim 3 --stateOut b1boot26.state --tol 3e-6 -S 5000 abce2.lgo ../../boot/boot26.opf
# Stage nOptItr nSimReps
#     0    5000        0
# algorithm          : deterministic
# ignoring probs <=  : 0
# Branch length floor: 0
# DE strategy        : 2
#    F               : 0.3
#    CR              : 0.8
#    tolerance       : 3e-06
# nthreads           : 32
# lgo input file     : abce2.lgo
# site pat input file: ../../boot/boot26.opf
# free parameters    : 17
# points in DE swarm : 51
# output state file  : b1boot26.state
# Including singleton site patterns.
# cost function      : KL
Initial parameter values
Fixed:
      zero = 0
       one = 1
    Tbecnw = 75200
Free:
       pc1 = 0
       pc2 = 0
       pc3 = 0
       pc4 = 0
       pc5 = 0
       pc6 = 0
       pc7 = 0
       pc8 = 0
       pc9 = 0
      pc10 = 0
      pc11 = 0
      pc12 = 0
      pc13 = 0
      pc14 = 0
      pc15 = 0
      pc16 = 0
      pc17 = 0
Constrained:
   Tgbecnw = 139708
     Tecnw = 30403.2
       Tnw = 16218.7
       Tec = 12118.5
     twoNb = 1.80445e+06
     twoNe = 112315
     twoNn = 397858
     twoNw = 2.66267e+06
    twoNec = 120998
    twoNnw = 45593.1
  twoNecnw = 73108.7
  twoNbecnw = 23599.6
  twoNgbecnw = 264832
         m = 0.128539
        m2 = 0.0319174
        m3 = 0.271466
        m5 = 0.119922
        Tb = 21260.9
        Ta = 48230.4
        Tc = 8109.34
        Te = 4054.67
DiffEv reached_goal. cost=1.51910e-03 spread=2.22705e-06
Fitted parameter values
Free:
       pc1 = -3.95864
       pc2 = 3.98476
       pc3 = 0.664267
       pc4 = -0.296991
       pc5 = -1.74446
       pc6 = 1.69169
       pc7 = 1.4482
       pc8 = 0.885802
       pc9 = -0.220448
      pc10 = -1.07618
      pc11 = 0.2349
      pc12 = 0.0461271
      pc13 = 0.282634
      pc14 = -0.0174146
      pc15 = 0.20584
      pc16 = 0.00599646
      pc17 = -0.0516891
Constrained:
   Tgbecnw = 111294
     Tecnw = 28135.2
       Tnw = 16008.3
       Tec = 12676.9
     twoNb = 1.27345e+06
     twoNe = 130864
     twoNn = 985618
     twoNw = 3.30199e+06
    twoNec = 102226
    twoNnw = 39297.2
  twoNecnw = 72021.6
  twoNbecnw = 13740.8
  twoNgbecnw = 303954
         m = 0.108518
        m2 = 0.0312173
        m3 = 0.27099
        m5 = 0.116773
        Tb = 20406.1
        Ta = 47803
        Tc = 8004.14
        Te = 4002.07
#       SitePat  BranchLen
              b 130183.9831826
              e 50877.8454728
              c 53234.0455758
              n 46836.2016879
              w 49173.7938214
            b:e 2243.3075348
            b:c 2496.1288445
            b:n 1742.8730242
            b:w 1901.7194729
            e:c 10832.5964454
            e:n 6116.2101490
            e:w 5380.7039376
            c:n 5561.3361526
            c:w 4622.1502124
            n:w 13041.8854280
          b:e:c 2063.1384652
          b:e:n 1093.3114058
          b:e:w 1130.9501254
          b:c:n 1118.7961539
          b:c:w 1121.4034228
          b:n:w 2075.2968293
          e:c:n 5276.0544152
          e:c:w 4430.8413304
          e:n:w 6634.8813525
          c:n:w 5670.6701806
        b:e:c:n 2117.4516537
        b:e:c:w 2100.6724215
        b:e:n:w 3360.3171098
        b:c:n:w 3012.9965027
        e:c:n:w 54104.0647373
