########################################
# legofit: estimate population history #
#            version 2.3.3             #
########################################

# Program was compiled: Sep 12 2021 17:54:39
# Program was run: Tue Sep 14 23:17:35 2021

# cmd: legofit -1 -d 0 -t 32 --ptsPerDim 3 --stateOut b1boot46.state --tol 3e-6 -S 5000 abce2.lgo ../../boot/boot46.opf
# Stage nOptItr nSimReps
#     0    5000        0
# algorithm          : deterministic
# ignoring probs <=  : 0
# Branch length floor: 0
# DE strategy        : 2
#    F               : 0.3
#    CR              : 0.8
#    tolerance       : 3e-06
# nthreads           : 32
# lgo input file     : abce2.lgo
# site pat input file: ../../boot/boot46.opf
# free parameters    : 17
# points in DE swarm : 51
# output state file  : b1boot46.state
# Including singleton site patterns.
# cost function      : KL
Initial parameter values
Fixed:
      zero = 0
       one = 1
    Tbecnw = 75200
Free:
       pc1 = 0
       pc2 = 0
       pc3 = 0
       pc4 = 0
       pc5 = 0
       pc6 = 0
       pc7 = 0
       pc8 = 0
       pc9 = 0
      pc10 = 0
      pc11 = 0
      pc12 = 0
      pc13 = 0
      pc14 = 0
      pc15 = 0
      pc16 = 0
      pc17 = 0
Constrained:
   Tgbecnw = 139708
     Tecnw = 30403.2
       Tnw = 16218.7
       Tec = 12118.5
     twoNb = 1.80445e+06
     twoNe = 112315
     twoNn = 397858
     twoNw = 2.66267e+06
    twoNec = 120998
    twoNnw = 45593.1
  twoNecnw = 73108.7
  twoNbecnw = 23599.6
  twoNgbecnw = 264832
         m = 0.128539
        m2 = 0.0319174
        m3 = 0.271466
        m5 = 0.119922
        Tb = 21260.9
        Ta = 48230.4
        Tc = 8109.34
        Te = 4054.67
DiffEv reached_goal. cost=1.48394e-03 spread=2.98156e-06
Fitted parameter values
Free:
       pc1 = -3.92672
       pc2 = 3.89018
       pc3 = 0.116988
       pc4 = 0.94362
       pc5 = -1.7534
       pc6 = 1.96753
       pc7 = 0.323361
       pc8 = 0.996328
       pc9 = 0.583973
      pc10 = -1.16819
      pc11 = 0.477296
      pc12 = 0.229358
      pc13 = 0.11599
      pc14 = -0.106696
      pc15 = 0.0259496
      pc16 = 0.0465426
      pc17 = -0.0360832
Constrained:
   Tgbecnw = 113223
     Tecnw = 27996.1
       Tnw = 16974.2
       Tec = 12051.7
     twoNb = 1.62056e+06
     twoNe = 108492
     twoNn = 1.0159e+06
     twoNw = 2.64084e+06
    twoNec = 108586
    twoNnw = 34444.8
  twoNecnw = 71586.2
  twoNbecnw = 14271.3
  twoNgbecnw = 315210
         m = 0.103746
        m2 = 0.0306338
        m3 = 0.275451
        m5 = 0.119287
        Tb = 20023.9
        Ta = 47612
        Tc = 8487.11
        Te = 4243.56
#       SitePat  BranchLen
              b 130511.7674281
              e 50828.2261477
              c 53229.8952518
              n 46658.8083152
              w 48930.5719698
            b:e 2251.2005505
            b:c 2511.9026699
            b:n 1741.6783473
            b:w 1898.6423338
            e:c 10802.0287546
            e:n 6107.2693798
            e:w 5422.6081580
            c:n 5588.3136348
            c:w 4631.5717287
            n:w 13079.4451938
          b:e:c 2075.1832776
          b:e:n 1096.0327302
          b:e:w 1138.5937965
          b:c:n 1126.4427108
          b:c:w 1123.8382936
          b:n:w 2086.5423337
          e:c:n 5257.4949482
          e:c:w 4436.9811346
          e:n:w 6754.7729893
          c:n:w 5745.4437613
        b:e:c:n 2108.9154341
        b:e:c:w 2102.1481787
        b:e:n:w 3389.0002406
        b:c:n:w 3030.2959027
        e:c:n:w 54421.7288771
