########################################
# legofit: estimate population history #
#            version 2.3.3             #
########################################

# Program was compiled: Sep 12 2021 17:54:39
# Program was run: Tue Sep 14 06:06:37 2021

# cmd: legofit -1 -d 0 -t 32 --ptsPerDim 3 --stateOut b1boot0.state --tol 3e-6 -S 5000 abce2.lgo ../../boot/boot0.opf
# Stage nOptItr nSimReps
#     0    5000        0
# algorithm          : deterministic
# ignoring probs <=  : 0
# Branch length floor: 0
# DE strategy        : 2
#    F               : 0.3
#    CR              : 0.8
#    tolerance       : 3e-06
# nthreads           : 32
# lgo input file     : abce2.lgo
# site pat input file: ../../boot/boot0.opf
# free parameters    : 17
# points in DE swarm : 51
# output state file  : b1boot0.state
# Including singleton site patterns.
# cost function      : KL
Initial parameter values
Fixed:
      zero = 0
       one = 1
    Tbecnw = 75200
Free:
       pc1 = 0
       pc2 = 0
       pc3 = 0
       pc4 = 0
       pc5 = 0
       pc6 = 0
       pc7 = 0
       pc8 = 0
       pc9 = 0
      pc10 = 0
      pc11 = 0
      pc12 = 0
      pc13 = 0
      pc14 = 0
      pc15 = 0
      pc16 = 0
      pc17 = 0
Constrained:
   Tgbecnw = 139708
     Tecnw = 30403.2
       Tnw = 16218.7
       Tec = 12118.5
     twoNb = 1.80445e+06
     twoNe = 112315
     twoNn = 397858
     twoNw = 2.66267e+06
    twoNec = 120998
    twoNnw = 45593.1
  twoNecnw = 73108.7
  twoNbecnw = 23599.6
  twoNgbecnw = 264832
         m = 0.128539
        m2 = 0.0319174
        m3 = 0.271466
        m5 = 0.119922
        Tb = 21260.9
        Ta = 48230.4
        Tc = 8109.34
        Te = 4054.67
DiffEv reached_goal. cost=1.52588e-03 spread=2.85897e-06
Fitted parameter values
Free:
       pc1 = -3.63926
       pc2 = 3.87549
       pc3 = 0.836447
       pc4 = -0.578876
       pc5 = -1.26608
       pc6 = 1.70893
       pc7 = 0.701707
       pc8 = 1.95227
       pc9 = 1.03298
      pc10 = -1.43627
      pc11 = 0.40575
      pc12 = 0.191604
      pc13 = 0.104838
      pc14 = -0.0545527
      pc15 = 0.165029
      pc16 = 0.00867854
      pc17 = -0.0119997
Constrained:
   Tgbecnw = 110739
     Tecnw = 28423.7
       Tnw = 16300.1
       Tec = 12388.6
     twoNb = 1.10626e+06
     twoNe = 136036
     twoNn = 446751
     twoNw = 3.27014e+06
    twoNec = 105892
    twoNnw = 37558.3
  twoNecnw = 70180.2
  twoNbecnw = 13700.3
  twoNgbecnw = 300376
         m = 0.107927
        m2 = 0.0311642
        m3 = 0.279956
        m5 = 0.119886
        Tb = 20406.1
        Ta = 47803.1
        Tc = 8150.05
        Te = 4075.03
#       SitePat  BranchLen
              b 129885.2795444
              e 50720.1787581
              c 53119.2575959
              n 46586.4821099
              w 48927.9492257
            b:e 2257.5275860
            b:c 2521.5445587
            b:n 1737.8403541
            b:w 1893.1414476
            e:c 10784.6501456
            e:n 6057.1315111
            e:w 5373.6282136
            c:n 5554.7507667
            c:w 4563.3886889
            n:w 13061.6008060
          b:e:c 2071.0818115
          b:e:n 1086.3489167
          b:e:w 1130.8496932
          b:c:n 1119.1723889
          b:c:w 1113.4181287
          b:n:w 2078.8641133
          e:c:n 5262.9250203
          e:c:w 4417.1589375
          e:n:w 6718.4315308
          c:n:w 5708.6970788
        b:e:c:n 2105.0781553
        b:e:c:w 2090.1949917
        b:e:n:w 3353.9957773
        b:c:n:w 2997.8627375
        e:c:n:w 54013.0195601
