########################################
# legofit: estimate population history #
#            version 2.3.3             #
########################################

# Program was compiled: Sep 12 2021 17:54:39
# Program was run: Tue Sep 14 13:55:25 2021

# cmd: legofit -1 -d 0 -t 32 --ptsPerDim 3 --stateOut b1boot25.state --tol 3e-6 -S 5000 abce2.lgo ../../boot/boot25.opf
# Stage nOptItr nSimReps
#     0    5000        0
# algorithm          : deterministic
# ignoring probs <=  : 0
# Branch length floor: 0
# DE strategy        : 2
#    F               : 0.3
#    CR              : 0.8
#    tolerance       : 3e-06
# nthreads           : 32
# lgo input file     : abce2.lgo
# site pat input file: ../../boot/boot25.opf
# free parameters    : 17
# points in DE swarm : 51
# output state file  : b1boot25.state
# Including singleton site patterns.
# cost function      : KL
Initial parameter values
Fixed:
      zero = 0
       one = 1
    Tbecnw = 75200
Free:
       pc1 = 0
       pc2 = 0
       pc3 = 0
       pc4 = 0
       pc5 = 0
       pc6 = 0
       pc7 = 0
       pc8 = 0
       pc9 = 0
      pc10 = 0
      pc11 = 0
      pc12 = 0
      pc13 = 0
      pc14 = 0
      pc15 = 0
      pc16 = 0
      pc17 = 0
Constrained:
   Tgbecnw = 139708
     Tecnw = 30403.2
       Tnw = 16218.7
       Tec = 12118.5
     twoNb = 1.80445e+06
     twoNe = 112315
     twoNn = 397858
     twoNw = 2.66267e+06
    twoNec = 120998
    twoNnw = 45593.1
  twoNecnw = 73108.7
  twoNbecnw = 23599.6
  twoNgbecnw = 264832
         m = 0.128539
        m2 = 0.0319174
        m3 = 0.271466
        m5 = 0.119922
        Tb = 21260.9
        Ta = 48230.4
        Tc = 8109.34
        Te = 4054.67
DiffEv reached_goal. cost=1.53959e-03 spread=2.98206e-06
Fitted parameter values
Free:
       pc1 = -3.9922
       pc2 = 3.96566
       pc3 = 0.472391
       pc4 = 0.144274
       pc5 = -1.82627
       pc6 = 1.97166
       pc7 = 0.0281899
       pc8 = 1.85018
       pc9 = 0.100704
      pc10 = -1.56749
      pc11 = 0.0867917
      pc12 = 0.269052
      pc13 = -0.162283
      pc14 = 0.0348008
      pc15 = 0.15716
      pc16 = 0.00276067
      pc17 = -0.0648592
Constrained:
   Tgbecnw = 110959
     Tecnw = 28107.9
       Tnw = 16831.5
       Tec = 12149.3
     twoNb = 1.57756e+06
     twoNe = 125942
     twoNn = 331143
     twoNw = 2.72218e+06
    twoNec = 107695
    twoNnw = 35286.8
  twoNecnw = 70407.4
  twoNbecnw = 13423
  twoNgbecnw = 317448
         m = 0.101028
        m2 = 0.0307762
        m3 = 0.275353
        m5 = 0.117919
        Tb = 20128.6
        Ta = 47664.3
        Tc = 8415.76
        Te = 4207.88
#       SitePat  BranchLen
              b 129310.0543390
              e 50611.1704104
              c 52932.1106926
              n 46491.2435412
              w 48734.2233361
            b:e 2211.9022202
            b:c 2462.6923959
            b:n 1711.6711697
            b:w 1865.0686004
            e:c 10725.2506425
            e:n 6009.4943731
            e:w 5352.2221107
            c:n 5530.4734609
            c:w 4569.0864265
            n:w 12966.1849353
          b:e:c 2042.0255471
          b:e:n 1073.8742865
          b:e:w 1117.8226808
          b:c:n 1105.7355467
          b:c:w 1100.7352870
          b:n:w 2052.8964715
          e:c:n 5203.8018082
          e:c:w 4392.3668119
          e:n:w 6659.4622990
          c:n:w 5680.8095669
        b:e:c:n 2073.5300156
        b:e:c:w 2068.2990375
        b:e:n:w 3327.7399935
        b:c:n:w 2982.0449610
        e:c:n:w 53637.1306671
