########################################
# legofit: estimate population history #
#            version 2.3.3             #
########################################

# Program was compiled: Sep 12 2021 17:54:39
# Program was run: Tue Sep 14 09:10:13 2021

# cmd: legofit -1 -d 0 -t 32 --ptsPerDim 3 --stateOut b1boot18.state --tol 3e-6 -S 5000 abce2.lgo ../../boot/boot18.opf
# Stage nOptItr nSimReps
#     0    5000        0
# algorithm          : deterministic
# ignoring probs <=  : 0
# Branch length floor: 0
# DE strategy        : 2
#    F               : 0.3
#    CR              : 0.8
#    tolerance       : 3e-06
# nthreads           : 32
# lgo input file     : abce2.lgo
# site pat input file: ../../boot/boot18.opf
# free parameters    : 17
# points in DE swarm : 51
# output state file  : b1boot18.state
# Including singleton site patterns.
# cost function      : KL
Initial parameter values
Fixed:
      zero = 0
       one = 1
    Tbecnw = 75200
Free:
       pc1 = 0
       pc2 = 0
       pc3 = 0
       pc4 = 0
       pc5 = 0
       pc6 = 0
       pc7 = 0
       pc8 = 0
       pc9 = 0
      pc10 = 0
      pc11 = 0
      pc12 = 0
      pc13 = 0
      pc14 = 0
      pc15 = 0
      pc16 = 0
      pc17 = 0
Constrained:
   Tgbecnw = 139708
     Tecnw = 30403.2
       Tnw = 16218.7
       Tec = 12118.5
     twoNb = 1.80445e+06
     twoNe = 112315
     twoNn = 397858
     twoNw = 2.66267e+06
    twoNec = 120998
    twoNnw = 45593.1
  twoNecnw = 73108.7
  twoNbecnw = 23599.6
  twoNgbecnw = 264832
         m = 0.128539
        m2 = 0.0319174
        m3 = 0.271466
        m5 = 0.119922
        Tb = 21260.9
        Ta = 48230.4
        Tc = 8109.34
        Te = 4054.67
DiffEv reached_goal. cost=1.53110e-03 spread=2.67197e-06
Fitted parameter values
Free:
       pc1 = -3.80944
       pc2 = 3.99395
       pc3 = 1.74865
       pc4 = -0.106126
       pc5 = -1.92339
       pc6 = 1.89355
       pc7 = 0.257849
       pc8 = 1.98071
       pc9 = -0.195841
      pc10 = -0.0375776
      pc11 = 0.203764
      pc12 = -0.0201252
      pc13 = 0.20939
      pc14 = -0.101424
      pc15 = 0.244349
      pc16 = 0.00771151
      pc17 = -0.0312637
Constrained:
   Tgbecnw = 108578
     Tecnw = 27976.3
       Tnw = 16572.7
       Tec = 12263.7
     twoNb = 1.3478e+06
     twoNe = 104731
     twoNn = 118006
     twoNw = 2.84913e+06
    twoNec = 103062
    twoNnw = 36641.2
  twoNecnw = 71686.9
  twoNbecnw = 12934.8
  twoNgbecnw = 297099
         m = 0.111149
        m2 = 0.0319287
        m3 = 0.267557
        m5 = 0.119189
        Tb = 20120
        Ta = 47660
        Tc = 8286.36
        Te = 4143.18
#       SitePat  BranchLen
              b 129747.5503536
              e 50601.8127679
              c 53014.3670614
              n 46596.7072275
              w 48923.4544432
            b:e 2234.7405058
            b:c 2495.5160271
            b:n 1728.6086934
            b:w 1884.3241778
            e:c 10833.7597645
            e:n 6094.3855317
            e:w 5355.5189604
            c:n 5522.8377484
            c:w 4590.5671710
            n:w 13000.1213305
          b:e:c 2057.8582752
          b:e:n 1084.6069286
          b:e:w 1121.7999945
          b:c:n 1109.8002434
          b:c:w 1113.2814068
          b:n:w 2070.0872422
          e:c:n 5246.7776770
          e:c:w 4408.6471570
          e:n:w 6656.4738287
          c:n:w 5661.7269089
        b:e:c:n 2100.6372517
        b:e:c:w 2086.7680993
        b:e:n:w 3369.7744695
        b:c:n:w 3011.0163738
        e:c:n:w 53962.8092663
