########################################
# legofit: estimate population history #
#            version 2.3.3             #
########################################

# Program was compiled: Sep 12 2021 17:54:39
# Program was run: Tue Sep 14 13:16:33 2021

# cmd: legofit -1 -d 0 -t 32 --ptsPerDim 3 --stateOut b1boot24.state --tol 3e-6 -S 5000 abce2.lgo ../../boot/boot24.opf
# Stage nOptItr nSimReps
#     0    5000        0
# algorithm          : deterministic
# ignoring probs <=  : 0
# Branch length floor: 0
# DE strategy        : 2
#    F               : 0.3
#    CR              : 0.8
#    tolerance       : 3e-06
# nthreads           : 32
# lgo input file     : abce2.lgo
# site pat input file: ../../boot/boot24.opf
# free parameters    : 17
# points in DE swarm : 51
# output state file  : b1boot24.state
# Including singleton site patterns.
# cost function      : KL
Initial parameter values
Fixed:
      zero = 0
       one = 1
    Tbecnw = 75200
Free:
       pc1 = 0
       pc2 = 0
       pc3 = 0
       pc4 = 0
       pc5 = 0
       pc6 = 0
       pc7 = 0
       pc8 = 0
       pc9 = 0
      pc10 = 0
      pc11 = 0
      pc12 = 0
      pc13 = 0
      pc14 = 0
      pc15 = 0
      pc16 = 0
      pc17 = 0
Constrained:
   Tgbecnw = 139708
     Tecnw = 30403.2
       Tnw = 16218.7
       Tec = 12118.5
     twoNb = 1.80445e+06
     twoNe = 112315
     twoNn = 397858
     twoNw = 2.66267e+06
    twoNec = 120998
    twoNnw = 45593.1
  twoNecnw = 73108.7
  twoNbecnw = 23599.6
  twoNgbecnw = 264832
         m = 0.128539
        m2 = 0.0319174
        m3 = 0.271466
        m5 = 0.119922
        Tb = 21260.9
        Ta = 48230.4
        Tc = 8109.34
        Te = 4054.67
DiffEv reached_goal. cost=1.55584e-03 spread=2.82658e-06
Fitted parameter values
Free:
       pc1 = -3.87625
       pc2 = 3.96218
       pc3 = 2.27981
       pc4 = 1.39726
       pc5 = -1.22723
       pc6 = 1.79942
       pc7 = 0.291192
       pc8 = 1.71265
       pc9 = 0.266925
      pc10 = -1.73287
      pc11 = 0.346831
      pc12 = 0.0776248
      pc13 = 0.175729
      pc14 = -0.198882
      pc15 = 0.153991
      pc16 = 0.0352088
      pc17 = -0.0702105
Constrained:
   Tgbecnw = 107935
     Tecnw = 28036.2
       Tnw = 16307.9
       Tec = 11776
     twoNb = 1.47563e+06
     twoNe = 102424
     twoNn = 199324
     twoNw = 3.3556e+06
    twoNec = 110247
    twoNnw = 37705.7
  twoNecnw = 72021.8
  twoNbecnw = 12796
  twoNgbecnw = 293857
         m = 0.113256
        m2 = 0.0298878
        m3 = 0.268297
        m5 = 0.121455
        Tb = 19906.1
        Ta = 47553.1
        Tc = 8153.97
        Te = 4076.99
#       SitePat  BranchLen
              b 129971.1485627
              e 50703.0366092
              c 53126.7669443
              n 46670.2428868
              w 48942.3543629
            b:e 2237.2757141
            b:c 2498.7002380
            b:n 1737.8652209
            b:w 1891.5119035
            e:c 10767.3655193
            e:n 6103.9716689
            e:w 5401.3662524
            c:n 5547.8114474
            c:w 4614.3377596
            n:w 13004.0302858
          b:e:c 2062.6206353
          b:e:n 1095.0157325
          b:e:w 1133.8792360
          b:c:n 1122.8956548
          b:c:w 1122.2532353
          b:n:w 2071.1576775
          e:c:n 5220.3778645
          e:c:w 4411.1009731
          e:n:w 6668.8525838
          c:n:w 5666.7368924
        b:e:c:n 2110.7267471
        b:e:c:w 2092.1036058
        b:e:n:w 3344.1131358
        b:c:n:w 2988.0087149
        e:c:n:w 54127.4701630
