########################################
# legofit: estimate population history #
#       version 2.3.4-4-g53f8760       #
########################################

# Program was compiled: Sep 21 2021 14:36:42
# Program was run: Fri Sep 24 10:30:40 2021

# cmd: legofit -1 -d 0 -t 32 --ptsPerDim 3 --stateOut b1.state --tol 3e-6 -S 5000 ac2.lgo ../../chrX/pan_chrX.opf
# Stage nOptItr nSimReps
#     0    5000        0
# algorithm          : deterministic
# ignoring probs <=  : 0
# Branch length floor: 0
# DE strategy        : 2
#    F               : 0.3
#    CR              : 0.8
#    tolerance       : 3e-06
# nthreads           : 32
# lgo input file     : ac2.lgo
# site pat input file: ../../chrX/pan_chrX.opf
# free parameters    : 14
# points in DE swarm : 42
# output state file  : b1.state
# Including singleton site patterns.
# cost function      : KL
Initial parameter values
Fixed:
      zero = 0
       one = 1
    Tbecnw = 75200
Free:
       pc1 = 0
       pc2 = 0
       pc3 = 0
       pc4 = 0
       pc5 = 0
       pc6 = 0
       pc7 = 0
       pc8 = 0
       pc9 = 0
      pc10 = 0
      pc11 = 0
      pc12 = 0
      pc13 = 0
      pc14 = 0
Constrained:
   Tgbecnw = 138024
     Tecnw = 27837.9
       Tnw = 25852.1
       Tec = 13260.1
     twoNb = 121179
     twoNe = 4103.57
     twoNn = 87135.6
    twoNec = 93616.3
    twoNnw = 5740.77
  twoNecnw = 67416.5
  twoNbecnw = 21323.4
  twoNgbecnw = 194756
         m = 0.153123
        m3 = 0.187424
        Ta = 37600
        Tc = 12926
DiffEv reached_goal. cost=2.36419e-03 spread=2.74429e-06
Fitted parameter values
Free:
       pc1 = -3.88706
       pc2 = 1.74236
       pc3 = -1.83559
       pc4 = -0.732773
       pc5 = 0.0858972
       pc6 = -1.27333
       pc7 = -1.13052
       pc8 = -0.203051
       pc9 = -0.25292
      pc10 = -0.0321874
      pc11 = 0.0912878
      pc12 = -0.0212942
      pc13 = 0.0323383
      pc14 = -0.0035257
Constrained:
   Tgbecnw = 103273
     Tecnw = 25370.2
       Tnw = 24343.7
       Tec = 12447
     twoNb = 141380
     twoNe = 4094.39
     twoNn = 112956
    twoNec = 83614.2
    twoNnw = 2898.94
  twoNecnw = 64764
  twoNbecnw = 9841.31
  twoNgbecnw = 265410
         m = 0.103712
        m3 = 0.192381
        Ta = 37600
        Tc = 12171.9
#       SitePat  BranchLen
              b 120037.1165010
              e 45775.9285822
              c 46256.1962617
              n 42569.8377122
              w 44930.2368123
            b:e 1313.2499689
            b:c 1337.5409589
            b:n 1029.4365238
            b:w 1179.5856245
            e:c 11377.3462586
            e:n 4942.1757106
            e:w 3907.2934560
            c:n 4461.9080311
            c:w 4022.9145186
            n:w 12677.9178684
          b:e:c 1444.9395785
          b:e:n 629.4626957
          b:e:w 607.8496330
          b:c:n 605.1717058
          b:c:w 633.5407378
          b:n:w 1431.2587059
          e:c:n 4759.6925499
          e:c:w 3873.1692169
          e:n:w 5339.6949646
          c:n:w 5224.0739021
        b:e:c:n 1277.8812919
        b:e:c:w 1120.9762219
        b:e:n:w 1446.8395717
        b:c:n:w 1421.1484668
        e:c:n:w 47699.4984857
