########################################
# legofit: estimate population history #
#       version 2.3.4-4-g53f8760       #
########################################

# Program was compiled: Sep 21 2021 14:36:42
# Program was run: Fri Sep 24 10:31:37 2021

# cmd: legofit -1 -d 0 -t 32 --ptsPerDim 3 --stateOut b1boot48.state --tol 3e-6 -S 5000 ac2.lgo ../../chrX/boot_chrX/boot48.opf
# Stage nOptItr nSimReps
#     0    5000        0
# algorithm          : deterministic
# ignoring probs <=  : 0
# Branch length floor: 0
# DE strategy        : 2
#    F               : 0.3
#    CR              : 0.8
#    tolerance       : 3e-06
# nthreads           : 32
# lgo input file     : ac2.lgo
# site pat input file: ../../chrX/boot_chrX/boot48.opf
# free parameters    : 14
# points in DE swarm : 42
# output state file  : b1boot48.state
# Including singleton site patterns.
# cost function      : KL
Initial parameter values
Fixed:
      zero = 0
       one = 1
    Tbecnw = 75200
Free:
       pc1 = 0
       pc2 = 0
       pc3 = 0
       pc4 = 0
       pc5 = 0
       pc6 = 0
       pc7 = 0
       pc8 = 0
       pc9 = 0
      pc10 = 0
      pc11 = 0
      pc12 = 0
      pc13 = 0
      pc14 = 0
Constrained:
   Tgbecnw = 138024
     Tecnw = 27837.9
       Tnw = 25852.1
       Tec = 13260.1
     twoNb = 121179
     twoNe = 4103.57
     twoNn = 87135.6
    twoNec = 93616.3
    twoNnw = 5740.77
  twoNecnw = 67416.5
  twoNbecnw = 21323.4
  twoNgbecnw = 194756
         m = 0.153123
        m3 = 0.187424
        Ta = 37600
        Tc = 12926
DiffEv reached_goal. cost=2.32996e-03 spread=2.40564e-06
Fitted parameter values
Free:
       pc1 = -3.79933
       pc2 = -0.0501765
       pc3 = -1.86561
       pc4 = -0.478428
       pc5 = 0.770557
       pc6 = -1.95463
       pc7 = -1.37263
       pc8 = 0.732388
       pc9 = -0.164381
      pc10 = 0.540403
      pc11 = 0.131112
      pc12 = 0.164894
      pc13 = 0.0126044
      pc14 = 0.0132483
Constrained:
   Tgbecnw = 97884.3
     Tecnw = 25716.1
       Tnw = 24169.6
       Tec = 12159.6
     twoNb = 130560
     twoNe = 1029.83
     twoNn = 138240
    twoNec = 92122.4
    twoNnw = 4606.27
  twoNecnw = 63154.9
  twoNbecnw = 9099.47
  twoNgbecnw = 204491
         m = 0.133191
        m3 = 0.184598
        Ta = 37600
        Tc = 12084.8
#       SitePat  BranchLen
              b 119567.9574101
              e 45931.8701563
              c 46433.7943833
              n 42852.9423085
              w 45077.7345011
            b:e 1336.2379347
            b:c 1361.9412582
            b:n 1057.8654225
            b:w 1200.6695321
            e:c 11145.9852505
            e:n 4977.5739885
            e:w 3966.5948262
            c:n 4475.6497616
            c:w 4087.4337528
            n:w 12407.1466413
          b:e:c 1446.9527964
          b:e:n 650.0624890
          b:e:w 626.8510838
          b:c:n 624.3591655
          b:c:w 654.0279952
          b:n:w 1433.4854408
          e:c:n 4767.6375791
          e:c:w 3942.0405576
          e:n:w 5371.5910059
          c:n:w 5250.7520793
        b:e:c:n 1301.0780481
        b:e:c:w 1151.8165139
        b:e:n:w 1473.3252115
        b:c:n:w 1446.1483000
        e:c:n:w 47243.1611602
