########################################
# legofit: estimate population history #
#       version 2.3.4-4-g53f8760       #
########################################

# Program was compiled: Sep 21 2021 14:36:42
# Program was run: Fri Sep 24 10:31:21 2021

# cmd: legofit -1 -d 0 -t 32 --ptsPerDim 3 --stateOut b1boot37.state --tol 3e-6 -S 5000 ac2.lgo ../../chrX/boot_chrX/boot37.opf
# Stage nOptItr nSimReps
#     0    5000        0
# algorithm          : deterministic
# ignoring probs <=  : 0
# Branch length floor: 0
# DE strategy        : 2
#    F               : 0.3
#    CR              : 0.8
#    tolerance       : 3e-06
# nthreads           : 32
# lgo input file     : ac2.lgo
# site pat input file: ../../chrX/boot_chrX/boot37.opf
# free parameters    : 14
# points in DE swarm : 42
# output state file  : b1boot37.state
# Including singleton site patterns.
# cost function      : KL
Initial parameter values
Fixed:
      zero = 0
       one = 1
    Tbecnw = 75200
Free:
       pc1 = 0
       pc2 = 0
       pc3 = 0
       pc4 = 0
       pc5 = 0
       pc6 = 0
       pc7 = 0
       pc8 = 0
       pc9 = 0
      pc10 = 0
      pc11 = 0
      pc12 = 0
      pc13 = 0
      pc14 = 0
Constrained:
   Tgbecnw = 138024
     Tecnw = 27837.9
       Tnw = 25852.1
       Tec = 13260.1
     twoNb = 121179
     twoNe = 4103.57
     twoNn = 87135.6
    twoNec = 93616.3
    twoNnw = 5740.77
  twoNecnw = 67416.5
  twoNbecnw = 21323.4
  twoNgbecnw = 194756
         m = 0.153123
        m3 = 0.187424
        Ta = 37600
        Tc = 12926
DiffEv reached_goal. cost=2.20056e-03 spread=2.85412e-06
Fitted parameter values
Free:
       pc1 = -3.9402
       pc2 = 1.42572
       pc3 = -1.95627
       pc4 = -1.28732
       pc5 = 0.984008
       pc6 = -0.676995
       pc7 = -1.36263
       pc8 = 0.131829
       pc9 = -0.135699
      pc10 = 0.0625518
      pc11 = 0.0721259
      pc12 = 0.0137384
      pc13 = 0.000950161
      pc14 = -0.011865
Constrained:
   Tgbecnw = 100771
     Tecnw = 25452
       Tnw = 24310.7
       Tec = 12408.1
     twoNb = 26992.4
     twoNe = 3603.65
     twoNn = 110339
    twoNec = 84477.1
    twoNnw = 3375.37
  twoNecnw = 64024.5
  twoNbecnw = 9420.88
  twoNgbecnw = 246002
         m = 0.109756
        m3 = 0.195907
        Ta = 37600
        Tc = 12155.4
#       SitePat  BranchLen
              b 119538.9200014
              e 45635.3267886
              c 46144.6605362
              n 42734.8016311
              w 45151.1964814
            b:e 1331.0278532
            b:c 1357.3424388
            b:n 1063.4355177
            b:w 1220.4505129
            e:c 11297.7225312
            e:n 5026.7216225
            e:w 3957.2353777
            c:n 4517.3878749
            c:w 4080.3541944
            n:w 12386.1031529
          b:e:c 1456.7479992
          b:e:n 651.9567788
          b:e:w 628.4413337
          b:c:n 625.6421932
          b:c:w 656.2869395
          b:n:w 1443.9782360
          e:c:n 4855.3765334
          e:c:w 3945.5016085
          e:n:w 5320.6124637
          c:n:w 5197.4936470
        b:e:c:n 1323.0536242
        b:e:c:w 1158.9093278
        b:e:n:w 1469.9161728
        b:c:n:w 1442.0705671
        e:c:n:w 47309.6294810
