########################################
# legofit: estimate population history #
#       version 2.3.4-4-g53f8760       #
########################################

# Program was compiled: Sep 21 2021 14:36:42
# Program was run: Fri Sep 24 10:31:27 2021

# cmd: legofit -1 -d 0 -t 32 --ptsPerDim 3 --stateOut b1boot39.state --tol 3e-6 -S 5000 ac2.lgo ../../chrX/boot_chrX/boot39.opf
# Stage nOptItr nSimReps
#     0    5000        0
# algorithm          : deterministic
# ignoring probs <=  : 0
# Branch length floor: 0
# DE strategy        : 2
#    F               : 0.3
#    CR              : 0.8
#    tolerance       : 3e-06
# nthreads           : 32
# lgo input file     : ac2.lgo
# site pat input file: ../../chrX/boot_chrX/boot39.opf
# free parameters    : 14
# points in DE swarm : 42
# output state file  : b1boot39.state
# Including singleton site patterns.
# cost function      : KL
Initial parameter values
Fixed:
      zero = 0
       one = 1
    Tbecnw = 75200
Free:
       pc1 = 0
       pc2 = 0
       pc3 = 0
       pc4 = 0
       pc5 = 0
       pc6 = 0
       pc7 = 0
       pc8 = 0
       pc9 = 0
      pc10 = 0
      pc11 = 0
      pc12 = 0
      pc13 = 0
      pc14 = 0
Constrained:
   Tgbecnw = 138024
     Tecnw = 27837.9
       Tnw = 25852.1
       Tec = 13260.1
     twoNb = 121179
     twoNe = 4103.57
     twoNn = 87135.6
    twoNec = 93616.3
    twoNnw = 5740.77
  twoNecnw = 67416.5
  twoNbecnw = 21323.4
  twoNgbecnw = 194756
         m = 0.153123
        m3 = 0.187424
        Ta = 37600
        Tc = 12926
DiffEv reached_goal. cost=2.38722e-03 spread=2.98656e-06
Fitted parameter values
Free:
       pc1 = -3.87753
       pc2 = -0.175322
       pc3 = -1.99289
       pc4 = 0.855006
       pc5 = 0.282584
       pc6 = -1.96225
       pc7 = -0.418949
       pc8 = 0.222407
       pc9 = -0.164249
      pc10 = 0.306116
      pc11 = 0.184069
      pc12 = 0.0791113
      pc13 = 0.0126954
      pc14 = -0.00130237
Constrained:
   Tgbecnw = 103857
     Tecnw = 25662.5
       Tnw = 23735.4
       Tec = 12009.6
     twoNb = 201718
     twoNe = 1481.57
     twoNn = 159880
    twoNec = 90615.3
    twoNnw = 5893.28
  twoNecnw = 66035.6
  twoNbecnw = 10658.8
  twoNgbecnw = 221006
         m = 0.131198
        m3 = 0.166026
        Ta = 37600
        Tc = 11867.7
#       SitePat  BranchLen
              b 121922.0646931
              e 46349.9664349
              c 46948.5528246
              n 43327.1684526
              w 45530.5582251
            b:e 1319.8295744
            b:c 1349.6199289
            b:n 1055.0075486
            b:w 1191.6845377
            e:c 11426.8100849
            e:n 5056.8880329
            e:w 3989.8576929
            c:n 4458.3016432
            c:w 4131.6421852
            n:w 12720.7676869
          b:e:c 1442.4844881
          b:e:n 644.4735761
          b:e:w 616.8753551
          b:c:n 614.6832215
          b:c:w 648.3597766
          b:n:w 1429.6171750
          e:c:n 4766.5841722
          e:c:w 3956.8841976
          e:n:w 5359.0651199
          c:n:w 5217.2806276
        b:e:c:n 1290.5198606
        b:e:c:w 1147.7645375
        b:e:n:w 1459.1304314
        b:c:n:w 1427.6460099
        e:c:n:w 48732.6271559
