########################################
# legofit: estimate population history #
#       version 2.3.4-4-g53f8760       #
########################################

# Program was compiled: Sep 21 2021 14:36:42
# Program was run: Fri Sep 24 10:30:47 2021

# cmd: legofit -1 -d 0 -t 32 --ptsPerDim 3 --stateOut b1boot6.state --tol 3e-6 -S 5000 ac2.lgo ../../chrX/boot_chrX/boot6.opf
# Stage nOptItr nSimReps
#     0    5000        0
# algorithm          : deterministic
# ignoring probs <=  : 0
# Branch length floor: 0
# DE strategy        : 2
#    F               : 0.3
#    CR              : 0.8
#    tolerance       : 3e-06
# nthreads           : 32
# lgo input file     : ac2.lgo
# site pat input file: ../../chrX/boot_chrX/boot6.opf
# free parameters    : 14
# points in DE swarm : 42
# output state file  : b1boot6.state
# Including singleton site patterns.
# cost function      : KL
Initial parameter values
Fixed:
      zero = 0
       one = 1
    Tbecnw = 75200
Free:
       pc1 = 0
       pc2 = 0
       pc3 = 0
       pc4 = 0
       pc5 = 0
       pc6 = 0
       pc7 = 0
       pc8 = 0
       pc9 = 0
      pc10 = 0
      pc11 = 0
      pc12 = 0
      pc13 = 0
      pc14 = 0
Constrained:
   Tgbecnw = 138024
     Tecnw = 27837.9
       Tnw = 25852.1
       Tec = 13260.1
     twoNb = 121179
     twoNe = 4103.57
     twoNn = 87135.6
    twoNec = 93616.3
    twoNnw = 5740.77
  twoNecnw = 67416.5
  twoNbecnw = 21323.4
  twoNgbecnw = 194756
         m = 0.153123
        m3 = 0.187424
        Ta = 37600
        Tc = 12926
DiffEv reached_goal. cost=2.15508e-03 spread=2.50734e-06
Fitted parameter values
Free:
       pc1 = -3.31223
       pc2 = 1.57557
       pc3 = -1.53979
       pc4 = -0.834831
       pc5 = -1.77027
       pc6 = -1.88854
       pc7 = -1.83756
       pc8 = 0.0622034
       pc9 = -0.0726629
      pc10 = 0.0996868
      pc11 = 0.0119842
      pc12 = -0.00496496
      pc13 = -0.00663588
      pc14 = 0.00887006
Constrained:
   Tgbecnw = 104503
     Tecnw = 25565.3
       Tnw = 24665.3
       Tec = 12748.7
     twoNb = 298217
     twoNe = 6186.09
     twoNn = 130079
    twoNec = 86608.5
    twoNnw = 2588.16
  twoNecnw = 62273.5
  twoNbecnw = 10643.4
  twoNgbecnw = 241796
         m = 0.110592
        m3 = 0.202531
        Ta = 37600
        Tc = 12332.6
#       SitePat  BranchLen
              b 120151.3677448
              e 45663.0290129
              c 46165.3797946
              n 42515.9569557
              w 44895.8179100
            b:e 1308.9796436
            b:c 1334.5816792
            b:n 1028.3488401
            b:w 1180.3411999
            e:c 11080.6820930
            e:n 5011.1846145
            e:w 3956.9801797
            c:n 4508.8338328
            c:w 4080.3271655
            n:w 12323.8609802
          b:e:c 1411.9312495
          b:e:n 634.5950406
          b:e:w 611.4845340
          b:c:n 608.9930051
          b:c:w 638.4396633
          b:n:w 1399.5911539
          e:c:n 4828.6510839
          e:c:w 3931.5012318
          e:n:w 5406.8877345
          c:n:w 5283.5407486
        b:e:c:n 1270.7210116
        b:e:c:w 1112.3925001
        b:e:n:w 1434.8100575
        b:c:n:w 1407.8549283
        e:c:n:w 47870.6022642
