########################################
# legofit: estimate population history #
#       version 2.3.4-4-g53f8760       #
########################################

# Program was compiled: Sep 21 2021 14:36:42
# Program was run: Fri Sep 24 10:31:07 2021

# cmd: legofit -1 -d 0 -t 32 --ptsPerDim 3 --stateOut b1boot25.state --tol 3e-6 -S 5000 ac2.lgo ../../chrX/boot_chrX/boot25.opf
# Stage nOptItr nSimReps
#     0    5000        0
# algorithm          : deterministic
# ignoring probs <=  : 0
# Branch length floor: 0
# DE strategy        : 2
#    F               : 0.3
#    CR              : 0.8
#    tolerance       : 3e-06
# nthreads           : 32
# lgo input file     : ac2.lgo
# site pat input file: ../../chrX/boot_chrX/boot25.opf
# free parameters    : 14
# points in DE swarm : 42
# output state file  : b1boot25.state
# Including singleton site patterns.
# cost function      : KL
Initial parameter values
Fixed:
      zero = 0
       one = 1
    Tbecnw = 75200
Free:
       pc1 = 0
       pc2 = 0
       pc3 = 0
       pc4 = 0
       pc5 = 0
       pc6 = 0
       pc7 = 0
       pc8 = 0
       pc9 = 0
      pc10 = 0
      pc11 = 0
      pc12 = 0
      pc13 = 0
      pc14 = 0
Constrained:
   Tgbecnw = 138024
     Tecnw = 27837.9
       Tnw = 25852.1
       Tec = 13260.1
     twoNb = 121179
     twoNe = 4103.57
     twoNn = 87135.6
    twoNec = 93616.3
    twoNnw = 5740.77
  twoNecnw = 67416.5
  twoNbecnw = 21323.4
  twoNgbecnw = 194756
         m = 0.153123
        m3 = 0.187424
        Ta = 37600
        Tc = 12926
DiffEv reached_goal. cost=2.42671e-03 spread=2.76310e-06
Fitted parameter values
Free:
       pc1 = -3.69859
       pc2 = 0.819752
       pc3 = -1.97175
       pc4 = -1.06266
       pc5 = -0.767558
       pc6 = -1.87675
       pc7 = -0.494599
       pc8 = -0.735833
       pc9 = 0.0611048
      pc10 = -0.0688732
      pc11 = 0.0977923
      pc12 = -0.00258397
      pc13 = 0.0513862
      pc14 = 0.0238755
Constrained:
   Tgbecnw = 103011
     Tecnw = 25496.6
       Tnw = 23636.6
       Tec = 12114.9
     twoNb = 236489
     twoNe = 4789.45
     twoNn = 74168.6
    twoNec = 86077.9
    twoNnw = 5163.74
  twoNecnw = 66535.8
  twoNbecnw = 10202.9
  twoNgbecnw = 235341
         m = 0.122466
        m3 = 0.195959
        Ta = 37600
        Tc = 11818.3
#       SitePat  BranchLen
              b 121514.6575609
              e 46230.3257506
              c 46692.0735712
              n 42810.8123909
              w 45237.4425255
            b:e 1343.6295284
            b:c 1366.9791396
            b:n 1048.2326334
            b:w 1203.3691239
            e:c 11564.3409698
            e:n 4977.3616377
            e:w 3931.0670102
            c:n 4515.6138171
            c:w 4040.5494092
            n:w 13014.2411758
          b:e:c 1482.7893895
          b:e:n 640.7867801
          b:e:w 620.3155244
          b:c:n 617.4371689
          b:c:w 645.0412909
          b:n:w 1468.2579481
          e:c:n 4784.2495820
          e:c:w 3878.9784828
          e:n:w 5373.5272286
          c:n:w 5264.0448297
        b:e:c:n 1305.7931606
        b:e:c:w 1143.5238038
        b:e:n:w 1481.0562622
        b:c:n:w 1456.3304957
        e:c:n:w 48580.4546996
