########################################
# legofit: estimate population history #
#       version 2.3.4-4-g53f8760       #
########################################

# Program was compiled: Sep 21 2021 14:36:42
# Program was run: Fri Sep 24 10:30:49 2021

# cmd: legofit -1 -d 0 -t 32 --ptsPerDim 3 --stateOut b1boot10.state --tol 3e-6 -S 5000 ac2.lgo ../../chrX/boot_chrX/boot10.opf
# Stage nOptItr nSimReps
#     0    5000        0
# algorithm          : deterministic
# ignoring probs <=  : 0
# Branch length floor: 0
# DE strategy        : 2
#    F               : 0.3
#    CR              : 0.8
#    tolerance       : 3e-06
# nthreads           : 32
# lgo input file     : ac2.lgo
# site pat input file: ../../chrX/boot_chrX/boot10.opf
# free parameters    : 14
# points in DE swarm : 42
# output state file  : b1boot10.state
# Including singleton site patterns.
# cost function      : KL
Initial parameter values
Fixed:
      zero = 0
       one = 1
    Tbecnw = 75200
Free:
       pc1 = 0
       pc2 = 0
       pc3 = 0
       pc4 = 0
       pc5 = 0
       pc6 = 0
       pc7 = 0
       pc8 = 0
       pc9 = 0
      pc10 = 0
      pc11 = 0
      pc12 = 0
      pc13 = 0
      pc14 = 0
Constrained:
   Tgbecnw = 138024
     Tecnw = 27837.9
       Tnw = 25852.1
       Tec = 13260.1
     twoNb = 121179
     twoNe = 4103.57
     twoNn = 87135.6
    twoNec = 93616.3
    twoNnw = 5740.77
  twoNecnw = 67416.5
  twoNbecnw = 21323.4
  twoNgbecnw = 194756
         m = 0.153123
        m3 = 0.187424
        Ta = 37600
        Tc = 12926
DiffEv reached_goal. cost=2.25431e-03 spread=2.71810e-06
Fitted parameter values
Free:
       pc1 = -3.99159
       pc2 = 0.548474
       pc3 = -1.68101
       pc4 = -1.10808
       pc5 = -0.163466
       pc6 = -1.21989
       pc7 = -0.526787
       pc8 = -0.0336183
       pc9 = 0.0923613
      pc10 = -0.249814
      pc11 = 0.0659759
      pc12 = -0.0420561
      pc13 = 0.0707679
      pc14 = -0.0455042
Constrained:
   Tgbecnw = 103455
     Tecnw = 25703.4
       Tnw = 23637.9
       Tec = 12054.5
     twoNb = 147786
     twoNe = 4523.71
     twoNn = 74820.4
    twoNec = 86376.5
    twoNnw = 6248.24
  twoNecnw = 64327.8
  twoNbecnw = 10586.4
  twoNgbecnw = 231550
         m = 0.117187
        m3 = 0.189616
        Ta = 37600
        Tc = 11818.9
#       SitePat  BranchLen
              b 120536.9789234
              e 45965.4674836
              c 46340.5491178
              n 43176.3498924
              w 45470.5335177
            b:e 1357.4288701
            b:c 1376.8483862
            b:n 1098.1956236
            b:w 1249.5640295
            e:c 11543.1291504
            e:n 4954.1218577
            e:w 4008.8424111
            c:n 4579.0402235
            c:w 4098.6710993
            n:w 12562.9159368
          b:e:c 1491.1611244
          b:e:n 660.9270876
          b:e:w 644.2847618
          b:c:n 641.5075715
          b:c:w 664.8000110
          b:n:w 1479.3112534
          e:c:n 4907.0227096
          e:c:w 4038.4876550
          e:n:w 5327.4493357
          c:n:w 5237.6206475
        b:e:c:n 1351.5985332
        b:e:c:w 1193.5800138
        b:e:n:w 1487.9555707
        b:c:n:w 1467.4403215
        e:c:n:w 47770.1255170
