########################################
# legofit: estimate population history #
#       version 2.3.4-4-g53f8760       #
########################################

# Program was compiled: Sep 21 2021 14:36:42
# Program was run: Fri Sep 24 10:30:47 2021

# cmd: legofit -1 -d 0 -t 32 --ptsPerDim 3 --stateOut b1boot8.state --tol 3e-6 -S 5000 ac2.lgo ../../chrX/boot_chrX/boot8.opf
# Stage nOptItr nSimReps
#     0    5000        0
# algorithm          : deterministic
# ignoring probs <=  : 0
# Branch length floor: 0
# DE strategy        : 2
#    F               : 0.3
#    CR              : 0.8
#    tolerance       : 3e-06
# nthreads           : 32
# lgo input file     : ac2.lgo
# site pat input file: ../../chrX/boot_chrX/boot8.opf
# free parameters    : 14
# points in DE swarm : 42
# output state file  : b1boot8.state
# Including singleton site patterns.
# cost function      : KL
Initial parameter values
Fixed:
      zero = 0
       one = 1
    Tbecnw = 75200
Free:
       pc1 = 0
       pc2 = 0
       pc3 = 0
       pc4 = 0
       pc5 = 0
       pc6 = 0
       pc7 = 0
       pc8 = 0
       pc9 = 0
      pc10 = 0
      pc11 = 0
      pc12 = 0
      pc13 = 0
      pc14 = 0
Constrained:
   Tgbecnw = 138024
     Tecnw = 27837.9
       Tnw = 25852.1
       Tec = 13260.1
     twoNb = 121179
     twoNe = 4103.57
     twoNn = 87135.6
    twoNec = 93616.3
    twoNnw = 5740.77
  twoNecnw = 67416.5
  twoNbecnw = 21323.4
  twoNgbecnw = 194756
         m = 0.153123
        m3 = 0.187424
        Ta = 37600
        Tc = 12926
DiffEv reached_goal. cost=2.38010e-03 spread=2.75712e-06
Fitted parameter values
Free:
       pc1 = -3.05988
       pc2 = 0.976218
       pc3 = -1.93879
       pc4 = -0.950102
       pc5 = 0.863313
       pc6 = -1.64378
       pc7 = -0.465422
       pc8 = -0.387161
       pc9 = 0.00142007
      pc10 = 0.198585
      pc11 = 0.0722633
      pc12 = -0.00104282
      pc13 = -0.0438964
      pc14 = 0.0211523
Constrained:
   Tgbecnw = 105086
     Tecnw = 25651.5
       Tnw = 24373.2
       Tec = 12340.4
     twoNb = 117475
     twoNe = 1941.23
     twoNn = 75744.4
    twoNec = 86239
    twoNnw = 3647.94
  twoNecnw = 67404.7
  twoNbecnw = 11348.2
  twoNgbecnw = 221393
         m = 0.128774
        m3 = 0.193023
        Ta = 37600
        Tc = 12186.6
#       SitePat  BranchLen
              b 122317.3215363
              e 46623.1651122
              c 47204.3430798
              n 43355.2640063
              w 45870.9225211
            b:e 1417.0982692
            b:c 1448.0329088
            b:n 1114.8835829
            b:w 1282.4028506
            e:c 11659.2398609
            e:n 5159.3406516
            e:w 4011.2303788
            c:n 4578.1626841
            c:w 4150.8222874
            n:w 12996.4712636
          b:e:c 1558.6222350
          b:e:n 686.4514729
          b:e:w 658.4314699
          b:c:n 655.5168333
          b:c:w 691.1761374
          b:n:w 1543.8538785
          e:c:n 4917.8720029
          e:c:w 3977.6641576
          e:n:w 5480.9934641
          c:n:w 5341.4015555
        b:e:c:n 1390.7160559
        b:e:c:w 1215.5574871
        b:e:n:w 1568.1998341
        b:c:n:w 1535.4551666
        e:c:n:w 48759.1372662
