########################################
# legofit: estimate population history #
#       version 2.3.4-4-g53f8760       #
########################################

# Program was compiled: Sep 21 2021 14:36:42
# Program was run: Fri Sep 24 10:31:00 2021

# cmd: legofit -1 -d 0 -t 32 --ptsPerDim 3 --stateOut b1boot19.state --tol 3e-6 -S 5000 ac2.lgo ../../chrX/boot_chrX/boot19.opf
# Stage nOptItr nSimReps
#     0    5000        0
# algorithm          : deterministic
# ignoring probs <=  : 0
# Branch length floor: 0
# DE strategy        : 2
#    F               : 0.3
#    CR              : 0.8
#    tolerance       : 3e-06
# nthreads           : 32
# lgo input file     : ac2.lgo
# site pat input file: ../../chrX/boot_chrX/boot19.opf
# free parameters    : 14
# points in DE swarm : 42
# output state file  : b1boot19.state
# Including singleton site patterns.
# cost function      : KL
Initial parameter values
Fixed:
      zero = 0
       one = 1
    Tbecnw = 75200
Free:
       pc1 = 0
       pc2 = 0
       pc3 = 0
       pc4 = 0
       pc5 = 0
       pc6 = 0
       pc7 = 0
       pc8 = 0
       pc9 = 0
      pc10 = 0
      pc11 = 0
      pc12 = 0
      pc13 = 0
      pc14 = 0
Constrained:
   Tgbecnw = 138024
     Tecnw = 27837.9
       Tnw = 25852.1
       Tec = 13260.1
     twoNb = 121179
     twoNe = 4103.57
     twoNn = 87135.6
    twoNec = 93616.3
    twoNnw = 5740.77
  twoNecnw = 67416.5
  twoNbecnw = 21323.4
  twoNgbecnw = 194756
         m = 0.153123
        m3 = 0.187424
        Ta = 37600
        Tc = 12926
DiffEv reached_goal. cost=2.29272e-03 spread=2.43454e-06
Fitted parameter values
Free:
       pc1 = -3.60271
       pc2 = 0.837339
       pc3 = -1.97489
       pc4 = -0.208701
       pc5 = -0.780972
       pc6 = -1.88989
       pc7 = -1.98067
       pc8 = -1.16809
       pc9 = 0.526766
      pc10 = -0.484743
      pc11 = 0.259315
      pc12 = -0.104136
      pc13 = 0.0441627
      pc14 = 0.079501
Constrained:
   Tgbecnw = 104118
     Tecnw = 25869.8
       Tnw = 23717.8
       Tec = 12166.4
     twoNb = 263886
     twoNe = 4058.48
     twoNn = 195318
    twoNec = 83298.2
    twoNnw = 5656.07
  twoNecnw = 65929.4
  twoNbecnw = 10364.3
  twoNgbecnw = 242641
         m = 0.113865
        m3 = 0.205448
        Ta = 37600
        Tc = 11858.9
#       SitePat  BranchLen
              b 120288.2554400
              e 46015.5990523
              c 46600.4737262
              n 42528.8542950
              w 45261.7849739
            b:e 1314.8974718
            b:c 1343.9552364
            b:n 1015.7313368
            b:w 1188.3499478
            e:c 11709.4711768
            e:n 5012.4447957
            e:w 3797.9142748
            c:n 4427.5701218
            c:w 3934.8280942
            n:w 13156.9548132
          b:e:c 1477.9664413
          b:e:n 623.5638456
          b:e:w 597.5206363
          b:c:n 594.5060811
          b:c:w 628.2708903
          b:n:w 1463.5558593
          e:c:n 4814.8297273
          e:c:w 3789.1715969
          e:n:w 5335.6906901
          c:n:w 5198.7768707
        b:e:c:n 1286.8463786
        b:e:c:w 1106.5061676
        b:e:n:w 1453.8476940
        b:c:n:w 1423.0974400
        e:c:n:w 47470.6009177
