########################################
# legofit: estimate population history #
#       version 2.3.4-4-g53f8760       #
########################################

# Program was compiled: Sep 21 2021 14:36:42
# Program was run: Fri Sep 24 10:31:00 2021

# cmd: legofit -1 -d 0 -t 32 --ptsPerDim 3 --stateOut b1boot21.state --tol 3e-6 -S 5000 ac2.lgo ../../chrX/boot_chrX/boot21.opf
# Stage nOptItr nSimReps
#     0    5000        0
# algorithm          : deterministic
# ignoring probs <=  : 0
# Branch length floor: 0
# DE strategy        : 2
#    F               : 0.3
#    CR              : 0.8
#    tolerance       : 3e-06
# nthreads           : 32
# lgo input file     : ac2.lgo
# site pat input file: ../../chrX/boot_chrX/boot21.opf
# free parameters    : 14
# points in DE swarm : 42
# output state file  : b1boot21.state
# Including singleton site patterns.
# cost function      : KL
Initial parameter values
Fixed:
      zero = 0
       one = 1
    Tbecnw = 75200
Free:
       pc1 = 0
       pc2 = 0
       pc3 = 0
       pc4 = 0
       pc5 = 0
       pc6 = 0
       pc7 = 0
       pc8 = 0
       pc9 = 0
      pc10 = 0
      pc11 = 0
      pc12 = 0
      pc13 = 0
      pc14 = 0
Constrained:
   Tgbecnw = 138024
     Tecnw = 27837.9
       Tnw = 25852.1
       Tec = 13260.1
     twoNb = 121179
     twoNe = 4103.57
     twoNn = 87135.6
    twoNec = 93616.3
    twoNnw = 5740.77
  twoNecnw = 67416.5
  twoNbecnw = 21323.4
  twoNgbecnw = 194756
         m = 0.153123
        m3 = 0.187424
        Ta = 37600
        Tc = 12926
DiffEv reached_goal. cost=2.35097e-03 spread=2.69689e-06
Fitted parameter values
Free:
       pc1 = -3.51408
       pc2 = 1.82165
       pc3 = -1.95874
       pc4 = -0.959159
       pc5 = 0.116841
       pc6 = -1.93844
       pc7 = -1.93642
       pc8 = -0.498928
       pc9 = 0.179613
      pc10 = -0.10128
      pc11 = 0.0713321
      pc12 = 0.0014996
      pc13 = -0.01854
      pc14 = 0.0250659
Constrained:
   Tgbecnw = 101380
     Tecnw = 25419.2
       Tnw = 24564.6
       Tec = 12471.8
     twoNb = 181125
     twoNe = 2886.89
     twoNn = 140309
    twoNec = 82264.9
    twoNnw = 2288.25
  twoNecnw = 64652.5
  twoNbecnw = 9480.25
  twoNgbecnw = 246699
         m = 0.110783
        m3 = 0.207566
        Ta = 37600
        Tc = 12282.3
#       SitePat  BranchLen
              b 119600.0344358
              e 45659.9766237
              c 46164.1445109
              n 42285.3615663
              w 44848.3171210
            b:e 1307.8790063
            b:c 1333.3236487
            b:n 1010.6922477
            b:w 1173.7337328
            e:c 11416.2296085
            e:n 4959.6989576
            e:w 3848.8918981
            c:n 4455.5310704
            c:w 3970.1927011
            n:w 12767.4438898
          b:e:c 1447.8221397
          b:e:n 622.2252980
          b:e:w 599.7281729
          b:c:n 596.7806555
          b:c:w 626.6533095
          b:n:w 1433.4778734
          e:c:n 4781.1327648
          e:c:w 3814.3226389
          e:n:w 5352.3850457
          c:n:w 5231.0842427
        b:e:c:n 1271.6924047
        b:e:c:w 1101.2753907
        b:e:n:w 1442.6790695
        b:c:n:w 1415.7539329
        e:c:n:w 47357.8122993
