########################################
# legofit: estimate population history #
#       version 2.3.4-4-g53f8760       #
########################################

# Program was compiled: Sep 21 2021 14:36:42
# Program was run: Fri Sep 24 10:30:47 2021

# cmd: legofit -1 -d 0 -t 32 --ptsPerDim 3 --stateOut b1boot5.state --tol 3e-6 -S 5000 ac2.lgo ../../chrX/boot_chrX/boot5.opf
# Stage nOptItr nSimReps
#     0    5000        0
# algorithm          : deterministic
# ignoring probs <=  : 0
# Branch length floor: 0
# DE strategy        : 2
#    F               : 0.3
#    CR              : 0.8
#    tolerance       : 3e-06
# nthreads           : 32
# lgo input file     : ac2.lgo
# site pat input file: ../../chrX/boot_chrX/boot5.opf
# free parameters    : 14
# points in DE swarm : 42
# output state file  : b1boot5.state
# Including singleton site patterns.
# cost function      : KL
Initial parameter values
Fixed:
      zero = 0
       one = 1
    Tbecnw = 75200
Free:
       pc1 = 0
       pc2 = 0
       pc3 = 0
       pc4 = 0
       pc5 = 0
       pc6 = 0
       pc7 = 0
       pc8 = 0
       pc9 = 0
      pc10 = 0
      pc11 = 0
      pc12 = 0
      pc13 = 0
      pc14 = 0
Constrained:
   Tgbecnw = 138024
     Tecnw = 27837.9
       Tnw = 25852.1
       Tec = 13260.1
     twoNb = 121179
     twoNe = 4103.57
     twoNn = 87135.6
    twoNec = 93616.3
    twoNnw = 5740.77
  twoNecnw = 67416.5
  twoNbecnw = 21323.4
  twoNgbecnw = 194756
         m = 0.153123
        m3 = 0.187424
        Ta = 37600
        Tc = 12926
DiffEv reached_goal. cost=2.34172e-03 spread=2.94215e-06
Fitted parameter values
Free:
       pc1 = -3.91386
       pc2 = 0.363627
       pc3 = -1.98473
       pc4 = 0.554096
       pc5 = -0.338935
       pc6 = -1.85057
       pc7 = -1.5489
       pc8 = -0.252327
       pc9 = 0.501778
      pc10 = -0.271291
      pc11 = 0.235699
      pc12 = -0.0775233
      pc13 = -0.0460183
      pc14 = 0.0393823
Constrained:
   Tgbecnw = 103815
     Tecnw = 25738
       Tnw = 23636
       Tec = 12105.9
     twoNb = 236975
     twoNe = 2821.63
     twoNn = 207716
    twoNec = 85366.4
    twoNnw = 6191.72
  twoNecnw = 64726.6
  twoNbecnw = 10590.4
  twoNgbecnw = 223708
         m = 0.114892
        m3 = 0.185282
        Ta = 37600
        Tc = 11818
#       SitePat  BranchLen
              b 118579.0995058
              e 45737.4595314
              c 46436.8542270
              n 42810.6439518
              w 45371.9275787
            b:e 1296.9054368
            b:c 1331.6675445
            b:n 1037.6231559
            b:w 1197.4650655
            e:c 11500.4799834
            e:n 5131.8205119
            e:w 3896.9234904
            c:n 4432.4258163
            c:w 4062.5915087
            n:w 12656.1149509
          b:e:c 1436.9207393
          b:e:n 637.0319902
          b:e:w 604.7426483
          b:c:n 602.2698825
          b:c:w 641.4481766
          b:n:w 1424.8979929
          e:c:n 4874.9728116
          e:c:w 3918.4205138
          e:n:w 5319.7668183
          c:n:w 5154.0988001
        b:e:c:n 1293.5615985
        b:e:c:w 1126.8307367
        b:e:n:w 1437.3140581
        b:c:n:w 1400.6085297
        e:c:n:w 45835.2361926
