########################################
# legofit: estimate population history #
#       version 2.3.4-4-g53f8760       #
########################################

# Program was compiled: Sep 21 2021 14:36:42
# Program was run: Fri Sep 24 10:31:13 2021

# cmd: legofit -1 -d 0 -t 32 --ptsPerDim 3 --stateOut b1boot30.state --tol 3e-6 -S 5000 ac2.lgo ../../chrX/boot_chrX/boot30.opf
# Stage nOptItr nSimReps
#     0    5000        0
# algorithm          : deterministic
# ignoring probs <=  : 0
# Branch length floor: 0
# DE strategy        : 2
#    F               : 0.3
#    CR              : 0.8
#    tolerance       : 3e-06
# nthreads           : 32
# lgo input file     : ac2.lgo
# site pat input file: ../../chrX/boot_chrX/boot30.opf
# free parameters    : 14
# points in DE swarm : 42
# output state file  : b1boot30.state
# Including singleton site patterns.
# cost function      : KL
Initial parameter values
Fixed:
      zero = 0
       one = 1
    Tbecnw = 75200
Free:
       pc1 = 0
       pc2 = 0
       pc3 = 0
       pc4 = 0
       pc5 = 0
       pc6 = 0
       pc7 = 0
       pc8 = 0
       pc9 = 0
      pc10 = 0
      pc11 = 0
      pc12 = 0
      pc13 = 0
      pc14 = 0
Constrained:
   Tgbecnw = 138024
     Tecnw = 27837.9
       Tnw = 25852.1
       Tec = 13260.1
     twoNb = 121179
     twoNe = 4103.57
     twoNn = 87135.6
    twoNec = 93616.3
    twoNnw = 5740.77
  twoNecnw = 67416.5
  twoNbecnw = 21323.4
  twoNgbecnw = 194756
         m = 0.153123
        m3 = 0.187424
        Ta = 37600
        Tc = 12926
DiffEv reached_goal. cost=2.39109e-03 spread=2.62328e-06
Fitted parameter values
Free:
       pc1 = -3.5437
       pc2 = 1.93711
       pc3 = -1.87408
       pc4 = 0.198202
       pc5 = -0.840487
       pc6 = -1.87074
       pc7 = -1.97359
       pc8 = -0.226858
       pc9 = 0.14131
      pc10 = -0.422698
      pc11 = 0.0936243
      pc12 = -0.03432
      pc13 = 0.0340009
      pc14 = 0.00957217
Constrained:
   Tgbecnw = 105371
     Tecnw = 25580.6
       Tnw = 24658.5
       Tec = 12619.5
     twoNb = 264408
     twoNe = 4189.71
     twoNn = 190908
    twoNec = 80955.5
    twoNnw = 2593.86
  twoNecnw = 63690.3
  twoNbecnw = 10489.9
  twoNgbecnw = 259297
         m = 0.107592
        m3 = 0.194365
        Ta = 37600
        Tc = 12329.2
#       SitePat  BranchLen
              b 120791.3892356
              e 45577.1689939
              c 46071.9990957
              n 42547.8095648
              w 44986.3844931
            b:e 1272.8451489
            b:c 1297.3417398
            b:n 1003.6241474
            b:w 1156.1084457
            e:c 11444.3836878
            e:n 4926.9412146
            e:w 3863.6221677
            c:n 4432.1111129
            c:w 3982.9922148
            n:w 12593.3604588
          b:e:c 1410.3259960
          b:e:n 609.9018704
          b:e:w 587.9502397
          b:c:n 585.4052794
          b:c:w 613.7795883
          b:n:w 1398.2237607
          e:c:n 4805.7358253
          e:c:w 3879.5988419
          e:n:w 5310.8626021
          c:n:w 5191.4925549
        b:e:c:n 1246.4386498
        b:e:c:w 1087.5316733
        b:e:n:w 1397.2292190
        b:c:n:w 1371.3998704
        e:c:n:w 48408.9587340
