########################################
# legofit: estimate population history #
#       version 2.3.4-4-g53f8760       #
########################################

# Program was compiled: Sep 21 2021 14:36:42
# Program was run: Fri Sep 24 10:30:40 2021

# cmd: legofit -1 -d 0 -t 32 --ptsPerDim 3 --stateOut b1boot3.state --tol 3e-6 -S 5000 ac2.lgo ../../chrX/boot_chrX/boot3.opf
# Stage nOptItr nSimReps
#     0    5000        0
# algorithm          : deterministic
# ignoring probs <=  : 0
# Branch length floor: 0
# DE strategy        : 2
#    F               : 0.3
#    CR              : 0.8
#    tolerance       : 3e-06
# nthreads           : 32
# lgo input file     : ac2.lgo
# site pat input file: ../../chrX/boot_chrX/boot3.opf
# free parameters    : 14
# points in DE swarm : 42
# output state file  : b1boot3.state
# Including singleton site patterns.
# cost function      : KL
Initial parameter values
Fixed:
      zero = 0
       one = 1
    Tbecnw = 75200
Free:
       pc1 = 0
       pc2 = 0
       pc3 = 0
       pc4 = 0
       pc5 = 0
       pc6 = 0
       pc7 = 0
       pc8 = 0
       pc9 = 0
      pc10 = 0
      pc11 = 0
      pc12 = 0
      pc13 = 0
      pc14 = 0
Constrained:
   Tgbecnw = 138024
     Tecnw = 27837.9
       Tnw = 25852.1
       Tec = 13260.1
     twoNb = 121179
     twoNe = 4103.57
     twoNn = 87135.6
    twoNec = 93616.3
    twoNnw = 5740.77
  twoNecnw = 67416.5
  twoNbecnw = 21323.4
  twoNgbecnw = 194756
         m = 0.153123
        m3 = 0.187424
        Ta = 37600
        Tc = 12926
DiffEv reached_goal. cost=2.39591e-03 spread=2.75256e-06
Fitted parameter values
Free:
       pc1 = -3.36191
       pc2 = 0.779078
       pc3 = -1.99266
       pc4 = -1.2767
       pc5 = 1.11999
       pc6 = -1.72825
       pc7 = -1.7973
       pc8 = -0.0655954
       pc9 = 0.247129
      pc10 = -0.0287057
      pc11 = 0.187926
      pc12 = 0.0923073
      pc13 = -0.00311773
      pc14 = 0.0258538
Constrained:
   Tgbecnw = 99206.9
     Tecnw = 25874
       Tnw = 24427.1
       Tec = 12309.4
     twoNb = 91682.5
     twoNe = 1236.58
     twoNn = 127649
    twoNec = 85737.5
    twoNnw = 4062.69
  twoNecnw = 64512.5
  twoNbecnw = 9309.95
  twoNgbecnw = 211982
         m = 0.129792
        m3 = 0.205071
        Ta = 37600
        Tc = 12213.6
#       SitePat  BranchLen
              b 119647.8240951
              e 45859.3389084
              c 46450.4114852
              n 42765.8789641
              w 45405.1003973
            b:e 1308.4345613
            b:c 1338.1681731
            b:n 1030.8327018
            b:w 1198.3668146
            e:c 11392.6485509
            e:n 5061.9552248
            e:w 3870.4569248
            c:n 4470.8826481
            c:w 4010.7547512
            n:w 12575.8204594
          b:e:c 1446.0752842
          b:e:n 636.3601633
          b:e:w 609.5645233
          b:c:n 606.6265516
          b:c:w 641.0432758
          b:n:w 1432.7201026
          e:c:n 4843.4776395
          e:c:w 3855.8824033
          e:n:w 5306.0425422
          c:n:w 5165.7447158
        b:e:c:n 1299.1565412
        b:e:c:w 1124.0013442
        b:e:n:w 1449.3751095
        b:c:n:w 1417.8963570
        e:c:n:w 47123.6758777
