########################################
# legofit: estimate population history #
#       version 2.3.4-4-g53f8760       #
########################################

# Program was compiled: Sep 21 2021 14:36:42
# Program was run: Fri Sep 24 10:30:40 2021

# cmd: legofit -1 -d 0 -t 32 --ptsPerDim 3 --stateOut b1boot0.state --tol 3e-6 -S 5000 ac2.lgo ../../chrX/boot_chrX/boot0.opf
# Stage nOptItr nSimReps
#     0    5000        0
# algorithm          : deterministic
# ignoring probs <=  : 0
# Branch length floor: 0
# DE strategy        : 2
#    F               : 0.3
#    CR              : 0.8
#    tolerance       : 3e-06
# nthreads           : 32
# lgo input file     : ac2.lgo
# site pat input file: ../../chrX/boot_chrX/boot0.opf
# free parameters    : 14
# points in DE swarm : 42
# output state file  : b1boot0.state
# Including singleton site patterns.
# cost function      : KL
Initial parameter values
Fixed:
      zero = 0
       one = 1
    Tbecnw = 75200
Free:
       pc1 = 0
       pc2 = 0
       pc3 = 0
       pc4 = 0
       pc5 = 0
       pc6 = 0
       pc7 = 0
       pc8 = 0
       pc9 = 0
      pc10 = 0
      pc11 = 0
      pc12 = 0
      pc13 = 0
      pc14 = 0
Constrained:
   Tgbecnw = 138024
     Tecnw = 27837.9
       Tnw = 25852.1
       Tec = 13260.1
     twoNb = 121179
     twoNe = 4103.57
     twoNn = 87135.6
    twoNec = 93616.3
    twoNnw = 5740.77
  twoNecnw = 67416.5
  twoNbecnw = 21323.4
  twoNgbecnw = 194756
         m = 0.153123
        m3 = 0.187424
        Ta = 37600
        Tc = 12926
DiffEv reached_goal. cost=2.32377e-03 spread=2.84692e-06
Fitted parameter values
Free:
       pc1 = -3.93349
       pc2 = 0.577566
       pc3 = -1.95945
       pc4 = -0.821907
       pc5 = 0.892899
       pc6 = -1.40807
       pc7 = -0.630002
       pc8 = 0.188888
       pc9 = -0.133695
      pc10 = 0.270269
      pc11 = 0.104981
      pc12 = 0.0626317
      pc13 = -0.000597404
      pc14 = 0.0365119
Constrained:
   Tgbecnw = 100715
     Tecnw = 25498.9
       Tnw = 23884.5
       Tec = 12137.2
     twoNb = 89371.3
     twoNe = 2221.26
     twoNn = 92986.1
    twoNec = 88017.9
    twoNnw = 4567.48
  twoNecnw = 65161.8
  twoNbecnw = 9670.85
  twoNgbecnw = 225323
         m = 0.121888
        m3 = 0.184728
        Ta = 37600
        Tc = 11942.3
#       SitePat  BranchLen
              b 119983.1117632
              e 45989.7224707
              c 46594.8634512
              n 42624.3380717
              w 45013.6350040
            b:e 1345.8873062
            b:c 1376.8253459
            b:n 1049.1147089
            b:w 1201.7387731
            e:c 11397.0336579
            e:n 5039.4801577
            e:w 3913.2057063
            c:n 4434.3391772
            c:w 4057.9563745
            n:w 12852.7663688
          b:e:c 1479.2675020
          b:e:n 647.5363298
          b:e:w 619.1897633
          b:c:n 616.5982901
          b:c:w 651.9432816
          b:n:w 1464.4440290
          e:c:n 4766.8517780
          e:c:w 3880.2120997
          e:n:w 5413.4809851
          c:n:w 5268.7303169
        b:e:c:n 1303.8916171
        b:e:c:w 1144.2691279
        b:e:n:w 1491.2101898
        b:c:n:w 1458.4566714
        e:c:n:w 47402.2460077
