########################################
# legofit: estimate population history #
#       version 2.3.4-4-g53f8760       #
########################################

# Program was compiled: Sep 21 2021 14:36:42
# Program was run: Fri Sep 24 10:31:13 2021

# cmd: legofit -1 -d 0 -t 32 --ptsPerDim 3 --stateOut b1boot32.state --tol 3e-6 -S 5000 ac2.lgo ../../chrX/boot_chrX/boot32.opf
# Stage nOptItr nSimReps
#     0    5000        0
# algorithm          : deterministic
# ignoring probs <=  : 0
# Branch length floor: 0
# DE strategy        : 2
#    F               : 0.3
#    CR              : 0.8
#    tolerance       : 3e-06
# nthreads           : 32
# lgo input file     : ac2.lgo
# site pat input file: ../../chrX/boot_chrX/boot32.opf
# free parameters    : 14
# points in DE swarm : 42
# output state file  : b1boot32.state
# Including singleton site patterns.
# cost function      : KL
Initial parameter values
Fixed:
      zero = 0
       one = 1
    Tbecnw = 75200
Free:
       pc1 = 0
       pc2 = 0
       pc3 = 0
       pc4 = 0
       pc5 = 0
       pc6 = 0
       pc7 = 0
       pc8 = 0
       pc9 = 0
      pc10 = 0
      pc11 = 0
      pc12 = 0
      pc13 = 0
      pc14 = 0
Constrained:
   Tgbecnw = 138024
     Tecnw = 27837.9
       Tnw = 25852.1
       Tec = 13260.1
     twoNb = 121179
     twoNe = 4103.57
     twoNn = 87135.6
    twoNec = 93616.3
    twoNnw = 5740.77
  twoNecnw = 67416.5
  twoNbecnw = 21323.4
  twoNgbecnw = 194756
         m = 0.153123
        m3 = 0.187424
        Ta = 37600
        Tc = 12926
DiffEv reached_goal. cost=2.31548e-03 spread=2.66722e-06
Fitted parameter values
Free:
       pc1 = -3.97009
       pc2 = 1.26519
       pc3 = -1.93782
       pc4 = 0.567968
       pc5 = 0.835603
       pc6 = -1.05936
       pc7 = -0.651375
       pc8 = 0.81518
       pc9 = -0.412846
      pc10 = -0.0281394
      pc11 = 0.207998
      pc12 = 0.00138565
      pc13 = 0.0982958
      pc14 = -0.013648
Constrained:
   Tgbecnw = 104353
     Tecnw = 25640.2
       Tnw = 24525.2
       Tec = 12458.1
     twoNb = 97167.8
     twoNe = 2387.4
     twoNn = 148412
    twoNec = 84713.8
    twoNnw = 3321.56
  twoNecnw = 64179
  twoNbecnw = 10400.5
  twoNgbecnw = 250605
         m = 0.110328
        m3 = 0.164879
        Ta = 37600
        Tc = 12262.6
#       SitePat  BranchLen
              b 120610.4332859
              e 45942.7090328
              c 46441.4897999
              n 43014.9719221
              w 45128.4944833
            b:e 1313.8961265
            b:c 1339.1128682
            b:n 1046.1916326
            b:w 1180.2091914
            e:c 11459.5955185
            e:n 4889.2972312
            e:w 3919.8474599
            c:n 4390.5164640
            c:w 4039.8820780
            n:w 12642.3591520
          b:e:c 1450.8802314
          b:e:n 631.1741312
          b:e:w 608.1649466
          b:c:n 605.9573895
          b:c:w 634.7905315
          b:n:w 1438.1313099
          e:c:n 4738.0121138
          e:c:w 3944.5737099
          e:n:w 5338.9128011
          c:n:w 5218.8781830
        b:e:c:n 1276.1300994
        b:e:c:w 1136.2885832
        b:e:n:w 1445.5751406
        b:c:n:w 1418.9495557
        e:c:n:w 48040.8278976
