########################################
# legofit: estimate population history #
#       version 2.3.4-4-g53f8760       #
########################################

# Program was compiled: Sep 21 2021 14:36:42
# Program was run: Fri Sep 24 10:31:00 2021

# cmd: legofit -1 -d 0 -t 32 --ptsPerDim 3 --stateOut b1boot18.state --tol 3e-6 -S 5000 ac2.lgo ../../chrX/boot_chrX/boot18.opf
# Stage nOptItr nSimReps
#     0    5000        0
# algorithm          : deterministic
# ignoring probs <=  : 0
# Branch length floor: 0
# DE strategy        : 2
#    F               : 0.3
#    CR              : 0.8
#    tolerance       : 3e-06
# nthreads           : 32
# lgo input file     : ac2.lgo
# site pat input file: ../../chrX/boot_chrX/boot18.opf
# free parameters    : 14
# points in DE swarm : 42
# output state file  : b1boot18.state
# Including singleton site patterns.
# cost function      : KL
Initial parameter values
Fixed:
      zero = 0
       one = 1
    Tbecnw = 75200
Free:
       pc1 = 0
       pc2 = 0
       pc3 = 0
       pc4 = 0
       pc5 = 0
       pc6 = 0
       pc7 = 0
       pc8 = 0
       pc9 = 0
      pc10 = 0
      pc11 = 0
      pc12 = 0
      pc13 = 0
      pc14 = 0
Constrained:
   Tgbecnw = 138024
     Tecnw = 27837.9
       Tnw = 25852.1
       Tec = 13260.1
     twoNb = 121179
     twoNe = 4103.57
     twoNn = 87135.6
    twoNec = 93616.3
    twoNnw = 5740.77
  twoNecnw = 67416.5
  twoNbecnw = 21323.4
  twoNgbecnw = 194756
         m = 0.153123
        m3 = 0.187424
        Ta = 37600
        Tc = 12926
DiffEv reached_goal. cost=2.41493e-03 spread=2.37711e-06
Fitted parameter values
Free:
       pc1 = -1.98697
       pc2 = 1.57436
       pc3 = -1.51748
       pc4 = -1.26328
       pc5 = -0.589823
       pc6 = -1.9118
       pc7 = -1.98827
       pc8 = -0.268843
       pc9 = -0.0440811
      pc10 = 0.319877
      pc11 = 0.162436
      pc12 = 0.0296532
      pc13 = -0.120799
      pc14 = 0.0258157
Constrained:
   Tgbecnw = 107657
     Tecnw = 26074.4
       Tnw = 25529
       Tec = 13111.8
     twoNb = 225223
     twoNe = 3885.22
     twoNn = 118056
    twoNec = 87588.4
    twoNnw = 1527.29
  twoNecnw = 64811.1
  twoNbecnw = 12040.2
  twoNgbecnw = 218474
         m = 0.12762
        m3 = 0.214611
        Ta = 37600
        Tc = 12764.5
#       SitePat  BranchLen
              b 122048.1218196
              e 46518.3263805
              c 47231.3193927
              n 43220.5812545
              w 45951.7891424
            b:e 1346.4613595
            b:c 1383.2902753
            b:n 1048.9743293
            b:w 1224.1821892
            e:c 11196.3088998
            e:n 5271.4290737
            e:w 3971.3191272
            c:n 4558.4360616
            c:w 4144.7183602
            n:w 12506.2978998
          b:e:c 1453.3005778
          b:e:n 660.5133931
          b:e:w 626.3760453
          b:c:n 623.6844773
          b:c:w 665.1695005
          b:n:w 1440.1235012
          e:c:n 4921.3337848
          e:c:w 3903.9535448
          e:n:w 5477.9919694
          c:n:w 5304.5927364
        b:e:c:n 1318.0617767
        b:e:c:w 1135.5062414
        b:e:n:w 1487.6553712
        b:c:n:w 1448.8619161
        e:c:n:w 48621.7452282
