########################################
# legofit: estimate population history #
#       version 2.3.4-4-g53f8760       #
########################################

# Program was compiled: Sep 21 2021 14:36:42
# Program was run: Fri Sep 24 10:31:00 2021

# cmd: legofit -1 -d 0 -t 32 --ptsPerDim 3 --stateOut b1boot20.state --tol 3e-6 -S 5000 ac2.lgo ../../chrX/boot_chrX/boot20.opf
# Stage nOptItr nSimReps
#     0    5000        0
# algorithm          : deterministic
# ignoring probs <=  : 0
# Branch length floor: 0
# DE strategy        : 2
#    F               : 0.3
#    CR              : 0.8
#    tolerance       : 3e-06
# nthreads           : 32
# lgo input file     : ac2.lgo
# site pat input file: ../../chrX/boot_chrX/boot20.opf
# free parameters    : 14
# points in DE swarm : 42
# output state file  : b1boot20.state
# Including singleton site patterns.
# cost function      : KL
Initial parameter values
Fixed:
      zero = 0
       one = 1
    Tbecnw = 75200
Free:
       pc1 = 0
       pc2 = 0
       pc3 = 0
       pc4 = 0
       pc5 = 0
       pc6 = 0
       pc7 = 0
       pc8 = 0
       pc9 = 0
      pc10 = 0
      pc11 = 0
      pc12 = 0
      pc13 = 0
      pc14 = 0
Constrained:
   Tgbecnw = 138024
     Tecnw = 27837.9
       Tnw = 25852.1
       Tec = 13260.1
     twoNb = 121179
     twoNe = 4103.57
     twoNn = 87135.6
    twoNec = 93616.3
    twoNnw = 5740.77
  twoNecnw = 67416.5
  twoNbecnw = 21323.4
  twoNgbecnw = 194756
         m = 0.153123
        m3 = 0.187424
        Ta = 37600
        Tc = 12926
DiffEv reached_goal. cost=2.40507e-03 spread=2.98745e-06
Fitted parameter values
Free:
       pc1 = -3.72271
       pc2 = 1.4193
       pc3 = -1.95771
       pc4 = -0.339031
       pc5 = 0.188577
       pc6 = -0.5021
       pc7 = -1.92265
       pc8 = -0.396714
       pc9 = -0.145126
      pc10 = 0.382051
      pc11 = -0.00978158
      pc12 = -0.0519577
      pc13 = 0.0268768
      pc14 = 0.00902626
Constrained:
   Tgbecnw = 105376
     Tecnw = 25386.7
       Tnw = 24353.4
       Tec = 12478.2
     twoNb = 91990
     twoNe = 4916.62
     twoNn = 191351
    twoNec = 86167.3
    twoNnw = 2863.51
  twoNecnw = 65000
  twoNbecnw = 10595
  twoNgbecnw = 259857
         m = 0.104648
        m3 = 0.196153
        Ta = 37600
        Tc = 12176.7
#       SitePat  BranchLen
              b 120245.5789811
              e 46071.4859388
              c 46522.9301471
              n 42616.4668616
              w 44944.2858312
            b:e 1337.9780380
            b:c 1361.0087894
            b:n 1036.0493046
            b:w 1185.1063009
            e:c 11334.4054737
            e:n 4949.6381404
            e:w 3940.7643330
            c:n 4498.1939321
            c:w 4049.9261864
            n:w 12800.9039925
          b:e:c 1459.3162608
          b:e:n 636.0876229
          b:e:w 615.7102492
          b:c:n 613.0568715
          b:c:w 640.0372389
          b:n:w 1444.9762038
          e:c:n 4746.3965065
          e:c:w 3875.7190901
          e:n:w 5415.9719028
          c:n:w 5306.8100494
        b:e:c:n 1281.8724499
        b:e:c:w 1126.2124599
        b:e:n:w 1469.4616177
        b:c:n:w 1445.1346281
        e:c:n:w 47636.5669329
