########################################
# legofit: estimate population history #
#       version 2.3.4-4-g53f8760       #
########################################

# Program was compiled: Sep 21 2021 14:36:42
# Program was run: Fri Sep 24 10:31:13 2021

# cmd: legofit -1 -d 0 -t 32 --ptsPerDim 3 --stateOut b1boot28.state --tol 3e-6 -S 5000 ac2.lgo ../../chrX/boot_chrX/boot28.opf
# Stage nOptItr nSimReps
#     0    5000        0
# algorithm          : deterministic
# ignoring probs <=  : 0
# Branch length floor: 0
# DE strategy        : 2
#    F               : 0.3
#    CR              : 0.8
#    tolerance       : 3e-06
# nthreads           : 32
# lgo input file     : ac2.lgo
# site pat input file: ../../chrX/boot_chrX/boot28.opf
# free parameters    : 14
# points in DE swarm : 42
# output state file  : b1boot28.state
# Including singleton site patterns.
# cost function      : KL
Initial parameter values
Fixed:
      zero = 0
       one = 1
    Tbecnw = 75200
Free:
       pc1 = 0
       pc2 = 0
       pc3 = 0
       pc4 = 0
       pc5 = 0
       pc6 = 0
       pc7 = 0
       pc8 = 0
       pc9 = 0
      pc10 = 0
      pc11 = 0
      pc12 = 0
      pc13 = 0
      pc14 = 0
Constrained:
   Tgbecnw = 138024
     Tecnw = 27837.9
       Tnw = 25852.1
       Tec = 13260.1
     twoNb = 121179
     twoNe = 4103.57
     twoNn = 87135.6
    twoNec = 93616.3
    twoNnw = 5740.77
  twoNecnw = 67416.5
  twoNbecnw = 21323.4
  twoNgbecnw = 194756
         m = 0.153123
        m3 = 0.187424
        Ta = 37600
        Tc = 12926
DiffEv reached_goal. cost=2.42245e-03 spread=2.91107e-06
Fitted parameter values
Free:
       pc1 = -3.8871
       pc2 = 0.341113
       pc3 = -1.84449
       pc4 = -0.00485486
       pc5 = 0.0985041
       pc6 = -0.771475
       pc7 = -0.110537
       pc8 = 0.14539
       pc9 = -0.203407
      pc10 = 0.254602
      pc11 = 0.0778307
      pc12 = 0.00881732
      pc13 = 0.00979473
      pc14 = 0.00536111
Constrained:
   Tgbecnw = 107434
     Tecnw = 25579.3
       Tnw = 23655
       Tec = 12178.8
     twoNb = 121626
     twoNe = 4355.24
     twoNn = 114139
    twoNec = 89128.7
    twoNnw = 5743.68
  twoNecnw = 65858.6
  twoNbecnw = 11507.6
  twoNgbecnw = 233080
         m = 0.119322
        m3 = 0.171527
        Ta = 37600
        Tc = 11827.5
#       SitePat  BranchLen
              b 121219.4125465
              e 46358.9522673
              c 46882.1385332
              n 43178.0822972
              w 45358.4806529
            b:e 1311.2701700
            b:c 1337.1107222
            b:n 1039.6889650
            b:w 1174.4955092
            e:c 11434.2506967
            e:n 5000.7296880
            e:w 3989.6400279
            c:n 4477.5434221
            c:w 4114.1872104
            n:w 12818.2408371
          b:e:c 1430.0004438
          b:e:n 632.6941311
          b:e:w 609.0259069
          b:c:n 606.8535789
          b:c:w 636.2718448
          b:n:w 1417.4023308
          e:c:n 4752.3748558
          e:c:w 3946.4223718
          e:n:w 5379.9459898
          c:n:w 5255.3988073
        b:e:c:n 1267.6234533
        b:e:c:w 1127.0668674
        b:e:n:w 1440.6644513
        b:c:n:w 1413.4185134
        e:c:n:w 47982.3381135
