########################################
# legofit: estimate population history #
#       version 2.3.4-4-g53f8760       #
########################################

# Program was compiled: Sep 21 2021 14:36:42
# Program was run: Fri Sep 24 10:31:13 2021

# cmd: legofit -1 -d 0 -t 32 --ptsPerDim 3 --stateOut b1boot29.state --tol 3e-6 -S 5000 ac2.lgo ../../chrX/boot_chrX/boot29.opf
# Stage nOptItr nSimReps
#     0    5000        0
# algorithm          : deterministic
# ignoring probs <=  : 0
# Branch length floor: 0
# DE strategy        : 2
#    F               : 0.3
#    CR              : 0.8
#    tolerance       : 3e-06
# nthreads           : 32
# lgo input file     : ac2.lgo
# site pat input file: ../../chrX/boot_chrX/boot29.opf
# free parameters    : 14
# points in DE swarm : 42
# output state file  : b1boot29.state
# Including singleton site patterns.
# cost function      : KL
Initial parameter values
Fixed:
      zero = 0
       one = 1
    Tbecnw = 75200
Free:
       pc1 = 0
       pc2 = 0
       pc3 = 0
       pc4 = 0
       pc5 = 0
       pc6 = 0
       pc7 = 0
       pc8 = 0
       pc9 = 0
      pc10 = 0
      pc11 = 0
      pc12 = 0
      pc13 = 0
      pc14 = 0
Constrained:
   Tgbecnw = 138024
     Tecnw = 27837.9
       Tnw = 25852.1
       Tec = 13260.1
     twoNb = 121179
     twoNe = 4103.57
     twoNn = 87135.6
    twoNec = 93616.3
    twoNnw = 5740.77
  twoNecnw = 67416.5
  twoNbecnw = 21323.4
  twoNgbecnw = 194756
         m = 0.153123
        m3 = 0.187424
        Ta = 37600
        Tc = 12926
DiffEv reached_goal. cost=2.36551e-03 spread=2.73258e-06
Fitted parameter values
Free:
       pc1 = -3.98638
       pc2 = 1.64481
       pc3 = -1.77339
       pc4 = -1.27857
       pc5 = 0.467111
       pc6 = -1.55867
       pc7 = -1.85305
       pc8 = -0.103291
       pc9 = -0.284754
      pc10 = -0.223089
      pc11 = 0.291426
      pc12 = 0.0479535
      pc13 = 0.0322976
      pc14 = -0.0174202
Constrained:
   Tgbecnw = 98122.4
     Tecnw = 25624.8
       Tnw = 24503.5
       Tec = 12472.1
     twoNb = 120757
     twoNe = 2972.54
     twoNn = 117403
    twoNec = 83587.6
    twoNnw = 3206.5
  twoNecnw = 63351.7
  twoNbecnw = 8143.48
  twoNgbecnw = 265880
         m = 0.104837
        m3 = 0.203244
        Ta = 37600
        Tc = 12251.8
#       SitePat  BranchLen
              b 119193.5600202
              e 45362.2152977
              c 45913.6460496
              n 42423.8528767
              w 44961.1676907
            b:e 1260.2752653
            b:c 1287.5147925
            b:n 998.7609994
            b:w 1156.9608685
            e:c 11177.8067767
            e:n 4971.0639491
            e:w 3836.2691286
            c:n 4419.6331972
            c:w 3967.5135305
            n:w 12272.7875426
          b:e:c 1390.0183615
          b:e:n 615.4967121
          b:e:w 591.1165535
          b:c:n 588.2571849
          b:c:w 619.9859007
          b:n:w 1377.2305729
          e:c:n 4760.6388006
          e:c:w 3810.2384738
          e:n:w 5201.5004622
          c:n:w 5070.2560603
        b:e:c:n 1256.4059593
        b:e:c:w 1090.8575331
        b:e:n:w 1396.8883034
        b:c:n:w 1368.0189562
        e:c:n:w 47470.5564066
