########################################
# legofit: estimate population history #
#       version 2.3.4-4-g53f8760       #
########################################

# Program was compiled: Sep 21 2021 14:36:42
# Program was run: Fri Sep 24 10:31:37 2021

# cmd: legofit -1 -d 0 -t 32 --ptsPerDim 3 --stateOut b1boot49.state --tol 3e-6 -S 5000 ac2.lgo ../../chrX/boot_chrX/boot49.opf
# Stage nOptItr nSimReps
#     0    5000        0
# algorithm          : deterministic
# ignoring probs <=  : 0
# Branch length floor: 0
# DE strategy        : 2
#    F               : 0.3
#    CR              : 0.8
#    tolerance       : 3e-06
# nthreads           : 32
# lgo input file     : ac2.lgo
# site pat input file: ../../chrX/boot_chrX/boot49.opf
# free parameters    : 14
# points in DE swarm : 42
# output state file  : b1boot49.state
# Including singleton site patterns.
# cost function      : KL
Initial parameter values
Fixed:
      zero = 0
       one = 1
    Tbecnw = 75200
Free:
       pc1 = 0
       pc2 = 0
       pc3 = 0
       pc4 = 0
       pc5 = 0
       pc6 = 0
       pc7 = 0
       pc8 = 0
       pc9 = 0
      pc10 = 0
      pc11 = 0
      pc12 = 0
      pc13 = 0
      pc14 = 0
Constrained:
   Tgbecnw = 138024
     Tecnw = 27837.9
       Tnw = 25852.1
       Tec = 13260.1
     twoNb = 121179
     twoNe = 4103.57
     twoNn = 87135.6
    twoNec = 93616.3
    twoNnw = 5740.77
  twoNecnw = 67416.5
  twoNbecnw = 21323.4
  twoNgbecnw = 194756
         m = 0.153123
        m3 = 0.187424
        Ta = 37600
        Tc = 12926
DiffEv reached_goal. cost=2.34459e-03 spread=2.84880e-06
Fitted parameter values
Free:
       pc1 = -3.93629
       pc2 = -1.06496
       pc3 = -1.0576
       pc4 = -0.339911
       pc5 = 0.696429
       pc6 = -1.17395
       pc7 = -1.96718
       pc8 = -0.0601937
       pc9 = -0.0275954
      pc10 = 0.518984
      pc11 = 0.101207
      pc12 = 0.0181553
      pc13 = -0.080492
      pc14 = -0.0104688
Constrained:
   Tgbecnw = 104489
     Tecnw = 26110.9
       Tnw = 23475.3
       Tec = 11863.9
     twoNb = 100118
     twoNe = 1628.2
     twoNn = 191227
    twoNec = 96528.6
    twoNnw = 8023.2
  twoNecnw = 63146.7
  twoNbecnw = 11070.6
  twoNgbecnw = 226655
         m = 0.119062
        m3 = 0.194465
        Ta = 37600
        Tc = 11737.6
#       SitePat  BranchLen
              b 120876.2266617
              e 46220.3372320
              c 46794.4987495
              n 43213.7879272
              w 45629.3695300
            b:e 1370.9375646
            b:c 1400.6718431
            b:n 1097.8096060
            b:w 1255.1680630
            e:c 11205.6578434
            e:n 5143.3928436
            e:w 4026.3271904
            c:n 4569.2313261
            c:w 4163.2320959
            n:w 12411.7457694
          b:e:c 1475.6039439
          b:e:n 677.9637137
          b:e:w 650.8038893
          b:c:n 648.2294351
          b:c:w 682.1626714
          b:n:w 1463.2563163
          e:c:n 4905.4399032
          e:c:w 4012.9231836
          e:n:w 5407.3853323
          c:n:w 5270.4804268
        b:e:c:n 1354.7601745
        b:e:c:w 1190.6283056
        b:e:n:w 1510.0371280
        b:c:n:w 1478.6783460
        e:c:n:w 47980.7394140
