########################################
# legofit: estimate population history #
#       version 2.3.4-4-g53f8760       #
########################################

# Program was compiled: Sep 21 2021 14:36:42
# Program was run: Fri Sep 24 10:31:21 2021

# cmd: legofit -1 -d 0 -t 32 --ptsPerDim 3 --stateOut b1boot35.state --tol 3e-6 -S 5000 ac2.lgo ../../chrX/boot_chrX/boot35.opf
# Stage nOptItr nSimReps
#     0    5000        0
# algorithm          : deterministic
# ignoring probs <=  : 0
# Branch length floor: 0
# DE strategy        : 2
#    F               : 0.3
#    CR              : 0.8
#    tolerance       : 3e-06
# nthreads           : 32
# lgo input file     : ac2.lgo
# site pat input file: ../../chrX/boot_chrX/boot35.opf
# free parameters    : 14
# points in DE swarm : 42
# output state file  : b1boot35.state
# Including singleton site patterns.
# cost function      : KL
Initial parameter values
Fixed:
      zero = 0
       one = 1
    Tbecnw = 75200
Free:
       pc1 = 0
       pc2 = 0
       pc3 = 0
       pc4 = 0
       pc5 = 0
       pc6 = 0
       pc7 = 0
       pc8 = 0
       pc9 = 0
      pc10 = 0
      pc11 = 0
      pc12 = 0
      pc13 = 0
      pc14 = 0
Constrained:
   Tgbecnw = 138024
     Tecnw = 27837.9
       Tnw = 25852.1
       Tec = 13260.1
     twoNb = 121179
     twoNe = 4103.57
     twoNn = 87135.6
    twoNec = 93616.3
    twoNnw = 5740.77
  twoNecnw = 67416.5
  twoNbecnw = 21323.4
  twoNgbecnw = 194756
         m = 0.153123
        m3 = 0.187424
        Ta = 37600
        Tc = 12926
DiffEv reached_goal. cost=2.45281e-03 spread=2.92318e-06
Fitted parameter values
Free:
       pc1 = -3.67154
       pc2 = -0.398107
       pc3 = -1.42058
       pc4 = -0.963983
       pc5 = 1.42787
       pc6 = -0.781094
       pc7 = -1.50425
       pc8 = -0.242771
       pc9 = -0.172616
      pc10 = 0.275976
      pc11 = 0.238245
      pc12 = 0.0781339
      pc13 = -0.00369796
      pc14 = -0.00730986
Constrained:
   Tgbecnw = 103815
     Tecnw = 26190.5
       Tnw = 23812.6
       Tec = 12039.9
     twoNb = 18849.5
     twoNe = 1650.91
     twoNn = 142260
    twoNec = 92564.9
    twoNnw = 6977.83
  twoNecnw = 65002
  twoNbecnw = 10453.2
  twoNgbecnw = 232563
         m = 0.124774
        m3 = 0.196989
        Ta = 37600
        Tc = 11906.3
#       SitePat  BranchLen
              b 121838.1106059
              e 46368.3780230
              c 46973.2779226
              n 43283.0927049
              w 45816.9532638
            b:e 1311.1575800
            b:c 1341.0904900
            b:n 1042.2469360
            b:w 1200.3531099
            e:c 11313.3948872
            e:n 5107.9804187
            e:w 3933.2859687
            c:n 4503.0805191
            c:w 4074.6260160
            n:w 12559.1179274
          b:e:c 1431.3978977
          b:e:n 643.6699717
          b:e:w 616.4098613
          b:c:n 613.7370617
          b:c:w 648.0531055
          b:n:w 1418.7054336
          e:c:n 4816.8075938
          e:c:w 3886.0959878
          e:n:w 5297.2037627
          c:n:w 5155.8637154
        b:e:c:n 1299.3573813
        b:e:c:w 1134.1952739
        b:e:n:w 1450.1144260
        b:c:n:w 1418.4711818
        e:c:n:w 48797.6212824
