########################################
# legofit: estimate population history #
#       version 2.3.4-4-g53f8760       #
########################################

# Program was compiled: Sep 21 2021 14:36:42
# Program was run: Fri Sep 24 10:30:53 2021

# cmd: legofit -1 -d 0 -t 32 --ptsPerDim 3 --stateOut b1boot11.state --tol 3e-6 -S 5000 ac2.lgo ../../chrX/boot_chrX/boot11.opf
# Stage nOptItr nSimReps
#     0    5000        0
# algorithm          : deterministic
# ignoring probs <=  : 0
# Branch length floor: 0
# DE strategy        : 2
#    F               : 0.3
#    CR              : 0.8
#    tolerance       : 3e-06
# nthreads           : 32
# lgo input file     : ac2.lgo
# site pat input file: ../../chrX/boot_chrX/boot11.opf
# free parameters    : 14
# points in DE swarm : 42
# output state file  : b1boot11.state
# Including singleton site patterns.
# cost function      : KL
Initial parameter values
Fixed:
      zero = 0
       one = 1
    Tbecnw = 75200
Free:
       pc1 = 0
       pc2 = 0
       pc3 = 0
       pc4 = 0
       pc5 = 0
       pc6 = 0
       pc7 = 0
       pc8 = 0
       pc9 = 0
      pc10 = 0
      pc11 = 0
      pc12 = 0
      pc13 = 0
      pc14 = 0
Constrained:
   Tgbecnw = 138024
     Tecnw = 27837.9
       Tnw = 25852.1
       Tec = 13260.1
     twoNb = 121179
     twoNe = 4103.57
     twoNn = 87135.6
    twoNec = 93616.3
    twoNnw = 5740.77
  twoNecnw = 67416.5
  twoNbecnw = 21323.4
  twoNgbecnw = 194756
         m = 0.153123
        m3 = 0.187424
        Ta = 37600
        Tc = 12926
DiffEv reached_goal. cost=2.34290e-03 spread=2.93657e-06
Fitted parameter values
Free:
       pc1 = -3.31469
       pc2 = 1.33693
       pc3 = -1.96629
       pc4 = -0.52044
       pc5 = 0.0792553
       pc6 = -1.76687
       pc7 = -0.537375
       pc8 = -0.759587
       pc9 = 0.359538
      pc10 = -0.343722
      pc11 = -0.0142938
      pc12 = -0.0454854
      pc13 = -0.00404103
      pc14 = 0.0400144
Constrained:
   Tgbecnw = 107748
     Tecnw = 25552
       Tnw = 24034.7
       Tec = 12230.7
     twoNb = 192730
     twoNe = 3075.06
     twoNn = 100117
    twoNec = 81829.4
    twoNnw = 4173
  twoNecnw = 67275.7
  twoNbecnw = 11698.1
  twoNgbecnw = 235207
         m = 0.122079
        m3 = 0.193275
        Ta = 37600
        Tc = 12017.4
#       SitePat  BranchLen
              b 122433.6527374
              e 46282.2340627
              c 46789.8450465
              n 42982.7886960
              w 45518.4682657
            b:e 1349.9028031
            b:c 1375.7030773
            b:n 1057.6038953
            b:w 1220.5298214
            e:c 11866.2355802
            e:n 5024.1731245
            e:w 3921.1762730
            c:n 4516.5621408
            c:w 4042.0754695
            n:w 13200.5924626
          b:e:c 1508.6966226
          b:e:n 641.6767287
          b:e:w 618.6838813
          b:c:n 615.8764545
          b:c:w 645.9357168
          b:n:w 1495.0588846
          e:c:n 4878.8910644
          e:c:w 3920.6950175
          e:n:w 5411.2968305
          c:n:w 5290.3976341
        b:e:c:n 1318.9412657
        b:e:c:w 1148.9489247
        b:e:n:w 1484.9448327
        b:c:n:w 1457.6929973
        e:c:n:w 48997.3516317
