########################################
# legofit: estimate population history #
#       version 2.3.4-4-g53f8760       #
########################################

# Program was compiled: Sep 21 2021 14:36:42
# Program was run: Fri Sep 24 10:31:00 2021

# cmd: legofit -1 -d 0 -t 32 --ptsPerDim 3 --stateOut b1boot16.state --tol 3e-6 -S 5000 ac2.lgo ../../chrX/boot_chrX/boot16.opf
# Stage nOptItr nSimReps
#     0    5000        0
# algorithm          : deterministic
# ignoring probs <=  : 0
# Branch length floor: 0
# DE strategy        : 2
#    F               : 0.3
#    CR              : 0.8
#    tolerance       : 3e-06
# nthreads           : 32
# lgo input file     : ac2.lgo
# site pat input file: ../../chrX/boot_chrX/boot16.opf
# free parameters    : 14
# points in DE swarm : 42
# output state file  : b1boot16.state
# Including singleton site patterns.
# cost function      : KL
Initial parameter values
Fixed:
      zero = 0
       one = 1
    Tbecnw = 75200
Free:
       pc1 = 0
       pc2 = 0
       pc3 = 0
       pc4 = 0
       pc5 = 0
       pc6 = 0
       pc7 = 0
       pc8 = 0
       pc9 = 0
      pc10 = 0
      pc11 = 0
      pc12 = 0
      pc13 = 0
      pc14 = 0
Constrained:
   Tgbecnw = 138024
     Tecnw = 27837.9
       Tnw = 25852.1
       Tec = 13260.1
     twoNb = 121179
     twoNe = 4103.57
     twoNn = 87135.6
    twoNec = 93616.3
    twoNnw = 5740.77
  twoNecnw = 67416.5
  twoNbecnw = 21323.4
  twoNgbecnw = 194756
         m = 0.153123
        m3 = 0.187424
        Ta = 37600
        Tc = 12926
DiffEv reached_goal. cost=2.38081e-03 spread=2.36666e-06
Fitted parameter values
Free:
       pc1 = -2.35855
       pc2 = 1.68168
       pc3 = -1.87274
       pc4 = -1.13089
       pc5 = 0.895453
       pc6 = -0.944364
       pc7 = -1.82956
       pc8 = 0.00772785
       pc9 = 0.0509893
      pc10 = 0.175409
      pc11 = 0.148772
      pc12 = -0.00947856
      pc13 = -0.0103852
      pc14 = 0.0127918
Constrained:
   Tgbecnw = 106687
     Tecnw = 26052.7
       Tnw = 25457.2
       Tec = 12947.3
     twoNb = 64953
     twoNe = 2965.25
     twoNn = 133521
    twoNec = 84635.2
    twoNnw = 1571.73
  twoNecnw = 65261.5
  twoNbecnw = 11727.5
  twoNgbecnw = 217804
         m = 0.12509
        m3 = 0.205853
        Ta = 37600
        Tc = 12728.6
#       SitePat  BranchLen
              b 121114.5118354
              e 46553.1378995
              c 47120.4583935
              n 43013.9814281
              w 45611.6756736
            b:e 1356.8008018
            b:c 1386.0545734
            b:n 1038.2029462
            b:w 1206.2558671
            e:c 11506.3688916
            e:n 5044.8212118
            e:w 3882.2998746
            c:n 4477.5007178
            c:w 4019.3154052
            n:w 12958.1116575
          b:e:c 1494.8586958
          b:e:n 641.9219113
          b:e:w 615.4482562
          b:c:n 612.6681398
          b:c:w 646.3000459
          b:n:w 1480.2350689
          e:c:n 4826.8523448
          e:c:w 3849.8647493
          e:n:w 5479.0931421
          c:n:w 5342.0776115
        b:e:c:n 1300.8145733
        b:e:c:w 1125.6034014
        b:e:n:w 1492.4567901
        b:c:n:w 1461.6050004
        e:c:n:w 47803.3953634
