########################################
# legofit: estimate population history #
#       version 2.3.4-4-g53f8760       #
########################################

# Program was compiled: Sep 21 2021 14:36:42
# Program was run: Fri Sep 24 10:30:40 2021

# cmd: legofit -1 -d 0 -t 32 --ptsPerDim 3 --stateOut b1boot1.state --tol 3e-6 -S 5000 ac2.lgo ../../chrX/boot_chrX/boot1.opf
# Stage nOptItr nSimReps
#     0    5000        0
# algorithm          : deterministic
# ignoring probs <=  : 0
# Branch length floor: 0
# DE strategy        : 2
#    F               : 0.3
#    CR              : 0.8
#    tolerance       : 3e-06
# nthreads           : 32
# lgo input file     : ac2.lgo
# site pat input file: ../../chrX/boot_chrX/boot1.opf
# free parameters    : 14
# points in DE swarm : 42
# output state file  : b1boot1.state
# Including singleton site patterns.
# cost function      : KL
Initial parameter values
Fixed:
      zero = 0
       one = 1
    Tbecnw = 75200
Free:
       pc1 = 0
       pc2 = 0
       pc3 = 0
       pc4 = 0
       pc5 = 0
       pc6 = 0
       pc7 = 0
       pc8 = 0
       pc9 = 0
      pc10 = 0
      pc11 = 0
      pc12 = 0
      pc13 = 0
      pc14 = 0
Constrained:
   Tgbecnw = 138024
     Tecnw = 27837.9
       Tnw = 25852.1
       Tec = 13260.1
     twoNb = 121179
     twoNe = 4103.57
     twoNn = 87135.6
    twoNec = 93616.3
    twoNnw = 5740.77
  twoNecnw = 67416.5
  twoNbecnw = 21323.4
  twoNgbecnw = 194756
         m = 0.153123
        m3 = 0.187424
        Ta = 37600
        Tc = 12926
DiffEv reached_goal. cost=2.41309e-03 spread=2.77651e-06
Fitted parameter values
Free:
       pc1 = -3.9949
       pc2 = 1.51953
       pc3 = -1.84349
       pc4 = -1.7096
       pc5 = 0.935615
       pc6 = -1.62956
       pc7 = -1.21381
       pc8 = -0.7584
       pc9 = -0.163729
      pc10 = -0.198634
      pc11 = 0.289027
      pc12 = -0.0250881
      pc13 = 0.0278289
      pc14 = 0.00381191
Constrained:
   Tgbecnw = 98509.4
     Tecnw = 25514.9
       Tnw = 24094
       Tec = 12202.9
     twoNb = 94097.1
     twoNe = 2323.09
     twoNn = 73694.9
    twoNec = 83135.1
    twoNnw = 3859.36
  twoNecnw = 65898.3
  twoNbecnw = 8392.89
  twoNgbecnw = 265351
         m = 0.103764
        m3 = 0.206945
        Ta = 37600
        Tc = 12047
#       SitePat  BranchLen
              b 119151.8484833
              e 45790.3513259
              c 46309.4644178
              n 42494.4612035
              w 45117.0112687
            b:e 1342.8949543
            b:c 1369.5915159
            b:n 1046.7907110
            b:w 1217.5478496
            e:c 11503.6152925
            e:n 4985.5081181
            e:w 3844.4335734
            c:n 4466.3950262
            c:w 3967.0410356
            n:w 12817.6463688
          b:e:c 1497.9892780
          b:e:n 644.8610496
          b:e:w 621.5136000
          b:c:n 618.1644881
          b:c:w 649.9065928
          b:n:w 1482.5224660
          e:c:n 4784.2131901
          e:c:w 3802.0916603
          e:n:w 5284.5967158
          c:n:w 5161.9892536
        b:e:c:n 1328.3928579
        b:e:c:w 1149.2410641
        b:e:n:w 1492.5542242
        b:c:n:w 1464.1612314
        e:c:n:w 47005.7234619
