########################################
# legofit: estimate population history #
#       version 2.3.4-4-g53f8760       #
########################################

# Program was compiled: Sep 21 2021 14:36:42
# Program was run: Fri Sep 24 10:31:37 2021

# cmd: legofit -1 -d 0 -t 32 --ptsPerDim 3 --stateOut b1boot46.state --tol 3e-6 -S 5000 ac2.lgo ../../chrX/boot_chrX/boot46.opf
# Stage nOptItr nSimReps
#     0    5000        0
# algorithm          : deterministic
# ignoring probs <=  : 0
# Branch length floor: 0
# DE strategy        : 2
#    F               : 0.3
#    CR              : 0.8
#    tolerance       : 3e-06
# nthreads           : 32
# lgo input file     : ac2.lgo
# site pat input file: ../../chrX/boot_chrX/boot46.opf
# free parameters    : 14
# points in DE swarm : 42
# output state file  : b1boot46.state
# Including singleton site patterns.
# cost function      : KL
Initial parameter values
Fixed:
      zero = 0
       one = 1
    Tbecnw = 75200
Free:
       pc1 = 0
       pc2 = 0
       pc3 = 0
       pc4 = 0
       pc5 = 0
       pc6 = 0
       pc7 = 0
       pc8 = 0
       pc9 = 0
      pc10 = 0
      pc11 = 0
      pc12 = 0
      pc13 = 0
      pc14 = 0
Constrained:
   Tgbecnw = 138024
     Tecnw = 27837.9
       Tnw = 25852.1
       Tec = 13260.1
     twoNb = 121179
     twoNe = 4103.57
     twoNn = 87135.6
    twoNec = 93616.3
    twoNnw = 5740.77
  twoNecnw = 67416.5
  twoNbecnw = 21323.4
  twoNgbecnw = 194756
         m = 0.153123
        m3 = 0.187424
        Ta = 37600
        Tc = 12926
DiffEv reached_goal. cost=2.29594e-03 spread=2.33508e-06
Fitted parameter values
Free:
       pc1 = -2.9605
       pc2 = 1.28891
       pc3 = -1.9773
       pc4 = -0.0361604
       pc5 = 0.679199
       pc6 = -1.71393
       pc7 = -1.65232
       pc8 = -0.377816
       pc9 = 0.143472
      pc10 = 0.290146
      pc11 = 0.0765199
      pc12 = -0.00407071
      pc13 = -0.0391898
      pc14 = 0.0179741
Constrained:
   Tgbecnw = 106311
     Tecnw = 25636.9
       Tnw = 24817.2
       Tec = 12523
     twoNb = 151408
     twoNe = 1621.66
     twoNn = 176811
    twoNec = 85407.8
    twoNnw = 2367.76
  twoNecnw = 66348.4
  twoNbecnw = 11297.8
  twoNgbecnw = 228736
         m = 0.120938
        m3 = 0.195385
        Ta = 37600
        Tc = 12408.6
#       SitePat  BranchLen
              b 120982.2742008
              e 46367.9376998
              c 46886.4980368
              n 43264.1147613
              w 45709.6089054
            b:e 1328.0233486
            b:c 1354.2600695
            b:n 1050.0632893
            b:w 1205.0962406
            e:c 11460.7767534
            e:n 5069.2898552
            e:w 3981.6642036
            c:n 4550.7295182
            c:w 4106.0891292
            n:w 12677.3376467
          b:e:c 1452.3822743
          b:e:n 643.7817033
          b:e:w 620.1998745
          b:c:n 617.5449824
          b:c:w 647.9040975
          b:n:w 1439.4899886
          e:c:n 4840.0230402
          e:c:w 3926.7949366
          e:n:w 5369.4165929
          c:n:w 5244.9916672
        b:e:c:n 1302.4931948
        b:e:c:w 1140.6829573
        b:e:n:w 1461.8944173
        b:c:n:w 1434.1901944
        e:c:n:w 47714.9199813
