########################################
# legofit: estimate population history #
#       version 2.3.4-4-g53f8760       #
########################################

# Program was compiled: Sep 21 2021 14:36:42
# Program was run: Fri Sep 24 10:30:53 2021

# cmd: legofit -1 -d 0 -t 32 --ptsPerDim 3 --stateOut b1boot13.state --tol 3e-6 -S 5000 ac2.lgo ../../chrX/boot_chrX/boot13.opf
# Stage nOptItr nSimReps
#     0    5000        0
# algorithm          : deterministic
# ignoring probs <=  : 0
# Branch length floor: 0
# DE strategy        : 2
#    F               : 0.3
#    CR              : 0.8
#    tolerance       : 3e-06
# nthreads           : 32
# lgo input file     : ac2.lgo
# site pat input file: ../../chrX/boot_chrX/boot13.opf
# free parameters    : 14
# points in DE swarm : 42
# output state file  : b1boot13.state
# Including singleton site patterns.
# cost function      : KL
Initial parameter values
Fixed:
      zero = 0
       one = 1
    Tbecnw = 75200
Free:
       pc1 = 0
       pc2 = 0
       pc3 = 0
       pc4 = 0
       pc5 = 0
       pc6 = 0
       pc7 = 0
       pc8 = 0
       pc9 = 0
      pc10 = 0
      pc11 = 0
      pc12 = 0
      pc13 = 0
      pc14 = 0
Constrained:
   Tgbecnw = 138024
     Tecnw = 27837.9
       Tnw = 25852.1
       Tec = 13260.1
     twoNb = 121179
     twoNe = 4103.57
     twoNn = 87135.6
    twoNec = 93616.3
    twoNnw = 5740.77
  twoNecnw = 67416.5
  twoNbecnw = 21323.4
  twoNgbecnw = 194756
         m = 0.153123
        m3 = 0.187424
        Ta = 37600
        Tc = 12926
DiffEv reached_goal. cost=2.35804e-03 spread=2.70952e-06
Fitted parameter values
Free:
       pc1 = -3.90562
       pc2 = 1.54764
       pc3 = -1.98115
       pc4 = -0.482725
       pc5 = 0.0188234
       pc6 = -1.82501
       pc7 = -1.94929
       pc8 = -0.0773089
       pc9 = -0.0179103
      pc10 = -0.385183
      pc11 = 0.339511
      pc12 = -0.00880677
      pc13 = -0.00666997
      pc14 = 0.0266517
Constrained:
   Tgbecnw = 98906
     Tecnw = 25670.8
       Tnw = 24407.4
       Tec = 12503.8
     twoNb = 185647
     twoNe = 2974.7
     twoNn = 161492
    twoNec = 82324
    twoNnw = 3524.66
  twoNecnw = 63545.1
  twoNbecnw = 8672.69
  twoNgbecnw = 254399
         m = 0.107268
        m3 = 0.196995
        Ta = 37600
        Tc = 12203.7
#       SitePat  BranchLen
              b 119328.6485322
              e 45378.7908268
              c 46099.2664266
              n 42289.8231177
              w 44958.9138409
            b:e 1313.0545303
            b:c 1349.9719470
            b:n 1030.6951605
            b:w 1202.2137186
            e:c 11353.8859556
            e:n 5088.0387110
            e:w 3809.0415633
            c:n 4367.5631111
            c:w 3981.6187009
            n:w 12564.3922040
          b:e:c 1462.5136171
          b:e:n 640.0024521
          b:e:w 605.9231141
          b:c:n 603.0850354
          b:c:w 645.0411473
          b:n:w 1448.5204886
          e:c:n 4832.5084468
          e:c:w 3828.3592815
          e:n:w 5320.8763320
          c:n:w 5148.2991944
        b:e:c:n 1304.6406924
        b:e:c:w 1125.2453603
        b:e:n:w 1463.5539705
        b:c:n:w 1424.4359373
        e:c:n:w 47421.1108500
