########################################
# legofit: estimate population history #
#       version 2.3.4-4-g53f8760       #
########################################

# Program was compiled: Sep 21 2021 14:36:42
# Program was run: Fri Sep 24 10:30:53 2021

# cmd: legofit -1 -d 0 -t 32 --ptsPerDim 3 --stateOut b1boot15.state --tol 3e-6 -S 5000 ac2.lgo ../../chrX/boot_chrX/boot15.opf
# Stage nOptItr nSimReps
#     0    5000        0
# algorithm          : deterministic
# ignoring probs <=  : 0
# Branch length floor: 0
# DE strategy        : 2
#    F               : 0.3
#    CR              : 0.8
#    tolerance       : 3e-06
# nthreads           : 32
# lgo input file     : ac2.lgo
# site pat input file: ../../chrX/boot_chrX/boot15.opf
# free parameters    : 14
# points in DE swarm : 42
# output state file  : b1boot15.state
# Including singleton site patterns.
# cost function      : KL
Initial parameter values
Fixed:
      zero = 0
       one = 1
    Tbecnw = 75200
Free:
       pc1 = 0
       pc2 = 0
       pc3 = 0
       pc4 = 0
       pc5 = 0
       pc6 = 0
       pc7 = 0
       pc8 = 0
       pc9 = 0
      pc10 = 0
      pc11 = 0
      pc12 = 0
      pc13 = 0
      pc14 = 0
Constrained:
   Tgbecnw = 138024
     Tecnw = 27837.9
       Tnw = 25852.1
       Tec = 13260.1
     twoNb = 121179
     twoNe = 4103.57
     twoNn = 87135.6
    twoNec = 93616.3
    twoNnw = 5740.77
  twoNecnw = 67416.5
  twoNbecnw = 21323.4
  twoNgbecnw = 194756
         m = 0.153123
        m3 = 0.187424
        Ta = 37600
        Tc = 12926
DiffEv reached_goal. cost=2.29617e-03 spread=2.98413e-06
Fitted parameter values
Free:
       pc1 = -3.42544
       pc2 = 0.680284
       pc3 = -1.85677
       pc4 = 0.138825
       pc5 = -1.01114
       pc6 = -1.82637
       pc7 = -1.11614
       pc8 = 0.0723784
       pc9 = 0.111929
      pc10 = 0.353638
      pc11 = 0.000395497
      pc12 = -0.0808613
      pc13 = -0.0648251
      pc14 = 0.0458899
Constrained:
   Tgbecnw = 105412
     Tecnw = 25500
       Tnw = 24107.2
       Tec = 12411
     twoNb = 264885
     twoNe = 4443.17
     twoNn = 156824
    twoNec = 88755.7
    twoNnw = 4068.56
  twoNecnw = 64548.1
  twoNbecnw = 11668.3
  twoNgbecnw = 217755
         m = 0.119189
        m3 = 0.184619
        Ta = 37600
        Tc = 12053.6
#       SitePat  BranchLen
              b 120389.3487790
              e 46254.2073341
              c 46812.7020746
              n 42962.5139379
              w 45268.0314006
            b:e 1425.3178100
            b:c 1455.4962692
            b:n 1120.0027332
            b:w 1275.1490043
            e:c 11412.8162814
            e:n 5116.5638943
            e:w 4048.7993349
            c:n 4558.0691538
            c:w 4186.0088346
            n:w 12807.0931461
          b:e:c 1544.5408078
          b:e:n 689.6723955
          b:e:w 662.0097965
          b:c:n 659.4939363
          b:c:w 693.8383015
          b:n:w 1530.3631770
          e:c:n 4907.5597105
          e:c:w 4041.8671263
          e:n:w 5567.2233386
          c:n:w 5430.0138389
        b:e:c:n 1376.6111599
        b:e:c:w 1214.7831225
        b:e:n:w 1568.6201954
        b:c:n:w 1536.7916905
        e:c:n:w 47311.4468708
