########################################
# legofit: estimate population history #
#       version 2.3.4-4-g53f8760       #
########################################

# Program was compiled: Sep 21 2021 14:36:42
# Program was run: Fri Sep 24 10:31:13 2021

# cmd: legofit -1 -d 0 -t 32 --ptsPerDim 3 --stateOut b1boot31.state --tol 3e-6 -S 5000 ac2.lgo ../../chrX/boot_chrX/boot31.opf
# Stage nOptItr nSimReps
#     0    5000        0
# algorithm          : deterministic
# ignoring probs <=  : 0
# Branch length floor: 0
# DE strategy        : 2
#    F               : 0.3
#    CR              : 0.8
#    tolerance       : 3e-06
# nthreads           : 32
# lgo input file     : ac2.lgo
# site pat input file: ../../chrX/boot_chrX/boot31.opf
# free parameters    : 14
# points in DE swarm : 42
# output state file  : b1boot31.state
# Including singleton site patterns.
# cost function      : KL
Initial parameter values
Fixed:
      zero = 0
       one = 1
    Tbecnw = 75200
Free:
       pc1 = 0
       pc2 = 0
       pc3 = 0
       pc4 = 0
       pc5 = 0
       pc6 = 0
       pc7 = 0
       pc8 = 0
       pc9 = 0
      pc10 = 0
      pc11 = 0
      pc12 = 0
      pc13 = 0
      pc14 = 0
Constrained:
   Tgbecnw = 138024
     Tecnw = 27837.9
       Tnw = 25852.1
       Tec = 13260.1
     twoNb = 121179
     twoNe = 4103.57
     twoNn = 87135.6
    twoNec = 93616.3
    twoNnw = 5740.77
  twoNecnw = 67416.5
  twoNbecnw = 21323.4
  twoNgbecnw = 194756
         m = 0.153123
        m3 = 0.187424
        Ta = 37600
        Tc = 12926
DiffEv reached_goal. cost=2.33653e-03 spread=2.42082e-06
Fitted parameter values
Free:
       pc1 = -3.96214
       pc2 = -0.347633
       pc3 = -1.60664
       pc4 = -0.835262
       pc5 = -0.116258
       pc6 = -1.10427
       pc7 = -1.89982
       pc8 = -0.151829
       pc9 = 0.199574
      pc10 = 0.00582486
      pc11 = 0.153884
      pc12 = 0.0390573
      pc13 = -0.0340978
      pc14 = 0.00395193
Constrained:
   Tgbecnw = 101707
     Tecnw = 25993.6
       Tnw = 23461.5
       Tec = 12038.9
     twoNb = 139869
     twoNe = 3982.08
     twoNn = 168101
    twoNec = 90940.9
    twoNnw = 7534.51
  twoNecnw = 63132.1
  twoNbecnw = 10071.1
  twoNgbecnw = 222142
         m = 0.123942
        m3 = 0.199683
        Ta = 37600
        Tc = 11730.8
#       SitePat  BranchLen
              b 120474.7812263
              e 45845.4292272
              c 46426.2011084
              n 42885.8730351
              w 45406.6209742
            b:e 1316.4514534
            b:c 1345.6805947
            b:n 1053.8461898
            b:w 1214.2337970
            e:c 11246.7658950
            e:n 5097.6872564
            e:w 3947.1328050
            c:n 4516.9153753
            c:w 4084.9511769
            n:w 12398.3290084
          b:e:c 1433.8114767
          b:e:n 649.3775658
          b:e:w 622.8265888
          b:c:n 620.1484245
          b:c:w 653.6863297
          b:n:w 1421.8397397
          e:c:n 4884.1512312
          e:c:w 3945.9219419
          e:n:w 5321.9508223
          c:n:w 5184.1324504
        b:e:c:n 1311.9293258
        b:e:c:w 1144.5547903
        b:e:n:w 1452.6696962
        b:c:n:w 1421.8099553
        e:c:n:w 47916.9870779
