########################################
# legofit: estimate population history #
#       version 2.3.4-4-g53f8760       #
########################################

# Program was compiled: Sep 21 2021 14:36:42
# Program was run: Fri Sep 24 10:30:47 2021

# cmd: legofit -1 -d 0 -t 32 --ptsPerDim 3 --stateOut b1boot7.state --tol 3e-6 -S 5000 ac2.lgo ../../chrX/boot_chrX/boot7.opf
# Stage nOptItr nSimReps
#     0    5000        0
# algorithm          : deterministic
# ignoring probs <=  : 0
# Branch length floor: 0
# DE strategy        : 2
#    F               : 0.3
#    CR              : 0.8
#    tolerance       : 3e-06
# nthreads           : 32
# lgo input file     : ac2.lgo
# site pat input file: ../../chrX/boot_chrX/boot7.opf
# free parameters    : 14
# points in DE swarm : 42
# output state file  : b1boot7.state
# Including singleton site patterns.
# cost function      : KL
Initial parameter values
Fixed:
      zero = 0
       one = 1
    Tbecnw = 75200
Free:
       pc1 = 0
       pc2 = 0
       pc3 = 0
       pc4 = 0
       pc5 = 0
       pc6 = 0
       pc7 = 0
       pc8 = 0
       pc9 = 0
      pc10 = 0
      pc11 = 0
      pc12 = 0
      pc13 = 0
      pc14 = 0
Constrained:
   Tgbecnw = 138024
     Tecnw = 27837.9
       Tnw = 25852.1
       Tec = 13260.1
     twoNb = 121179
     twoNe = 4103.57
     twoNn = 87135.6
    twoNec = 93616.3
    twoNnw = 5740.77
  twoNecnw = 67416.5
  twoNbecnw = 21323.4
  twoNgbecnw = 194756
         m = 0.153123
        m3 = 0.187424
        Ta = 37600
        Tc = 12926
DiffEv reached_goal. cost=2.35155e-03 spread=2.49893e-06
Fitted parameter values
Free:
       pc1 = -3.88809
       pc2 = 0.153719
       pc3 = -1.94776
       pc4 = -0.0804346
       pc5 = -0.167005
       pc6 = -1.91584
       pc7 = -1.77744
       pc8 = -0.998055
       pc9 = 0.641358
      pc10 = -0.428783
      pc11 = 0.221814
      pc12 = -0.0815923
      pc13 = -0.0238448
      pc14 = 0.0175201
Constrained:
   Tgbecnw = 102948
     Tecnw = 25835.4
       Tnw = 23370.3
       Tec = 11880.8
     twoNb = 225060
     twoNe = 2632.68
     twoNn = 196985
    twoNec = 85160.2
    twoNnw = 7209.97
  twoNecnw = 65848.6
  twoNbecnw = 10316.9
  twoNgbecnw = 229732
         m = 0.118936
        m3 = 0.19988
        Ta = 37600
        Tc = 11685.2
#       SitePat  BranchLen
              b 120159.1335669
              e 45946.2927048
              c 46508.3462639
              n 43079.3750493
              w 45736.2097642
            b:e 1333.1350925
            b:c 1361.5853653
            b:n 1073.7442908
            b:w 1244.8101501
            e:c 11669.9898562
            e:n 5105.4370113
            e:w 3928.7960385
            c:n 4543.3834522
            c:w 4060.5673358
            n:w 12720.9164160
          b:e:c 1483.8130746
          b:e:n 654.6502620
          b:e:w 629.2249441
          b:c:n 626.1999892
          b:c:w 659.3450525
          b:n:w 1471.6135712
          e:c:n 4942.1040980
          e:c:w 3944.7264724
          e:n:w 5277.9014516
          c:n:w 5146.1301542
        b:e:c:n 1349.2799926
        b:e:c:w 1170.4943879
        b:e:n:w 1475.2297563
        b:c:n:w 1445.1096479
        e:c:n:w 47226.2940011
