########################################
# legofit: estimate population history #
#       version 2.3.4-4-g53f8760       #
########################################

# Program was compiled: Sep 21 2021 14:36:42
# Program was run: Fri Sep 24 10:31:07 2021

# cmd: legofit -1 -d 0 -t 32 --ptsPerDim 3 --stateOut b1boot24.state --tol 3e-6 -S 5000 ac2.lgo ../../chrX/boot_chrX/boot24.opf
# Stage nOptItr nSimReps
#     0    5000        0
# algorithm          : deterministic
# ignoring probs <=  : 0
# Branch length floor: 0
# DE strategy        : 2
#    F               : 0.3
#    CR              : 0.8
#    tolerance       : 3e-06
# nthreads           : 32
# lgo input file     : ac2.lgo
# site pat input file: ../../chrX/boot_chrX/boot24.opf
# free parameters    : 14
# points in DE swarm : 42
# output state file  : b1boot24.state
# Including singleton site patterns.
# cost function      : KL
Initial parameter values
Fixed:
      zero = 0
       one = 1
    Tbecnw = 75200
Free:
       pc1 = 0
       pc2 = 0
       pc3 = 0
       pc4 = 0
       pc5 = 0
       pc6 = 0
       pc7 = 0
       pc8 = 0
       pc9 = 0
      pc10 = 0
      pc11 = 0
      pc12 = 0
      pc13 = 0
      pc14 = 0
Constrained:
   Tgbecnw = 138024
     Tecnw = 27837.9
       Tnw = 25852.1
       Tec = 13260.1
     twoNb = 121179
     twoNe = 4103.57
     twoNn = 87135.6
    twoNec = 93616.3
    twoNnw = 5740.77
  twoNecnw = 67416.5
  twoNbecnw = 21323.4
  twoNgbecnw = 194756
         m = 0.153123
        m3 = 0.187424
        Ta = 37600
        Tc = 12926
DiffEv reached_goal. cost=2.43632e-03 spread=2.62098e-06
Fitted parameter values
Free:
       pc1 = -3.90035
       pc2 = 0.857267
       pc3 = -1.97284
       pc4 = -0.482718
       pc5 = -0.232599
       pc6 = -1.99665
       pc7 = -1.88084
       pc8 = -0.31952
       pc9 = 0.0590314
      pc10 = -0.0944355
      pc11 = 0.311052
      pc12 = 0.00440899
      pc13 = -0.00692752
      pc14 = 0.0185978
Constrained:
   Tgbecnw = 98819.2
     Tecnw = 25661.1
       Tnw = 24050.3
       Tec = 12284.8
     twoNb = 213475
     twoNe = 3045.43
     twoNn = 165770
    twoNec = 85901.5
    twoNnw = 4630.41
  twoNecnw = 64239.2
  twoNbecnw = 8810.95
  twoNgbecnw = 240812
         m = 0.113482
        m3 = 0.198382
        Ta = 37600
        Tc = 12025.2
#       SitePat  BranchLen
              b 119346.3016423
              e 45667.3481783
              c 46292.9717479
              n 42605.8206089
              w 45172.9705641
            b:e 1323.4713265
            b:c 1355.4351784
            b:n 1047.1535281
            b:w 1212.0075772
            e:c 11298.4798232
            e:n 5079.0851784
            e:w 3887.0974117
            c:n 4453.4616088
            c:w 4036.1223393
            n:w 12505.3679293
          b:e:c 1457.8857590
          b:e:n 648.3061060
          b:e:w 619.2272545
          b:c:n 616.3422540
          b:c:w 653.1097990
          b:n:w 1444.1842454
          e:c:n 4826.4346349
          e:c:w 3868.6117160
          e:n:w 5305.9119097
          c:n:w 5156.8869821
        b:e:c:n 1316.6658450
        b:e:c:w 1144.1231023
        b:e:n:w 1470.9099593
        b:c:n:w 1437.0274149
        e:c:n:w 47178.5927870
