########################################
# legofit: estimate population history #
#       version 2.3.4-4-g53f8760       #
########################################

# Program was compiled: Sep 21 2021 14:36:42
# Program was run: Fri Sep 24 10:31:27 2021

# cmd: legofit -1 -d 0 -t 32 --ptsPerDim 3 --stateOut b1boot42.state --tol 3e-6 -S 5000 ac2.lgo ../../chrX/boot_chrX/boot42.opf
# Stage nOptItr nSimReps
#     0    5000        0
# algorithm          : deterministic
# ignoring probs <=  : 0
# Branch length floor: 0
# DE strategy        : 2
#    F               : 0.3
#    CR              : 0.8
#    tolerance       : 3e-06
# nthreads           : 32
# lgo input file     : ac2.lgo
# site pat input file: ../../chrX/boot_chrX/boot42.opf
# free parameters    : 14
# points in DE swarm : 42
# output state file  : b1boot42.state
# Including singleton site patterns.
# cost function      : KL
Initial parameter values
Fixed:
      zero = 0
       one = 1
    Tbecnw = 75200
Free:
       pc1 = 0
       pc2 = 0
       pc3 = 0
       pc4 = 0
       pc5 = 0
       pc6 = 0
       pc7 = 0
       pc8 = 0
       pc9 = 0
      pc10 = 0
      pc11 = 0
      pc12 = 0
      pc13 = 0
      pc14 = 0
Constrained:
   Tgbecnw = 138024
     Tecnw = 27837.9
       Tnw = 25852.1
       Tec = 13260.1
     twoNb = 121179
     twoNe = 4103.57
     twoNn = 87135.6
    twoNec = 93616.3
    twoNnw = 5740.77
  twoNecnw = 67416.5
  twoNbecnw = 21323.4
  twoNgbecnw = 194756
         m = 0.153123
        m3 = 0.187424
        Ta = 37600
        Tc = 12926
DiffEv reached_goal. cost=2.35729e-03 spread=2.94239e-06
Fitted parameter values
Free:
       pc1 = -2.87394
       pc2 = 1.51706
       pc3 = -1.87667
       pc4 = -0.556621
       pc5 = 0.111993
       pc6 = -1.92784
       pc7 = -1.87103
       pc8 = 0.22945
       pc9 = -0.241897
      pc10 = 0.300242
      pc11 = 0.264864
      pc12 = 0.0614768
      pc13 = -0.0103652
      pc14 = 0.00872056
Constrained:
   Tgbecnw = 102262
     Tecnw = 25825.5
       Tnw = 25286.4
       Tec = 12862.2
     twoNb = 183044
     twoNe = 2550.55
     twoNn = 146874
    twoNec = 86603.3
    twoNnw = 1525.64
  twoNecnw = 64205.7
  twoNbecnw = 10067.5
  twoNgbecnw = 229144
         m = 0.121434
        m3 = 0.197752
        Ta = 37600
        Tc = 12643.2
#       SitePat  BranchLen
              b 120566.7547059
              e 46111.7549361
              c 46737.2193292
              n 42897.9427152
              w 45386.1087740
            b:e 1320.9287040
            b:c 1352.8577616
            b:n 1030.8233936
            b:w 1189.0114509
            e:c 11179.2258960
            e:n 5079.6472914
            e:w 3910.4111241
            c:n 4454.1828983
            c:w 4061.6744232
            n:w 12474.8979870
          b:e:c 1438.8446766
          b:e:n 641.3926381
          b:e:w 612.0774412
          b:c:n 609.4635806
          b:c:w 645.8181420
          b:n:w 1424.9980664
          e:c:n 4786.8384390
          e:c:w 3860.4170226
          e:n:w 5386.0486774
          c:n:w 5234.7853782
        b:e:c:n 1286.5062472
        b:e:c:w 1121.2788253
        b:e:n:w 1461.5853074
        b:c:n:w 1427.8446066
        e:c:n:w 47933.2283211
