########################################
# legofit: estimate population history #
#       version 2.3.4-4-g53f8760       #
########################################

# Program was compiled: Sep 21 2021 14:36:42
# Program was run: Fri Sep 24 10:31:27 2021

# cmd: legofit -1 -d 0 -t 32 --ptsPerDim 3 --stateOut b1boot44.state --tol 3e-6 -S 5000 ac2.lgo ../../chrX/boot_chrX/boot44.opf
# Stage nOptItr nSimReps
#     0    5000        0
# algorithm          : deterministic
# ignoring probs <=  : 0
# Branch length floor: 0
# DE strategy        : 2
#    F               : 0.3
#    CR              : 0.8
#    tolerance       : 3e-06
# nthreads           : 32
# lgo input file     : ac2.lgo
# site pat input file: ../../chrX/boot_chrX/boot44.opf
# free parameters    : 14
# points in DE swarm : 42
# output state file  : b1boot44.state
# Including singleton site patterns.
# cost function      : KL
Initial parameter values
Fixed:
      zero = 0
       one = 1
    Tbecnw = 75200
Free:
       pc1 = 0
       pc2 = 0
       pc3 = 0
       pc4 = 0
       pc5 = 0
       pc6 = 0
       pc7 = 0
       pc8 = 0
       pc9 = 0
      pc10 = 0
      pc11 = 0
      pc12 = 0
      pc13 = 0
      pc14 = 0
Constrained:
   Tgbecnw = 138024
     Tecnw = 27837.9
       Tnw = 25852.1
       Tec = 13260.1
     twoNb = 121179
     twoNe = 4103.57
     twoNn = 87135.6
    twoNec = 93616.3
    twoNnw = 5740.77
  twoNecnw = 67416.5
  twoNbecnw = 21323.4
  twoNgbecnw = 194756
         m = 0.153123
        m3 = 0.187424
        Ta = 37600
        Tc = 12926
DiffEv reached_goal. cost=2.36927e-03 spread=2.92247e-06
Fitted parameter values
Free:
       pc1 = -3.9187
       pc2 = 2.80387
       pc3 = -1.95816
       pc4 = -0.708718
       pc5 = -0.0603157
       pc6 = -1.55601
       pc7 = -0.82975
       pc8 = 0.0816146
       pc9 = -0.40035
      pc10 = -0.107945
      pc11 = -0.0113544
      pc12 = -0.0108272
      pc13 = -0.0431638
      pc14 = 0.00592158
Constrained:
   Tgbecnw = 102799
     Tecnw = 24947.7
       Tnw = 24753.6
       Tec = 12725.7
     twoNb = 166266
     twoNe = 4208.3
     twoNn = 83277.7
    twoNec = 79715.8
    twoNnw = 549.691
  twoNecnw = 64374.3
  twoNbecnw = 9590.89
  twoNgbecnw = 278963
         m = 0.0970875
        m3 = 0.188033
        Ta = 37600
        Tc = 12376.8
#       SitePat  BranchLen
              b 119636.0313543
              e 45381.5473885
              c 45947.4546268
              n 42208.6242506
              w 44573.7968743
            b:e 1319.1168626
            b:c 1348.3472403
            b:n 1031.7245114
            b:w 1183.6510187
            e:c 11318.1856449
            e:n 4998.1170409
            e:w 3910.5755087
            c:n 4432.2098027
            c:w 4049.8040950
            n:w 12600.5824688
          b:e:c 1450.5150684
          b:e:n 634.9308708
          b:e:w 608.2664639
          b:c:n 605.7004931
          b:c:w 639.1764361
          b:n:w 1436.5673079
          e:c:n 4783.9459003
          e:c:w 3888.7205165
          e:n:w 5396.8411228
          c:n:w 5257.6125365
        b:e:c:n 1281.9839758
        b:e:c:w 1123.2459323
        b:e:n:w 1458.0619870
        b:c:n:w 1427.1520148
        e:c:n:w 47630.4172538
