########################################
# legofit: estimate population history #
#       version 2.3.4-4-g53f8760       #
########################################

# Program was compiled: Sep 21 2021 14:36:42
# Program was run: Fri Sep 24 10:31:17 2021

# cmd: legofit -1 -d 0 -t 32 --ptsPerDim 3 --stateOut b1boot33.state --tol 3e-6 -S 5000 ac2.lgo ../../chrX/boot_chrX/boot33.opf
# Stage nOptItr nSimReps
#     0    5000        0
# algorithm          : deterministic
# ignoring probs <=  : 0
# Branch length floor: 0
# DE strategy        : 2
#    F               : 0.3
#    CR              : 0.8
#    tolerance       : 3e-06
# nthreads           : 32
# lgo input file     : ac2.lgo
# site pat input file: ../../chrX/boot_chrX/boot33.opf
# free parameters    : 14
# points in DE swarm : 42
# output state file  : b1boot33.state
# Including singleton site patterns.
# cost function      : KL
Initial parameter values
Fixed:
      zero = 0
       one = 1
    Tbecnw = 75200
Free:
       pc1 = 0
       pc2 = 0
       pc3 = 0
       pc4 = 0
       pc5 = 0
       pc6 = 0
       pc7 = 0
       pc8 = 0
       pc9 = 0
      pc10 = 0
      pc11 = 0
      pc12 = 0
      pc13 = 0
      pc14 = 0
Constrained:
   Tgbecnw = 138024
     Tecnw = 27837.9
       Tnw = 25852.1
       Tec = 13260.1
     twoNb = 121179
     twoNe = 4103.57
     twoNn = 87135.6
    twoNec = 93616.3
    twoNnw = 5740.77
  twoNecnw = 67416.5
  twoNbecnw = 21323.4
  twoNgbecnw = 194756
         m = 0.153123
        m3 = 0.187424
        Ta = 37600
        Tc = 12926
DiffEv reached_goal. cost=2.35355e-03 spread=1.96496e-06
Fitted parameter values
Free:
       pc1 = -3.82587
       pc2 = 1.15207
       pc3 = -1.98921
       pc4 = -0.865104
       pc5 = 1.45566
       pc6 = -1.56471
       pc7 = -1.12324
       pc8 = 0.65965
       pc9 = -0.23888
      pc10 = -0.0582
      pc11 = 0.15184
      pc12 = 0.133915
      pc13 = 0.0811224
      pc14 = 0.0182418
Constrained:
   Tgbecnw = 98335.4
     Tecnw = 25697.5
       Tnw = 24556.3
       Tec = 12348.3
     twoNb = 58129
     twoNe = 963.789
     twoNn = 101746
    twoNec = 84851.5
    twoNnw = 3105.88
  twoNecnw = 63608.8
  twoNbecnw = 8823.72
  twoNgbecnw = 231981
         m = 0.125105
        m3 = 0.186187
        Ta = 37600
        Tc = 12278.2
#       SitePat  BranchLen
              b 121255.9050142
              e 45772.1362105
              c 46273.3006237
              n 42432.2060426
              w 44772.9328486
            b:e 1340.9715423
            b:c 1366.7801237
            b:n 1036.6143263
            b:w 1188.6090849
            e:c 11471.1264535
            e:n 4866.1056275
            e:w 3826.0857169
            c:n 4364.9412143
            c:w 3946.5706755
            n:w 12851.3378046
          b:e:c 1492.6077097
          b:e:n 632.6815832
          b:e:w 609.5915289
          b:c:n 606.8730018
          b:c:w 636.9215179
          b:n:w 1477.3844766
          e:c:n 4728.7181800
          e:c:w 3846.3818234
          e:n:w 5387.7301014
          c:n:w 5267.2451428
        b:e:c:n 1289.7320705
        b:e:c:w 1130.7788501
        b:e:n:w 1480.4078153
        b:c:n:w 1453.0778263
        e:c:n:w 49123.8812585
