########################################
# legofit: estimate population history #
#       version 2.3.4-4-g53f8760       #
########################################

# Program was compiled: Sep 21 2021 14:36:42
# Program was run: Fri Sep 24 10:31:27 2021

# cmd: legofit -1 -d 0 -t 32 --ptsPerDim 3 --stateOut b1boot40.state --tol 3e-6 -S 5000 ac2.lgo ../../chrX/boot_chrX/boot40.opf
# Stage nOptItr nSimReps
#     0    5000        0
# algorithm          : deterministic
# ignoring probs <=  : 0
# Branch length floor: 0
# DE strategy        : 2
#    F               : 0.3
#    CR              : 0.8
#    tolerance       : 3e-06
# nthreads           : 32
# lgo input file     : ac2.lgo
# site pat input file: ../../chrX/boot_chrX/boot40.opf
# free parameters    : 14
# points in DE swarm : 42
# output state file  : b1boot40.state
# Including singleton site patterns.
# cost function      : KL
Initial parameter values
Fixed:
      zero = 0
       one = 1
    Tbecnw = 75200
Free:
       pc1 = 0
       pc2 = 0
       pc3 = 0
       pc4 = 0
       pc5 = 0
       pc6 = 0
       pc7 = 0
       pc8 = 0
       pc9 = 0
      pc10 = 0
      pc11 = 0
      pc12 = 0
      pc13 = 0
      pc14 = 0
Constrained:
   Tgbecnw = 138024
     Tecnw = 27837.9
       Tnw = 25852.1
       Tec = 13260.1
     twoNb = 121179
     twoNe = 4103.57
     twoNn = 87135.6
    twoNec = 93616.3
    twoNnw = 5740.77
  twoNecnw = 67416.5
  twoNbecnw = 21323.4
  twoNgbecnw = 194756
         m = 0.153123
        m3 = 0.187424
        Ta = 37600
        Tc = 12926
DiffEv reached_goal. cost=2.25997e-03 spread=2.78304e-06
Fitted parameter values
Free:
       pc1 = -3.99179
       pc2 = 1.23067
       pc3 = -1.98175
       pc4 = -1.11245
       pc5 = -1.97247
       pc6 = -1.54806
       pc7 = -1.04566
       pc8 = 0.105264
       pc9 = -0.177489
      pc10 = 0.0802345
      pc11 = 0.0517204
      pc12 = 0.00314928
      pc13 = 0.137856
      pc14 = -0.00554172
Constrained:
   Tgbecnw = 100225
     Tecnw = 25346.7
       Tnw = 23957.6
       Tec = 12420.1
     twoNb = 277666
     twoNe = 7752.72
     twoNn = 91801.2
    twoNec = 86861.4
    twoNnw = 3885.61
  twoNecnw = 62972.2
  twoNbecnw = 9303.39
  twoNgbecnw = 238639
         m = 0.113757
        m3 = 0.193526
        Ta = 37600
        Tc = 11978.8
#       SitePat  BranchLen
              b 119621.9017520
              e 45642.2432768
              c 46052.4798489
              n 42241.4368440
              w 44467.1469741
            b:e 1319.4810397
            b:c 1340.3228331
            b:n 1023.8334954
            b:w 1166.3808668
            e:c 11187.0286155
            e:n 4864.9981726
            e:w 3915.4225160
            c:n 4454.7616005
            c:w 4015.1215875
            n:w 12634.2325622
          b:e:c 1436.2456419
          b:e:n 626.8275655
          b:e:w 608.5681661
          b:c:n 605.9857721
          b:c:w 630.5851274
          b:n:w 1422.1579005
          e:c:n 4717.4963901
          e:c:w 3881.0019297
          e:n:w 5394.9644028
          c:n:w 5295.2653313
        b:e:c:n 1262.0360561
        b:e:c:w 1113.1487288
        b:e:n:w 1447.4833697
        b:c:n:w 1425.4664084
        e:c:n:w 47633.4788522
