########################################
# legofit: estimate population history #
#       version 2.3.4-4-g53f8760       #
########################################

# Program was compiled: Sep 21 2021 14:36:42
# Program was run: Fri Sep 24 10:30:40 2021

# cmd: legofit -1 -d 0 -t 32 --ptsPerDim 3 --stateOut b1boot4.state --tol 3e-6 -S 5000 ac2.lgo ../../chrX/boot_chrX/boot4.opf
# Stage nOptItr nSimReps
#     0    5000        0
# algorithm          : deterministic
# ignoring probs <=  : 0
# Branch length floor: 0
# DE strategy        : 2
#    F               : 0.3
#    CR              : 0.8
#    tolerance       : 3e-06
# nthreads           : 32
# lgo input file     : ac2.lgo
# site pat input file: ../../chrX/boot_chrX/boot4.opf
# free parameters    : 14
# points in DE swarm : 42
# output state file  : b1boot4.state
# Including singleton site patterns.
# cost function      : KL
Initial parameter values
Fixed:
      zero = 0
       one = 1
    Tbecnw = 75200
Free:
       pc1 = 0
       pc2 = 0
       pc3 = 0
       pc4 = 0
       pc5 = 0
       pc6 = 0
       pc7 = 0
       pc8 = 0
       pc9 = 0
      pc10 = 0
      pc11 = 0
      pc12 = 0
      pc13 = 0
      pc14 = 0
Constrained:
   Tgbecnw = 138024
     Tecnw = 27837.9
       Tnw = 25852.1
       Tec = 13260.1
     twoNb = 121179
     twoNe = 4103.57
     twoNn = 87135.6
    twoNec = 93616.3
    twoNnw = 5740.77
  twoNecnw = 67416.5
  twoNbecnw = 21323.4
  twoNgbecnw = 194756
         m = 0.153123
        m3 = 0.187424
        Ta = 37600
        Tc = 12926
DiffEv reached_goal. cost=2.36038e-03 spread=2.50288e-06
Fitted parameter values
Free:
       pc1 = -3.63022
       pc2 = 1.79386
       pc3 = -1.70097
       pc4 = -1.20897
       pc5 = 1.02691
       pc6 = -0.968188
       pc7 = -1.251
       pc8 = -0.301683
       pc9 = -0.242604
      pc10 = -0.0487312
      pc11 = 0.092021
      pc12 = -0.00171444
      pc13 = -0.0460496
      pc14 = 0.00829085
Constrained:
   Tgbecnw = 104137
     Tecnw = 25521.9
       Tnw = 24527.4
       Tec = 12515.8
     twoNb = 53908.6
     twoNe = 2902.89
     twoNn = 98852.5
    twoNec = 83309.8
    twoNnw = 2792.23
  twoNecnw = 65176.5
  twoNbecnw = 10171.4
  twoNgbecnw = 265268
         m = 0.105702
        m3 = 0.19943
        Ta = 37600
        Tc = 12263.7
#       SitePat  BranchLen
              b 120874.8715300
              e 45825.3548702
              c 46464.8179525
              n 42642.7309965
              w 45246.5922899
            b:e 1331.5452259
            b:c 1364.3652366
            b:n 1044.4052818
            b:w 1211.6061306
            e:c 11409.3784971
            e:n 5109.5191884
            e:w 3899.1602240
            c:n 4470.0561060
            c:w 4052.9379530
            n:w 12675.7160532
          b:e:c 1468.5339531
          b:e:n 646.8496339
          b:e:w 616.8401673
          b:c:n 614.0296232
          b:c:w 651.5618345
          b:n:w 1454.7070396
          e:c:n 4847.7989094
          e:c:w 3871.4147334
          e:n:w 5370.5828980
          c:n:w 5216.8051690
        b:e:c:n 1312.4113368
        b:e:c:w 1137.6877434
        b:e:n:w 1476.1868122
        b:c:n:w 1441.4651450
        e:c:n:w 48323.8025008
