########################################
# legofit: estimate population history #
#       version 2.3.4-4-g53f8760       #
########################################

# Program was compiled: Sep 21 2021 14:36:42
# Program was run: Fri Sep 24 10:31:07 2021

# cmd: legofit -1 -d 0 -t 32 --ptsPerDim 3 --stateOut b1boot26.state --tol 3e-6 -S 5000 ac2.lgo ../../chrX/boot_chrX/boot26.opf
# Stage nOptItr nSimReps
#     0    5000        0
# algorithm          : deterministic
# ignoring probs <=  : 0
# Branch length floor: 0
# DE strategy        : 2
#    F               : 0.3
#    CR              : 0.8
#    tolerance       : 3e-06
# nthreads           : 32
# lgo input file     : ac2.lgo
# site pat input file: ../../chrX/boot_chrX/boot26.opf
# free parameters    : 14
# points in DE swarm : 42
# output state file  : b1boot26.state
# Including singleton site patterns.
# cost function      : KL
Initial parameter values
Fixed:
      zero = 0
       one = 1
    Tbecnw = 75200
Free:
       pc1 = 0
       pc2 = 0
       pc3 = 0
       pc4 = 0
       pc5 = 0
       pc6 = 0
       pc7 = 0
       pc8 = 0
       pc9 = 0
      pc10 = 0
      pc11 = 0
      pc12 = 0
      pc13 = 0
      pc14 = 0
Constrained:
   Tgbecnw = 138024
     Tecnw = 27837.9
       Tnw = 25852.1
       Tec = 13260.1
     twoNb = 121179
     twoNe = 4103.57
     twoNn = 87135.6
    twoNec = 93616.3
    twoNnw = 5740.77
  twoNecnw = 67416.5
  twoNbecnw = 21323.4
  twoNgbecnw = 194756
         m = 0.153123
        m3 = 0.187424
        Ta = 37600
        Tc = 12926
DiffEv reached_goal. cost=2.35994e-03 spread=2.34157e-06
Fitted parameter values
Free:
       pc1 = -2.61949
       pc2 = 1.8002
       pc3 = -1.97
       pc4 = 0.0997466
       pc5 = -0.396239
       pc6 = -1.93044
       pc7 = -1.44827
       pc8 = -0.132258
       pc9 = 0.137798
      pc10 = 0.204605
      pc11 = 0.0575678
      pc12 = -0.0883886
      pc13 = -0.0330853
      pc14 = 0.0204089
Constrained:
   Tgbecnw = 107981
     Tecnw = 25626.2
       Tnw = 25181.7
       Tec = 12827.6
     twoNb = 238948
     twoNe = 3314.02
     twoNn = 161718
    twoNec = 83987.5
    twoNnw = 1263.49
  twoNecnw = 65765.9
  twoNbecnw = 12179.5
  twoNgbecnw = 224616
         m = 0.118618
        m3 = 0.192637
        Ta = 37600
        Tc = 12590.9
#       SitePat  BranchLen
              b 121045.6174700
              e 46480.6175397
              c 46996.6551065
              n 43252.8126399
              w 45653.2391612
            b:e 1396.9994643
            b:c 1424.4683811
            b:n 1095.1739876
            b:w 1254.7287793
            e:c 11539.8228946
            e:n 5081.4330852
            e:w 4013.5005910
            c:n 4565.3955184
            c:w 4139.9859626
            n:w 12825.9253321
          b:e:c 1526.7426160
          b:e:n 671.2290946
          b:e:w 646.4149897
          b:c:n 643.7601778
          b:c:w 675.3805405
          b:n:w 1512.9525758
          e:c:n 4900.8065723
          e:c:w 3993.7221010
          e:n:w 5510.0150075
          c:n:w 5383.5296359
        b:e:c:n 1353.6254251
        b:e:c:w 1187.2643755
        b:e:n:w 1534.5002551
        b:c:n:w 1505.5347043
        e:c:n:w 47637.6988251
