########################################
# legofit: estimate population history #
#       version 2.3.4-4-g53f8760       #
########################################

# Program was compiled: Sep 21 2021 14:36:42
# Program was run: Tue Oct 19 16:53:33 2021

# cmd: legofit -1 -d 0 -t 32 --ptsPerDim 3 --stateOut b1boot23.state --tol 3e-6 -S 5000 beh2.lgo ../../chrX/boot_chrX/boot23.opf
# Stage nOptItr nSimReps
#     0    5000        0
# algorithm          : deterministic
# ignoring probs <=  : 0
# Branch length floor: 0
# DE strategy        : 2
#    F               : 0.3
#    CR              : 0.8
#    tolerance       : 3e-06
# nthreads           : 32
# lgo input file     : beh2.lgo
# site pat input file: ../../chrX/boot_chrX/boot23.opf
# free parameters    : 13
# points in DE swarm : 39
# output state file  : b1boot23.state
# Including singleton site patterns.
# cost function      : KL
Initial parameter values
Fixed:
      zero = 0
       one = 1
    Tbecnw = 75200
Free:
       pc1 = 0
       pc2 = 0
       pc3 = 0
       pc4 = 0
       pc5 = 0
       pc6 = 0
       pc7 = 0
       pc8 = 0
       pc9 = 0
      pc10 = 0
      pc11 = 0
      pc12 = 0
      pc13 = 0
Constrained:
     Tecnw = 44758.3
       Tnw = 4964.39
       Tec = 4707.94
     twoNb = 1.31693e+06
     twoNe = 103729
     twoNw = 712788
    twoNec = 64259.4
    twoNnw = 119533
  twoNecnw = 23235.2
  twoNbecnw = 55361.3
        m2 = 0.0209697
        m5 = 0.133402
        m8 = 0.301571
        Th = 4836.17
        Tb = 24797.3
        Te = 2353.97
DiffEv reached_goal. cost=2.52179e-03 spread=2.79341e-06
Fitted parameter values
Free:
       pc1 = -3.93272
       pc2 = -0.726351
       pc3 = 1.9628
       pc4 = -1.82078
       pc5 = 1.75001
       pc6 = 0.839448
       pc7 = -1.40534
       pc8 = 1.17592
       pc9 = -0.271509
      pc10 = -0.344323
      pc11 = 0.377097
      pc12 = 0.122979
      pc13 = 0.0778857
Constrained:
     Tecnw = 44517.8
       Tnw = 1052.38
       Tec = 774.458
     twoNb = 2.5315e+06
     twoNe = 139808
     twoNw = 980145
    twoNec = 71574.8
    twoNnw = 146860
  twoNecnw = 22908.7
  twoNbecnw = 54996.4
        m2 = 0.0350508
        m5 = 0.151585
        m8 = 0.288647
        Th = 913.42
        Tb = 22715.6
        Te = 387.229
#       SitePat  BranchLen
              b 122157.1730689
              e 45501.1189944
              c 47652.4588846
              n 45115.7449581
              w 45107.0111453
            b:e 1436.0520486
            b:c 1624.7971604
            b:n 1166.5479341
            b:w 1166.2292629
            e:c 12248.5560023
            e:n 4814.4039951
            e:w 4820.7883987
            c:n 4180.4298777
            c:w 4181.2392312
            n:w 12279.5502646
          b:e:c 1405.5541623
          b:e:n 619.0314328
          b:e:w 619.2039007
          b:c:n 619.3425998
          b:c:w 619.1698173
          b:n:w 1397.0158882
          e:c:n 4285.9708116
          e:c:w 4287.5108673
          e:n:w 6201.6748209
          c:n:w 5317.5509035
        b:e:c:n 1167.9184721
        b:e:c:w 1168.2374579
        b:e:n:w 1593.5542894
        b:c:n:w 1410.8394060
        e:c:n:w 48001.0912474
