########################################
# legofit: estimate population history #
#       version 2.3.4-4-g53f8760       #
########################################

# Program was compiled: Sep 21 2021 14:36:42
# Program was run: Tue Oct 19 16:53:40 2021

# cmd: legofit -1 -d 0 -t 32 --ptsPerDim 3 --stateOut b1boot25.state --tol 3e-6 -S 5000 beh2.lgo ../../chrX/boot_chrX/boot25.opf
# Stage nOptItr nSimReps
#     0    5000        0
# algorithm          : deterministic
# ignoring probs <=  : 0
# Branch length floor: 0
# DE strategy        : 2
#    F               : 0.3
#    CR              : 0.8
#    tolerance       : 3e-06
# nthreads           : 32
# lgo input file     : beh2.lgo
# site pat input file: ../../chrX/boot_chrX/boot25.opf
# free parameters    : 13
# points in DE swarm : 39
# output state file  : b1boot25.state
# Including singleton site patterns.
# cost function      : KL
Initial parameter values
Fixed:
      zero = 0
       one = 1
    Tbecnw = 75200
Free:
       pc1 = 0
       pc2 = 0
       pc3 = 0
       pc4 = 0
       pc5 = 0
       pc6 = 0
       pc7 = 0
       pc8 = 0
       pc9 = 0
      pc10 = 0
      pc11 = 0
      pc12 = 0
      pc13 = 0
Constrained:
     Tecnw = 44758.3
       Tnw = 4964.39
       Tec = 4707.94
     twoNb = 1.31693e+06
     twoNe = 103729
     twoNw = 712788
    twoNec = 64259.4
    twoNnw = 119533
  twoNecnw = 23235.2
  twoNbecnw = 55361.3
        m2 = 0.0209697
        m5 = 0.133402
        m8 = 0.301571
        Th = 4836.17
        Tb = 24797.3
        Te = 2353.97
DiffEv reached_goal. cost=2.56582e-03 spread=2.87136e-06
Fitted parameter values
Free:
       pc1 = -3.99248
       pc2 = -2.22847
       pc3 = 1.94215
       pc4 = -1.95595
       pc5 = 1.5161
       pc6 = 0.43243
       pc7 = -0.156493
       pc8 = 1.13282
       pc9 = 0.420667
      pc10 = -0.0348707
      pc11 = 0.148407
      pc12 = 0.169434
      pc13 = 0.0113806
Constrained:
     Tecnw = 45039.4
       Tnw = 1066.39
       Tec = 758.596
     twoNb = 2.78245e+06
     twoNe = 174825
     twoNw = 984912
    twoNec = 73581
    twoNnw = 141299
  twoNecnw = 22155.1
  twoNbecnw = 56025.7
        m2 = 0.0346395
        m5 = 0.141221
        m8 = 0.286282
        Th = 912.492
        Tb = 22976
        Te = 379.298
#       SitePat  BranchLen
              b 123235.9533768
              e 45643.0228839
              c 47724.4029405
              n 44867.0837283
              w 44858.2574925
            b:e 1444.4349566
            b:c 1626.1284854
            b:n 1145.1755157
            b:w 1144.8572098
            e:c 12265.9775438
            e:n 4743.7753582
            e:w 4750.0543270
            c:n 4133.8391557
            c:w 4134.8430590
            n:w 12520.1495618
          b:e:c 1412.5547879
          b:e:n 607.4152278
          b:e:w 607.5766850
          b:c:n 607.6906500
          b:c:w 607.5289104
          b:n:w 1404.7753406
          e:c:n 4193.5046015
          e:c:w 4195.0479652
          e:n:w 6227.0589173
          c:n:w 5365.4887246
        b:e:c:n 1146.3552369
        b:e:c:w 1146.6738251
        b:e:n:w 1597.7238676
        b:c:n:w 1421.1402979
        e:c:n:w 49174.8081896
