########################################
# legofit: estimate population history #
#       version 2.3.4-4-g53f8760       #
########################################

# Program was compiled: Sep 21 2021 14:36:42
# Program was run: Tue Oct 19 16:54:03 2021

# cmd: legofit -1 -d 0 -t 32 --ptsPerDim 3 --stateOut b1boot42.state --tol 3e-6 -S 5000 beh2.lgo ../../chrX/boot_chrX/boot42.opf
# Stage nOptItr nSimReps
#     0    5000        0
# algorithm          : deterministic
# ignoring probs <=  : 0
# Branch length floor: 0
# DE strategy        : 2
#    F               : 0.3
#    CR              : 0.8
#    tolerance       : 3e-06
# nthreads           : 32
# lgo input file     : beh2.lgo
# site pat input file: ../../chrX/boot_chrX/boot42.opf
# free parameters    : 13
# points in DE swarm : 39
# output state file  : b1boot42.state
# Including singleton site patterns.
# cost function      : KL
Initial parameter values
Fixed:
      zero = 0
       one = 1
    Tbecnw = 75200
Free:
       pc1 = 0
       pc2 = 0
       pc3 = 0
       pc4 = 0
       pc5 = 0
       pc6 = 0
       pc7 = 0
       pc8 = 0
       pc9 = 0
      pc10 = 0
      pc11 = 0
      pc12 = 0
      pc13 = 0
Constrained:
     Tecnw = 44758.3
       Tnw = 4964.39
       Tec = 4707.94
     twoNb = 1.31693e+06
     twoNe = 103729
     twoNw = 712788
    twoNec = 64259.4
    twoNnw = 119533
  twoNecnw = 23235.2
  twoNbecnw = 55361.3
        m2 = 0.0209697
        m5 = 0.133402
        m8 = 0.301571
        Th = 4836.17
        Tb = 24797.3
        Te = 2353.97
DiffEv reached_goal. cost=2.54330e-03 spread=2.28039e-06
Fitted parameter values
Free:
       pc1 = -3.97341
       pc2 = -0.897811
       pc3 = 1.97611
       pc4 = -1.69773
       pc5 = 1.04243
       pc6 = 0.789908
       pc7 = -1.32292
       pc8 = 1.01917
       pc9 = -0.066022
      pc10 = 0.27652
      pc11 = 0.143907
      pc12 = -0.195532
      pc13 = 0.0181051
Constrained:
     Tecnw = 44379.4
       Tnw = 1490.22
       Tec = 1410.55
     twoNb = 2.51118e+06
     twoNe = 109477
     twoNw = 856848
    twoNec = 73320.9
    twoNnw = 146398
  twoNecnw = 22488.5
  twoNbecnw = 55066.6
        m2 = 0.0355117
        m5 = 0.148107
        m8 = 0.28759
        Th = 1450.38
        Tb = 22914.9
        Te = 705.274
#       SitePat  BranchLen
              b 122406.7446044
              e 45697.2607472
              c 47764.8286695
              n 45047.1459029
              w 45039.3545258
            b:e 1421.0839107
            b:c 1602.2677335
            b:n 1132.1546378
            b:w 1131.8758864
            e:c 11830.7591705
            e:n 4742.9480018
            e:w 4749.9817133
            c:n 4135.3826238
            c:w 4134.7926084
            n:w 12045.1743531
          b:e:c 1358.4751783
          b:e:n 605.9703693
          b:e:w 606.2026205
          b:c:n 606.3370307
          b:c:w 606.1044924
          b:n:w 1350.0150938
          e:c:n 4214.9722784
          e:c:w 4216.3199595
          e:n:w 6153.8139413
          c:n:w 5302.7234433
        b:e:c:n 1133.5545737
        b:e:c:w 1133.8336123
        b:e:n:w 1570.1591243
        b:c:n:w 1394.9838269
        e:c:n:w 48624.4274938
