########################################
# legofit: estimate population history #
#       version 2.3.4-4-g53f8760       #
########################################

# Program was compiled: Sep 21 2021 14:36:42
# Program was run: Tue Oct 19 16:53:47 2021

# cmd: legofit -1 -d 0 -t 32 --ptsPerDim 3 --stateOut b1boot30.state --tol 3e-6 -S 5000 beh2.lgo ../../chrX/boot_chrX/boot30.opf
# Stage nOptItr nSimReps
#     0    5000        0
# algorithm          : deterministic
# ignoring probs <=  : 0
# Branch length floor: 0
# DE strategy        : 2
#    F               : 0.3
#    CR              : 0.8
#    tolerance       : 3e-06
# nthreads           : 32
# lgo input file     : beh2.lgo
# site pat input file: ../../chrX/boot_chrX/boot30.opf
# free parameters    : 13
# points in DE swarm : 39
# output state file  : b1boot30.state
# Including singleton site patterns.
# cost function      : KL
Initial parameter values
Fixed:
      zero = 0
       one = 1
    Tbecnw = 75200
Free:
       pc1 = 0
       pc2 = 0
       pc3 = 0
       pc4 = 0
       pc5 = 0
       pc6 = 0
       pc7 = 0
       pc8 = 0
       pc9 = 0
      pc10 = 0
      pc11 = 0
      pc12 = 0
      pc13 = 0
Constrained:
     Tecnw = 44758.3
       Tnw = 4964.39
       Tec = 4707.94
     twoNb = 1.31693e+06
     twoNe = 103729
     twoNw = 712788
    twoNec = 64259.4
    twoNnw = 119533
  twoNecnw = 23235.2
  twoNbecnw = 55361.3
        m2 = 0.0209697
        m5 = 0.133402
        m8 = 0.301571
        Th = 4836.17
        Tb = 24797.3
        Te = 2353.97
DiffEv reached_goal. cost=2.64386e-03 spread=2.48118e-06
Fitted parameter values
Free:
       pc1 = -3.97188
       pc2 = 0.207879
       pc3 = 1.97281
       pc4 = -1.26957
       pc5 = 1.88618
       pc6 = -0.681493
       pc7 = -0.296858
       pc8 = 0.903927
       pc9 = 0.281454
      pc10 = 0.444961
      pc11 = 0.393101
      pc12 = 0.00924054
      pc13 = 0.0201934
Constrained:
     Tecnw = 43654.5
       Tnw = 1272.84
       Tec = 1229.05
     twoNb = 2.33935e+06
     twoNe = 213891
     twoNw = 958362
    twoNec = 73984.4
    twoNnw = 142905
  twoNecnw = 22785.9
  twoNbecnw = 54651.7
        m2 = 0.0297618
        m5 = 0.136517
        m8 = 0.277548
        Th = 1250.94
        Tb = 22452.7
        Te = 614.524
#       SitePat  BranchLen
              b 122231.0415199
              e 45077.0217331
              c 46992.7368552
              n 44493.5670327
              w 44488.4877421
            b:e 1363.9808837
            b:c 1523.7155990
            b:n 1109.0004706
            b:w 1108.8215345
            e:c 11988.0060973
            e:n 4638.0417011
            e:w 4642.7648390
            c:n 4072.1947022
            c:w 4071.6714896
            n:w 12160.0916259
          b:e:c 1341.1052919
          b:e:n 586.1097964
          b:e:w 586.2672243
          b:c:n 586.3782975
          b:c:w 586.2206993
          b:n:w 1333.3273426
          e:c:n 4223.3126329
          e:c:w 4224.1919982
          e:n:w 6023.7960852
          c:n:w 5239.7121691
        b:e:c:n 1110.3364589
        b:e:c:w 1110.5155651
        b:e:n:w 1494.2295411
        b:c:n:w 1339.5819920
        e:c:n:w 49000.9523686
