########################################
# legofit: estimate population history #
#       version 2.3.4-4-g53f8760       #
########################################

# Program was compiled: Sep 21 2021 14:36:42
# Program was run: Tue Oct 19 16:53:55 2021

# cmd: legofit -1 -d 0 -t 32 --ptsPerDim 3 --stateOut b1boot36.state --tol 3e-6 -S 5000 beh2.lgo ../../chrX/boot_chrX/boot36.opf
# Stage nOptItr nSimReps
#     0    5000        0
# algorithm          : deterministic
# ignoring probs <=  : 0
# Branch length floor: 0
# DE strategy        : 2
#    F               : 0.3
#    CR              : 0.8
#    tolerance       : 3e-06
# nthreads           : 32
# lgo input file     : beh2.lgo
# site pat input file: ../../chrX/boot_chrX/boot36.opf
# free parameters    : 13
# points in DE swarm : 39
# output state file  : b1boot36.state
# Including singleton site patterns.
# cost function      : KL
Initial parameter values
Fixed:
      zero = 0
       one = 1
    Tbecnw = 75200
Free:
       pc1 = 0
       pc2 = 0
       pc3 = 0
       pc4 = 0
       pc5 = 0
       pc6 = 0
       pc7 = 0
       pc8 = 0
       pc9 = 0
      pc10 = 0
      pc11 = 0
      pc12 = 0
      pc13 = 0
Constrained:
     Tecnw = 44758.3
       Tnw = 4964.39
       Tec = 4707.94
     twoNb = 1.31693e+06
     twoNe = 103729
     twoNw = 712788
    twoNec = 64259.4
    twoNnw = 119533
  twoNecnw = 23235.2
  twoNbecnw = 55361.3
        m2 = 0.0209697
        m5 = 0.133402
        m8 = 0.301571
        Th = 4836.17
        Tb = 24797.3
        Te = 2353.97
DiffEv reached_goal. cost=2.64051e-03 spread=2.89878e-06
Fitted parameter values
Free:
       pc1 = -3.99298
       pc2 = -1.67234
       pc3 = 1.98825
       pc4 = -1.47353
       pc5 = 1.98301
       pc6 = -0.373021
       pc7 = -0.908681
       pc8 = 0.162775
       pc9 = -0.381572
      pc10 = 0.273208
      pc11 = 0.335493
      pc12 = 0.0428275
      pc13 = 0.0217308
Constrained:
     Tecnw = 44322.3
       Tnw = 953.698
       Tec = 917.911
     twoNb = 2.19754e+06
     twoNe = 194606
     twoNw = 1.03009e+06
    twoNec = 72069.1
    twoNnw = 149028
  twoNecnw = 22440.4
  twoNbecnw = 55620.5
        m2 = 0.0374841
        m5 = 0.136868
        m8 = 0.294759
        Th = 935.805
        Tb = 22629.1
        Te = 458.955
#       SitePat  BranchLen
              b 122883.3536653
              e 45576.0423936
              c 47476.6204335
              n 44952.6684093
              w 44948.9865786
            b:e 1447.4110948
            b:c 1617.0756072
            b:n 1140.5476011
            b:w 1140.4159527
            e:c 11988.1145820
            e:n 4743.8411284
            e:w 4747.2302033
            c:n 4183.9975939
            c:w 4183.6534125
            n:w 12093.3787458
          b:e:c 1372.0163033
          b:e:n 608.6819131
          b:e:w 608.7956373
          b:c:n 608.9454209
          b:c:w 608.8315336
          b:n:w 1361.5826048
          e:c:n 4240.1237703
          e:c:w 4240.7607075
          e:n:w 6150.5091510
          c:n:w 5366.3371648
        b:e:c:n 1142.4537026
        b:e:c:w 1142.5855140
        b:e:n:w 1578.4485401
        b:c:n:w 1415.4988951
        e:c:n:w 49089.6293447
