########################################
# legofit: estimate population history #
#       version 2.3.4-4-g53f8760       #
########################################

# Program was compiled: Sep 21 2021 14:36:42
# Program was run: Tue Oct 19 16:53:25 2021

# cmd: legofit -1 -d 0 -t 32 --ptsPerDim 3 --stateOut b1boot15.state --tol 3e-6 -S 5000 beh2.lgo ../../chrX/boot_chrX/boot15.opf
# Stage nOptItr nSimReps
#     0    5000        0
# algorithm          : deterministic
# ignoring probs <=  : 0
# Branch length floor: 0
# DE strategy        : 2
#    F               : 0.3
#    CR              : 0.8
#    tolerance       : 3e-06
# nthreads           : 32
# lgo input file     : beh2.lgo
# site pat input file: ../../chrX/boot_chrX/boot15.opf
# free parameters    : 13
# points in DE swarm : 39
# output state file  : b1boot15.state
# Including singleton site patterns.
# cost function      : KL
Initial parameter values
Fixed:
      zero = 0
       one = 1
    Tbecnw = 75200
Free:
       pc1 = 0
       pc2 = 0
       pc3 = 0
       pc4 = 0
       pc5 = 0
       pc6 = 0
       pc7 = 0
       pc8 = 0
       pc9 = 0
      pc10 = 0
      pc11 = 0
      pc12 = 0
      pc13 = 0
Constrained:
     Tecnw = 44758.3
       Tnw = 4964.39
       Tec = 4707.94
     twoNb = 1.31693e+06
     twoNe = 103729
     twoNw = 712788
    twoNec = 64259.4
    twoNnw = 119533
  twoNecnw = 23235.2
  twoNbecnw = 55361.3
        m2 = 0.0209697
        m5 = 0.133402
        m8 = 0.301571
        Th = 4836.17
        Tb = 24797.3
        Te = 2353.97
DiffEv reached_goal. cost=2.44285e-03 spread=2.88324e-06
Fitted parameter values
Free:
       pc1 = -3.98393
       pc2 = -1.22834
       pc3 = 1.8413
       pc4 = -0.594221
       pc5 = 1.56067
       pc6 = 1.55447
       pc7 = 0.14464
       pc8 = -0.643992
       pc9 = -0.530048
      pc10 = -0.646522
      pc11 = 0.0621699
      pc12 = -0.0121561
      pc13 = -0.013496
Constrained:
     Tecnw = 44467.6
       Tnw = 1383.26
       Tec = 1329.29
     twoNb = 2.24948e+06
     twoNe = 79263.1
     twoNw = 956363
    twoNec = 74781.7
    twoNnw = 145153
  twoNecnw = 23535.3
  twoNbecnw = 56933.3
        m2 = 0.0357416
        m5 = 0.137345
        m8 = 0.28561
        Th = 1356.28
        Tb = 22911.9
        Te = 664.644
#       SitePat  BranchLen
              b 123509.2599150
              e 46325.4678779
              c 48310.5618234
              n 45493.5773084
              w 45487.7570770
            b:e 1558.5709835
            b:c 1741.8807313
            b:n 1244.5897984
            b:w 1244.3641254
            e:c 12246.3833147
            e:n 4865.8316027
            e:w 4871.1869075
            c:n 4287.3029334
            c:w 4286.7352670
            n:w 12546.4598455
          b:e:c 1502.1084931
          b:e:n 665.0606708
          b:e:w 665.2555443
          b:c:n 665.4096358
          b:c:w 665.2144998
          b:n:w 1492.1747482
          e:c:n 4409.7458380
          e:c:w 4410.7784310
          e:n:w 6397.3882081
          c:n:w 5568.5724037
        b:e:c:n 1246.4519872
        b:e:c:w 1246.6779227
        b:e:n:w 1705.2583010
        b:c:n:w 1528.3428011
        e:c:n:w 48564.4540753
