########################################
# legofit: estimate population history #
#       version 2.3.4-4-g53f8760       #
########################################

# Program was compiled: Sep 21 2021 14:36:42
# Program was run: Tue Oct 19 16:53:33 2021

# cmd: legofit -1 -d 0 -t 32 --ptsPerDim 3 --stateOut b1boot22.state --tol 3e-6 -S 5000 beh2.lgo ../../chrX/boot_chrX/boot22.opf
# Stage nOptItr nSimReps
#     0    5000        0
# algorithm          : deterministic
# ignoring probs <=  : 0
# Branch length floor: 0
# DE strategy        : 2
#    F               : 0.3
#    CR              : 0.8
#    tolerance       : 3e-06
# nthreads           : 32
# lgo input file     : beh2.lgo
# site pat input file: ../../chrX/boot_chrX/boot22.opf
# free parameters    : 13
# points in DE swarm : 39
# output state file  : b1boot22.state
# Including singleton site patterns.
# cost function      : KL
Initial parameter values
Fixed:
      zero = 0
       one = 1
    Tbecnw = 75200
Free:
       pc1 = 0
       pc2 = 0
       pc3 = 0
       pc4 = 0
       pc5 = 0
       pc6 = 0
       pc7 = 0
       pc8 = 0
       pc9 = 0
      pc10 = 0
      pc11 = 0
      pc12 = 0
      pc13 = 0
Constrained:
     Tecnw = 44758.3
       Tnw = 4964.39
       Tec = 4707.94
     twoNb = 1.31693e+06
     twoNe = 103729
     twoNw = 712788
    twoNec = 64259.4
    twoNnw = 119533
  twoNecnw = 23235.2
  twoNbecnw = 55361.3
        m2 = 0.0209697
        m5 = 0.133402
        m8 = 0.301571
        Th = 4836.17
        Tb = 24797.3
        Te = 2353.97
DiffEv reached_goal. cost=2.52557e-03 spread=2.23279e-06
Fitted parameter values
Free:
       pc1 = -3.95335
       pc2 = -0.608899
       pc3 = 1.99043
       pc4 = -0.883354
       pc5 = 0.896214
       pc6 = -0.286002
       pc7 = -0.696465
       pc8 = 0.658994
       pc9 = 0.107685
      pc10 = -0.347744
      pc11 = 0.177533
      pc12 = -0.00215305
      pc13 = -0.0320772
Constrained:
     Tecnw = 44504.9
       Tnw = 1151.27
       Tec = 1091.46
     twoNb = 2.25958e+06
     twoNe = 135897
     twoNw = 848110
    twoNec = 73953.7
    twoNnw = 142126
  twoNecnw = 22862.7
  twoNbecnw = 54810.9
        m2 = 0.0339042
        m5 = 0.134071
        m8 = 0.283076
        Th = 1121.36
        Tb = 22813.1
        Te = 545.728
#       SitePat  BranchLen
              b 122030.7192732
              e 45698.3697476
              c 47648.2893468
              n 44901.0138190
              w 44895.4493648
            b:e 1442.9895869
            b:c 1612.2858385
            b:n 1148.6504220
            b:w 1148.4494953
            e:c 12205.8039496
            e:n 4721.3287209
            e:w 4726.3255175
            c:n 4148.6574575
            c:w 4148.2612749
            n:w 12477.7039970
          b:e:c 1407.7765826
          b:e:n 608.9676336
          b:e:w 609.1334505
          b:c:n 609.2649001
          b:c:w 609.0988619
          b:n:w 1398.5316821
          e:c:n 4230.7893866
          e:c:w 4231.7532267
          e:n:w 6179.2414233
          c:n:w 5373.9999886
        b:e:c:n 1150.2772928
        b:e:c:w 1150.4784409
        b:e:n:w 1578.3098239
        b:c:n:w 1414.8082360
        e:c:n:w 47978.1967368
