########################################
# legofit: estimate population history #
#       version 2.3.4-4-g53f8760       #
########################################

# Program was compiled: Sep 21 2021 14:36:42
# Program was run: Tue Oct 19 16:53:40 2021

# cmd: legofit -1 -d 0 -t 32 --ptsPerDim 3 --stateOut b1boot27.state --tol 3e-6 -S 5000 beh2.lgo ../../chrX/boot_chrX/boot27.opf
# Stage nOptItr nSimReps
#     0    5000        0
# algorithm          : deterministic
# ignoring probs <=  : 0
# Branch length floor: 0
# DE strategy        : 2
#    F               : 0.3
#    CR              : 0.8
#    tolerance       : 3e-06
# nthreads           : 32
# lgo input file     : beh2.lgo
# site pat input file: ../../chrX/boot_chrX/boot27.opf
# free parameters    : 13
# points in DE swarm : 39
# output state file  : b1boot27.state
# Including singleton site patterns.
# cost function      : KL
Initial parameter values
Fixed:
      zero = 0
       one = 1
    Tbecnw = 75200
Free:
       pc1 = 0
       pc2 = 0
       pc3 = 0
       pc4 = 0
       pc5 = 0
       pc6 = 0
       pc7 = 0
       pc8 = 0
       pc9 = 0
      pc10 = 0
      pc11 = 0
      pc12 = 0
      pc13 = 0
Constrained:
     Tecnw = 44758.3
       Tnw = 4964.39
       Tec = 4707.94
     twoNb = 1.31693e+06
     twoNe = 103729
     twoNw = 712788
    twoNec = 64259.4
    twoNnw = 119533
  twoNecnw = 23235.2
  twoNbecnw = 55361.3
        m2 = 0.0209697
        m5 = 0.133402
        m8 = 0.301571
        Th = 4836.17
        Tb = 24797.3
        Te = 2353.97
DiffEv reached_goal. cost=2.58215e-03 spread=2.78794e-06
Fitted parameter values
Free:
       pc1 = -3.97679
       pc2 = -3.90075
       pc3 = 1.92461
       pc4 = -1.41751
       pc5 = 0.601746
       pc6 = -0.0149673
       pc7 = 0.553074
       pc8 = 0.0952928
       pc9 = 0.141143
      pc10 = -0.677912
      pc11 = 0.281485
      pc12 = -0.0133933
      pc13 = 0.0218332
Constrained:
     Tecnw = 46040.4
       Tnw = 904.613
       Tec = 828.785
     twoNb = 2.57338e+06
     twoNe = 154794
     twoNw = 873596
    twoNec = 72479.7
    twoNnw = 143505
  twoNecnw = 22025
  twoNbecnw = 57088.3
        m2 = 0.0382554
        m5 = 0.124902
        m8 = 0.291552
        Th = 866.699
        Tb = 23453.6
        Te = 414.393
#       SitePat  BranchLen
              b 123817.7785277
              e 46460.5801218
              c 48344.6979730
              n 45596.5551239
              w 45591.9056862
            b:e 1544.9090308
            b:c 1717.4141210
            b:n 1209.8997600
            b:w 1209.7264695
            e:c 12660.5077095
            e:n 4767.7840372
            e:w 4771.7003309
            c:n 4216.8091114
            c:w 4216.7411542
            n:w 12851.5525059
          b:e:c 1511.1924856
          b:e:n 637.6480429
          b:e:w 637.7745545
          b:c:n 637.8992160
          b:c:w 637.7725205
          b:n:w 1501.5911335
          e:c:n 4246.6268889
          e:c:w 4247.4279902
          e:n:w 6298.2903860
          c:n:w 5514.5101184
        b:e:c:n 1211.5964827
        b:e:c:w 1211.7699570
        b:e:n:w 1684.2029216
        b:c:n:w 1517.0452111
        e:c:n:w 48796.2094948
