########################################
# legofit: estimate population history #
#       version 2.3.4-4-g53f8760       #
########################################

# Program was compiled: Sep 21 2021 14:36:42
# Program was run: Tue Oct 19 16:53:09 2021

# cmd: legofit -1 -d 0 -t 32 --ptsPerDim 3 --stateOut b1boot0.state --tol 3e-6 -S 5000 beh2.lgo ../../chrX/boot_chrX/boot0.opf
# Stage nOptItr nSimReps
#     0    5000        0
# algorithm          : deterministic
# ignoring probs <=  : 0
# Branch length floor: 0
# DE strategy        : 2
#    F               : 0.3
#    CR              : 0.8
#    tolerance       : 3e-06
# nthreads           : 32
# lgo input file     : beh2.lgo
# site pat input file: ../../chrX/boot_chrX/boot0.opf
# free parameters    : 13
# points in DE swarm : 39
# output state file  : b1boot0.state
# Including singleton site patterns.
# cost function      : KL
Initial parameter values
Fixed:
      zero = 0
       one = 1
    Tbecnw = 75200
Free:
       pc1 = 0
       pc2 = 0
       pc3 = 0
       pc4 = 0
       pc5 = 0
       pc6 = 0
       pc7 = 0
       pc8 = 0
       pc9 = 0
      pc10 = 0
      pc11 = 0
      pc12 = 0
      pc13 = 0
Constrained:
     Tecnw = 44758.3
       Tnw = 4964.39
       Tec = 4707.94
     twoNb = 1.31693e+06
     twoNe = 103729
     twoNw = 712788
    twoNec = 64259.4
    twoNnw = 119533
  twoNecnw = 23235.2
  twoNbecnw = 55361.3
        m2 = 0.0209697
        m5 = 0.133402
        m8 = 0.301571
        Th = 4836.17
        Tb = 24797.3
        Te = 2353.97
DiffEv reached_goal. cost=2.52992e-03 spread=2.63861e-06
Fitted parameter values
Free:
       pc1 = -3.99448
       pc2 = -2.60552
       pc3 = 1.97691
       pc4 = -1.17977
       pc5 = 1.48673
       pc6 = 0.0375882
       pc7 = -0.970763
       pc8 = 0.671685
       pc9 = -0.00538646
      pc10 = -0.287887
      pc11 = 0.222464
      pc12 = 0.0541865
      pc13 = -0.0145432
Constrained:
     Tecnw = 45191.9
       Tnw = 867.92
       Tec = 702.372
     twoNb = 2.40836e+06
     twoNe = 138481
     twoNw = 1.06553e+06
    twoNec = 72432.3
    twoNnw = 145549
  twoNecnw = 22241.1
  twoNbecnw = 55711.3
        m2 = 0.0385132
        m5 = 0.13582
        m8 = 0.294878
        Th = 785.146
        Tb = 22988.5
        Te = 351.186
#       SitePat  BranchLen
              b 122799.9905031
              e 45914.9782381
              c 47885.6313896
              n 45144.8955809
              w 45139.5661791
            b:e 1480.5237084
            b:c 1657.3650483
            b:n 1158.7513842
            b:w 1158.5586456
            e:c 12256.1144290
            e:n 4777.2786034
            e:w 4781.2907813
            c:n 4198.4485241
            c:w 4198.8385711
            n:w 12443.3378091
          b:e:c 1420.3516356
          b:e:n 616.8052544
          b:e:w 616.9166050
          b:c:n 617.0572419
          b:c:w 616.9456732
          b:n:w 1410.4312282
          e:c:n 4211.1333090
          e:c:w 4212.0604858
          e:n:w 6234.8380392
          c:n:w 5418.9878636
        b:e:c:n 1160.4873330
        b:e:c:w 1160.6802896
        b:e:n:w 1621.6496228
        b:c:n:w 1451.0065409
        e:c:n:w 48482.4123796
