########################################
# legofit: estimate population history #
#       version 2.3.4-4-g53f8760       #
########################################

# Program was compiled: Sep 21 2021 14:36:42
# Program was run: Tue Oct 19 16:53:40 2021

# cmd: legofit -1 -d 0 -t 32 --ptsPerDim 3 --stateOut b1boot24.state --tol 3e-6 -S 5000 beh2.lgo ../../chrX/boot_chrX/boot24.opf
# Stage nOptItr nSimReps
#     0    5000        0
# algorithm          : deterministic
# ignoring probs <=  : 0
# Branch length floor: 0
# DE strategy        : 2
#    F               : 0.3
#    CR              : 0.8
#    tolerance       : 3e-06
# nthreads           : 32
# lgo input file     : beh2.lgo
# site pat input file: ../../chrX/boot_chrX/boot24.opf
# free parameters    : 13
# points in DE swarm : 39
# output state file  : b1boot24.state
# Including singleton site patterns.
# cost function      : KL
Initial parameter values
Fixed:
      zero = 0
       one = 1
    Tbecnw = 75200
Free:
       pc1 = 0
       pc2 = 0
       pc3 = 0
       pc4 = 0
       pc5 = 0
       pc6 = 0
       pc7 = 0
       pc8 = 0
       pc9 = 0
      pc10 = 0
      pc11 = 0
      pc12 = 0
      pc13 = 0
Constrained:
     Tecnw = 44758.3
       Tnw = 4964.39
       Tec = 4707.94
     twoNb = 1.31693e+06
     twoNe = 103729
     twoNw = 712788
    twoNec = 64259.4
    twoNnw = 119533
  twoNecnw = 23235.2
  twoNbecnw = 55361.3
        m2 = 0.0209697
        m5 = 0.133402
        m8 = 0.301571
        Th = 4836.17
        Tb = 24797.3
        Te = 2353.97
DiffEv reached_goal. cost=2.68250e-03 spread=2.13167e-06
Fitted parameter values
Free:
       pc1 = -3.98216
       pc2 = -1.17265
       pc3 = 1.98479
       pc4 = -1.87377
       pc5 = 1.84391
       pc6 = 1.20877
       pc7 = -0.870491
       pc8 = 1.21731
       pc9 = -0.223799
      pc10 = -0.0693089
      pc11 = 0.390045
      pc12 = -0.0757401
      pc13 = 0.0311476
Constrained:
     Tecnw = 44556.8
       Tnw = 1201.24
       Tec = 1137.84
     twoNb = 2.73768e+06
     twoNe = 134934
     twoNw = 1.01224e+06
    twoNec = 72443.8
    twoNnw = 147842
  twoNecnw = 22734.2
  twoNbecnw = 55592.3
        m2 = 0.0340082
        m5 = 0.150869
        m8 = 0.28773
        Th = 1169.54
        Tb = 22863.2
        Te = 568.921
#       SitePat  BranchLen
              b 122735.2896832
              e 45713.4751975
              c 47834.4737853
              n 45234.0991497
              w 45228.6597428
            b:e 1439.3021195
            b:c 1625.3393996
            b:n 1170.8704762
            b:w 1170.6715135
            e:c 12080.9901120
            e:n 4806.2100083
            e:w 4811.1328630
            c:n 4180.4973565
            c:w 4180.0689776
            n:w 12193.4063761
          b:e:c 1401.8841523
          b:e:n 623.5638637
          b:e:w 623.7304725
          b:c:n 623.8547944
          b:c:w 623.6880052
          b:n:w 1394.2894076
          e:c:n 4289.1972486
          e:c:w 4290.1421797
          e:n:w 6189.4996965
          c:n:w 5319.6139893
        b:e:c:n 1172.1940713
        b:e:c:w 1172.3932144
        b:e:n:w 1597.0408480
        b:c:n:w 1416.4187610
        e:c:n:w 48579.7747351
