########################################
# legofit: estimate population history #
#       version 2.3.4-4-g53f8760       #
########################################

# Program was compiled: Sep 21 2021 14:36:42
# Program was run: Tue Oct 19 16:53:18 2021

# cmd: legofit -1 -d 0 -t 32 --ptsPerDim 3 --stateOut b1boot6.state --tol 3e-6 -S 5000 beh2.lgo ../../chrX/boot_chrX/boot6.opf
# Stage nOptItr nSimReps
#     0    5000        0
# algorithm          : deterministic
# ignoring probs <=  : 0
# Branch length floor: 0
# DE strategy        : 2
#    F               : 0.3
#    CR              : 0.8
#    tolerance       : 3e-06
# nthreads           : 32
# lgo input file     : beh2.lgo
# site pat input file: ../../chrX/boot_chrX/boot6.opf
# free parameters    : 13
# points in DE swarm : 39
# output state file  : b1boot6.state
# Including singleton site patterns.
# cost function      : KL
Initial parameter values
Fixed:
      zero = 0
       one = 1
    Tbecnw = 75200
Free:
       pc1 = 0
       pc2 = 0
       pc3 = 0
       pc4 = 0
       pc5 = 0
       pc6 = 0
       pc7 = 0
       pc8 = 0
       pc9 = 0
      pc10 = 0
      pc11 = 0
      pc12 = 0
      pc13 = 0
Constrained:
     Tecnw = 44758.3
       Tnw = 4964.39
       Tec = 4707.94
     twoNb = 1.31693e+06
     twoNe = 103729
     twoNw = 712788
    twoNec = 64259.4
    twoNnw = 119533
  twoNecnw = 23235.2
  twoNbecnw = 55361.3
        m2 = 0.0209697
        m5 = 0.133402
        m8 = 0.301571
        Th = 4836.17
        Tb = 24797.3
        Te = 2353.97
DiffEv reached_goal. cost=2.35571e-03 spread=2.99605e-06
Fitted parameter values
Free:
       pc1 = -3.97527
       pc2 = 0.947769
       pc3 = 1.96834
       pc4 = -1.3668
       pc5 = 1.79771
       pc6 = 0.437912
       pc7 = -1.13408
       pc8 = 0.0196475
       pc9 = -0.401975
      pc10 = 0.33463
      pc11 = 0.0975949
      pc12 = -1.82557e-05
      pc13 = -0.00879943
Constrained:
     Tecnw = 43188.9
       Tnw = 1477.88
       Tec = 1474.29
     twoNb = 2.05911e+06
     twoNe = 153357
     twoNw = 855171
    twoNec = 74358.3
    twoNnw = 146203
  twoNecnw = 23395.3
  twoNbecnw = 54863.1
        m2 = 0.0340593
        m5 = 0.14703
        m8 = 0.28217
        Th = 1476.08
        Tb = 22332.5
        Te = 737.145
#       SitePat  BranchLen
              b 122190.1252298
              e 45329.7427062
              c 47345.8043971
              n 44662.7236522
              w 44656.5217642
            b:e 1422.7620331
            b:c 1599.5289326
            b:n 1137.9553066
            b:w 1137.7307739
            e:c 11712.2999661
            e:n 4753.2748252
            e:w 4759.4433246
            c:n 4162.1189247
            c:w 4161.0655618
            n:w 11968.4544030
          b:e:c 1351.0348980
          b:e:n 610.7897521
          b:e:w 611.0122131
          b:c:n 611.1717952
          b:c:w 610.9490560
          b:n:w 1341.1770963
          e:c:n 4299.1452318
          e:c:w 4300.2319833
          e:n:w 6185.4014023
          c:n:w 5351.4553611
        b:e:c:n 1139.7400415
        b:e:c:w 1139.9648525
        b:e:n:w 1561.1032096
        b:c:n:w 1391.4354377
        e:c:n:w 48680.5341885
