########################################
# legofit: estimate population history #
#       version 2.3.4-4-g53f8760       #
########################################

# Program was compiled: Sep 21 2021 14:36:42
# Program was run: Tue Oct 19 16:53:47 2021

# cmd: legofit -1 -d 0 -t 32 --ptsPerDim 3 --stateOut b1boot31.state --tol 3e-6 -S 5000 beh2.lgo ../../chrX/boot_chrX/boot31.opf
# Stage nOptItr nSimReps
#     0    5000        0
# algorithm          : deterministic
# ignoring probs <=  : 0
# Branch length floor: 0
# DE strategy        : 2
#    F               : 0.3
#    CR              : 0.8
#    tolerance       : 3e-06
# nthreads           : 32
# lgo input file     : beh2.lgo
# site pat input file: ../../chrX/boot_chrX/boot31.opf
# free parameters    : 13
# points in DE swarm : 39
# output state file  : b1boot31.state
# Including singleton site patterns.
# cost function      : KL
Initial parameter values
Fixed:
      zero = 0
       one = 1
    Tbecnw = 75200
Free:
       pc1 = 0
       pc2 = 0
       pc3 = 0
       pc4 = 0
       pc5 = 0
       pc6 = 0
       pc7 = 0
       pc8 = 0
       pc9 = 0
      pc10 = 0
      pc11 = 0
      pc12 = 0
      pc13 = 0
Constrained:
     Tecnw = 44758.3
       Tnw = 4964.39
       Tec = 4707.94
     twoNb = 1.31693e+06
     twoNe = 103729
     twoNw = 712788
    twoNec = 64259.4
    twoNnw = 119533
  twoNecnw = 23235.2
  twoNbecnw = 55361.3
        m2 = 0.0209697
        m5 = 0.133402
        m8 = 0.301571
        Th = 4836.17
        Tb = 24797.3
        Te = 2353.97
DiffEv reached_goal. cost=2.58577e-03 spread=2.48812e-06
Fitted parameter values
Free:
       pc1 = -3.98642
       pc2 = 0.443103
       pc3 = 1.97308
       pc4 = -1.54018
       pc5 = 1.86115
       pc6 = 1.35815
       pc7 = -1.12788
       pc8 = 0.783363
       pc9 = -0.470323
      pc10 = 0.241776
      pc11 = 0.422316
      pc12 = -0.0102269
      pc13 = 0.0600376
Constrained:
     Tecnw = 43582.5
       Tnw = 1393.42
       Tec = 1392.09
     twoNb = 2.46053e+06
     twoNe = 114515
     twoNw = 930688
    twoNec = 72337.3
    twoNnw = 148344
  twoNecnw = 23289.7
  twoNbecnw = 55118.9
        m2 = 0.0323218
        m5 = 0.153561
        m8 = 0.282998
        Th = 1392.75
        Tb = 22487.6
        Te = 696.043
#       SitePat  BranchLen
              b 122387.8203131
              e 45326.8976283
              c 47427.4358824
              n 44959.7201206
              w 44954.1005811
            b:e 1410.3087149
            b:c 1592.5417920
            b:n 1159.6933733
            b:w 1159.4882419
            e:c 11919.0006398
            e:n 4784.2985026
            e:w 4789.9064883
            c:n 4164.8958874
            c:w 4163.9264991
            n:w 11993.3075570
          b:e:c 1371.3160477
          b:e:n 617.9084851
          b:e:w 618.1128936
          b:c:n 618.2471424
          b:c:w 618.0425323
          b:n:w 1363.3627898
          e:c:n 4334.5241688
          e:c:w 4335.5051108
          e:n:w 6148.6084998
          c:n:w 5287.3001927
        b:e:c:n 1161.1011559
        b:e:c:w 1161.3064889
        b:e:n:w 1562.1756648
        b:c:n:w 1385.8269492
        e:c:n:w 48646.2820957
