########################################
# legofit: estimate population history #
#       version 2.3.4-4-g53f8760       #
########################################

# Program was compiled: Sep 21 2021 14:36:42
# Program was run: Tue Oct 19 16:54:11 2021

# cmd: legofit -1 -d 0 -t 32 --ptsPerDim 3 --stateOut b1boot49.state --tol 3e-6 -S 5000 beh2.lgo ../../chrX/boot_chrX/boot49.opf
# Stage nOptItr nSimReps
#     0    5000        0
# algorithm          : deterministic
# ignoring probs <=  : 0
# Branch length floor: 0
# DE strategy        : 2
#    F               : 0.3
#    CR              : 0.8
#    tolerance       : 3e-06
# nthreads           : 32
# lgo input file     : beh2.lgo
# site pat input file: ../../chrX/boot_chrX/boot49.opf
# free parameters    : 13
# points in DE swarm : 39
# output state file  : b1boot49.state
# Including singleton site patterns.
# cost function      : KL
Initial parameter values
Fixed:
      zero = 0
       one = 1
    Tbecnw = 75200
Free:
       pc1 = 0
       pc2 = 0
       pc3 = 0
       pc4 = 0
       pc5 = 0
       pc6 = 0
       pc7 = 0
       pc8 = 0
       pc9 = 0
      pc10 = 0
      pc11 = 0
      pc12 = 0
      pc13 = 0
Constrained:
     Tecnw = 44758.3
       Tnw = 4964.39
       Tec = 4707.94
     twoNb = 1.31693e+06
     twoNe = 103729
     twoNw = 712788
    twoNec = 64259.4
    twoNnw = 119533
  twoNecnw = 23235.2
  twoNbecnw = 55361.3
        m2 = 0.0209697
        m5 = 0.133402
        m8 = 0.301571
        Th = 4836.17
        Tb = 24797.3
        Te = 2353.97
DiffEv reached_goal. cost=2.53821e-03 spread=2.51245e-06
Fitted parameter values
Free:
       pc1 = -3.93397
       pc2 = -1.53056
       pc3 = 1.99084
       pc4 = -1.71033
       pc5 = 1.79825
       pc6 = 1.73573
       pc7 = -1.23897
       pc8 = 0.335967
       pc9 = -0.934237
      pc10 = 0.0723501
      pc11 = 0.288285
      pc12 = -0.103766
      pc13 = 0.0636292
Constrained:
     Tecnw = 44398.9
       Tnw = 1342.58
       Tec = 1291.03
     twoNb = 2.50346e+06
     twoNe = 94273.9
     twoNw = 985892
    twoNec = 71527.8
    twoNnw = 152467
  twoNecnw = 22880.2
  twoNbecnw = 56215
        m2 = 0.0378516
        m5 = 0.152
        m8 = 0.297513
        Th = 1316.8
        Tb = 22857.9
        Te = 645.515
#       SitePat  BranchLen
              b 123168.3993392
              e 45963.5701217
              c 48033.8218178
              n 45494.1404601
              w 45488.1368883
            b:e 1486.3371689
            b:c 1675.8366413
            b:n 1194.9934653
            b:w 1194.7696760
            e:c 11905.6090363
            e:n 4868.1812788
            e:w 4873.7365698
            c:n 4259.8812269
            c:w 4259.2763697
            n:w 11974.8715606
          b:e:c 1407.8553185
          b:e:n 642.2960060
          b:e:w 642.4912010
          b:c:n 642.6450529
          b:c:w 642.4496139
          b:n:w 1398.7272126
          e:c:n 4346.2029142
          e:c:w 4347.2560522
          e:n:w 6254.1468968
          c:n:w 5399.7581477
        b:e:c:n 1196.6385822
        b:e:c:w 1196.8626155
        b:e:n:w 1641.6105851
        b:c:n:w 1458.7009578
        e:c:n:w 48817.8190893
