########################################
# legofit: estimate population history #
#       version 2.3.4-4-g53f8760       #
########################################

# Program was compiled: Sep 21 2021 14:36:42
# Program was run: Tue Oct 19 16:53:56 2021

# cmd: legofit -1 -d 0 -t 32 --ptsPerDim 3 --stateOut b1boot40.state --tol 3e-6 -S 5000 beh2.lgo ../../chrX/boot_chrX/boot40.opf
# Stage nOptItr nSimReps
#     0    5000        0
# algorithm          : deterministic
# ignoring probs <=  : 0
# Branch length floor: 0
# DE strategy        : 2
#    F               : 0.3
#    CR              : 0.8
#    tolerance       : 3e-06
# nthreads           : 32
# lgo input file     : beh2.lgo
# site pat input file: ../../chrX/boot_chrX/boot40.opf
# free parameters    : 13
# points in DE swarm : 39
# output state file  : b1boot40.state
# Including singleton site patterns.
# cost function      : KL
Initial parameter values
Fixed:
      zero = 0
       one = 1
    Tbecnw = 75200
Free:
       pc1 = 0
       pc2 = 0
       pc3 = 0
       pc4 = 0
       pc5 = 0
       pc6 = 0
       pc7 = 0
       pc8 = 0
       pc9 = 0
      pc10 = 0
      pc11 = 0
      pc12 = 0
      pc13 = 0
Constrained:
     Tecnw = 44758.3
       Tnw = 4964.39
       Tec = 4707.94
     twoNb = 1.31693e+06
     twoNe = 103729
     twoNw = 712788
    twoNec = 64259.4
    twoNnw = 119533
  twoNecnw = 23235.2
  twoNbecnw = 55361.3
        m2 = 0.0209697
        m5 = 0.133402
        m8 = 0.301571
        Th = 4836.17
        Tb = 24797.3
        Te = 2353.97
DiffEv reached_goal. cost=2.40427e-03 spread=2.83452e-06
Fitted parameter values
Free:
       pc1 = -3.98831
       pc2 = -2.21953
       pc3 = 1.98677
       pc4 = -0.496807
       pc5 = 1.91239
       pc6 = -0.410507
       pc7 = -0.313399
       pc8 = 0.799197
       pc9 = 0.0692618
      pc10 = 0.0483163
      pc11 = -0.122584
      pc12 = 0.0711849
      pc13 = -0.0589184
Constrained:
     Tecnw = 44726.8
       Tnw = 1106.74
       Tec = 710.332
     twoNb = 2.42039e+06
     twoNe = 152500
     twoNw = 1.16616e+06
    twoNec = 75854.9
    twoNnw = 142321
  twoNecnw = 22340
  twoNbecnw = 55647.7
        m2 = 0.0346447
        m5 = 0.128453
        m8 = 0.294552
        Th = 908.534
        Tb = 22817.6
        Te = 355.166
#       SitePat  BranchLen
              b 122907.7250348
              e 45790.0932494
              c 47634.7621989
              n 44772.5495824
              w 44764.0010238
            b:e 1452.5723259
            b:c 1613.6167195
            b:n 1135.4159291
            b:w 1135.1081953
            e:c 11981.9973026
            e:n 4735.6547525
            e:w 4741.3556028
            c:n 4194.1910001
            c:w 4195.5267530
            n:w 12353.2392859
          b:e:c 1383.9260824
          b:e:n 608.7031448
          b:e:w 608.8361801
          b:c:n 608.9536188
          b:c:w 608.8202734
          b:n:w 1375.2536018
          e:c:n 4192.9142810
          e:c:w 4194.4262365
          e:n:w 6188.1407399
          c:n:w 5425.2573720
        b:e:c:n 1136.8168512
        b:e:c:w 1137.1248950
        b:e:n:w 1581.2434250
        b:c:n:w 1425.4714846
        e:c:n:w 48985.7826929
