########################################
# legofit: estimate population history #
#       version 2.3.4-4-g53f8760       #
########################################

# Program was compiled: Sep 21 2021 14:36:42
# Program was run: Tue Oct 19 16:53:47 2021

# cmd: legofit -1 -d 0 -t 32 --ptsPerDim 3 --stateOut b1boot32.state --tol 3e-6 -S 5000 beh2.lgo ../../chrX/boot_chrX/boot32.opf
# Stage nOptItr nSimReps
#     0    5000        0
# algorithm          : deterministic
# ignoring probs <=  : 0
# Branch length floor: 0
# DE strategy        : 2
#    F               : 0.3
#    CR              : 0.8
#    tolerance       : 3e-06
# nthreads           : 32
# lgo input file     : beh2.lgo
# site pat input file: ../../chrX/boot_chrX/boot32.opf
# free parameters    : 13
# points in DE swarm : 39
# output state file  : b1boot32.state
# Including singleton site patterns.
# cost function      : KL
Initial parameter values
Fixed:
      zero = 0
       one = 1
    Tbecnw = 75200
Free:
       pc1 = 0
       pc2 = 0
       pc3 = 0
       pc4 = 0
       pc5 = 0
       pc6 = 0
       pc7 = 0
       pc8 = 0
       pc9 = 0
      pc10 = 0
      pc11 = 0
      pc12 = 0
      pc13 = 0
Constrained:
     Tecnw = 44758.3
       Tnw = 4964.39
       Tec = 4707.94
     twoNb = 1.31693e+06
     twoNe = 103729
     twoNw = 712788
    twoNec = 64259.4
    twoNnw = 119533
  twoNecnw = 23235.2
  twoNbecnw = 55361.3
        m2 = 0.0209697
        m5 = 0.133402
        m8 = 0.301571
        Th = 4836.17
        Tb = 24797.3
        Te = 2353.97
DiffEv reached_goal. cost=2.37754e-03 spread=2.40556e-06
Fitted parameter values
Free:
       pc1 = -3.97882
       pc2 = -0.999327
       pc3 = 1.98229
       pc4 = -1.81898
       pc5 = 1.49745
       pc6 = -0.384084
       pc7 = -0.643302
       pc8 = 0.524641
       pc9 = 0.267105
      pc10 = 0.115504
      pc11 = 0.31733
      pc12 = -0.0887996
      pc13 = 0.113652
Constrained:
     Tecnw = 44382.1
       Tnw = 1346.12
       Tec = 1090.75
     twoNb = 2.33268e+06
     twoNe = 205025
     twoNw = 898134
    twoNec = 72978.2
    twoNnw = 144791
  twoNecnw = 22465.9
  twoNbecnw = 55220.5
        m2 = 0.035458
        m5 = 0.138862
        m8 = 0.28223
        Th = 1218.43
        Tb = 22800.2
        Te = 545.373
#       SitePat  BranchLen
              b 122547.1497543
              e 45523.9526164
              c 47500.3628569
              n 44982.2050982
              w 44972.5911093
            b:e 1424.5874488
            b:c 1597.8198819
            b:n 1134.0427597
            b:w 1133.6988345
            e:c 12160.4149149
            e:n 4674.0048946
            e:w 4681.3445394
            c:n 4093.9040226
            c:w 4094.5029331
            n:w 12242.2033698
          b:e:c 1382.4100995
          b:e:n 599.3055239
          b:e:w 599.5102866
          b:c:n 599.6466208
          b:c:w 599.4414802
          b:n:w 1372.9748770
          e:c:n 4218.4299030
          e:c:w 4220.1053366
          e:n:w 6123.0578735
          c:n:w 5307.1906358
        b:e:c:n 1135.5233735
        b:e:c:w 1135.8676766
        b:e:n:w 1563.1307830
        b:c:n:w 1396.0255349
        e:c:n:w 48779.4896649
