########################################
# legofit: estimate population history #
#       version 2.3.4-4-g53f8760       #
########################################

# Program was compiled: Sep 21 2021 14:36:42
# Program was run: Tue Oct 19 16:53:33 2021

# cmd: legofit -1 -d 0 -t 32 --ptsPerDim 3 --stateOut b1boot20.state --tol 3e-6 -S 5000 beh2.lgo ../../chrX/boot_chrX/boot20.opf
# Stage nOptItr nSimReps
#     0    5000        0
# algorithm          : deterministic
# ignoring probs <=  : 0
# Branch length floor: 0
# DE strategy        : 2
#    F               : 0.3
#    CR              : 0.8
#    tolerance       : 3e-06
# nthreads           : 32
# lgo input file     : beh2.lgo
# site pat input file: ../../chrX/boot_chrX/boot20.opf
# free parameters    : 13
# points in DE swarm : 39
# output state file  : b1boot20.state
# Including singleton site patterns.
# cost function      : KL
Initial parameter values
Fixed:
      zero = 0
       one = 1
    Tbecnw = 75200
Free:
       pc1 = 0
       pc2 = 0
       pc3 = 0
       pc4 = 0
       pc5 = 0
       pc6 = 0
       pc7 = 0
       pc8 = 0
       pc9 = 0
      pc10 = 0
      pc11 = 0
      pc12 = 0
      pc13 = 0
Constrained:
     Tecnw = 44758.3
       Tnw = 4964.39
       Tec = 4707.94
     twoNb = 1.31693e+06
     twoNe = 103729
     twoNw = 712788
    twoNec = 64259.4
    twoNnw = 119533
  twoNecnw = 23235.2
  twoNbecnw = 55361.3
        m2 = 0.0209697
        m5 = 0.133402
        m8 = 0.301571
        Th = 4836.17
        Tb = 24797.3
        Te = 2353.97
DiffEv reached_goal. cost=2.58532e-03 spread=2.33767e-06
Fitted parameter values
Free:
       pc1 = -3.99368
       pc2 = -2.17417
       pc3 = 1.98269
       pc4 = -0.861468
       pc5 = 1.87943
       pc6 = -0.724838
       pc7 = -0.786731
       pc8 = 0.684646
       pc9 = 0.0410361
      pc10 = -0.136814
      pc11 = 0.117558
      pc12 = -0.0193654
      pc13 = -0.104687
Constrained:
     Tecnw = 44860.4
       Tnw = 850.001
       Tec = 794.593
     twoNb = 2.2854e+06
     twoNe = 177025
     twoNw = 1.13382e+06
    twoNec = 74265.1
    twoNnw = 144866
  twoNecnw = 22310.2
  twoNbecnw = 55326.2
        m2 = 0.0367456
        m5 = 0.130499
        m8 = 0.294315
        Th = 822.297
        Tb = 22841.3
        Te = 397.297
#       SitePat  BranchLen
              b 122559.0492011
              e 45860.7527944
              c 47736.8956818
              n 44902.8393612
              w 44899.6332290
            b:e 1460.0303677
            b:c 1625.4290359
            b:n 1137.2799349
            b:w 1137.1655180
            e:c 12032.9881305
            e:n 4746.3952431
            e:w 4749.1900807
            c:n 4193.9805016
            c:w 4193.8384627
            n:w 12360.6460546
          b:e:c 1388.1025015
          b:e:n 608.5059632
          b:e:w 608.5952566
          b:c:n 608.7292064
          b:c:w 608.6397804
          b:n:w 1378.3273198
          e:c:n 4186.4163403
          e:c:w 4186.9696738
          e:n:w 6188.7399577
          c:n:w 5414.1087724
        b:e:c:n 1139.0834337
        b:e:c:w 1139.1979832
        b:e:n:w 1589.3274154
        b:c:n:w 1429.9156376
        e:c:n:w 48533.0834135
