########################################
# legofit: estimate population history #
#       version 2.3.4-4-g53f8760       #
########################################

# Program was compiled: Sep 21 2021 14:36:42
# Program was run: Tue Oct 19 16:53:33 2021

# cmd: legofit -1 -d 0 -t 32 --ptsPerDim 3 --stateOut b1boot21.state --tol 3e-6 -S 5000 beh2.lgo ../../chrX/boot_chrX/boot21.opf
# Stage nOptItr nSimReps
#     0    5000        0
# algorithm          : deterministic
# ignoring probs <=  : 0
# Branch length floor: 0
# DE strategy        : 2
#    F               : 0.3
#    CR              : 0.8
#    tolerance       : 3e-06
# nthreads           : 32
# lgo input file     : beh2.lgo
# site pat input file: ../../chrX/boot_chrX/boot21.opf
# free parameters    : 13
# points in DE swarm : 39
# output state file  : b1boot21.state
# Including singleton site patterns.
# cost function      : KL
Initial parameter values
Fixed:
      zero = 0
       one = 1
    Tbecnw = 75200
Free:
       pc1 = 0
       pc2 = 0
       pc3 = 0
       pc4 = 0
       pc5 = 0
       pc6 = 0
       pc7 = 0
       pc8 = 0
       pc9 = 0
      pc10 = 0
      pc11 = 0
      pc12 = 0
      pc13 = 0
Constrained:
     Tecnw = 44758.3
       Tnw = 4964.39
       Tec = 4707.94
     twoNb = 1.31693e+06
     twoNe = 103729
     twoNw = 712788
    twoNec = 64259.4
    twoNnw = 119533
  twoNecnw = 23235.2
  twoNbecnw = 55361.3
        m2 = 0.0209697
        m5 = 0.133402
        m8 = 0.301571
        Th = 4836.17
        Tb = 24797.3
        Te = 2353.97
DiffEv reached_goal. cost=2.64684e-03 spread=2.98545e-06
Fitted parameter values
Free:
       pc1 = -3.98533
       pc2 = -1.70345
       pc3 = 1.95454
       pc4 = -1.37631
       pc5 = 0.973835
       pc6 = -1.9741
       pc7 = -0.244219
       pc8 = 0.681482
       pc9 = -0.109803
      pc10 = -0.20666
      pc11 = 0.172102
      pc12 = 0.119487
      pc13 = -0.0545343
Constrained:
     Tecnw = 44913.3
       Tnw = 627.731
       Tec = 547.182
     twoNb = 2.20557e+06
     twoNe = 245399
     twoNw = 826415
    twoNec = 74011.5
    twoNnw = 143896
  twoNecnw = 22237.6
  twoNbecnw = 54865.2
        m2 = 0.0340725
        m5 = 0.123387
        m8 = 0.293053
        Th = 587.456
        Tb = 22750.4
        Te = 273.591
#       SitePat  BranchLen
              b 122232.3973205
              e 45643.3426691
              c 47428.0138571
              n 44762.5202289
              w 44758.6281456
            b:e 1427.6667844
            b:c 1580.7114525
            b:n 1124.1917757
            b:w 1124.0546830
            e:c 12192.5401741
            e:n 4696.3607424
            e:w 4699.4361384
            c:n 4168.5389895
            c:w 4168.6838168
            n:w 12450.2027481
          b:e:c 1380.7671269
          b:e:n 596.7111864
          b:e:w 596.7990989
          b:c:n 596.9194357
          b:c:w 596.8313714
          b:n:w 1371.2793300
          e:c:n 4166.3898401
          e:c:w 4167.0617001
          e:n:w 6093.1761511
          c:n:w 5361.4081324
        b:e:c:n 1125.8836753
        b:e:c:w 1126.0209198
        b:e:n:w 1546.1882562
        b:c:n:w 1398.5739714
        e:c:n:w 48366.6519249
