########################################
# legofit: estimate population history #
#       version 2.3.4-4-g53f8760       #
########################################

# Program was compiled: Sep 21 2021 14:36:42
# Program was run: Tue Oct 19 16:53:09 2021

# cmd: legofit -1 -d 0 -t 32 --ptsPerDim 3 --stateOut b1boot3.state --tol 3e-6 -S 5000 beh2.lgo ../../chrX/boot_chrX/boot3.opf
# Stage nOptItr nSimReps
#     0    5000        0
# algorithm          : deterministic
# ignoring probs <=  : 0
# Branch length floor: 0
# DE strategy        : 2
#    F               : 0.3
#    CR              : 0.8
#    tolerance       : 3e-06
# nthreads           : 32
# lgo input file     : beh2.lgo
# site pat input file: ../../chrX/boot_chrX/boot3.opf
# free parameters    : 13
# points in DE swarm : 39
# output state file  : b1boot3.state
# Including singleton site patterns.
# cost function      : KL
Initial parameter values
Fixed:
      zero = 0
       one = 1
    Tbecnw = 75200
Free:
       pc1 = 0
       pc2 = 0
       pc3 = 0
       pc4 = 0
       pc5 = 0
       pc6 = 0
       pc7 = 0
       pc8 = 0
       pc9 = 0
      pc10 = 0
      pc11 = 0
      pc12 = 0
      pc13 = 0
Constrained:
     Tecnw = 44758.3
       Tnw = 4964.39
       Tec = 4707.94
     twoNb = 1.31693e+06
     twoNe = 103729
     twoNw = 712788
    twoNec = 64259.4
    twoNnw = 119533
  twoNecnw = 23235.2
  twoNbecnw = 55361.3
        m2 = 0.0209697
        m5 = 0.133402
        m8 = 0.301571
        Th = 4836.17
        Tb = 24797.3
        Te = 2353.97
DiffEv reached_goal. cost=2.63304e-03 spread=2.58740e-06
Fitted parameter values
Free:
       pc1 = -3.9835
       pc2 = -0.695159
       pc3 = 1.96954
       pc4 = -1.73527
       pc5 = 1.67354
       pc6 = 0.0046069
       pc7 = -1.83216
       pc8 = 1.13557
       pc9 = -0.0797736
      pc10 = -0.130602
      pc11 = 0.449977
      pc12 = -0.0439545
      pc13 = 0.0433335
Constrained:
     Tecnw = 44445.8
       Tnw = 991.938
       Tec = 899.255
     twoNb = 2.32364e+06
     twoNe = 162429
     twoNw = 984721
    twoNec = 71475
    twoNnw = 148007
  twoNecnw = 22625.5
  twoNbecnw = 54410.1
        m2 = 0.036375
        m5 = 0.147792
        m8 = 0.288297
        Th = 945.596
        Tb = 22695.7
        Te = 449.627
#       SitePat  BranchLen
              b 121758.6040259
              e 45453.9927408
              c 47533.1494781
              n 45016.7783934
              w 45011.5697137
            b:e 1414.0747481
            b:c 1595.6481985
            b:n 1133.7785408
            b:w 1133.5936999
            e:c 12115.6672640
            e:n 4752.3764332
            e:w 4756.8095910
            c:n 4138.0237901
            c:w 4137.9001087
            n:w 12159.8452997
          b:e:c 1368.5625846
          b:e:n 601.8312109
          b:e:w 601.9689308
          b:c:n 602.1174851
          b:c:w 601.9795554
          b:n:w 1359.0113814
          e:c:n 4223.4220575
          e:c:w 4224.3212608
          e:n:w 6128.7504634
          c:n:w 5275.9521321
        b:e:c:n 1135.4540448
        b:e:c:w 1135.6390957
        b:e:n:w 1560.4958229
        b:c:n:w 1385.5291932
        e:c:n:w 47914.9222695
