########################################
# legofit: estimate population history #
#       version 2.3.4-4-g53f8760       #
########################################

# Program was compiled: Sep 21 2021 14:36:42
# Program was run: Tue Oct 19 16:53:41 2021

# cmd: legofit -1 -d 0 -t 32 --ptsPerDim 3 --stateOut b1boot28.state --tol 3e-6 -S 5000 beh2.lgo ../../chrX/boot_chrX/boot28.opf
# Stage nOptItr nSimReps
#     0    5000        0
# algorithm          : deterministic
# ignoring probs <=  : 0
# Branch length floor: 0
# DE strategy        : 2
#    F               : 0.3
#    CR              : 0.8
#    tolerance       : 3e-06
# nthreads           : 32
# lgo input file     : beh2.lgo
# site pat input file: ../../chrX/boot_chrX/boot28.opf
# free parameters    : 13
# points in DE swarm : 39
# output state file  : b1boot28.state
# Including singleton site patterns.
# cost function      : KL
Initial parameter values
Fixed:
      zero = 0
       one = 1
    Tbecnw = 75200
Free:
       pc1 = 0
       pc2 = 0
       pc3 = 0
       pc4 = 0
       pc5 = 0
       pc6 = 0
       pc7 = 0
       pc8 = 0
       pc9 = 0
      pc10 = 0
      pc11 = 0
      pc12 = 0
      pc13 = 0
Constrained:
     Tecnw = 44758.3
       Tnw = 4964.39
       Tec = 4707.94
     twoNb = 1.31693e+06
     twoNe = 103729
     twoNw = 712788
    twoNec = 64259.4
    twoNnw = 119533
  twoNecnw = 23235.2
  twoNbecnw = 55361.3
        m2 = 0.0209697
        m5 = 0.133402
        m8 = 0.301571
        Th = 4836.17
        Tb = 24797.3
        Te = 2353.97
DiffEv reached_goal. cost=2.49780e-03 spread=2.61071e-06
Fitted parameter values
Free:
       pc1 = -3.96714
       pc2 = -0.764088
       pc3 = 1.95882
       pc4 = -1.97901
       pc5 = 1.78322
       pc6 = -0.419095
       pc7 = -1.30623
       pc8 = 1.11073
       pc9 = 0.176614
      pc10 = -0.0532302
      pc11 = 0.209554
      pc12 = 0.0796851
      pc13 = -0.0481993
Constrained:
     Tecnw = 44422.7
       Tnw = 929.443
       Tec = 830.782
     twoNb = 2.37169e+06
     twoNe = 208985
     twoNw = 966781
    twoNec = 73299.9
    twoNnw = 144211
  twoNecnw = 22503.2
  twoNbecnw = 54576
        m2 = 0.035513
        m5 = 0.144877
        m8 = 0.286765
        Th = 880.113
        Tb = 22651.4
        Te = 415.391
#       SitePat  BranchLen
              b 121986.1674802
              e 45408.1192150
              c 47485.1769509
              n 44685.4507952
              w 44680.3884034
            b:e 1411.5400590
            b:c 1590.9883529
            b:n 1117.0912280
            b:w 1116.9128483
            e:c 12023.5190063
            e:n 4740.9101922
            e:w 4745.1410362
            c:n 4128.9491090
            c:w 4128.9058105
            n:w 12271.1821540
          b:e:c 1360.2572839
          b:e:n 595.5171907
          b:e:w 595.6454257
          b:c:n 595.7833115
          b:c:w 595.6548824
          b:n:w 1351.1694853
          e:c:n 4180.3708058
          e:c:w 4181.2456521
          e:n:w 6166.2328857
          c:n:w 5310.8623208
        b:e:c:n 1118.6771058
        b:e:c:w 1118.8556796
        b:e:n:w 1557.0496876
        b:c:n:w 1383.8349541
        e:c:n:w 48292.0637493
