########################################
# legofit: estimate population history #
#       version 2.3.4-4-g53f8760       #
########################################

# Program was compiled: Sep 21 2021 14:36:42
# Program was run: Tue Oct 19 16:53:10 2021

# cmd: legofit -1 -d 0 -t 32 --ptsPerDim 3 --stateOut b1boot4.state --tol 3e-6 -S 5000 beh2.lgo ../../chrX/boot_chrX/boot4.opf
# Stage nOptItr nSimReps
#     0    5000        0
# algorithm          : deterministic
# ignoring probs <=  : 0
# Branch length floor: 0
# DE strategy        : 2
#    F               : 0.3
#    CR              : 0.8
#    tolerance       : 3e-06
# nthreads           : 32
# lgo input file     : beh2.lgo
# site pat input file: ../../chrX/boot_chrX/boot4.opf
# free parameters    : 13
# points in DE swarm : 39
# output state file  : b1boot4.state
# Including singleton site patterns.
# cost function      : KL
Initial parameter values
Fixed:
      zero = 0
       one = 1
    Tbecnw = 75200
Free:
       pc1 = 0
       pc2 = 0
       pc3 = 0
       pc4 = 0
       pc5 = 0
       pc6 = 0
       pc7 = 0
       pc8 = 0
       pc9 = 0
      pc10 = 0
      pc11 = 0
      pc12 = 0
      pc13 = 0
Constrained:
     Tecnw = 44758.3
       Tnw = 4964.39
       Tec = 4707.94
     twoNb = 1.31693e+06
     twoNe = 103729
     twoNw = 712788
    twoNec = 64259.4
    twoNnw = 119533
  twoNecnw = 23235.2
  twoNbecnw = 55361.3
        m2 = 0.0209697
        m5 = 0.133402
        m8 = 0.301571
        Th = 4836.17
        Tb = 24797.3
        Te = 2353.97
DiffEv reached_goal. cost=2.58831e-03 spread=2.96607e-06
Fitted parameter values
Free:
       pc1 = -3.86362
       pc2 = -1.16091
       pc3 = 1.89553
       pc4 = -1.90574
       pc5 = 1.80841
       pc6 = 0.876004
       pc7 = -0.494651
       pc8 = 0.759579
       pc9 = -0.140635
      pc10 = 0.119507
      pc11 = 0.404862
      pc12 = 0.18852
      pc13 = 0.0239268
Constrained:
     Tecnw = 44370.8
       Tnw = 1134.39
       Tec = 1093.64
     twoNb = 2.5921e+06
     twoNe = 161485
     twoNw = 964932
    twoNec = 71571.8
    twoNnw = 145035
  twoNecnw = 22690.5
  twoNbecnw = 55893.1
        m2 = 0.033663
        m5 = 0.147112
        m8 = 0.286991
        Th = 1114.02
        Tb = 22742.4
        Te = 546.821
#       SitePat  BranchLen
              b 123086.6907522
              e 45442.2592008
              c 47533.0044718
              n 44918.6007978
              w 44913.6838752
            b:e 1433.5707785
            b:c 1616.4464835
            b:n 1160.3590927
            b:w 1160.1800978
            e:c 12163.6933958
            e:n 4779.8410475
            e:w 4784.4124551
            c:n 4165.0894239
            c:w 4164.5801286
            n:w 12284.6452705
          b:e:c 1402.5103728
          b:e:n 615.7293564
          b:e:w 615.8868159
          b:c:n 616.0126016
          b:c:w 615.8549714
          b:n:w 1394.4497877
          e:c:n 4278.9211757
          e:c:w 4279.7759860
          e:n:w 6197.4984791
          c:n:w 5335.5215888
        b:e:c:n 1161.7632209
        b:e:c:w 1161.9423865
        b:e:n:w 1586.6843648
        b:c:n:w 1409.3728284
        e:c:n:w 49132.9648754
