########################################
# legofit: estimate population history #
#       version 2.3.4-4-g53f8760       #
########################################

# Program was compiled: Sep 21 2021 14:36:42
# Program was run: Tue Oct 19 16:53:33 2021

# cmd: legofit -1 -d 0 -t 32 --ptsPerDim 3 --stateOut b1boot18.state --tol 3e-6 -S 5000 beh2.lgo ../../chrX/boot_chrX/boot18.opf
# Stage nOptItr nSimReps
#     0    5000        0
# algorithm          : deterministic
# ignoring probs <=  : 0
# Branch length floor: 0
# DE strategy        : 2
#    F               : 0.3
#    CR              : 0.8
#    tolerance       : 3e-06
# nthreads           : 32
# lgo input file     : beh2.lgo
# site pat input file: ../../chrX/boot_chrX/boot18.opf
# free parameters    : 13
# points in DE swarm : 39
# output state file  : b1boot18.state
# Including singleton site patterns.
# cost function      : KL
Initial parameter values
Fixed:
      zero = 0
       one = 1
    Tbecnw = 75200
Free:
       pc1 = 0
       pc2 = 0
       pc3 = 0
       pc4 = 0
       pc5 = 0
       pc6 = 0
       pc7 = 0
       pc8 = 0
       pc9 = 0
      pc10 = 0
      pc11 = 0
      pc12 = 0
      pc13 = 0
Constrained:
     Tecnw = 44758.3
       Tnw = 4964.39
       Tec = 4707.94
     twoNb = 1.31693e+06
     twoNe = 103729
     twoNw = 712788
    twoNec = 64259.4
    twoNnw = 119533
  twoNecnw = 23235.2
  twoNbecnw = 55361.3
        m2 = 0.0209697
        m5 = 0.133402
        m8 = 0.301571
        Th = 4836.17
        Tb = 24797.3
        Te = 2353.97
DiffEv reached_goal. cost=2.65188e-03 spread=2.40872e-06
Fitted parameter values
Free:
       pc1 = -3.99356
       pc2 = -1.89187
       pc3 = 1.98522
       pc4 = -1.44166
       pc5 = 1.94288
       pc6 = 1.37188
       pc7 = -1.71852
       pc8 = 0.971981
       pc9 = -0.537156
      pc10 = 0.380392
      pc11 = 0.0277612
      pc12 = 0.0215199
      pc13 = 0.00279142
Constrained:
     Tecnw = 44450.9
       Tnw = 1239.59
       Tec = 964.283
     twoNb = 2.55488e+06
     twoNe = 84635.4
     twoNw = 1.11359e+06
    twoNec = 72835.9
    twoNnw = 149311
  twoNecnw = 22406.3
  twoNbecnw = 55672.1
        m2 = 0.0381122
        m5 = 0.151311
        m8 = 0.300659
        Th = 1101.94
        Tb = 22776.4
        Te = 482.142
#       SitePat  BranchLen
              b 122911.1874152
              e 45708.3118410
              c 47784.1159582
              n 45039.0277055
              w 45030.6651531
            b:e 1448.1089802
            b:c 1634.2971583
            b:n 1142.7118551
            b:w 1142.4098211
            e:c 11733.7856701
            e:n 4830.3765132
            e:w 4836.6149652
            c:n 4220.4131162
            c:w 4221.0605103
            n:w 11931.4368491
          b:e:c 1356.1635018
          b:e:n 617.5622106
          b:e:w 617.7333458
          b:c:n 617.8777594
          b:c:w 617.7063079
          b:n:w 1347.3271086
          e:c:n 4237.8535977
          e:c:w 4239.3303040
          e:n:w 6221.8259940
          c:n:w 5364.8253401
        b:e:c:n 1144.1721428
        b:e:c:w 1144.4744930
        b:e:n:w 1600.6656676
        b:c:n:w 1420.9033671
        e:c:n:w 49026.3219075
