########################################
# legofit: estimate population history #
#       version 2.3.4-4-g53f8760       #
########################################

# Program was compiled: Sep 21 2021 14:36:42
# Program was run: Tue Oct 19 16:53:18 2021

# cmd: legofit -1 -d 0 -t 32 --ptsPerDim 3 --stateOut b1boot8.state --tol 3e-6 -S 5000 beh2.lgo ../../chrX/boot_chrX/boot8.opf
# Stage nOptItr nSimReps
#     0    5000        0
# algorithm          : deterministic
# ignoring probs <=  : 0
# Branch length floor: 0
# DE strategy        : 2
#    F               : 0.3
#    CR              : 0.8
#    tolerance       : 3e-06
# nthreads           : 32
# lgo input file     : beh2.lgo
# site pat input file: ../../chrX/boot_chrX/boot8.opf
# free parameters    : 13
# points in DE swarm : 39
# output state file  : b1boot8.state
# Including singleton site patterns.
# cost function      : KL
Initial parameter values
Fixed:
      zero = 0
       one = 1
    Tbecnw = 75200
Free:
       pc1 = 0
       pc2 = 0
       pc3 = 0
       pc4 = 0
       pc5 = 0
       pc6 = 0
       pc7 = 0
       pc8 = 0
       pc9 = 0
      pc10 = 0
      pc11 = 0
      pc12 = 0
      pc13 = 0
Constrained:
     Tecnw = 44758.3
       Tnw = 4964.39
       Tec = 4707.94
     twoNb = 1.31693e+06
     twoNe = 103729
     twoNw = 712788
    twoNec = 64259.4
    twoNnw = 119533
  twoNecnw = 23235.2
  twoNbecnw = 55361.3
        m2 = 0.0209697
        m5 = 0.133402
        m8 = 0.301571
        Th = 4836.17
        Tb = 24797.3
        Te = 2353.97
DiffEv reached_goal. cost=2.56151e-03 spread=2.25170e-06
Fitted parameter values
Free:
       pc1 = -3.89389
       pc2 = -2.35774
       pc3 = 1.93576
       pc4 = -1.2013
       pc5 = 1.70489
       pc6 = 1.6141
       pc7 = 0.191879
       pc8 = 0.019281
       pc9 = -0.0254309
      pc10 = -0.223633
      pc11 = 0.297553
      pc12 = 0.0245406
      pc13 = 0.00937798
Constrained:
     Tecnw = 44873.2
       Tnw = 1351.66
       Tec = 1342.79
     twoNb = 2.61971e+06
     twoNe = 102572
     twoNw = 1.0478e+06
    twoNec = 72505.2
    twoNnw = 144123
  twoNecnw = 22756.4
  twoNbecnw = 57191.5
        m2 = 0.036257
        m5 = 0.139897
        m8 = 0.28633
        Th = 1347.22
        Tb = 23110.2
        Te = 671.393
#       SitePat  BranchLen
              b 123962.2324930
              e 46109.2124154
              c 48147.4785625
              n 45378.8490432
              w 45374.2742999
            b:e 1522.2004899
            b:c 1708.4780954
            b:n 1213.6408635
            b:w 1213.4679737
            e:c 12326.2017136
            e:n 4811.6576940
            e:w 4816.1628307
            c:n 4217.2157183
            c:w 4216.4891204
            n:w 12536.8998603
          b:e:c 1480.7765744
          b:e:n 644.3393685
          b:e:w 644.5077490
          b:c:n 644.6403164
          b:c:w 644.4717599
          b:n:w 1472.0085937
          e:c:n 4331.4376519
          e:c:w 4332.2338564
          e:n:w 6337.4431995
          c:n:w 5487.3546042
        b:e:c:n 1215.2293657
        b:e:c:w 1215.4024315
        b:e:n:w 1676.6934914
        b:c:n:w 1496.0890613
        e:c:n:w 49290.6797954
