########################################
# legofit: estimate population history #
#       version 2.3.4-4-g53f8760       #
########################################

# Program was compiled: Sep 21 2021 14:36:42
# Program was run: Tue Oct 19 16:53:09 2021

# cmd: legofit -1 -d 0 -t 32 --ptsPerDim 3 --stateOut b1boot1.state --tol 3e-6 -S 5000 beh2.lgo ../../chrX/boot_chrX/boot1.opf
# Stage nOptItr nSimReps
#     0    5000        0
# algorithm          : deterministic
# ignoring probs <=  : 0
# Branch length floor: 0
# DE strategy        : 2
#    F               : 0.3
#    CR              : 0.8
#    tolerance       : 3e-06
# nthreads           : 32
# lgo input file     : beh2.lgo
# site pat input file: ../../chrX/boot_chrX/boot1.opf
# free parameters    : 13
# points in DE swarm : 39
# output state file  : b1boot1.state
# Including singleton site patterns.
# cost function      : KL
Initial parameter values
Fixed:
      zero = 0
       one = 1
    Tbecnw = 75200
Free:
       pc1 = 0
       pc2 = 0
       pc3 = 0
       pc4 = 0
       pc5 = 0
       pc6 = 0
       pc7 = 0
       pc8 = 0
       pc9 = 0
      pc10 = 0
      pc11 = 0
      pc12 = 0
      pc13 = 0
Constrained:
     Tecnw = 44758.3
       Tnw = 4964.39
       Tec = 4707.94
     twoNb = 1.31693e+06
     twoNe = 103729
     twoNw = 712788
    twoNec = 64259.4
    twoNnw = 119533
  twoNecnw = 23235.2
  twoNbecnw = 55361.3
        m2 = 0.0209697
        m5 = 0.133402
        m8 = 0.301571
        Th = 4836.17
        Tb = 24797.3
        Te = 2353.97
DiffEv reached_goal. cost=2.68355e-03 spread=2.88232e-06
Fitted parameter values
Free:
       pc1 = -3.99915
       pc2 = -1.59006
       pc3 = 1.97582
       pc4 = -1.19144
       pc5 = 1.39565
       pc6 = 0.753001
       pc7 = 0.200819
       pc8 = 1.20431
       pc9 = 0.407554
      pc10 = -0.499536
      pc11 = 0.341163
      pc12 = -0.119828
      pc13 = -0.00778789
Constrained:
     Tecnw = 45043.9
       Tnw = 1232.78
       Tec = 1161.27
     twoNb = 2.80665e+06
     twoNe = 131085
     twoNw = 1.00355e+06
    twoNec = 74229
    twoNnw = 141807
  twoNecnw = 22713.9
  twoNbecnw = 55875.2
        m2 = 0.0317078
        m5 = 0.137829
        m8 = 0.279045
        Th = 1197.03
        Tb = 23120.5
        Te = 580.636
#       SitePat  BranchLen
              b 122890.3695956
              e 45971.4976908
              c 48010.8859134
              n 45257.5925129
              w 45252.2991212
            b:e 1462.1287509
            b:c 1639.3822953
            b:n 1186.2355607
            b:w 1186.0397901
            e:c 12406.4045554
            e:n 4749.2610825
            e:w 4753.9856764
            c:n 4149.8844425
            c:w 4149.5370650
            n:w 12651.5993143
          b:e:c 1458.0807652
          b:e:n 625.6226968
          b:e:w 625.7824271
          b:c:n 625.8875045
          b:c:w 625.7276117
          b:n:w 1450.9734466
          e:c:n 4272.0575498
          e:c:w 4272.9737251
          e:n:w 6215.8086892
          c:n:w 5375.4960801
        b:e:c:n 1187.4582821
        b:e:c:w 1187.6542153
        b:e:n:w 1613.5528432
        b:c:n:w 1440.8389445
        e:c:n:w 48403.4657798
