########################################
# legofit: estimate population history #
#       version 2.3.4-4-g53f8760       #
########################################

# Program was compiled: Sep 21 2021 14:36:42
# Program was run: Tue Oct 19 16:53:48 2021

# cmd: legofit -1 -d 0 -t 32 --ptsPerDim 3 --stateOut b1boot34.state --tol 3e-6 -S 5000 beh2.lgo ../../chrX/boot_chrX/boot34.opf
# Stage nOptItr nSimReps
#     0    5000        0
# algorithm          : deterministic
# ignoring probs <=  : 0
# Branch length floor: 0
# DE strategy        : 2
#    F               : 0.3
#    CR              : 0.8
#    tolerance       : 3e-06
# nthreads           : 32
# lgo input file     : beh2.lgo
# site pat input file: ../../chrX/boot_chrX/boot34.opf
# free parameters    : 13
# points in DE swarm : 39
# output state file  : b1boot34.state
# Including singleton site patterns.
# cost function      : KL
Initial parameter values
Fixed:
      zero = 0
       one = 1
    Tbecnw = 75200
Free:
       pc1 = 0
       pc2 = 0
       pc3 = 0
       pc4 = 0
       pc5 = 0
       pc6 = 0
       pc7 = 0
       pc8 = 0
       pc9 = 0
      pc10 = 0
      pc11 = 0
      pc12 = 0
      pc13 = 0
Constrained:
     Tecnw = 44758.3
       Tnw = 4964.39
       Tec = 4707.94
     twoNb = 1.31693e+06
     twoNe = 103729
     twoNw = 712788
    twoNec = 64259.4
    twoNnw = 119533
  twoNecnw = 23235.2
  twoNbecnw = 55361.3
        m2 = 0.0209697
        m5 = 0.133402
        m8 = 0.301571
        Th = 4836.17
        Tb = 24797.3
        Te = 2353.97
DiffEv reached_goal. cost=2.39978e-03 spread=2.91141e-06
Fitted parameter values
Free:
       pc1 = -3.99144
       pc2 = 1.22567
       pc3 = 1.93242
       pc4 = -1.85988
       pc5 = 1.27163
       pc6 = 1.66726
       pc7 = -1.56719
       pc8 = 1.85502
       pc9 = 0.424614
      pc10 = 0.606735
      pc11 = 0.429849
      pc12 = 0.135327
      pc13 = 0.0877677
Constrained:
     Tecnw = 43435.5
       Tnw = 1573.79
       Tec = 1414.33
     twoNb = 2.71215e+06
     twoNe = 82801.5
     twoNw = 841481
    twoNec = 71964.9
    twoNnw = 141858
  twoNecnw = 22943.2
  twoNbecnw = 54178.4
        m2 = 0.0295928
        m5 = 0.161897
        m8 = 0.271861
        Th = 1494.06
        Tb = 22464.8
        Te = 707.167
#       SitePat  BranchLen
              b 121839.7212806
              e 44718.3785788
              c 46989.0532179
              n 44415.6774931
              w 44405.4498960
            b:e 1329.3086344
            b:c 1517.1464134
            b:n 1101.1520123
            b:w 1100.7918822
            e:c 11958.2057514
            e:n 4692.8605917
            e:w 4701.6503030
            c:n 4024.4125088
            c:w 4024.0659841
            n:w 12052.1750657
          b:e:c 1324.9716871
          b:e:n 581.8123956
          b:e:w 582.0857991
          b:c:n 582.1990432
          b:c:w 581.9253466
          b:n:w 1318.3405269
          e:c:n 4228.1899074
          e:c:w 4229.9743179
          e:n:w 6074.0422260
          c:n:w 5143.9835519
        b:e:c:n 1102.0757943
        b:e:c:w 1102.4362174
        b:e:n:w 1491.7186246
        b:c:n:w 1309.0710872
        e:c:n:w 48747.0459161
