########################################
# legofit: estimate population history #
#       version 2.3.4-4-g53f8760       #
########################################

# Program was compiled: Sep 21 2021 14:36:42
# Program was run: Tue Oct 19 16:54:11 2021

# cmd: legofit -1 -d 0 -t 32 --ptsPerDim 3 --stateOut b1boot48.state --tol 3e-6 -S 5000 beh2.lgo ../../chrX/boot_chrX/boot48.opf
# Stage nOptItr nSimReps
#     0    5000        0
# algorithm          : deterministic
# ignoring probs <=  : 0
# Branch length floor: 0
# DE strategy        : 2
#    F               : 0.3
#    CR              : 0.8
#    tolerance       : 3e-06
# nthreads           : 32
# lgo input file     : beh2.lgo
# site pat input file: ../../chrX/boot_chrX/boot48.opf
# free parameters    : 13
# points in DE swarm : 39
# output state file  : b1boot48.state
# Including singleton site patterns.
# cost function      : KL
Initial parameter values
Fixed:
      zero = 0
       one = 1
    Tbecnw = 75200
Free:
       pc1 = 0
       pc2 = 0
       pc3 = 0
       pc4 = 0
       pc5 = 0
       pc6 = 0
       pc7 = 0
       pc8 = 0
       pc9 = 0
      pc10 = 0
      pc11 = 0
      pc12 = 0
      pc13 = 0
Constrained:
     Tecnw = 44758.3
       Tnw = 4964.39
       Tec = 4707.94
     twoNb = 1.31693e+06
     twoNe = 103729
     twoNw = 712788
    twoNec = 64259.4
    twoNnw = 119533
  twoNecnw = 23235.2
  twoNbecnw = 55361.3
        m2 = 0.0209697
        m5 = 0.133402
        m8 = 0.301571
        Th = 4836.17
        Tb = 24797.3
        Te = 2353.97
DiffEv reached_goal. cost=2.48203e-03 spread=2.98033e-06
Fitted parameter values
Free:
       pc1 = -3.93629
       pc2 = -2.05622
       pc3 = 1.98898
       pc4 = -1.75422
       pc5 = 1.42724
       pc6 = -0.392881
       pc7 = -0.847902
       pc8 = 0.142423
       pc9 = -0.463241
      pc10 = -0.106835
      pc11 = 0.264556
      pc12 = -0.224179
      pc13 = 0.0468171
Constrained:
     Tecnw = 44847.7
       Tnw = 1150.88
       Tec = 1100.27
     twoNb = 2.24147e+06
     twoNe = 193360
     twoNw = 910468
    twoNec = 72520.6
    twoNnw = 150231
  twoNecnw = 22394.8
  twoNbecnw = 55707.1
        m2 = 0.0387176
        m5 = 0.1361
        m8 = 0.295882
        Th = 1125.57
        Tb = 22986.7
        Te = 550.135
#       SitePat  BranchLen
              b 122791.4292148
              e 46069.9025321
              c 47969.4267653
              n 45425.6918753
              w 45420.5153039
            b:e 1480.7633071
            b:c 1653.1204777
            b:n 1165.9396030
            b:w 1165.7516043
            e:c 12034.0904988
            e:n 4766.4218593
            e:w 4771.1254930
            c:n 4207.4149857
            c:w 4206.9940952
            n:w 12144.2990753
          b:e:c 1402.0023606
          b:e:n 622.8507182
          b:e:w 623.0092799
          b:c:n 623.1623082
          b:c:w 623.0035128
          b:n:w 1391.4709882
          e:c:n 4252.1215583
          e:c:w 4253.0153865
          e:n:w 6178.5323640
          c:n:w 5395.1483728
        b:e:c:n 1167.8456282
        b:e:c:w 1168.0338606
        b:e:n:w 1614.4804742
        b:c:n:w 1448.8155101
        e:c:n:w 48537.4835271
