########################################
# legofit: estimate population history #
#       version 2.3.4-4-g53f8760       #
########################################

# Program was compiled: Sep 21 2021 14:36:42
# Program was run: Tue Oct 19 16:53:09 2021

# cmd: legofit -1 -d 0 -t 32 --ptsPerDim 3 --stateOut b1boot2.state --tol 3e-6 -S 5000 beh2.lgo ../../chrX/boot_chrX/boot2.opf
# Stage nOptItr nSimReps
#     0    5000        0
# algorithm          : deterministic
# ignoring probs <=  : 0
# Branch length floor: 0
# DE strategy        : 2
#    F               : 0.3
#    CR              : 0.8
#    tolerance       : 3e-06
# nthreads           : 32
# lgo input file     : beh2.lgo
# site pat input file: ../../chrX/boot_chrX/boot2.opf
# free parameters    : 13
# points in DE swarm : 39
# output state file  : b1boot2.state
# Including singleton site patterns.
# cost function      : KL
Initial parameter values
Fixed:
      zero = 0
       one = 1
    Tbecnw = 75200
Free:
       pc1 = 0
       pc2 = 0
       pc3 = 0
       pc4 = 0
       pc5 = 0
       pc6 = 0
       pc7 = 0
       pc8 = 0
       pc9 = 0
      pc10 = 0
      pc11 = 0
      pc12 = 0
      pc13 = 0
Constrained:
     Tecnw = 44758.3
       Tnw = 4964.39
       Tec = 4707.94
     twoNb = 1.31693e+06
     twoNe = 103729
     twoNw = 712788
    twoNec = 64259.4
    twoNnw = 119533
  twoNecnw = 23235.2
  twoNbecnw = 55361.3
        m2 = 0.0209697
        m5 = 0.133402
        m8 = 0.301571
        Th = 4836.17
        Tb = 24797.3
        Te = 2353.97
DiffEv reached_goal. cost=2.59688e-03 spread=2.84801e-06
Fitted parameter values
Free:
       pc1 = -3.95017
       pc2 = -1.3323
       pc3 = 1.89691
       pc4 = -1.38563
       pc5 = 1.27674
       pc6 = -0.423407
       pc7 = -0.898247
       pc8 = 1.38618
       pc9 = 0.596428
      pc10 = -0.479903
      pc11 = 0.147052
      pc12 = -0.0897513
      pc13 = -0.112891
Constrained:
     Tecnw = 45053.3
       Tnw = 1005.4
       Tec = 971.982
     twoNb = 2.47292e+06
     twoNe = 169763
     twoNw = 981065
    twoNec = 74606.3
    twoNnw = 140726
  twoNecnw = 22408.3
  twoNbecnw = 54656.9
        m2 = 0.0344281
        m5 = 0.138009
        m8 = 0.283036
        Th = 988.691
        Tb = 23021
        Te = 485.991
#       SitePat  BranchLen
              b 121938.4878353
              e 45814.1268546
              c 47864.0553022
              n 44873.6053300
              w 44869.6032569
            b:e 1435.3258147
            b:c 1611.8671329
            b:n 1132.3849029
            b:w 1132.2426699
            e:c 12191.5095786
            e:n 4727.6851078
            e:w 4731.4129580
            c:n 4124.7175105
            c:w 4124.3093916
            n:w 12579.9075013
          b:e:c 1401.3579301
          b:e:n 601.6739117
          b:e:w 601.7994182
          b:c:n 601.9228913
          b:c:w 601.7972394
          b:n:w 1392.8350844
          e:c:n 4158.0099869
          e:c:w 4158.6923287
          e:n:w 6199.0305626
          c:n:w 5353.4235492
        b:e:c:n 1133.9074875
        b:e:c:w 1134.0498660
        b:e:n:w 1580.5163687
        b:c:n:w 1409.4779792
        e:c:n:w 47840.5483581
