########################################
# legofit: estimate population history #
#       version 2.3.4-4-g53f8760       #
########################################

# Program was compiled: Sep 21 2021 14:36:42
# Program was run: Tue Oct 19 16:53:25 2021

# cmd: legofit -1 -d 0 -t 32 --ptsPerDim 3 --stateOut b1boot13.state --tol 3e-6 -S 5000 beh2.lgo ../../chrX/boot_chrX/boot13.opf
# Stage nOptItr nSimReps
#     0    5000        0
# algorithm          : deterministic
# ignoring probs <=  : 0
# Branch length floor: 0
# DE strategy        : 2
#    F               : 0.3
#    CR              : 0.8
#    tolerance       : 3e-06
# nthreads           : 32
# lgo input file     : beh2.lgo
# site pat input file: ../../chrX/boot_chrX/boot13.opf
# free parameters    : 13
# points in DE swarm : 39
# output state file  : b1boot13.state
# Including singleton site patterns.
# cost function      : KL
Initial parameter values
Fixed:
      zero = 0
       one = 1
    Tbecnw = 75200
Free:
       pc1 = 0
       pc2 = 0
       pc3 = 0
       pc4 = 0
       pc5 = 0
       pc6 = 0
       pc7 = 0
       pc8 = 0
       pc9 = 0
      pc10 = 0
      pc11 = 0
      pc12 = 0
      pc13 = 0
Constrained:
     Tecnw = 44758.3
       Tnw = 4964.39
       Tec = 4707.94
     twoNb = 1.31693e+06
     twoNe = 103729
     twoNw = 712788
    twoNec = 64259.4
    twoNnw = 119533
  twoNecnw = 23235.2
  twoNbecnw = 55361.3
        m2 = 0.0209697
        m5 = 0.133402
        m8 = 0.301571
        Th = 4836.17
        Tb = 24797.3
        Te = 2353.97
DiffEv reached_goal. cost=2.64115e-03 spread=2.94279e-06
Fitted parameter values
Free:
       pc1 = -3.99892
       pc2 = -0.546836
       pc3 = 1.9525
       pc4 = -1.68754
       pc5 = 1.53638
       pc6 = 1.46833
       pc7 = -1.4256
       pc8 = 0.48813
       pc9 = 0.431367
      pc10 = 0.0847888
      pc11 = 0.361965
      pc12 = -0.0494497
      pc13 = 0.10093
Constrained:
     Tecnw = 44163
       Tnw = 1556.2
       Tec = 1400.78
     twoNb = 2.40126e+06
     twoNe = 98087.1
     twoNw = 954817
    twoNec = 71741.8
    twoNnw = 144093
  twoNecnw = 22792.9
  twoNbecnw = 55423.1
        m2 = 0.0375361
        m5 = 0.153156
        m8 = 0.276997
        Th = 1478.49
        Tb = 22820.8
        Te = 700.389
#       SitePat  BranchLen
              b 122609.7246427
              e 45499.8049056
              c 47698.1998470
              n 45020.9692677
              w 45012.3047907
            b:e 1445.5806099
            b:c 1642.6183522
            b:n 1150.9078141
            b:w 1150.5930555
            e:c 12170.0109730
            e:n 4731.0602275
            e:w 4738.4492062
            c:n 4089.8350649
            c:w 4089.6023576
            n:w 12265.6502916
          b:e:c 1403.2760348
          b:e:n 609.0551749
          b:e:w 609.2905397
          b:c:n 609.4486498
          b:c:w 609.2129234
          b:n:w 1393.5204316
          e:c:n 4256.5445426
          e:c:w 4258.0527482
          e:n:w 6246.0320811
          c:n:w 5330.3812631
        b:e:c:n 1152.4972793
        b:e:c:w 1152.8123995
        b:e:n:w 1606.5903472
        b:c:n:w 1416.5646342
        e:c:n:w 48682.6358191
