########################################
# legofit: estimate population history #
#       version 2.3.4-4-g53f8760       #
########################################

# Program was compiled: Sep 21 2021 14:36:42
# Program was run: Tue Oct 19 16:53:40 2021

# cmd: legofit -1 -d 0 -t 32 --ptsPerDim 3 --stateOut b1boot29.state --tol 3e-6 -S 5000 beh2.lgo ../../chrX/boot_chrX/boot29.opf
# Stage nOptItr nSimReps
#     0    5000        0
# algorithm          : deterministic
# ignoring probs <=  : 0
# Branch length floor: 0
# DE strategy        : 2
#    F               : 0.3
#    CR              : 0.8
#    tolerance       : 3e-06
# nthreads           : 32
# lgo input file     : beh2.lgo
# site pat input file: ../../chrX/boot_chrX/boot29.opf
# free parameters    : 13
# points in DE swarm : 39
# output state file  : b1boot29.state
# Including singleton site patterns.
# cost function      : KL
Initial parameter values
Fixed:
      zero = 0
       one = 1
    Tbecnw = 75200
Free:
       pc1 = 0
       pc2 = 0
       pc3 = 0
       pc4 = 0
       pc5 = 0
       pc6 = 0
       pc7 = 0
       pc8 = 0
       pc9 = 0
      pc10 = 0
      pc11 = 0
      pc12 = 0
      pc13 = 0
Constrained:
     Tecnw = 44758.3
       Tnw = 4964.39
       Tec = 4707.94
     twoNb = 1.31693e+06
     twoNe = 103729
     twoNw = 712788
    twoNec = 64259.4
    twoNnw = 119533
  twoNecnw = 23235.2
  twoNbecnw = 55361.3
        m2 = 0.0209697
        m5 = 0.133402
        m8 = 0.301571
        Th = 4836.17
        Tb = 24797.3
        Te = 2353.97
DiffEv reached_goal. cost=2.62269e-03 spread=2.78080e-06
Fitted parameter values
Free:
       pc1 = -3.84575
       pc2 = 0.435708
       pc3 = 1.95515
       pc4 = -1.96036
       pc5 = 1.93906
       pc6 = -0.76413
       pc7 = -1.39418
       pc8 = 0.952403
       pc9 = 0.0221734
      pc10 = 0.313427
      pc11 = 0.448478
      pc12 = -0.0899824
      pc13 = 0.0615288
Constrained:
     Tecnw = 43713.2
       Tnw = 1305.95
       Tec = 1239.91
     twoNb = 2.18821e+06
     twoNe = 233975
     twoNw = 917530
    twoNec = 72266
    twoNnw = 146601
  twoNecnw = 22771.6
  twoNbecnw = 54041.2
        m2 = 0.033166
        m5 = 0.145539
        m8 = 0.282605
        Th = 1272.93
        Tb = 22493.1
        Te = 619.955
#       SitePat  BranchLen
              b 121628.0593024
              e 45114.6511788
              c 47118.6825382
              n 44694.9408925
              w 44688.7748853
            b:e 1366.7896933
            b:c 1537.2414637
            b:n 1105.0534452
            b:w 1104.8375960
            e:c 11909.9192664
            e:n 4676.4726688
            e:w 4682.0652812
            c:n 4084.1090055
            c:w 4083.6166478
            n:w 11972.0992966
          b:e:c 1324.8144546
          b:e:n 586.1517166
          b:e:w 586.3331489
          b:c:n 586.4727225
          b:c:w 586.2910485
          b:n:w 1315.6824950
          e:c:n 4217.1850716
          e:c:w 4218.2508241
          e:n:w 6032.5399048
          c:n:w 5212.6866587
        b:e:c:n 1106.6143823
        b:e:c:w 1106.8304731
        b:e:n:w 1502.7062968
        b:c:n:w 1338.6098043
        e:c:n:w 48351.1636818
