########################################
# legofit: estimate population history #
#       version 2.3.4-4-g53f8760       #
########################################

# Program was compiled: Sep 21 2021 14:36:42
# Program was run: Tue Oct 19 16:53:55 2021

# cmd: legofit -1 -d 0 -t 32 --ptsPerDim 3 --stateOut b1boot37.state --tol 3e-6 -S 5000 beh2.lgo ../../chrX/boot_chrX/boot37.opf
# Stage nOptItr nSimReps
#     0    5000        0
# algorithm          : deterministic
# ignoring probs <=  : 0
# Branch length floor: 0
# DE strategy        : 2
#    F               : 0.3
#    CR              : 0.8
#    tolerance       : 3e-06
# nthreads           : 32
# lgo input file     : beh2.lgo
# site pat input file: ../../chrX/boot_chrX/boot37.opf
# free parameters    : 13
# points in DE swarm : 39
# output state file  : b1boot37.state
# Including singleton site patterns.
# cost function      : KL
Initial parameter values
Fixed:
      zero = 0
       one = 1
    Tbecnw = 75200
Free:
       pc1 = 0
       pc2 = 0
       pc3 = 0
       pc4 = 0
       pc5 = 0
       pc6 = 0
       pc7 = 0
       pc8 = 0
       pc9 = 0
      pc10 = 0
      pc11 = 0
      pc12 = 0
      pc13 = 0
Constrained:
     Tecnw = 44758.3
       Tnw = 4964.39
       Tec = 4707.94
     twoNb = 1.31693e+06
     twoNe = 103729
     twoNw = 712788
    twoNec = 64259.4
    twoNnw = 119533
  twoNecnw = 23235.2
  twoNbecnw = 55361.3
        m2 = 0.0209697
        m5 = 0.133402
        m8 = 0.301571
        Th = 4836.17
        Tb = 24797.3
        Te = 2353.97
DiffEv reached_goal. cost=2.47558e-03 spread=2.27770e-06
Fitted parameter values
Free:
       pc1 = -3.96564
       pc2 = -0.0589274
       pc3 = 1.97488
       pc4 = -0.9837
       pc5 = 1.93797
       pc6 = 0.0784074
       pc7 = 0.193822
       pc8 = 0.250184
       pc9 = -0.733019
      pc10 = -0.172417
      pc11 = 0.150355
      pc12 = -0.189682
      pc13 = 0.115123
Constrained:
     Tecnw = 43877.6
       Tnw = 1549.42
       Tec = 1206.11
     twoNb = 2.3262e+06
     twoNe = 180738
     twoNw = 927930
    twoNec = 75736.5
    twoNnw = 148144
  twoNecnw = 23460.5
  twoNbecnw = 55597.4
        m2 = 0.0303558
        m5 = 0.135302
        m8 = 0.286118
        Th = 1377.77
        Tb = 22627.7
        Te = 603.055
#       SitePat  BranchLen
              b 122658.2762273
              e 45823.3638780
              c 47675.2860952
              n 45308.9040332
              w 45297.3812447
            b:e 1451.5900491
            b:c 1612.9679943
            b:n 1194.5123568
            b:w 1194.0790403
            e:c 11998.1992951
            e:n 4771.2951049
            e:w 4779.7894063
            c:n 4225.3110107
            c:w 4226.2693133
            n:w 12110.7266697
          b:e:c 1410.1261825
          b:e:n 636.9365991
          b:e:w 637.1759785
          b:c:n 637.2962334
          b:c:w 637.0564472
          b:n:w 1402.2126391
          e:c:n 4381.9242832
          e:c:w 4383.9944678
          e:n:w 6132.5244585
          c:n:w 5374.7347845
        b:e:c:n 1195.7333546
        b:e:c:w 1196.1670779
        b:e:n:w 1582.9550119
        b:c:n:w 1426.7086076
        e:c:n:w 48492.0186522
