########################################
# legofit: estimate population history #
#       version 2.3.4-4-g53f8760       #
########################################

# Program was compiled: Sep 21 2021 14:36:42
# Program was run: Tue Oct 19 16:53:55 2021

# cmd: legofit -1 -d 0 -t 32 --ptsPerDim 3 --stateOut b1boot38.state --tol 3e-6 -S 5000 beh2.lgo ../../chrX/boot_chrX/boot38.opf
# Stage nOptItr nSimReps
#     0    5000        0
# algorithm          : deterministic
# ignoring probs <=  : 0
# Branch length floor: 0
# DE strategy        : 2
#    F               : 0.3
#    CR              : 0.8
#    tolerance       : 3e-06
# nthreads           : 32
# lgo input file     : beh2.lgo
# site pat input file: ../../chrX/boot_chrX/boot38.opf
# free parameters    : 13
# points in DE swarm : 39
# output state file  : b1boot38.state
# Including singleton site patterns.
# cost function      : KL
Initial parameter values
Fixed:
      zero = 0
       one = 1
    Tbecnw = 75200
Free:
       pc1 = 0
       pc2 = 0
       pc3 = 0
       pc4 = 0
       pc5 = 0
       pc6 = 0
       pc7 = 0
       pc8 = 0
       pc9 = 0
      pc10 = 0
      pc11 = 0
      pc12 = 0
      pc13 = 0
Constrained:
     Tecnw = 44758.3
       Tnw = 4964.39
       Tec = 4707.94
     twoNb = 1.31693e+06
     twoNe = 103729
     twoNw = 712788
    twoNec = 64259.4
    twoNnw = 119533
  twoNecnw = 23235.2
  twoNbecnw = 55361.3
        m2 = 0.0209697
        m5 = 0.133402
        m8 = 0.301571
        Th = 4836.17
        Tb = 24797.3
        Te = 2353.97
DiffEv reached_goal. cost=2.74654e-03 spread=2.72856e-06
Fitted parameter values
Free:
       pc1 = -3.98293
       pc2 = -1.92092
       pc3 = 1.99118
       pc4 = -1.37043
       pc5 = 1.81712
       pc6 = 0.436645
       pc7 = -0.709112
       pc8 = 0.602509
       pc9 = -0.188171
      pc10 = 0.75629
      pc11 = 0.235926
      pc12 = -0.00348763
      pc13 = 0.0286978
Constrained:
     Tecnw = 44255.9
       Tnw = 1291.01
       Tec = 1189.08
     twoNb = 2.49199e+06
     twoNe = 142875
     twoNw = 1.05171e+06
    twoNec = 72613.6
    twoNnw = 147406
  twoNecnw = 22178.2
  twoNbecnw = 55948.2
        m2 = 0.0356583
        m5 = 0.140068
        m8 = 0.293876
        Th = 1240.05
        Tb = 22748
        Te = 594.541
#       SitePat  BranchLen
              b 123338.5758468
              e 45506.5010133
              c 47435.1048530
              n 44849.2799457
              w 44843.5003820
            b:e 1420.3124732
            b:c 1590.0431611
            b:n 1123.9455797
            b:w 1123.7398969
            e:c 11813.2310225
            e:n 4717.8391108
            e:w 4722.8117397
            c:n 4150.5477623
            c:w 4150.3491361
            n:w 11970.5664483
          b:e:c 1346.8271020
          b:e:n 601.4128482
          b:e:w 601.5693664
          b:c:n 601.6962767
          b:c:w 601.5395462
          b:n:w 1338.1724086
          e:c:n 4213.1061867
          e:c:w 4214.1117476
          e:n:w 6118.2547509
          c:n:w 5323.3618422
        b:e:c:n 1125.4235953
        b:e:c:w 1125.6294904
        b:e:n:w 1557.3649666
        b:c:n:w 1393.4236917
        e:c:n:w 49805.2808361
