########################################
# legofit: estimate population history #
#       version 2.3.4-4-g53f8760       #
########################################

# Program was compiled: Sep 21 2021 14:36:42
# Program was run: Tue Oct 19 16:53:26 2021

# cmd: legofit -1 -d 0 -t 32 --ptsPerDim 3 --stateOut b1boot16.state --tol 3e-6 -S 5000 beh2.lgo ../../chrX/boot_chrX/boot16.opf
# Stage nOptItr nSimReps
#     0    5000        0
# algorithm          : deterministic
# ignoring probs <=  : 0
# Branch length floor: 0
# DE strategy        : 2
#    F               : 0.3
#    CR              : 0.8
#    tolerance       : 3e-06
# nthreads           : 32
# lgo input file     : beh2.lgo
# site pat input file: ../../chrX/boot_chrX/boot16.opf
# free parameters    : 13
# points in DE swarm : 39
# output state file  : b1boot16.state
# Including singleton site patterns.
# cost function      : KL
Initial parameter values
Fixed:
      zero = 0
       one = 1
    Tbecnw = 75200
Free:
       pc1 = 0
       pc2 = 0
       pc3 = 0
       pc4 = 0
       pc5 = 0
       pc6 = 0
       pc7 = 0
       pc8 = 0
       pc9 = 0
      pc10 = 0
      pc11 = 0
      pc12 = 0
      pc13 = 0
Constrained:
     Tecnw = 44758.3
       Tnw = 4964.39
       Tec = 4707.94
     twoNb = 1.31693e+06
     twoNe = 103729
     twoNw = 712788
    twoNec = 64259.4
    twoNnw = 119533
  twoNecnw = 23235.2
  twoNbecnw = 55361.3
        m2 = 0.0209697
        m5 = 0.133402
        m8 = 0.301571
        Th = 4836.17
        Tb = 24797.3
        Te = 2353.97
DiffEv reached_goal. cost=2.57548e-03 spread=2.99365e-06
Fitted parameter values
Free:
       pc1 = -3.99531
       pc2 = -1.92605
       pc3 = 1.98176
       pc4 = -1.45611
       pc5 = -0.165436
       pc6 = 0.408082
       pc7 = -1.15505
       pc8 = 0.467252
       pc9 = 0.109239
      pc10 = -0.126892
      pc11 = 0.11534
      pc12 = -0.0428992
      pc13 = 0.00506467
Constrained:
     Tecnw = 45116.9
       Tnw = 1220.69
       Tec = 1199.47
     twoNb = 2.35753e+06
     twoNe = 78427.7
     twoNw = 672892
    twoNec = 72165.4
    twoNnw = 143537
  twoNecnw = 22197.9
  twoNbecnw = 55426.2
        m2 = 0.0389573
        m5 = 0.138203
        m8 = 0.288733
        Th = 1210.08
        Tb = 23163.5
        Te = 599.734
#       SitePat  BranchLen
              b 122581.5305528
              e 45948.4116069
              c 47968.6085233
              n 45136.3672643
              w 45129.7163523
            b:e 1470.9241193
            b:c 1652.1799203
            b:n 1145.0858379
            b:w 1144.8474314
            e:c 12194.6190188
            e:n 4732.8527319
            e:w 4739.2442028
            c:n 4142.6187563
            c:w 4141.7440451
            n:w 12433.2262863
          b:e:c 1412.3427172
          b:e:n 608.4816116
          b:e:w 608.7040386
          b:c:n 608.8508682
          b:c:w 608.6281539
          b:n:w 1402.1232039
          e:c:n 4179.2808782
          e:c:w 4180.4150303
          e:n:w 6232.2645379
          c:n:w 5392.9850107
        b:e:c:n 1146.8233653
        b:e:c:w 1147.0620590
        b:e:n:w 1615.1979944
        b:c:n:w 1440.4655656
        e:c:n:w 48376.6235272
