########################################
# legofit: estimate population history #
#       version 2.3.4-4-g53f8760       #
########################################

# Program was compiled: Sep 21 2021 14:36:42
# Program was run: Fri Oct  8 13:39:04 2021

# cmd: legofit -1 -d 0 -t 32 --ptsPerDim 3 --stateOut b1.state --tol 3e-6 -S 5000 bde2.lgo ../../pan.opf
# Stage nOptItr nSimReps
#     0    5000        0
# algorithm          : deterministic
# ignoring probs <=  : 0
# Branch length floor: 0
# DE strategy        : 2
#    F               : 0.3
#    CR              : 0.8
#    tolerance       : 3e-06
# nthreads           : 32
# lgo input file     : bde2.lgo
# site pat input file: ../../pan.opf
# free parameters    : 14
# points in DE swarm : 42
# output state file  : b1.state
# Including singleton site patterns.
# cost function      : KL
Initial parameter values
Fixed:
      zero = 0
       one = 1
    Tbecnw = 75200
Free:
       pc1 = 0
       pc2 = 0
       pc3 = 0
       pc4 = 0
       pc5 = 0
       pc6 = 0
       pc7 = 0
       pc8 = 0
       pc9 = 0
      pc10 = 0
      pc11 = 0
      pc12 = 0
      pc13 = 0
      pc14 = 0
Constrained:
     Tecnw = 40190.6
       Tnw = 3490.95
       Tec = 7322.57
     twoNb = 1.0182e+06
     twoNe = 150004
     twoNc = 258687
     twoNw = 1.37364e+06
    twoNec = 236286
    twoNnw = 170491
  twoNecnw = 31163.6
  twoNbecnw = 76765.9
        m2 = 0.00515668
        m4 = 4.61552e-05
        m5 = 0.224331
        Tb = 23756.6
        Td = 3661.28
        Te = 1830.64
DiffEv reached_goal. cost=3.00485e-03 spread=2.17885e-06
Fitted parameter values
Free:
       pc1 = 3.78192
       pc2 = -1.69308
       pc3 = 0.712988
       pc4 = 0.519425
       pc5 = -1.56529
       pc6 = -0.782909
       pc7 = -0.362365
       pc8 = -1.98708
       pc9 = -0.648044
      pc10 = 0.513307
      pc11 = 0.29409
      pc12 = -0.0802485
      pc13 = 0.136813
      pc14 = -0.0228422
Constrained:
     Tecnw = 40797.6
       Tnw = 45.6334
       Tec = 13.6437
     twoNb = 1.64881e+06
     twoNe = 122175
     twoNc = 93369.8
     twoNw = 1.12612e+06
    twoNec = 295528
    twoNnw = 198849
  twoNecnw = 30249.7
  twoNbecnw = 77196.6
        m2 = 0.00989948
        m4 = 5.80686e-05
        m5 = 0.22634
        Tb = 20405.6
        Td = 6.82184
        Te = 3.41092
#       SitePat  BranchLen
              b 138140.3673329
              e 53016.9098621
              c 56632.2395954
              n 50601.1258855
              w 50600.6476538
            b:e 2443.9587218
            b:c 2836.0235796
            b:n 2118.3902041
            b:w 2118.3616877
            e:c 10977.6203017
            e:n 5777.8455367
            e:w 5778.3237683
            c:n 4707.0761839
            c:w 4706.9853743
            n:w 13623.0284900
          b:e:c 2253.3056859
          b:e:n 1241.9646934
          b:e:w 1241.9932099
          b:c:n 1242.2480468
          b:c:w 1242.2195118
          b:n:w 2249.0399602
          e:c:n 5993.8582766
          e:c:w 5993.9490863
          e:n:w 8342.9838575
          c:n:w 6861.7944886
        b:e:c:n 2120.2995201
        b:e:c:w 2120.3280551
        b:e:n:w 2808.2925627
        b:c:n:w 2423.6854321
        e:c:n:w 56488.8450659
