########################################
# legofit: estimate population history #
#       version 2.3.4-4-g53f8760       #
########################################

# Program was compiled: Sep 21 2021 14:36:42
# Program was run: Fri Oct  8 13:39:42 2021

# cmd: legofit -1 -d 0 -t 32 --ptsPerDim 3 --stateOut b1boot34.state --tol 3e-6 -S 5000 bde2.lgo ../../boot/boot34.opf
# Stage nOptItr nSimReps
#     0    5000        0
# algorithm          : deterministic
# ignoring probs <=  : 0
# Branch length floor: 0
# DE strategy        : 2
#    F               : 0.3
#    CR              : 0.8
#    tolerance       : 3e-06
# nthreads           : 32
# lgo input file     : bde2.lgo
# site pat input file: ../../boot/boot34.opf
# free parameters    : 14
# points in DE swarm : 42
# output state file  : b1boot34.state
# Including singleton site patterns.
# cost function      : KL
Initial parameter values
Fixed:
      zero = 0
       one = 1
    Tbecnw = 75200
Free:
       pc1 = 0
       pc2 = 0
       pc3 = 0
       pc4 = 0
       pc5 = 0
       pc6 = 0
       pc7 = 0
       pc8 = 0
       pc9 = 0
      pc10 = 0
      pc11 = 0
      pc12 = 0
      pc13 = 0
      pc14 = 0
Constrained:
     Tecnw = 40190.6
       Tnw = 3490.95
       Tec = 7322.57
     twoNb = 1.0182e+06
     twoNe = 150004
     twoNc = 258687
     twoNw = 1.37364e+06
    twoNec = 236286
    twoNnw = 170491
  twoNecnw = 31163.6
  twoNbecnw = 76765.9
        m2 = 0.00515668
        m4 = 4.61552e-05
        m5 = 0.224331
        Tb = 23756.6
        Td = 3661.28
        Te = 1830.64
DiffEv reached_goal. cost=2.97276e-03 spread=2.48480e-06
Fitted parameter values
Free:
       pc1 = 3.93061
       pc2 = -1.96804
       pc3 = 1.24511
       pc4 = 0.917113
       pc5 = -1.88812
       pc6 = -1.96957
       pc7 = -0.171979
       pc8 = -1.90582
       pc9 = -0.611185
      pc10 = 0.667349
      pc11 = -0.0128672
      pc12 = -0.0298428
      pc13 = 0.0570628
      pc14 = 0.0631305
Constrained:
     Tecnw = 40749.9
       Tnw = 8.15276
       Tec = 20.6138
     twoNb = 1.98754e+06
     twoNe = 13916
     twoNc = 73475.9
     twoNw = 1.39323e+06
    twoNec = 300457
    twoNnw = 198016
  twoNecnw = 30154.1
  twoNbecnw = 76979.6
        m2 = 0.0107424
        m4 = 7.70558e-05
        m5 = 0.226921
        Tb = 20385.3
        Td = 10.3069
        Te = 5.15344
#       SitePat  BranchLen
              b 138011.0530503
              e 53012.7557435
              c 56653.2336662
              n 50462.3764742
              w 50462.3490075
            b:e 2438.8925505
            b:c 2833.5265154
            b:n 2096.9545047
            b:w 2096.9528774
            e:c 10865.3060177
            e:n 5769.4897571
            e:w 5769.5172238
            c:n 4692.9145671
            c:w 4692.9093677
            n:w 13598.3145784
          b:e:c 2232.1451046
          b:e:n 1234.0307942
          b:e:w 1234.0324214
          b:c:n 1234.2628228
          b:c:w 1234.2611946
          b:n:w 2228.3292971
          e:c:n 5950.4023362
          e:c:w 5950.4075356
          e:n:w 8362.5424003
          c:n:w 6867.9911462
        b:e:c:n 2098.6887110
        b:e:c:w 2098.6903392
        b:e:n:w 2808.4419351
        b:c:n:w 2420.6035460
        e:c:n:w 56475.5227940
