########################################
# legofit: estimate population history #
#       version 2.3.4-4-g53f8760       #
########################################

# Program was compiled: Sep 21 2021 14:36:42
# Program was run: Fri Oct  8 13:39:59 2021

# cmd: legofit -1 -d 0 -t 32 --ptsPerDim 3 --stateOut b1boot42.state --tol 3e-6 -S 5000 bde2.lgo ../../boot/boot42.opf
# Stage nOptItr nSimReps
#     0    5000        0
# algorithm          : deterministic
# ignoring probs <=  : 0
# Branch length floor: 0
# DE strategy        : 2
#    F               : 0.3
#    CR              : 0.8
#    tolerance       : 3e-06
# nthreads           : 32
# lgo input file     : bde2.lgo
# site pat input file: ../../boot/boot42.opf
# free parameters    : 14
# points in DE swarm : 42
# output state file  : b1boot42.state
# Including singleton site patterns.
# cost function      : KL
Initial parameter values
Fixed:
      zero = 0
       one = 1
    Tbecnw = 75200
Free:
       pc1 = 0
       pc2 = 0
       pc3 = 0
       pc4 = 0
       pc5 = 0
       pc6 = 0
       pc7 = 0
       pc8 = 0
       pc9 = 0
      pc10 = 0
      pc11 = 0
      pc12 = 0
      pc13 = 0
      pc14 = 0
Constrained:
     Tecnw = 40190.6
       Tnw = 3490.95
       Tec = 7322.57
     twoNb = 1.0182e+06
     twoNe = 150004
     twoNc = 258687
     twoNw = 1.37364e+06
    twoNec = 236286
    twoNnw = 170491
  twoNecnw = 31163.6
  twoNbecnw = 76765.9
        m2 = 0.00515668
        m4 = 4.61552e-05
        m5 = 0.224331
        Tb = 23756.6
        Td = 3661.28
        Te = 1830.64
DiffEv reached_goal. cost=2.99705e-03 spread=2.93919e-06
Fitted parameter values
Free:
       pc1 = 3.80768
       pc2 = -1.6466
       pc3 = 0.737839
       pc4 = 0.145216
       pc5 = -0.70067
       pc6 = -0.728027
       pc7 = -0.963238
       pc8 = -1.99235
       pc9 = -0.766838
      pc10 = 0.927485
      pc11 = -0.240251
      pc12 = -0.0267259
      pc13 = 0.0838813
      pc14 = -0.0520512
Constrained:
     Tecnw = 40943.8
       Tnw = 42.8346
       Tec = 26.1358
     twoNb = 1.4827e+06
     twoNe = 77873.9
     twoNc = 17906.4
     twoNw = 1.26352e+06
    twoNec = 294451
    twoNnw = 197633
  twoNecnw = 30012.5
  twoNbecnw = 76848.3
        m2 = 0.00932155
        m4 = 2.24405e-05
        m5 = 0.228276
        Tb = 20485
        Td = 13.0679
        Te = 6.53396
#       SitePat  BranchLen
              b 137937.9318401
              e 52946.1765281
              c 56603.7727485
              n 50539.5496025
              w 50539.1806110
            b:e 2415.0143850
            b:c 2807.5575914
            b:n 2096.3738430
            b:w 2096.3520387
            e:c 10945.4740565
            e:n 5748.9915102
            e:w 5749.3605017
            c:n 4663.1446135
            c:w 4663.0750150
            n:w 13612.4238703
          b:e:c 2236.1574299
          b:e:n 1228.3425986
          b:e:w 1228.3644028
          b:c:n 1228.6244735
          b:c:w 1228.6026544
          b:n:w 2231.7410203
          e:c:n 5949.2478284
          e:c:w 5949.3174270
          e:n:w 8296.0496898
          c:n:w 6802.4128286
        b:e:c:n 2098.3456839
        b:e:c:w 2098.3675029
        b:e:n:w 2778.8522910
        b:c:n:w 2393.9619822
        e:c:n:w 56436.5279019
