########################################
# legofit: estimate population history #
#       version 2.3.4-4-g53f8760       #
########################################

# Program was compiled: Sep 21 2021 14:36:42
# Program was run: Fri Oct  8 13:40:07 2021

# cmd: legofit -1 -d 0 -t 32 --ptsPerDim 3 --stateOut b1boot47.state --tol 3e-6 -S 5000 bde2.lgo ../../boot/boot47.opf
# Stage nOptItr nSimReps
#     0    5000        0
# algorithm          : deterministic
# ignoring probs <=  : 0
# Branch length floor: 0
# DE strategy        : 2
#    F               : 0.3
#    CR              : 0.8
#    tolerance       : 3e-06
# nthreads           : 32
# lgo input file     : bde2.lgo
# site pat input file: ../../boot/boot47.opf
# free parameters    : 14
# points in DE swarm : 42
# output state file  : b1boot47.state
# Including singleton site patterns.
# cost function      : KL
Initial parameter values
Fixed:
      zero = 0
       one = 1
    Tbecnw = 75200
Free:
       pc1 = 0
       pc2 = 0
       pc3 = 0
       pc4 = 0
       pc5 = 0
       pc6 = 0
       pc7 = 0
       pc8 = 0
       pc9 = 0
      pc10 = 0
      pc11 = 0
      pc12 = 0
      pc13 = 0
      pc14 = 0
Constrained:
     Tecnw = 40190.6
       Tnw = 3490.95
       Tec = 7322.57
     twoNb = 1.0182e+06
     twoNe = 150004
     twoNc = 258687
     twoNw = 1.37364e+06
    twoNec = 236286
    twoNnw = 170491
  twoNecnw = 31163.6
  twoNbecnw = 76765.9
        m2 = 0.00515668
        m4 = 4.61552e-05
        m5 = 0.224331
        Tb = 23756.6
        Td = 3661.28
        Te = 1830.64
DiffEv reached_goal. cost=2.98259e-03 spread=2.89704e-06
Fitted parameter values
Free:
       pc1 = 3.96259
       pc2 = -1.98511
       pc3 = 1.2961
       pc4 = 0.796396
       pc5 = -0.930201
       pc6 = -1.69788
       pc7 = -0.969983
       pc8 = -1.60926
       pc9 = 0.0595684
      pc10 = 0.528456
      pc11 = 0.0612376
      pc12 = -0.124918
      pc13 = 0.0328091
      pc14 = -0.0433199
Constrained:
     Tecnw = 40868
       Tnw = 40.3478
       Tec = 37.7284
     twoNb = 1.85416e+06
     twoNe = 10920.7
     twoNc = 13722.5
     twoNw = 1.80038e+06
    twoNec = 297884
    twoNnw = 197701
  twoNecnw = 30200.5
  twoNbecnw = 77190.8
        m2 = 0.00952819
        m4 = 3.28526e-05
        m5 = 0.225444
        Tb = 20452.9
        Td = 18.8642
        Te = 9.43211
#       SitePat  BranchLen
              b 138148.7519784
              e 53070.1303657
              c 56689.4128080
              n 50590.0724375
              w 50589.8543454
            b:e 2440.9921214
            b:c 2831.2041331
            b:n 2115.5416208
            b:w 2115.5286266
            e:c 10963.8090959
            e:n 5771.3678624
            e:w 5771.5859545
            c:n 4699.1537218
            c:w 4699.1123742
            n:w 13660.4088431
          b:e:c 2254.7906360
          b:e:n 1241.0557420
          b:e:w 1241.0687361
          b:c:n 1241.2829323
          b:c:w 1241.2699309
          b:n:w 2251.1465488
          e:c:n 5981.5478435
          e:c:w 5981.5891911
          e:n:w 8341.2484988
          c:n:w 6859.9610447
        b:e:c:n 2117.1847036
        b:e:c:w 2117.1977050
        b:e:n:w 2807.5443209
        b:c:n:w 2423.5966567
        e:c:n:w 56487.0436157
