########################################
# legofit: estimate population history #
#       version 2.3.4-4-g53f8760       #
########################################

# Program was compiled: Sep 21 2021 14:36:42
# Program was run: Fri Oct  8 13:39:42 2021

# cmd: legofit -1 -d 0 -t 32 --ptsPerDim 3 --stateOut b1boot32.state --tol 3e-6 -S 5000 bde2.lgo ../../boot/boot32.opf
# Stage nOptItr nSimReps
#     0    5000        0
# algorithm          : deterministic
# ignoring probs <=  : 0
# Branch length floor: 0
# DE strategy        : 2
#    F               : 0.3
#    CR              : 0.8
#    tolerance       : 3e-06
# nthreads           : 32
# lgo input file     : bde2.lgo
# site pat input file: ../../boot/boot32.opf
# free parameters    : 14
# points in DE swarm : 42
# output state file  : b1boot32.state
# Including singleton site patterns.
# cost function      : KL
Initial parameter values
Fixed:
      zero = 0
       one = 1
    Tbecnw = 75200
Free:
       pc1 = 0
       pc2 = 0
       pc3 = 0
       pc4 = 0
       pc5 = 0
       pc6 = 0
       pc7 = 0
       pc8 = 0
       pc9 = 0
      pc10 = 0
      pc11 = 0
      pc12 = 0
      pc13 = 0
      pc14 = 0
Constrained:
     Tecnw = 40190.6
       Tnw = 3490.95
       Tec = 7322.57
     twoNb = 1.0182e+06
     twoNe = 150004
     twoNc = 258687
     twoNw = 1.37364e+06
    twoNec = 236286
    twoNnw = 170491
  twoNecnw = 31163.6
  twoNbecnw = 76765.9
        m2 = 0.00515668
        m4 = 4.61552e-05
        m5 = 0.224331
        Tb = 23756.6
        Td = 3661.28
        Te = 1830.64
DiffEv reached_goal. cost=3.04029e-03 spread=2.93389e-06
Fitted parameter values
Free:
       pc1 = 3.96515
       pc2 = -1.65745
       pc3 = 1.25341
       pc4 = 1.36959
       pc5 = -1.4478
       pc6 = -0.266823
       pc7 = -0.532323
       pc8 = -1.99905
       pc9 = 0.141487
      pc10 = 0.482741
      pc11 = 0.0764728
      pc12 = 0.0613861
      pc13 = 0.0597557
      pc14 = -0.0567428
Constrained:
     Tecnw = 40828
       Tnw = 25.7296
       Tec = 33.049
     twoNb = 1.9026e+06
     twoNe = 247913
     twoNc = 57195.9
     twoNw = 1.42445e+06
    twoNec = 298938
    twoNnw = 197438
  twoNecnw = 30109.5
  twoNbecnw = 77270.9
        m2 = 0.00902419
        m4 = 3.95212e-05
        m5 = 0.224778
        Tb = 20430.5
        Td = 16.5245
        Te = 8.26225
#       SitePat  BranchLen
              b 138296.1210489
              e 52991.5030827
              c 56591.4654592
              n 50510.2151435
              w 50510.0600958
            b:e 2427.1956211
            b:c 2813.1037693
            b:n 2107.3493296
            b:w 2107.3401133
            e:c 10937.9741236
            e:n 5758.3983682
            e:w 5758.5534160
            c:n 4691.1909291
            c:w 4691.1615299
            n:w 13636.2884327
          b:e:c 2245.4256813
          b:e:n 1236.3407661
          b:e:w 1236.3499824
          b:c:n 1236.5475838
          b:c:w 1236.5383627
          b:n:w 2242.0700087
          e:c:n 5974.8713438
          e:c:w 5974.9007429
          e:n:w 8317.6082723
          c:n:w 6846.0385033
        b:e:c:n 2108.8655869
        b:e:c:w 2108.8748079
        b:e:n:w 2791.1741557
        b:c:n:w 2411.0775273
        e:c:n:w 56736.3383941
