########################################
# legofit: estimate population history #
#       version 2.3.4-4-g53f8760       #
########################################

# Program was compiled: Sep 21 2021 14:36:42
# Program was run: Fri Oct  8 13:39:28 2021

# cmd: legofit -1 -d 0 -t 32 --ptsPerDim 3 --stateOut b1boot21.state --tol 3e-6 -S 5000 bde2.lgo ../../boot/boot21.opf
# Stage nOptItr nSimReps
#     0    5000        0
# algorithm          : deterministic
# ignoring probs <=  : 0
# Branch length floor: 0
# DE strategy        : 2
#    F               : 0.3
#    CR              : 0.8
#    tolerance       : 3e-06
# nthreads           : 32
# lgo input file     : bde2.lgo
# site pat input file: ../../boot/boot21.opf
# free parameters    : 14
# points in DE swarm : 42
# output state file  : b1boot21.state
# Including singleton site patterns.
# cost function      : KL
Initial parameter values
Fixed:
      zero = 0
       one = 1
    Tbecnw = 75200
Free:
       pc1 = 0
       pc2 = 0
       pc3 = 0
       pc4 = 0
       pc5 = 0
       pc6 = 0
       pc7 = 0
       pc8 = 0
       pc9 = 0
      pc10 = 0
      pc11 = 0
      pc12 = 0
      pc13 = 0
      pc14 = 0
Constrained:
     Tecnw = 40190.6
       Tnw = 3490.95
       Tec = 7322.57
     twoNb = 1.0182e+06
     twoNe = 150004
     twoNc = 258687
     twoNw = 1.37364e+06
    twoNec = 236286
    twoNnw = 170491
  twoNecnw = 31163.6
  twoNbecnw = 76765.9
        m2 = 0.00515668
        m4 = 4.61552e-05
        m5 = 0.224331
        Tb = 23756.6
        Td = 3661.28
        Te = 1830.64
DiffEv reached_goal. cost=2.97595e-03 spread=2.84698e-06
Fitted parameter values
Free:
       pc1 = 3.95891
       pc2 = -1.80266
       pc3 = 1.68096
       pc4 = 1.13686
       pc5 = -1.69139
       pc6 = -0.784262
       pc7 = -0.366645
       pc8 = -1.9776
       pc9 = -0.4029
      pc10 = 0.511836
      pc11 = 0.354441
      pc12 = -0.00679384
      pc13 = 0.0170975
      pc14 = -0.041773
Constrained:
     Tecnw = 40770.7
       Tnw = 11.7656
       Tec = 38.3028
     twoNb = 1.94269e+06
     twoNe = 188465
     twoNc = 41085.2
     twoNw = 1.43476e+06
    twoNec = 293687
    twoNnw = 197498
  twoNecnw = 30216.2
  twoNbecnw = 77325.8
        m2 = 0.010566
        m4 = 5.32665e-05
        m5 = 0.227339
        Tb = 20404.5
        Td = 19.1514
        Te = 9.5757
#       SitePat  BranchLen
              b 138265.6862140
              e 52982.9021747
              c 56643.1476814
              n 50513.8469752
              w 50513.8274458
            b:e 2448.4396426
            b:c 2846.3553184
            b:n 2114.2151338
            b:w 2114.2139700
            e:c 10985.0174982
            e:n 5779.6978250
            e:w 5779.7173545
            c:n 4698.1293703
            c:w 4698.1256638
            n:w 13667.3546980
          b:e:c 2255.2585740
          b:e:n 1239.8183318
          b:e:w 1239.8194956
          b:c:n 1240.0503624
          b:c:w 1240.0491979
          b:n:w 2251.3762705
          e:c:n 5983.7997156
          e:c:w 5983.8034221
          e:n:w 8380.2378745
          c:n:w 6875.9165621
        b:e:c:n 2115.9683809
        b:e:c:w 2115.9695454
        b:e:n:w 2821.1797924
        b:c:n:w 2430.0383349
        e:c:n:w 56626.8089369
