########################################
# legofit: estimate population history #
#       version 2.3.4-4-g53f8760       #
########################################

# Program was compiled: Sep 21 2021 14:36:42
# Program was run: Fri Oct  8 13:39:16 2021

# cmd: legofit -1 -d 0 -t 32 --ptsPerDim 3 --stateOut b1boot8.state --tol 3e-6 -S 5000 bde2.lgo ../../boot/boot8.opf
# Stage nOptItr nSimReps
#     0    5000        0
# algorithm          : deterministic
# ignoring probs <=  : 0
# Branch length floor: 0
# DE strategy        : 2
#    F               : 0.3
#    CR              : 0.8
#    tolerance       : 3e-06
# nthreads           : 32
# lgo input file     : bde2.lgo
# site pat input file: ../../boot/boot8.opf
# free parameters    : 14
# points in DE swarm : 42
# output state file  : b1boot8.state
# Including singleton site patterns.
# cost function      : KL
Initial parameter values
Fixed:
      zero = 0
       one = 1
    Tbecnw = 75200
Free:
       pc1 = 0
       pc2 = 0
       pc3 = 0
       pc4 = 0
       pc5 = 0
       pc6 = 0
       pc7 = 0
       pc8 = 0
       pc9 = 0
      pc10 = 0
      pc11 = 0
      pc12 = 0
      pc13 = 0
      pc14 = 0
Constrained:
     Tecnw = 40190.6
       Tnw = 3490.95
       Tec = 7322.57
     twoNb = 1.0182e+06
     twoNe = 150004
     twoNc = 258687
     twoNw = 1.37364e+06
    twoNec = 236286
    twoNnw = 170491
  twoNecnw = 31163.6
  twoNbecnw = 76765.9
        m2 = 0.00515668
        m4 = 4.61552e-05
        m5 = 0.224331
        Tb = 23756.6
        Td = 3661.28
        Te = 1830.64
DiffEv reached_goal. cost=3.00490e-03 spread=1.89867e-06
Fitted parameter values
Free:
       pc1 = 3.9047
       pc2 = -1.79149
       pc3 = 0.826996
       pc4 = 0.721856
       pc5 = -1.95805
       pc6 = -1.38253
       pc7 = 0.225872
       pc8 = -1.3115
       pc9 = -0.852016
      pc10 = 0.730425
      pc11 = -0.096421
      pc12 = -0.137313
      pc13 = 0.0829728
      pc14 = -0.0253005
Constrained:
     Tecnw = 40820.8
       Tnw = 23.0787
       Tec = 10.3456
     twoNb = 1.77288e+06
     twoNe = 75488.2
     twoNc = 210080
     twoNw = 1.37068e+06
    twoNec = 294508
    twoNnw = 198072
  twoNecnw = 30216.7
  twoNbecnw = 76883.8
        m2 = 0.00996742
        m4 = 9.70716e-05
        m5 = 0.228003
        Tb = 20415.6
        Td = 5.1728
        Te = 2.5864
#       SitePat  BranchLen
              b 137896.8753214
              e 52970.9302882
              c 56627.9416237
              n 50544.6131547
              w 50544.4212313
            b:e 2430.9816116
            b:c 2826.4494286
            b:n 2106.5673207
            b:w 2106.5559294
            e:c 10961.2952838
            e:n 5771.5582978
            e:w 5771.7502212
            c:n 4688.4082604
            c:w 4688.3719310
            n:w 13626.8509910
          b:e:c 2243.9486121
          b:e:n 1235.2008771
          b:e:w 1235.2122683
          b:c:n 1235.4568120
          b:c:w 1235.4454138
          b:n:w 2239.9577682
          e:c:n 5969.3079580
          e:c:w 5969.3442873
          e:n:w 8336.0595579
          c:n:w 6837.8963381
        b:e:c:n 2108.3658583
        b:e:c:w 2108.3772565
        b:e:n:w 2800.3658694
        b:c:n:w 2412.0891841
        e:c:n:w 56309.1512839
