########################################
# legofit: estimate population history #
#       version 2.3.4-4-g53f8760       #
########################################

# Program was compiled: Sep 21 2021 14:36:42
# Program was run: Fri Oct  8 13:39:35 2021

# cmd: legofit -1 -d 0 -t 32 --ptsPerDim 3 --stateOut b1boot23.state --tol 3e-6 -S 5000 bde2.lgo ../../boot/boot23.opf
# Stage nOptItr nSimReps
#     0    5000        0
# algorithm          : deterministic
# ignoring probs <=  : 0
# Branch length floor: 0
# DE strategy        : 2
#    F               : 0.3
#    CR              : 0.8
#    tolerance       : 3e-06
# nthreads           : 32
# lgo input file     : bde2.lgo
# site pat input file: ../../boot/boot23.opf
# free parameters    : 14
# points in DE swarm : 42
# output state file  : b1boot23.state
# Including singleton site patterns.
# cost function      : KL
Initial parameter values
Fixed:
      zero = 0
       one = 1
    Tbecnw = 75200
Free:
       pc1 = 0
       pc2 = 0
       pc3 = 0
       pc4 = 0
       pc5 = 0
       pc6 = 0
       pc7 = 0
       pc8 = 0
       pc9 = 0
      pc10 = 0
      pc11 = 0
      pc12 = 0
      pc13 = 0
      pc14 = 0
Constrained:
     Tecnw = 40190.6
       Tnw = 3490.95
       Tec = 7322.57
     twoNb = 1.0182e+06
     twoNe = 150004
     twoNc = 258687
     twoNw = 1.37364e+06
    twoNec = 236286
    twoNnw = 170491
  twoNecnw = 31163.6
  twoNbecnw = 76765.9
        m2 = 0.00515668
        m4 = 4.61552e-05
        m5 = 0.224331
        Tb = 23756.6
        Td = 3661.28
        Te = 1830.64
DiffEv reached_goal. cost=2.98400e-03 spread=2.80871e-06
Fitted parameter values
Free:
       pc1 = 3.83837
       pc2 = -1.68878
       pc3 = 1.50228
       pc4 = 1.19374
       pc5 = -1.86292
       pc6 = -1.547
       pc7 = -0.225131
       pc8 = -1.75191
       pc9 = -0.206417
      pc10 = 0.680574
      pc11 = 0.203873
      pc12 = -0.25488
      pc13 = 0.000726797
      pc14 = -0.0623847
Constrained:
     Tecnw = 40832.3
       Tnw = 108.612
       Tec = 187.776
     twoNb = 2.05449e+06
     twoNe = 92269.2
     twoNc = 41061.2
     twoNw = 1.49777e+06
    twoNec = 292128
    twoNnw = 196986
  twoNecnw = 30356
  twoNbecnw = 77150.3
        m2 = 0.00999085
        m4 = 7.08686e-05
        m5 = 0.226859
        Tb = 20510
        Td = 93.888
        Te = 46.944
#       SitePat  BranchLen
              b 138044.6027793
              e 53065.4435330
              c 56721.9017243
              n 50619.3931889
              w 50618.8670619
            b:e 2450.1836888
            b:c 2846.8681910
            b:n 2125.0094297
            b:w 2124.9779553
            e:c 11025.3649235
            e:n 5787.2316825
            e:w 5787.7578096
            c:n 4706.5888668
            c:w 4706.4888921
            n:w 13700.1056117
          b:e:c 2267.3306624
          b:e:n 1244.7452164
          b:e:w 1244.7766908
          b:c:n 1244.9858925
          b:c:w 1244.9544013
          b:n:w 2263.8521766
          e:c:n 5997.0177073
          e:c:w 5997.1176819
          e:n:w 8371.8892323
          c:n:w 6870.8236888
        b:e:c:n 2126.5549944
        b:e:c:w 2126.5864855
        b:e:n:w 2824.3864237
        b:c:n:w 2433.8026204
        e:c:n:w 56297.2308761
