########################################
# legofit: estimate population history #
#       version 2.3.4-4-g53f8760       #
########################################

# Program was compiled: Sep 21 2021 14:36:42
# Program was run: Fri Oct  8 13:40:00 2021

# cmd: legofit -1 -d 0 -t 32 --ptsPerDim 3 --stateOut b1boot46.state --tol 3e-6 -S 5000 bde2.lgo ../../boot/boot46.opf
# Stage nOptItr nSimReps
#     0    5000        0
# algorithm          : deterministic
# ignoring probs <=  : 0
# Branch length floor: 0
# DE strategy        : 2
#    F               : 0.3
#    CR              : 0.8
#    tolerance       : 3e-06
# nthreads           : 32
# lgo input file     : bde2.lgo
# site pat input file: ../../boot/boot46.opf
# free parameters    : 14
# points in DE swarm : 42
# output state file  : b1boot46.state
# Including singleton site patterns.
# cost function      : KL
Initial parameter values
Fixed:
      zero = 0
       one = 1
    Tbecnw = 75200
Free:
       pc1 = 0
       pc2 = 0
       pc3 = 0
       pc4 = 0
       pc5 = 0
       pc6 = 0
       pc7 = 0
       pc8 = 0
       pc9 = 0
      pc10 = 0
      pc11 = 0
      pc12 = 0
      pc13 = 0
      pc14 = 0
Constrained:
     Tecnw = 40190.6
       Tnw = 3490.95
       Tec = 7322.57
     twoNb = 1.0182e+06
     twoNe = 150004
     twoNc = 258687
     twoNw = 1.37364e+06
    twoNec = 236286
    twoNnw = 170491
  twoNecnw = 31163.6
  twoNbecnw = 76765.9
        m2 = 0.00515668
        m4 = 4.61552e-05
        m5 = 0.224331
        Tb = 23756.6
        Td = 3661.28
        Te = 1830.64
DiffEv reached_goal. cost=2.92403e-03 spread=2.97560e-06
Fitted parameter values
Free:
       pc1 = 3.98282
       pc2 = -1.74283
       pc3 = 1.13345
       pc4 = 0.803847
       pc5 = -1.39481
       pc6 = -1.64791
       pc7 = -0.667371
       pc8 = -1.88859
       pc9 = -0.0527102
      pc10 = 0.334491
      pc11 = 0.282563
      pc12 = -0.0313246
      pc13 = 0.0413584
      pc14 = -0.0255992
Constrained:
     Tecnw = 40811.2
       Tnw = 40.3389
       Tec = 48.3782
     twoNb = 1.88678e+06
     twoNe = 30173
     twoNc = 13369.6
     twoNw = 1.50234e+06
    twoNec = 298790
    twoNnw = 197514
  twoNecnw = 30202.2
  twoNbecnw = 77401.1
        m2 = 0.00972776
        m4 = 5.08679e-05
        m5 = 0.225031
        Tb = 20429.8
        Td = 24.1891
        Te = 12.0945
#       SitePat  BranchLen
              b 138337.1073217
              e 53061.6554411
              c 56676.0092419
              n 50553.0300736
              w 50552.7918794
            b:e 2447.5453214
            b:c 2838.5421004
            b:n 2117.0613753
            b:w 2117.0471608
            e:c 10953.1010742
            e:n 5775.8985463
            e:w 5776.1367405
            c:n 4706.4982842
            c:w 4706.4530436
            n:w 13662.5981620
          b:e:c 2256.1635674
          b:e:n 1242.8727572
          b:e:w 1242.8869717
          b:c:n 1243.1041014
          b:c:w 1243.0898789
          b:n:w 2252.4994792
          e:c:n 5987.1542255
          e:c:w 5987.1994661
          e:n:w 8360.6646880
          c:n:w 6878.5961829
        b:e:c:n 2118.7141013
        b:e:c:w 2118.7283238
        b:e:n:w 2814.6616147
        b:c:n:w 2430.0292476
        e:c:n:w 56676.6704836
