########################################
# legofit: estimate population history #
#       version 2.3.4-4-g53f8760       #
########################################

# Program was compiled: Sep 21 2021 14:36:42
# Program was run: Fri Oct  8 13:39:16 2021

# cmd: legofit -1 -d 0 -t 32 --ptsPerDim 3 --stateOut b1boot11.state --tol 3e-6 -S 5000 bde2.lgo ../../boot/boot11.opf
# Stage nOptItr nSimReps
#     0    5000        0
# algorithm          : deterministic
# ignoring probs <=  : 0
# Branch length floor: 0
# DE strategy        : 2
#    F               : 0.3
#    CR              : 0.8
#    tolerance       : 3e-06
# nthreads           : 32
# lgo input file     : bde2.lgo
# site pat input file: ../../boot/boot11.opf
# free parameters    : 14
# points in DE swarm : 42
# output state file  : b1boot11.state
# Including singleton site patterns.
# cost function      : KL
Initial parameter values
Fixed:
      zero = 0
       one = 1
    Tbecnw = 75200
Free:
       pc1 = 0
       pc2 = 0
       pc3 = 0
       pc4 = 0
       pc5 = 0
       pc6 = 0
       pc7 = 0
       pc8 = 0
       pc9 = 0
      pc10 = 0
      pc11 = 0
      pc12 = 0
      pc13 = 0
      pc14 = 0
Constrained:
     Tecnw = 40190.6
       Tnw = 3490.95
       Tec = 7322.57
     twoNb = 1.0182e+06
     twoNe = 150004
     twoNc = 258687
     twoNw = 1.37364e+06
    twoNec = 236286
    twoNnw = 170491
  twoNecnw = 31163.6
  twoNbecnw = 76765.9
        m2 = 0.00515668
        m4 = 4.61552e-05
        m5 = 0.224331
        Tb = 23756.6
        Td = 3661.28
        Te = 1830.64
DiffEv reached_goal. cost=2.99677e-03 spread=2.93254e-06
Fitted parameter values
Free:
       pc1 = 3.99333
       pc2 = -1.88221
       pc3 = 1.65302
       pc4 = 1.05616
       pc5 = -1.93957
       pc6 = -1.13549
       pc7 = -0.363518
       pc8 = -1.88357
       pc9 = -0.557427
      pc10 = 0.676036
      pc11 = 0.465919
      pc12 = -0.143818
      pc13 = 0.202045
      pc14 = 0.0108563
Constrained:
     Tecnw = 40749.9
       Tnw = 16.9739
       Tec = 21.8811
     twoNb = 1.96259e+06
     twoNe = 143823
     twoNc = 15878.6
     twoNw = 1.43744e+06
    twoNec = 294405
    twoNnw = 200917
  twoNecnw = 30321.2
  twoNbecnw = 77256.4
        m2 = 0.0108627
        m4 = 6.55804e-05
        m5 = 0.227996
        Tb = 20385.9
        Td = 10.9406
        Te = 5.47029
#       SitePat  BranchLen
              b 138143.3558695
              e 53048.9460361
              c 56674.4374576
              n 50662.7637021
              w 50662.6607033
            b:e 2456.2859832
            b:c 2852.0047441
            b:n 2126.6162741
            b:w 2126.6101175
            e:c 10972.0910896
            e:n 5798.4020329
            e:w 5798.5050316
            c:n 4725.5271278
            c:w 4725.5075406
            n:w 13582.5116355
          b:e:c 2254.2832332
          b:e:n 1247.5939647
          b:e:w 1247.6001213
          b:c:n 1247.8386158
          b:c:w 1247.8324555
          b:n:w 2250.3327768
          e:c:n 6009.5230888
          e:c:w 6009.5426760
          e:n:w 8369.5355807
          c:n:w 6882.4866650
        b:e:c:n 2128.4078074
        b:e:c:w 2128.4139678
        b:e:n:w 2826.3571976
        b:c:n:w 2437.5913418
        e:c:n:w 56425.6366594
