########################################
# legofit: estimate population history #
#       version 2.3.4-4-g53f8760       #
########################################

# Program was compiled: Sep 21 2021 14:36:42
# Program was run: Fri Oct  8 13:39:35 2021

# cmd: legofit -1 -d 0 -t 32 --ptsPerDim 3 --stateOut b1boot27.state --tol 3e-6 -S 5000 bde2.lgo ../../boot/boot27.opf
# Stage nOptItr nSimReps
#     0    5000        0
# algorithm          : deterministic
# ignoring probs <=  : 0
# Branch length floor: 0
# DE strategy        : 2
#    F               : 0.3
#    CR              : 0.8
#    tolerance       : 3e-06
# nthreads           : 32
# lgo input file     : bde2.lgo
# site pat input file: ../../boot/boot27.opf
# free parameters    : 14
# points in DE swarm : 42
# output state file  : b1boot27.state
# Including singleton site patterns.
# cost function      : KL
Initial parameter values
Fixed:
      zero = 0
       one = 1
    Tbecnw = 75200
Free:
       pc1 = 0
       pc2 = 0
       pc3 = 0
       pc4 = 0
       pc5 = 0
       pc6 = 0
       pc7 = 0
       pc8 = 0
       pc9 = 0
      pc10 = 0
      pc11 = 0
      pc12 = 0
      pc13 = 0
      pc14 = 0
Constrained:
     Tecnw = 40190.6
       Tnw = 3490.95
       Tec = 7322.57
     twoNb = 1.0182e+06
     twoNe = 150004
     twoNc = 258687
     twoNw = 1.37364e+06
    twoNec = 236286
    twoNnw = 170491
  twoNecnw = 31163.6
  twoNbecnw = 76765.9
        m2 = 0.00515668
        m4 = 4.61552e-05
        m5 = 0.224331
        Tb = 23756.6
        Td = 3661.28
        Te = 1830.64
DiffEv reached_goal. cost=2.97081e-03 spread=2.29446e-06
Fitted parameter values
Free:
       pc1 = 3.96377
       pc2 = -1.97736
       pc3 = 1.45435
       pc4 = 1.12114
       pc5 = -0.866571
       pc6 = -0.350097
       pc7 = -0.971197
       pc8 = -1.91336
       pc9 = 0.184884
      pc10 = 0.386144
      pc11 = 0.257149
      pc12 = 0.0245332
      pc13 = 0.0726708
      pc14 = -0.0219092
Constrained:
     Tecnw = 40822.6
       Tnw = 44.6676
       Tec = 21.6047
     twoNb = 1.80632e+06
     twoNe = 208276
     twoNc = 37917.4
     twoNw = 1.66521e+06
    twoNec = 299818
    twoNnw = 198106
  twoNecnw = 30163.7
  twoNbecnw = 77374.7
        m2 = 0.0094563
        m4 = 1.23652e-05
        m5 = 0.22487
        Tb = 20422.1
        Td = 10.8023
        Te = 5.40117
#       SitePat  BranchLen
              b 138336.2120288
              e 53053.2692042
              c 56649.4494848
              n 50566.0622721
              w 50565.7636769
            b:e 2441.7005613
            b:c 2829.2649989
            b:n 2115.2610141
            b:w 2115.2432129
            e:c 10938.2308388
            e:n 5771.1425020
            e:w 5771.4410972
            c:n 4705.6471657
            c:w 4705.5904708
            n:w 13632.5987361
          b:e:c 2251.3418898
          b:e:n 1241.8632506
          b:e:w 1241.8810517
          b:c:n 1242.0960359
          b:c:w 1242.0782246
          b:n:w 2247.6387663
          e:c:n 5986.4635119
          e:c:w 5986.5202068
          e:n:w 8339.6763126
          c:n:w 6868.1211103
        b:e:c:n 2116.9286644
        b:e:c:w 2116.9464756
        b:e:n:w 2805.1797364
        b:c:n:w 2423.9062250
        e:c:n:w 56704.9568329
