########################################
# legofit: estimate population history #
#       version 2.3.4-4-g53f8760       #
########################################

# Program was compiled: Sep 21 2021 14:36:42
# Program was run: Fri Oct  8 13:39:20 2021

# cmd: legofit -1 -d 0 -t 32 --ptsPerDim 3 --stateOut b1boot15.state --tol 3e-6 -S 5000 bde2.lgo ../../boot/boot15.opf
# Stage nOptItr nSimReps
#     0    5000        0
# algorithm          : deterministic
# ignoring probs <=  : 0
# Branch length floor: 0
# DE strategy        : 2
#    F               : 0.3
#    CR              : 0.8
#    tolerance       : 3e-06
# nthreads           : 32
# lgo input file     : bde2.lgo
# site pat input file: ../../boot/boot15.opf
# free parameters    : 14
# points in DE swarm : 42
# output state file  : b1boot15.state
# Including singleton site patterns.
# cost function      : KL
Initial parameter values
Fixed:
      zero = 0
       one = 1
    Tbecnw = 75200
Free:
       pc1 = 0
       pc2 = 0
       pc3 = 0
       pc4 = 0
       pc5 = 0
       pc6 = 0
       pc7 = 0
       pc8 = 0
       pc9 = 0
      pc10 = 0
      pc11 = 0
      pc12 = 0
      pc13 = 0
      pc14 = 0
Constrained:
     Tecnw = 40190.6
       Tnw = 3490.95
       Tec = 7322.57
     twoNb = 1.0182e+06
     twoNe = 150004
     twoNc = 258687
     twoNw = 1.37364e+06
    twoNec = 236286
    twoNnw = 170491
  twoNecnw = 31163.6
  twoNbecnw = 76765.9
        m2 = 0.00515668
        m4 = 4.61552e-05
        m5 = 0.224331
        Tb = 23756.6
        Td = 3661.28
        Te = 1830.64
DiffEv reached_goal. cost=2.98673e-03 spread=2.81638e-06
Fitted parameter values
Free:
       pc1 = 3.90894
       pc2 = -1.87078
       pc3 = 1.13196
       pc4 = 0.933161
       pc5 = -1.2679
       pc6 = -1.05847
       pc7 = -0.0365371
       pc8 = -1.99321
       pc9 = 0.0282549
      pc10 = 0.831703
      pc11 = -0.170233
      pc12 = -0.0726924
      pc13 = 0.0884005
      pc14 = -0.0792869
Constrained:
     Tecnw = 40864.8
       Tnw = 87.0145
       Tec = 9.39233
     twoNb = 1.94787e+06
     twoNe = 110725
     twoNc = 205653
     twoNw = 1.35885e+06
    twoNec = 296252
    twoNnw = 197772
  twoNecnw = 30126.6
  twoNbecnw = 76991.4
        m2 = 0.00914719
        m4 = 4.39818e-05
        m5 = 0.226532
        Tb = 20437.1
        Td = 4.69617
        Te = 2.34808
#       SitePat  BranchLen
              b 138041.3181470
              e 52973.1018843
              c 56594.0654132
              n 50556.6133223
              w 50555.8191249
            b:e 2419.8429756
            b:c 2807.8265826
            b:n 2105.4549041
            b:w 2105.4077708
            e:c 10954.0781152
            e:n 5757.4732441
            e:w 5758.2674415
            c:n 4683.8563876
            c:w 4683.7060180
            n:w 13611.7631857
          b:e:c 2241.8690544
          b:e:n 1233.9682786
          b:e:w 1234.0154118
          b:c:n 1234.2128320
          b:c:w 1234.1656746
          b:n:w 2238.5463737
          e:c:n 5969.9312046
          e:c:w 5970.0815742
          e:n:w 8302.7713211
          c:n:w 6823.7929189
        b:e:c:n 2106.9154866
        b:e:c:w 2106.9626439
        b:e:n:w 2786.1644467
        b:c:n:w 2403.9791768
        e:c:n:w 56485.2066767
