########################################
# legofit: estimate population history #
#       version 2.3.4-4-g53f8760       #
########################################

# Program was compiled: Sep 21 2021 14:36:42
# Program was run: Fri Oct  8 13:39:50 2021

# cmd: legofit -1 -d 0 -t 32 --ptsPerDim 3 --stateOut b1boot36.state --tol 3e-6 -S 5000 bde2.lgo ../../boot/boot36.opf
# Stage nOptItr nSimReps
#     0    5000        0
# algorithm          : deterministic
# ignoring probs <=  : 0
# Branch length floor: 0
# DE strategy        : 2
#    F               : 0.3
#    CR              : 0.8
#    tolerance       : 3e-06
# nthreads           : 32
# lgo input file     : bde2.lgo
# site pat input file: ../../boot/boot36.opf
# free parameters    : 14
# points in DE swarm : 42
# output state file  : b1boot36.state
# Including singleton site patterns.
# cost function      : KL
Initial parameter values
Fixed:
      zero = 0
       one = 1
    Tbecnw = 75200
Free:
       pc1 = 0
       pc2 = 0
       pc3 = 0
       pc4 = 0
       pc5 = 0
       pc6 = 0
       pc7 = 0
       pc8 = 0
       pc9 = 0
      pc10 = 0
      pc11 = 0
      pc12 = 0
      pc13 = 0
      pc14 = 0
Constrained:
     Tecnw = 40190.6
       Tnw = 3490.95
       Tec = 7322.57
     twoNb = 1.0182e+06
     twoNe = 150004
     twoNc = 258687
     twoNw = 1.37364e+06
    twoNec = 236286
    twoNnw = 170491
  twoNecnw = 31163.6
  twoNbecnw = 76765.9
        m2 = 0.00515668
        m4 = 4.61552e-05
        m5 = 0.224331
        Tb = 23756.6
        Td = 3661.28
        Te = 1830.64
DiffEv reached_goal. cost=3.03442e-03 spread=2.18594e-06
Fitted parameter values
Free:
       pc1 = 3.97256
       pc2 = -1.79792
       pc3 = 1.5096
       pc4 = 1.42898
       pc5 = -1.7434
       pc6 = -0.686055
       pc7 = -0.416837
       pc8 = -1.67154
       pc9 = -0.143581
      pc10 = 0.720402
      pc11 = 0.0052905
      pc12 = -0.156222
      pc13 = 0.116731
      pc14 = -0.02852
Constrained:
     Tecnw = 40857.3
       Tnw = 42.5551
       Tec = 125.297
     twoNb = 1.97419e+06
     twoNe = 213124
     twoNc = 49797.8
     twoNw = 1.58116e+06
    twoNec = 295813
    twoNnw = 199024
  twoNecnw = 30214.1
  twoNbecnw = 77051.9
        m2 = 0.00963485
        m4 = 5.86873e-05
        m5 = 0.226423
        Tb = 20491.3
        Td = 62.6486
        Te = 31.3243
#       SitePat  BranchLen
              b 138028.9698569
              e 53052.2568708
              c 56667.9587102
              n 50626.7961722
              w 50626.7055263
            b:e 2435.1249272
            b:c 2824.8888351
            b:n 2115.4968751
            b:w 2115.4914778
            e:c 10956.6738517
            e:n 5772.9361996
            e:w 5773.0268455
            c:n 4700.9551006
            c:w 4700.9379148
            n:w 13613.7747217
          b:e:c 2249.2159594
          b:e:n 1240.4438461
          b:e:w 1240.4492433
          b:c:n 1240.6567012
          b:c:w 1240.6513011
          b:n:w 2245.7547275
          e:c:n 5985.0392196
          e:c:w 5985.0564055
          e:n:w 8324.8969905
          c:n:w 6846.7823058
        b:e:c:n 2117.0665732
        b:e:c:w 2117.0719733
        b:e:n:w 2802.3554184
        b:c:n:w 2418.6594727
        e:c:n:w 56380.6828642
