########################################
# legofit: estimate population history #
#       version 2.3.4-4-g53f8760       #
########################################

# Program was compiled: Sep 21 2021 14:36:42
# Program was run: Fri Oct  8 13:39:42 2021

# cmd: legofit -1 -d 0 -t 32 --ptsPerDim 3 --stateOut b1boot30.state --tol 3e-6 -S 5000 bde2.lgo ../../boot/boot30.opf
# Stage nOptItr nSimReps
#     0    5000        0
# algorithm          : deterministic
# ignoring probs <=  : 0
# Branch length floor: 0
# DE strategy        : 2
#    F               : 0.3
#    CR              : 0.8
#    tolerance       : 3e-06
# nthreads           : 32
# lgo input file     : bde2.lgo
# site pat input file: ../../boot/boot30.opf
# free parameters    : 14
# points in DE swarm : 42
# output state file  : b1boot30.state
# Including singleton site patterns.
# cost function      : KL
Initial parameter values
Fixed:
      zero = 0
       one = 1
    Tbecnw = 75200
Free:
       pc1 = 0
       pc2 = 0
       pc3 = 0
       pc4 = 0
       pc5 = 0
       pc6 = 0
       pc7 = 0
       pc8 = 0
       pc9 = 0
      pc10 = 0
      pc11 = 0
      pc12 = 0
      pc13 = 0
      pc14 = 0
Constrained:
     Tecnw = 40190.6
       Tnw = 3490.95
       Tec = 7322.57
     twoNb = 1.0182e+06
     twoNe = 150004
     twoNc = 258687
     twoNw = 1.37364e+06
    twoNec = 236286
    twoNnw = 170491
  twoNecnw = 31163.6
  twoNbecnw = 76765.9
        m2 = 0.00515668
        m4 = 4.61552e-05
        m5 = 0.224331
        Tb = 23756.6
        Td = 3661.28
        Te = 1830.64
DiffEv reached_goal. cost=3.02807e-03 spread=2.04847e-06
Fitted parameter values
Free:
       pc1 = 3.97331
       pc2 = -1.93457
       pc3 = 0.46966
       pc4 = 1.1165
       pc5 = -1.82312
       pc6 = -1.16463
       pc7 = -0.493542
       pc8 = -1.79183
       pc9 = 0.172142
      pc10 = -0.382663
      pc11 = -0.132845
      pc12 = -0.120601
      pc13 = 0.0141657
      pc14 = -0.0599606
Constrained:
     Tecnw = 40930.3
       Tnw = 47.4248
       Tec = 36.4427
     twoNb = 1.8149e+06
     twoNe = 105172
     twoNc = 123818
     twoNw = 1.44128e+06
    twoNec = 300974
    twoNnw = 197171
  twoNecnw = 30063.6
  twoNbecnw = 77360.7
        m2 = 0.00946622
        m4 = 7.11741e-05
        m5 = 0.219275
        Tb = 20483.4
        Td = 18.2213
        Te = 9.11067
#       SitePat  BranchLen
              b 138326.5172818
              e 53160.1332116
              c 56691.0983822
              n 50603.4401495
              w 50603.1119301
            b:e 2445.7694143
            b:c 2827.0213940
            b:n 2112.4324001
            b:w 2112.4128685
            e:c 10967.2180285
            e:n 5732.7727077
            e:w 5733.1009270
            c:n 4687.3435256
            c:w 4687.2813914
            n:w 13691.0698039
          b:e:c 2257.9985985
          b:e:n 1238.3139131
          b:e:w 1238.3334446
          b:c:n 1238.5496804
          b:c:w 1238.5301378
          b:n:w 2254.2833261
          e:c:n 5972.1349822
          e:c:w 5972.1971164
          e:n:w 8320.3215613
          c:n:w 6873.8105284
        b:e:c:n 2114.1004073
        b:e:c:w 2114.1199499
        b:e:n:w 2802.8311371
        b:c:n:w 2427.9412768
        e:c:n:w 56679.8098309
