########################################
# legofit: estimate population history #
#       version 2.3.4-4-g53f8760       #
########################################

# Program was compiled: Sep 21 2021 14:36:42
# Program was run: Fri Oct  8 13:40:09 2021

# cmd: legofit -1 -d 0 -t 32 --ptsPerDim 3 --stateOut b1boot49.state --tol 3e-6 -S 5000 bde2.lgo ../../boot/boot49.opf
# Stage nOptItr nSimReps
#     0    5000        0
# algorithm          : deterministic
# ignoring probs <=  : 0
# Branch length floor: 0
# DE strategy        : 2
#    F               : 0.3
#    CR              : 0.8
#    tolerance       : 3e-06
# nthreads           : 32
# lgo input file     : bde2.lgo
# site pat input file: ../../boot/boot49.opf
# free parameters    : 14
# points in DE swarm : 42
# output state file  : b1boot49.state
# Including singleton site patterns.
# cost function      : KL
Initial parameter values
Fixed:
      zero = 0
       one = 1
    Tbecnw = 75200
Free:
       pc1 = 0
       pc2 = 0
       pc3 = 0
       pc4 = 0
       pc5 = 0
       pc6 = 0
       pc7 = 0
       pc8 = 0
       pc9 = 0
      pc10 = 0
      pc11 = 0
      pc12 = 0
      pc13 = 0
      pc14 = 0
Constrained:
     Tecnw = 40190.6
       Tnw = 3490.95
       Tec = 7322.57
     twoNb = 1.0182e+06
     twoNe = 150004
     twoNc = 258687
     twoNw = 1.37364e+06
    twoNec = 236286
    twoNnw = 170491
  twoNecnw = 31163.6
  twoNbecnw = 76765.9
        m2 = 0.00515668
        m4 = 4.61552e-05
        m5 = 0.224331
        Tb = 23756.6
        Td = 3661.28
        Te = 1830.64
DiffEv reached_goal. cost=3.01196e-03 spread=2.76459e-06
Fitted parameter values
Free:
       pc1 = 3.97431
       pc2 = -1.91018
       pc3 = 0.656203
       pc4 = 0.872786
       pc5 = -1.95047
       pc6 = -0.693047
       pc7 = -0.445505
       pc8 = -1.83087
       pc9 = -0.530688
      pc10 = 0.00429654
      pc11 = -0.0341742
      pc12 = -0.0906757
      pc13 = 0.164806
      pc14 = -0.01416
Constrained:
     Tecnw = 40883
       Tnw = 21.4845
       Tec = 44.5506
     twoNb = 1.68821e+06
     twoNe = 162926
     twoNc = 98024.7
     twoNw = 1.28411e+06
    twoNec = 297605
    twoNnw = 199740
  twoNecnw = 30064.9
  twoNbecnw = 77201.4
        m2 = 0.0102309
        m4 = 7.38662e-05
        m5 = 0.222985
        Tb = 20463.8
        Td = 22.2753
        Te = 11.1376
#       SitePat  BranchLen
              b 138185.8010931
              e 53090.8729738
              c 56648.1012515
              n 50635.0913549
              w 50634.9900836
            b:e 2442.7715273
            b:c 2828.8322536
            b:n 2110.5678000
            b:w 2110.5617848
            e:c 10945.5556569
            e:n 5745.6533041
            e:w 5745.7545754
            c:n 4691.4152007
            c:w 4691.3960349
            n:w 13598.2330807
          b:e:c 2246.0202623
          b:e:n 1237.2995866
          b:e:w 1237.3056018
          b:c:n 1237.5600375
          b:c:w 1237.5540183
          b:n:w 2241.7169030
          e:c:n 5975.6377507
          e:c:w 5975.6569165
          e:n:w 8316.2787161
          c:n:w 6859.6580125
        b:e:c:n 2112.5148914
        b:e:c:w 2112.5209106
        b:e:n:w 2800.7965593
        b:c:n:w 2422.2160353
        e:c:n:w 56579.4000320
