########################################
# legofit: estimate population history #
#       version 2.3.4-4-g53f8760       #
########################################

# Program was compiled: Sep 21 2021 14:36:42
# Program was run: Fri Oct  8 13:39:35 2021

# cmd: legofit -1 -d 0 -t 32 --ptsPerDim 3 --stateOut b1boot28.state --tol 3e-6 -S 5000 bde2.lgo ../../boot/boot28.opf
# Stage nOptItr nSimReps
#     0    5000        0
# algorithm          : deterministic
# ignoring probs <=  : 0
# Branch length floor: 0
# DE strategy        : 2
#    F               : 0.3
#    CR              : 0.8
#    tolerance       : 3e-06
# nthreads           : 32
# lgo input file     : bde2.lgo
# site pat input file: ../../boot/boot28.opf
# free parameters    : 14
# points in DE swarm : 42
# output state file  : b1boot28.state
# Including singleton site patterns.
# cost function      : KL
Initial parameter values
Fixed:
      zero = 0
       one = 1
    Tbecnw = 75200
Free:
       pc1 = 0
       pc2 = 0
       pc3 = 0
       pc4 = 0
       pc5 = 0
       pc6 = 0
       pc7 = 0
       pc8 = 0
       pc9 = 0
      pc10 = 0
      pc11 = 0
      pc12 = 0
      pc13 = 0
      pc14 = 0
Constrained:
     Tecnw = 40190.6
       Tnw = 3490.95
       Tec = 7322.57
     twoNb = 1.0182e+06
     twoNe = 150004
     twoNc = 258687
     twoNw = 1.37364e+06
    twoNec = 236286
    twoNnw = 170491
  twoNecnw = 31163.6
  twoNbecnw = 76765.9
        m2 = 0.00515668
        m4 = 4.61552e-05
        m5 = 0.224331
        Tb = 23756.6
        Td = 3661.28
        Te = 1830.64
DiffEv reached_goal. cost=2.97699e-03 spread=1.69658e-06
Fitted parameter values
Free:
       pc1 = 3.97646
       pc2 = -1.86172
       pc3 = 1.43742
       pc4 = 1.26041
       pc5 = -0.985929
       pc6 = 0.467125
       pc7 = -0.912365
       pc8 = -1.27078
       pc9 = -0.245382
      pc10 = 0.574298
      pc11 = 0.17859
      pc12 = -0.171885
      pc13 = 0.0959725
      pc14 = -0.00493113
Constrained:
     Tecnw = 40923.3
       Tnw = 66.3615
       Tec = 10.5563
     twoNb = 1.62704e+06
     twoNe = 330311
     twoNc = 60796
     twoNw = 1.80332e+06
    twoNec = 297567
    twoNnw = 198746
  twoNecnw = 30255.1
  twoNbecnw = 77171.6
        m2 = 0.0092259
        m4 = 2.78482e-05
        m5 = 0.226815
        Tb = 20466.9
        Td = 5.27817
        Te = 2.63908
#       SitePat  BranchLen
              b 138084.0819789
              e 53113.3496340
              c 56740.8093104
              n 50694.1008433
              w 50693.6484513
            b:e 2444.6925180
            b:c 2836.2358451
            b:n 2125.4309547
            b:w 2125.4039305
            e:c 10981.9498404
            e:n 5786.3528695
            e:w 5786.8052616
            c:n 4710.3049559
            c:w 4710.2191393
            n:w 13645.4539241
          b:e:c 2260.8167449
          b:e:n 1246.4455311
          b:e:w 1246.4725553
          b:c:n 1246.7102582
          b:c:w 1246.6832173
          b:n:w 2256.8021505
          e:c:n 5997.2216308
          e:c:w 5997.3074474
          e:n:w 8336.4731174
          c:n:w 6854.2566475
        b:e:c:n 2127.2334350
        b:e:c:w 2127.2604758
        b:e:n:w 2810.2226300
        b:c:n:w 2425.5947432
        e:c:n:w 56347.4832774
