########################################
# legofit: estimate population history #
#       version 2.3.4-4-g53f8760       #
########################################

# Program was compiled: Sep 21 2021 14:36:42
# Program was run: Fri Oct  8 13:39:59 2021

# cmd: legofit -1 -d 0 -t 32 --ptsPerDim 3 --stateOut b1boot43.state --tol 3e-6 -S 5000 bde2.lgo ../../boot/boot43.opf
# Stage nOptItr nSimReps
#     0    5000        0
# algorithm          : deterministic
# ignoring probs <=  : 0
# Branch length floor: 0
# DE strategy        : 2
#    F               : 0.3
#    CR              : 0.8
#    tolerance       : 3e-06
# nthreads           : 32
# lgo input file     : bde2.lgo
# site pat input file: ../../boot/boot43.opf
# free parameters    : 14
# points in DE swarm : 42
# output state file  : b1boot43.state
# Including singleton site patterns.
# cost function      : KL
Initial parameter values
Fixed:
      zero = 0
       one = 1
    Tbecnw = 75200
Free:
       pc1 = 0
       pc2 = 0
       pc3 = 0
       pc4 = 0
       pc5 = 0
       pc6 = 0
       pc7 = 0
       pc8 = 0
       pc9 = 0
      pc10 = 0
      pc11 = 0
      pc12 = 0
      pc13 = 0
      pc14 = 0
Constrained:
     Tecnw = 40190.6
       Tnw = 3490.95
       Tec = 7322.57
     twoNb = 1.0182e+06
     twoNe = 150004
     twoNc = 258687
     twoNw = 1.37364e+06
    twoNec = 236286
    twoNnw = 170491
  twoNecnw = 31163.6
  twoNbecnw = 76765.9
        m2 = 0.00515668
        m4 = 4.61552e-05
        m5 = 0.224331
        Tb = 23756.6
        Td = 3661.28
        Te = 1830.64
DiffEv reached_goal. cost=2.99617e-03 spread=2.14369e-06
Fitted parameter values
Free:
       pc1 = 3.94087
       pc2 = -1.94366
       pc3 = 1.3511
       pc4 = 0.972877
       pc5 = -0.876092
       pc6 = -0.520432
       pc7 = -0.294645
       pc8 = -1.89889
       pc9 = 0.170312
      pc10 = 0.912083
      pc11 = 0.0371546
      pc12 = -0.172812
      pc13 = 0.0904097
      pc14 = -0.0268179
Constrained:
     Tecnw = 40909
       Tnw = 57.2736
       Tec = 75.0955
     twoNb = 1.8841e+06
     twoNe = 176603
     twoNc = 195153
     twoNw = 1.50749e+06
    twoNec = 298019
    twoNnw = 198611
  twoNecnw = 30233.6
  twoNbecnw = 77083.8
        m2 = 0.00896678
        m4 = 2.10734e-05
        m5 = 0.227216
        Tb = 20492.1
        Td = 37.5478
        Te = 18.7739
#       SitePat  BranchLen
              b 138043.7752706
              e 53084.5109739
              c 56714.8083718
              n 50655.5271732
              w 50655.1998907
            b:e 2434.0961943
            b:c 2823.6139362
            b:n 2119.8128874
            b:w 2119.7933697
            e:c 10954.6315291
            e:n 5783.5373565
            e:w 5783.8646391
            c:n 4706.0806340
            c:w 4706.0185711
            n:w 13629.2649699
          b:e:c 2253.5170912
          b:e:n 1243.7104568
          b:e:w 1243.7299746
          b:c:n 1243.9289064
          b:c:w 1243.9093786
          b:n:w 2250.1561073
          e:c:n 5989.3009589
          e:c:w 5989.3630218
          e:n:w 8323.4210205
          c:n:w 6842.2349536
        b:e:c:n 2121.3266926
        b:e:c:w 2121.3462204
        b:e:n:w 2801.7781484
        b:c:n:w 2418.0540123
        e:c:n:w 56354.4143688
