########################################
# legofit: estimate population history #
#       version 2.3.4-4-g53f8760       #
########################################

# Program was compiled: Sep 21 2021 14:36:42
# Program was run: Fri Oct  8 13:39:28 2021

# cmd: legofit -1 -d 0 -t 32 --ptsPerDim 3 --stateOut b1boot17.state --tol 3e-6 -S 5000 bde2.lgo ../../boot/boot17.opf
# Stage nOptItr nSimReps
#     0    5000        0
# algorithm          : deterministic
# ignoring probs <=  : 0
# Branch length floor: 0
# DE strategy        : 2
#    F               : 0.3
#    CR              : 0.8
#    tolerance       : 3e-06
# nthreads           : 32
# lgo input file     : bde2.lgo
# site pat input file: ../../boot/boot17.opf
# free parameters    : 14
# points in DE swarm : 42
# output state file  : b1boot17.state
# Including singleton site patterns.
# cost function      : KL
Initial parameter values
Fixed:
      zero = 0
       one = 1
    Tbecnw = 75200
Free:
       pc1 = 0
       pc2 = 0
       pc3 = 0
       pc4 = 0
       pc5 = 0
       pc6 = 0
       pc7 = 0
       pc8 = 0
       pc9 = 0
      pc10 = 0
      pc11 = 0
      pc12 = 0
      pc13 = 0
      pc14 = 0
Constrained:
     Tecnw = 40190.6
       Tnw = 3490.95
       Tec = 7322.57
     twoNb = 1.0182e+06
     twoNe = 150004
     twoNc = 258687
     twoNw = 1.37364e+06
    twoNec = 236286
    twoNnw = 170491
  twoNecnw = 31163.6
  twoNbecnw = 76765.9
        m2 = 0.00515668
        m4 = 4.61552e-05
        m5 = 0.224331
        Tb = 23756.6
        Td = 3661.28
        Te = 1830.64
DiffEv reached_goal. cost=2.99443e-03 spread=2.64611e-06
Fitted parameter values
Free:
       pc1 = 3.95679
       pc2 = -1.92079
       pc3 = 1.75329
       pc4 = 1.12391
       pc5 = -1.33134
       pc6 = -1.09064
       pc7 = -0.304548
       pc8 = -1.88367
       pc9 = 0.00514789
      pc10 = 0.83114
      pc11 = 0.118482
      pc12 = -0.234162
      pc13 = 0.0175046
      pc14 = -0.0982264
Constrained:
     Tecnw = 40891
       Tnw = 34.8981
       Tec = 55.7259
     twoNb = 2.04054e+06
     twoNe = 136083
     twoNc = 105187
     twoNw = 1.58564e+06
    twoNec = 291556
    twoNnw = 197934
  twoNecnw = 30273.7
  twoNbecnw = 77134.4
        m2 = 0.00986728
        m4 = 3.96959e-05
        m5 = 0.227648
        Tb = 20473.4
        Td = 27.8629
        Te = 13.9315
#       SitePat  BranchLen
              b 138053.2252338
              e 53040.9340751
              c 56703.4447928
              n 50642.3448524
              w 50642.1750807
            b:e 2443.1017702
            b:c 2839.0426598
            b:n 2123.5625468
            b:w 2123.5524137
            e:c 11039.2162684
            e:n 5782.1495065
            e:w 5782.3192782
            c:n 4697.7787165
            c:w 4697.7465301
            n:w 13685.7889880
          b:e:c 2264.6435769
          b:e:n 1242.7574603
          b:e:w 1242.7675934
          b:c:n 1242.9725543
          b:c:w 1242.9624159
          b:n:w 2261.1865852
          e:c:n 5994.8888186
          e:c:w 5994.9210050
          e:n:w 8352.5276381
          c:n:w 6852.5775105
        b:e:c:n 2125.1155434
        b:e:c:w 2125.1256818
        b:e:n:w 2816.7853534
        b:c:n:w 2426.8174953
        e:c:n:w 56326.3653148
