########################################
# legofit: estimate population history #
#       version 2.3.4-4-g53f8760       #
########################################

# Program was compiled: Sep 21 2021 14:36:42
# Program was run: Fri Oct  8 13:39:11 2021

# cmd: legofit -1 -d 0 -t 32 --ptsPerDim 3 --stateOut b1boot0.state --tol 3e-6 -S 5000 bde2.lgo ../../boot/boot0.opf
# Stage nOptItr nSimReps
#     0    5000        0
# algorithm          : deterministic
# ignoring probs <=  : 0
# Branch length floor: 0
# DE strategy        : 2
#    F               : 0.3
#    CR              : 0.8
#    tolerance       : 3e-06
# nthreads           : 32
# lgo input file     : bde2.lgo
# site pat input file: ../../boot/boot0.opf
# free parameters    : 14
# points in DE swarm : 42
# output state file  : b1boot0.state
# Including singleton site patterns.
# cost function      : KL
Initial parameter values
Fixed:
      zero = 0
       one = 1
    Tbecnw = 75200
Free:
       pc1 = 0
       pc2 = 0
       pc3 = 0
       pc4 = 0
       pc5 = 0
       pc6 = 0
       pc7 = 0
       pc8 = 0
       pc9 = 0
      pc10 = 0
      pc11 = 0
      pc12 = 0
      pc13 = 0
      pc14 = 0
Constrained:
     Tecnw = 40190.6
       Tnw = 3490.95
       Tec = 7322.57
     twoNb = 1.0182e+06
     twoNe = 150004
     twoNc = 258687
     twoNw = 1.37364e+06
    twoNec = 236286
    twoNnw = 170491
  twoNecnw = 31163.6
  twoNbecnw = 76765.9
        m2 = 0.00515668
        m4 = 4.61552e-05
        m5 = 0.224331
        Tb = 23756.6
        Td = 3661.28
        Te = 1830.64
DiffEv reached_goal. cost=2.98070e-03 spread=2.52891e-06
Fitted parameter values
Free:
       pc1 = 3.91186
       pc2 = -1.97191
       pc3 = 1.86086
       pc4 = 1.37773
       pc5 = -1.93126
       pc6 = -0.542035
       pc7 = -0.418533
       pc8 = -1.28871
       pc9 = -0.934895
      pc10 = 0.735903
      pc11 = -0.00185083
      pc12 = -0.0293217
      pc13 = 0.0780183
      pc14 = -0.0402458
Constrained:
     Tecnw = 40750.7
       Tnw = 41.9772
       Tec = 64.0269
     twoNb = 1.85941e+06
     twoNe = 248029
     twoNc = 30216.9
     twoNw = 1.72746e+06
    twoNec = 290088
    twoNnw = 198157
  twoNecnw = 30175.9
  twoNbecnw = 76901.2
        m2 = 0.0109688
        m4 = 7.41565e-05
        m5 = 0.228966
        Tb = 20407.4
        Td = 32.0135
        Te = 16.0067
#       SitePat  BranchLen
              b 137935.0974261
              e 52889.7730592
              c 56559.8299237
              n 50489.2008257
              w 50489.0072871
            b:e 2431.8331310
            b:c 2830.7299629
            b:n 2100.6932637
            b:w 2100.6817964
            e:c 10971.4121423
            e:n 5764.5804072
            e:w 5764.7739457
            c:n 4679.4675732
            c:w 4679.4309359
            n:w 13605.7664864
          b:e:c 2238.6830547
          b:e:n 1230.6840659
          b:e:w 1230.6955333
          b:c:n 1230.9482772
          b:c:w 1230.9368025
          b:n:w 2234.4857959
          e:c:n 5963.9955023
          e:c:w 5964.0321396
          e:n:w 8348.7546611
          c:n:w 6841.2029986
        b:e:c:n 2102.5713084
        b:e:c:w 2102.5827831
        b:e:n:w 2803.4722388
        b:c:n:w 2412.0205683
        e:c:n:w 56408.2720354
