########################################
# legofit: estimate population history #
#       version 2.3.4-4-g53f8760       #
########################################

# Program was compiled: Sep 21 2021 14:36:42
# Program was run: Fri Oct  8 13:39:20 2021

# cmd: legofit -1 -d 0 -t 32 --ptsPerDim 3 --stateOut b1boot14.state --tol 3e-6 -S 5000 bde2.lgo ../../boot/boot14.opf
# Stage nOptItr nSimReps
#     0    5000        0
# algorithm          : deterministic
# ignoring probs <=  : 0
# Branch length floor: 0
# DE strategy        : 2
#    F               : 0.3
#    CR              : 0.8
#    tolerance       : 3e-06
# nthreads           : 32
# lgo input file     : bde2.lgo
# site pat input file: ../../boot/boot14.opf
# free parameters    : 14
# points in DE swarm : 42
# output state file  : b1boot14.state
# Including singleton site patterns.
# cost function      : KL
Initial parameter values
Fixed:
      zero = 0
       one = 1
    Tbecnw = 75200
Free:
       pc1 = 0
       pc2 = 0
       pc3 = 0
       pc4 = 0
       pc5 = 0
       pc6 = 0
       pc7 = 0
       pc8 = 0
       pc9 = 0
      pc10 = 0
      pc11 = 0
      pc12 = 0
      pc13 = 0
      pc14 = 0
Constrained:
     Tecnw = 40190.6
       Tnw = 3490.95
       Tec = 7322.57
     twoNb = 1.0182e+06
     twoNe = 150004
     twoNc = 258687
     twoNw = 1.37364e+06
    twoNec = 236286
    twoNnw = 170491
  twoNecnw = 31163.6
  twoNbecnw = 76765.9
        m2 = 0.00515668
        m4 = 4.61552e-05
        m5 = 0.224331
        Tb = 23756.6
        Td = 3661.28
        Te = 1830.64
DiffEv reached_goal. cost=2.99041e-03 spread=2.55906e-06
Fitted parameter values
Free:
       pc1 = 3.98352
       pc2 = -1.9285
       pc3 = 1.04655
       pc4 = 0.995111
       pc5 = -1.63711
       pc6 = -1.30777
       pc7 = -0.65256
       pc8 = -1.95807
       pc9 = 0.0209733
      pc10 = -0.0628871
      pc11 = 0.226336
      pc12 = -0.119076
      pc13 = 0.0269894
      pc14 = -0.0514732
Constrained:
     Tecnw = 40864.5
       Tnw = 23.1554
       Tec = 20.1603
     twoNb = 1.88158e+06
     twoNe = 89298.5
     twoNc = 43374.9
     twoNw = 1.48303e+06
    twoNec = 297857
    twoNnw = 197881
  twoNecnw = 30177.3
  twoNbecnw = 77460.1
        m2 = 0.0101071
        m4 = 5.53303e-05
        m5 = 0.222415
        Tb = 20442.3
        Td = 10.0802
        Te = 5.04008
#       SitePat  BranchLen
              b 138360.3137254
              e 53128.1773494
              c 56707.4504752
              n 50615.5238042
              w 50615.3706768
            b:e 2457.0343821
            b:c 2845.7806699
            b:n 2121.5841631
            b:w 2121.5750202
            e:c 10993.5243233
            e:n 5761.8137889
            e:w 5761.9669162
            c:n 4703.2005855
            c:w 4703.1715319
            n:w 13689.5065655
          b:e:c 2264.3174582
          b:e:n 1243.7358652
          b:e:w 1243.7450081
          b:c:n 1243.9693032
          b:c:w 1243.9601550
          b:n:w 2260.4772119
          e:c:n 5990.8938526
          e:c:w 5990.9229063
          e:n:w 8358.9042471
          c:n:w 6890.0231840
        b:e:c:n 2123.3169693
        b:e:c:w 2123.3261176
        b:e:n:w 2820.9079916
        b:c:n:w 2438.7296440
        e:c:n:w 56650.1865088
