########################################
# legofit: estimate population history #
#       version 2.3.4-4-g53f8760       #
########################################

# Program was compiled: Sep 21 2021 14:36:42
# Program was run: Fri Oct  8 13:39:50 2021

# cmd: legofit -1 -d 0 -t 32 --ptsPerDim 3 --stateOut b1boot39.state --tol 3e-6 -S 5000 bde2.lgo ../../boot/boot39.opf
# Stage nOptItr nSimReps
#     0    5000        0
# algorithm          : deterministic
# ignoring probs <=  : 0
# Branch length floor: 0
# DE strategy        : 2
#    F               : 0.3
#    CR              : 0.8
#    tolerance       : 3e-06
# nthreads           : 32
# lgo input file     : bde2.lgo
# site pat input file: ../../boot/boot39.opf
# free parameters    : 14
# points in DE swarm : 42
# output state file  : b1boot39.state
# Including singleton site patterns.
# cost function      : KL
Initial parameter values
Fixed:
      zero = 0
       one = 1
    Tbecnw = 75200
Free:
       pc1 = 0
       pc2 = 0
       pc3 = 0
       pc4 = 0
       pc5 = 0
       pc6 = 0
       pc7 = 0
       pc8 = 0
       pc9 = 0
      pc10 = 0
      pc11 = 0
      pc12 = 0
      pc13 = 0
      pc14 = 0
Constrained:
     Tecnw = 40190.6
       Tnw = 3490.95
       Tec = 7322.57
     twoNb = 1.0182e+06
     twoNe = 150004
     twoNc = 258687
     twoNw = 1.37364e+06
    twoNec = 236286
    twoNnw = 170491
  twoNecnw = 31163.6
  twoNbecnw = 76765.9
        m2 = 0.00515668
        m4 = 4.61552e-05
        m5 = 0.224331
        Tb = 23756.6
        Td = 3661.28
        Te = 1830.64
DiffEv reached_goal. cost=2.95081e-03 spread=2.93904e-06
Fitted parameter values
Free:
       pc1 = 3.92175
       pc2 = -1.83549
       pc3 = 1.16937
       pc4 = 0.700849
       pc5 = -1.17263
       pc6 = -0.993943
       pc7 = -0.872967
       pc8 = -1.37006
       pc9 = -0.426648
      pc10 = 0.492346
      pc11 = 0.37033
      pc12 = -0.168497
      pc13 = 0.0946522
      pc14 = -0.00871836
Constrained:
     Tecnw = 40838.7
       Tnw = 43.4967
       Tec = 34.3478
     twoNb = 1.66006e+06
     twoNe = 105538
     twoNc = 19207.5
     twoNw = 1.68896e+06
    twoNec = 296221
    twoNnw = 198764
  twoNecnw = 30325.8
  twoNbecnw = 77274.3
        m2 = 0.00978569
        m4 = 4.68684e-05
        m5 = 0.226816
        Tb = 20436.5
        Td = 17.1739
        Te = 8.58694
#       SitePat  BranchLen
              b 138150.7117942
              e 53092.0683887
              c 56723.9137432
              n 50661.4102376
              w 50661.1456869
            b:e 2454.4771215
            b:c 2848.8056658
            b:n 2128.5261789
            b:w 2128.5103474
            e:c 10993.6548048
            e:n 5794.8837582
            e:w 5795.1483089
            c:n 4719.1992163
            c:w 4719.1489363
            n:w 13656.4244925
          b:e:c 2264.3107015
          b:e:n 1248.4102177
          b:e:w 1248.4260491
          b:c:n 1248.6763197
          b:c:w 1248.6604781
          b:n:w 2260.1182598
          e:c:n 6005.8307801
          e:c:w 6005.8810602
          e:n:w 8363.3990929
          c:n:w 6875.4514302
        b:e:c:n 2130.4193936
        b:e:c:w 2130.4352352
        b:e:n:w 2821.6383875
        b:c:n:w 2434.5955349
        e:c:n:w 56397.7383849
