########################################
# legofit: estimate population history #
#       version 2.3.4-4-g53f8760       #
########################################

# Program was compiled: Sep 21 2021 14:36:42
# Program was run: Fri Oct  8 13:39:12 2021

# cmd: legofit -1 -d 0 -t 32 --ptsPerDim 3 --stateOut b1boot4.state --tol 3e-6 -S 5000 bde2.lgo ../../boot/boot4.opf
# Stage nOptItr nSimReps
#     0    5000        0
# algorithm          : deterministic
# ignoring probs <=  : 0
# Branch length floor: 0
# DE strategy        : 2
#    F               : 0.3
#    CR              : 0.8
#    tolerance       : 3e-06
# nthreads           : 32
# lgo input file     : bde2.lgo
# site pat input file: ../../boot/boot4.opf
# free parameters    : 14
# points in DE swarm : 42
# output state file  : b1boot4.state
# Including singleton site patterns.
# cost function      : KL
Initial parameter values
Fixed:
      zero = 0
       one = 1
    Tbecnw = 75200
Free:
       pc1 = 0
       pc2 = 0
       pc3 = 0
       pc4 = 0
       pc5 = 0
       pc6 = 0
       pc7 = 0
       pc8 = 0
       pc9 = 0
      pc10 = 0
      pc11 = 0
      pc12 = 0
      pc13 = 0
      pc14 = 0
Constrained:
     Tecnw = 40190.6
       Tnw = 3490.95
       Tec = 7322.57
     twoNb = 1.0182e+06
     twoNe = 150004
     twoNc = 258687
     twoNw = 1.37364e+06
    twoNec = 236286
    twoNnw = 170491
  twoNecnw = 31163.6
  twoNbecnw = 76765.9
        m2 = 0.00515668
        m4 = 4.61552e-05
        m5 = 0.224331
        Tb = 23756.6
        Td = 3661.28
        Te = 1830.64
DiffEv reached_goal. cost=3.02747e-03 spread=2.87879e-06
Fitted parameter values
Free:
       pc1 = 3.89961
       pc2 = -1.37645
       pc3 = 0.746512
       pc4 = 0.526057
       pc5 = -1.57117
       pc6 = 0.332411
       pc7 = -0.217117
       pc8 = -1.99984
       pc9 = -1.09008
      pc10 = 0.804921
      pc11 = -0.105667
      pc12 = 0.0217166
      pc13 = 0.147285
      pc14 = -0.0453527
Constrained:
     Tecnw = 40921.8
       Tnw = 44.5701
       Tec = 85.4406
     twoNb = 1.50416e+06
     twoNe = 271626
     twoNc = 111523
     twoNw = 949523
    twoNec = 292113
    twoNnw = 198425
  twoNecnw = 30008.5
  twoNbecnw = 76961.6
        m2 = 0.00955951
        m4 = 5.75645e-05
        m5 = 0.229011
        Tb = 20503.6
        Td = 42.7203
        Te = 21.3601
#       SitePat  BranchLen
              b 138033.5770567
              e 52924.2348259
              c 56584.4419438
              n 50558.0696693
              w 50557.7546298
            b:e 2417.2290644
            b:c 2811.6371742
            b:n 2100.0410493
            b:w 2100.0224097
            e:c 10956.9060055
            e:n 5753.5826358
            e:w 5753.8976753
            c:n 4667.4317182
            c:w 4667.3722289
            n:w 13592.1312228
          b:e:c 2237.2787243
          b:e:n 1229.7489594
          b:e:w 1229.7675990
          b:c:n 1230.0372910
          b:c:w 1230.0186385
          b:n:w 2232.7967133
          e:c:n 5959.7478198
          e:c:w 5959.8073092
          e:n:w 8300.7290839
          c:n:w 6804.7104693
        b:e:c:n 2102.0454492
        b:e:c:w 2102.0641017
        b:e:n:w 2782.4267923
        b:c:n:w 2395.9671721
        e:c:n:w 56525.1921493
