########################################
# legofit: estimate population history #
#       version 2.3.4-4-g53f8760       #
########################################

# Program was compiled: Sep 21 2021 14:36:42
# Program was run: Fri Oct  8 13:39:35 2021

# cmd: legofit -1 -d 0 -t 32 --ptsPerDim 3 --stateOut b1boot26.state --tol 3e-6 -S 5000 bde2.lgo ../../boot/boot26.opf
# Stage nOptItr nSimReps
#     0    5000        0
# algorithm          : deterministic
# ignoring probs <=  : 0
# Branch length floor: 0
# DE strategy        : 2
#    F               : 0.3
#    CR              : 0.8
#    tolerance       : 3e-06
# nthreads           : 32
# lgo input file     : bde2.lgo
# site pat input file: ../../boot/boot26.opf
# free parameters    : 14
# points in DE swarm : 42
# output state file  : b1boot26.state
# Including singleton site patterns.
# cost function      : KL
Initial parameter values
Fixed:
      zero = 0
       one = 1
    Tbecnw = 75200
Free:
       pc1 = 0
       pc2 = 0
       pc3 = 0
       pc4 = 0
       pc5 = 0
       pc6 = 0
       pc7 = 0
       pc8 = 0
       pc9 = 0
      pc10 = 0
      pc11 = 0
      pc12 = 0
      pc13 = 0
      pc14 = 0
Constrained:
     Tecnw = 40190.6
       Tnw = 3490.95
       Tec = 7322.57
     twoNb = 1.0182e+06
     twoNe = 150004
     twoNc = 258687
     twoNw = 1.37364e+06
    twoNec = 236286
    twoNnw = 170491
  twoNecnw = 31163.6
  twoNbecnw = 76765.9
        m2 = 0.00515668
        m4 = 4.61552e-05
        m5 = 0.224331
        Tb = 23756.6
        Td = 3661.28
        Te = 1830.64
DiffEv reached_goal. cost=3.01299e-03 spread=2.91263e-06
Fitted parameter values
Free:
       pc1 = 3.99188
       pc2 = -1.83187
       pc3 = 0.794685
       pc4 = 0.69376
       pc5 = -1.71404
       pc6 = -1.63795
       pc7 = -0.471437
       pc8 = -1.79292
       pc9 = -0.23036
      pc10 = 0.328364
      pc11 = 0.00665487
      pc12 = -0.238669
      pc13 = 0.173839
      pc14 = -0.0649698
Constrained:
     Tecnw = 40918.4
       Tnw = 59.8337
       Tec = 29.2073
     twoNb = 1.83048e+06
     twoNe = 24434
     twoNc = 72829.1
     twoNw = 1.40001e+06
    twoNec = 295313
    twoNnw = 199956
  twoNecnw = 30177.6
  twoNbecnw = 77185
        m2 = 0.009774
        m4 = 6.88711e-05
        m5 = 0.224223
        Tb = 20473.8
        Td = 14.6037
        Te = 7.30183
#       SitePat  BranchLen
              b 138118.8838470
              e 53110.5357698
              c 56684.6089365
              n 50722.8413749
              w 50722.3664367
            b:e 2443.4989000
            b:c 2830.4632842
            b:n 2123.3310782
            b:w 2123.3027565
            e:c 11000.9916162
            e:n 5762.0576446
            e:w 5762.5325828
            c:n 4702.3952690
            c:w 4702.3052491
            n:w 13616.1692882
          b:e:c 2257.5797229
          b:e:n 1243.0009491
          b:e:w 1243.0292709
          b:c:n 1243.2559103
          b:c:w 1243.2275721
          b:n:w 2253.7710589
          e:c:n 5997.4095386
          e:c:w 5997.4995585
          e:n:w 8314.7914116
          c:n:w 6853.5336525
        b:e:c:n 2125.0334785
        b:e:c:w 2125.0618167
        b:e:n:w 2805.7749506
        b:c:n:w 2425.4316059
        e:c:n:w 56415.8489908
