########################################
# legofit: estimate population history #
#       version 2.3.4-4-g53f8760       #
########################################

# Program was compiled: Sep 21 2021 14:36:42
# Program was run: Fri Oct  8 13:39:35 2021

# cmd: legofit -1 -d 0 -t 32 --ptsPerDim 3 --stateOut b1boot24.state --tol 3e-6 -S 5000 bde2.lgo ../../boot/boot24.opf
# Stage nOptItr nSimReps
#     0    5000        0
# algorithm          : deterministic
# ignoring probs <=  : 0
# Branch length floor: 0
# DE strategy        : 2
#    F               : 0.3
#    CR              : 0.8
#    tolerance       : 3e-06
# nthreads           : 32
# lgo input file     : bde2.lgo
# site pat input file: ../../boot/boot24.opf
# free parameters    : 14
# points in DE swarm : 42
# output state file  : b1boot24.state
# Including singleton site patterns.
# cost function      : KL
Initial parameter values
Fixed:
      zero = 0
       one = 1
    Tbecnw = 75200
Free:
       pc1 = 0
       pc2 = 0
       pc3 = 0
       pc4 = 0
       pc5 = 0
       pc6 = 0
       pc7 = 0
       pc8 = 0
       pc9 = 0
      pc10 = 0
      pc11 = 0
      pc12 = 0
      pc13 = 0
      pc14 = 0
Constrained:
     Tecnw = 40190.6
       Tnw = 3490.95
       Tec = 7322.57
     twoNb = 1.0182e+06
     twoNe = 150004
     twoNc = 258687
     twoNw = 1.37364e+06
    twoNec = 236286
    twoNnw = 170491
  twoNecnw = 31163.6
  twoNbecnw = 76765.9
        m2 = 0.00515668
        m4 = 4.61552e-05
        m5 = 0.224331
        Tb = 23756.6
        Td = 3661.28
        Te = 1830.64
DiffEv reached_goal. cost=3.02065e-03 spread=2.83404e-06
Fitted parameter values
Free:
       pc1 = 3.98165
       pc2 = -1.23283
       pc3 = 0.695356
       pc4 = 1.23576
       pc5 = -1.66494
       pc6 = 0.523376
       pc7 = -0.292395
       pc8 = -1.83822
       pc9 = -0.231957
      pc10 = 0.602179
      pc11 = 0.182944
      pc12 = -0.0727978
      pc13 = 0.160751
      pc14 = 0.0239019
Constrained:
     Tecnw = 40917.6
       Tnw = 75.6444
       Tec = 3.07531
     twoNb = 1.67663e+06
     twoNe = 339142
     twoNc = 89524.6
     twoNw = 1.13572e+06
    twoNec = 302470
    twoNnw = 198760
  twoNecnw = 30196.8
  twoNbecnw = 77249.1
        m2 = 0.00829373
        m4 = 5.72741e-05
        m5 = 0.2259
        Tb = 20460.3
        Td = 1.53765
        Te = 0.768827
#       SitePat  BranchLen
              b 138206.9822448
              e 53110.0940200
              c 56709.6387356
              n 50665.2936054
              w 50664.4535190
            b:e 2433.2172907
            b:c 2818.9493491
            b:n 2121.6362285
            b:w 2121.5860750
            e:c 10927.3770325
            e:n 5782.6526716
            e:w 5783.4927581
            c:n 4713.6863564
            c:w 4713.5268836
            n:w 13613.5811268
          b:e:c 2252.8164495
          b:e:n 1246.0476687
          b:e:w 1246.0978222
          b:c:n 1246.3089715
          b:c:w 1246.2587910
          b:n:w 2249.3296287
          e:c:n 5994.5190420
          e:c:w 5994.6785148
          e:n:w 8311.8921514
          c:n:w 6844.6869752
        b:e:c:n 2123.1865706
        b:e:c:w 2123.2367511
        b:e:n:w 2796.0494261
        b:c:n:w 2416.4877464
        e:c:n:w 56522.8328447
