########################################
# legofit: estimate population history #
#       version 2.3.4-4-g53f8760       #
########################################

# Program was compiled: Sep 21 2021 14:36:42
# Program was run: Fri Oct  8 13:39:35 2021

# cmd: legofit -1 -d 0 -t 32 --ptsPerDim 3 --stateOut b1boot25.state --tol 3e-6 -S 5000 bde2.lgo ../../boot/boot25.opf
# Stage nOptItr nSimReps
#     0    5000        0
# algorithm          : deterministic
# ignoring probs <=  : 0
# Branch length floor: 0
# DE strategy        : 2
#    F               : 0.3
#    CR              : 0.8
#    tolerance       : 3e-06
# nthreads           : 32
# lgo input file     : bde2.lgo
# site pat input file: ../../boot/boot25.opf
# free parameters    : 14
# points in DE swarm : 42
# output state file  : b1boot25.state
# Including singleton site patterns.
# cost function      : KL
Initial parameter values
Fixed:
      zero = 0
       one = 1
    Tbecnw = 75200
Free:
       pc1 = 0
       pc2 = 0
       pc3 = 0
       pc4 = 0
       pc5 = 0
       pc6 = 0
       pc7 = 0
       pc8 = 0
       pc9 = 0
      pc10 = 0
      pc11 = 0
      pc12 = 0
      pc13 = 0
      pc14 = 0
Constrained:
     Tecnw = 40190.6
       Tnw = 3490.95
       Tec = 7322.57
     twoNb = 1.0182e+06
     twoNe = 150004
     twoNc = 258687
     twoNw = 1.37364e+06
    twoNec = 236286
    twoNnw = 170491
  twoNecnw = 31163.6
  twoNbecnw = 76765.9
        m2 = 0.00515668
        m4 = 4.61552e-05
        m5 = 0.224331
        Tb = 23756.6
        Td = 3661.28
        Te = 1830.64
DiffEv reached_goal. cost=3.00297e-03 spread=2.17716e-06
Fitted parameter values
Free:
       pc1 = 3.95229
       pc2 = -1.97749
       pc3 = 1.50128
       pc4 = 1.05285
       pc5 = -1.35143
       pc6 = -0.811482
       pc7 = -0.287149
       pc8 = -1.93813
       pc9 = -0.34806
      pc10 = 0.951352
      pc11 = -0.3955
      pc12 = -0.20676
      pc13 = 0.0561219
      pc14 = -0.082659
Constrained:
     Tecnw = 40970.7
       Tnw = 50.2326
       Tec = 9.58846
     twoNb = 1.932e+06
     twoNe = 160681
     twoNc = 128192
     twoNw = 1.47241e+06
    twoNec = 292371
    twoNnw = 198172
  twoNecnw = 30063
  twoNbecnw = 76769.2
        m2 = 0.00993105
        m4 = 4.28313e-05
        m5 = 0.227751
        Tb = 20490.1
        Td = 4.79423
        Te = 2.39712
#       SitePat  BranchLen
              b 137824.4980133
              e 53000.5336804
              c 56655.6408275
              n 50609.3804946
              w 50608.9636936
            b:e 2421.2098929
            b:c 2814.4469679
            b:n 2102.1020783
            b:w 2102.0774218
            e:c 10983.9078896
            e:n 5748.7031159
            e:w 5749.1199170
            c:n 4664.9341094
            c:w 4664.8555339
            n:w 13625.7478679
          b:e:c 2242.3977784
          b:e:n 1230.2837003
          b:e:w 1230.3083568
          b:c:n 1230.5242760
          b:c:w 1230.4996058
          b:n:w 2238.7518730
          e:c:n 5954.7621918
          e:c:w 5954.8407673
          e:n:w 8304.5070916
          c:n:w 6810.6634972
        b:e:c:n 2103.7208512
        b:e:c:w 2103.7455214
        b:e:n:w 2790.8586701
        b:c:n:w 2403.9596072
        e:c:n:w 56250.4851898
