########################################
# legofit: estimate population history #
#       version 2.3.4-4-g53f8760       #
########################################

# Program was compiled: Sep 21 2021 14:36:42
# Program was run: Fri Oct  8 13:39:20 2021

# cmd: legofit -1 -d 0 -t 32 --ptsPerDim 3 --stateOut b1boot12.state --tol 3e-6 -S 5000 bde2.lgo ../../boot/boot12.opf
# Stage nOptItr nSimReps
#     0    5000        0
# algorithm          : deterministic
# ignoring probs <=  : 0
# Branch length floor: 0
# DE strategy        : 2
#    F               : 0.3
#    CR              : 0.8
#    tolerance       : 3e-06
# nthreads           : 32
# lgo input file     : bde2.lgo
# site pat input file: ../../boot/boot12.opf
# free parameters    : 14
# points in DE swarm : 42
# output state file  : b1boot12.state
# Including singleton site patterns.
# cost function      : KL
Initial parameter values
Fixed:
      zero = 0
       one = 1
    Tbecnw = 75200
Free:
       pc1 = 0
       pc2 = 0
       pc3 = 0
       pc4 = 0
       pc5 = 0
       pc6 = 0
       pc7 = 0
       pc8 = 0
       pc9 = 0
      pc10 = 0
      pc11 = 0
      pc12 = 0
      pc13 = 0
      pc14 = 0
Constrained:
     Tecnw = 40190.6
       Tnw = 3490.95
       Tec = 7322.57
     twoNb = 1.0182e+06
     twoNe = 150004
     twoNc = 258687
     twoNw = 1.37364e+06
    twoNec = 236286
    twoNnw = 170491
  twoNecnw = 31163.6
  twoNbecnw = 76765.9
        m2 = 0.00515668
        m4 = 4.61552e-05
        m5 = 0.224331
        Tb = 23756.6
        Td = 3661.28
        Te = 1830.64
DiffEv reached_goal. cost=2.98406e-03 spread=2.08664e-06
Fitted parameter values
Free:
       pc1 = 3.93419
       pc2 = -1.80691
       pc3 = 1.6437
       pc4 = 1.71633
       pc5 = -1.01265
       pc6 = 0.318949
       pc7 = -0.678826
       pc8 = -1.67037
       pc9 = 0.468305
      pc10 = 0.803542
      pc11 = 0.15956
      pc12 = -0.205382
      pc13 = 0.0669057
      pc14 = -0.0404774
Constrained:
     Tecnw = 40908.8
       Tnw = 71.9165
       Tec = 0.775384
     twoNb = 1.93257e+06
     twoNe = 341011
     twoNc = 81903.3
     twoNw = 1.74019e+06
    twoNec = 299438
    twoNnw = 198263
  twoNecnw = 30316.8
  twoNbecnw = 77174.6
        m2 = 0.00846991
        m4 = 1.65431e-05
        m5 = 0.225843
        Tb = 20454.8
        Td = 0.387692
        Te = 0.193846
#       SitePat  BranchLen
              b 138091.3529806
              e 53119.5585031
              c 56730.4934757
              n 50689.5335510
              w 50689.0081816
            b:e 2438.6997201
            b:c 2825.4041664
            b:n 2128.6674655
            b:w 2128.6360318
            e:c 10985.8618523
            e:n 5789.2278565
            e:w 5789.7532259
            c:n 4717.4238137
            c:w 4717.3240115
            n:w 13660.4308804
          b:e:c 2263.4259467
          b:e:n 1248.3941832
          b:e:w 1248.4256170
          b:c:n 1248.6082124
          b:c:w 1248.5767637
          b:n:w 2260.3211410
          e:c:n 6004.7635016
          e:c:w 6004.8633039
          e:n:w 8324.1854784
          c:n:w 6851.8190239
        b:e:c:n 2130.0558520
        b:e:c:w 2130.0873007
        b:e:n:w 2805.2762649
        b:c:n:w 2423.8713818
        e:c:n:w 56337.2244215
