########################################
# legofit: estimate population history #
#       version 2.3.4-4-g53f8760       #
########################################

# Program was compiled: Sep 21 2021 14:36:42
# Program was run: Wed Sep 22 16:05:12 2021

# cmd: legofit -1 -d 0 -t 32 --ptsPerDim 3 --stateOut b1.state --tol 3e-6 -S 5000 bce2.lgo ../../chrX/pan_chrX.opf
# Stage nOptItr nSimReps
#     0    5000        0
# algorithm          : deterministic
# ignoring probs <=  : 0
# Branch length floor: 0
# DE strategy        : 2
#    F               : 0.3
#    CR              : 0.8
#    tolerance       : 3e-06
# nthreads           : 32
# lgo input file     : bce2.lgo
# site pat input file: ../../chrX/pan_chrX.opf
# free parameters    : 14
# points in DE swarm : 42
# output state file  : b1.state
# Including singleton site patterns.
# cost function      : KL
Initial parameter values
Fixed:
      zero = 0
       one = 1
    Tbecnw = 75200
Free:
       pc1 = 0
       pc2 = 0
       pc3 = 0
       pc4 = 0
       pc5 = 0
       pc6 = 0
       pc7 = 0
       pc8 = 0
       pc9 = 0
      pc10 = 0
      pc11 = 0
      pc12 = 0
      pc13 = 0
      pc14 = 0
Constrained:
     Tecnw = 35709.6
       Tnw = 11278.6
       Tec = 6285.52
     twoNb = 1.19015e+06
     twoNe = 17406.7
     twoNn = 148539
     twoNw = 447835
    twoNec = 121317
    twoNnw = 65423.3
  twoNecnw = 29129.8
  twoNbecnw = 50708.9
        m2 = 0.0201759
        m3 = 0.245786
        m5 = 0.117485
        Tb = 20997.6
        Tc = 5639.28
        Te = 2819.64
DiffEv reached_goal. cost=2.42621e-03 spread=2.71968e-06
Fitted parameter values
Free:
       pc1 = 3.98849
       pc2 = -2.04971
       pc3 = 1.52913
       pc4 = 1.97291
       pc5 = -1.99503
       pc6 = 1.82292
       pc7 = 1.97939
       pc8 = 1.86861
       pc9 = -1.0662
      pc10 = 0.19522
      pc11 = -0.0374306
      pc12 = -0.222278
      pc13 = -0.0352051
      pc14 = -0.0628395
Constrained:
     Tecnw = 35973.3
       Tnw = 6527.59
       Tec = 3391.94
     twoNb = 2.95247e+06
     twoNe = 4360.75
     twoNn = 262615
     twoNw = 714866
    twoNec = 126447
    twoNnw = 86869
  twoNecnw = 27711
  twoNbecnw = 50154
        m2 = 0.0344207
        m3 = 0.242222
        m5 = 0.119807
        Tb = 19682.6
        Tc = 3263.79
        Te = 1631.9
#       SitePat  BranchLen
              b 117865.2956516
              e 43782.7168554
              c 45956.1119431
              n 41569.4023471
              w 44571.2534494
            b:e 1377.2981796
            b:c 1555.6108742
            b:n 1029.9660321
            b:w 1141.4909344
            e:c 11123.1384926
            e:n 4675.2366428
            e:w 3888.7003913
            c:n 4254.2035467
            c:w 3082.0296682
            n:w 11936.7628610
          b:e:c 1266.0225445
          b:e:n 547.4379637
          b:e:w 566.7369515
          b:c:n 568.2062184
          b:c:w 546.1665959
          b:n:w 1258.6361139
          e:c:n 5200.9266762
          e:c:w 4169.8998367
          e:n:w 6187.6764064
          c:n:w 5235.9933066
        b:e:c:n 1144.1231765
        b:e:c:w 1023.2247764
        b:e:n:w 1517.0863645
        b:c:n:w 1344.5676020
        e:c:n:w 46281.6447211
