########################################
# legofit: estimate population history #
#       version 2.3.4-4-g53f8760       #
########################################

# Program was compiled: Sep 21 2021 14:36:42
# Program was run: Wed Sep 22 16:05:29 2021

# cmd: legofit -1 -d 0 -t 32 --ptsPerDim 3 --stateOut b1boot5.state --tol 3e-6 -S 5000 bce2.lgo ../../chrX/boot_chrX/boot5.opf
# Stage nOptItr nSimReps
#     0    5000        0
# algorithm          : deterministic
# ignoring probs <=  : 0
# Branch length floor: 0
# DE strategy        : 2
#    F               : 0.3
#    CR              : 0.8
#    tolerance       : 3e-06
# nthreads           : 32
# lgo input file     : bce2.lgo
# site pat input file: ../../chrX/boot_chrX/boot5.opf
# free parameters    : 14
# points in DE swarm : 42
# output state file  : b1boot5.state
# Including singleton site patterns.
# cost function      : KL
Initial parameter values
Fixed:
      zero = 0
       one = 1
    Tbecnw = 75200
Free:
       pc1 = 0
       pc2 = 0
       pc3 = 0
       pc4 = 0
       pc5 = 0
       pc6 = 0
       pc7 = 0
       pc8 = 0
       pc9 = 0
      pc10 = 0
      pc11 = 0
      pc12 = 0
      pc13 = 0
      pc14 = 0
Constrained:
     Tecnw = 35709.6
       Tnw = 11278.6
       Tec = 6285.52
     twoNb = 1.19015e+06
     twoNe = 17406.7
     twoNn = 148539
     twoNw = 447835
    twoNec = 121317
    twoNnw = 65423.3
  twoNecnw = 29129.8
  twoNbecnw = 50708.9
        m2 = 0.0201759
        m3 = 0.245786
        m5 = 0.117485
        Tb = 20997.6
        Tc = 5639.28
        Te = 2819.64
DiffEv reached_goal. cost=2.38496e-03 spread=2.59256e-06
Fitted parameter values
Free:
       pc1 = 3.99686
       pc2 = -3.08976
       pc3 = 1.76997
       pc4 = 1.15788
       pc5 = -1.99086
       pc6 = 1.89558
       pc7 = 1.05926
       pc8 = 1.82815
       pc9 = -0.877564
      pc10 = 0.237466
      pc11 = 0.99866
      pc12 = -0.068199
      pc13 = -0.17968
      pc14 = -0.0588759
Constrained:
     Tecnw = 36300.8
       Tnw = 6047.71
       Tec = 3663.93
     twoNb = 2.82856e+06
     twoNe = 18035.3
     twoNn = 225746
     twoNw = 741860
    twoNec = 121725
    twoNnw = 90047.4
  twoNecnw = 28052.6
  twoNbecnw = 49156
        m2 = 0.0357775
        m3 = 0.245642
        m5 = 0.126174
        Tb = 19982.4
        Tc = 3023.85
        Te = 1511.93
#       SitePat  BranchLen
              b 116814.8261147
              e 43835.5689276
              c 46169.9791082
              n 41795.5120798
              w 44987.5795982
            b:e 1372.1936078
            b:c 1561.6424582
            b:n 1039.8595308
            b:w 1162.5253162
            e:c 11254.9548543
            e:n 4785.0819705
            e:w 3937.3466922
            c:n 4302.0744836
            c:w 3080.8904488
            n:w 11972.5969688
          b:e:c 1275.6501424
          b:e:n 552.7139472
          b:e:w 572.0846711
          b:c:n 573.7079191
          b:c:w 551.2916934
          b:n:w 1267.6506882
          e:c:n 5282.0329447
          e:c:w 4171.9423504
          e:n:w 6164.6752035
          c:n:w 5163.0217022
        b:e:c:n 1165.4200524
        b:e:c:w 1032.7421578
        b:e:n:w 1521.0028248
        b:c:n:w 1338.0600311
        e:c:n:w 44877.9608086
