########################################
# legofit: estimate population history #
#       version 2.3.4-4-g53f8760       #
########################################

# Program was compiled: Sep 21 2021 14:36:42
# Program was run: Wed Sep 22 16:05:54 2021

# cmd: legofit -1 -d 0 -t 32 --ptsPerDim 3 --stateOut b1boot26.state --tol 3e-6 -S 5000 bce2.lgo ../../chrX/boot_chrX/boot26.opf
# Stage nOptItr nSimReps
#     0    5000        0
# algorithm          : deterministic
# ignoring probs <=  : 0
# Branch length floor: 0
# DE strategy        : 2
#    F               : 0.3
#    CR              : 0.8
#    tolerance       : 3e-06
# nthreads           : 32
# lgo input file     : bce2.lgo
# site pat input file: ../../chrX/boot_chrX/boot26.opf
# free parameters    : 14
# points in DE swarm : 42
# output state file  : b1boot26.state
# Including singleton site patterns.
# cost function      : KL
Initial parameter values
Fixed:
      zero = 0
       one = 1
    Tbecnw = 75200
Free:
       pc1 = 0
       pc2 = 0
       pc3 = 0
       pc4 = 0
       pc5 = 0
       pc6 = 0
       pc7 = 0
       pc8 = 0
       pc9 = 0
      pc10 = 0
      pc11 = 0
      pc12 = 0
      pc13 = 0
      pc14 = 0
Constrained:
     Tecnw = 35709.6
       Tnw = 11278.6
       Tec = 6285.52
     twoNb = 1.19015e+06
     twoNe = 17406.7
     twoNn = 148539
     twoNw = 447835
    twoNec = 121317
    twoNnw = 65423.3
  twoNecnw = 29129.8
  twoNbecnw = 50708.9
        m2 = 0.0201759
        m3 = 0.245786
        m5 = 0.117485
        Tb = 20997.6
        Tc = 5639.28
        Te = 2819.64
DiffEv reached_goal. cost=2.45522e-03 spread=2.63590e-06
Fitted parameter values
Free:
       pc1 = 3.99577
       pc2 = -1.87171
       pc3 = -0.090894
       pc4 = 1.98086
       pc5 = -1.91408
       pc6 = 1.50427
       pc7 = 1.99145
       pc8 = 1.17048
       pc9 = -1.45651
      pc10 = 0.922169
      pc11 = 0.556808
      pc12 = -0.168127
      pc13 = -0.0441331
      pc14 = -0.0738904
Constrained:
     Tecnw = 36027.7
       Tnw = 5977.2
       Tec = 3115.61
     twoNb = 2.57667e+06
     twoNe = 6122.19
     twoNn = 215200
     twoNw = 476026
    twoNec = 129688
    twoNnw = 89126.1
  twoNecnw = 28236.9
  twoNbecnw = 50689.7
        m2 = 0.0372633
        m3 = 0.253775
        m5 = 0.116297
        Tb = 19571.6
        Tc = 2988.6
        Te = 1494.3
#       SitePat  BranchLen
              b 118035.3276117
              e 44244.5380210
              c 46327.5703764
              n 41896.6044856
              w 44947.1231299
            b:e 1456.6379304
            b:c 1635.5284113
            b:n 1082.5770792
            b:w 1192.1778230
            e:c 11193.5739367
            e:n 4739.8041571
            e:w 3988.8997513
            c:n 4406.4302289
            c:w 3158.3223505
            n:w 12045.0073638
          b:e:c 1311.1727414
          b:e:n 573.6802729
          b:e:w 597.2582674
          b:c:n 599.1852247
          b:c:w 572.0830281
          b:n:w 1301.8995305
          e:c:n 5290.6401180
          e:c:w 4255.0094712
          e:n:w 6299.7426553
          c:n:w 5373.3862922
        b:e:c:n 1195.6087623
        b:e:c:w 1073.6565072
        b:e:n:w 1587.6012784
        b:c:n:w 1415.6564217
        e:c:n:w 45822.2270194
