########################################
# legofit: estimate population history #
#       version 2.3.4-4-g53f8760       #
########################################

# Program was compiled: Sep 21 2021 14:36:42
# Program was run: Wed Sep 22 16:05:42 2021

# cmd: legofit -1 -d 0 -t 32 --ptsPerDim 3 --stateOut b1boot17.state --tol 3e-6 -S 5000 bce2.lgo ../../chrX/boot_chrX/boot17.opf
# Stage nOptItr nSimReps
#     0    5000        0
# algorithm          : deterministic
# ignoring probs <=  : 0
# Branch length floor: 0
# DE strategy        : 2
#    F               : 0.3
#    CR              : 0.8
#    tolerance       : 3e-06
# nthreads           : 32
# lgo input file     : bce2.lgo
# site pat input file: ../../chrX/boot_chrX/boot17.opf
# free parameters    : 14
# points in DE swarm : 42
# output state file  : b1boot17.state
# Including singleton site patterns.
# cost function      : KL
Initial parameter values
Fixed:
      zero = 0
       one = 1
    Tbecnw = 75200
Free:
       pc1 = 0
       pc2 = 0
       pc3 = 0
       pc4 = 0
       pc5 = 0
       pc6 = 0
       pc7 = 0
       pc8 = 0
       pc9 = 0
      pc10 = 0
      pc11 = 0
      pc12 = 0
      pc13 = 0
      pc14 = 0
Constrained:
     Tecnw = 35709.6
       Tnw = 11278.6
       Tec = 6285.52
     twoNb = 1.19015e+06
     twoNe = 17406.7
     twoNn = 148539
     twoNw = 447835
    twoNec = 121317
    twoNnw = 65423.3
  twoNecnw = 29129.8
  twoNbecnw = 50708.9
        m2 = 0.0201759
        m3 = 0.245786
        m5 = 0.117485
        Tb = 20997.6
        Tc = 5639.28
        Te = 2819.64
DiffEv reached_goal. cost=2.49978e-03 spread=2.80268e-06
Fitted parameter values
Free:
       pc1 = 3.99633
       pc2 = -2.81954
       pc3 = 1.57008
       pc4 = 1.44071
       pc5 = -1.69206
       pc6 = 1.80609
       pc7 = 1.9482
       pc8 = 1.99453
       pc9 = -0.437269
      pc10 = 0.0681967
      pc11 = 0.324255
      pc12 = -0.488084
      pc13 = -0.054865
      pc14 = 0.0963285
Constrained:
     Tecnw = 36150.2
       Tnw = 6146.56
       Tec = 3492.56
     twoNb = 2.99632e+06
     twoNe = 18525.3
     twoNn = 243594
     twoNw = 650116
    twoNec = 121378
    twoNnw = 89444.4
  twoNecnw = 27626.9
  twoNbecnw = 49804.6
        m2 = 0.0330223
        m3 = 0.242335
        m5 = 0.120583
        Tb = 19821.4
        Tc = 3073.28
        Te = 1536.64
#       SitePat  BranchLen
              b 117605.8147187
              e 43583.3628324
              c 45682.3761544
              n 41646.3417379
              w 44723.3664311
            b:e 1343.4465317
            b:c 1514.9343371
            b:n 1025.6396533
            b:w 1146.3558202
            e:c 11314.7336908
            e:n 4618.0656672
            e:w 3867.8441007
            c:n 4268.5171762
            c:w 3038.4981619
            n:w 11921.8507017
          b:e:c 1263.9434758
          b:e:n 538.8677640
          b:e:w 561.6966710
          b:c:n 563.1092665
          b:c:w 537.7016545
          b:n:w 1256.8724498
          e:c:n 5260.1395223
          e:c:w 4174.7242261
          e:n:w 6059.6188547
          c:n:w 5133.8429728
        b:e:c:n 1148.8426222
        b:e:c:w 1019.3363441
        b:e:n:w 1478.9912160
        b:c:n:w 1312.9139144
        e:c:n:w 46084.8529202
