########################################
# legofit: estimate population history #
#       version 2.3.4-4-g53f8760       #
########################################

# Program was compiled: Sep 21 2021 14:36:42
# Program was run: Wed Sep 22 16:06:18 2021

# cmd: legofit -1 -d 0 -t 32 --ptsPerDim 3 --stateOut b1boot44.state --tol 3e-6 -S 5000 bce2.lgo ../../chrX/boot_chrX/boot44.opf
# Stage nOptItr nSimReps
#     0    5000        0
# algorithm          : deterministic
# ignoring probs <=  : 0
# Branch length floor: 0
# DE strategy        : 2
#    F               : 0.3
#    CR              : 0.8
#    tolerance       : 3e-06
# nthreads           : 32
# lgo input file     : bce2.lgo
# site pat input file: ../../chrX/boot_chrX/boot44.opf
# free parameters    : 14
# points in DE swarm : 42
# output state file  : b1boot44.state
# Including singleton site patterns.
# cost function      : KL
Initial parameter values
Fixed:
      zero = 0
       one = 1
    Tbecnw = 75200
Free:
       pc1 = 0
       pc2 = 0
       pc3 = 0
       pc4 = 0
       pc5 = 0
       pc6 = 0
       pc7 = 0
       pc8 = 0
       pc9 = 0
      pc10 = 0
      pc11 = 0
      pc12 = 0
      pc13 = 0
      pc14 = 0
Constrained:
     Tecnw = 35709.6
       Tnw = 11278.6
       Tec = 6285.52
     twoNb = 1.19015e+06
     twoNe = 17406.7
     twoNn = 148539
     twoNw = 447835
    twoNec = 121317
    twoNnw = 65423.3
  twoNecnw = 29129.8
  twoNbecnw = 50708.9
        m2 = 0.0201759
        m3 = 0.245786
        m5 = 0.117485
        Tb = 20997.6
        Tc = 5639.28
        Te = 2819.64
DiffEv reached_goal. cost=2.38695e-03 spread=2.53888e-06
Fitted parameter values
Free:
       pc1 = 3.99924
       pc2 = -3.31259
       pc3 = 1.49065
       pc4 = 1.96574
       pc5 = -1.7631
       pc6 = 1.82581
       pc7 = 1.9716
       pc8 = 0.818385
       pc9 = -0.765054
      pc10 = 0.890681
      pc11 = 0.0999672
      pc12 = -0.279908
      pc13 = 0.25425
      pc14 = 0.180376
Constrained:
     Tecnw = 35731.1
       Tnw = 5802.92
       Tec = 3389
     twoNb = 2.97378e+06
     twoNe = 28693.3
     twoNn = 227340
     twoNw = 762109
    twoNec = 124210
    twoNnw = 87652.7
  twoNecnw = 27795
  twoNbecnw = 50358.1
        m2 = 0.0367675
        m3 = 0.251933
        m5 = 0.122782
        Tb = 19560
        Tc = 2901.46
        Te = 1450.73
#       SitePat  BranchLen
              b 118006.7191055
              e 43675.2177887
              c 45801.8838602
              n 41364.5076098
              w 44363.1344850
            b:e 1398.1693689
            b:c 1579.0307666
            b:n 1039.2566414
            b:w 1144.6457463
            e:c 11121.7270153
            e:n 4646.0421149
            e:w 3950.8188770
            c:n 4344.3140607
            c:w 3083.2890727
            n:w 11978.4742691
          b:e:c 1266.2889329
          b:e:n 546.6725560
          b:e:w 572.8739469
          b:c:n 574.5336594
          b:c:w 545.3483902
          b:n:w 1258.3884227
          e:c:n 5224.9026708
          e:c:w 4195.9620776
          e:n:w 6253.7398527
          c:n:w 5289.7824759
        b:e:c:n 1147.4664487
        b:e:c:w 1031.6231659
        b:e:n:w 1538.0718150
        b:c:n:w 1363.4240344
        e:c:n:w 46442.9363694
