########################################
# legofit: estimate population history #
#       version 2.3.4-4-g53f8760       #
########################################

# Program was compiled: Sep 21 2021 14:36:42
# Program was run: Wed Sep 22 16:05:42 2021

# cmd: legofit -1 -d 0 -t 32 --ptsPerDim 3 --stateOut b1boot15.state --tol 3e-6 -S 5000 bce2.lgo ../../chrX/boot_chrX/boot15.opf
# Stage nOptItr nSimReps
#     0    5000        0
# algorithm          : deterministic
# ignoring probs <=  : 0
# Branch length floor: 0
# DE strategy        : 2
#    F               : 0.3
#    CR              : 0.8
#    tolerance       : 3e-06
# nthreads           : 32
# lgo input file     : bce2.lgo
# site pat input file: ../../chrX/boot_chrX/boot15.opf
# free parameters    : 14
# points in DE swarm : 42
# output state file  : b1boot15.state
# Including singleton site patterns.
# cost function      : KL
Initial parameter values
Fixed:
      zero = 0
       one = 1
    Tbecnw = 75200
Free:
       pc1 = 0
       pc2 = 0
       pc3 = 0
       pc4 = 0
       pc5 = 0
       pc6 = 0
       pc7 = 0
       pc8 = 0
       pc9 = 0
      pc10 = 0
      pc11 = 0
      pc12 = 0
      pc13 = 0
      pc14 = 0
Constrained:
     Tecnw = 35709.6
       Tnw = 11278.6
       Tec = 6285.52
     twoNb = 1.19015e+06
     twoNe = 17406.7
     twoNn = 148539
     twoNw = 447835
    twoNec = 121317
    twoNnw = 65423.3
  twoNecnw = 29129.8
  twoNbecnw = 50708.9
        m2 = 0.0201759
        m3 = 0.245786
        m5 = 0.117485
        Tb = 20997.6
        Tc = 5639.28
        Te = 2819.64
DiffEv reached_goal. cost=2.36221e-03 spread=2.90045e-06
Fitted parameter values
Free:
       pc1 = 3.98491
       pc2 = -1.3223
       pc3 = 0.679349
       pc4 = 1.9808
       pc5 = -0.866328
       pc6 = 1.33382
       pc7 = 1.97668
       pc8 = -0.0209686
       pc9 = -1.81264
      pc10 = 0.868125
      pc11 = 0.678924
      pc12 = -0.136735
      pc13 = 0.00495372
      pc14 = -0.0879534
Constrained:
     Tecnw = 36005.8
       Tnw = 6215.44
       Tec = 3369.53
     twoNb = 2.42678e+06
     twoNe = 10849.9
     twoNn = 164212
     twoNw = 668235
    twoNec = 129640
    twoNnw = 87807
  twoNecnw = 28680.4
  twoNbecnw = 51672.1
        m2 = 0.0359798
        m3 = 0.247242
        m5 = 0.123762
        Tb = 19687.7
        Tc = 3107.72
        Te = 1553.86
#       SitePat  BranchLen
              b 118763.6047881
              e 44422.8635729
              c 46669.1185162
              n 42023.0824579
              w 45005.0896049
            b:e 1492.8846663
            b:c 1689.1407301
            b:n 1116.0370709
            b:w 1230.5407367
            e:c 11239.9941375
            e:n 4808.2527692
            e:w 4079.5227145
            c:n 4425.5375248
            c:w 3211.4730643
            n:w 12211.7490400
          b:e:c 1359.1938689
          b:e:n 595.4355823
          b:e:w 619.7138644
          b:c:n 621.6670199
          b:c:w 593.8318843
          b:n:w 1349.6294046
          e:c:n 5336.3060934
          e:c:w 4313.0940230
          e:n:w 6439.3111058
          c:n:w 5435.8116223
        b:e:c:n 1234.1256220
        b:e:c:w 1107.1782484
        b:e:n:w 1639.5270420
        b:c:n:w 1450.9309555
        e:c:n:w 46176.0381738
