########################################
# legofit: estimate population history #
#       version 2.3.4-4-g53f8760       #
########################################

# Program was compiled: Sep 21 2021 14:36:42
# Program was run: Wed Sep 22 16:05:28 2021

# cmd: legofit -1 -d 0 -t 32 --ptsPerDim 3 --stateOut b1boot1.state --tol 3e-6 -S 5000 bce2.lgo ../../chrX/boot_chrX/boot1.opf
# Stage nOptItr nSimReps
#     0    5000        0
# algorithm          : deterministic
# ignoring probs <=  : 0
# Branch length floor: 0
# DE strategy        : 2
#    F               : 0.3
#    CR              : 0.8
#    tolerance       : 3e-06
# nthreads           : 32
# lgo input file     : bce2.lgo
# site pat input file: ../../chrX/boot_chrX/boot1.opf
# free parameters    : 14
# points in DE swarm : 42
# output state file  : b1boot1.state
# Including singleton site patterns.
# cost function      : KL
Initial parameter values
Fixed:
      zero = 0
       one = 1
    Tbecnw = 75200
Free:
       pc1 = 0
       pc2 = 0
       pc3 = 0
       pc4 = 0
       pc5 = 0
       pc6 = 0
       pc7 = 0
       pc8 = 0
       pc9 = 0
      pc10 = 0
      pc11 = 0
      pc12 = 0
      pc13 = 0
      pc14 = 0
Constrained:
     Tecnw = 35709.6
       Tnw = 11278.6
       Tec = 6285.52
     twoNb = 1.19015e+06
     twoNe = 17406.7
     twoNn = 148539
     twoNw = 447835
    twoNec = 121317
    twoNnw = 65423.3
  twoNecnw = 29129.8
  twoNbecnw = 50708.9
        m2 = 0.0201759
        m3 = 0.245786
        m5 = 0.117485
        Tb = 20997.6
        Tc = 5639.28
        Te = 2819.64
DiffEv reached_goal. cost=2.50793e-03 spread=2.64326e-06
Fitted parameter values
Free:
       pc1 = 3.98982
       pc2 = -2.08524
       pc3 = 0.595992
       pc4 = 1.95537
       pc5 = -0.79706
       pc6 = 1.82152
       pc7 = 1.95205
       pc8 = 1.83042
       pc9 = -0.872428
      pc10 = 0.111324
      pc11 = 0.63921
      pc12 = -0.239266
      pc13 = 0.107199
      pc14 = -0.0194847
Constrained:
     Tecnw = 36566.7
       Tnw = 6550.14
       Tec = 3590.02
     twoNb = 2.81779e+06
     twoNe = 11574.2
     twoNn = 239945
     twoNw = 500316
    twoNec = 124141
    twoNnw = 85166.4
  twoNecnw = 27897
  twoNbecnw = 50749.9
        m2 = 0.0339932
        m3 = 0.24575
        m5 = 0.120683
        Tb = 20078.4
        Tc = 3275.07
        Te = 1637.54
#       SitePat  BranchLen
              b 118207.3517748
              e 44136.6007693
              c 46387.0293579
              n 41869.5737874
              w 44998.3490342
            b:e 1411.6555977
            b:c 1599.0660149
            b:n 1061.7692328
            b:w 1188.3376527
            e:c 11402.3781274
            e:n 4703.2728924
            e:w 3928.1292673
            c:n 4304.6196254
            c:w 3062.9670366
            n:w 12263.0601108
          b:e:c 1329.5031932
          b:e:n 562.2640070
          b:e:w 585.5253063
          b:c:n 587.0944443
          b:c:w 560.9354763
          b:n:w 1321.6880634
          e:c:n 5279.9247867
          e:c:w 4180.6332902
          e:n:w 6236.0413809
          c:n:w 5243.1977015
        b:e:c:n 1191.1526741
        b:e:c:w 1054.7943865
        b:e:n:w 1559.6374083
        b:c:n:w 1378.2169722
        e:c:n:w 46037.4791172
