########################################
# legofit: estimate population history #
#       version 2.3.4-4-g53f8760       #
########################################

# Program was compiled: Sep 21 2021 14:36:42
# Program was run: Wed Sep 22 16:06:18 2021

# cmd: legofit -1 -d 0 -t 32 --ptsPerDim 3 --stateOut b1boot45.state --tol 3e-6 -S 5000 bce2.lgo ../../chrX/boot_chrX/boot45.opf
# Stage nOptItr nSimReps
#     0    5000        0
# algorithm          : deterministic
# ignoring probs <=  : 0
# Branch length floor: 0
# DE strategy        : 2
#    F               : 0.3
#    CR              : 0.8
#    tolerance       : 3e-06
# nthreads           : 32
# lgo input file     : bce2.lgo
# site pat input file: ../../chrX/boot_chrX/boot45.opf
# free parameters    : 14
# points in DE swarm : 42
# output state file  : b1boot45.state
# Including singleton site patterns.
# cost function      : KL
Initial parameter values
Fixed:
      zero = 0
       one = 1
    Tbecnw = 75200
Free:
       pc1 = 0
       pc2 = 0
       pc3 = 0
       pc4 = 0
       pc5 = 0
       pc6 = 0
       pc7 = 0
       pc8 = 0
       pc9 = 0
      pc10 = 0
      pc11 = 0
      pc12 = 0
      pc13 = 0
      pc14 = 0
Constrained:
     Tecnw = 35709.6
       Tnw = 11278.6
       Tec = 6285.52
     twoNb = 1.19015e+06
     twoNe = 17406.7
     twoNn = 148539
     twoNw = 447835
    twoNec = 121317
    twoNnw = 65423.3
  twoNecnw = 29129.8
  twoNbecnw = 50708.9
        m2 = 0.0201759
        m3 = 0.245786
        m5 = 0.117485
        Tb = 20997.6
        Tc = 5639.28
        Te = 2819.64
DiffEv reached_goal. cost=2.25580e-03 spread=2.74426e-06
Fitted parameter values
Free:
       pc1 = 3.98194
       pc2 = -2.92596
       pc3 = 1.66536
       pc4 = 1.5508
       pc5 = -1.94249
       pc6 = 1.96242
       pc7 = 1.95942
       pc8 = 1.91863
       pc9 = -0.600889
      pc10 = 0.399448
      pc11 = 0.420321
      pc12 = -0.181292
      pc13 = -0.108413
      pc14 = -0.0218726
Constrained:
     Tecnw = 36057.5
       Tnw = 6055.12
       Tec = 3628.35
     twoNb = 3.08377e+06
     twoNe = 18063.2
     twoNn = 238603
     twoNw = 670472
    twoNec = 123869
    twoNnw = 89612
  twoNecnw = 27755.6
  twoNbecnw = 49667
        m2 = 0.0345912
        m3 = 0.244648
        m5 = 0.121884
        Tb = 19842.9
        Tc = 3027.56
        Te = 1513.78
#       SitePat  BranchLen
              b 117420.5748106
              e 43712.1643327
              c 45945.5818238
              n 41595.5100744
              w 44689.2020220
            b:e 1361.0759410
            b:c 1540.9682382
            b:n 1027.3834305
            b:w 1144.3624646
            e:c 11125.8519138
            e:n 4726.2043259
            e:w 3900.8019231
            c:n 4267.3204286
            c:w 3080.8180086
            n:w 11890.7513242
          b:e:c 1256.8022708
          b:e:n 546.6535008
          b:e:w 565.1786322
          b:c:n 566.6018856
          b:c:w 545.4005453
          b:n:w 1249.7328567
          e:c:n 5238.0957534
          e:c:w 4167.9661287
          e:n:w 6143.7447563
          c:n:w 5183.3873029
        b:e:c:n 1146.8996102
        b:e:c:w 1020.9392848
        b:e:n:w 1504.3479452
        b:c:n:w 1330.0931242
        e:c:n:w 45810.2882218
