########################################
# legofit: estimate population history #
#       version 2.3.4-4-g53f8760       #
########################################

# Program was compiled: Sep 21 2021 14:36:42
# Program was run: Wed Sep 22 16:05:48 2021

# cmd: legofit -1 -d 0 -t 32 --ptsPerDim 3 --stateOut b1boot22.state --tol 3e-6 -S 5000 bce2.lgo ../../chrX/boot_chrX/boot22.opf
# Stage nOptItr nSimReps
#     0    5000        0
# algorithm          : deterministic
# ignoring probs <=  : 0
# Branch length floor: 0
# DE strategy        : 2
#    F               : 0.3
#    CR              : 0.8
#    tolerance       : 3e-06
# nthreads           : 32
# lgo input file     : bce2.lgo
# site pat input file: ../../chrX/boot_chrX/boot22.opf
# free parameters    : 14
# points in DE swarm : 42
# output state file  : b1boot22.state
# Including singleton site patterns.
# cost function      : KL
Initial parameter values
Fixed:
      zero = 0
       one = 1
    Tbecnw = 75200
Free:
       pc1 = 0
       pc2 = 0
       pc3 = 0
       pc4 = 0
       pc5 = 0
       pc6 = 0
       pc7 = 0
       pc8 = 0
       pc9 = 0
      pc10 = 0
      pc11 = 0
      pc12 = 0
      pc13 = 0
      pc14 = 0
Constrained:
     Tecnw = 35709.6
       Tnw = 11278.6
       Tec = 6285.52
     twoNb = 1.19015e+06
     twoNe = 17406.7
     twoNn = 148539
     twoNw = 447835
    twoNec = 121317
    twoNnw = 65423.3
  twoNecnw = 29129.8
  twoNbecnw = 50708.9
        m2 = 0.0201759
        m3 = 0.245786
        m5 = 0.117485
        Tb = 20997.6
        Tc = 5639.28
        Te = 2819.64
DiffEv reached_goal. cost=2.26543e-03 spread=2.93231e-06
Fitted parameter values
Free:
       pc1 = 3.98732
       pc2 = -2.59029
       pc3 = -0.528059
       pc4 = 1.98048
       pc5 = -1.78775
       pc6 = 1.98385
       pc7 = 1.87453
       pc8 = 1.94019
       pc9 = -0.390152
      pc10 = 0.493251
      pc11 = 0.585163
      pc12 = -0.105384
      pc13 = 0.162029
      pc14 = -0.0359115
Constrained:
     Tecnw = 36485.8
       Tnw = 5907.29
       Tec = 3417.54
     twoNb = 2.7764e+06
     twoNe = 14616.9
     twoNn = 227253
     twoNw = 373493
    twoNec = 126945
    twoNnw = 85995
  twoNecnw = 27684.4
  twoNbecnw = 50174.3
        m2 = 0.0354904
        m3 = 0.258869
        m5 = 0.112704
        Tb = 19951.7
        Tc = 2953.64
        Te = 1476.82
#       SitePat  BranchLen
              b 117752.4061623
              e 44059.2387913
              c 46259.0905145
              n 41587.0369561
              w 44868.6929152
            b:e 1404.6520581
            b:c 1582.1360598
            b:n 1041.5906892
            b:w 1165.8297228
            e:c 11237.1361009
            e:n 4761.6705144
            e:w 3883.3255903
            c:n 4321.2758956
            c:w 3061.2189678
            n:w 12189.7870708
          b:e:c 1293.6336007
          b:e:n 555.1132844
          b:e:w 574.2828385
          b:c:n 575.9834003
          b:c:w 553.5795347
          b:n:w 1285.4818075
          e:c:n 5261.8931340
          e:c:w 4132.7382714
          e:n:w 6192.0549111
          c:n:w 5248.5660504
        b:e:c:n 1168.8118808
        b:e:c:w 1033.7079143
        b:e:n:w 1540.5057305
        b:c:n:w 1368.9932955
        e:c:n:w 45797.9433588
