########################################
# legofit: estimate population history #
#       version 2.3.4-4-g53f8760       #
########################################

# Program was compiled: Sep 21 2021 14:36:42
# Program was run: Wed Sep 22 16:05:28 2021

# cmd: legofit -1 -d 0 -t 32 --ptsPerDim 3 --stateOut b1boot6.state --tol 3e-6 -S 5000 bce2.lgo ../../chrX/boot_chrX/boot6.opf
# Stage nOptItr nSimReps
#     0    5000        0
# algorithm          : deterministic
# ignoring probs <=  : 0
# Branch length floor: 0
# DE strategy        : 2
#    F               : 0.3
#    CR              : 0.8
#    tolerance       : 3e-06
# nthreads           : 32
# lgo input file     : bce2.lgo
# site pat input file: ../../chrX/boot_chrX/boot6.opf
# free parameters    : 14
# points in DE swarm : 42
# output state file  : b1boot6.state
# Including singleton site patterns.
# cost function      : KL
Initial parameter values
Fixed:
      zero = 0
       one = 1
    Tbecnw = 75200
Free:
       pc1 = 0
       pc2 = 0
       pc3 = 0
       pc4 = 0
       pc5 = 0
       pc6 = 0
       pc7 = 0
       pc8 = 0
       pc9 = 0
      pc10 = 0
      pc11 = 0
      pc12 = 0
      pc13 = 0
      pc14 = 0
Constrained:
     Tecnw = 35709.6
       Tnw = 11278.6
       Tec = 6285.52
     twoNb = 1.19015e+06
     twoNe = 17406.7
     twoNn = 148539
     twoNw = 447835
    twoNec = 121317
    twoNnw = 65423.3
  twoNecnw = 29129.8
  twoNbecnw = 50708.9
        m2 = 0.0201759
        m3 = 0.245786
        m5 = 0.117485
        Tb = 20997.6
        Tc = 5639.28
        Te = 2819.64
DiffEv reached_goal. cost=2.11019e-03 spread=2.69958e-06
Fitted parameter values
Free:
       pc1 = 3.99544
       pc2 = -2.88265
       pc3 = 0.273739
       pc4 = 1.98302
       pc5 = -1.95986
       pc6 = 1.94605
       pc7 = 1.983
       pc8 = 1.57404
       pc9 = -0.515165
      pc10 = 1.73825
      pc11 = -0.0281761
      pc12 = -0.280649
      pc13 = -0.00184772
      pc14 = 0.0665109
Constrained:
     Tecnw = 35727.9
       Tnw = 5808.63
       Tec = 3356.53
     twoNb = 2.91815e+06
     twoNe = 19558.5
     twoNn = 249238
     twoNw = 430156
    twoNec = 128878
    twoNnw = 90041.1
  twoNecnw = 27628.2
  twoNbecnw = 50242.2
        m2 = 0.0356196
        m3 = 0.261743
        m5 = 0.120733
        Tb = 19542.2
        Tc = 2904.32
        Te = 1452.16
#       SitePat  BranchLen
              b 117966.8567898
              e 43692.2168776
              c 45814.3019001
              n 41457.5808539
              w 44521.0945377
            b:e 1381.5156403
            b:c 1556.7621126
            b:n 1035.1599160
            b:w 1140.7232909
            e:c 10853.1678261
            e:n 4730.2846313
            e:w 3974.1533806
            c:n 4380.9643986
            c:w 3124.8308772
            n:w 11652.5460716
          b:e:c 1232.0380302
          b:e:n 550.6683210
          b:e:w 574.0028253
          b:c:n 575.6544356
          b:c:w 549.2771391
          b:n:w 1224.4644836
          e:c:n 5236.9656109
          e:c:w 4199.4833769
          e:n:w 6190.2019107
          c:n:w 5260.4095574
        b:e:c:n 1143.5197804
        b:e:c:w 1027.2325198
        b:e:n:w 1516.1875938
        b:c:n:w 1347.0307600
        e:c:n:w 46519.4553136
