########################################
# legofit: estimate population history #
#       version 2.3.4-4-g53f8760       #
########################################

# Program was compiled: Sep 21 2021 14:36:42
# Program was run: Wed Sep 22 16:06:18 2021

# cmd: legofit -1 -d 0 -t 32 --ptsPerDim 3 --stateOut b1boot42.state --tol 3e-6 -S 5000 bce2.lgo ../../chrX/boot_chrX/boot42.opf
# Stage nOptItr nSimReps
#     0    5000        0
# algorithm          : deterministic
# ignoring probs <=  : 0
# Branch length floor: 0
# DE strategy        : 2
#    F               : 0.3
#    CR              : 0.8
#    tolerance       : 3e-06
# nthreads           : 32
# lgo input file     : bce2.lgo
# site pat input file: ../../chrX/boot_chrX/boot42.opf
# free parameters    : 14
# points in DE swarm : 42
# output state file  : b1boot42.state
# Including singleton site patterns.
# cost function      : KL
Initial parameter values
Fixed:
      zero = 0
       one = 1
    Tbecnw = 75200
Free:
       pc1 = 0
       pc2 = 0
       pc3 = 0
       pc4 = 0
       pc5 = 0
       pc6 = 0
       pc7 = 0
       pc8 = 0
       pc9 = 0
      pc10 = 0
      pc11 = 0
      pc12 = 0
      pc13 = 0
      pc14 = 0
Constrained:
     Tecnw = 35709.6
       Tnw = 11278.6
       Tec = 6285.52
     twoNb = 1.19015e+06
     twoNe = 17406.7
     twoNn = 148539
     twoNw = 447835
    twoNec = 121317
    twoNnw = 65423.3
  twoNecnw = 29129.8
  twoNbecnw = 50708.9
        m2 = 0.0201759
        m3 = 0.245786
        m5 = 0.117485
        Tb = 20997.6
        Tc = 5639.28
        Te = 2819.64
DiffEv reached_goal. cost=2.38533e-03 spread=2.80203e-06
Fitted parameter values
Free:
       pc1 = 3.97977
       pc2 = -2.68258
       pc3 = 0.431395
       pc4 = 1.95651
       pc5 = -1.50977
       pc6 = 1.94055
       pc7 = 1.98454
       pc8 = 1.96767
       pc9 = -0.464102
      pc10 = 0.904753
      pc11 = -0.0267686
      pc12 = 0.0666853
      pc13 = -0.081018
      pc14 = 0.0375376
Constrained:
     Tecnw = 36125.1
       Tnw = 6635.29
       Tec = 3796.48
     twoNb = 2.92544e+06
     twoNe = 17241.2
     twoNn = 258219
     twoNw = 453664
    twoNec = 128142
    twoNnw = 87819.1
  twoNecnw = 27486.1
  twoNbecnw = 50256.9
        m2 = 0.0349958
        m3 = 0.253724
        m5 = 0.119731
        Tb = 19960.8
        Tc = 3317.64
        Te = 1658.82
#       SitePat  BranchLen
              b 117960.9927095
              e 43995.5575228
              c 46153.2373953
              n 41760.3943067
              w 44783.2234641
            b:e 1382.6423932
            b:c 1560.0373509
            b:n 1034.2503566
            b:w 1142.8325754
            e:c 10892.9948482
            e:n 4702.0172729
            e:w 3927.3990809
            c:n 4305.3715846
            c:w 3099.2253340
            n:w 11714.3004515
          b:e:c 1248.0323693
          b:e:n 551.4398904
          b:e:w 572.3815009
          b:c:n 573.9347261
          b:c:w 550.0971018
          b:n:w 1240.6200271
          e:c:n 5199.1884221
          e:c:w 4170.0725581
          e:n:w 6176.9045172
          c:n:w 5237.9335943
        b:e:c:n 1145.5445699
        b:e:c:w 1026.9095139
        b:e:n:w 1520.6796492
        b:c:n:w 1349.1847406
        e:c:n:w 46347.8153658
