########################################
# legofit: estimate population history #
#       version 2.3.4-4-g53f8760       #
########################################

# Program was compiled: Sep 21 2021 14:36:42
# Program was run: Wed Sep 22 16:06:04 2021

# cmd: legofit -1 -d 0 -t 32 --ptsPerDim 3 --stateOut b1boot30.state --tol 3e-6 -S 5000 bce2.lgo ../../chrX/boot_chrX/boot30.opf
# Stage nOptItr nSimReps
#     0    5000        0
# algorithm          : deterministic
# ignoring probs <=  : 0
# Branch length floor: 0
# DE strategy        : 2
#    F               : 0.3
#    CR              : 0.8
#    tolerance       : 3e-06
# nthreads           : 32
# lgo input file     : bce2.lgo
# site pat input file: ../../chrX/boot_chrX/boot30.opf
# free parameters    : 14
# points in DE swarm : 42
# output state file  : b1boot30.state
# Including singleton site patterns.
# cost function      : KL
Initial parameter values
Fixed:
      zero = 0
       one = 1
    Tbecnw = 75200
Free:
       pc1 = 0
       pc2 = 0
       pc3 = 0
       pc4 = 0
       pc5 = 0
       pc6 = 0
       pc7 = 0
       pc8 = 0
       pc9 = 0
      pc10 = 0
      pc11 = 0
      pc12 = 0
      pc13 = 0
      pc14 = 0
Constrained:
     Tecnw = 35709.6
       Tnw = 11278.6
       Tec = 6285.52
     twoNb = 1.19015e+06
     twoNe = 17406.7
     twoNn = 148539
     twoNw = 447835
    twoNec = 121317
    twoNnw = 65423.3
  twoNecnw = 29129.8
  twoNbecnw = 50708.9
        m2 = 0.0201759
        m3 = 0.245786
        m5 = 0.117485
        Tb = 20997.6
        Tc = 5639.28
        Te = 2819.64
DiffEv reached_goal. cost=2.43328e-03 spread=2.97796e-06
Fitted parameter values
Free:
       pc1 = 3.98028
       pc2 = -3.04973
       pc3 = 1.54191
       pc4 = 1.99209
       pc5 = -1.85159
       pc6 = 1.92822
       pc7 = 1.96691
       pc8 = 1.79358
       pc9 = 0.316714
      pc10 = 0.534472
      pc11 = -0.207343
      pc12 = -0.363988
      pc13 = 0.214026
      pc14 = 0.208255
Constrained:
     Tecnw = 35946.1
       Tnw = 6041.81
       Tec = 3522.9
     twoNb = 3.12871e+06
     twoNe = 26682.6
     twoNn = 287487
     twoNw = 699195
    twoNec = 124614
    twoNnw = 86529.1
  twoNecnw = 27288.8
  twoNbecnw = 49921.4
        m2 = 0.0314925
        m3 = 0.250463
        m5 = 0.119331
        Tb = 19734.5
        Tc = 3020.9
        Te = 1510.45
#       SitePat  BranchLen
              b 117895.5583866
              e 43437.5724251
              c 45501.3376011
              n 41232.3017892
              w 44264.8410168
            b:e 1318.9378077
            b:c 1485.0471573
            b:n 997.7751399
            b:w 1113.0627257
            e:c 11063.6591729
            e:n 4572.4016804
            e:w 3852.4315956
            c:n 4258.6533014
            c:w 3016.8582892
            n:w 11876.5007009
          b:e:c 1229.4291821
          b:e:n 526.9464274
          b:e:w 551.0993174
          b:c:n 552.4086797
          b:c:w 525.8751832
          b:n:w 1223.1168038
          e:c:n 5179.5230666
          e:c:w 4119.5231878
          e:n:w 6052.4171635
          c:n:w 5132.8403523
        b:e:c:n 1115.2887967
        b:e:c:w 991.6075655
        b:e:n:w 1451.8776340
        b:c:n:w 1290.6634870
        e:c:n:w 46805.9792711
