########################################
# legofit: estimate population history #
#       version 2.3.4-4-g53f8760       #
########################################

# Program was compiled: Sep 21 2021 14:36:42
# Program was run: Wed Sep 22 16:06:25 2021

# cmd: legofit -1 -d 0 -t 32 --ptsPerDim 3 --stateOut b1boot49.state --tol 3e-6 -S 5000 bce2.lgo ../../chrX/boot_chrX/boot49.opf
# Stage nOptItr nSimReps
#     0    5000        0
# algorithm          : deterministic
# ignoring probs <=  : 0
# Branch length floor: 0
# DE strategy        : 2
#    F               : 0.3
#    CR              : 0.8
#    tolerance       : 3e-06
# nthreads           : 32
# lgo input file     : bce2.lgo
# site pat input file: ../../chrX/boot_chrX/boot49.opf
# free parameters    : 14
# points in DE swarm : 42
# output state file  : b1boot49.state
# Including singleton site patterns.
# cost function      : KL
Initial parameter values
Fixed:
      zero = 0
       one = 1
    Tbecnw = 75200
Free:
       pc1 = 0
       pc2 = 0
       pc3 = 0
       pc4 = 0
       pc5 = 0
       pc6 = 0
       pc7 = 0
       pc8 = 0
       pc9 = 0
      pc10 = 0
      pc11 = 0
      pc12 = 0
      pc13 = 0
      pc14 = 0
Constrained:
     Tecnw = 35709.6
       Tnw = 11278.6
       Tec = 6285.52
     twoNb = 1.19015e+06
     twoNe = 17406.7
     twoNn = 148539
     twoNw = 447835
    twoNec = 121317
    twoNnw = 65423.3
  twoNecnw = 29129.8
  twoNbecnw = 50708.9
        m2 = 0.0201759
        m3 = 0.245786
        m5 = 0.117485
        Tb = 20997.6
        Tc = 5639.28
        Te = 2819.64
DiffEv reached_goal. cost=2.35150e-03 spread=2.65428e-06
Fitted parameter values
Free:
       pc1 = 3.997
       pc2 = -2.22968
       pc3 = -0.587091
       pc4 = 1.93968
       pc5 = -0.72037
       pc6 = 1.96816
       pc7 = 1.97058
       pc8 = 1.74345
       pc9 = -1.15018
      pc10 = 1.55947
      pc11 = 0.251572
      pc12 = -0.1882
      pc13 = -0.21757
      pc14 = -0.0270545
Constrained:
     Tecnw = 36216
       Tnw = 6718.53
       Tec = 3695.01
     twoNb = 2.69228e+06
     twoNe = 10701.9
     twoNn = 216634
     twoNw = 210272
    twoNec = 128370
    twoNnw = 89588
  twoNecnw = 27797
  twoNbecnw = 51052.7
        m2 = 0.0364094
        m3 = 0.25966
        m5 = 0.123475
        Tb = 19955.5
        Tc = 3359.26
        Te = 1679.63
#       SitePat  BranchLen
              b 118469.0075011
              e 44123.5021168
              c 46423.2683377
              n 42073.2171431
              w 45153.0793749
            b:e 1430.1042436
            b:c 1621.7612559
            b:n 1078.7851791
            b:w 1190.9740887
            e:c 10943.4422131
            e:n 4826.5896581
            e:w 4072.4436996
            c:n 4415.0841432
            c:w 3162.1945308
            n:w 11647.8380024
          b:e:c 1281.8920778
          b:e:n 575.7307889
          b:e:w 599.3821429
          b:c:n 601.2121460
          b:c:w 574.1341346
          b:n:w 1273.4113833
          e:c:n 5310.6907281
          e:c:w 4252.9891359
          e:n:w 6277.3737545
          c:n:w 5292.1698858
        b:e:c:n 1194.1735382
        b:e:c:w 1070.2862172
        b:e:n:w 1577.0219936
        b:c:n:w 1392.3239640
        e:c:n:w 46394.5783466
