########################################
# legofit: estimate population history #
#       version 2.3.4-4-g53f8760       #
########################################

# Program was compiled: Sep 21 2021 14:36:42
# Program was run: Wed Sep 22 16:06:10 2021

# cmd: legofit -1 -d 0 -t 32 --ptsPerDim 3 --stateOut b1boot38.state --tol 3e-6 -S 5000 bce2.lgo ../../chrX/boot_chrX/boot38.opf
# Stage nOptItr nSimReps
#     0    5000        0
# algorithm          : deterministic
# ignoring probs <=  : 0
# Branch length floor: 0
# DE strategy        : 2
#    F               : 0.3
#    CR              : 0.8
#    tolerance       : 3e-06
# nthreads           : 32
# lgo input file     : bce2.lgo
# site pat input file: ../../chrX/boot_chrX/boot38.opf
# free parameters    : 14
# points in DE swarm : 42
# output state file  : b1boot38.state
# Including singleton site patterns.
# cost function      : KL
Initial parameter values
Fixed:
      zero = 0
       one = 1
    Tbecnw = 75200
Free:
       pc1 = 0
       pc2 = 0
       pc3 = 0
       pc4 = 0
       pc5 = 0
       pc6 = 0
       pc7 = 0
       pc8 = 0
       pc9 = 0
      pc10 = 0
      pc11 = 0
      pc12 = 0
      pc13 = 0
      pc14 = 0
Constrained:
     Tecnw = 35709.6
       Tnw = 11278.6
       Tec = 6285.52
     twoNb = 1.19015e+06
     twoNe = 17406.7
     twoNn = 148539
     twoNw = 447835
    twoNec = 121317
    twoNnw = 65423.3
  twoNecnw = 29129.8
  twoNbecnw = 50708.9
        m2 = 0.0201759
        m3 = 0.245786
        m5 = 0.117485
        Tb = 20997.6
        Tc = 5639.28
        Te = 2819.64
DiffEv reached_goal. cost=2.54590e-03 spread=2.17586e-06
Fitted parameter values
Free:
       pc1 = 3.99625
       pc2 = -3.0161
       pc3 = -0.249042
       pc4 = 1.99801
       pc5 = -1.98011
       pc6 = 1.89408
       pc7 = 1.99743
       pc8 = 1.8597
       pc9 = -0.101233
      pc10 = 1.34296
      pc11 = -0.561451
      pc12 = -0.393509
      pc13 = 0.0782785
      pc14 = 0.0844349
Constrained:
     Tecnw = 35797.5
       Tnw = 5922.18
       Tec = 3470.83
     twoNb = 2.84373e+06
     twoNe = 20097.1
     twoNn = 262702
     twoNw = 370242
    twoNec = 127733
    twoNnw = 88588.6
  twoNecnw = 27127.4
  twoNbecnw = 50227.2
        m2 = 0.0347546
        m3 = 0.262949
        m5 = 0.115473
        Tb = 19634.2
        Tc = 2961.09
        Te = 1480.55
#       SitePat  BranchLen
              b 118126.6522640
              e 43498.9640204
              c 45569.2767519
              n 41246.5644341
              w 44359.9388536
            b:e 1352.5222618
            b:c 1519.5607693
            b:n 1008.1029706
            b:w 1114.5937409
            e:c 10826.6413900
            e:n 4679.7798007
            e:w 3884.0073473
            c:n 4315.8360949
            c:w 3069.2003177
            n:w 11614.9229854
          b:e:c 1209.5236686
          b:e:n 535.5023854
          b:e:w 556.3982306
          b:c:n 558.0422963
          b:c:w 534.0698062
          b:n:w 1201.9432665
          e:c:n 5198.1367584
          e:c:w 4140.9814339
          e:n:w 6103.5448025
          c:n:w 5205.9178030
        b:e:c:n 1117.3424087
        b:e:c:w 1000.1174187
        b:e:n:w 1479.0109112
        b:c:n:w 1317.8259206
        e:c:n:w 47048.7354814
