########################################
# legofit: estimate population history #
#       version 2.3.4-4-g53f8760       #
########################################

# Program was compiled: Sep 21 2021 14:36:42
# Program was run: Wed Sep 22 16:05:35 2021

# cmd: legofit -1 -d 0 -t 32 --ptsPerDim 3 --stateOut b1boot8.state --tol 3e-6 -S 5000 bce2.lgo ../../chrX/boot_chrX/boot8.opf
# Stage nOptItr nSimReps
#     0    5000        0
# algorithm          : deterministic
# ignoring probs <=  : 0
# Branch length floor: 0
# DE strategy        : 2
#    F               : 0.3
#    CR              : 0.8
#    tolerance       : 3e-06
# nthreads           : 32
# lgo input file     : bce2.lgo
# site pat input file: ../../chrX/boot_chrX/boot8.opf
# free parameters    : 14
# points in DE swarm : 42
# output state file  : b1boot8.state
# Including singleton site patterns.
# cost function      : KL
Initial parameter values
Fixed:
      zero = 0
       one = 1
    Tbecnw = 75200
Free:
       pc1 = 0
       pc2 = 0
       pc3 = 0
       pc4 = 0
       pc5 = 0
       pc6 = 0
       pc7 = 0
       pc8 = 0
       pc9 = 0
      pc10 = 0
      pc11 = 0
      pc12 = 0
      pc13 = 0
      pc14 = 0
Constrained:
     Tecnw = 35709.6
       Tnw = 11278.6
       Tec = 6285.52
     twoNb = 1.19015e+06
     twoNe = 17406.7
     twoNn = 148539
     twoNw = 447835
    twoNec = 121317
    twoNnw = 65423.3
  twoNecnw = 29129.8
  twoNbecnw = 50708.9
        m2 = 0.0201759
        m3 = 0.245786
        m5 = 0.117485
        Tb = 20997.6
        Tc = 5639.28
        Te = 2819.64
DiffEv reached_goal. cost=2.44517e-03 spread=2.75438e-06
Fitted parameter values
Free:
       pc1 = 3.96028
       pc2 = -1.40285
       pc3 = -0.678905
       pc4 = 1.97986
       pc5 = 0.448963
       pc6 = 1.94823
       pc7 = 1.98687
       pc8 = 0.757807
       pc9 = -0.840532
      pc10 = 1.0876
      pc11 = 0.510399
      pc12 = -0.254277
      pc13 = 0.218666
      pc14 = 0.00207308
Constrained:
     Tecnw = 36575
       Tnw = 6682.98
       Tec = 3741.33
     twoNb = 2.47286e+06
     twoNe = 16128.5
     twoNn = 146553
     twoNw = 284755
    twoNec = 128341
    twoNnw = 83637.9
  twoNecnw = 28065.3
  twoNbecnw = 52116.7
        m2 = 0.0325354
        m3 = 0.256856
        m5 = 0.124556
        Tb = 20158.2
        Tc = 3341.49
        Te = 1670.74
#       SitePat  BranchLen
              b 119326.4732776
              e 44371.9013158
              c 46720.1716154
              n 41974.2887962
              w 45073.3418740
            b:e 1453.5431726
            b:c 1652.2970797
            b:n 1097.0214860
            b:w 1225.5071845
            e:c 11235.8758389
            e:n 4780.0079192
            e:w 4076.3635159
            c:n 4414.5349523
            c:w 3127.2122044
            n:w 12242.8567858
          b:e:c 1357.1694479
          b:e:n 585.6048926
          b:e:w 614.1169666
          b:c:n 615.9067510
          b:c:w 584.1203529
          b:n:w 1348.7375709
          e:c:n 5330.8941693
          e:c:w 4237.4768735
          e:n:w 6366.0227809
          c:n:w 5325.2635838
        b:e:c:n 1228.6750656
        b:e:c:w 1088.7950605
        b:e:n:w 1608.5782416
        b:c:n:w 1416.6322655
        e:c:n:w 46868.1535547
