########################################
# legofit: estimate population history #
#       version 2.3.4-4-g53f8760       #
########################################

# Program was compiled: Sep 21 2021 14:36:42
# Program was run: Wed Sep 22 16:05:28 2021

# cmd: legofit -1 -d 0 -t 32 --ptsPerDim 3 --stateOut b1boot3.state --tol 3e-6 -S 5000 bce2.lgo ../../chrX/boot_chrX/boot3.opf
# Stage nOptItr nSimReps
#     0    5000        0
# algorithm          : deterministic
# ignoring probs <=  : 0
# Branch length floor: 0
# DE strategy        : 2
#    F               : 0.3
#    CR              : 0.8
#    tolerance       : 3e-06
# nthreads           : 32
# lgo input file     : bce2.lgo
# site pat input file: ../../chrX/boot_chrX/boot3.opf
# free parameters    : 14
# points in DE swarm : 42
# output state file  : b1boot3.state
# Including singleton site patterns.
# cost function      : KL
Initial parameter values
Fixed:
      zero = 0
       one = 1
    Tbecnw = 75200
Free:
       pc1 = 0
       pc2 = 0
       pc3 = 0
       pc4 = 0
       pc5 = 0
       pc6 = 0
       pc7 = 0
       pc8 = 0
       pc9 = 0
      pc10 = 0
      pc11 = 0
      pc12 = 0
      pc13 = 0
      pc14 = 0
Constrained:
     Tecnw = 35709.6
       Tnw = 11278.6
       Tec = 6285.52
     twoNb = 1.19015e+06
     twoNe = 17406.7
     twoNn = 148539
     twoNw = 447835
    twoNec = 121317
    twoNnw = 65423.3
  twoNecnw = 29129.8
  twoNbecnw = 50708.9
        m2 = 0.0201759
        m3 = 0.245786
        m5 = 0.117485
        Tb = 20997.6
        Tc = 5639.28
        Te = 2819.64
DiffEv reached_goal. cost=2.40136e-03 spread=2.79769e-06
Fitted parameter values
Free:
       pc1 = 3.98127
       pc2 = -3.29228
       pc3 = 1.62036
       pc4 = 1.69642
       pc5 = -1.8134
       pc6 = 1.94327
       pc7 = 1.51195
       pc8 = 1.97573
       pc9 = -0.692351
      pc10 = 0.341072
      pc11 = 0.399667
      pc12 = -0.103956
      pc13 = -0.102421
      pc14 = 0.0236822
Constrained:
     Tecnw = 36166.5
       Tnw = 6365.34
       Tec = 3771.36
     twoNb = 3.0126e+06
     twoNe = 19935.1
     twoNn = 269603
     twoNw = 701540
    twoNec = 122235
    twoNnw = 88770.5
  twoNecnw = 27667.4
  twoNbecnw = 49567.9
        m2 = 0.0360433
        m3 = 0.24744
        m5 = 0.123762
        Tb = 19968.9
        Tc = 3182.67
        Te = 1591.33
#       SitePat  BranchLen
              b 117305.5666532
              e 43784.0522110
              c 46009.0924725
              n 41702.8357299
              w 44805.9305097
            b:e 1368.0640754
            b:c 1550.9542495
            b:n 1028.8967528
            b:w 1143.4313501
            e:c 11132.2474666
            e:n 4703.8349239
            e:w 3905.9003352
            c:n 4284.7966479
            c:w 3064.2869986
            n:w 11845.0151686
          b:e:c 1256.4223748
          b:e:n 544.7045216
          b:e:w 565.5850334
          b:c:n 567.1321886
          b:c:w 543.3789429
          b:n:w 1248.8707161
          e:c:n 5233.3569575
          e:c:w 4161.2251285
          e:n:w 6153.2403859
          c:n:w 5182.5902849
        b:e:c:n 1146.1342040
        b:e:c:w 1021.9536279
        b:e:n:w 1512.1630625
        b:c:n:w 1335.3127640
        e:c:n:w 45649.6862087
