########################################
# legofit: estimate population history #
#       version 2.3.4-4-g53f8760       #
########################################

# Program was compiled: Sep 21 2021 14:36:42
# Program was run: Wed Sep 22 16:06:13 2021

# cmd: legofit -1 -d 0 -t 32 --ptsPerDim 3 --stateOut b1boot41.state --tol 3e-6 -S 5000 bce2.lgo ../../chrX/boot_chrX/boot41.opf
# Stage nOptItr nSimReps
#     0    5000        0
# algorithm          : deterministic
# ignoring probs <=  : 0
# Branch length floor: 0
# DE strategy        : 2
#    F               : 0.3
#    CR              : 0.8
#    tolerance       : 3e-06
# nthreads           : 32
# lgo input file     : bce2.lgo
# site pat input file: ../../chrX/boot_chrX/boot41.opf
# free parameters    : 14
# points in DE swarm : 42
# output state file  : b1boot41.state
# Including singleton site patterns.
# cost function      : KL
Initial parameter values
Fixed:
      zero = 0
       one = 1
    Tbecnw = 75200
Free:
       pc1 = 0
       pc2 = 0
       pc3 = 0
       pc4 = 0
       pc5 = 0
       pc6 = 0
       pc7 = 0
       pc8 = 0
       pc9 = 0
      pc10 = 0
      pc11 = 0
      pc12 = 0
      pc13 = 0
      pc14 = 0
Constrained:
     Tecnw = 35709.6
       Tnw = 11278.6
       Tec = 6285.52
     twoNb = 1.19015e+06
     twoNe = 17406.7
     twoNn = 148539
     twoNw = 447835
    twoNec = 121317
    twoNnw = 65423.3
  twoNecnw = 29129.8
  twoNbecnw = 50708.9
        m2 = 0.0201759
        m3 = 0.245786
        m5 = 0.117485
        Tb = 20997.6
        Tc = 5639.28
        Te = 2819.64
DiffEv reached_goal. cost=2.43423e-03 spread=2.67514e-06
Fitted parameter values
Free:
       pc1 = 3.99422
       pc2 = -3.17822
       pc3 = 0.517691
       pc4 = 1.89533
       pc5 = -0.22482
       pc6 = 1.84401
       pc7 = 1.87871
       pc8 = 0.809414
       pc9 = -0.436035
      pc10 = 0.93745
      pc11 = -0.25886
      pc12 = 0.1747
      pc13 = 0.461608
      pc14 = 0.30588
Constrained:
     Tecnw = 36154.2
       Tnw = 6857.71
       Tec = 4017.87
     twoNb = 2.73866e+06
     twoNe = 37021.1
     twoNn = 205033
     twoNw = 532659
    twoNec = 125670
    twoNnw = 82595
  twoNecnw = 27427.7
  twoNbecnw = 51183.6
        m2 = 0.035841
        m3 = 0.254113
        m5 = 0.125713
        Tb = 20086
        Tc = 3428.86
        Te = 1714.43
#       SitePat  BranchLen
              b 118757.5250196
              e 44069.0791469
              c 46279.7491803
              n 41583.3610730
              w 44489.9060872
            b:e 1415.3607547
            b:c 1606.1601523
            b:n 1043.0478003
            b:w 1145.7538410
            e:c 10978.3025412
            e:n 4604.5427517
            e:w 3971.1119386
            c:n 4317.1651487
            c:w 3056.1305157
            n:w 12004.4726315
          b:e:c 1281.5231381
          b:e:n 550.2351252
          b:e:w 579.3200202
          b:c:n 581.0776756
          b:c:w 548.8520594
          b:n:w 1273.2749807
          e:c:n 5156.5558551
          e:c:w 4158.7808623
          e:n:w 6322.5743024
          c:n:w 5307.1866277
        b:e:c:n 1148.7146620
        b:e:c:w 1034.8447672
        b:e:n:w 1562.8345518
        b:c:n:w 1378.7372317
        e:c:n:w 47073.4813623
