########################################
# legofit: estimate population history #
#       version 2.3.4-4-g53f8760       #
########################################

# Program was compiled: Sep 21 2021 14:36:42
# Program was run: Wed Sep 22 16:06:04 2021

# cmd: legofit -1 -d 0 -t 32 --ptsPerDim 3 --stateOut b1boot35.state --tol 3e-6 -S 5000 bce2.lgo ../../chrX/boot_chrX/boot35.opf
# Stage nOptItr nSimReps
#     0    5000        0
# algorithm          : deterministic
# ignoring probs <=  : 0
# Branch length floor: 0
# DE strategy        : 2
#    F               : 0.3
#    CR              : 0.8
#    tolerance       : 3e-06
# nthreads           : 32
# lgo input file     : bce2.lgo
# site pat input file: ../../chrX/boot_chrX/boot35.opf
# free parameters    : 14
# points in DE swarm : 42
# output state file  : b1boot35.state
# Including singleton site patterns.
# cost function      : KL
Initial parameter values
Fixed:
      zero = 0
       one = 1
    Tbecnw = 75200
Free:
       pc1 = 0
       pc2 = 0
       pc3 = 0
       pc4 = 0
       pc5 = 0
       pc6 = 0
       pc7 = 0
       pc8 = 0
       pc9 = 0
      pc10 = 0
      pc11 = 0
      pc12 = 0
      pc13 = 0
      pc14 = 0
Constrained:
     Tecnw = 35709.6
       Tnw = 11278.6
       Tec = 6285.52
     twoNb = 1.19015e+06
     twoNe = 17406.7
     twoNn = 148539
     twoNw = 447835
    twoNec = 121317
    twoNnw = 65423.3
  twoNecnw = 29129.8
  twoNbecnw = 50708.9
        m2 = 0.0201759
        m3 = 0.245786
        m5 = 0.117485
        Tb = 20997.6
        Tc = 5639.28
        Te = 2819.64
DiffEv reached_goal. cost=2.55891e-03 spread=2.62372e-06
Fitted parameter values
Free:
       pc1 = 3.99031
       pc2 = -2.81766
       pc3 = 0.36138
       pc4 = 1.98369
       pc5 = -1.18337
       pc6 = 1.97275
       pc7 = 1.94386
       pc8 = 1.95186
       pc9 = 0.356248
      pc10 = 1.16785
      pc11 = -0.0113704
      pc12 = -0.200874
      pc13 = 0.0147716
      pc14 = 0.135658
Constrained:
     Tecnw = 36182.7
       Tnw = 6272.84
       Tec = 3805.42
     twoNb = 2.97455e+06
     twoNe = 26026.9
     twoNn = 274496
     twoNw = 406283
    twoNec = 127318
    twoNnw = 87973.9
  twoNecnw = 27347.6
  twoNbecnw = 50343
        m2 = 0.0315823
        m3 = 0.258267
        m5 = 0.120554
        Tb = 19994
        Tc = 3136.42
        Te = 1568.21
#       SitePat  BranchLen
              b 118165.0373736
              e 43756.0025409
              c 45908.7078653
              n 41585.3583550
              w 44686.4121060
            b:e 1343.1672531
            b:c 1515.5681681
            b:n 1021.9981329
            b:w 1141.2402042
            e:c 10909.6105477
            e:n 4691.4287422
            e:w 3925.7479584
            c:n 4318.9873766
            c:w 3073.0031054
            n:w 11713.4047621
          b:e:c 1238.2916003
          b:e:n 545.4212490
          b:e:w 568.4302402
          b:c:n 569.8322358
          b:c:w 544.2232068
          b:n:w 1231.7400051
          e:c:n 5230.8022940
          e:c:w 4153.1172535
          e:n:w 6087.8594424
          c:n:w 5154.8773068
        b:e:c:n 1143.6456559
        b:e:c:w 1015.2999669
        b:e:n:w 1480.6110251
        b:c:n:w 1313.4691866
        e:c:n:w 46748.5397341
