########################################
# legofit: estimate population history #
#       version 2.3.4-4-g53f8760       #
########################################

# Program was compiled: Sep 21 2021 14:36:42
# Program was run: Wed Sep 22 16:05:55 2021

# cmd: legofit -1 -d 0 -t 32 --ptsPerDim 3 --stateOut b1boot28.state --tol 3e-6 -S 5000 bce2.lgo ../../chrX/boot_chrX/boot28.opf
# Stage nOptItr nSimReps
#     0    5000        0
# algorithm          : deterministic
# ignoring probs <=  : 0
# Branch length floor: 0
# DE strategy        : 2
#    F               : 0.3
#    CR              : 0.8
#    tolerance       : 3e-06
# nthreads           : 32
# lgo input file     : bce2.lgo
# site pat input file: ../../chrX/boot_chrX/boot28.opf
# free parameters    : 14
# points in DE swarm : 42
# output state file  : b1boot28.state
# Including singleton site patterns.
# cost function      : KL
Initial parameter values
Fixed:
      zero = 0
       one = 1
    Tbecnw = 75200
Free:
       pc1 = 0
       pc2 = 0
       pc3 = 0
       pc4 = 0
       pc5 = 0
       pc6 = 0
       pc7 = 0
       pc8 = 0
       pc9 = 0
      pc10 = 0
      pc11 = 0
      pc12 = 0
      pc13 = 0
      pc14 = 0
Constrained:
     Tecnw = 35709.6
       Tnw = 11278.6
       Tec = 6285.52
     twoNb = 1.19015e+06
     twoNe = 17406.7
     twoNn = 148539
     twoNw = 447835
    twoNec = 121317
    twoNnw = 65423.3
  twoNecnw = 29129.8
  twoNbecnw = 50708.9
        m2 = 0.0201759
        m3 = 0.245786
        m5 = 0.117485
        Tb = 20997.6
        Tc = 5639.28
        Te = 2819.64
DiffEv reached_goal. cost=2.43029e-03 spread=2.68248e-06
Fitted parameter values
Free:
       pc1 = 3.99642
       pc2 = -3.31251
       pc3 = 1.86096
       pc4 = 1.59882
       pc5 = -1.93452
       pc6 = 1.7465
       pc7 = 1.99755
       pc8 = 1.9055
       pc9 = -0.610748
      pc10 = 0.937986
      pc11 = 0.199014
      pc12 = 0.0602543
      pc13 = 0.190687
      pc14 = 0.135622
Constrained:
     Tecnw = 35815.4
       Tnw = 6018.44
       Tec = 3526.96
     twoNb = 3.1242e+06
     twoNe = 26053.7
     twoNn = 278623
     twoNw = 646916
    twoNec = 125524
    twoNnw = 87663.7
  twoNecnw = 27682.3
  twoNbecnw = 49624.1
        m2 = 0.0359803
        m3 = 0.245451
        m5 = 0.124906
        Tb = 19671.2
        Tc = 3009.22
        Te = 1504.61
#       SitePat  BranchLen
              b 117421.6503622
              e 43721.5913704
              c 45902.6968304
              n 41415.5928974
              w 44307.8691201
            b:e 1369.1264162
            b:c 1550.2876098
            b:n 1018.0727687
            b:w 1118.9662331
            e:c 11003.9611159
            e:n 4615.1337392
            e:w 3934.8995138
            c:n 4276.2269158
            c:w 3064.5863873
            n:w 11915.3429592
          b:e:c 1242.2636921
          b:e:n 537.5390083
          b:e:w 562.1234192
          b:c:n 563.6032224
          b:c:w 536.3464697
          b:n:w 1235.0594270
          e:c:n 5142.5223693
          e:c:w 4154.1738376
          e:n:w 6216.4009689
          c:n:w 5238.3818855
        b:e:c:n 1121.5176943
        b:e:c:w 1011.2436343
        b:e:n:w 1512.4178084
        b:c:n:w 1337.1029235
        e:c:n:w 45992.4061013
