########################################
# legofit: estimate population history #
#       version 2.3.4-4-g53f8760       #
########################################

# Program was compiled: Sep 21 2021 14:36:42
# Program was run: Wed Sep 22 16:06:25 2021

# cmd: legofit -1 -d 0 -t 32 --ptsPerDim 3 --stateOut b1boot48.state --tol 3e-6 -S 5000 bce2.lgo ../../chrX/boot_chrX/boot48.opf
# Stage nOptItr nSimReps
#     0    5000        0
# algorithm          : deterministic
# ignoring probs <=  : 0
# Branch length floor: 0
# DE strategy        : 2
#    F               : 0.3
#    CR              : 0.8
#    tolerance       : 3e-06
# nthreads           : 32
# lgo input file     : bce2.lgo
# site pat input file: ../../chrX/boot_chrX/boot48.opf
# free parameters    : 14
# points in DE swarm : 42
# output state file  : b1boot48.state
# Including singleton site patterns.
# cost function      : KL
Initial parameter values
Fixed:
      zero = 0
       one = 1
    Tbecnw = 75200
Free:
       pc1 = 0
       pc2 = 0
       pc3 = 0
       pc4 = 0
       pc5 = 0
       pc6 = 0
       pc7 = 0
       pc8 = 0
       pc9 = 0
      pc10 = 0
      pc11 = 0
      pc12 = 0
      pc13 = 0
      pc14 = 0
Constrained:
     Tecnw = 35709.6
       Tnw = 11278.6
       Tec = 6285.52
     twoNb = 1.19015e+06
     twoNe = 17406.7
     twoNn = 148539
     twoNw = 447835
    twoNec = 121317
    twoNnw = 65423.3
  twoNecnw = 29129.8
  twoNbecnw = 50708.9
        m2 = 0.0201759
        m3 = 0.245786
        m5 = 0.117485
        Tb = 20997.6
        Tc = 5639.28
        Te = 2819.64
DiffEv reached_goal. cost=2.43445e-03 spread=2.40804e-06
Fitted parameter values
Free:
       pc1 = 3.99303
       pc2 = -2.41507
       pc3 = 0.983895
       pc4 = 1.89019
       pc5 = -1.89914
       pc6 = 1.82906
       pc7 = 1.97404
       pc8 = 1.24087
       pc9 = -1.17204
      pc10 = 0.500452
      pc11 = 0.140335
      pc12 = 0.189347
      pc13 = -0.234466
      pc14 = -0.00120023
Constrained:
     Tecnw = 35985.4
       Tnw = 6746.72
       Tec = 3682.36
     twoNb = 2.82633e+06
     twoNe = 12624.4
     twoNn = 209559
     twoNw = 680701
    twoNec = 128536
    twoNnw = 89279.8
  twoNecnw = 27882.5
  twoNbecnw = 50317.8
        m2 = 0.0370445
        m3 = 0.247866
        m5 = 0.119311
        Tb = 19833.9
        Tc = 3373.36
        Te = 1686.68
#       SitePat  BranchLen
              b 117850.0047922
              e 44215.5559990
              c 46304.8934743
              n 42007.2693561
              w 44945.3564620
            b:e 1422.4486772
            b:c 1600.5763483
            b:n 1059.4845373
            b:w 1162.2687697
            e:c 10967.6885181
            e:n 4700.4148334
            e:w 3949.3824430
            c:n 4329.9011598
            c:w 3147.4202631
            n:w 11741.4053521
          b:e:c 1271.1762369
          b:e:n 563.0790182
          b:e:w 584.0477619
          b:c:n 585.7278028
          b:c:w 561.6653500
          b:n:w 1262.9637504
          e:c:n 5219.9201776
          e:c:w 4229.2560450
          e:n:w 6242.3768514
          c:n:w 5318.8197461
        b:e:c:n 1165.2765874
        b:e:c:w 1051.6763779
        b:e:n:w 1557.3589146
        b:c:n:w 1385.6603542
        e:c:n:w 45943.7568373
