########################################
# legofit: estimate population history #
#       version 2.3.4-4-g53f8760       #
########################################

# Program was compiled: Sep 21 2021 14:36:42
# Program was run: Wed Sep 22 16:05:35 2021

# cmd: legofit -1 -d 0 -t 32 --ptsPerDim 3 --stateOut b1boot9.state --tol 3e-6 -S 5000 bce2.lgo ../../chrX/boot_chrX/boot9.opf
# Stage nOptItr nSimReps
#     0    5000        0
# algorithm          : deterministic
# ignoring probs <=  : 0
# Branch length floor: 0
# DE strategy        : 2
#    F               : 0.3
#    CR              : 0.8
#    tolerance       : 3e-06
# nthreads           : 32
# lgo input file     : bce2.lgo
# site pat input file: ../../chrX/boot_chrX/boot9.opf
# free parameters    : 14
# points in DE swarm : 42
# output state file  : b1boot9.state
# Including singleton site patterns.
# cost function      : KL
Initial parameter values
Fixed:
      zero = 0
       one = 1
    Tbecnw = 75200
Free:
       pc1 = 0
       pc2 = 0
       pc3 = 0
       pc4 = 0
       pc5 = 0
       pc6 = 0
       pc7 = 0
       pc8 = 0
       pc9 = 0
      pc10 = 0
      pc11 = 0
      pc12 = 0
      pc13 = 0
      pc14 = 0
Constrained:
     Tecnw = 35709.6
       Tnw = 11278.6
       Tec = 6285.52
     twoNb = 1.19015e+06
     twoNe = 17406.7
     twoNn = 148539
     twoNw = 447835
    twoNec = 121317
    twoNnw = 65423.3
  twoNecnw = 29129.8
  twoNbecnw = 50708.9
        m2 = 0.0201759
        m3 = 0.245786
        m5 = 0.117485
        Tb = 20997.6
        Tc = 5639.28
        Te = 2819.64
DiffEv reached_goal. cost=2.47016e-03 spread=2.79069e-06
Fitted parameter values
Free:
       pc1 = 3.99645
       pc2 = -1.82888
       pc3 = 0.849327
       pc4 = 1.39525
       pc5 = -1.89163
       pc6 = 1.51651
       pc7 = 1.98874
       pc8 = 1.84117
       pc9 = 0.0809311
      pc10 = 0.0144316
      pc11 = 0.208875
      pc12 = -0.189781
      pc13 = -0.0595972
      pc14 = 0.0367577
Constrained:
     Tecnw = 36240
       Tnw = 6155.91
       Tec = 3478.18
     twoNb = 2.73684e+06
     twoNe = 14578.1
     twoNn = 231419
     twoNw = 579652
    twoNec = 127868
    twoNnw = 88324.9
  twoNecnw = 27653.5
  twoNbecnw = 49967
        m2 = 0.0296734
        m3 = 0.243439
        m5 = 0.114313
        Tb = 19859.1
        Tc = 3077.95
        Te = 1538.98
#       SitePat  BranchLen
              b 117780.5067504
              e 43817.8844638
              c 45887.0660616
              n 41653.2536139
              w 44709.2157814
            b:e 1338.4366759
            b:c 1501.8224265
            b:n 1022.4476991
            b:w 1146.5874332
            e:c 11165.6456508
            e:n 4643.8585535
            e:w 3848.2719175
            c:n 4243.7429882
            c:w 3065.5401914
            n:w 11976.3105847
          b:e:c 1264.5531649
          b:e:n 544.8918299
          b:e:w 563.9577754
          b:c:n 565.3005368
          b:c:w 543.7245986
          b:n:w 1257.7573670
          e:c:n 5226.6100995
          e:c:w 4155.6772892
          e:n:w 6035.4380159
          c:n:w 5143.8257262
        b:e:c:n 1149.0323071
        b:e:c:w 1016.1626414
        b:e:n:w 1466.2343604
        b:c:n:w 1307.9510629
        e:c:n:w 46232.7118844
