########################################
# legofit: estimate population history #
#       version 2.3.4-4-g53f8760       #
########################################

# Program was compiled: Sep 21 2021 14:36:42
# Program was run: Wed Sep 22 16:06:10 2021

# cmd: legofit -1 -d 0 -t 32 --ptsPerDim 3 --stateOut b1boot39.state --tol 3e-6 -S 5000 bce2.lgo ../../chrX/boot_chrX/boot39.opf
# Stage nOptItr nSimReps
#     0    5000        0
# algorithm          : deterministic
# ignoring probs <=  : 0
# Branch length floor: 0
# DE strategy        : 2
#    F               : 0.3
#    CR              : 0.8
#    tolerance       : 3e-06
# nthreads           : 32
# lgo input file     : bce2.lgo
# site pat input file: ../../chrX/boot_chrX/boot39.opf
# free parameters    : 14
# points in DE swarm : 42
# output state file  : b1boot39.state
# Including singleton site patterns.
# cost function      : KL
Initial parameter values
Fixed:
      zero = 0
       one = 1
    Tbecnw = 75200
Free:
       pc1 = 0
       pc2 = 0
       pc3 = 0
       pc4 = 0
       pc5 = 0
       pc6 = 0
       pc7 = 0
       pc8 = 0
       pc9 = 0
      pc10 = 0
      pc11 = 0
      pc12 = 0
      pc13 = 0
      pc14 = 0
Constrained:
     Tecnw = 35709.6
       Tnw = 11278.6
       Tec = 6285.52
     twoNb = 1.19015e+06
     twoNe = 17406.7
     twoNn = 148539
     twoNw = 447835
    twoNec = 121317
    twoNnw = 65423.3
  twoNecnw = 29129.8
  twoNbecnw = 50708.9
        m2 = 0.0201759
        m3 = 0.245786
        m5 = 0.117485
        Tb = 20997.6
        Tc = 5639.28
        Te = 2819.64
DiffEv reached_goal. cost=2.51047e-03 spread=2.74950e-06
Fitted parameter values
Free:
       pc1 = 3.9957
       pc2 = -3.37133
       pc3 = 1.10839
       pc4 = 1.85366
       pc5 = -1.95342
       pc6 = 0.99834
       pc7 = 1.97203
       pc8 = 1.58095
       pc9 = -0.308029
      pc10 = 0.664138
      pc11 = -0.210797
      pc12 = -0.0835285
      pc13 = 0.0631225
      pc14 = 0.246919
Constrained:
     Tecnw = 35778
       Tnw = 6116.29
       Tec = 3612.45
     twoNb = 2.81371e+06
     twoNe = 30734.3
     twoNn = 332518
     twoNw = 625157
    twoNec = 125319
    twoNnw = 89721.7
  twoNecnw = 27485.6
  twoNbecnw = 49980.8
        m2 = 0.0357929
        m3 = 0.248072
        m5 = 0.117263
        Tb = 19695.2
        Tc = 3058.15
        Te = 1529.07
#       SitePat  BranchLen
              b 117778.8762931
              e 43725.1458952
              c 45720.1130754
              n 41550.7469169
              w 44480.0889974
            b:e 1372.8509679
            b:c 1540.1496998
            b:n 1023.5710188
            b:w 1124.7756802
            e:c 10993.3245134
            e:n 4590.0722225
            e:w 3882.1729921
            c:n 4285.3043175
            c:w 3077.6336161
            n:w 11739.8971423
          b:e:c 1236.0651008
          b:e:n 538.6218486
          b:e:w 561.4526197
          b:c:n 563.0941909
          b:c:w 537.2821725
          b:n:w 1228.0640260
          e:c:n 5182.6201182
          e:c:w 4182.3458299
          e:n:w 6133.6139779
          c:n:w 5241.5736937
        b:e:c:n 1127.6147626
        b:e:c:w 1015.8934879
        b:e:n:w 1498.2203429
        b:c:n:w 1337.0001009
        e:c:n:w 46443.5176329
