########################################
# legofit: estimate population history #
#       version 2.3.4-4-g53f8760       #
########################################

# Program was compiled: Sep 21 2021 14:36:42
# Program was run: Wed Sep 22 16:05:38 2021

# cmd: legofit -1 -d 0 -t 32 --ptsPerDim 3 --stateOut b1boot12.state --tol 3e-6 -S 5000 bce2.lgo ../../chrX/boot_chrX/boot12.opf
# Stage nOptItr nSimReps
#     0    5000        0
# algorithm          : deterministic
# ignoring probs <=  : 0
# Branch length floor: 0
# DE strategy        : 2
#    F               : 0.3
#    CR              : 0.8
#    tolerance       : 3e-06
# nthreads           : 32
# lgo input file     : bce2.lgo
# site pat input file: ../../chrX/boot_chrX/boot12.opf
# free parameters    : 14
# points in DE swarm : 42
# output state file  : b1boot12.state
# Including singleton site patterns.
# cost function      : KL
Initial parameter values
Fixed:
      zero = 0
       one = 1
    Tbecnw = 75200
Free:
       pc1 = 0
       pc2 = 0
       pc3 = 0
       pc4 = 0
       pc5 = 0
       pc6 = 0
       pc7 = 0
       pc8 = 0
       pc9 = 0
      pc10 = 0
      pc11 = 0
      pc12 = 0
      pc13 = 0
      pc14 = 0
Constrained:
     Tecnw = 35709.6
       Tnw = 11278.6
       Tec = 6285.52
     twoNb = 1.19015e+06
     twoNe = 17406.7
     twoNn = 148539
     twoNw = 447835
    twoNec = 121317
    twoNnw = 65423.3
  twoNecnw = 29129.8
  twoNbecnw = 50708.9
        m2 = 0.0201759
        m3 = 0.245786
        m5 = 0.117485
        Tb = 20997.6
        Tc = 5639.28
        Te = 2819.64
DiffEv reached_goal. cost=2.45341e-03 spread=2.99881e-06
Fitted parameter values
Free:
       pc1 = 3.99485
       pc2 = -2.35632
       pc3 = 1.40321
       pc4 = 1.95758
       pc5 = -1.43529
       pc6 = 1.69702
       pc7 = 1.81092
       pc8 = 1.75026
       pc9 = -0.713181
      pc10 = 0.329934
      pc11 = 0.0338583
      pc12 = -0.696569
      pc13 = -0.070829
      pc14 = 0.0208717
Constrained:
     Tecnw = 36045.4
       Tnw = 6285.44
       Tec = 3444.96
     twoNb = 2.89159e+06
     twoNe = 11654.2
     twoNn = 280228
     twoNw = 667758
    twoNec = 122487
    twoNnw = 88685.7
  twoNecnw = 27652.3
  twoNbecnw = 50404.6
        m2 = 0.0327975
        m3 = 0.245658
        m5 = 0.121972
        Tb = 19745.2
        Tc = 3142.72
        Te = 1571.36
#       SitePat  BranchLen
              b 118132.7390607
              e 43545.8734345
              c 45693.6765744
              n 41585.9534187
              w 44699.9055269
            b:e 1356.6283174
            b:c 1532.8103489
            b:n 1035.2260667
            b:w 1157.5669850
            e:c 11254.4759769
            e:n 4675.6431623
            e:w 3899.2465019
            c:n 4297.3441213
            c:w 3066.7294438
            n:w 11876.4715666
          b:e:c 1269.7199175
          b:e:n 546.8081311
          b:e:w 568.9957487
          b:c:n 570.4727609
          b:c:w 545.5651739
          b:n:w 1262.4414899
          e:c:n 5290.0537785
          e:c:w 4195.0842202
          e:n:w 6108.6580246
          c:n:w 5165.7271665
        b:e:c:n 1160.1604269
        b:e:c:w 1028.5682660
        b:e:n:w 1495.4280617
        b:c:n:w 1324.9557924
        e:c:n:w 46592.7425796
