########################################
# legofit: estimate population history #
#       version 2.3.4-4-g53f8760       #
########################################

# Program was compiled: Sep 21 2021 14:36:42
# Program was run: Wed Sep 22 16:05:35 2021

# cmd: legofit -1 -d 0 -t 32 --ptsPerDim 3 --stateOut b1boot11.state --tol 3e-6 -S 5000 bce2.lgo ../../chrX/boot_chrX/boot11.opf
# Stage nOptItr nSimReps
#     0    5000        0
# algorithm          : deterministic
# ignoring probs <=  : 0
# Branch length floor: 0
# DE strategy        : 2
#    F               : 0.3
#    CR              : 0.8
#    tolerance       : 3e-06
# nthreads           : 32
# lgo input file     : bce2.lgo
# site pat input file: ../../chrX/boot_chrX/boot11.opf
# free parameters    : 14
# points in DE swarm : 42
# output state file  : b1boot11.state
# Including singleton site patterns.
# cost function      : KL
Initial parameter values
Fixed:
      zero = 0
       one = 1
    Tbecnw = 75200
Free:
       pc1 = 0
       pc2 = 0
       pc3 = 0
       pc4 = 0
       pc5 = 0
       pc6 = 0
       pc7 = 0
       pc8 = 0
       pc9 = 0
      pc10 = 0
      pc11 = 0
      pc12 = 0
      pc13 = 0
      pc14 = 0
Constrained:
     Tecnw = 35709.6
       Tnw = 11278.6
       Tec = 6285.52
     twoNb = 1.19015e+06
     twoNe = 17406.7
     twoNn = 148539
     twoNw = 447835
    twoNec = 121317
    twoNnw = 65423.3
  twoNecnw = 29129.8
  twoNbecnw = 50708.9
        m2 = 0.0201759
        m3 = 0.245786
        m5 = 0.117485
        Tb = 20997.6
        Tc = 5639.28
        Te = 2819.64
DiffEv reached_goal. cost=2.45634e-03 spread=2.32571e-06
Fitted parameter values
Free:
       pc1 = 3.99855
       pc2 = -2.08342
       pc3 = 0.90882
       pc4 = 1.88539
       pc5 = -1.71871
       pc6 = 1.98842
       pc7 = 1.99905
       pc8 = 0.512568
       pc9 = -0.48696
      pc10 = -0.136585
      pc11 = 0.00749823
      pc12 = -0.553553
      pc13 = 0.268309
      pc14 = 0.0358644
Constrained:
     Tecnw = 36064.8
       Tnw = 5841.41
       Tec = 3261.95
     twoNb = 2.7247e+06
     twoNe = 16395.1
     twoNn = 145972
     twoNw = 812185
    twoNec = 124856
    twoNnw = 85165.3
  twoNecnw = 27743.6
  twoNbecnw = 50791
        m2 = 0.0325079
        m3 = 0.249067
        m5 = 0.114777
        Tb = 19663.4
        Tc = 2920.71
        Te = 1460.35
#       SitePat  BranchLen
              b 118436.6446292
              e 43695.9024103
              c 45773.1465694
              n 41309.1638830
              w 44431.8518670
            b:e 1383.2407704
            b:c 1554.4540681
            b:n 1036.3664192
            b:w 1159.6638746
            e:c 11355.0073385
            e:n 4632.2909173
            e:w 3864.9451411
            c:n 4294.6083814
            c:w 3047.4320050
            n:w 12267.6088788
          b:e:c 1298.7434468
          b:e:n 547.2670393
          b:e:w 570.3225327
          b:c:n 571.8898516
          b:c:w 545.9594909
          b:n:w 1291.0060027
          e:c:n 5260.2225834
          e:c:w 4164.9056398
          e:n:w 6170.1671447
          c:n:w 5242.1975261
        b:e:c:n 1162.4127459
        b:e:c:w 1029.1412697
        b:e:n:w 1514.9195433
        b:c:n:w 1349.3676066
        e:c:n:w 46801.9107679
