########################################
# legofit: estimate population history #
#       version 2.3.4-4-g53f8760       #
########################################

# Program was compiled: Sep 21 2021 14:36:42
# Program was run: Wed Sep 22 16:05:48 2021

# cmd: legofit -1 -d 0 -t 32 --ptsPerDim 3 --stateOut b1boot20.state --tol 3e-6 -S 5000 bce2.lgo ../../chrX/boot_chrX/boot20.opf
# Stage nOptItr nSimReps
#     0    5000        0
# algorithm          : deterministic
# ignoring probs <=  : 0
# Branch length floor: 0
# DE strategy        : 2
#    F               : 0.3
#    CR              : 0.8
#    tolerance       : 3e-06
# nthreads           : 32
# lgo input file     : bce2.lgo
# site pat input file: ../../chrX/boot_chrX/boot20.opf
# free parameters    : 14
# points in DE swarm : 42
# output state file  : b1boot20.state
# Including singleton site patterns.
# cost function      : KL
Initial parameter values
Fixed:
      zero = 0
       one = 1
    Tbecnw = 75200
Free:
       pc1 = 0
       pc2 = 0
       pc3 = 0
       pc4 = 0
       pc5 = 0
       pc6 = 0
       pc7 = 0
       pc8 = 0
       pc9 = 0
      pc10 = 0
      pc11 = 0
      pc12 = 0
      pc13 = 0
      pc14 = 0
Constrained:
     Tecnw = 35709.6
       Tnw = 11278.6
       Tec = 6285.52
     twoNb = 1.19015e+06
     twoNe = 17406.7
     twoNn = 148539
     twoNw = 447835
    twoNec = 121317
    twoNnw = 65423.3
  twoNecnw = 29129.8
  twoNbecnw = 50708.9
        m2 = 0.0201759
        m3 = 0.245786
        m5 = 0.117485
        Tb = 20997.6
        Tc = 5639.28
        Te = 2819.64
DiffEv reached_goal. cost=2.45790e-03 spread=2.99012e-06
Fitted parameter values
Free:
       pc1 = 3.98983
       pc2 = -2.60232
       pc3 = 0.532838
       pc4 = 1.92314
       pc5 = -1.91887
       pc6 = 1.91682
       pc7 = 1.95328
       pc8 = 1.9646
       pc9 = -0.97581
      pc10 = 0.997022
      pc11 = 0.108104
      pc12 = -0.0088753
      pc13 = 0.190171
      pc14 = -0.0217972
Constrained:
     Tecnw = 35983.4
       Tnw = 6158.13
       Tec = 3359.17
     twoNb = 2.90927e+06
     twoNe = 11951.2
     twoNn = 254402
     twoNw = 475598
    twoNec = 128179
    twoNnw = 85918.6
  twoNecnw = 27670.8
  twoNbecnw = 50104
        m2 = 0.0368454
        m3 = 0.252783
        m5 = 0.12012
        Tb = 19671.3
        Tc = 3079.07
        Te = 1539.53
#       SitePat  BranchLen
              b 117765.8057646
              e 43921.4931781
              c 46108.9633324
              n 41464.1208753
              w 44461.3770381
            b:e 1402.0693588
            b:c 1584.2942467
            b:n 1032.0259169
            b:w 1135.3996890
            e:c 11021.3185647
            e:n 4673.4366911
            e:w 3935.4175110
            c:n 4308.8943877
            c:w 3077.8344939
            n:w 11997.4524787
          b:e:c 1262.3182540
          b:e:n 547.2068870
          b:e:w 570.3775507
          b:c:n 572.0422436
          b:c:w 545.8092915
          b:n:w 1254.3494918
          e:c:n 5166.5794745
          e:c:w 4152.1295174
          e:n:w 6265.8128137
          c:n:w 5293.9449794
        b:e:c:n 1138.2699032
        b:e:c:w 1024.2312877
        b:e:n:w 1542.4938337
        b:c:n:w 1366.5248490
        e:c:n:w 46120.0637426
