########################################
# legofit: estimate population history #
#       version 2.3.4-4-g53f8760       #
########################################

# Program was compiled: Sep 21 2021 14:36:42
# Program was run: Wed Sep 22 16:05:48 2021

# cmd: legofit -1 -d 0 -t 32 --ptsPerDim 3 --stateOut b1boot19.state --tol 3e-6 -S 5000 bce2.lgo ../../chrX/boot_chrX/boot19.opf
# Stage nOptItr nSimReps
#     0    5000        0
# algorithm          : deterministic
# ignoring probs <=  : 0
# Branch length floor: 0
# DE strategy        : 2
#    F               : 0.3
#    CR              : 0.8
#    tolerance       : 3e-06
# nthreads           : 32
# lgo input file     : bce2.lgo
# site pat input file: ../../chrX/boot_chrX/boot19.opf
# free parameters    : 14
# points in DE swarm : 42
# output state file  : b1boot19.state
# Including singleton site patterns.
# cost function      : KL
Initial parameter values
Fixed:
      zero = 0
       one = 1
    Tbecnw = 75200
Free:
       pc1 = 0
       pc2 = 0
       pc3 = 0
       pc4 = 0
       pc5 = 0
       pc6 = 0
       pc7 = 0
       pc8 = 0
       pc9 = 0
      pc10 = 0
      pc11 = 0
      pc12 = 0
      pc13 = 0
      pc14 = 0
Constrained:
     Tecnw = 35709.6
       Tnw = 11278.6
       Tec = 6285.52
     twoNb = 1.19015e+06
     twoNe = 17406.7
     twoNn = 148539
     twoNw = 447835
    twoNec = 121317
    twoNnw = 65423.3
  twoNecnw = 29129.8
  twoNbecnw = 50708.9
        m2 = 0.0201759
        m3 = 0.245786
        m5 = 0.117485
        Tb = 20997.6
        Tc = 5639.28
        Te = 2819.64
DiffEv reached_goal. cost=2.33735e-03 spread=2.93628e-06
Fitted parameter values
Free:
       pc1 = 3.98067
       pc2 = -3.54852
       pc3 = -0.703295
       pc4 = 1.74198
       pc5 = -1.9102
       pc6 = 1.98316
       pc7 = 1.94172
       pc8 = 1.90019
       pc9 = 0.193266
      pc10 = -0.246516
      pc11 = 0.35876
      pc12 = -0.126372
      pc13 = 0.419815
      pc14 = 0.0962962
Constrained:
     Tecnw = 36611.1
       Tnw = 5671.3
       Tec = 3576.6
     twoNb = 2.78939e+06
     twoNe = 28060.2
     twoNn = 205246
     twoNw = 417248
    twoNec = 122543
    twoNnw = 84215.4
  twoNecnw = 27234.9
  twoNbecnw = 49846
        m2 = 0.0361376
        m3 = 0.258538
        m5 = 0.106706
        Tb = 20093.9
        Tc = 2835.65
        Te = 1417.82
#       SitePat  BranchLen
              b 117592.0134378
              e 43886.9877805
              c 45963.2200866
              n 41307.1020051
              w 44634.1410413
            b:e 1382.1745846
            b:c 1549.0489821
            b:n 1012.3307435
            b:w 1136.3592377
            e:c 11385.4503633
            e:n 4635.4941994
            e:w 3762.1895074
            c:n 4252.5682964
            c:w 2967.2828544
            n:w 12366.4214058
          b:e:c 1283.8100245
          b:e:n 532.9470611
          b:e:w 552.6613934
          b:c:n 554.3911417
          b:c:w 531.4088716
          b:n:w 1275.4189642
          e:c:n 5214.2352002
          e:c:w 4059.9486715
          e:n:w 6107.5006552
          c:n:w 5203.2557143
        b:e:c:n 1139.3158378
        b:e:c:w 1004.3929080
        b:e:n:w 1507.3477275
        b:c:n:w 1346.1269620
        e:c:n:w 45945.2919632
