########################################
# legofit: estimate population history #
#       version 2.3.4-4-g53f8760       #
########################################

# Program was compiled: Sep 21 2021 14:36:42
# Program was run: Wed Sep 22 16:05:48 2021

# cmd: legofit -1 -d 0 -t 32 --ptsPerDim 3 --stateOut b1boot21.state --tol 3e-6 -S 5000 bce2.lgo ../../chrX/boot_chrX/boot21.opf
# Stage nOptItr nSimReps
#     0    5000        0
# algorithm          : deterministic
# ignoring probs <=  : 0
# Branch length floor: 0
# DE strategy        : 2
#    F               : 0.3
#    CR              : 0.8
#    tolerance       : 3e-06
# nthreads           : 32
# lgo input file     : bce2.lgo
# site pat input file: ../../chrX/boot_chrX/boot21.opf
# free parameters    : 14
# points in DE swarm : 42
# output state file  : b1boot21.state
# Including singleton site patterns.
# cost function      : KL
Initial parameter values
Fixed:
      zero = 0
       one = 1
    Tbecnw = 75200
Free:
       pc1 = 0
       pc2 = 0
       pc3 = 0
       pc4 = 0
       pc5 = 0
       pc6 = 0
       pc7 = 0
       pc8 = 0
       pc9 = 0
      pc10 = 0
      pc11 = 0
      pc12 = 0
      pc13 = 0
      pc14 = 0
Constrained:
     Tecnw = 35709.6
       Tnw = 11278.6
       Tec = 6285.52
     twoNb = 1.19015e+06
     twoNe = 17406.7
     twoNn = 148539
     twoNw = 447835
    twoNec = 121317
    twoNnw = 65423.3
  twoNecnw = 29129.8
  twoNbecnw = 50708.9
        m2 = 0.0201759
        m3 = 0.245786
        m5 = 0.117485
        Tb = 20997.6
        Tc = 5639.28
        Te = 2819.64
DiffEv reached_goal. cost=2.44812e-03 spread=2.69806e-06
Fitted parameter values
Free:
       pc1 = 3.99773
       pc2 = -2.40112
       pc3 = 0.372631
       pc4 = 1.87444
       pc5 = -1.93138
       pc6 = 1.95866
       pc7 = 1.86824
       pc8 = 1.82541
       pc9 = -0.0375153
      pc10 = 0.748244
      pc11 = 0.360406
      pc12 = -0.100089
      pc13 = 0.230702
      pc14 = 0.0530499
Constrained:
     Tecnw = 36220
       Tnw = 5847.72
       Tec = 3324.32
     twoNb = 2.88482e+06
     twoNe = 17813.1
     twoNn = 241381
     twoNw = 499146
    twoNec = 128674
    twoNnw = 85780.2
  twoNecnw = 27661.4
  twoNbecnw = 50012.5
        m2 = 0.0326796
        m3 = 0.255448
        m5 = 0.116512
        Tb = 19772.2
        Tc = 2923.86
        Te = 1461.93
#       SitePat  BranchLen
              b 117752.4427064
              e 43879.8645293
              c 46011.2197747
              n 41425.3218419
              w 44532.5665396
            b:e 1367.9835906
            b:c 1540.0274782
            b:n 1024.1714968
            b:w 1142.8619813
            e:c 11121.0738129
            e:n 4663.2691827
            e:w 3898.2386289
            c:n 4309.1955959
            c:w 3053.6552032
            n:w 12111.2946294
          b:e:c 1268.0783405
          b:e:n 544.7819888
          b:e:w 568.0762750
          b:c:n 569.5628702
          b:c:w 543.5277033
          b:n:w 1260.9688294
          e:c:n 5203.9958817
          e:c:w 4129.6840931
          e:n:w 6151.7784755
          c:n:w 5213.4418310
        b:e:c:n 1145.4410814
        b:e:c:w 1017.1295151
        b:e:n:w 1502.8094764
        b:c:n:w 1336.1716907
        e:c:n:w 46121.8301524
