########################################
# legofit: estimate population history #
#       version 2.3.4-4-g53f8760       #
########################################

# Program was compiled: Sep 21 2021 14:36:42
# Program was run: Wed Sep 22 16:05:48 2021

# cmd: legofit -1 -d 0 -t 32 --ptsPerDim 3 --stateOut b1boot23.state --tol 3e-6 -S 5000 bce2.lgo ../../chrX/boot_chrX/boot23.opf
# Stage nOptItr nSimReps
#     0    5000        0
# algorithm          : deterministic
# ignoring probs <=  : 0
# Branch length floor: 0
# DE strategy        : 2
#    F               : 0.3
#    CR              : 0.8
#    tolerance       : 3e-06
# nthreads           : 32
# lgo input file     : bce2.lgo
# site pat input file: ../../chrX/boot_chrX/boot23.opf
# free parameters    : 14
# points in DE swarm : 42
# output state file  : b1boot23.state
# Including singleton site patterns.
# cost function      : KL
Initial parameter values
Fixed:
      zero = 0
       one = 1
    Tbecnw = 75200
Free:
       pc1 = 0
       pc2 = 0
       pc3 = 0
       pc4 = 0
       pc5 = 0
       pc6 = 0
       pc7 = 0
       pc8 = 0
       pc9 = 0
      pc10 = 0
      pc11 = 0
      pc12 = 0
      pc13 = 0
      pc14 = 0
Constrained:
     Tecnw = 35709.6
       Tnw = 11278.6
       Tec = 6285.52
     twoNb = 1.19015e+06
     twoNe = 17406.7
     twoNn = 148539
     twoNw = 447835
    twoNec = 121317
    twoNnw = 65423.3
  twoNecnw = 29129.8
  twoNbecnw = 50708.9
        m2 = 0.0201759
        m3 = 0.245786
        m5 = 0.117485
        Tb = 20997.6
        Tc = 5639.28
        Te = 2819.64
DiffEv reached_goal. cost=2.41239e-03 spread=2.84313e-06
Fitted parameter values
Free:
       pc1 = 3.99715
       pc2 = -2.79005
       pc3 = 1.97773
       pc4 = 1.78925
       pc5 = -1.50037
       pc6 = 1.75007
       pc7 = 1.97588
       pc8 = 1.83166
       pc9 = -1.04454
      pc10 = 0.838684
      pc11 = 0.807363
      pc12 = -0.310381
      pc13 = -0.0557495
      pc14 = 0.0595785
Constrained:
     Tecnw = 36026.3
       Tnw = 6051.5
       Tec = 3393.05
     twoNb = 3.11764e+06
     twoNe = 17836.2
     twoNn = 280124
     twoNw = 652258
    twoNec = 123396
    twoNnw = 90049.2
  twoNecnw = 28143.5
  twoNbecnw = 50035
        m2 = 0.0352849
        m3 = 0.243554
        m5 = 0.127495
        Tb = 19709.7
        Tc = 3025.75
        Te = 1512.87
#       SitePat  BranchLen
              b 117602.1023279
              e 43846.1080258
              c 46053.1285395
              n 41814.1291790
              w 44815.3896799
            b:e 1391.4678014
            b:c 1577.5238527
            b:n 1057.5339774
            b:w 1172.5499360
            e:c 11265.7651688
            e:n 4690.3801518
            e:w 3991.8058264
            c:n 4349.2773858
            c:w 3105.3230537
            n:w 11970.2254341
          b:e:c 1288.8167719
          b:e:n 557.4775371
          b:e:w 583.4776977
          b:c:n 584.9544892
          b:c:w 556.3023276
          b:n:w 1281.5705667
          e:c:n 5280.0134431
          e:c:w 4233.0859950
          e:n:w 6219.2309383
          c:n:w 5233.6166053
        b:e:c:n 1175.1580487
        b:e:c:w 1050.9896958
        b:e:n:w 1540.3876205
        b:c:n:w 1360.2093452
        e:c:n:w 45666.3572736
