########################################
# legofit: estimate population history #
#       version 2.3.4-4-g53f8760       #
########################################

# Program was compiled: Sep 21 2021 14:36:42
# Program was run: Wed Sep 22 16:05:42 2021

# cmd: legofit -1 -d 0 -t 32 --ptsPerDim 3 --stateOut b1boot13.state --tol 3e-6 -S 5000 bce2.lgo ../../chrX/boot_chrX/boot13.opf
# Stage nOptItr nSimReps
#     0    5000        0
# algorithm          : deterministic
# ignoring probs <=  : 0
# Branch length floor: 0
# DE strategy        : 2
#    F               : 0.3
#    CR              : 0.8
#    tolerance       : 3e-06
# nthreads           : 32
# lgo input file     : bce2.lgo
# site pat input file: ../../chrX/boot_chrX/boot13.opf
# free parameters    : 14
# points in DE swarm : 42
# output state file  : b1boot13.state
# Including singleton site patterns.
# cost function      : KL
Initial parameter values
Fixed:
      zero = 0
       one = 1
    Tbecnw = 75200
Free:
       pc1 = 0
       pc2 = 0
       pc3 = 0
       pc4 = 0
       pc5 = 0
       pc6 = 0
       pc7 = 0
       pc8 = 0
       pc9 = 0
      pc10 = 0
      pc11 = 0
      pc12 = 0
      pc13 = 0
      pc14 = 0
Constrained:
     Tecnw = 35709.6
       Tnw = 11278.6
       Tec = 6285.52
     twoNb = 1.19015e+06
     twoNe = 17406.7
     twoNn = 148539
     twoNw = 447835
    twoNec = 121317
    twoNnw = 65423.3
  twoNecnw = 29129.8
  twoNbecnw = 50708.9
        m2 = 0.0201759
        m3 = 0.245786
        m5 = 0.117485
        Tb = 20997.6
        Tc = 5639.28
        Te = 2819.64
DiffEv reached_goal. cost=2.33870e-03 spread=2.67843e-06
Fitted parameter values
Free:
       pc1 = 3.98793
       pc2 = -3.42412
       pc3 = 0.840161
       pc4 = 1.99526
       pc5 = -0.750446
       pc6 = 1.98742
       pc7 = 1.72062
       pc8 = 1.87785
       pc9 = -1.02631
      pc10 = -0.0856355
      pc11 = -0.031528
      pc12 = -0.427841
      pc13 = -0.047301
      pc14 = -0.0918883
Constrained:
     Tecnw = 36390.9
       Tnw = 6676.49
       Tec = 4150.84
     twoNb = 2.90257e+06
     twoNe = 18453.7
     twoNn = 255974
     twoNw = 587868
    twoNec = 117814
    twoNnw = 86805.3
  twoNecnw = 27328.1
  twoNbecnw = 50539.5
        m2 = 0.0376417
        m3 = 0.248079
        m5 = 0.122432
        Tb = 20270.9
        Tc = 3338.25
        Te = 1669.12
#       SitePat  BranchLen
              b 118167.8514618
              e 43708.0497924
              c 46082.3667923
              n 41620.9871561
              w 44907.0816643
            b:e 1390.7537738
            b:c 1585.1345809
            b:n 1035.5293776
            b:w 1158.9440820
            e:c 11244.8336901
            e:n 4789.2282446
            e:w 3862.8849417
            c:n 4242.4983547
            c:w 3039.4852218
            n:w 11937.6921369
          b:e:c 1281.6040791
          b:e:n 549.6966503
          b:e:w 565.2827108
          b:c:n 566.9816790
          b:c:w 548.1110200
          b:n:w 1273.2142362
          e:c:n 5286.8958442
          e:c:w 4143.8280239
          e:n:w 6204.0402772
          c:n:w 5193.1063461
        b:e:c:n 1161.9230516
        b:e:c:w 1028.1226936
        b:e:n:w 1543.0980229
        b:c:n:w 1355.3504189
        e:c:n:w 46451.3560423
