########################################
# legofit: estimate population history #
#       version 2.3.4-4-g53f8760       #
########################################

# Program was compiled: Sep 21 2021 14:36:42
# Program was run: Wed Sep 22 16:06:05 2021

# cmd: legofit -1 -d 0 -t 32 --ptsPerDim 3 --stateOut b1boot34.state --tol 3e-6 -S 5000 bce2.lgo ../../chrX/boot_chrX/boot34.opf
# Stage nOptItr nSimReps
#     0    5000        0
# algorithm          : deterministic
# ignoring probs <=  : 0
# Branch length floor: 0
# DE strategy        : 2
#    F               : 0.3
#    CR              : 0.8
#    tolerance       : 3e-06
# nthreads           : 32
# lgo input file     : bce2.lgo
# site pat input file: ../../chrX/boot_chrX/boot34.opf
# free parameters    : 14
# points in DE swarm : 42
# output state file  : b1boot34.state
# Including singleton site patterns.
# cost function      : KL
Initial parameter values
Fixed:
      zero = 0
       one = 1
    Tbecnw = 75200
Free:
       pc1 = 0
       pc2 = 0
       pc3 = 0
       pc4 = 0
       pc5 = 0
       pc6 = 0
       pc7 = 0
       pc8 = 0
       pc9 = 0
      pc10 = 0
      pc11 = 0
      pc12 = 0
      pc13 = 0
      pc14 = 0
Constrained:
     Tecnw = 35709.6
       Tnw = 11278.6
       Tec = 6285.52
     twoNb = 1.19015e+06
     twoNe = 17406.7
     twoNn = 148539
     twoNw = 447835
    twoNec = 121317
    twoNnw = 65423.3
  twoNecnw = 29129.8
  twoNbecnw = 50708.9
        m2 = 0.0201759
        m3 = 0.245786
        m5 = 0.117485
        Tb = 20997.6
        Tc = 5639.28
        Te = 2819.64
DiffEv reached_goal. cost=2.27926e-03 spread=2.69495e-06
Fitted parameter values
Free:
       pc1 = 3.98515
       pc2 = -3.12007
       pc3 = 3.83248
       pc4 = 1.0531
       pc5 = -1.23037
       pc6 = 1.97869
       pc7 = 1.90517
       pc8 = 1.94287
       pc9 = -0.128365
      pc10 = 1.04578
      pc11 = 0.103532
      pc12 = -0.34852
      pc13 = 0.14621
      pc14 = 0.253019
Constrained:
     Tecnw = 35638.8
       Tnw = 6169.25
       Tec = 3647.6
     twoNb = 3.38403e+06
     twoNe = 31790.2
     twoNn = 270134
     twoNw = 834715
    twoNec = 121965
    twoNnw = 88464.1
  twoNecnw = 27660.6
  twoNbecnw = 49515.1
        m2 = 0.0298467
        m3 = 0.234248
        m5 = 0.137931
        Tb = 19643.2
        Tc = 3084.63
        Te = 1542.31
#       SitePat  BranchLen
              b 117550.9874308
              e 43169.9258659
              c 45451.6831646
              n 41266.4349419
              w 44057.4013974
            b:e 1287.6417917
            b:c 1471.2023521
            b:n 996.8869372
            b:w 1106.6927788
            e:c 11008.7350146
            e:n 4566.8737858
            e:w 3971.5481790
            c:n 4236.0197469
            c:w 3041.1570986
            n:w 11759.6938387
          b:e:c 1218.3705671
          b:e:n 526.3498631
          b:e:w 553.9330330
          b:c:n 555.0340151
          b:c:w 525.5149389
          b:n:w 1212.9115422
          e:c:n 5155.4457907
          e:c:w 4163.4757246
          e:n:w 6100.8420538
          c:n:w 5075.1434091
        b:e:c:n 1108.5936535
        b:e:c:w 991.9155839
        b:e:n:w 1442.0614816
        b:c:n:w 1263.4213286
        e:c:n:w 46545.8049094
