########################################
# legofit: estimate population history #
#       version 2.3.4-4-g53f8760       #
########################################

# Program was compiled: Sep 21 2021 14:36:42
# Program was run: Wed Sep 22 16:05:28 2021

# cmd: legofit -1 -d 0 -t 32 --ptsPerDim 3 --stateOut b1boot2.state --tol 3e-6 -S 5000 bce2.lgo ../../chrX/boot_chrX/boot2.opf
# Stage nOptItr nSimReps
#     0    5000        0
# algorithm          : deterministic
# ignoring probs <=  : 0
# Branch length floor: 0
# DE strategy        : 2
#    F               : 0.3
#    CR              : 0.8
#    tolerance       : 3e-06
# nthreads           : 32
# lgo input file     : bce2.lgo
# site pat input file: ../../chrX/boot_chrX/boot2.opf
# free parameters    : 14
# points in DE swarm : 42
# output state file  : b1boot2.state
# Including singleton site patterns.
# cost function      : KL
Initial parameter values
Fixed:
      zero = 0
       one = 1
    Tbecnw = 75200
Free:
       pc1 = 0
       pc2 = 0
       pc3 = 0
       pc4 = 0
       pc5 = 0
       pc6 = 0
       pc7 = 0
       pc8 = 0
       pc9 = 0
      pc10 = 0
      pc11 = 0
      pc12 = 0
      pc13 = 0
      pc14 = 0
Constrained:
     Tecnw = 35709.6
       Tnw = 11278.6
       Tec = 6285.52
     twoNb = 1.19015e+06
     twoNe = 17406.7
     twoNn = 148539
     twoNw = 447835
    twoNec = 121317
    twoNnw = 65423.3
  twoNecnw = 29129.8
  twoNbecnw = 50708.9
        m2 = 0.0201759
        m3 = 0.245786
        m5 = 0.117485
        Tb = 20997.6
        Tc = 5639.28
        Te = 2819.64
DiffEv reached_goal. cost=2.48910e-03 spread=2.95476e-06
Fitted parameter values
Free:
       pc1 = 3.97836
       pc2 = -3.24862
       pc3 = 1.1266
       pc4 = 1.76537
       pc5 = -1.95985
       pc6 = 1.87912
       pc7 = 1.8772
       pc8 = 1.98757
       pc9 = -0.0757319
      pc10 = 0.763171
      pc11 = 0.735484
      pc12 = 0.222758
      pc13 = 0.319841
      pc14 = 0.118432
Constrained:
     Tecnw = 36229.6
       Tnw = 5750.74
       Tec = 3511.6
     twoNb = 3.09223e+06
     twoNe = 28503.7
     twoNn = 273128
     twoNw = 567658
    twoNec = 126747
    twoNnw = 85762.5
  twoNecnw = 27790.3
  twoNbecnw = 49530.4
        m2 = 0.0349201
        m3 = 0.251626
        m5 = 0.120198
        Tb = 19870.6
        Tc = 2875.37
        Te = 1437.69
#       SitePat  BranchLen
              b 117253.1289098
              e 43967.6177422
              c 46175.9880733
              n 41441.4155049
              w 44487.3131603
            b:e 1377.6537984
            b:c 1557.5117477
            b:n 1022.8071729
            b:w 1135.7285761
            e:c 11134.2894754
            e:n 4654.2916206
            e:w 3915.6861276
            c:n 4290.9575288
            c:w 3044.0490749
            n:w 12201.9649155
          b:e:c 1270.4797062
          b:e:n 542.4925108
          b:e:w 566.5600332
          b:c:n 568.0280019
          b:c:w 541.2725200
          b:n:w 1263.3948606
          e:c:n 5166.2420183
          e:c:w 4117.9000519
          e:n:w 6210.3685769
          c:n:w 5231.2172486
        b:e:c:n 1138.2742713
        b:e:c:w 1015.9990855
        b:e:n:w 1520.7545727
        b:c:n:w 1346.4007874
        e:c:n:w 45521.8769634
