########################################
# legofit: estimate population history #
#       version 2.3.4-4-g53f8760       #
########################################

# Program was compiled: Sep 21 2021 14:36:42
# Program was run: Wed Sep 22 16:06:18 2021

# cmd: legofit -1 -d 0 -t 32 --ptsPerDim 3 --stateOut b1boot43.state --tol 3e-6 -S 5000 bce2.lgo ../../chrX/boot_chrX/boot43.opf
# Stage nOptItr nSimReps
#     0    5000        0
# algorithm          : deterministic
# ignoring probs <=  : 0
# Branch length floor: 0
# DE strategy        : 2
#    F               : 0.3
#    CR              : 0.8
#    tolerance       : 3e-06
# nthreads           : 32
# lgo input file     : bce2.lgo
# site pat input file: ../../chrX/boot_chrX/boot43.opf
# free parameters    : 14
# points in DE swarm : 42
# output state file  : b1boot43.state
# Including singleton site patterns.
# cost function      : KL
Initial parameter values
Fixed:
      zero = 0
       one = 1
    Tbecnw = 75200
Free:
       pc1 = 0
       pc2 = 0
       pc3 = 0
       pc4 = 0
       pc5 = 0
       pc6 = 0
       pc7 = 0
       pc8 = 0
       pc9 = 0
      pc10 = 0
      pc11 = 0
      pc12 = 0
      pc13 = 0
      pc14 = 0
Constrained:
     Tecnw = 35709.6
       Tnw = 11278.6
       Tec = 6285.52
     twoNb = 1.19015e+06
     twoNe = 17406.7
     twoNn = 148539
     twoNw = 447835
    twoNec = 121317
    twoNnw = 65423.3
  twoNecnw = 29129.8
  twoNbecnw = 50708.9
        m2 = 0.0201759
        m3 = 0.245786
        m5 = 0.117485
        Tb = 20997.6
        Tc = 5639.28
        Te = 2819.64
DiffEv reached_goal. cost=2.55044e-03 spread=2.35916e-06
Fitted parameter values
Free:
       pc1 = 3.97914
       pc2 = -3.55337
       pc3 = 2.06222
       pc4 = 1.91921
       pc5 = -1.51389
       pc6 = 1.86527
       pc7 = 1.96046
       pc8 = 1.90609
       pc9 = -0.713774
      pc10 = 0.892482
      pc11 = 0.695093
      pc12 = 0.211234
      pc13 = 0.420541
      pc14 = 0.146399
Constrained:
     Tecnw = 36068.4
       Tnw = 5990.99
       Tec = 3573.26
     twoNb = 3.25802e+06
     twoNe = 30023.4
     twoNn = 300336
     twoNw = 670210
    twoNec = 124268
    twoNnw = 84753.4
  twoNecnw = 27905.8
  twoNbecnw = 49771.2
        m2 = 0.0371379
        m3 = 0.24569
        m5 = 0.127744
        Tb = 19820.8
        Tc = 2995.5
        Te = 1497.75
#       SitePat  BranchLen
              b 117413.7491910
              e 43929.7859411
              c 46235.5452282
              n 41420.8940313
              w 44347.0784123
            b:e 1398.1513310
            b:c 1591.9192301
            b:n 1031.0632206
            b:w 1135.8949049
            e:c 11165.9574159
            e:n 4631.9266939
            e:w 3967.7176211
            c:n 4289.1004987
            c:w 3044.9032889
            n:w 12245.1756595
          b:e:c 1281.8261268
          b:e:n 543.6723889
          b:e:w 570.8510532
          b:c:n 572.3375593
          b:c:w 542.4931874
          b:n:w 1274.5964309
          e:c:n 5144.2666915
          e:c:w 4138.4129024
          e:n:w 6323.4321522
          c:n:w 5277.1134685
        b:e:c:n 1138.4526938
        b:e:c:w 1024.3624079
        b:e:n:w 1554.6592102
        b:c:n:w 1366.7839305
        e:c:n:w 45627.3382367
