########################################
# legofit: estimate population history #
#       version 2.3.4-4-g53f8760       #
########################################

# Program was compiled: Sep 21 2021 14:36:42
# Program was run: Wed Sep 22 16:06:04 2021

# cmd: legofit -1 -d 0 -t 32 --ptsPerDim 3 --stateOut b1boot32.state --tol 3e-6 -S 5000 bce2.lgo ../../chrX/boot_chrX/boot32.opf
# Stage nOptItr nSimReps
#     0    5000        0
# algorithm          : deterministic
# ignoring probs <=  : 0
# Branch length floor: 0
# DE strategy        : 2
#    F               : 0.3
#    CR              : 0.8
#    tolerance       : 3e-06
# nthreads           : 32
# lgo input file     : bce2.lgo
# site pat input file: ../../chrX/boot_chrX/boot32.opf
# free parameters    : 14
# points in DE swarm : 42
# output state file  : b1boot32.state
# Including singleton site patterns.
# cost function      : KL
Initial parameter values
Fixed:
      zero = 0
       one = 1
    Tbecnw = 75200
Free:
       pc1 = 0
       pc2 = 0
       pc3 = 0
       pc4 = 0
       pc5 = 0
       pc6 = 0
       pc7 = 0
       pc8 = 0
       pc9 = 0
      pc10 = 0
      pc11 = 0
      pc12 = 0
      pc13 = 0
      pc14 = 0
Constrained:
     Tecnw = 35709.6
       Tnw = 11278.6
       Tec = 6285.52
     twoNb = 1.19015e+06
     twoNe = 17406.7
     twoNn = 148539
     twoNw = 447835
    twoNec = 121317
    twoNnw = 65423.3
  twoNecnw = 29129.8
  twoNbecnw = 50708.9
        m2 = 0.0201759
        m3 = 0.245786
        m5 = 0.117485
        Tb = 20997.6
        Tc = 5639.28
        Te = 2819.64
DiffEv reached_goal. cost=2.34899e-03 spread=2.97517e-06
Fitted parameter values
Free:
       pc1 = 3.98929
       pc2 = -2.74229
       pc3 = 2.44196
       pc4 = 1.76963
       pc5 = -1.21463
       pc6 = 1.98629
       pc7 = 1.99236
       pc8 = 1.95043
       pc9 = -0.82243
      pc10 = 0.0994186
      pc11 = -0.0815811
      pc12 = -0.0926111
      pc13 = 0.0289341
      pc14 = 0.154646
Constrained:
     Tecnw = 36056.6
       Tnw = 7091.56
       Tec = 3777.73
     twoNb = 3.16649e+06
     twoNe = 17624.6
     twoNn = 266678
     twoNw = 782223
    twoNec = 122784
    twoNnw = 86005.4
  twoNecnw = 27528.9
  twoNbecnw = 50127.9
        m2 = 0.0340115
        m3 = 0.236726
        m5 = 0.127193
        Tb = 19917.2
        Tc = 3545.78
        Te = 1772.89
#       SitePat  BranchLen
              b 117906.8869717
              e 43812.9249760
              c 45918.6246252
              n 41778.0209446
              w 44581.2512222
            b:e 1359.5291561
            b:c 1539.1085206
            b:n 1025.8547263
            b:w 1130.4226979
            e:c 11136.9061841
            e:n 4516.7617531
            e:w 3909.9573659
            c:n 4245.5520217
            c:w 3038.2603288
            n:w 11846.6280787
          b:e:c 1260.3411021
          b:e:n 537.2061575
          b:e:w 564.7841647
          b:c:n 566.1408831
          b:c:w 536.1763441
          b:n:w 1253.5330533
          e:c:n 5152.6416569
          e:c:w 4174.3556351
          e:n:w 6161.7136018
          c:n:w 5193.0920176
        b:e:c:n 1132.7897428
        b:e:c:w 1019.7601274
        b:e:n:w 1503.8145522
        b:c:n:w 1329.7369861
        e:c:n:w 46422.5990100
