########################################
# legofit: estimate population history #
#       version 2.3.4-4-g53f8760       #
########################################

# Program was compiled: Sep 21 2021 14:36:42
# Program was run: Wed Sep 22 16:05:42 2021

# cmd: legofit -1 -d 0 -t 32 --ptsPerDim 3 --stateOut b1boot16.state --tol 3e-6 -S 5000 bce2.lgo ../../chrX/boot_chrX/boot16.opf
# Stage nOptItr nSimReps
#     0    5000        0
# algorithm          : deterministic
# ignoring probs <=  : 0
# Branch length floor: 0
# DE strategy        : 2
#    F               : 0.3
#    CR              : 0.8
#    tolerance       : 3e-06
# nthreads           : 32
# lgo input file     : bce2.lgo
# site pat input file: ../../chrX/boot_chrX/boot16.opf
# free parameters    : 14
# points in DE swarm : 42
# output state file  : b1boot16.state
# Including singleton site patterns.
# cost function      : KL
Initial parameter values
Fixed:
      zero = 0
       one = 1
    Tbecnw = 75200
Free:
       pc1 = 0
       pc2 = 0
       pc3 = 0
       pc4 = 0
       pc5 = 0
       pc6 = 0
       pc7 = 0
       pc8 = 0
       pc9 = 0
      pc10 = 0
      pc11 = 0
      pc12 = 0
      pc13 = 0
      pc14 = 0
Constrained:
     Tecnw = 35709.6
       Tnw = 11278.6
       Tec = 6285.52
     twoNb = 1.19015e+06
     twoNe = 17406.7
     twoNn = 148539
     twoNw = 447835
    twoNec = 121317
    twoNnw = 65423.3
  twoNecnw = 29129.8
  twoNbecnw = 50708.9
        m2 = 0.0201759
        m3 = 0.245786
        m5 = 0.117485
        Tb = 20997.6
        Tc = 5639.28
        Te = 2819.64
DiffEv reached_goal. cost=2.35318e-03 spread=2.97509e-06
Fitted parameter values
Free:
       pc1 = 3.9987
       pc2 = -3.68018
       pc3 = 0.617473
       pc4 = 1.96289
       pc5 = -1.94082
       pc6 = 1.93637
       pc7 = 1.91219
       pc8 = 1.99601
       pc9 = -0.778865
      pc10 = 0.506162
      pc11 = 0.35727
      pc12 = 0.025208
      pc13 = 0.218456
      pc14 = 0.0595337
Constrained:
     Tecnw = 36182.9
       Tnw = 6015.84
       Tec = 3582.15
     twoNb = 3.02508e+06
     twoNe = 23298.9
     twoNn = 266455
     twoNw = 537655
    twoNec = 123363
    twoNnw = 86507.5
  twoNecnw = 27553.3
  twoNbecnw = 49777.2
        m2 = 0.0391914
        m3 = 0.25343
        m5 = 0.117885
        Tb = 19882.5
        Tc = 3007.92
        Te = 1503.96
#       SitePat  BranchLen
              b 117437.1676671
              e 43924.9433776
              c 46097.8908572
              n 41505.6988257
              w 44616.6952760
            b:e 1406.0208497
            b:c 1587.7596722
            b:n 1029.6373602
            b:w 1136.3726437
            e:c 11173.7214141
            e:n 4667.6479772
            e:w 3883.2269224
            c:n 4294.5605326
            c:w 3040.0564944
            n:w 12074.0272260
          b:e:c 1269.0103513
          b:e:n 542.1541180
          b:e:w 564.3932698
          b:c:n 566.1152334
          b:c:w 540.6904315
          b:n:w 1260.7247591
          e:c:n 5189.6407566
          e:c:w 4131.5209673
          e:n:w 6236.9151858
          c:n:w 5273.7358729
        b:e:c:n 1139.3149059
        b:e:c:w 1021.8137045
        b:e:n:w 1545.6584406
        b:c:n:w 1370.1510469
        e:c:n:w 45721.0022132
