########################################
# legofit: estimate population history #
#       version 2.3.4-4-g53f8760       #
########################################

# Program was compiled: Sep 21 2021 14:36:42
# Program was run: Wed Sep 22 16:06:18 2021

# cmd: legofit -1 -d 0 -t 32 --ptsPerDim 3 --stateOut b1boot46.state --tol 3e-6 -S 5000 bce2.lgo ../../chrX/boot_chrX/boot46.opf
# Stage nOptItr nSimReps
#     0    5000        0
# algorithm          : deterministic
# ignoring probs <=  : 0
# Branch length floor: 0
# DE strategy        : 2
#    F               : 0.3
#    CR              : 0.8
#    tolerance       : 3e-06
# nthreads           : 32
# lgo input file     : bce2.lgo
# site pat input file: ../../chrX/boot_chrX/boot46.opf
# free parameters    : 14
# points in DE swarm : 42
# output state file  : b1boot46.state
# Including singleton site patterns.
# cost function      : KL
Initial parameter values
Fixed:
      zero = 0
       one = 1
    Tbecnw = 75200
Free:
       pc1 = 0
       pc2 = 0
       pc3 = 0
       pc4 = 0
       pc5 = 0
       pc6 = 0
       pc7 = 0
       pc8 = 0
       pc9 = 0
      pc10 = 0
      pc11 = 0
      pc12 = 0
      pc13 = 0
      pc14 = 0
Constrained:
     Tecnw = 35709.6
       Tnw = 11278.6
       Tec = 6285.52
     twoNb = 1.19015e+06
     twoNe = 17406.7
     twoNn = 148539
     twoNw = 447835
    twoNec = 121317
    twoNnw = 65423.3
  twoNecnw = 29129.8
  twoNbecnw = 50708.9
        m2 = 0.0201759
        m3 = 0.245786
        m5 = 0.117485
        Tb = 20997.6
        Tc = 5639.28
        Te = 2819.64
DiffEv reached_goal. cost=2.34298e-03 spread=2.10577e-06
Fitted parameter values
Free:
       pc1 = 3.99723
       pc2 = -3.59214
       pc3 = 0.446702
       pc4 = 1.95053
       pc5 = -1.66648
       pc6 = 1.95327
       pc7 = 1.66979
       pc8 = 1.76144
       pc9 = 0.289421
      pc10 = 1.20695
      pc11 = 0.59559
      pc12 = 0.0714008
      pc13 = 0.142121
      pc14 = 0.330009
Constrained:
     Tecnw = 36251.8
       Tnw = 6063.81
       Tec = 3582.81
     twoNb = 3.00439e+06
     twoNe = 35332.7
     twoNn = 276392
     twoNw = 478595
    twoNec = 126390
    twoNnw = 88277.9
  twoNecnw = 27621.2
  twoNbecnw = 49785.7
        m2 = 0.0346887
        m3 = 0.26193
        m5 = 0.120259
        Tb = 19917.3
        Tc = 3031.91
        Te = 1515.95
#       SitePat  BranchLen
              b 117507.2928093
              e 43959.6561925
              c 46025.7788783
              n 41736.7460032
              w 44843.4621008
            b:e 1371.9272138
            b:c 1544.0078246
            b:n 1035.0962612
            b:w 1149.4221406
            e:c 11045.2352937
            e:n 4652.5582963
            e:w 3944.7178799
            c:n 4381.9631685
            c:w 3068.1674552
            n:w 11825.8285207
          b:e:c 1253.1576384
          b:e:n 546.4523595
          b:e:w 574.1441587
          b:c:n 575.7135990
          b:c:w 545.1968264
          b:n:w 1245.9505749
          e:c:n 5238.1872268
          e:c:w 4165.9478332
          e:n:w 6126.1789890
          c:n:w 5201.3064217
        b:e:c:n 1152.0638924
        b:e:c:w 1027.7224120
        b:e:n:w 1506.4031569
        b:c:n:w 1339.9040730
        e:c:n:w 45810.1023977
