########################################
# legofit: estimate population history #
#       version 2.3.4-4-g53f8760       #
########################################

# Program was compiled: Sep 21 2021 14:36:42
# Program was run: Wed Sep 22 16:06:04 2021

# cmd: legofit -1 -d 0 -t 32 --ptsPerDim 3 --stateOut b1boot31.state --tol 3e-6 -S 5000 bce2.lgo ../../chrX/boot_chrX/boot31.opf
# Stage nOptItr nSimReps
#     0    5000        0
# algorithm          : deterministic
# ignoring probs <=  : 0
# Branch length floor: 0
# DE strategy        : 2
#    F               : 0.3
#    CR              : 0.8
#    tolerance       : 3e-06
# nthreads           : 32
# lgo input file     : bce2.lgo
# site pat input file: ../../chrX/boot_chrX/boot31.opf
# free parameters    : 14
# points in DE swarm : 42
# output state file  : b1boot31.state
# Including singleton site patterns.
# cost function      : KL
Initial parameter values
Fixed:
      zero = 0
       one = 1
    Tbecnw = 75200
Free:
       pc1 = 0
       pc2 = 0
       pc3 = 0
       pc4 = 0
       pc5 = 0
       pc6 = 0
       pc7 = 0
       pc8 = 0
       pc9 = 0
      pc10 = 0
      pc11 = 0
      pc12 = 0
      pc13 = 0
      pc14 = 0
Constrained:
     Tecnw = 35709.6
       Tnw = 11278.6
       Tec = 6285.52
     twoNb = 1.19015e+06
     twoNe = 17406.7
     twoNn = 148539
     twoNw = 447835
    twoNec = 121317
    twoNnw = 65423.3
  twoNecnw = 29129.8
  twoNbecnw = 50708.9
        m2 = 0.0201759
        m3 = 0.245786
        m5 = 0.117485
        Tb = 20997.6
        Tc = 5639.28
        Te = 2819.64
DiffEv reached_goal. cost=2.34387e-03 spread=2.83604e-06
Fitted parameter values
Free:
       pc1 = 3.99449
       pc2 = -2.48714
       pc3 = 1.46203
       pc4 = 1.83398
       pc5 = -1.27085
       pc6 = 1.82129
       pc7 = 1.89188
       pc8 = 1.11258
       pc9 = -0.294804
      pc10 = 0.822916
      pc11 = 0.247156
      pc12 = -0.27033
      pc13 = -0.257352
      pc14 = 0.061705
Constrained:
     Tecnw = 36004.3
       Tnw = 6308.17
       Tec = 3811.15
     twoNb = 2.91864e+06
     twoNe = 22941.4
     twoNn = 230808
     twoNw = 692836
    twoNec = 126168
    twoNnw = 90956
  twoNecnw = 27854.9
  twoNbecnw = 50500
        m2 = 0.0320542
        m3 = 0.249552
        m5 = 0.124155
        Tb = 19907.7
        Tc = 3154.08
        Te = 1577.04
#       SitePat  BranchLen
              b 118154.2267140
              e 43831.6786900
              c 46004.9586450
              n 41835.5968125
              w 44896.9334246
            b:e 1367.3475102
            b:c 1544.9120804
            b:n 1050.8300590
            b:w 1171.5903049
            e:c 10995.2098131
            e:n 4751.3543529
            e:w 3969.6983607
            c:n 4342.0966397
            c:w 3139.9343932
            n:w 11687.0406887
          b:e:c 1262.6071089
          b:e:n 561.6400498
          b:e:w 582.8779983
          b:c:n 584.2973519
          b:c:w 560.4301350
          b:n:w 1255.7649543
          e:c:n 5300.1114751
          e:c:w 4234.3370499
          e:n:w 6135.7642930
          c:n:w 5195.6632814
        b:e:c:n 1174.1209719
        b:e:c:w 1044.2460462
        b:e:n:w 1508.6440615
        b:c:n:w 1336.7127899
        e:c:n:w 46440.6103546
