########################################
# legofit: estimate population history #
#       version 2.3.4-4-g53f8760       #
########################################

# Program was compiled: Sep 21 2021 14:36:42
# Program was run: Wed Oct 20 23:37:33 2021

# cmd: legofit -1 -d 0 -t 56 --ptsPerDim 3 --stateOut b1.state --tol 3e-6 -S 5000 abdeh2.lgo ../../chrX/pan_chrX.opf
# Stage nOptItr nSimReps
#     0    5000        0
# algorithm          : deterministic
# ignoring probs <=  : 0
# Branch length floor: 0
# DE strategy        : 2
#    F               : 0.3
#    CR              : 0.8
#    tolerance       : 3e-06
# nthreads           : 54
# lgo input file     : abdeh2.lgo
# site pat input file: ../../chrX/pan_chrX.opf
# free parameters    : 18
# points in DE swarm : 54
# output state file  : b1.state
# Including singleton site patterns.
# cost function      : KL
Initial parameter values
Fixed:
      zero = 0
       one = 1
    Tbecnw = 75200
Free:
       pc1 = 0
       pc2 = 0
       pc3 = 0
       pc4 = 0
       pc5 = 0
       pc6 = 0
       pc7 = 0
       pc8 = 0
       pc9 = 0
      pc10 = 0
      pc11 = 0
      pc12 = 0
      pc13 = 0
      pc14 = 0
      pc15 = 0
      pc16 = 0
      pc17 = 0
      pc18 = 0
Constrained:
   Tgbecnw = 99440.7
     Tecnw = 29098.6
       Tnw = 10693.8
       Tec = 8421.19
     twoNb = 4.90549e+06
     twoNe = 2.76936e+06
     twoNc = 1.64002e+06
     twoNw = 1.36846e+06
    twoNec = 65321.9
    twoNnw = 74600.8
  twoNecnw = 52712.2
  twoNbecnw = 8714.36
  twoNgbecnw = 253892
         m = 0.0992303
        m2 = 0.0270173
        m4 = 0.0027882
        m5 = 0.126785
        m8 = 0.144558
        Th = 9557.5
        Tb = 19328.1
        Ta = 47264
        Td = 4210.6
        Te = 2105.3
DiffEv reached_goal. cost=2.20238e-03 spread=2.97870e-06
Fitted parameter values
Free:
       pc1 = -3.96025
       pc2 = 1.96645
       pc3 = 1.49923
       pc4 = -2.64046
       pc5 = 1.94809
       pc6 = -1.96889
       pc7 = -1.21516
       pc8 = -0.566654
       pc9 = 1.26562
      pc10 = 0.471031
      pc11 = 0.584158
      pc12 = -0.091707
      pc13 = -0.309015
      pc14 = -0.294652
      pc15 = 0.203393
      pc16 = -0.0298873
      pc17 = 0.00220213
      pc18 = 0.134947
Constrained:
   Tgbecnw = 86766.8
     Tecnw = 28232.6
       Tnw = 10271
       Tec = 2020.76
     twoNb = 7.88367e+06
     twoNe = 9.90099e+06
     twoNc = 2.98625e+06
     twoNw = 2.74185e+06
    twoNec = 101176
    twoNnw = 74480.3
  twoNecnw = 51514.5
  twoNbecnw = 4380.54
  twoNgbecnw = 259460
         m = 0.0967556
        m2 = 0.0268211
        m4 = 0.00100809
        m5 = 0.137773
        m8 = 0.113317
        Th = 6145.9
        Tb = 17189.2
        Ta = 46194.6
        Td = 1010.38
        Te = 505.19
#       SitePat  BranchLen
              b 114880.4586516
              e 42823.3123587
              c 44734.9655276
              n 41958.0755473
              w 41926.1517449
            b:e 1194.1746892
            b:c 1336.4985075
            b:n 995.6530750
            b:w 994.3982640
            e:c 11342.6896845
            e:n 4433.6848632
            e:w 4457.7516735
            c:n 3919.3745287
            c:w 3920.5196773
            n:w 11719.5350418
          b:e:c 1207.5329662
          b:e:n 558.5092336
          b:e:w 559.2203640
          b:c:n 561.8469590
          b:c:w 561.0676573
          b:n:w 1245.3465256
          e:c:n 4063.8163630
          e:c:w 4070.5282065
          e:n:w 5502.1496622
          c:n:w 4720.1348484
        b:e:c:n 1078.6099919
        b:e:c:w 1079.9329741
        b:e:n:w 1840.7814871
        b:c:n:w 1615.1765860
        e:c:n:w 45496.5136167
