########################################
# legofit: estimate population history #
#       version 2.3.4-4-g53f8760       #
########################################

# Program was compiled: Sep 21 2021 14:36:42
# Program was run: Thu Oct 21 01:17:13 2021

# cmd: legofit -1 -d 0 -t 56 --ptsPerDim 3 --stateOut b1boot45.state --tol 3e-6 -S 5000 abdeh2.lgo ../../chrX/boot_chrX/boot45.opf
# Stage nOptItr nSimReps
#     0    5000        0
# algorithm          : deterministic
# ignoring probs <=  : 0
# Branch length floor: 0
# DE strategy        : 2
#    F               : 0.3
#    CR              : 0.8
#    tolerance       : 3e-06
# nthreads           : 54
# lgo input file     : abdeh2.lgo
# site pat input file: ../../chrX/boot_chrX/boot45.opf
# free parameters    : 18
# points in DE swarm : 54
# output state file  : b1boot45.state
# Including singleton site patterns.
# cost function      : KL
Initial parameter values
Fixed:
      zero = 0
       one = 1
    Tbecnw = 75200
Free:
       pc1 = 0
       pc2 = 0
       pc3 = 0
       pc4 = 0
       pc5 = 0
       pc6 = 0
       pc7 = 0
       pc8 = 0
       pc9 = 0
      pc10 = 0
      pc11 = 0
      pc12 = 0
      pc13 = 0
      pc14 = 0
      pc15 = 0
      pc16 = 0
      pc17 = 0
      pc18 = 0
Constrained:
   Tgbecnw = 99440.7
     Tecnw = 29098.6
       Tnw = 10693.8
       Tec = 8421.19
     twoNb = 4.90549e+06
     twoNe = 2.76936e+06
     twoNc = 1.64002e+06
     twoNw = 1.36846e+06
    twoNec = 65321.9
    twoNnw = 74600.8
  twoNecnw = 52712.2
  twoNbecnw = 8714.36
  twoNgbecnw = 253892
         m = 0.0992303
        m2 = 0.0270173
        m4 = 0.0027882
        m5 = 0.126785
        m8 = 0.144558
        Th = 9557.5
        Tb = 19328.1
        Ta = 47264
        Td = 4210.6
        Te = 2105.3
DiffEv reached_goal. cost=2.02158e-03 spread=2.48234e-06
Fitted parameter values
Free:
       pc1 = -3.89132
       pc2 = 1.93962
       pc3 = -0.138563
       pc4 = -1.52637
       pc5 = 1.92221
       pc6 = -1.7011
       pc7 = -0.959011
       pc8 = -0.804588
       pc9 = 0.454859
      pc10 = -1.31631
      pc11 = 1.87256
      pc12 = -0.210556
      pc13 = -0.170648
      pc14 = -0.121482
      pc15 = 0.145508
      pc16 = -0.0737991
      pc17 = -0.00965726
      pc18 = 0.144126
Constrained:
   Tgbecnw = 86352.8
     Tecnw = 27844.8
       Tnw = 9161.15
       Tec = 4396.3
     twoNb = 1.07738e+07
     twoNe = 7.92091e+06
     twoNc = 2.30869e+06
     twoNw = 2.76126e+06
    twoNec = 87429.8
    twoNnw = 81253.5
  twoNecnw = 51496.5
  twoNbecnw = 4184.31
  twoNgbecnw = 263923
         m = 0.0929465
        m2 = 0.0258935
        m4 = 0.00406814
        m5 = 0.126006
        m8 = 0.108939
        Th = 6778.73
        Tb = 17311.8
        Ta = 46255.9
        Td = 2198.15
        Te = 1099.07
#       SitePat  BranchLen
              b 114112.2736289
              e 42697.5297987
              c 44565.5856645
              n 41890.1396674
              w 41868.3953213
            b:e 1163.5822463
            b:c 1312.9090117
            b:n 992.8859777
            b:w 992.0475325
            e:c 11280.5079767
            e:n 4409.1841131
            e:w 4426.5901535
            c:n 3920.8136660
            c:w 3920.6744836
            n:w 11687.5305080
          b:e:c 1191.8312810
          b:e:n 550.4053658
          b:e:w 550.9469100
          b:c:n 553.7234865
          b:c:w 553.1357286
          b:n:w 1228.3653581
          e:c:n 4113.8128093
          e:c:w 4118.2902976
          e:n:w 5403.4969606
          c:n:w 4655.0449710
        b:e:c:n 1076.0146439
        b:e:c:w 1076.8993028
        b:e:n:w 1857.8260325
        b:c:n:w 1577.6745094
        e:c:n:w 44873.6033310
