########################################
# legofit: estimate population history #
#       version 2.3.4-4-g53f8760       #
########################################

# Program was compiled: Sep 21 2021 14:36:42
# Program was run: Thu Oct 21 00:08:15 2021

# cmd: legofit -1 -d 0 -t 56 --ptsPerDim 3 --stateOut b1boot8.state --tol 3e-6 -S 5000 abdeh2.lgo ../../chrX/boot_chrX/boot8.opf
# Stage nOptItr nSimReps
#     0    5000        0
# algorithm          : deterministic
# ignoring probs <=  : 0
# Branch length floor: 0
# DE strategy        : 2
#    F               : 0.3
#    CR              : 0.8
#    tolerance       : 3e-06
# nthreads           : 54
# lgo input file     : abdeh2.lgo
# site pat input file: ../../chrX/boot_chrX/boot8.opf
# free parameters    : 18
# points in DE swarm : 54
# output state file  : b1boot8.state
# Including singleton site patterns.
# cost function      : KL
Initial parameter values
Fixed:
      zero = 0
       one = 1
    Tbecnw = 75200
Free:
       pc1 = 0
       pc2 = 0
       pc3 = 0
       pc4 = 0
       pc5 = 0
       pc6 = 0
       pc7 = 0
       pc8 = 0
       pc9 = 0
      pc10 = 0
      pc11 = 0
      pc12 = 0
      pc13 = 0
      pc14 = 0
      pc15 = 0
      pc16 = 0
      pc17 = 0
      pc18 = 0
Constrained:
   Tgbecnw = 99440.7
     Tecnw = 29098.6
       Tnw = 10693.8
       Tec = 8421.19
     twoNb = 4.90549e+06
     twoNe = 2.76936e+06
     twoNc = 1.64002e+06
     twoNw = 1.36846e+06
    twoNec = 65321.9
    twoNnw = 74600.8
  twoNecnw = 52712.2
  twoNbecnw = 8714.36
  twoNgbecnw = 253892
         m = 0.0992303
        m2 = 0.0270173
        m4 = 0.0027882
        m5 = 0.126785
        m8 = 0.144558
        Th = 9557.5
        Tb = 19328.1
        Ta = 47264
        Td = 4210.6
        Te = 2105.3
DiffEv reached_goal. cost=2.22774e-03 spread=2.92734e-06
Fitted parameter values
Free:
       pc1 = -3.28419
       pc2 = 1.99101
       pc3 = -1.39498
       pc4 = -2.8754
       pc5 = 1.79176
       pc6 = -1.92559
       pc7 = -1.22027
       pc8 = -0.255603
       pc9 = 1.99648
      pc10 = -0.720034
      pc11 = 1.11059
      pc12 = -0.263253
      pc13 = -0.755408
      pc14 = -0.274025
      pc15 = 0.0772809
      pc16 = 0.116925
      pc17 = -0.0287919
      pc18 = 0.0845012
Constrained:
   Tgbecnw = 88993.7
     Tecnw = 28588.5
       Tnw = 9709.03
       Tec = 1873.44
     twoNb = 9.13148e+06
     twoNe = 6.4551e+06
     twoNc = 3.203e+06
     twoNw = 2.83921e+06
    twoNec = 101604
    twoNnw = 77329.6
  twoNecnw = 52288
  twoNbecnw = 5345.8
  twoNgbecnw = 254563
         m = 0.0985174
        m2 = 0.0223578
        m4 = 0.00492995
        m5 = 0.129581
        m8 = 0.122968
        Th = 5791.24
        Tb = 17189.9
        Ta = 46194.9
        Td = 936.722
        Te = 468.361
#       SitePat  BranchLen
              b 116030.6559011
              e 43148.9429267
              c 45162.3308367
              n 42282.9830384
              w 42253.3270365
            b:e 1262.0109689
            b:c 1436.1272779
            b:n 1074.4948561
            b:w 1073.2573359
            e:c 11518.8066911
            e:n 4521.8411112
            e:w 4543.5315568
            c:n 4003.3284549
            c:w 4005.0175096
            n:w 11967.8175832
          b:e:c 1299.2990711
          b:e:n 602.6526373
          b:e:w 603.3084196
          b:c:n 606.4761061
          b:c:w 605.7530570
          b:n:w 1328.4618602
          e:c:n 4150.7847480
          e:c:w 4157.0612496
          e:n:w 5623.3429862
          c:n:w 4801.1002786
        b:e:c:n 1164.1472535
        b:e:c:w 1165.4520405
        b:e:n:w 1948.2539007
        b:c:n:w 1633.7509151
        e:c:n:w 46124.6662518
