########################################
# legofit: estimate population history #
#       version 2.3.4-4-g53f8760       #
########################################

# Program was compiled: Sep 21 2021 14:36:42
# Program was run: Thu Oct 21 00:11:32 2021

# cmd: legofit -1 -d 0 -t 56 --ptsPerDim 3 --stateOut b1boot9.state --tol 3e-6 -S 5000 abdeh2.lgo ../../chrX/boot_chrX/boot9.opf
# Stage nOptItr nSimReps
#     0    5000        0
# algorithm          : deterministic
# ignoring probs <=  : 0
# Branch length floor: 0
# DE strategy        : 2
#    F               : 0.3
#    CR              : 0.8
#    tolerance       : 3e-06
# nthreads           : 54
# lgo input file     : abdeh2.lgo
# site pat input file: ../../chrX/boot_chrX/boot9.opf
# free parameters    : 18
# points in DE swarm : 54
# output state file  : b1boot9.state
# Including singleton site patterns.
# cost function      : KL
Initial parameter values
Fixed:
      zero = 0
       one = 1
    Tbecnw = 75200
Free:
       pc1 = 0
       pc2 = 0
       pc3 = 0
       pc4 = 0
       pc5 = 0
       pc6 = 0
       pc7 = 0
       pc8 = 0
       pc9 = 0
      pc10 = 0
      pc11 = 0
      pc12 = 0
      pc13 = 0
      pc14 = 0
      pc15 = 0
      pc16 = 0
      pc17 = 0
      pc18 = 0
Constrained:
   Tgbecnw = 99440.7
     Tecnw = 29098.6
       Tnw = 10693.8
       Tec = 8421.19
     twoNb = 4.90549e+06
     twoNe = 2.76936e+06
     twoNc = 1.64002e+06
     twoNw = 1.36846e+06
    twoNec = 65321.9
    twoNnw = 74600.8
  twoNecnw = 52712.2
  twoNbecnw = 8714.36
  twoNgbecnw = 253892
         m = 0.0992303
        m2 = 0.0270173
        m4 = 0.0027882
        m5 = 0.126785
        m8 = 0.144558
        Th = 9557.5
        Tb = 19328.1
        Ta = 47264
        Td = 4210.6
        Te = 2105.3
DiffEv reached_goal. cost=2.25411e-03 spread=2.94046e-06
Fitted parameter values
Free:
       pc1 = -3.82142
       pc2 = 1.9129
       pc3 = -0.139931
       pc4 = -2.38581
       pc5 = 1.98314
       pc6 = -1.78709
       pc7 = -0.290881
       pc8 = -1.43445
       pc9 = 1.31395
      pc10 = -0.346968
      pc11 = 1.19174
      pc12 = -1.90105
      pc13 = -0.708428
      pc14 = -0.312686
      pc15 = 0.0582588
      pc16 = 0.0103788
      pc17 = -0.0744831
      pc18 = 0.133253
Constrained:
   Tgbecnw = 86772.6
     Tecnw = 28483.6
       Tnw = 9265.08
       Tec = 3568.09
     twoNb = 5.22721e+06
     twoNe = 6.42394e+06
     twoNc = 1.56579e+06
     twoNw = 3.12187e+06
    twoNec = 92363.8
    twoNnw = 80532.4
  twoNecnw = 51053.5
  twoNbecnw = 4391.21
  twoNgbecnw = 259100
         m = 0.0960774
        m2 = 0.0227136
        m4 = 0.00147758
        m5 = 0.125417
        m8 = 0.113962
        Th = 6416.59
        Tb = 17450.1
        Ta = 46325.1
        Td = 1784.05
        Te = 892.023
#       SitePat  BranchLen
              b 114784.5006469
              e 42789.7445044
              c 44536.7882031
              n 42026.8583927
              w 42005.6012153
            b:e 1173.7814799
            b:c 1304.0597838
            b:n 1003.9463561
            b:w 1003.1186024
            e:c 11407.9898056
            e:n 4382.1728311
            e:w 4398.5966446
            c:n 3905.1132263
            c:w 3905.5636985
            n:w 11785.2565153
          b:e:c 1213.9403592
          b:e:n 555.3212949
          b:e:w 555.8165185
          b:c:n 558.2172231
          b:c:w 557.6773771
          b:n:w 1245.0967396
          e:c:n 4098.7479710
          e:c:w 4103.1308627
          e:n:w 5371.2214237
          c:n:w 4665.2301394
        b:e:c:n 1086.6349053
        b:e:c:w 1087.5072814
        b:e:n:w 1746.7840190
        b:c:n:w 1540.7890284
        e:c:n:w 45445.8018887
