########################################
# legofit: estimate population history #
#       version 2.3.4-4-g53f8760       #
########################################

# Program was compiled: Sep 21 2021 14:36:42
# Program was run: Thu Oct 21 01:05:00 2021

# cmd: legofit -1 -d 0 -t 56 --ptsPerDim 3 --stateOut b1boot36.state --tol 3e-6 -S 5000 abdeh2.lgo ../../chrX/boot_chrX/boot36.opf
# Stage nOptItr nSimReps
#     0    5000        0
# algorithm          : deterministic
# ignoring probs <=  : 0
# Branch length floor: 0
# DE strategy        : 2
#    F               : 0.3
#    CR              : 0.8
#    tolerance       : 3e-06
# nthreads           : 54
# lgo input file     : abdeh2.lgo
# site pat input file: ../../chrX/boot_chrX/boot36.opf
# free parameters    : 18
# points in DE swarm : 54
# output state file  : b1boot36.state
# Including singleton site patterns.
# cost function      : KL
Initial parameter values
Fixed:
      zero = 0
       one = 1
    Tbecnw = 75200
Free:
       pc1 = 0
       pc2 = 0
       pc3 = 0
       pc4 = 0
       pc5 = 0
       pc6 = 0
       pc7 = 0
       pc8 = 0
       pc9 = 0
      pc10 = 0
      pc11 = 0
      pc12 = 0
      pc13 = 0
      pc14 = 0
      pc15 = 0
      pc16 = 0
      pc17 = 0
      pc18 = 0
Constrained:
   Tgbecnw = 99440.7
     Tecnw = 29098.6
       Tnw = 10693.8
       Tec = 8421.19
     twoNb = 4.90549e+06
     twoNe = 2.76936e+06
     twoNc = 1.64002e+06
     twoNw = 1.36846e+06
    twoNec = 65321.9
    twoNnw = 74600.8
  twoNecnw = 52712.2
  twoNbecnw = 8714.36
  twoNgbecnw = 253892
         m = 0.0992303
        m2 = 0.0270173
        m4 = 0.0027882
        m5 = 0.126785
        m8 = 0.144558
        Th = 9557.5
        Tb = 19328.1
        Ta = 47264
        Td = 4210.6
        Te = 2105.3
DiffEv reached_goal. cost=2.25169e-03 spread=2.82172e-06
Fitted parameter values
Free:
       pc1 = -3.94811
       pc2 = 1.95936
       pc3 = 1.41825
       pc4 = -0.777544
       pc5 = 1.99294
       pc6 = -1.94603
       pc7 = -0.401367
       pc8 = -1.58856
       pc9 = -0.306309
      pc10 = 0.830176
      pc11 = 1.46733
      pc12 = 0.283025
      pc13 = 0.225514
      pc14 = -0.30281
      pc15 = 0.319316
      pc16 = -0.0504443
      pc17 = -0.0103348
      pc18 = 0.152911
Constrained:
   Tgbecnw = 85474.4
     Tecnw = 27349.9
       Tnw = 9631.77
       Tec = 4637.96
     twoNb = 2.00111e+06
     twoNe = 8.2351e+06
     twoNc = 3.96149e+06
     twoNw = 2.42349e+06
    twoNec = 87477.2
    twoNnw = 78467.7
  twoNecnw = 51229.8
  twoNbecnw = 3839.96
  twoNgbecnw = 270988
         m = 0.0922797
        m2 = 0.0293678
        m4 = 0.000815155
        m5 = 0.126246
        m8 = 0.104322
        Th = 7134.87
        Tb = 17242.4
        Ta = 46221.2
        Td = 2318.98
        Te = 1159.49
#       SitePat  BranchLen
              b 114462.3273931
              e 42576.1784765
              c 44266.9037933
              n 41655.0467336
              w 41629.6843269
            b:e 1201.8341049
            b:c 1331.3892160
            b:n 986.1699413
            b:w 985.1840527
            e:c 11142.8454760
            e:n 4397.1803223
            e:w 4417.6335291
            c:n 3940.2157756
            c:w 3939.8182642
            n:w 11556.9918939
          b:e:c 1185.7272788
          b:e:n 549.4242848
          b:e:w 550.0711949
          b:c:n 552.5242504
          b:c:w 551.8223836
          b:n:w 1222.1602959
          e:c:n 4125.9987508
          e:c:w 4131.3054620
          e:n:w 5410.0571112
          c:n:w 4723.5391616
        b:e:c:n 1069.8908354
        b:e:c:w 1070.9316808
        b:e:n:w 1843.7132033
        b:c:n:w 1639.8793477
        e:c:n:w 45530.2579519
