########################################
# legofit: estimate population history #
#       version 2.3.4-4-g53f8760       #
########################################

# Program was compiled: Sep 21 2021 14:36:42
# Program was run: Thu Oct 21 01:17:13 2021

# cmd: legofit -1 -d 0 -t 56 --ptsPerDim 3 --stateOut b1boot43.state --tol 3e-6 -S 5000 abdeh2.lgo ../../chrX/boot_chrX/boot43.opf
# Stage nOptItr nSimReps
#     0    5000        0
# algorithm          : deterministic
# ignoring probs <=  : 0
# Branch length floor: 0
# DE strategy        : 2
#    F               : 0.3
#    CR              : 0.8
#    tolerance       : 3e-06
# nthreads           : 54
# lgo input file     : abdeh2.lgo
# site pat input file: ../../chrX/boot_chrX/boot43.opf
# free parameters    : 18
# points in DE swarm : 54
# output state file  : b1boot43.state
# Including singleton site patterns.
# cost function      : KL
Initial parameter values
Fixed:
      zero = 0
       one = 1
    Tbecnw = 75200
Free:
       pc1 = 0
       pc2 = 0
       pc3 = 0
       pc4 = 0
       pc5 = 0
       pc6 = 0
       pc7 = 0
       pc8 = 0
       pc9 = 0
      pc10 = 0
      pc11 = 0
      pc12 = 0
      pc13 = 0
      pc14 = 0
      pc15 = 0
      pc16 = 0
      pc17 = 0
      pc18 = 0
Constrained:
   Tgbecnw = 99440.7
     Tecnw = 29098.6
       Tnw = 10693.8
       Tec = 8421.19
     twoNb = 4.90549e+06
     twoNe = 2.76936e+06
     twoNc = 1.64002e+06
     twoNw = 1.36846e+06
    twoNec = 65321.9
    twoNnw = 74600.8
  twoNecnw = 52712.2
  twoNbecnw = 8714.36
  twoNgbecnw = 253892
         m = 0.0992303
        m2 = 0.0270173
        m4 = 0.0027882
        m5 = 0.126785
        m8 = 0.144558
        Th = 9557.5
        Tb = 19328.1
        Ta = 47264
        Td = 4210.6
        Te = 2105.3
DiffEv reached_goal. cost=2.22895e-03 spread=2.73099e-06
Fitted parameter values
Free:
       pc1 = -3.94434
       pc2 = 1.90661
       pc3 = 1.7451
       pc4 = -3.40162
       pc5 = 1.81861
       pc6 = -1.84472
       pc7 = -0.0696425
       pc8 = -0.620208
       pc9 = 1.15355
      pc10 = -0.59244
      pc11 = 0.111496
      pc12 = 0.535527
      pc13 = -0.76489
      pc14 = -0.0628777
      pc15 = -0.0726664
      pc16 = 0.181697
      pc17 = -0.0543144
      pc18 = 0.107577
Constrained:
   Tgbecnw = 88351.7
     Tecnw = 28385.9
       Tnw = 9488.96
       Tec = 1604.23
     twoNb = 1.1435e+07
     twoNe = 4.78462e+06
     twoNc = 1.7611e+06
     twoNw = 3.01049e+06
    twoNec = 101882
    twoNnw = 74969.3
  twoNecnw = 52786.9
  twoNbecnw = 5012.01
  twoNgbecnw = 247904
         m = 0.100516
        m2 = 0.0284232
        m4 = 0.0011009
        m5 = 0.14232
        m8 = 0.114667
        Th = 5546.6
        Tb = 16966.2
        Ta = 46083.1
        Td = 802.116
        Te = 401.058
#       SitePat  BranchLen
              b 114772.9006677
              e 43071.5442420
              c 45156.7361968
              n 41904.6459400
              w 41876.2702486
            b:e 1213.7022532
            b:c 1367.7046991
            b:n 997.2734326
            b:w 996.1698336
            e:c 11490.4104887
            e:n 4492.6643984
            e:w 4514.0191343
            c:n 3929.3099672
            c:w 3930.4602111
            n:w 12113.7536257
          b:e:c 1230.1900828
          b:e:n 561.4400587
          b:e:w 562.0631627
          b:c:n 564.8649831
          b:c:w 564.1809331
          b:n:w 1269.8598853
          e:c:n 4028.8515561
          e:c:w 4034.7222678
          e:n:w 5622.0576294
          c:n:w 4768.6236420
        b:e:c:n 1081.8950386
        b:e:c:w 1083.0595837
        b:e:n:w 1895.7697620
        b:c:n:w 1651.3799613
        e:c:n:w 44930.0649108
