########################################
# legofit: estimate population history #
#       version 2.3.4-4-g53f8760       #
########################################

# Program was compiled: Sep 21 2021 14:36:42
# Program was run: Thu Oct 21 01:11:05 2021

# cmd: legofit -1 -d 0 -t 56 --ptsPerDim 3 --stateOut b1boot41.state --tol 3e-6 -S 5000 abdeh2.lgo ../../chrX/boot_chrX/boot41.opf
# Stage nOptItr nSimReps
#     0    5000        0
# algorithm          : deterministic
# ignoring probs <=  : 0
# Branch length floor: 0
# DE strategy        : 2
#    F               : 0.3
#    CR              : 0.8
#    tolerance       : 3e-06
# nthreads           : 54
# lgo input file     : abdeh2.lgo
# site pat input file: ../../chrX/boot_chrX/boot41.opf
# free parameters    : 18
# points in DE swarm : 54
# output state file  : b1boot41.state
# Including singleton site patterns.
# cost function      : KL
Initial parameter values
Fixed:
      zero = 0
       one = 1
    Tbecnw = 75200
Free:
       pc1 = 0
       pc2 = 0
       pc3 = 0
       pc4 = 0
       pc5 = 0
       pc6 = 0
       pc7 = 0
       pc8 = 0
       pc9 = 0
      pc10 = 0
      pc11 = 0
      pc12 = 0
      pc13 = 0
      pc14 = 0
      pc15 = 0
      pc16 = 0
      pc17 = 0
      pc18 = 0
Constrained:
   Tgbecnw = 99440.7
     Tecnw = 29098.6
       Tnw = 10693.8
       Tec = 8421.19
     twoNb = 4.90549e+06
     twoNe = 2.76936e+06
     twoNc = 1.64002e+06
     twoNw = 1.36846e+06
    twoNec = 65321.9
    twoNnw = 74600.8
  twoNecnw = 52712.2
  twoNbecnw = 8714.36
  twoNgbecnw = 253892
         m = 0.0992303
        m2 = 0.0270173
        m4 = 0.0027882
        m5 = 0.126785
        m8 = 0.144558
        Th = 9557.5
        Tb = 19328.1
        Ta = 47264
        Td = 4210.6
        Te = 2105.3
DiffEv reached_goal. cost=2.16292e-03 spread=2.21510e-06
Fitted parameter values
Free:
       pc1 = -3.8918
       pc2 = 1.7108
       pc3 = -0.293047
       pc4 = -2.27412
       pc5 = 1.91086
       pc6 = -1.79101
       pc7 = -0.601423
       pc8 = -1.72887
       pc9 = 1.91556
      pc10 = -0.138771
      pc11 = 1.26938
      pc12 = -0.0846169
      pc13 = -0.315853
      pc14 = -0.0183261
      pc15 = 0.435455
      pc16 = 0.171798
      pc17 = 0.148519
      pc18 = 0.180571
Constrained:
   Tgbecnw = 86582.7
     Tecnw = 28501.3
       Tnw = 9368.42
       Tec = 2614.03
     twoNb = 1.29839e+06
     twoNe = 7.0246e+06
     twoNc = 2.07712e+06
     twoNw = 2.94234e+06
    twoNec = 101097
    twoNnw = 78339.8
  twoNecnw = 51186.6
  twoNbecnw = 4328.67
  twoNgbecnw = 262351
         m = 0.0987205
        m2 = 0.0256419
        m4 = 0.00352366
        m5 = 0.127354
        m8 = 0.117271
        Th = 5991.23
        Tb = 17246.2
        Ta = 46223.1
        Td = 1307.02
        Te = 653.508
#       SitePat  BranchLen
              b 115755.4617978
              e 43103.5953461
              c 45014.0572889
              n 41899.7972095
              w 41874.6986059
            b:e 1248.2179238
            b:c 1419.6164151
            b:n 1005.9709569
            b:w 1004.9819336
            e:c 11191.6704113
            e:n 4438.4317515
            e:w 4457.2789593
            c:n 3934.4149104
            c:w 3935.4681868
            n:w 11869.5368045
          b:e:c 1231.8967750
          b:e:n 567.6587060
          b:e:w 568.2137023
          b:c:n 571.3976272
          b:c:w 570.7870515
          b:n:w 1257.1923521
          e:c:n 4041.0713389
          e:c:w 4046.2694583
          e:n:w 5561.0570073
          c:n:w 4773.7527908
        b:e:c:n 1092.7313342
        b:e:c:w 1093.7759369
        b:e:n:w 1903.8969880
        b:c:n:w 1628.8560539
        e:c:n:w 46374.8901361
