########################################
# legofit: estimate population history #
#       version 2.3.4-4-g53f8760       #
########################################

# Program was compiled: Sep 21 2021 14:36:42
# Program was run: Thu Oct 21 00:16:10 2021

# cmd: legofit -1 -d 0 -t 56 --ptsPerDim 3 --stateOut b1boot11.state --tol 3e-6 -S 5000 abdeh2.lgo ../../chrX/boot_chrX/boot11.opf
# Stage nOptItr nSimReps
#     0    5000        0
# algorithm          : deterministic
# ignoring probs <=  : 0
# Branch length floor: 0
# DE strategy        : 2
#    F               : 0.3
#    CR              : 0.8
#    tolerance       : 3e-06
# nthreads           : 54
# lgo input file     : abdeh2.lgo
# site pat input file: ../../chrX/boot_chrX/boot11.opf
# free parameters    : 18
# points in DE swarm : 54
# output state file  : b1boot11.state
# Including singleton site patterns.
# cost function      : KL
Initial parameter values
Fixed:
      zero = 0
       one = 1
    Tbecnw = 75200
Free:
       pc1 = 0
       pc2 = 0
       pc3 = 0
       pc4 = 0
       pc5 = 0
       pc6 = 0
       pc7 = 0
       pc8 = 0
       pc9 = 0
      pc10 = 0
      pc11 = 0
      pc12 = 0
      pc13 = 0
      pc14 = 0
      pc15 = 0
      pc16 = 0
      pc17 = 0
      pc18 = 0
Constrained:
   Tgbecnw = 99440.7
     Tecnw = 29098.6
       Tnw = 10693.8
       Tec = 8421.19
     twoNb = 4.90549e+06
     twoNe = 2.76936e+06
     twoNc = 1.64002e+06
     twoNw = 1.36846e+06
    twoNec = 65321.9
    twoNnw = 74600.8
  twoNecnw = 52712.2
  twoNbecnw = 8714.36
  twoNgbecnw = 253892
         m = 0.0992303
        m2 = 0.0270173
        m4 = 0.0027882
        m5 = 0.126785
        m8 = 0.144558
        Th = 9557.5
        Tb = 19328.1
        Ta = 47264
        Td = 4210.6
        Te = 2105.3
DiffEv reached_goal. cost=2.22138e-03 spread=2.68194e-06
Fitted parameter values
Free:
       pc1 = -3.93203
       pc2 = 1.94799
       pc3 = 1.40346
       pc4 = -2.29278
       pc5 = 1.78909
       pc6 = -1.56343
       pc7 = -1.24343
       pc8 = -1.16825
       pc9 = -0.426707
      pc10 = 0.489382
      pc11 = 1.80618
      pc12 = -0.415375
      pc13 = -0.748715
      pc14 = 0.00615306
      pc15 = 0.243778
      pc16 = 0.151391
      pc17 = -0.233731
      pc18 = 0.175309
Constrained:
   Tgbecnw = 85792.3
     Tecnw = 27804.8
       Tnw = 9000.26
       Tec = 3399.32
     twoNb = 9.38469e+06
     twoNe = 1.19673e+07
     twoNc = 3.46543e+06
     twoNw = 2.5672e+06
    twoNec = 90228.5
    twoNnw = 77638.1
  twoNecnw = 52491.9
  twoNbecnw = 4044.16
  twoNgbecnw = 257118
         m = 0.101133
        m2 = 0.0272977
        m4 = 0.000368584
        m5 = 0.12454
        m8 = 0.105453
        Th = 6199.79
        Tb = 17002.3
        Ta = 46101.1
        Td = 1699.66
        Te = 849.829
#       SitePat  BranchLen
              b 115485.3808597
              e 42703.5413807
              c 44460.1110396
              n 41740.4800361
              w 41716.0612276
            b:e 1206.0001124
            b:c 1332.9111117
            b:n 1008.4217142
            b:w 1007.4662558
            e:c 11639.0771172
            e:n 4384.6843529
            e:w 4403.7549324
            c:n 3904.2977073
            c:w 3904.6056205
            n:w 12078.8492439
          b:e:c 1241.2649726
          b:e:n 556.2922078
          b:e:w 556.8777279
          b:c:n 559.2557678
          b:c:w 558.6165647
          b:n:w 1283.1169916
          e:c:n 4104.8059862
          e:c:w 4109.8463019
          e:n:w 5443.2955337
          c:n:w 4730.1947310
        b:e:c:n 1094.8334660
        b:e:c:w 1095.8426074
        b:e:n:w 1847.1355124
        b:c:n:w 1651.5891829
        e:c:n:w 46097.7530635
