########################################
# legofit: estimate population history #
#       version 2.3.4-4-g53f8760       #
########################################

# Program was compiled: Sep 21 2021 14:36:42
# Program was run: Thu Oct 21 00:52:50 2021

# cmd: legofit -1 -d 0 -t 56 --ptsPerDim 3 --stateOut b1boot31.state --tol 3e-6 -S 5000 abdeh2.lgo ../../chrX/boot_chrX/boot31.opf
# Stage nOptItr nSimReps
#     0    5000        0
# algorithm          : deterministic
# ignoring probs <=  : 0
# Branch length floor: 0
# DE strategy        : 2
#    F               : 0.3
#    CR              : 0.8
#    tolerance       : 3e-06
# nthreads           : 54
# lgo input file     : abdeh2.lgo
# site pat input file: ../../chrX/boot_chrX/boot31.opf
# free parameters    : 18
# points in DE swarm : 54
# output state file  : b1boot31.state
# Including singleton site patterns.
# cost function      : KL
Initial parameter values
Fixed:
      zero = 0
       one = 1
    Tbecnw = 75200
Free:
       pc1 = 0
       pc2 = 0
       pc3 = 0
       pc4 = 0
       pc5 = 0
       pc6 = 0
       pc7 = 0
       pc8 = 0
       pc9 = 0
      pc10 = 0
      pc11 = 0
      pc12 = 0
      pc13 = 0
      pc14 = 0
      pc15 = 0
      pc16 = 0
      pc17 = 0
      pc18 = 0
Constrained:
   Tgbecnw = 99440.7
     Tecnw = 29098.6
       Tnw = 10693.8
       Tec = 8421.19
     twoNb = 4.90549e+06
     twoNe = 2.76936e+06
     twoNc = 1.64002e+06
     twoNw = 1.36846e+06
    twoNec = 65321.9
    twoNnw = 74600.8
  twoNecnw = 52712.2
  twoNbecnw = 8714.36
  twoNgbecnw = 253892
         m = 0.0992303
        m2 = 0.0270173
        m4 = 0.0027882
        m5 = 0.126785
        m8 = 0.144558
        Th = 9557.5
        Tb = 19328.1
        Ta = 47264
        Td = 4210.6
        Te = 2105.3
DiffEv reached_goal. cost=2.27058e-03 spread=2.30002e-06
Fitted parameter values
Free:
       pc1 = -3.97415
       pc2 = 1.71363
       pc3 = -0.314328
       pc4 = -0.142397
       pc5 = 1.9567
       pc6 = -1.98643
       pc7 = -1.60319
       pc8 = 0.301639
       pc9 = 1.71963
      pc10 = -0.917182
      pc11 = 0.351409
      pc12 = -1.23371
      pc13 = 0.0771151
      pc14 = -0.48464
      pc15 = -0.126448
      pc16 = 0.0120146
      pc17 = -0.0273799
      pc18 = 0.0750751
Constrained:
   Tgbecnw = 85721.4
     Tecnw = 28249.9
       Tnw = 10221.8
       Tec = 4834.72
     twoNb = 8.79765e+06
     twoNe = 7.59479e+06
     twoNc = 2.19791e+06
     twoNw = 2.44972e+06
    twoNec = 84449.3
    twoNnw = 77030.8
  twoNecnw = 49267.5
  twoNbecnw = 3924.47
  twoNgbecnw = 287564
         m = 0.0801191
        m2 = 0.022589
        m4 = 0.00389121
        m5 = 0.1398
        m8 = 0.1249
        Th = 7528.25
        Tb = 17889.1
        Ta = 46544.5
        Td = 2417.36
        Te = 1208.68
#       SitePat  BranchLen
              b 113609.9645879
              e 42245.2636233
              c 44214.2127159
              n 41648.6302762
              w 41618.6116936
            b:e 1167.9069481
            b:c 1328.1495547
            b:n 1017.0325982
            b:w 1015.8161389
            e:c 11037.8635039
            e:n 4425.6528638
            e:w 4449.4847552
            c:n 3913.7748428
            c:w 3913.5952785
            n:w 11360.3528599
          b:e:c 1207.8888034
          b:e:n 565.7686087
          b:e:w 566.5407140
          b:c:n 569.5829427
          b:c:w 568.7470561
          b:n:w 1236.7159801
          e:c:n 4136.9649209
          e:c:w 4143.3311765
          e:n:w 5457.8263317
          c:n:w 4652.2004938
        b:e:c:n 1097.6777704
        b:e:c:w 1098.9580111
        b:e:n:w 1800.7667344
        b:c:n:w 1518.9476526
        e:c:n:w 44968.5694705
