########################################
# legofit: estimate population history #
#       version 2.3.4-4-g53f8760       #
########################################

# Program was compiled: Sep 21 2021 14:36:42
# Program was run: Thu Oct 21 01:20:15 2021

# cmd: legofit -1 -d 0 -t 56 --ptsPerDim 3 --stateOut b1boot49.state --tol 3e-6 -S 5000 abdeh2.lgo ../../chrX/boot_chrX/boot49.opf
# Stage nOptItr nSimReps
#     0    5000        0
# algorithm          : deterministic
# ignoring probs <=  : 0
# Branch length floor: 0
# DE strategy        : 2
#    F               : 0.3
#    CR              : 0.8
#    tolerance       : 3e-06
# nthreads           : 54
# lgo input file     : abdeh2.lgo
# site pat input file: ../../chrX/boot_chrX/boot49.opf
# free parameters    : 18
# points in DE swarm : 54
# output state file  : b1boot49.state
# Including singleton site patterns.
# cost function      : KL
Initial parameter values
Fixed:
      zero = 0
       one = 1
    Tbecnw = 75200
Free:
       pc1 = 0
       pc2 = 0
       pc3 = 0
       pc4 = 0
       pc5 = 0
       pc6 = 0
       pc7 = 0
       pc8 = 0
       pc9 = 0
      pc10 = 0
      pc11 = 0
      pc12 = 0
      pc13 = 0
      pc14 = 0
      pc15 = 0
      pc16 = 0
      pc17 = 0
      pc18 = 0
Constrained:
   Tgbecnw = 99440.7
     Tecnw = 29098.6
       Tnw = 10693.8
       Tec = 8421.19
     twoNb = 4.90549e+06
     twoNe = 2.76936e+06
     twoNc = 1.64002e+06
     twoNw = 1.36846e+06
    twoNec = 65321.9
    twoNnw = 74600.8
  twoNecnw = 52712.2
  twoNbecnw = 8714.36
  twoNgbecnw = 253892
         m = 0.0992303
        m2 = 0.0270173
        m4 = 0.0027882
        m5 = 0.126785
        m8 = 0.144558
        Th = 9557.5
        Tb = 19328.1
        Ta = 47264
        Td = 4210.6
        Te = 2105.3
DiffEv reached_goal. cost=2.16442e-03 spread=2.96786e-06
Fitted parameter values
Free:
       pc1 = -3.97538
       pc2 = 1.85283
       pc3 = 1.88388
       pc4 = 0.594628
       pc5 = 1.74274
       pc6 = -1.91952
       pc7 = -0.944905
       pc8 = -1.33997
       pc9 = 0.862012
      pc10 = -0.341406
      pc11 = 0.885775
      pc12 = 0.0658884
      pc13 = 0.435044
      pc14 = -0.526563
      pc15 = 0.148788
      pc16 = -0.188122
      pc17 = 0.0938083
      pc18 = 0.05669
Constrained:
   Tgbecnw = 85210.2
     Tecnw = 27484.9
       Tnw = 10137.7
       Tec = 5880.33
     twoNb = 1.50197e+06
     twoNe = 9.52869e+06
     twoNc = 1.36746e+06
     twoNw = 2.44184e+06
    twoNec = 80416.2
    twoNnw = 78674.8
  twoNecnw = 50808.7
  twoNbecnw = 3709.65
  twoNgbecnw = 290763
         m = 0.0817229
        m2 = 0.0289515
        m4 = 0.00207216
        m5 = 0.139182
        m8 = 0.114354
        Th = 8009.01
        Tb = 17747
        Ta = 46473.5
        Td = 2940.16
        Te = 1470.08
#       SitePat  BranchLen
              b 113788.8201763
              e 42547.9646454
              c 44400.2891342
              n 41814.0756852
              w 41787.3314009
            b:e 1232.4807895
            b:c 1389.1767234
            b:n 1028.4902399
            b:w 1027.4014979
            e:c 10941.3503594
            e:n 4476.2845459
            e:w 4498.5168281
            c:n 3983.2700989
            c:w 3982.1313493
            n:w 11308.8797677
          b:e:c 1217.7742238
          b:e:n 575.8234885
          b:e:w 576.5839550
          b:c:n 579.7233760
          b:c:w 578.9008558
          b:n:w 1248.3683290
          e:c:n 4174.3639870
          e:c:w 4180.0147388
          e:n:w 5464.0397816
          c:n:w 4708.0513102
        b:e:c:n 1117.2548550
        b:e:c:w 1118.4056507
        b:e:n:w 1892.0813818
        b:c:n:w 1642.2325316
        e:c:n:w 45000.5790033
