########################################
# legofit: estimate population history #
#       version 2.3.4-4-g53f8760       #
########################################

# Program was compiled: Sep 21 2021 14:36:42
# Program was run: Thu Oct 21 01:20:16 2021

# cmd: legofit -1 -d 0 -t 56 --ptsPerDim 3 --stateOut b1boot48.state --tol 3e-6 -S 5000 abdeh2.lgo ../../chrX/boot_chrX/boot48.opf
# Stage nOptItr nSimReps
#     0    5000        0
# algorithm          : deterministic
# ignoring probs <=  : 0
# Branch length floor: 0
# DE strategy        : 2
#    F               : 0.3
#    CR              : 0.8
#    tolerance       : 3e-06
# nthreads           : 54
# lgo input file     : abdeh2.lgo
# site pat input file: ../../chrX/boot_chrX/boot48.opf
# free parameters    : 18
# points in DE swarm : 54
# output state file  : b1boot48.state
# Including singleton site patterns.
# cost function      : KL
Initial parameter values
Fixed:
      zero = 0
       one = 1
    Tbecnw = 75200
Free:
       pc1 = 0
       pc2 = 0
       pc3 = 0
       pc4 = 0
       pc5 = 0
       pc6 = 0
       pc7 = 0
       pc8 = 0
       pc9 = 0
      pc10 = 0
      pc11 = 0
      pc12 = 0
      pc13 = 0
      pc14 = 0
      pc15 = 0
      pc16 = 0
      pc17 = 0
      pc18 = 0
Constrained:
   Tgbecnw = 99440.7
     Tecnw = 29098.6
       Tnw = 10693.8
       Tec = 8421.19
     twoNb = 4.90549e+06
     twoNe = 2.76936e+06
     twoNc = 1.64002e+06
     twoNw = 1.36846e+06
    twoNec = 65321.9
    twoNnw = 74600.8
  twoNecnw = 52712.2
  twoNbecnw = 8714.36
  twoNgbecnw = 253892
         m = 0.0992303
        m2 = 0.0270173
        m4 = 0.0027882
        m5 = 0.126785
        m8 = 0.144558
        Th = 9557.5
        Tb = 19328.1
        Ta = 47264
        Td = 4210.6
        Te = 2105.3
DiffEv reached_goal. cost=2.14347e-03 spread=2.69618e-06
Fitted parameter values
Free:
       pc1 = -3.97727
       pc2 = 0.761256
       pc3 = 1.91737
       pc4 = -3.4562
       pc5 = 1.92104
       pc6 = -1.55862
       pc7 = -1.17115
       pc8 = -0.142567
       pc9 = 1.83684
      pc10 = 1.31151
      pc11 = 1.02559
      pc12 = 0.206916
      pc13 = 0.00574324
      pc14 = -0.597595
      pc15 = 0.193853
      pc16 = -0.217439
      pc17 = 0.0902877
      pc18 = 0.10503
Constrained:
   Tgbecnw = 88121.2
     Tecnw = 28887
       Tnw = 10927.6
       Tec = 921.917
     twoNb = 8.09229e+06
     twoNe = 1.23274e+07
     twoNc = 4.09248e+06
     twoNw = 2.80928e+06
    twoNec = 106629
    twoNnw = 74535.9
  twoNecnw = 49998.7
  twoNbecnw = 5051.77
  twoNgbecnw = 245003
         m = 0.0975091
        m2 = 0.0285263
        m4 = 0.000460937
        m5 = 0.134599
        m8 = 0.134747
        Th = 5924.74
        Tb = 17405.9
        Ta = 46302.9
        Td = 460.958
        Te = 230.479
#       SitePat  BranchLen
              b 114595.8089673
              e 42966.7190606
              c 44753.7239846
              n 42195.5214494
              w 42157.8328855
            b:e 1231.7315954
            b:c 1367.8665047
            b:n 1018.5986045
            b:w 1017.0699055
            e:c 11284.1894462
            e:n 4451.3935810
            e:w 4477.9914705
            c:n 3971.2043703
            c:w 3974.1576919
            n:w 11487.2228068
          b:e:c 1221.3116467
          b:e:n 574.9828016
          b:e:w 575.7277225
          b:c:n 578.1445164
          b:c:w 577.3214981
          b:n:w 1259.2834226
          e:c:n 4088.7069127
          e:c:w 4096.8442654
          e:n:w 5537.7148175
          c:n:w 4800.2202888
        b:e:c:n 1098.9820305
        b:e:c:w 1100.5888269
        b:e:n:w 1851.2866234
        b:c:n:w 1644.9087819
        e:c:n:w 45155.4428544
