########################################
# legofit: estimate population history #
#       version 2.3.4-4-g53f8760       #
########################################

# Program was compiled: Sep 21 2021 14:36:42
# Program was run: Thu Oct 21 01:11:06 2021

# cmd: legofit -1 -d 0 -t 56 --ptsPerDim 3 --stateOut b1boot40.state --tol 3e-6 -S 5000 abdeh2.lgo ../../chrX/boot_chrX/boot40.opf
# Stage nOptItr nSimReps
#     0    5000        0
# algorithm          : deterministic
# ignoring probs <=  : 0
# Branch length floor: 0
# DE strategy        : 2
#    F               : 0.3
#    CR              : 0.8
#    tolerance       : 3e-06
# nthreads           : 54
# lgo input file     : abdeh2.lgo
# site pat input file: ../../chrX/boot_chrX/boot40.opf
# free parameters    : 18
# points in DE swarm : 54
# output state file  : b1boot40.state
# Including singleton site patterns.
# cost function      : KL
Initial parameter values
Fixed:
      zero = 0
       one = 1
    Tbecnw = 75200
Free:
       pc1 = 0
       pc2 = 0
       pc3 = 0
       pc4 = 0
       pc5 = 0
       pc6 = 0
       pc7 = 0
       pc8 = 0
       pc9 = 0
      pc10 = 0
      pc11 = 0
      pc12 = 0
      pc13 = 0
      pc14 = 0
      pc15 = 0
      pc16 = 0
      pc17 = 0
      pc18 = 0
Constrained:
   Tgbecnw = 99440.7
     Tecnw = 29098.6
       Tnw = 10693.8
       Tec = 8421.19
     twoNb = 4.90549e+06
     twoNe = 2.76936e+06
     twoNc = 1.64002e+06
     twoNw = 1.36846e+06
    twoNec = 65321.9
    twoNnw = 74600.8
  twoNecnw = 52712.2
  twoNbecnw = 8714.36
  twoNgbecnw = 253892
         m = 0.0992303
        m2 = 0.0270173
        m4 = 0.0027882
        m5 = 0.126785
        m8 = 0.144558
        Th = 9557.5
        Tb = 19328.1
        Ta = 47264
        Td = 4210.6
        Te = 2105.3
DiffEv reached_goal. cost=2.12537e-03 spread=2.90669e-06
Fitted parameter values
Free:
       pc1 = -3.77975
       pc2 = 0.746645
       pc3 = 0.0669159
       pc4 = -3.82301
       pc5 = 1.95287
       pc6 = -1.67342
       pc7 = 0.514513
       pc8 = 0.866538
       pc9 = 1.47399
      pc10 = 1.77733
      pc11 = 1.45686
      pc12 = -0.531086
      pc13 = -0.34696
      pc14 = -0.383047
      pc15 = 0.0498913
      pc16 = 0.226842
      pc17 = 0.0576685
      pc18 = 0.0471239
Constrained:
   Tgbecnw = 92168.5
     Tecnw = 29267.7
       Tnw = 10037.2
       Tec = 1069.51
     twoNb = 1.03985e+07
     twoNe = 5.52963e+06
     twoNc = 7.19826e+06
     twoNw = 2.8999e+06
    twoNec = 108643
    twoNnw = 75687.5
  twoNecnw = 49102.6
  twoNbecnw = 6497.29
  twoNgbecnw = 247851
         m = 0.0958195
        m2 = 0.0257383
        m4 = 0.000403769
        m5 = 0.122137
        m8 = 0.136723
        Th = 5553.34
        Tb = 17410.5
        Ta = 46305.2
        Td = 534.753
        Te = 267.376
#       SitePat  BranchLen
              b 115472.8899934
              e 43104.1894772
              c 44788.3198434
              n 41878.8751885
              w 41847.0350175
            b:e 1224.3852650
            b:c 1348.5858430
            b:n 1001.1519973
            b:w 999.8872932
            e:c 11274.3319675
            e:n 4416.4500229
            e:w 4438.4655674
            c:n 3961.4917614
            c:w 3964.5038358
            n:w 11811.5315400
          b:e:c 1218.2859459
          b:e:n 564.3928444
          b:e:w 564.9804398
          b:c:n 566.9931283
          b:c:w 566.3459006
          b:n:w 1252.1574351
          e:c:n 4066.4307321
          e:c:w 4073.2432843
          e:n:w 5592.0153370
          c:n:w 4891.9256678
        b:e:c:n 1074.1901476
        b:e:c:w 1075.5144842
        b:e:n:w 1792.5569499
        b:c:n:w 1609.2698946
        e:c:n:w 45852.1552783
