########################################
# legofit: estimate population history #
#       version 2.3.4-4-g53f8760       #
########################################

# Program was compiled: Sep 21 2021 14:36:42
# Program was run: Thu Oct 21 00:46:44 2021

# cmd: legofit -1 -d 0 -t 56 --ptsPerDim 3 --stateOut b1boot29.state --tol 3e-6 -S 5000 abdeh2.lgo ../../chrX/boot_chrX/boot29.opf
# Stage nOptItr nSimReps
#     0    5000        0
# algorithm          : deterministic
# ignoring probs <=  : 0
# Branch length floor: 0
# DE strategy        : 2
#    F               : 0.3
#    CR              : 0.8
#    tolerance       : 3e-06
# nthreads           : 54
# lgo input file     : abdeh2.lgo
# site pat input file: ../../chrX/boot_chrX/boot29.opf
# free parameters    : 18
# points in DE swarm : 54
# output state file  : b1boot29.state
# Including singleton site patterns.
# cost function      : KL
Initial parameter values
Fixed:
      zero = 0
       one = 1
    Tbecnw = 75200
Free:
       pc1 = 0
       pc2 = 0
       pc3 = 0
       pc4 = 0
       pc5 = 0
       pc6 = 0
       pc7 = 0
       pc8 = 0
       pc9 = 0
      pc10 = 0
      pc11 = 0
      pc12 = 0
      pc13 = 0
      pc14 = 0
      pc15 = 0
      pc16 = 0
      pc17 = 0
      pc18 = 0
Constrained:
   Tgbecnw = 99440.7
     Tecnw = 29098.6
       Tnw = 10693.8
       Tec = 8421.19
     twoNb = 4.90549e+06
     twoNe = 2.76936e+06
     twoNc = 1.64002e+06
     twoNw = 1.36846e+06
    twoNec = 65321.9
    twoNnw = 74600.8
  twoNecnw = 52712.2
  twoNbecnw = 8714.36
  twoNgbecnw = 253892
         m = 0.0992303
        m2 = 0.0270173
        m4 = 0.0027882
        m5 = 0.126785
        m8 = 0.144558
        Th = 9557.5
        Tb = 19328.1
        Ta = 47264
        Td = 4210.6
        Te = 2105.3
DiffEv reached_goal. cost=2.28242e-03 spread=2.81066e-06
Fitted parameter values
Free:
       pc1 = -3.87685
       pc2 = 1.96791
       pc3 = -0.30901
       pc4 = -3.25246
       pc5 = 1.88708
       pc6 = -1.92853
       pc7 = -0.165473
       pc8 = -1.16036
       pc9 = 1.31132
      pc10 = -0.987628
      pc11 = 0.598933
      pc12 = -0.601942
      pc13 = 0.418275
      pc14 = -0.372063
      pc15 = 0.245726
      pc16 = -0.0997533
      pc17 = -0.0281085
      pc18 = 0.169466
Constrained:
   Tgbecnw = 87872.8
     Tecnw = 28232.3
       Tnw = 9903.83
       Tec = 2435.02
     twoNb = 8.07977e+06
     twoNe = 3.46859e+06
     twoNc = 1.25941e+06
     twoNw = 3.06577e+06
    twoNec = 100767
    twoNnw = 80984
  twoNecnw = 49686.9
  twoNbecnw = 4892.68
  twoNgbecnw = 242505
         m = 0.101171
        m2 = 0.0247418
        m4 = 0.00303968
        m5 = 0.13116
        m8 = 0.105494
        Th = 6169.43
        Tb = 17200.9
        Ta = 46200.4
        Td = 1217.51
        Te = 608.755
#       SitePat  BranchLen
              b 114705.2475732
              e 42610.7935262
              c 44445.9816131
              n 42045.6114750
              w 42020.2512786
            b:e 1150.9434674
            b:c 1295.5893833
            b:n 978.2102182
            b:w 977.2407975
            e:c 11226.8866754
            e:n 4383.3576769
            e:w 4402.7753074
            c:n 3898.4764702
            c:w 3899.1238826
            n:w 11423.3778592
          b:e:c 1160.7118470
          b:e:n 543.6397893
          b:e:w 544.2095238
          b:c:n 546.6609375
          b:c:w 546.0425240
          b:n:w 1194.9982883
          e:c:n 4122.8276420
          e:c:w 4128.1227955
          e:n:w 5403.2974506
          c:n:w 4660.0649121
        b:e:c:n 1053.2124157
        b:e:c:w 1054.2305154
        b:e:n:w 1784.1967387
        b:c:n:w 1531.2736978
        e:c:n:w 45497.2025728
