########################################
# legofit: estimate population history #
#       version 2.3.4-4-g53f8760       #
########################################

# Program was compiled: Sep 21 2021 14:36:42
# Program was run: Thu Oct 21 00:40:38 2021

# cmd: legofit -1 -d 0 -t 56 --ptsPerDim 3 --stateOut b1boot26.state --tol 3e-6 -S 5000 abdeh2.lgo ../../chrX/boot_chrX/boot26.opf
# Stage nOptItr nSimReps
#     0    5000        0
# algorithm          : deterministic
# ignoring probs <=  : 0
# Branch length floor: 0
# DE strategy        : 2
#    F               : 0.3
#    CR              : 0.8
#    tolerance       : 3e-06
# nthreads           : 54
# lgo input file     : abdeh2.lgo
# site pat input file: ../../chrX/boot_chrX/boot26.opf
# free parameters    : 18
# points in DE swarm : 54
# output state file  : b1boot26.state
# Including singleton site patterns.
# cost function      : KL
Initial parameter values
Fixed:
      zero = 0
       one = 1
    Tbecnw = 75200
Free:
       pc1 = 0
       pc2 = 0
       pc3 = 0
       pc4 = 0
       pc5 = 0
       pc6 = 0
       pc7 = 0
       pc8 = 0
       pc9 = 0
      pc10 = 0
      pc11 = 0
      pc12 = 0
      pc13 = 0
      pc14 = 0
      pc15 = 0
      pc16 = 0
      pc17 = 0
      pc18 = 0
Constrained:
   Tgbecnw = 99440.7
     Tecnw = 29098.6
       Tnw = 10693.8
       Tec = 8421.19
     twoNb = 4.90549e+06
     twoNe = 2.76936e+06
     twoNc = 1.64002e+06
     twoNw = 1.36846e+06
    twoNec = 65321.9
    twoNnw = 74600.8
  twoNecnw = 52712.2
  twoNbecnw = 8714.36
  twoNgbecnw = 253892
         m = 0.0992303
        m2 = 0.0270173
        m4 = 0.0027882
        m5 = 0.126785
        m8 = 0.144558
        Th = 9557.5
        Tb = 19328.1
        Ta = 47264
        Td = 4210.6
        Te = 2105.3
DiffEv reached_goal. cost=2.18644e-03 spread=2.55937e-06
Fitted parameter values
Free:
       pc1 = -3.9237
       pc2 = 1.88997
       pc3 = -0.0850861
       pc4 = -3.39566
       pc5 = 1.73269
       pc6 = -1.7685
       pc7 = 0.634981
       pc8 = -0.399877
       pc9 = 1.57197
      pc10 = 0.520298
      pc11 = 1.79674
      pc12 = 0.612919
      pc13 = -0.268513
      pc14 = -0.437777
      pc15 = 0.0141302
      pc16 = -0.0534916
      pc17 = 0.0854097
      pc18 = 0.00999317
Constrained:
   Tgbecnw = 91526.6
     Tecnw = 28454.3
       Tnw = 9558.8
       Tec = 800.386
     twoNb = 7.05351e+06
     twoNe = 4.42269e+06
     twoNc = 4.83544e+06
     twoNw = 3.0607e+06
    twoNec = 109321
    twoNnw = 79798.1
  twoNecnw = 51510.6
  twoNbecnw = 6259.42
  twoNgbecnw = 251072
         m = 0.0943529
        m2 = 0.0273362
        m4 = 0.00246561
        m5 = 0.12333
        m8 = 0.120121
        Th = 5179.59
        Tb = 16817
        Ta = 46008.5
        Td = 400.193
        Te = 200.096
#       SitePat  BranchLen
              b 115099.6271759
              e 43252.0705954
              c 45038.5744998
              n 42289.1894073
              w 42260.9869264
            b:e 1268.3119784
            b:c 1413.2228307
            b:n 1054.3037003
            b:w 1053.1521963
            e:c 11471.5465205
            e:n 4503.4500213
            e:w 4523.4951516
            c:n 4030.2411252
            c:w 4032.4081503
            n:w 11856.1183730
          b:e:c 1265.8509866
          b:e:n 593.3741146
          b:e:w 593.9461175
          b:c:n 596.4920967
          b:c:w 595.8606803
          b:n:w 1301.2767121
          e:c:n 4160.3343218
          e:c:w 4166.3246472
          e:n:w 5596.4651183
          c:n:w 4867.8012410
        b:e:c:n 1138.3843313
        b:e:c:w 1139.5952489
        b:e:n:w 1929.2063560
        b:c:n:w 1685.7187815
        e:c:n:w 45125.9680047
