########################################
# legofit: estimate population history #
#       version 2.3.4-4-g53f8760       #
########################################

# Program was compiled: Sep 21 2021 14:36:42
# Program was run: Thu Oct 21 00:22:18 2021

# cmd: legofit -1 -d 0 -t 56 --ptsPerDim 3 --stateOut b1boot16.state --tol 3e-6 -S 5000 abdeh2.lgo ../../chrX/boot_chrX/boot16.opf
# Stage nOptItr nSimReps
#     0    5000        0
# algorithm          : deterministic
# ignoring probs <=  : 0
# Branch length floor: 0
# DE strategy        : 2
#    F               : 0.3
#    CR              : 0.8
#    tolerance       : 3e-06
# nthreads           : 54
# lgo input file     : abdeh2.lgo
# site pat input file: ../../chrX/boot_chrX/boot16.opf
# free parameters    : 18
# points in DE swarm : 54
# output state file  : b1boot16.state
# Including singleton site patterns.
# cost function      : KL
Initial parameter values
Fixed:
      zero = 0
       one = 1
    Tbecnw = 75200
Free:
       pc1 = 0
       pc2 = 0
       pc3 = 0
       pc4 = 0
       pc5 = 0
       pc6 = 0
       pc7 = 0
       pc8 = 0
       pc9 = 0
      pc10 = 0
      pc11 = 0
      pc12 = 0
      pc13 = 0
      pc14 = 0
      pc15 = 0
      pc16 = 0
      pc17 = 0
      pc18 = 0
Constrained:
   Tgbecnw = 99440.7
     Tecnw = 29098.6
       Tnw = 10693.8
       Tec = 8421.19
     twoNb = 4.90549e+06
     twoNe = 2.76936e+06
     twoNc = 1.64002e+06
     twoNw = 1.36846e+06
    twoNec = 65321.9
    twoNnw = 74600.8
  twoNecnw = 52712.2
  twoNbecnw = 8714.36
  twoNgbecnw = 253892
         m = 0.0992303
        m2 = 0.0270173
        m4 = 0.0027882
        m5 = 0.126785
        m8 = 0.144558
        Th = 9557.5
        Tb = 19328.1
        Ta = 47264
        Td = 4210.6
        Te = 2105.3
DiffEv reached_goal. cost=2.27055e-03 spread=2.45479e-06
Fitted parameter values
Free:
       pc1 = -3.8913
       pc2 = 1.55269
       pc3 = 1.69318
       pc4 = -3.55466
       pc5 = 1.96692
       pc6 = -1.90174
       pc7 = -0.715712
       pc8 = 0.0720349
       pc9 = 1.84686
      pc10 = 0.898483
      pc11 = -0.0995984
      pc12 = -0.0707501
      pc13 = -0.145786
      pc14 = -0.105397
      pc15 = 0.106242
      pc16 = -0.152989
      pc17 = 0.143944
      pc18 = 0.0798779
Constrained:
   Tgbecnw = 88488.6
     Tecnw = 28919.6
       Tnw = 10799.9
       Tec = 965.512
     twoNb = 9.24479e+06
     twoNe = 7.81024e+06
     twoNc = 3.39663e+06
     twoNw = 2.82413e+06
    twoNec = 108390
    twoNnw = 71733.9
  twoNecnw = 50561.7
  twoNbecnw = 5134.31
  twoNgbecnw = 248673
         m = 0.0972068
        m2 = 0.0270773
        m4 = 0.000291202
        m5 = 0.141441
        m8 = 0.116915
        Th = 5882.72
        Tb = 17401.2
        Ta = 46300.6
        Td = 482.756
        Te = 241.378
#       SitePat  BranchLen
              b 114757.5438309
              e 43056.6742392
              c 45029.3430979
              n 42075.6495712
              w 42039.9492887
            b:e 1224.1996106
            b:c 1370.9647832
            b:n 1007.6756328
            b:w 1006.2483642
            e:c 11397.1222389
            e:n 4419.8196224
            e:w 4446.1509653
            c:n 3888.6906706
            c:w 3890.5341447
            n:w 11832.6522638
          b:e:c 1237.4475054
          b:e:n 567.1043853
          b:e:w 567.8741549
          b:c:n 570.4714639
          b:c:w 569.6272867
          b:n:w 1273.6655308
          e:c:n 4033.9292077
          e:c:w 4041.4546733
          e:n:w 5600.9208176
          c:n:w 4780.0061626
        b:e:c:n 1088.4008718
        b:e:c:w 1089.9025480
        b:e:n:w 1848.9086857
        b:c:n:w 1632.0148369
        e:c:n:w 45192.1401638
