########################################
# legofit: estimate population history #
#       version 2.3.4-4-g53f8760       #
########################################

# Program was compiled: Sep 21 2021 14:36:42
# Program was run: Thu Oct 21 00:31:28 2021

# cmd: legofit -1 -d 0 -t 56 --ptsPerDim 3 --stateOut b1boot24.state --tol 3e-6 -S 5000 abdeh2.lgo ../../chrX/boot_chrX/boot24.opf
# Stage nOptItr nSimReps
#     0    5000        0
# algorithm          : deterministic
# ignoring probs <=  : 0
# Branch length floor: 0
# DE strategy        : 2
#    F               : 0.3
#    CR              : 0.8
#    tolerance       : 3e-06
# nthreads           : 54
# lgo input file     : abdeh2.lgo
# site pat input file: ../../chrX/boot_chrX/boot24.opf
# free parameters    : 18
# points in DE swarm : 54
# output state file  : b1boot24.state
# Including singleton site patterns.
# cost function      : KL
Initial parameter values
Fixed:
      zero = 0
       one = 1
    Tbecnw = 75200
Free:
       pc1 = 0
       pc2 = 0
       pc3 = 0
       pc4 = 0
       pc5 = 0
       pc6 = 0
       pc7 = 0
       pc8 = 0
       pc9 = 0
      pc10 = 0
      pc11 = 0
      pc12 = 0
      pc13 = 0
      pc14 = 0
      pc15 = 0
      pc16 = 0
      pc17 = 0
      pc18 = 0
Constrained:
   Tgbecnw = 99440.7
     Tecnw = 29098.6
       Tnw = 10693.8
       Tec = 8421.19
     twoNb = 4.90549e+06
     twoNe = 2.76936e+06
     twoNc = 1.64002e+06
     twoNw = 1.36846e+06
    twoNec = 65321.9
    twoNnw = 74600.8
  twoNecnw = 52712.2
  twoNbecnw = 8714.36
  twoNgbecnw = 253892
         m = 0.0992303
        m2 = 0.0270173
        m4 = 0.0027882
        m5 = 0.126785
        m8 = 0.144558
        Th = 9557.5
        Tb = 19328.1
        Ta = 47264
        Td = 4210.6
        Te = 2105.3
DiffEv reached_goal. cost=2.31971e-03 spread=2.53684e-06
Fitted parameter values
Free:
       pc1 = -3.88866
       pc2 = 1.72177
       pc3 = 1.35628
       pc4 = -1.9272
       pc5 = 1.9189
       pc6 = -1.96725
       pc7 = -0.960067
       pc8 = -0.102428
       pc9 = 0.674815
      pc10 = -1.45971
      pc11 = 0.0543846
      pc12 = -0.354033
      pc13 = -0.365837
      pc14 = -0.451534
      pc15 = 0.0219213
      pc16 = -0.0901936
      pc17 = -0.055723
      pc18 = 0.118135
Constrained:
   Tgbecnw = 85982.5
     Tecnw = 28081.4
       Tnw = 10010.8
       Tec = 4085.13
     twoNb = 1.44923e+07
     twoNe = 6.24701e+06
     twoNc = 1.37014e+06
     twoNw = 2.7457e+06
    twoNec = 88107.9
    twoNnw = 77862.1
  twoNecnw = 51541
  twoNbecnw = 4120.86
  twoNgbecnw = 260640
         m = 0.0940795
        m2 = 0.0263758
        m4 = 0.00206494
        m5 = 0.144672
        m8 = 0.115966
        Th = 7047.98
        Tb = 17564.7
        Ta = 46382.4
        Td = 2042.57
        Te = 1021.28
#       SitePat  BranchLen
              b 114404.2329258
              e 42700.2760198
              c 44700.5990834
              n 42046.7688088
              w 42018.7403510
            b:e 1193.3566357
            b:c 1347.5371931
            b:n 1023.3099523
            b:w 1022.1859606
            e:c 11252.1445432
            e:n 4483.3513367
            e:w 4505.6283396
            c:n 3948.3154927
            c:w 3948.1971624
            n:w 11566.7810991
          b:e:c 1221.7883163
          b:e:n 570.9793734
          b:e:w 571.6942071
          b:c:n 574.6151011
          b:c:w 573.8381789
          b:n:w 1259.1239363
          e:c:n 4131.7286203
          e:c:w 4137.5984055
          e:n:w 5479.5322014
          c:n:w 4669.7693449
        b:e:c:n 1109.2961752
        b:e:c:w 1110.4822555
        b:e:n:w 1862.3386576
        b:c:n:w 1604.2851670
        e:c:n:w 45118.8691459
