########################################
# legofit: estimate population history #
#       version 2.3.4-4-g53f8760       #
########################################

# Program was compiled: Sep 21 2021 14:36:42
# Program was run: Thu Oct 21 00:31:29 2021

# cmd: legofit -1 -d 0 -t 56 --ptsPerDim 3 --stateOut b1boot22.state --tol 3e-6 -S 5000 abdeh2.lgo ../../chrX/boot_chrX/boot22.opf
# Stage nOptItr nSimReps
#     0    5000        0
# algorithm          : deterministic
# ignoring probs <=  : 0
# Branch length floor: 0
# DE strategy        : 2
#    F               : 0.3
#    CR              : 0.8
#    tolerance       : 3e-06
# nthreads           : 54
# lgo input file     : abdeh2.lgo
# site pat input file: ../../chrX/boot_chrX/boot22.opf
# free parameters    : 18
# points in DE swarm : 54
# output state file  : b1boot22.state
# Including singleton site patterns.
# cost function      : KL
Initial parameter values
Fixed:
      zero = 0
       one = 1
    Tbecnw = 75200
Free:
       pc1 = 0
       pc2 = 0
       pc3 = 0
       pc4 = 0
       pc5 = 0
       pc6 = 0
       pc7 = 0
       pc8 = 0
       pc9 = 0
      pc10 = 0
      pc11 = 0
      pc12 = 0
      pc13 = 0
      pc14 = 0
      pc15 = 0
      pc16 = 0
      pc17 = 0
      pc18 = 0
Constrained:
   Tgbecnw = 99440.7
     Tecnw = 29098.6
       Tnw = 10693.8
       Tec = 8421.19
     twoNb = 4.90549e+06
     twoNe = 2.76936e+06
     twoNc = 1.64002e+06
     twoNw = 1.36846e+06
    twoNec = 65321.9
    twoNnw = 74600.8
  twoNecnw = 52712.2
  twoNbecnw = 8714.36
  twoNgbecnw = 253892
         m = 0.0992303
        m2 = 0.0270173
        m4 = 0.0027882
        m5 = 0.126785
        m8 = 0.144558
        Th = 9557.5
        Tb = 19328.1
        Ta = 47264
        Td = 4210.6
        Te = 2105.3
DiffEv reached_goal. cost=2.25092e-03 spread=2.80044e-06
Fitted parameter values
Free:
       pc1 = -3.82906
       pc2 = 0.873669
       pc3 = -0.740963
       pc4 = -1.40273
       pc5 = 1.90781
       pc6 = -1.99338
       pc7 = -1.08465
       pc8 = -0.79324
       pc9 = 1.97722
      pc10 = 0.564372
      pc11 = 1.34634
      pc12 = -0.861614
      pc13 = -0.262917
      pc14 = -0.0689653
      pc15 = -0.232088
      pc16 = 0.0432551
      pc17 = 0.012415
      pc18 = 0.124735
Constrained:
   Tgbecnw = 86569.5
     Tecnw = 28850
       Tnw = 9565.73
       Tec = 3246.75
     twoNb = 1.31096e+06
     twoNe = 8.90083e+06
     twoNc = 4.19594e+06
     twoNw = 2.67131e+06
    twoNec = 91686.2
    twoNnw = 76604.8
  twoNecnw = 49521
  twoNbecnw = 4360.42
  twoNgbecnw = 260827
         m = 0.0883865
        m2 = 0.0236706
        m4 = 0.00334156
        m5 = 0.127205
        m8 = 0.131447
        Th = 6406.24
        Tb = 17628.1
        Ta = 46414.1
        Td = 1623.37
        Te = 811.687
#       SitePat  BranchLen
              b 113453.4856448
              e 42515.9717207
              c 44387.6849574
              n 41588.9171816
              w 41561.1294657
            b:e 1210.9378682
            b:c 1375.5502817
            b:n 1000.3230610
            b:w 999.2219371
            e:c 11302.9008948
            e:n 4380.2054021
            e:w 4400.8814534
            c:n 3885.6900533
            c:w 3886.9725415
            n:w 11805.7640032
          b:e:c 1230.0198507
          b:e:n 556.9467417
          b:e:w 557.5523380
          b:c:n 560.6100154
          b:c:w 559.9454815
          b:n:w 1251.4801234
          e:c:n 4054.4745219
          e:c:w 4060.3036982
          e:n:w 5516.9441580
          c:n:w 4735.3136779
        b:e:c:n 1081.9919795
        b:e:c:w 1083.1520411
        b:e:n:w 1785.9492604
        b:c:n:w 1533.6218891
        e:c:n:w 44502.5567459
