########################################
# legofit: estimate population history #
#       version 2.3.4-4-g53f8760       #
########################################

# Program was compiled: Sep 21 2021 14:36:42
# Program was run: Wed Oct 20 23:52:55 2021

# cmd: legofit -1 -d 0 -t 56 --ptsPerDim 3 --stateOut b1boot3.state --tol 3e-6 -S 5000 abdeh2.lgo ../../chrX/boot_chrX/boot3.opf
# Stage nOptItr nSimReps
#     0    5000        0
# algorithm          : deterministic
# ignoring probs <=  : 0
# Branch length floor: 0
# DE strategy        : 2
#    F               : 0.3
#    CR              : 0.8
#    tolerance       : 3e-06
# nthreads           : 54
# lgo input file     : abdeh2.lgo
# site pat input file: ../../chrX/boot_chrX/boot3.opf
# free parameters    : 18
# points in DE swarm : 54
# output state file  : b1boot3.state
# Including singleton site patterns.
# cost function      : KL
Initial parameter values
Fixed:
      zero = 0
       one = 1
    Tbecnw = 75200
Free:
       pc1 = 0
       pc2 = 0
       pc3 = 0
       pc4 = 0
       pc5 = 0
       pc6 = 0
       pc7 = 0
       pc8 = 0
       pc9 = 0
      pc10 = 0
      pc11 = 0
      pc12 = 0
      pc13 = 0
      pc14 = 0
      pc15 = 0
      pc16 = 0
      pc17 = 0
      pc18 = 0
Constrained:
   Tgbecnw = 99440.7
     Tecnw = 29098.6
       Tnw = 10693.8
       Tec = 8421.19
     twoNb = 4.90549e+06
     twoNe = 2.76936e+06
     twoNc = 1.64002e+06
     twoNw = 1.36846e+06
    twoNec = 65321.9
    twoNnw = 74600.8
  twoNecnw = 52712.2
  twoNbecnw = 8714.36
  twoNgbecnw = 253892
         m = 0.0992303
        m2 = 0.0270173
        m4 = 0.0027882
        m5 = 0.126785
        m8 = 0.144558
        Th = 9557.5
        Tb = 19328.1
        Ta = 47264
        Td = 4210.6
        Te = 2105.3
DiffEv reached_goal. cost=2.28700e-03 spread=2.04861e-06
Fitted parameter values
Free:
       pc1 = -3.48218
       pc2 = 1.52854
       pc3 = 0.38719
       pc4 = -1.95434
       pc5 = 1.93817
       pc6 = -1.95804
       pc7 = -0.721787
       pc8 = -1.35354
       pc9 = 1.81392
      pc10 = -1.38194
      pc11 = 0.736515
      pc12 = -0.285761
      pc13 = 0.224641
      pc14 = -0.213764
      pc15 = -0.0550455
      pc16 = -0.145187
      pc17 = -0.0276154
      pc18 = 0.118879
Constrained:
   Tgbecnw = 87208.7
     Tecnw = 28281.4
       Tnw = 10008.3
       Tec = 3780.81
     twoNb = 5.40738e+06
     twoNe = 6.35286e+06
     twoNc = 424785
     twoNw = 3.03994e+06
    twoNec = 89693
    twoNnw = 78156.2
  twoNecnw = 50655.8
  twoNbecnw = 4595.47
  twoNgbecnw = 252383
         m = 0.0948189
        m2 = 0.0259435
        m4 = 0.00383466
        m5 = 0.136576
        m8 = 0.116772
        Th = 6894.57
        Tb = 17588
        Ta = 46394
        Td = 1890.4
        Te = 945.201
#       SitePat  BranchLen
              b 113974.1507337
              e 42651.0727006
              c 44627.4549068
              n 42011.8704574
              w 41986.9400927
            b:e 1173.1253333
            b:c 1334.6698996
            b:n 998.3347609
            b:w 997.3576396
            e:c 11283.9566095
            e:n 4426.9658876
            e:w 4446.4169159
            c:n 3909.6433656
            c:w 3909.9074153
            n:w 11572.6919045
          b:e:c 1197.9617980
          b:e:n 554.5824695
          b:e:w 555.1796634
          b:c:n 558.0994250
          b:c:w 557.4501441
          b:n:w 1232.7534005
          e:c:n 4113.5754657
          e:c:w 4118.7907523
          e:n:w 5466.8182801
          c:n:w 4662.3049136
        b:e:c:n 1079.2943700
        b:e:c:w 1080.3235784
        b:e:n:w 1846.4981855
        b:c:n:w 1561.1293046
        e:c:n:w 44706.3489076
