########################################
# legofit: estimate population history #
#       version 2.3.4-4-g53f8760       #
########################################

# Program was compiled: Sep 21 2021 14:36:42
# Program was run: Thu Oct 21 00:19:13 2021

# cmd: legofit -1 -d 0 -t 56 --ptsPerDim 3 --stateOut b1boot13.state --tol 3e-6 -S 5000 abdeh2.lgo ../../chrX/boot_chrX/boot13.opf
# Stage nOptItr nSimReps
#     0    5000        0
# algorithm          : deterministic
# ignoring probs <=  : 0
# Branch length floor: 0
# DE strategy        : 2
#    F               : 0.3
#    CR              : 0.8
#    tolerance       : 3e-06
# nthreads           : 54
# lgo input file     : abdeh2.lgo
# site pat input file: ../../chrX/boot_chrX/boot13.opf
# free parameters    : 18
# points in DE swarm : 54
# output state file  : b1boot13.state
# Including singleton site patterns.
# cost function      : KL
Initial parameter values
Fixed:
      zero = 0
       one = 1
    Tbecnw = 75200
Free:
       pc1 = 0
       pc2 = 0
       pc3 = 0
       pc4 = 0
       pc5 = 0
       pc6 = 0
       pc7 = 0
       pc8 = 0
       pc9 = 0
      pc10 = 0
      pc11 = 0
      pc12 = 0
      pc13 = 0
      pc14 = 0
      pc15 = 0
      pc16 = 0
      pc17 = 0
      pc18 = 0
Constrained:
   Tgbecnw = 99440.7
     Tecnw = 29098.6
       Tnw = 10693.8
       Tec = 8421.19
     twoNb = 4.90549e+06
     twoNe = 2.76936e+06
     twoNc = 1.64002e+06
     twoNw = 1.36846e+06
    twoNec = 65321.9
    twoNnw = 74600.8
  twoNecnw = 52712.2
  twoNbecnw = 8714.36
  twoNgbecnw = 253892
         m = 0.0992303
        m2 = 0.0270173
        m4 = 0.0027882
        m5 = 0.126785
        m8 = 0.144558
        Th = 9557.5
        Tb = 19328.1
        Ta = 47264
        Td = 4210.6
        Te = 2105.3
DiffEv reached_goal. cost=2.29079e-03 spread=1.84533e-06
Fitted parameter values
Free:
       pc1 = -3.94444
       pc2 = 1.11946
       pc3 = 1.25907
       pc4 = -2.97216
       pc5 = 1.87384
       pc6 = -1.95168
       pc7 = -1.06898
       pc8 = 0.610845
       pc9 = 1.9946
      pc10 = -1.65435
      pc11 = 1.19192
      pc12 = -0.263068
      pc13 = -0.0943223
      pc14 = -0.0516573
      pc15 = 0.123696
      pc16 = -0.0940665
      pc17 = -0.123962
      pc18 = 0.074217
Constrained:
   Tgbecnw = 89035.1
     Tecnw = 28845.5
       Tnw = 10132.7
       Tec = 2684.41
     twoNb = 1.72307e+07
     twoNe = 9.74579e+06
     twoNc = 2.07459e+06
     twoNw = 3.24498e+06
    twoNec = 93896.6
    twoNnw = 77120.1
  twoNecnw = 50051.9
  twoNbecnw = 5256.61
  twoNgbecnw = 257664
         m = 0.0944333
        m2 = 0.0267041
        m4 = 0.00341942
        m5 = 0.141817
        m8 = 0.122966
        Th = 6408.57
        Tb = 17627.1
        Ta = 46413.5
        Td = 1342.2
        Te = 671.102
#       SitePat  BranchLen
              b 115046.3264316
              e 42752.0795816
              c 44827.1708402
              n 42089.4483015
              w 42062.6823593
            b:e 1191.0579322
            b:c 1357.3543754
            b:n 1009.7931784
            b:w 1008.7328902
            e:c 11426.0139437
            e:n 4434.6185301
            e:w 4454.8843649
            c:n 3891.8774146
            c:w 3892.7662725
            n:w 11689.5585629
          b:e:c 1222.2984537
          b:e:n 561.2047721
          b:e:w 561.8117756
          b:c:n 564.6983631
          b:c:w 564.0367719
          b:n:w 1261.9235508
          e:c:n 4098.1764600
          e:c:w 4103.7877095
          e:n:w 5546.7159053
          c:n:w 4697.9821232
        b:e:c:n 1089.1151231
        b:e:c:w 1090.2299990
        b:e:n:w 1890.3958069
        b:c:n:w 1596.8824483
        e:c:n:w 45593.4717250
