########################################
# legofit: estimate population history #
#       version 2.3.4-4-g53f8760       #
########################################

# Program was compiled: Sep 21 2021 14:36:42
# Program was run: Thu Oct 21 00:22:19 2021

# cmd: legofit -1 -d 0 -t 56 --ptsPerDim 3 --stateOut b1boot15.state --tol 3e-6 -S 5000 abdeh2.lgo ../../chrX/boot_chrX/boot15.opf
# Stage nOptItr nSimReps
#     0    5000        0
# algorithm          : deterministic
# ignoring probs <=  : 0
# Branch length floor: 0
# DE strategy        : 2
#    F               : 0.3
#    CR              : 0.8
#    tolerance       : 3e-06
# nthreads           : 54
# lgo input file     : abdeh2.lgo
# site pat input file: ../../chrX/boot_chrX/boot15.opf
# free parameters    : 18
# points in DE swarm : 54
# output state file  : b1boot15.state
# Including singleton site patterns.
# cost function      : KL
Initial parameter values
Fixed:
      zero = 0
       one = 1
    Tbecnw = 75200
Free:
       pc1 = 0
       pc2 = 0
       pc3 = 0
       pc4 = 0
       pc5 = 0
       pc6 = 0
       pc7 = 0
       pc8 = 0
       pc9 = 0
      pc10 = 0
      pc11 = 0
      pc12 = 0
      pc13 = 0
      pc14 = 0
      pc15 = 0
      pc16 = 0
      pc17 = 0
      pc18 = 0
Constrained:
   Tgbecnw = 99440.7
     Tecnw = 29098.6
       Tnw = 10693.8
       Tec = 8421.19
     twoNb = 4.90549e+06
     twoNe = 2.76936e+06
     twoNc = 1.64002e+06
     twoNw = 1.36846e+06
    twoNec = 65321.9
    twoNnw = 74600.8
  twoNecnw = 52712.2
  twoNbecnw = 8714.36
  twoNgbecnw = 253892
         m = 0.0992303
        m2 = 0.0270173
        m4 = 0.0027882
        m5 = 0.126785
        m8 = 0.144558
        Th = 9557.5
        Tb = 19328.1
        Ta = 47264
        Td = 4210.6
        Te = 2105.3
DiffEv reached_goal. cost=2.15564e-03 spread=2.83380e-06
Fitted parameter values
Free:
       pc1 = -3.95078
       pc2 = 0.595985
       pc3 = -0.122796
       pc4 = -3.53845
       pc5 = 1.87983
       pc6 = -1.97307
       pc7 = 0.333645
       pc8 = -0.591125
       pc9 = 0.54325
      pc10 = -0.124228
      pc11 = 1.15388
      pc12 = 0.180367
      pc13 = -0.16858
      pc14 = -0.348647
      pc15 = -0.203358
      pc16 = 0.123257
      pc17 = 0.0584896
      pc18 = 0.0841776
Constrained:
   Tgbecnw = 87829.8
     Tecnw = 28590.4
       Tnw = 9185.71
       Tec = 2427.68
     twoNb = 9.97429e+06
     twoNe = 3.35288e+06
     twoNc = 4.72918e+06
     twoNw = 2.92661e+06
    twoNec = 99076.1
    twoNnw = 80382.7
  twoNecnw = 49933.9
  twoNbecnw = 5267.11
  twoNgbecnw = 224611
         m = 0.101375
        m2 = 0.0271334
        m4 = 0.0022375
        m5 = 0.127379
        m8 = 0.127677
        Th = 5806.69
        Tb = 17198.5
        Ta = 46199.3
        Td = 1213.84
        Te = 606.92
#       SitePat  BranchLen
              b 114392.3739158
              e 42948.2186024
              c 44775.2424514
              n 41854.8352587
              w 41828.8746042
            b:e 1299.2398936
            b:c 1451.2350786
            b:n 1079.3390909
            b:w 1078.2451182
            e:c 11296.9019191
            e:n 4502.2050998
            e:w 4521.2484427
            c:n 4016.8399432
            c:w 4018.2361307
            n:w 11837.5434936
          b:e:c 1299.8946324
          b:e:n 606.9258662
          b:e:w 607.5111914
          b:c:n 610.1496418
          b:c:w 609.5086538
          b:n:w 1330.6357966
          e:c:n 4178.9252425
          e:c:w 4184.4463667
          e:n:w 5662.4755776
          c:n:w 4907.4786036
        b:e:c:n 1163.8006059
        b:e:c:w 1164.9502413
        b:e:n:w 1926.4555600
        b:c:n:w 1685.5896772
        e:c:n:w 44942.6559560
