########################################
# legofit: estimate population history #
#       version 2.3.4-4-g53f8760       #
########################################

# Program was compiled: Sep 21 2021 14:36:42
# Program was run: Thu Oct 21 01:11:06 2021

# cmd: legofit -1 -d 0 -t 56 --ptsPerDim 3 --stateOut b1boot38.state --tol 3e-6 -S 5000 abdeh2.lgo ../../chrX/boot_chrX/boot38.opf
# Stage nOptItr nSimReps
#     0    5000        0
# algorithm          : deterministic
# ignoring probs <=  : 0
# Branch length floor: 0
# DE strategy        : 2
#    F               : 0.3
#    CR              : 0.8
#    tolerance       : 3e-06
# nthreads           : 54
# lgo input file     : abdeh2.lgo
# site pat input file: ../../chrX/boot_chrX/boot38.opf
# free parameters    : 18
# points in DE swarm : 54
# output state file  : b1boot38.state
# Including singleton site patterns.
# cost function      : KL
Initial parameter values
Fixed:
      zero = 0
       one = 1
    Tbecnw = 75200
Free:
       pc1 = 0
       pc2 = 0
       pc3 = 0
       pc4 = 0
       pc5 = 0
       pc6 = 0
       pc7 = 0
       pc8 = 0
       pc9 = 0
      pc10 = 0
      pc11 = 0
      pc12 = 0
      pc13 = 0
      pc14 = 0
      pc15 = 0
      pc16 = 0
      pc17 = 0
      pc18 = 0
Constrained:
   Tgbecnw = 99440.7
     Tecnw = 29098.6
       Tnw = 10693.8
       Tec = 8421.19
     twoNb = 4.90549e+06
     twoNe = 2.76936e+06
     twoNc = 1.64002e+06
     twoNw = 1.36846e+06
    twoNec = 65321.9
    twoNnw = 74600.8
  twoNecnw = 52712.2
  twoNbecnw = 8714.36
  twoNgbecnw = 253892
         m = 0.0992303
        m2 = 0.0270173
        m4 = 0.0027882
        m5 = 0.126785
        m8 = 0.144558
        Th = 9557.5
        Tb = 19328.1
        Ta = 47264
        Td = 4210.6
        Te = 2105.3
DiffEv reached_goal. cost=2.35204e-03 spread=2.85432e-06
Fitted parameter values
Free:
       pc1 = -3.98363
       pc2 = 1.90442
       pc3 = 0.587626
       pc4 = -1.93135
       pc5 = 1.85139
       pc6 = -1.87185
       pc7 = -0.29701
       pc8 = -0.130653
       pc9 = 1.33274
      pc10 = -0.37551
      pc11 = 1.34869
      pc12 = -0.38656
      pc13 = -0.0131142
      pc14 = -0.399544
      pc15 = 0.471205
      pc16 = 0.0984295
      pc17 = -0.00927227
      pc18 = 0.107507
Constrained:
   Tgbecnw = 89081.7
     Tecnw = 28229.3
       Tnw = 9901.62
       Tec = 3368.09
     twoNb = 9.63633e+06
     twoNe = 6.97451e+06
     twoNc = 3.18162e+06
     twoNw = 2.91256e+06
    twoNec = 96196.4
    twoNnw = 79304.1
  twoNecnw = 50295.6
  twoNbecnw = 5077.9
  twoNgbecnw = 277768
         m = 0.0920062
        m2 = 0.0262682
        m4 = 0.00241946
        m5 = 0.131434
        m8 = 0.116057
        Th = 6634.86
        Tb = 17432.1
        Ta = 46316
        Td = 1684.04
        Te = 842.022
#       SitePat  BranchLen
              b 115914.1327581
              e 42859.4153546
              c 44696.7316576
              n 41963.6064891
              w 41937.7820870
            b:e 1172.7536648
            b:c 1314.1939758
            b:n 985.8857465
            b:w 984.8837436
            e:c 11092.7727970
            e:n 4433.0344053
            e:w 4452.8654394
            c:n 3947.2327705
            c:w 3947.8055706
            n:w 11495.9976411
          b:e:c 1173.5114498
          b:e:n 552.5962271
          b:e:w 553.1884233
          b:c:n 555.6694701
          b:c:w 555.0257504
          b:n:w 1212.3322437
          e:c:n 4103.7283199
          e:c:w 4109.1488877
          e:n:w 5459.9731285
          c:n:w 4717.6380602
        b:e:c:n 1063.4615456
        b:e:c:w 1064.5150720
        b:e:n:w 1850.2794992
        b:c:n:w 1599.8088413
        e:c:n:w 46610.9943879
