########################################
# legofit: estimate population history #
#       version 2.3.4-4-g53f8760       #
########################################

# Program was compiled: Sep 21 2021 14:36:42
# Program was run: Thu Oct 21 01:11:06 2021

# cmd: legofit -1 -d 0 -t 56 --ptsPerDim 3 --stateOut b1boot39.state --tol 3e-6 -S 5000 abdeh2.lgo ../../chrX/boot_chrX/boot39.opf
# Stage nOptItr nSimReps
#     0    5000        0
# algorithm          : deterministic
# ignoring probs <=  : 0
# Branch length floor: 0
# DE strategy        : 2
#    F               : 0.3
#    CR              : 0.8
#    tolerance       : 3e-06
# nthreads           : 54
# lgo input file     : abdeh2.lgo
# site pat input file: ../../chrX/boot_chrX/boot39.opf
# free parameters    : 18
# points in DE swarm : 54
# output state file  : b1boot39.state
# Including singleton site patterns.
# cost function      : KL
Initial parameter values
Fixed:
      zero = 0
       one = 1
    Tbecnw = 75200
Free:
       pc1 = 0
       pc2 = 0
       pc3 = 0
       pc4 = 0
       pc5 = 0
       pc6 = 0
       pc7 = 0
       pc8 = 0
       pc9 = 0
      pc10 = 0
      pc11 = 0
      pc12 = 0
      pc13 = 0
      pc14 = 0
      pc15 = 0
      pc16 = 0
      pc17 = 0
      pc18 = 0
Constrained:
   Tgbecnw = 99440.7
     Tecnw = 29098.6
       Tnw = 10693.8
       Tec = 8421.19
     twoNb = 4.90549e+06
     twoNe = 2.76936e+06
     twoNc = 1.64002e+06
     twoNw = 1.36846e+06
    twoNec = 65321.9
    twoNnw = 74600.8
  twoNecnw = 52712.2
  twoNbecnw = 8714.36
  twoNgbecnw = 253892
         m = 0.0992303
        m2 = 0.0270173
        m4 = 0.0027882
        m5 = 0.126785
        m8 = 0.144558
        Th = 9557.5
        Tb = 19328.1
        Ta = 47264
        Td = 4210.6
        Te = 2105.3
DiffEv reached_goal. cost=2.18532e-03 spread=2.80360e-06
Fitted parameter values
Free:
       pc1 = -3.88864
       pc2 = 1.92867
       pc3 = 0.703151
       pc4 = -3.71198
       pc5 = 1.97842
       pc6 = -1.65447
       pc7 = -0.127685
       pc8 = -0.954627
       pc9 = 1.23101
      pc10 = 0.0430796
      pc11 = -0.132053
      pc12 = -0.579123
      pc13 = -0.491265
      pc14 = -0.552967
      pc15 = 0.32998
      pc16 = 0.092884
      pc17 = -0.0530453
      pc18 = 0.182415
Constrained:
   Tgbecnw = 87382.3
     Tecnw = 28496.4
       Tnw = 10048
       Tec = 1440.34
     twoNb = 8.53207e+06
     twoNe = 3.75948e+06
     twoNc = 1.66645e+06
     twoNw = 2.93122e+06
    twoNec = 105850
    twoNnw = 77424.2
  twoNecnw = 51292.4
  twoNbecnw = 4701.12
  twoNgbecnw = 246158
         m = 0.104689
        m2 = 0.0253323
        m4 = 0.000578445
        m5 = 0.135049
        m8 = 0.116269
        Th = 5744.19
        Tb = 17120.3
        Ta = 46160.1
        Td = 720.172
        Te = 360.086
#       SitePat  BranchLen
              b 115707.2769000
              e 42972.3720025
              c 44803.0978278
              n 42157.6040495
              w 42127.1129569
            b:e 1197.1305182
            b:c 1331.2208513
            b:n 1000.9021668
            b:w 999.7076820
            e:c 11329.5671676
            e:n 4448.1607212
            e:w 4470.6832920
            c:n 3948.6687205
            c:w 3950.2356116
            n:w 11665.0072102
          b:e:c 1203.0749196
          b:e:n 562.3541790
          b:e:w 563.0012045
          b:c:n 565.4100722
          b:c:w 564.6998670
          b:n:w 1238.7884313
          e:c:n 4079.7652971
          e:c:w 4086.1669278
          e:n:w 5474.8931715
          c:n:w 4730.1860276
        b:e:c:n 1082.4046432
        b:e:c:w 1083.6623077
        b:e:n:w 1804.0158054
        b:c:n:w 1599.0918771
        e:c:n:w 46145.4894878
