########################################
# legofit: estimate population history #
#       version 2.3.4-4-g53f8760       #
########################################

# Program was compiled: Sep 21 2021 14:36:42
# Program was run: Thu Oct 21 00:22:18 2021

# cmd: legofit -1 -d 0 -t 56 --ptsPerDim 3 --stateOut b1boot14.state --tol 3e-6 -S 5000 abdeh2.lgo ../../chrX/boot_chrX/boot14.opf
# Stage nOptItr nSimReps
#     0    5000        0
# algorithm          : deterministic
# ignoring probs <=  : 0
# Branch length floor: 0
# DE strategy        : 2
#    F               : 0.3
#    CR              : 0.8
#    tolerance       : 3e-06
# nthreads           : 54
# lgo input file     : abdeh2.lgo
# site pat input file: ../../chrX/boot_chrX/boot14.opf
# free parameters    : 18
# points in DE swarm : 54
# output state file  : b1boot14.state
# Including singleton site patterns.
# cost function      : KL
Initial parameter values
Fixed:
      zero = 0
       one = 1
    Tbecnw = 75200
Free:
       pc1 = 0
       pc2 = 0
       pc3 = 0
       pc4 = 0
       pc5 = 0
       pc6 = 0
       pc7 = 0
       pc8 = 0
       pc9 = 0
      pc10 = 0
      pc11 = 0
      pc12 = 0
      pc13 = 0
      pc14 = 0
      pc15 = 0
      pc16 = 0
      pc17 = 0
      pc18 = 0
Constrained:
   Tgbecnw = 99440.7
     Tecnw = 29098.6
       Tnw = 10693.8
       Tec = 8421.19
     twoNb = 4.90549e+06
     twoNe = 2.76936e+06
     twoNc = 1.64002e+06
     twoNw = 1.36846e+06
    twoNec = 65321.9
    twoNnw = 74600.8
  twoNecnw = 52712.2
  twoNbecnw = 8714.36
  twoNgbecnw = 253892
         m = 0.0992303
        m2 = 0.0270173
        m4 = 0.0027882
        m5 = 0.126785
        m8 = 0.144558
        Th = 9557.5
        Tb = 19328.1
        Ta = 47264
        Td = 4210.6
        Te = 2105.3
DiffEv reached_goal. cost=2.05656e-03 spread=2.97234e-06
Fitted parameter values
Free:
       pc1 = -2.82634
       pc2 = 1.579
       pc3 = 0.757133
       pc4 = -3.38202
       pc5 = 1.63317
       pc6 = -0.578753
       pc7 = -0.691864
       pc8 = -0.588873
       pc9 = 0.541749
      pc10 = 0.751341
      pc11 = 1.78189
      pc12 = -0.789441
      pc13 = -0.0998427
      pc14 = -0.408997
      pc15 = 0.0938756
      pc16 = 0.0966764
      pc17 = -0.0307304
      pc18 = 0.0712966
Constrained:
   Tgbecnw = 91844.2
     Tecnw = 28427.5
       Tnw = 10157.2
       Tec = 2870.12
     twoNb = 1.02968e+07
     twoNe = 1.01054e+07
     twoNc = 2.39414e+06
     twoNw = 2.645e+06
    twoNec = 98152.9
    twoNnw = 76388.8
  twoNecnw = 51300.6
  twoNbecnw = 6306.79
  twoNgbecnw = 241038
         m = 0.102663
        m2 = 0.0260552
        m4 = 0.000606003
        m5 = 0.116812
        m8 = 0.122492
        Th = 6513.68
        Tb = 17470.6
        Ta = 46335.3
        Td = 1435.06
        Te = 717.531
#       SitePat  BranchLen
              b 115515.9664724
              e 43167.6162164
              c 44756.0498166
              n 42187.4115907
              w 42158.3743817
            b:e 1188.6308623
            b:c 1303.6437350
            b:n 989.1419312
            b:w 988.0112919
            e:c 11380.2593635
            e:n 4413.0188941
            e:w 4434.2417663
            c:n 3983.1895294
            c:w 3984.8168342
            n:w 11763.3778592
          b:e:c 1191.2726307
          b:e:n 551.3536874
          b:e:w 551.9520133
          b:c:n 553.8724687
          b:c:w 553.2181650
          b:n:w 1229.2943856
          e:c:n 4122.3845896
          e:c:w 4128.5716215
          e:n:w 5459.0418603
          c:n:w 4809.1342750
        b:e:c:n 1064.4265369
        b:e:c:w 1065.6131541
        b:e:n:w 1770.8053627
        b:c:n:w 1592.7358045
        e:c:n:w 45620.7501581
