########################################
# legofit: estimate population history #
#       version 2.3.4-4-g53f8760       #
########################################

# Program was compiled: Sep 21 2021 14:36:42
# Program was run: Thu Oct 21 01:20:16 2021

# cmd: legofit -1 -d 0 -t 56 --ptsPerDim 3 --stateOut b1boot47.state --tol 3e-6 -S 5000 abdeh2.lgo ../../chrX/boot_chrX/boot47.opf
# Stage nOptItr nSimReps
#     0    5000        0
# algorithm          : deterministic
# ignoring probs <=  : 0
# Branch length floor: 0
# DE strategy        : 2
#    F               : 0.3
#    CR              : 0.8
#    tolerance       : 3e-06
# nthreads           : 54
# lgo input file     : abdeh2.lgo
# site pat input file: ../../chrX/boot_chrX/boot47.opf
# free parameters    : 18
# points in DE swarm : 54
# output state file  : b1boot47.state
# Including singleton site patterns.
# cost function      : KL
Initial parameter values
Fixed:
      zero = 0
       one = 1
    Tbecnw = 75200
Free:
       pc1 = 0
       pc2 = 0
       pc3 = 0
       pc4 = 0
       pc5 = 0
       pc6 = 0
       pc7 = 0
       pc8 = 0
       pc9 = 0
      pc10 = 0
      pc11 = 0
      pc12 = 0
      pc13 = 0
      pc14 = 0
      pc15 = 0
      pc16 = 0
      pc17 = 0
      pc18 = 0
Constrained:
   Tgbecnw = 99440.7
     Tecnw = 29098.6
       Tnw = 10693.8
       Tec = 8421.19
     twoNb = 4.90549e+06
     twoNe = 2.76936e+06
     twoNc = 1.64002e+06
     twoNw = 1.36846e+06
    twoNec = 65321.9
    twoNnw = 74600.8
  twoNecnw = 52712.2
  twoNbecnw = 8714.36
  twoNgbecnw = 253892
         m = 0.0992303
        m2 = 0.0270173
        m4 = 0.0027882
        m5 = 0.126785
        m8 = 0.144558
        Th = 9557.5
        Tb = 19328.1
        Ta = 47264
        Td = 4210.6
        Te = 2105.3
DiffEv reached_goal. cost=2.18390e-03 spread=2.20005e-06
Fitted parameter values
Free:
       pc1 = -3.99304
       pc2 = 1.89065
       pc3 = 1.82693
       pc4 = -1.58918
       pc5 = 1.94531
       pc6 = -1.98225
       pc7 = -1.09581
       pc8 = -0.26923
       pc9 = 1.92802
      pc10 = -0.752246
      pc11 = 1.08839
      pc12 = -0.191483
      pc13 = -0.127415
      pc14 = -0.286486
      pc15 = 0.0852739
      pc16 = -0.0555605
      pc17 = -0.0907922
      pc18 = 0.0850068
Constrained:
   Tgbecnw = 87891.5
     Tecnw = 28209.1
       Tnw = 10214.7
       Tec = 3247.63
     twoNb = 9.38241e+06
     twoNe = 1.06887e+07
     twoNc = 1.65768e+06
     twoNw = 3.02451e+06
    twoNec = 91856.5
    twoNnw = 75801.6
  twoNecnw = 51121.1
  twoNbecnw = 4582.75
  twoNgbecnw = 278574
         m = 0.0878421
        m2 = 0.0273472
        m4 = 0.00232404
        m5 = 0.141399
        m8 = 0.118555
        Th = 6731.14
        Tb = 17470.1
        Ta = 46335.1
        Td = 1623.82
        Te = 811.908
#       SitePat  BranchLen
              b 114014.9860462
              e 42607.2202073
              c 44594.4579981
              n 41889.1384623
              w 41861.8507812
            b:e 1130.6303828
            b:c 1278.1518638
            b:n 956.0105019
            b:w 954.9789025
            e:c 11254.6999824
            e:n 4422.7961975
            e:w 4443.8504820
            c:n 3894.6294096
            c:w 3895.1583648
            n:w 11558.7193697
          b:e:c 1151.4281932
          b:e:n 533.4204330
          b:e:w 534.0353413
          b:c:n 536.7403338
          b:c:w 536.0700582
          b:n:w 1192.3885446
          e:c:n 4048.9847314
          e:c:w 4054.6891727
          e:n:w 5435.6734060
          c:n:w 4630.9372465
        b:e:c:n 1034.3369122
        b:e:c:w 1035.4238789
        b:e:n:w 1811.9328035
        b:c:n:w 1553.4139350
        e:c:n:w 44754.8261849
