########################################
# legofit: estimate population history #
#       version 2.3.4-4-g53f8760       #
########################################

# Program was compiled: Sep 21 2021 14:36:42
# Program was run: Wed Oct 20 23:59:02 2021

# cmd: legofit -1 -d 0 -t 56 --ptsPerDim 3 --stateOut b1boot6.state --tol 3e-6 -S 5000 abdeh2.lgo ../../chrX/boot_chrX/boot6.opf
# Stage nOptItr nSimReps
#     0    5000        0
# algorithm          : deterministic
# ignoring probs <=  : 0
# Branch length floor: 0
# DE strategy        : 2
#    F               : 0.3
#    CR              : 0.8
#    tolerance       : 3e-06
# nthreads           : 54
# lgo input file     : abdeh2.lgo
# site pat input file: ../../chrX/boot_chrX/boot6.opf
# free parameters    : 18
# points in DE swarm : 54
# output state file  : b1boot6.state
# Including singleton site patterns.
# cost function      : KL
Initial parameter values
Fixed:
      zero = 0
       one = 1
    Tbecnw = 75200
Free:
       pc1 = 0
       pc2 = 0
       pc3 = 0
       pc4 = 0
       pc5 = 0
       pc6 = 0
       pc7 = 0
       pc8 = 0
       pc9 = 0
      pc10 = 0
      pc11 = 0
      pc12 = 0
      pc13 = 0
      pc14 = 0
      pc15 = 0
      pc16 = 0
      pc17 = 0
      pc18 = 0
Constrained:
   Tgbecnw = 99440.7
     Tecnw = 29098.6
       Tnw = 10693.8
       Tec = 8421.19
     twoNb = 4.90549e+06
     twoNe = 2.76936e+06
     twoNc = 1.64002e+06
     twoNw = 1.36846e+06
    twoNec = 65321.9
    twoNnw = 74600.8
  twoNecnw = 52712.2
  twoNbecnw = 8714.36
  twoNgbecnw = 253892
         m = 0.0992303
        m2 = 0.0270173
        m4 = 0.0027882
        m5 = 0.126785
        m8 = 0.144558
        Th = 9557.5
        Tb = 19328.1
        Ta = 47264
        Td = 4210.6
        Te = 2105.3
DiffEv reached_goal. cost=2.11730e-03 spread=2.10160e-06
Fitted parameter values
Free:
       pc1 = -3.95149
       pc2 = 1.91195
       pc3 = -0.274579
       pc4 = -1.5968
       pc5 = 1.76615
       pc6 = -1.96667
       pc7 = -0.326551
       pc8 = -0.961842
       pc9 = 1.75237
      pc10 = 0.558763
      pc11 = 0.412195
      pc12 = -1.02809
      pc13 = 0.512126
      pc14 = -0.618481
      pc15 = -0.233224
      pc16 = 0.215511
      pc17 = 0.109902
      pc18 = 0.069355
Constrained:
   Tgbecnw = 88149.4
     Tecnw = 28163.1
       Tnw = 10033.6
       Tec = 3161.47
     twoNb = 887537
     twoNe = 5.0151e+06
     twoNc = 2.56575e+06
     twoNw = 2.65887e+06
    twoNec = 98975.5
    twoNnw = 77501.1
  twoNecnw = 48653.8
  twoNbecnw = 4937.6
  twoNgbecnw = 263339
         m = 0.0875348
        m2 = 0.0237962
        m4 = 0.00197431
        m5 = 0.131632
        m8 = 0.119041
        Th = 6597.54
        Tb = 17380.3
        Ta = 46290.2
        Td = 1580.74
        Te = 790.368
#       SitePat  BranchLen
              b 114029.5405409
              e 42394.8650981
              c 44163.6648124
              n 41506.7329955
              w 41477.6422347
            b:e 1223.0378341
            b:c 1376.7769255
            b:n 995.1749862
            b:w 994.0173571
            e:c 10905.0526613
            e:n 4421.9794500
            e:w 4444.0603084
            c:n 3948.0517430
            c:w 3948.8457566
            n:w 11390.2942129
          b:e:c 1189.8884729
          b:e:n 560.5051028
          b:e:w 561.1729675
          b:c:n 563.9349181
          b:c:w 563.2082687
          b:n:w 1206.0432935
          e:c:n 4125.1912065
          e:c:w 4131.4070952
          e:n:w 5527.1245375
          c:n:w 4786.0698152
        b:e:c:n 1072.4046624
        b:e:c:w 1073.6210762
        b:e:n:w 1744.6106627
        b:c:n:w 1526.8036870
        e:c:n:w 45305.8197703
