########################################
# legofit: estimate population history #
#       version 2.3.4-4-g53f8760       #
########################################

# Program was compiled: Sep 21 2021 14:36:42
# Program was run: Thu Oct 21 00:31:28 2021

# cmd: legofit -1 -d 0 -t 56 --ptsPerDim 3 --stateOut b1boot23.state --tol 3e-6 -S 5000 abdeh2.lgo ../../chrX/boot_chrX/boot23.opf
# Stage nOptItr nSimReps
#     0    5000        0
# algorithm          : deterministic
# ignoring probs <=  : 0
# Branch length floor: 0
# DE strategy        : 2
#    F               : 0.3
#    CR              : 0.8
#    tolerance       : 3e-06
# nthreads           : 54
# lgo input file     : abdeh2.lgo
# site pat input file: ../../chrX/boot_chrX/boot23.opf
# free parameters    : 18
# points in DE swarm : 54
# output state file  : b1boot23.state
# Including singleton site patterns.
# cost function      : KL
Initial parameter values
Fixed:
      zero = 0
       one = 1
    Tbecnw = 75200
Free:
       pc1 = 0
       pc2 = 0
       pc3 = 0
       pc4 = 0
       pc5 = 0
       pc6 = 0
       pc7 = 0
       pc8 = 0
       pc9 = 0
      pc10 = 0
      pc11 = 0
      pc12 = 0
      pc13 = 0
      pc14 = 0
      pc15 = 0
      pc16 = 0
      pc17 = 0
      pc18 = 0
Constrained:
   Tgbecnw = 99440.7
     Tecnw = 29098.6
       Tnw = 10693.8
       Tec = 8421.19
     twoNb = 4.90549e+06
     twoNe = 2.76936e+06
     twoNc = 1.64002e+06
     twoNw = 1.36846e+06
    twoNec = 65321.9
    twoNnw = 74600.8
  twoNecnw = 52712.2
  twoNbecnw = 8714.36
  twoNgbecnw = 253892
         m = 0.0992303
        m2 = 0.0270173
        m4 = 0.0027882
        m5 = 0.126785
        m8 = 0.144558
        Th = 9557.5
        Tb = 19328.1
        Ta = 47264
        Td = 4210.6
        Te = 2105.3
DiffEv reached_goal. cost=2.20735e-03 spread=2.76584e-06
Fitted parameter values
Free:
       pc1 = -3.9048
       pc2 = 1.69006
       pc3 = -1.55783
       pc4 = -3.22693
       pc5 = 1.95708
       pc6 = -1.96193
       pc7 = -0.704699
       pc8 = 0.0220053
       pc9 = 1.96868
      pc10 = -0.914556
      pc11 = 1.16047
      pc12 = -0.208151
      pc13 = -0.456237
      pc14 = -0.36216
      pc15 = -0.0371084
      pc16 = -0.0259177
      pc17 = -0.0799332
      pc18 = 0.120979
Constrained:
   Tgbecnw = 88454.8
     Tecnw = 28695.1
       Tnw = 9589.35
       Tec = 1194.7
     twoNb = 1.13692e+07
     twoNe = 4.53845e+06
     twoNc = 3.63845e+06
     twoNw = 2.98536e+06
    twoNec = 103422
    twoNnw = 79702.8
  twoNecnw = 50827.6
  twoNbecnw = 5138.31
  twoNgbecnw = 248535
         m = 0.095987
        m2 = 0.0228953
        m4 = 0.00497018
        m5 = 0.128974
        m8 = 0.12416
        Th = 5392.03
        Tb = 17043.5
        Ta = 46121.8
        Td = 597.352
        Te = 298.676
#       SitePat  BranchLen
              b 114536.5867881
              e 42786.8334093
              c 44747.3604559
              n 42147.3354164
              w 42118.1832067
            b:e 1205.5300462
            b:c 1370.7970458
            b:n 1031.5487774
            b:w 1030.3804804
            e:c 11484.5405912
            e:n 4460.5575006
            e:w 4481.5177389
            c:n 3953.7402762
            c:w 3955.7863046
            n:w 11747.2090212
          b:e:c 1238.7868083
          b:e:n 575.9496890
          b:e:w 576.5449596
          b:c:n 579.4908510
          b:c:w 578.8345212
          b:n:w 1268.7836583
          e:c:n 4123.9837980
          e:c:w 4130.1297410
          e:n:w 5524.1525038
          c:n:w 4726.7312947
        b:e:c:n 1114.3184762
        b:e:c:w 1115.5478324
        b:e:n:w 1866.2469660
        b:c:n:w 1564.5919957
        e:c:n:w 44969.2990398
