########################################
# legofit: estimate population history #
#       version 2.3.4-4-g53f8760       #
########################################

# Program was compiled: Sep 21 2021 14:36:42
# Program was run: Thu Oct 21 00:16:09 2021

# cmd: legofit -1 -d 0 -t 56 --ptsPerDim 3 --stateOut b1boot12.state --tol 3e-6 -S 5000 abdeh2.lgo ../../chrX/boot_chrX/boot12.opf
# Stage nOptItr nSimReps
#     0    5000        0
# algorithm          : deterministic
# ignoring probs <=  : 0
# Branch length floor: 0
# DE strategy        : 2
#    F               : 0.3
#    CR              : 0.8
#    tolerance       : 3e-06
# nthreads           : 54
# lgo input file     : abdeh2.lgo
# site pat input file: ../../chrX/boot_chrX/boot12.opf
# free parameters    : 18
# points in DE swarm : 54
# output state file  : b1boot12.state
# Including singleton site patterns.
# cost function      : KL
Initial parameter values
Fixed:
      zero = 0
       one = 1
    Tbecnw = 75200
Free:
       pc1 = 0
       pc2 = 0
       pc3 = 0
       pc4 = 0
       pc5 = 0
       pc6 = 0
       pc7 = 0
       pc8 = 0
       pc9 = 0
      pc10 = 0
      pc11 = 0
      pc12 = 0
      pc13 = 0
      pc14 = 0
      pc15 = 0
      pc16 = 0
      pc17 = 0
      pc18 = 0
Constrained:
   Tgbecnw = 99440.7
     Tecnw = 29098.6
       Tnw = 10693.8
       Tec = 8421.19
     twoNb = 4.90549e+06
     twoNe = 2.76936e+06
     twoNc = 1.64002e+06
     twoNw = 1.36846e+06
    twoNec = 65321.9
    twoNnw = 74600.8
  twoNecnw = 52712.2
  twoNbecnw = 8714.36
  twoNgbecnw = 253892
         m = 0.0992303
        m2 = 0.0270173
        m4 = 0.0027882
        m5 = 0.126785
        m8 = 0.144558
        Th = 9557.5
        Tb = 19328.1
        Ta = 47264
        Td = 4210.6
        Te = 2105.3
DiffEv reached_goal. cost=2.29588e-03 spread=2.42375e-06
Fitted parameter values
Free:
       pc1 = -3.92832
       pc2 = 1.78081
       pc3 = 0.588088
       pc4 = -1.0167
       pc5 = 1.80588
       pc6 = -1.93142
       pc7 = -0.409572
       pc8 = -0.224201
       pc9 = 0.169195
      pc10 = -0.468592
      pc11 = 1.10736
      pc12 = -0.504784
      pc13 = -0.195999
      pc14 = -0.218591
      pc15 = 0.111067
      pc16 = -0.0445636
      pc17 = -0.272555
      pc18 = 0.106391
Constrained:
   Tgbecnw = 87206
     Tecnw = 27922.8
       Tnw = 9453.61
       Tec = 4518.14
     twoNb = 1.02086e+07
     twoNe = 6.1473e+06
     twoNc = 3.55135e+06
     twoNw = 2.55699e+06
    twoNec = 82875.2
    twoNnw = 79571.2
  twoNecnw = 50786.8
  twoNbecnw = 4463.43
  twoNgbecnw = 274784
         m = 0.0894296
        m2 = 0.0263129
        m4 = 0.00201153
        m5 = 0.131638
        m8 = 0.110877
        Th = 6985.87
        Tb = 17454.3
        Ta = 46327.2
        Td = 2259.07
        Te = 1129.53
#       SitePat  BranchLen
              b 114726.5404497
              e 42363.9425956
              c 44204.6102246
              n 41811.7618208
              w 41786.8147448
            b:e 1168.7766297
            b:c 1308.7820698
            b:n 1007.8231358
            b:w 1006.8439102
            e:c 11484.9232997
            e:n 4386.3257413
            e:w 4406.3588757
            c:n 3894.9452702
            c:w 3894.6667525
            n:w 11684.3044116
          b:e:c 1214.0267214
          b:e:n 552.1715959
          b:e:w 552.8087497
          b:c:n 555.3816214
          b:c:w 554.6921015
          b:n:w 1254.8203467
          e:c:n 4162.8508774
          e:c:w 4168.0433367
          e:n:w 5399.1227240
          c:n:w 4654.8454994
        b:e:c:n 1089.3288149
        b:e:c:w 1090.3604066
        b:e:n:w 1823.7753420
        b:c:n:w 1585.3586744
        e:c:n:w 45628.6750364
