########################################
# legofit: estimate population history #
#       version 2.3.4-4-g53f8760       #
########################################

# Program was compiled: Sep 21 2021 14:36:42
# Program was run: Thu Oct 21 00:46:45 2021

# cmd: legofit -1 -d 0 -t 56 --ptsPerDim 3 --stateOut b1boot27.state --tol 3e-6 -S 5000 abdeh2.lgo ../../chrX/boot_chrX/boot27.opf
# Stage nOptItr nSimReps
#     0    5000        0
# algorithm          : deterministic
# ignoring probs <=  : 0
# Branch length floor: 0
# DE strategy        : 2
#    F               : 0.3
#    CR              : 0.8
#    tolerance       : 3e-06
# nthreads           : 54
# lgo input file     : abdeh2.lgo
# site pat input file: ../../chrX/boot_chrX/boot27.opf
# free parameters    : 18
# points in DE swarm : 54
# output state file  : b1boot27.state
# Including singleton site patterns.
# cost function      : KL
Initial parameter values
Fixed:
      zero = 0
       one = 1
    Tbecnw = 75200
Free:
       pc1 = 0
       pc2 = 0
       pc3 = 0
       pc4 = 0
       pc5 = 0
       pc6 = 0
       pc7 = 0
       pc8 = 0
       pc9 = 0
      pc10 = 0
      pc11 = 0
      pc12 = 0
      pc13 = 0
      pc14 = 0
      pc15 = 0
      pc16 = 0
      pc17 = 0
      pc18 = 0
Constrained:
   Tgbecnw = 99440.7
     Tecnw = 29098.6
       Tnw = 10693.8
       Tec = 8421.19
     twoNb = 4.90549e+06
     twoNe = 2.76936e+06
     twoNc = 1.64002e+06
     twoNw = 1.36846e+06
    twoNec = 65321.9
    twoNnw = 74600.8
  twoNecnw = 52712.2
  twoNbecnw = 8714.36
  twoNgbecnw = 253892
         m = 0.0992303
        m2 = 0.0270173
        m4 = 0.0027882
        m5 = 0.126785
        m8 = 0.144558
        Th = 9557.5
        Tb = 19328.1
        Ta = 47264
        Td = 4210.6
        Te = 2105.3
DiffEv reached_goal. cost=2.16848e-03 spread=1.99904e-06
Fitted parameter values
Free:
       pc1 = -3.95052
       pc2 = 1.98682
       pc3 = 1.34468
       pc4 = -0.538195
       pc5 = 1.99044
       pc6 = -0.0197274
       pc7 = -1.03166
       pc8 = -0.620919
       pc9 = 1.87018
      pc10 = 1.16176
      pc11 = 1.86017
      pc12 = 0.0972071
      pc13 = -0.97924
      pc14 = -0.0604365
      pc15 = 0.27802
      pc16 = -0.137797
      pc17 = -0.0592624
      pc18 = 0.0270572
Constrained:
   Tgbecnw = 87598.9
     Tecnw = 28661.6
       Tnw = 9851.42
       Tec = 2376.15
     twoNb = 3.99227e+06
     twoNe = 1.23784e+07
     twoNc = 1.64655e+06
     twoNw = 2.36786e+06
    twoNec = 93951.9
    twoNnw = 73837.2
  twoNecnw = 53140.3
  twoNbecnw = 4461.4
  twoNgbecnw = 304354
         m = 0.081507
        m2 = 0.0281224
        m4 = 0.00142642
        m5 = 0.120711
        m8 = 0.133382
        Th = 6113.78
        Tb = 17387.7
        Ta = 46293.9
        Td = 1188.07
        Te = 594.037
#       SitePat  BranchLen
              b 114887.0644502
              e 43187.3601533
              c 44959.1493860
              n 42131.4881085
              w 42097.0998175
            b:e 1263.4245546
            b:c 1402.0729364
            b:n 1047.9231480
            b:w 1046.5080013
            e:c 11716.0057551
            e:n 4431.5322518
            e:w 4456.1320611
            c:n 3958.9817872
            c:w 3961.5028958
            n:w 12141.3013259
          b:e:c 1301.4684015
          b:e:n 584.9244846
          b:e:w 585.6328945
          b:c:n 588.4510099
          b:c:w 587.6592607
          b:n:w 1341.7970342
          e:c:n 4055.2559630
          e:c:w 4062.5233361
          e:n:w 5514.6801508
          c:n:w 4790.2083850
        b:e:c:n 1142.9111914
        b:e:c:w 1144.4096774
        b:e:n:w 1941.1453179
        b:c:n:w 1716.8061791
        e:c:n:w 45194.7924966
