########################################
# legofit: estimate population history #
#       version 2.3.4-4-g53f8760       #
########################################

# Program was compiled: Sep 21 2021 14:36:42
# Program was run: Thu Oct 21 01:05:00 2021

# cmd: legofit -1 -d 0 -t 56 --ptsPerDim 3 --stateOut b1boot32.state --tol 3e-6 -S 5000 abdeh2.lgo ../../chrX/boot_chrX/boot32.opf
# Stage nOptItr nSimReps
#     0    5000        0
# algorithm          : deterministic
# ignoring probs <=  : 0
# Branch length floor: 0
# DE strategy        : 2
#    F               : 0.3
#    CR              : 0.8
#    tolerance       : 3e-06
# nthreads           : 54
# lgo input file     : abdeh2.lgo
# site pat input file: ../../chrX/boot_chrX/boot32.opf
# free parameters    : 18
# points in DE swarm : 54
# output state file  : b1boot32.state
# Including singleton site patterns.
# cost function      : KL
Initial parameter values
Fixed:
      zero = 0
       one = 1
    Tbecnw = 75200
Free:
       pc1 = 0
       pc2 = 0
       pc3 = 0
       pc4 = 0
       pc5 = 0
       pc6 = 0
       pc7 = 0
       pc8 = 0
       pc9 = 0
      pc10 = 0
      pc11 = 0
      pc12 = 0
      pc13 = 0
      pc14 = 0
      pc15 = 0
      pc16 = 0
      pc17 = 0
      pc18 = 0
Constrained:
   Tgbecnw = 99440.7
     Tecnw = 29098.6
       Tnw = 10693.8
       Tec = 8421.19
     twoNb = 4.90549e+06
     twoNe = 2.76936e+06
     twoNc = 1.64002e+06
     twoNw = 1.36846e+06
    twoNec = 65321.9
    twoNnw = 74600.8
  twoNecnw = 52712.2
  twoNbecnw = 8714.36
  twoNgbecnw = 253892
         m = 0.0992303
        m2 = 0.0270173
        m4 = 0.0027882
        m5 = 0.126785
        m8 = 0.144558
        Th = 9557.5
        Tb = 19328.1
        Ta = 47264
        Td = 4210.6
        Te = 2105.3
DiffEv reached_goal. cost=2.08439e-03 spread=2.84589e-06
Fitted parameter values
Free:
       pc1 = -3.83918
       pc2 = 1.56712
       pc3 = 0.728845
       pc4 = -3.47146
       pc5 = 1.70812
       pc6 = -1.52766
       pc7 = -1.20247
       pc8 = 1.46573
       pc9 = 1.92717
      pc10 = 0.315491
      pc11 = 1.23518
      pc12 = -0.77515
      pc13 = 0.0408244
      pc14 = 0.0274112
      pc15 = 0.251074
      pc16 = -0.220152
      pc17 = 0.0409213
      pc18 = 0.0280908
Constrained:
   Tgbecnw = 91478.9
     Tecnw = 29166.3
       Tnw = 10724.5
       Tec = 1381.82
     twoNb = 1.68747e+07
     twoNe = 1.09237e+07
     twoNc = 4.29541e+06
     twoNw = 2.84053e+06
    twoNec = 105261
    twoNnw = 74457.3
  twoNecnw = 49363.5
  twoNbecnw = 6100.34
  twoNgbecnw = 260921
         m = 0.0923985
        m2 = 0.0249133
        m4 = 0.00191363
        m5 = 0.132781
        m8 = 0.11668
        Th = 6053.14
        Tb = 17609.7
        Ta = 46404.9
        Td = 690.908
        Te = 345.454
#       SitePat  BranchLen
              b 115438.8570465
              e 42970.5932953
              c 44865.3224363
              n 42229.5369553
              w 42196.3087974
            b:e 1192.6137280
            b:c 1338.1876637
            b:n 1002.7459806
            b:w 1001.4318383
            e:c 11483.4982514
            e:n 4363.3264210
            e:w 4387.7242289
            c:n 3862.9878928
            c:w 3864.8127347
            n:w 11741.6782306
          b:e:c 1221.8644333
          b:e:n 557.2540502
          b:e:w 557.9562179
          b:c:n 560.3823950
          b:c:w 559.6160426
          b:n:w 1258.6254519
          e:c:n 4077.9224676
          e:c:w 4084.9279757
          e:n:w 5524.8986659
          c:n:w 4741.3721625
        b:e:c:n 1077.6724031
        b:e:c:w 1079.0507300
        b:e:n:w 1819.2147189
        b:c:n:w 1580.8999576
        e:c:n:w 45847.8552492
