########################################
# legofit: estimate population history #
#       version 2.3.4-4-g53f8760       #
########################################

# Program was compiled: Sep 21 2021 14:36:42
# Program was run: Thu Oct 21 01:17:13 2021

# cmd: legofit -1 -d 0 -t 56 --ptsPerDim 3 --stateOut b1boot46.state --tol 3e-6 -S 5000 abdeh2.lgo ../../chrX/boot_chrX/boot46.opf
# Stage nOptItr nSimReps
#     0    5000        0
# algorithm          : deterministic
# ignoring probs <=  : 0
# Branch length floor: 0
# DE strategy        : 2
#    F               : 0.3
#    CR              : 0.8
#    tolerance       : 3e-06
# nthreads           : 54
# lgo input file     : abdeh2.lgo
# site pat input file: ../../chrX/boot_chrX/boot46.opf
# free parameters    : 18
# points in DE swarm : 54
# output state file  : b1boot46.state
# Including singleton site patterns.
# cost function      : KL
Initial parameter values
Fixed:
      zero = 0
       one = 1
    Tbecnw = 75200
Free:
       pc1 = 0
       pc2 = 0
       pc3 = 0
       pc4 = 0
       pc5 = 0
       pc6 = 0
       pc7 = 0
       pc8 = 0
       pc9 = 0
      pc10 = 0
      pc11 = 0
      pc12 = 0
      pc13 = 0
      pc14 = 0
      pc15 = 0
      pc16 = 0
      pc17 = 0
      pc18 = 0
Constrained:
   Tgbecnw = 99440.7
     Tecnw = 29098.6
       Tnw = 10693.8
       Tec = 8421.19
     twoNb = 4.90549e+06
     twoNe = 2.76936e+06
     twoNc = 1.64002e+06
     twoNw = 1.36846e+06
    twoNec = 65321.9
    twoNnw = 74600.8
  twoNecnw = 52712.2
  twoNbecnw = 8714.36
  twoNgbecnw = 253892
         m = 0.0992303
        m2 = 0.0270173
        m4 = 0.0027882
        m5 = 0.126785
        m8 = 0.144558
        Th = 9557.5
        Tb = 19328.1
        Ta = 47264
        Td = 4210.6
        Te = 2105.3
DiffEv reached_goal. cost=2.17759e-03 spread=2.94813e-06
Fitted parameter values
Free:
       pc1 = -3.97631
       pc2 = 1.23136
       pc3 = 1.32239
       pc4 = -2.88727
       pc5 = 0.733608
       pc6 = -1.92279
       pc7 = -1.35473
       pc8 = -0.260775
       pc9 = 0.948185
      pc10 = -0.716986
      pc11 = 1.42545
      pc12 = -1.24999
      pc13 = -0.592515
      pc14 = -0.406333
      pc15 = 0.0404751
      pc16 = -0.0537637
      pc17 = 0.0272653
      pc18 = 0.0625121
Constrained:
   Tgbecnw = 89483
     Tecnw = 28630.5
       Tnw = 9329.79
       Tec = 3656.25
     twoNb = 1.3101e+07
     twoNe = 1.29315e+07
     twoNc = 2.27829e+06
     twoNw = 2.88825e+06
    twoNec = 92526.6
    twoNnw = 82819.4
  twoNecnw = 50853.8
  twoNbecnw = 5462.72
  twoNgbecnw = 248341
         m = 0.0980678
        m2 = 0.0251761
        m4 = 0.00125653
        m5 = 0.138218
        m8 = 0.117883
        Th = 6493.02
        Tb = 17561.8
        Ta = 46380.9
        Td = 1828.13
        Te = 914.063
#       SitePat  BranchLen
              b 114945.7183642
              e 43003.8153042
              c 44891.5549765
              n 42255.5511279
              w 42230.6130863
            b:e 1187.6546252
            b:c 1327.3569393
            b:n 1015.5322109
            b:w 1014.5553399
            e:c 11272.0507911
            e:n 4476.7993528
            e:w 4496.3147117
            c:n 3961.1319860
            c:w 3961.4005951
            n:w 11649.9843360
          b:e:c 1209.1730415
          b:e:n 565.8763530
          b:e:w 566.4780535
          b:c:n 568.9381180
          b:c:w 568.2858864
          b:n:w 1244.5297577
          e:c:n 4135.1544676
          e:c:w 4140.3085410
          e:n:w 5459.7758342
          c:n:w 4700.0706866
        b:e:c:n 1095.6567301
        b:e:c:w 1096.6841321
        b:e:n:w 1798.7661591
        b:c:n:w 1576.7411645
        e:c:n:w 45277.4389761
