########################################
# legofit: estimate population history #
#       version 2.3.4-4-g53f8760       #
########################################

# Program was compiled: Sep 21 2021 14:36:42
# Program was run: Thu Oct 21 00:25:21 2021

# cmd: legofit -1 -d 0 -t 56 --ptsPerDim 3 --stateOut b1boot18.state --tol 3e-6 -S 5000 abdeh2.lgo ../../chrX/boot_chrX/boot18.opf
# Stage nOptItr nSimReps
#     0    5000        0
# algorithm          : deterministic
# ignoring probs <=  : 0
# Branch length floor: 0
# DE strategy        : 2
#    F               : 0.3
#    CR              : 0.8
#    tolerance       : 3e-06
# nthreads           : 54
# lgo input file     : abdeh2.lgo
# site pat input file: ../../chrX/boot_chrX/boot18.opf
# free parameters    : 18
# points in DE swarm : 54
# output state file  : b1boot18.state
# Including singleton site patterns.
# cost function      : KL
Initial parameter values
Fixed:
      zero = 0
       one = 1
    Tbecnw = 75200
Free:
       pc1 = 0
       pc2 = 0
       pc3 = 0
       pc4 = 0
       pc5 = 0
       pc6 = 0
       pc7 = 0
       pc8 = 0
       pc9 = 0
      pc10 = 0
      pc11 = 0
      pc12 = 0
      pc13 = 0
      pc14 = 0
      pc15 = 0
      pc16 = 0
      pc17 = 0
      pc18 = 0
Constrained:
   Tgbecnw = 99440.7
     Tecnw = 29098.6
       Tnw = 10693.8
       Tec = 8421.19
     twoNb = 4.90549e+06
     twoNe = 2.76936e+06
     twoNc = 1.64002e+06
     twoNw = 1.36846e+06
    twoNec = 65321.9
    twoNnw = 74600.8
  twoNecnw = 52712.2
  twoNbecnw = 8714.36
  twoNgbecnw = 253892
         m = 0.0992303
        m2 = 0.0270173
        m4 = 0.0027882
        m5 = 0.126785
        m8 = 0.144558
        Th = 9557.5
        Tb = 19328.1
        Ta = 47264
        Td = 4210.6
        Te = 2105.3
DiffEv reached_goal. cost=2.31635e-03 spread=2.37974e-06
Fitted parameter values
Free:
       pc1 = -3.87153
       pc2 = 1.3587
       pc3 = 1.75841
       pc4 = -3.59841
       pc5 = 1.82429
       pc6 = -1.91786
       pc7 = -0.824165
       pc8 = -0.419443
       pc9 = 1.79958
      pc10 = -1.14875
      pc11 = -0.0703938
      pc12 = 0.174082
      pc13 = 0.0216906
      pc14 = -0.751691
      pc15 = 0.170448
      pc16 = 0.138978
      pc17 = -0.0108427
      pc18 = 0.136111
Constrained:
   Tgbecnw = 87960.5
     Tecnw = 28406.7
       Tnw = 10524.1
       Tec = 1925.17
     twoNb = 1.26623e+07
     twoNe = 6.99195e+06
     twoNc = 719719
     twoNw = 3.10697e+06
    twoNec = 102781
    twoNnw = 76854.7
  twoNecnw = 50601.5
  twoNbecnw = 4974.08
  twoNgbecnw = 242890
         m = 0.102688
        m2 = 0.0275499
        m4 = 0.00194266
        m5 = 0.147453
        m8 = 0.127065
        Th = 6224.65
        Tb = 17315.7
        Ta = 46257.8
        Td = 962.584
        Te = 481.292
#       SitePat  BranchLen
              b 115326.5236467
              e 42879.2599752
              c 44883.3943429
              n 42095.6098246
              w 42063.8820277
            b:e 1206.4382340
            b:c 1363.0841643
            b:n 1007.8994304
            b:w 1006.6331715
            e:c 11059.1959974
            e:n 4533.9422148
            e:w 4557.5384099
            c:n 4001.2914705
            c:w 4002.6415593
            n:w 11386.5602537
          b:e:c 1190.9378862
          b:e:n 571.9490256
          b:e:w 572.6465670
          b:c:n 575.3795372
          b:c:w 574.6168493
          b:n:w 1228.2004212
          e:c:n 4110.7278204
          e:c:w 4117.5093333
          e:n:w 5577.5171958
          c:n:w 4759.0677384
        b:e:c:n 1087.6882876
        b:e:c:w 1089.0196930
        b:e:n:w 1878.7217373
        b:c:n:w 1618.5376403
        e:c:n:w 45865.1841550
