########################################
# legofit: estimate population history #
#       version 2.3.4-4-g53f8760       #
########################################

# Program was compiled: Sep 21 2021 14:36:42
# Program was run: Wed Sep 22 15:21:55 2021

# cmd: legofit -1 -d 0 -t 32 --ptsPerDim 3 --stateOut b1boot31.state --tol 3e-6 -S 5000 bcd2.lgo ../../boot/boot31.opf
# Stage nOptItr nSimReps
#     0    5000        0
# algorithm          : deterministic
# ignoring probs <=  : 0
# Branch length floor: 0
# DE strategy        : 2
#    F               : 0.3
#    CR              : 0.8
#    tolerance       : 3e-06
# nthreads           : 32
# lgo input file     : bcd2.lgo
# site pat input file: ../../boot/boot31.opf
# free parameters    : 14
# points in DE swarm : 42
# output state file  : b1boot31.state
# Including singleton site patterns.
# cost function      : KL
Initial parameter values
Fixed:
      zero = 0
       one = 1
    Tbecnw = 75200
Free:
       pc1 = 0
       pc2 = 0
       pc3 = 0
       pc4 = 0
       pc5 = 0
       pc6 = 0
       pc7 = 0
       pc8 = 0
       pc9 = 0
      pc10 = 0
      pc11 = 0
      pc12 = 0
      pc13 = 0
      pc14 = 0
Constrained:
     Tecnw = 40361.3
       Tnw = 6323.85
       Tec = 5524.88
     twoNb = 1.40901e+06
     twoNe = 58559.7
     twoNc = 298246
     twoNn = 208697
    twoNec = 311088
    twoNnw = 107675
  twoNecnw = 30486.7
  twoNbecnw = 77076.1
        m2 = 0.000972382
        m3 = 0.301363
        m4 = 0.0195514
        Tb = 22943.1
        Tc = 3161.92
        Td = 1580.96
DiffEv reached_goal. cost=2.82344e-03 spread=2.64325e-06
Fitted parameter values
Free:
       pc1 = 3.98653
       pc2 = -0.946274
       pc3 = -1.99339
       pc4 = 0.573344
       pc5 = 1.71875
       pc6 = 1.02079
       pc7 = 0.593625
       pc8 = -0.0444917
       pc9 = 0.890464
      pc10 = -0.478754
      pc11 = -0.393965
      pc12 = -0.0486375
      pc13 = 0.0217902
      pc14 = -0.034374
Constrained:
     Tecnw = 40642.3
       Tnw = 754.41
       Tec = 980.307
     twoNb = 2.99381e+06
     twoNe = 21061.8
     twoNc = 225519
     twoNn = 48653.4
    twoNec = 353896
    twoNnw = 132469
  twoNecnw = 30058.2
  twoNbecnw = 77135.4
        m2 = 0.00226565
        m3 = 0.307335
        m4 = 0.0225288
        Tb = 20811.3
        Tc = 377.205
        Td = 188.602
#       SitePat  BranchLen
              b 138043.3274252
              e 54014.4410306
              c 55783.9462831
              n 48999.4820859
              w 52168.1815312
            b:e 2441.2564977
            b:c 2918.6667635
            b:n 1972.2680707
            b:w 2254.3027050
            e:c 10857.2929901
            e:n 6107.6021515
            e:w 4723.1398555
            c:n 5393.4226174
            c:w 4665.6959667
            n:w 13759.3734144
          b:e:c 2241.7481755
          b:e:n 1247.2091474
          b:e:w 1212.4102122
          b:c:n 1214.2768811
          b:c:w 1249.0399330
          b:n:w 2238.6130437
          e:c:n 6596.4584406
          e:c:w 5541.2568251
          e:n:w 8048.5831109
          c:n:w 6986.8025162
        b:e:c:n 2256.5985635
        b:e:c:w 1973.2909292
        b:e:n:w 2857.8068418
        b:c:n:w 2440.5978867
        e:c:n:w 56442.3183045
