########################################
# legofit: estimate population history #
#       version 2.3.4-4-g53f8760       #
########################################

# Program was compiled: Sep 21 2021 14:36:42
# Program was run: Wed Sep 22 15:21:47 2021

# cmd: legofit -1 -d 0 -t 32 --ptsPerDim 3 --stateOut b1boot24.state --tol 3e-6 -S 5000 bcd2.lgo ../../boot/boot24.opf
# Stage nOptItr nSimReps
#     0    5000        0
# algorithm          : deterministic
# ignoring probs <=  : 0
# Branch length floor: 0
# DE strategy        : 2
#    F               : 0.3
#    CR              : 0.8
#    tolerance       : 3e-06
# nthreads           : 32
# lgo input file     : bcd2.lgo
# site pat input file: ../../boot/boot24.opf
# free parameters    : 14
# points in DE swarm : 42
# output state file  : b1boot24.state
# Including singleton site patterns.
# cost function      : KL
Initial parameter values
Fixed:
      zero = 0
       one = 1
    Tbecnw = 75200
Free:
       pc1 = 0
       pc2 = 0
       pc3 = 0
       pc4 = 0
       pc5 = 0
       pc6 = 0
       pc7 = 0
       pc8 = 0
       pc9 = 0
      pc10 = 0
      pc11 = 0
      pc12 = 0
      pc13 = 0
      pc14 = 0
Constrained:
     Tecnw = 40361.3
       Tnw = 6323.85
       Tec = 5524.88
     twoNb = 1.40901e+06
     twoNe = 58559.7
     twoNc = 298246
     twoNn = 208697
    twoNec = 311088
    twoNnw = 107675
  twoNecnw = 30486.7
  twoNbecnw = 77076.1
        m2 = 0.000972382
        m3 = 0.301363
        m4 = 0.0195514
        Tb = 22943.1
        Tc = 3161.92
        Td = 1580.96
DiffEv reached_goal. cost=2.86226e-03 spread=2.08313e-06
Fitted parameter values
Free:
       pc1 = 3.98779
       pc2 = -0.494692
       pc3 = -1.99153
       pc4 = 0.288656
       pc5 = 1.99815
       pc6 = 0.783006
       pc7 = 0.70784
       pc8 = 0.13305
       pc9 = 0.435334
      pc10 = 0.203216
      pc11 = -0.438561
      pc12 = -0.132629
      pc13 = 0.137639
      pc14 = -0.115065
Constrained:
     Tecnw = 40815.4
       Tnw = 1017.71
       Tec = 1225.21
     twoNb = 2.83276e+06
     twoNe = 22684.2
     twoNc = 148086
     twoNn = 109531
    twoNec = 343157
    twoNnw = 133814
  twoNecnw = 29811.9
  twoNbecnw = 76908.2
        m2 = 0.00262706
        m3 = 0.302269
        m4 = 0.0229673
        Tb = 21020.3
        Tc = 508.857
        Td = 254.429
#       SitePat  BranchLen
              b 137891.1586995
              e 53946.7178408
              c 55775.2098520
              n 49078.7473891
              w 52294.1175550
            b:e 2421.0655063
            b:c 2911.4515520
            b:n 1962.7596469
            b:w 2246.4872620
            e:c 10883.1479875
            e:n 6106.0892875
            e:w 4680.8843253
            c:n 5348.4750071
            c:w 4628.7099509
            n:w 13681.1225260
          b:e:c 2231.6714353
          b:e:n 1238.1890553
          b:e:w 1200.9522804
          b:c:n 1202.9595949
          b:c:w 1240.1291281
          b:n:w 2228.2369954
          e:c:n 6588.5951717
          e:c:w 5519.7607959
          e:n:w 8013.0548654
          c:n:w 6925.7803238
        b:e:c:n 2248.9936224
        b:e:c:w 1963.7674774
        b:e:n:w 2845.6484136
        b:c:n:w 2419.8861657
        e:c:n:w 56364.8187703
