########################################
# legofit: estimate population history #
#       version 2.3.4-4-g53f8760       #
########################################

# Program was compiled: Sep 21 2021 14:36:42
# Program was run: Wed Sep 22 15:22:03 2021

# cmd: legofit -1 -d 0 -t 32 --ptsPerDim 3 --stateOut b1boot34.state --tol 3e-6 -S 5000 bcd2.lgo ../../boot/boot34.opf
# Stage nOptItr nSimReps
#     0    5000        0
# algorithm          : deterministic
# ignoring probs <=  : 0
# Branch length floor: 0
# DE strategy        : 2
#    F               : 0.3
#    CR              : 0.8
#    tolerance       : 3e-06
# nthreads           : 32
# lgo input file     : bcd2.lgo
# site pat input file: ../../boot/boot34.opf
# free parameters    : 14
# points in DE swarm : 42
# output state file  : b1boot34.state
# Including singleton site patterns.
# cost function      : KL
Initial parameter values
Fixed:
      zero = 0
       one = 1
    Tbecnw = 75200
Free:
       pc1 = 0
       pc2 = 0
       pc3 = 0
       pc4 = 0
       pc5 = 0
       pc6 = 0
       pc7 = 0
       pc8 = 0
       pc9 = 0
      pc10 = 0
      pc11 = 0
      pc12 = 0
      pc13 = 0
      pc14 = 0
Constrained:
     Tecnw = 40361.3
       Tnw = 6323.85
       Tec = 5524.88
     twoNb = 1.40901e+06
     twoNe = 58559.7
     twoNc = 298246
     twoNn = 208697
    twoNec = 311088
    twoNnw = 107675
  twoNecnw = 30486.7
  twoNbecnw = 77076.1
        m2 = 0.000972382
        m3 = 0.301363
        m4 = 0.0195514
        Tb = 22943.1
        Tc = 3161.92
        Td = 1580.96
DiffEv reached_goal. cost=2.80229e-03 spread=2.78713e-06
Fitted parameter values
Free:
       pc1 = 3.99089
       pc2 = -0.997565
       pc3 = -1.97031
       pc4 = 0.193081
       pc5 = 1.98798
       pc6 = 1.25266
       pc7 = 0.619684
       pc8 = 1.30725
       pc9 = 0.356089
      pc10 = -0.0626614
      pc11 = -0.297467
      pc12 = 0.0762622
      pc13 = 0.0742814
      pc14 = 0.00944695
Constrained:
     Tecnw = 40618.6
       Tnw = 819.577
       Tec = 1223.84
     twoNb = 2.87464e+06
     twoNe = 32186.4
     twoNc = 287274
     twoNn = 28801.8
    twoNec = 342762
    twoNnw = 129955
  twoNecnw = 29850
  twoNbecnw = 76858
        m2 = 0.00346522
        m3 = 0.315681
        m4 = 0.0236256
        Tb = 20921.2
        Tc = 409.789
        Td = 204.894
#       SitePat  BranchLen
              b 137876.1382144
              e 53881.4910305
              c 55662.0503308
              n 48846.9679199
              w 52064.6596544
            b:e 2426.1554079
            b:c 2923.7183752
            b:n 1949.4749123
            b:w 2231.4519024
            e:c 10839.7086668
            e:n 6059.5993594
            e:w 4687.1595777
            c:n 5384.7242479
            c:w 4613.1125646
            n:w 13721.7334352
          b:e:c 2219.8582237
          b:e:n 1229.1761737
          b:e:w 1197.3190354
          b:c:n 1199.3841854
          b:c:w 1231.0871264
          b:n:w 2216.1976293
          e:c:n 6568.4158245
          e:c:w 5496.9052171
          e:n:w 8057.6048499
          c:n:w 6956.4554714
        b:e:c:n 2234.1000363
        b:e:c:w 1950.1475812
        b:e:n:w 2855.8338061
        b:c:n:w 2423.8069392
        e:c:n:w 56460.3747584
