########################################
# legofit: estimate population history #
#       version 2.3.4-4-g53f8760       #
########################################

# Program was compiled: Sep 21 2021 14:36:42
# Program was run: Wed Sep 22 15:20:48 2021

# cmd: legofit -1 -d 0 -t 32 --ptsPerDim 3 --stateOut b1boot3.state --tol 3e-6 -S 5000 bcd2.lgo ../../boot/boot3.opf
# Stage nOptItr nSimReps
#     0    5000        0
# algorithm          : deterministic
# ignoring probs <=  : 0
# Branch length floor: 0
# DE strategy        : 2
#    F               : 0.3
#    CR              : 0.8
#    tolerance       : 3e-06
# nthreads           : 32
# lgo input file     : bcd2.lgo
# site pat input file: ../../boot/boot3.opf
# free parameters    : 14
# points in DE swarm : 42
# output state file  : b1boot3.state
# Including singleton site patterns.
# cost function      : KL
Initial parameter values
Fixed:
      zero = 0
       one = 1
    Tbecnw = 75200
Free:
       pc1 = 0
       pc2 = 0
       pc3 = 0
       pc4 = 0
       pc5 = 0
       pc6 = 0
       pc7 = 0
       pc8 = 0
       pc9 = 0
      pc10 = 0
      pc11 = 0
      pc12 = 0
      pc13 = 0
      pc14 = 0
Constrained:
     Tecnw = 40361.3
       Tnw = 6323.85
       Tec = 5524.88
     twoNb = 1.40901e+06
     twoNe = 58559.7
     twoNc = 298246
     twoNn = 208697
    twoNec = 311088
    twoNnw = 107675
  twoNecnw = 30486.7
  twoNbecnw = 77076.1
        m2 = 0.000972382
        m3 = 0.301363
        m4 = 0.0195514
        Tb = 22943.1
        Tc = 3161.92
        Td = 1580.96
DiffEv reached_goal. cost=2.84041e-03 spread=2.95622e-06
Fitted parameter values
Free:
       pc1 = 3.96538
       pc2 = -1.23497
       pc3 = -1.98369
       pc4 = 0.0403637
       pc5 = 1.81636
       pc6 = 1.5868
       pc7 = -0.220996
       pc8 = -0.17212
       pc9 = 0.54093
      pc10 = -0.14596
      pc11 = -0.514831
      pc12 = -0.175758
      pc13 = 0.202221
      pc14 = -0.119686
Constrained:
     Tecnw = 40794.1
       Tnw = 1648.28
       Tec = 1331.53
     twoNb = 3.30955e+06
     twoNe = 16226.4
     twoNc = 395424
     twoNn = 57852.6
    twoNec = 342118
    twoNnw = 132014
  twoNecnw = 29948.3
  twoNbecnw = 77340.2
        m2 = 0.00263152
        m3 = 0.299194
        m4 = 0.02268
        Tb = 21062.8
        Tc = 824.138
        Td = 412.069
#       SitePat  BranchLen
              b 138194.7049074
              e 54046.8818834
              c 55857.2700307
              n 49220.7913675
              w 52401.4261772
            b:e 2446.4972953
            b:c 2925.0090877
            b:n 1983.8211195
            b:w 2267.4004666
            e:c 10941.2202305
            e:n 6111.1086672
            e:w 4707.0932022
            c:n 5367.8120211
            c:w 4655.0153361
            n:w 13694.5819990
          b:e:c 2256.3426649
          b:e:n 1249.6914890
          b:e:w 1212.8315671
          b:c:n 1214.5453661
          b:c:w 1251.3463136
          b:n:w 2253.4018174
          e:c:n 6620.2856242
          e:c:w 5557.7976625
          e:n:w 8046.0612295
          c:n:w 6972.9338709
        b:e:c:n 2269.5428010
        b:e:c:w 1984.6877304
        b:e:n:w 2869.2313672
        b:c:n:w 2445.4646748
        e:c:n:w 56505.2452537
