########################################
# legofit: estimate population history #
#       version 2.3.4-4-g53f8760       #
########################################

# Program was compiled: Sep 21 2021 14:36:42
# Program was run: Wed Sep 22 15:22:04 2021

# cmd: legofit -1 -d 0 -t 32 --ptsPerDim 3 --stateOut b1boot36.state --tol 3e-6 -S 5000 bcd2.lgo ../../boot/boot36.opf
# Stage nOptItr nSimReps
#     0    5000        0
# algorithm          : deterministic
# ignoring probs <=  : 0
# Branch length floor: 0
# DE strategy        : 2
#    F               : 0.3
#    CR              : 0.8
#    tolerance       : 3e-06
# nthreads           : 32
# lgo input file     : bcd2.lgo
# site pat input file: ../../boot/boot36.opf
# free parameters    : 14
# points in DE swarm : 42
# output state file  : b1boot36.state
# Including singleton site patterns.
# cost function      : KL
Initial parameter values
Fixed:
      zero = 0
       one = 1
    Tbecnw = 75200
Free:
       pc1 = 0
       pc2 = 0
       pc3 = 0
       pc4 = 0
       pc5 = 0
       pc6 = 0
       pc7 = 0
       pc8 = 0
       pc9 = 0
      pc10 = 0
      pc11 = 0
      pc12 = 0
      pc13 = 0
      pc14 = 0
Constrained:
     Tecnw = 40361.3
       Tnw = 6323.85
       Tec = 5524.88
     twoNb = 1.40901e+06
     twoNe = 58559.7
     twoNc = 298246
     twoNn = 208697
    twoNec = 311088
    twoNnw = 107675
  twoNecnw = 30486.7
  twoNbecnw = 77076.1
        m2 = 0.000972382
        m3 = 0.301363
        m4 = 0.0195514
        Tb = 22943.1
        Tc = 3161.92
        Td = 1580.96
DiffEv reached_goal. cost=2.87171e-03 spread=2.49372e-06
Fitted parameter values
Free:
       pc1 = 3.9667
       pc2 = 0.10765
       pc3 = -1.94852
       pc4 = -0.397105
       pc5 = 1.96936
       pc6 = 0.353309
       pc7 = 1.36692
       pc8 = 1.07375
       pc9 = 0.710094
      pc10 = 0.0338019
      pc11 = -0.200312
      pc12 = -0.0338997
      pc13 = 0.136964
      pc14 = -0.101422
Constrained:
     Tecnw = 40757.2
       Tnw = 282.152
       Tec = 1399.24
     twoNb = 2.75019e+06
     twoNe = 53079.6
     twoNc = 7850.14
     twoNn = 195046
    twoNec = 339788
    twoNnw = 133893
  twoNecnw = 29789
  twoNbecnw = 76724.5
        m2 = 0.0029885
        m3 = 0.316771
        m4 = 0.0233687
        Tb = 21078.2
        Tc = 141.076
        Td = 70.5379
#       SitePat  BranchLen
              b 137755.5832922
              e 53933.2866712
              c 55667.6031925
              n 48981.6992976
              w 52208.5131676
            b:e 2414.7197952
            b:c 2906.9335727
            b:n 1954.6995948
            b:w 2240.6116148
            e:c 10841.2444470
            e:n 6046.1243424
            e:w 4690.1772290
            c:n 5399.4916292
            c:w 4612.1199655
            n:w 13676.9558342
          b:e:c 2215.9639399
          b:e:n 1230.6462098
          b:e:w 1200.5408453
          b:c:n 1202.6640694
          b:c:w 1232.6594442
          b:n:w 2212.2993080
          e:c:n 6589.2718687
          e:c:w 5507.6930131
          e:n:w 7999.9535441
          c:n:w 6918.3876480
        b:e:c:n 2243.2872071
        b:e:c:w 1955.5689397
        b:e:n:w 2837.4083836
        b:c:n:w 2412.9974991
        e:c:n:w 56310.6972796
