########################################
# legofit: estimate population history #
#       version 2.3.4-4-g53f8760       #
########################################

# Program was compiled: Sep 21 2021 14:36:42
# Program was run: Wed Sep 22 15:20:54 2021

# cmd: legofit -1 -d 0 -t 32 --ptsPerDim 3 --stateOut b1boot12.state --tol 3e-6 -S 5000 bcd2.lgo ../../boot/boot12.opf
# Stage nOptItr nSimReps
#     0    5000        0
# algorithm          : deterministic
# ignoring probs <=  : 0
# Branch length floor: 0
# DE strategy        : 2
#    F               : 0.3
#    CR              : 0.8
#    tolerance       : 3e-06
# nthreads           : 32
# lgo input file     : bcd2.lgo
# site pat input file: ../../boot/boot12.opf
# free parameters    : 14
# points in DE swarm : 42
# output state file  : b1boot12.state
# Including singleton site patterns.
# cost function      : KL
Initial parameter values
Fixed:
      zero = 0
       one = 1
    Tbecnw = 75200
Free:
       pc1 = 0
       pc2 = 0
       pc3 = 0
       pc4 = 0
       pc5 = 0
       pc6 = 0
       pc7 = 0
       pc8 = 0
       pc9 = 0
      pc10 = 0
      pc11 = 0
      pc12 = 0
      pc13 = 0
      pc14 = 0
Constrained:
     Tecnw = 40361.3
       Tnw = 6323.85
       Tec = 5524.88
     twoNb = 1.40901e+06
     twoNe = 58559.7
     twoNc = 298246
     twoNn = 208697
    twoNec = 311088
    twoNnw = 107675
  twoNecnw = 30486.7
  twoNbecnw = 77076.1
        m2 = 0.000972382
        m3 = 0.301363
        m4 = 0.0195514
        Tb = 22943.1
        Tc = 3161.92
        Td = 1580.96
DiffEv reached_goal. cost=2.82339e-03 spread=2.70802e-06
Fitted parameter values
Free:
       pc1 = 3.97121
       pc2 = -0.231725
       pc3 = -1.90225
       pc4 = -0.532461
       pc5 = 1.93276
       pc6 = 1.29485
       pc7 = 1.59434
       pc8 = 1.5646
       pc9 = 1.21087
      pc10 = -0.194078
      pc11 = -0.158309
      pc12 = -0.133233
      pc13 = 0.154701
      pc14 = -0.0748285
Constrained:
     Tecnw = 40762.1
       Tnw = 139.677
       Tec = 1443.19
     twoNb = 3.1957e+06
     twoNe = 63375.7
     twoNc = 49652.3
     twoNn = 43171.5
    twoNec = 339196
    twoNnw = 132044
  twoNecnw = 29910.4
  twoNbecnw = 76774.7
        m2 = 0.00326208
        m3 = 0.327209
        m4 = 0.0231586
        Tb = 21102.6
        Tc = 69.8387
        Td = 34.9193
#       SitePat  BranchLen
              b 137737.0706269
              e 54002.3575140
              c 55708.1425629
              n 48971.7403753
              w 52270.9962191
            b:e 2431.6710688
            b:c 2910.4212901
            b:n 1962.9849922
            b:w 2256.5952110
            e:c 10856.2329237
            e:n 6073.3977980
            e:w 4707.9775865
            c:n 5450.5520415
            c:w 4627.2218460
            n:w 13714.8571145
          b:e:c 2225.1155266
          b:e:n 1237.7800790
          b:e:w 1208.8978384
          b:c:n 1210.7381757
          b:c:w 1239.4956043
          b:n:w 2221.9052035
          e:c:n 6622.4886003
          e:c:w 5513.8447066
          e:n:w 8010.7862743
          c:n:w 6947.0908173
        b:e:c:n 2258.9421082
        b:e:c:w 1963.5951584
        b:e:n:w 2850.6177817
        b:c:n:w 2429.8236029
        e:c:n:w 56181.9493034
