########################################
# legofit: estimate population history #
#       version 2.3.4-4-g53f8760       #
########################################

# Program was compiled: Sep 21 2021 14:36:42
# Program was run: Wed Sep 22 15:20:54 2021

# cmd: legofit -1 -d 0 -t 32 --ptsPerDim 3 --stateOut b1boot10.state --tol 3e-6 -S 5000 bcd2.lgo ../../boot/boot10.opf
# Stage nOptItr nSimReps
#     0    5000        0
# algorithm          : deterministic
# ignoring probs <=  : 0
# Branch length floor: 0
# DE strategy        : 2
#    F               : 0.3
#    CR              : 0.8
#    tolerance       : 3e-06
# nthreads           : 32
# lgo input file     : bcd2.lgo
# site pat input file: ../../boot/boot10.opf
# free parameters    : 14
# points in DE swarm : 42
# output state file  : b1boot10.state
# Including singleton site patterns.
# cost function      : KL
Initial parameter values
Fixed:
      zero = 0
       one = 1
    Tbecnw = 75200
Free:
       pc1 = 0
       pc2 = 0
       pc3 = 0
       pc4 = 0
       pc5 = 0
       pc6 = 0
       pc7 = 0
       pc8 = 0
       pc9 = 0
      pc10 = 0
      pc11 = 0
      pc12 = 0
      pc13 = 0
      pc14 = 0
Constrained:
     Tecnw = 40361.3
       Tnw = 6323.85
       Tec = 5524.88
     twoNb = 1.40901e+06
     twoNe = 58559.7
     twoNc = 298246
     twoNn = 208697
    twoNec = 311088
    twoNnw = 107675
  twoNecnw = 30486.7
  twoNbecnw = 77076.1
        m2 = 0.000972382
        m3 = 0.301363
        m4 = 0.0195514
        Tb = 22943.1
        Tc = 3161.92
        Td = 1580.96
DiffEv reached_goal. cost=2.83420e-03 spread=2.78558e-06
Fitted parameter values
Free:
       pc1 = 3.95847
       pc2 = -1.12782
       pc3 = -1.97933
       pc4 = -0.138024
       pc5 = 1.9841
       pc6 = 1.5722
       pc7 = 0.0308429
       pc8 = 0.857476
       pc9 = 0.285654
      pc10 = -0.382916
      pc11 = -0.442914
      pc12 = 0.126196
      pc13 = 0.194871
      pc14 = -0.0416421
Constrained:
     Tecnw = 40570.5
       Tnw = 1076.27
       Tec = 1320.2
     twoNb = 3.12274e+06
     twoNe = 29342.3
     twoNc = 380247
     twoNn = 50623
    twoNec = 338759
    twoNnw = 131018
  twoNecnw = 29925
  twoNbecnw = 77238
        m2 = 0.00340543
        m3 = 0.308807
        m4 = 0.023432
        Tb = 20945.4
        Tc = 538.134
        Td = 269.067
#       SitePat  BranchLen
              b 138179.0409699
              e 53863.7105352
              c 55654.5957650
              n 48932.6580434
              w 52124.4757479
            b:e 2436.7566428
            b:c 2929.3013230
            b:n 1965.5746555
            b:w 2247.1557512
            e:c 10900.9888288
            e:n 6072.3536940
            e:w 4703.0089708
            c:n 5386.0618273
            c:w 4632.7733194
            n:w 13713.2359407
          b:e:c 2235.2321709
          b:e:n 1236.7150895
          b:e:w 1203.8964813
          b:c:n 1205.7912978
          b:c:w 1238.4754639
          b:n:w 2231.8744271
          e:c:n 6601.9396206
          e:c:w 5534.6469559
          e:n:w 8072.6565630
          c:n:w 6974.6338452
        b:e:c:n 2249.5837834
        b:e:c:w 1966.2453211
        b:e:n:w 2867.1907348
        b:c:n:w 2434.6558697
        e:c:n:w 56682.5645899
