########################################
# legofit: estimate population history #
#       version 2.3.4-4-g53f8760       #
########################################

# Program was compiled: Sep 21 2021 14:36:42
# Program was run: Wed Sep 22 15:20:48 2021

# cmd: legofit -1 -d 0 -t 32 --ptsPerDim 3 --stateOut b1boot4.state --tol 3e-6 -S 5000 bcd2.lgo ../../boot/boot4.opf
# Stage nOptItr nSimReps
#     0    5000        0
# algorithm          : deterministic
# ignoring probs <=  : 0
# Branch length floor: 0
# DE strategy        : 2
#    F               : 0.3
#    CR              : 0.8
#    tolerance       : 3e-06
# nthreads           : 32
# lgo input file     : bcd2.lgo
# site pat input file: ../../boot/boot4.opf
# free parameters    : 14
# points in DE swarm : 42
# output state file  : b1boot4.state
# Including singleton site patterns.
# cost function      : KL
Initial parameter values
Fixed:
      zero = 0
       one = 1
    Tbecnw = 75200
Free:
       pc1 = 0
       pc2 = 0
       pc3 = 0
       pc4 = 0
       pc5 = 0
       pc6 = 0
       pc7 = 0
       pc8 = 0
       pc9 = 0
      pc10 = 0
      pc11 = 0
      pc12 = 0
      pc13 = 0
      pc14 = 0
Constrained:
     Tecnw = 40361.3
       Tnw = 6323.85
       Tec = 5524.88
     twoNb = 1.40901e+06
     twoNe = 58559.7
     twoNc = 298246
     twoNn = 208697
    twoNec = 311088
    twoNnw = 107675
  twoNecnw = 30486.7
  twoNbecnw = 77076.1
        m2 = 0.000972382
        m3 = 0.301363
        m4 = 0.0195514
        Tb = 22943.1
        Tc = 3161.92
        Td = 1580.96
DiffEv reached_goal. cost=2.84769e-03 spread=2.20804e-06
Fitted parameter values
Free:
       pc1 = 3.9897
       pc2 = -0.380446
       pc3 = -1.96408
       pc4 = -0.672862
       pc5 = 1.86821
       pc6 = 1.29096
       pc7 = 1.71364
       pc8 = 1.11174
       pc9 = 0.993933
      pc10 = 0.0560172
      pc11 = -0.0847411
      pc12 = 0.0397943
      pc13 = 0.0519955
      pc14 = -0.0788812
Constrained:
     Tecnw = 40770.4
       Tnw = 719.118
       Tec = 1650.19
     twoNb = 3.2615e+06
     twoNe = 57069.6
     twoNc = 22594.4
     twoNn = 52437.8
    twoNec = 339650
    twoNnw = 130538
  twoNecnw = 29712.5
  twoNbecnw = 76840.2
        m2 = 0.00300354
        m3 = 0.323415
        m4 = 0.0239192
        Tb = 21210.3
        Tc = 359.559
        Td = 179.78
#       SitePat  BranchLen
              b 137883.7362874
              e 53963.0222584
              c 55726.6618387
              n 48969.7298304
              w 52217.0555736
            b:e 2414.5085388
            b:c 2909.5414342
            b:n 1948.7134484
            b:w 2237.5875327
            e:c 10790.4167684
            e:n 6043.8707232
            e:w 4688.8525681
            c:n 5405.0604609
            c:w 4605.3937744
            n:w 13640.8650117
          b:e:c 2211.8220482
          b:e:n 1229.8275084
          b:e:w 1200.3080170
          b:c:n 1202.1383950
          b:c:w 1231.5654174
          b:n:w 2208.6746347
          e:c:n 6582.2108511
          e:c:w 5491.2270651
          e:n:w 8024.8519327
          c:n:w 6921.3300540
        b:e:c:n 2239.8887658
        b:e:c:w 1949.4500349
        b:e:n:w 2849.5452917
        b:c:n:w 2413.0954639
        e:c:n:w 56450.6004465
