########################################
# legofit: estimate population history #
#       version 2.3.4-4-g53f8760       #
########################################

# Program was compiled: Sep 21 2021 14:36:42
# Program was run: Wed Sep 22 15:21:36 2021

# cmd: legofit -1 -d 0 -t 32 --ptsPerDim 3 --stateOut b1boot19.state --tol 3e-6 -S 5000 bcd2.lgo ../../boot/boot19.opf
# Stage nOptItr nSimReps
#     0    5000        0
# algorithm          : deterministic
# ignoring probs <=  : 0
# Branch length floor: 0
# DE strategy        : 2
#    F               : 0.3
#    CR              : 0.8
#    tolerance       : 3e-06
# nthreads           : 32
# lgo input file     : bcd2.lgo
# site pat input file: ../../boot/boot19.opf
# free parameters    : 14
# points in DE swarm : 42
# output state file  : b1boot19.state
# Including singleton site patterns.
# cost function      : KL
Initial parameter values
Fixed:
      zero = 0
       one = 1
    Tbecnw = 75200
Free:
       pc1 = 0
       pc2 = 0
       pc3 = 0
       pc4 = 0
       pc5 = 0
       pc6 = 0
       pc7 = 0
       pc8 = 0
       pc9 = 0
      pc10 = 0
      pc11 = 0
      pc12 = 0
      pc13 = 0
      pc14 = 0
Constrained:
     Tecnw = 40361.3
       Tnw = 6323.85
       Tec = 5524.88
     twoNb = 1.40901e+06
     twoNe = 58559.7
     twoNc = 298246
     twoNn = 208697
    twoNec = 311088
    twoNnw = 107675
  twoNecnw = 30486.7
  twoNbecnw = 77076.1
        m2 = 0.000972382
        m3 = 0.301363
        m4 = 0.0195514
        Tb = 22943.1
        Tc = 3161.92
        Td = 1580.96
DiffEv reached_goal. cost=2.81542e-03 spread=2.39110e-06
Fitted parameter values
Free:
       pc1 = 3.98485
       pc2 = -0.580864
       pc3 = -1.9465
       pc4 = -0.247364
       pc5 = 1.51673
       pc6 = 1.47814
       pc7 = 0.93772
       pc8 = 1.72194
       pc9 = 0.684617
      pc10 = 0.167425
      pc11 = -0.138452
      pc12 = 0.0802415
      pc13 = 0.123474
      pc14 = 0.00819708
Constrained:
     Tecnw = 40755.1
       Tnw = 427.902
       Tec = 1587.16
     twoNb = 2.94261e+06
     twoNe = 55279.2
     twoNc = 266400
     twoNn = 5855.59
    twoNec = 336866
    twoNnw = 130045
  twoNecnw = 29692.1
  twoNbecnw = 76777.5
        m2 = 0.0033278
        m3 = 0.323659
        m4 = 0.0236507
        Tb = 21171.1
        Tc = 213.951
        Td = 106.975
#       SitePat  BranchLen
              b 137845.8248021
              e 53875.7106316
              c 55660.9835251
              n 48804.1272430
              w 52113.5401990
            b:e 2413.1501129
            b:c 2910.2025505
            b:n 1940.4094017
            b:w 2232.0273314
            e:c 10819.3745194
            e:n 6068.6860592
            e:w 4665.9524953
            c:n 5390.3084589
            c:w 4592.8876279
            n:w 13721.8640785
          b:e:c 2212.2267353
          b:e:n 1225.5670270
          b:e:w 1193.5250084
          b:c:n 1195.5373024
          b:c:w 1227.4418207
          b:n:w 2208.6933692
          e:c:n 6579.6493605
          e:c:w 5472.4262812
          e:n:w 8023.3214128
          c:n:w 6921.4176293
        b:e:c:n 2234.5966677
        b:e:c:w 1941.0807568
        b:e:n:w 2843.9552255
        b:c:n:w 2411.0890579
        e:c:n:w 56466.1048757
