########################################
# legofit: estimate population history #
#       version 2.3.4-4-g53f8760       #
########################################

# Program was compiled: Sep 21 2021 14:36:42
# Program was run: Wed Sep 22 15:20:44 2021

# cmd: legofit -1 -d 0 -t 32 --ptsPerDim 3 --stateOut b1boot1.state --tol 3e-6 -S 5000 bcd2.lgo ../../boot/boot1.opf
# Stage nOptItr nSimReps
#     0    5000        0
# algorithm          : deterministic
# ignoring probs <=  : 0
# Branch length floor: 0
# DE strategy        : 2
#    F               : 0.3
#    CR              : 0.8
#    tolerance       : 3e-06
# nthreads           : 32
# lgo input file     : bcd2.lgo
# site pat input file: ../../boot/boot1.opf
# free parameters    : 14
# points in DE swarm : 42
# output state file  : b1boot1.state
# Including singleton site patterns.
# cost function      : KL
Initial parameter values
Fixed:
      zero = 0
       one = 1
    Tbecnw = 75200
Free:
       pc1 = 0
       pc2 = 0
       pc3 = 0
       pc4 = 0
       pc5 = 0
       pc6 = 0
       pc7 = 0
       pc8 = 0
       pc9 = 0
      pc10 = 0
      pc11 = 0
      pc12 = 0
      pc13 = 0
      pc14 = 0
Constrained:
     Tecnw = 40361.3
       Tnw = 6323.85
       Tec = 5524.88
     twoNb = 1.40901e+06
     twoNe = 58559.7
     twoNc = 298246
     twoNn = 208697
    twoNec = 311088
    twoNnw = 107675
  twoNecnw = 30486.7
  twoNbecnw = 77076.1
        m2 = 0.000972382
        m3 = 0.301363
        m4 = 0.0195514
        Tb = 22943.1
        Tc = 3161.92
        Td = 1580.96
DiffEv reached_goal. cost=2.81719e-03 spread=2.84326e-06
Fitted parameter values
Free:
       pc1 = 3.99475
       pc2 = -1.79022
       pc3 = -1.95454
       pc4 = -0.1537
       pc5 = 1.80635
       pc6 = 1.84844
       pc7 = -0.059229
       pc8 = 1.07922
       pc9 = 0.22379
      pc10 = -0.212804
      pc11 = -0.371248
      pc12 = -0.108295
      pc13 = 0.0643021
      pc14 = 0.0520044
Constrained:
     Tecnw = 40696.5
       Tnw = 1638.05
       Tec = 1452.63
     twoNb = 3.25016e+06
     twoNe = 23308.3
     twoNc = 491443
     twoNn = 785.311
    twoNec = 340806
    twoNnw = 126666
  twoNecnw = 29947.1
  twoNbecnw = 77198.3
        m2 = 0.00354023
        m3 = 0.31446
        m4 = 0.0241611
        Tb = 21074.6
        Tc = 819.025
        Td = 409.512
#       SitePat  BranchLen
              b 138067.1222941
              e 54031.9989527
              c 55878.9600021
              n 48992.3558700
              w 52234.4199180
            b:e 2453.1622646
            b:c 2958.1516293
            b:n 1966.3048039
            b:w 2252.7194669
            e:c 10885.8530550
            e:n 6100.7586540
            e:w 4701.4100839
            c:n 5390.0603724
            c:w 4630.6174938
            n:w 13758.2806798
          b:e:c 2247.3378963
          b:e:n 1241.7358750
          b:e:w 1207.4601306
          b:c:n 1209.3403054
          b:c:w 1243.4781969
          b:n:w 2243.9951802
          e:c:n 6593.5858830
          e:c:w 5512.2315853
          e:n:w 8123.3645466
          c:n:w 6994.9787642
        b:e:c:n 2255.1339379
        b:e:c:w 1966.9388262
        b:e:n:w 2896.7730751
        b:c:n:w 2451.0768187
        e:c:n:w 56442.9859349
