########################################
# legofit: estimate population history #
#       version 2.3.4-4-g53f8760       #
########################################

# Program was compiled: Sep 21 2021 14:36:42
# Program was run: Wed Sep 22 15:22:03 2021

# cmd: legofit -1 -d 0 -t 32 --ptsPerDim 3 --stateOut b1boot35.state --tol 3e-6 -S 5000 bcd2.lgo ../../boot/boot35.opf
# Stage nOptItr nSimReps
#     0    5000        0
# algorithm          : deterministic
# ignoring probs <=  : 0
# Branch length floor: 0
# DE strategy        : 2
#    F               : 0.3
#    CR              : 0.8
#    tolerance       : 3e-06
# nthreads           : 32
# lgo input file     : bcd2.lgo
# site pat input file: ../../boot/boot35.opf
# free parameters    : 14
# points in DE swarm : 42
# output state file  : b1boot35.state
# Including singleton site patterns.
# cost function      : KL
Initial parameter values
Fixed:
      zero = 0
       one = 1
    Tbecnw = 75200
Free:
       pc1 = 0
       pc2 = 0
       pc3 = 0
       pc4 = 0
       pc5 = 0
       pc6 = 0
       pc7 = 0
       pc8 = 0
       pc9 = 0
      pc10 = 0
      pc11 = 0
      pc12 = 0
      pc13 = 0
      pc14 = 0
Constrained:
     Tecnw = 40361.3
       Tnw = 6323.85
       Tec = 5524.88
     twoNb = 1.40901e+06
     twoNe = 58559.7
     twoNc = 298246
     twoNn = 208697
    twoNec = 311088
    twoNnw = 107675
  twoNecnw = 30486.7
  twoNbecnw = 77076.1
        m2 = 0.000972382
        m3 = 0.301363
        m4 = 0.0195514
        Tb = 22943.1
        Tc = 3161.92
        Td = 1580.96
DiffEv reached_goal. cost=2.83225e-03 spread=2.97766e-06
Fitted parameter values
Free:
       pc1 = 3.98746
       pc2 = -0.390068
       pc3 = -1.91533
       pc4 = 0.102412
       pc5 = 1.90432
       pc6 = 1.1691
       pc7 = 0.56553
       pc8 = 0.89267
       pc9 = 0.737784
      pc10 = -0.0928051
      pc11 = -0.115414
      pc12 = -0.0539132
      pc13 = 0.00776147
      pc14 = -0.00920915
Constrained:
     Tecnw = 40735.4
       Tnw = 554.898
       Tec = 1485.56
     twoNb = 2.92084e+06
     twoNe = 43645
     twoNc = 225548
     twoNn = 65066.9
    twoNec = 346414
    twoNnw = 132759
  twoNecnw = 29860.4
  twoNbecnw = 76909.9
        m2 = 0.00307519
        m3 = 0.309492
        m4 = 0.022577
        Tb = 21110.5
        Tc = 277.449
        Td = 138.725
#       SitePat  BranchLen
              b 137890.3188289
              e 54045.7122966
              c 55799.3236685
              n 48982.9364068
              w 52148.0320605
            b:e 2434.5896331
            b:c 2912.4352396
            b:n 1960.0489061
            b:w 2239.2664993
            e:c 10814.8046250
            e:n 6067.8361108
            e:w 4693.3939255
            c:n 5369.0679009
            c:w 4633.3159981
            n:w 13751.2898865
          b:e:c 2228.5745408
          b:e:n 1237.0416491
          b:e:w 1203.1939227
          b:c:n 1205.1332754
          b:c:w 1238.8648140
          b:n:w 2225.1784168
          e:c:n 6565.7708549
          e:c:w 5512.6860837
          e:n:w 8027.6330308
          c:n:w 6967.3561797
        b:e:c:n 2241.7305740
        b:e:c:w 1960.8123740
        b:e:n:w 2848.8529369
        b:c:n:w 2432.7564294
        e:c:n:w 56376.1654821
