########################################
# legofit: estimate population history #
#       version 2.3.4-4-g53f8760       #
########################################

# Program was compiled: Sep 21 2021 14:36:42
# Program was run: Wed Sep 22 15:21:55 2021

# cmd: legofit -1 -d 0 -t 32 --ptsPerDim 3 --stateOut b1boot28.state --tol 3e-6 -S 5000 bcd2.lgo ../../boot/boot28.opf
# Stage nOptItr nSimReps
#     0    5000        0
# algorithm          : deterministic
# ignoring probs <=  : 0
# Branch length floor: 0
# DE strategy        : 2
#    F               : 0.3
#    CR              : 0.8
#    tolerance       : 3e-06
# nthreads           : 32
# lgo input file     : bcd2.lgo
# site pat input file: ../../boot/boot28.opf
# free parameters    : 14
# points in DE swarm : 42
# output state file  : b1boot28.state
# Including singleton site patterns.
# cost function      : KL
Initial parameter values
Fixed:
      zero = 0
       one = 1
    Tbecnw = 75200
Free:
       pc1 = 0
       pc2 = 0
       pc3 = 0
       pc4 = 0
       pc5 = 0
       pc6 = 0
       pc7 = 0
       pc8 = 0
       pc9 = 0
      pc10 = 0
      pc11 = 0
      pc12 = 0
      pc13 = 0
      pc14 = 0
Constrained:
     Tecnw = 40361.3
       Tnw = 6323.85
       Tec = 5524.88
     twoNb = 1.40901e+06
     twoNe = 58559.7
     twoNc = 298246
     twoNn = 208697
    twoNec = 311088
    twoNnw = 107675
  twoNecnw = 30486.7
  twoNbecnw = 77076.1
        m2 = 0.000972382
        m3 = 0.301363
        m4 = 0.0195514
        Tb = 22943.1
        Tc = 3161.92
        Td = 1580.96
DiffEv reached_goal. cost=2.80959e-03 spread=2.77837e-06
Fitted parameter values
Free:
       pc1 = 3.96595
       pc2 = -0.588618
       pc3 = -1.9821
       pc4 = 0.0150661
       pc5 = 1.92896
       pc6 = 1.10774
       pc7 = 1.34917
       pc8 = 0.498436
       pc9 = 0.7033
      pc10 = -0.172522
      pc11 = -0.372099
      pc12 = -0.188687
      pc13 = 0.062101
      pc14 = -0.0244642
Constrained:
     Tecnw = 40772.8
       Tnw = 696.914
       Tec = 1312.02
     twoNb = 3.03179e+06
     twoNe = 34717.7
     twoNc = 66776.7
     twoNn = 43667.7
    twoNec = 344218
    twoNnw = 131694
  twoNecnw = 29949
  twoNbecnw = 76955.1
        m2 = 0.00272801
        m3 = 0.313473
        m4 = 0.0236563
        Tb = 21042.4
        Tc = 348.457
        Td = 174.229
#       SitePat  BranchLen
              b 137866.0672655
              e 54029.5444825
              c 55852.4979993
              n 49011.5006360
              w 52264.6286738
            b:e 2436.7373027
            b:c 2934.2284617
            b:n 1966.6250745
            b:w 2255.8139654
            e:c 10871.1190859
            e:n 6112.8157660
            e:w 4704.1055059
            c:n 5394.9014932
            c:w 4638.0486589
            n:w 13761.5455532
          b:e:c 2239.5185554
          b:e:n 1243.1857749
          b:e:w 1208.5628070
          b:c:n 1210.5100199
          b:c:w 1245.0626482
          b:n:w 2236.1911437
          e:c:n 6602.9497002
          e:c:w 5516.9610808
          e:n:w 8062.3756326
          c:n:w 6957.2347258
        b:e:c:n 2258.2455170
        b:e:c:w 1967.5506418
        b:e:n:w 2870.7475511
        b:c:n:w 2435.5908157
        e:c:n:w 56250.2181406
