########################################
# legofit: estimate population history #
#       version 2.3.4-4-g53f8760       #
########################################

# Program was compiled: Sep 21 2021 14:36:42
# Program was run: Wed Sep 22 15:21:55 2021

# cmd: legofit -1 -d 0 -t 32 --ptsPerDim 3 --stateOut b1boot27.state --tol 3e-6 -S 5000 bcd2.lgo ../../boot/boot27.opf
# Stage nOptItr nSimReps
#     0    5000        0
# algorithm          : deterministic
# ignoring probs <=  : 0
# Branch length floor: 0
# DE strategy        : 2
#    F               : 0.3
#    CR              : 0.8
#    tolerance       : 3e-06
# nthreads           : 32
# lgo input file     : bcd2.lgo
# site pat input file: ../../boot/boot27.opf
# free parameters    : 14
# points in DE swarm : 42
# output state file  : b1boot27.state
# Including singleton site patterns.
# cost function      : KL
Initial parameter values
Fixed:
      zero = 0
       one = 1
    Tbecnw = 75200
Free:
       pc1 = 0
       pc2 = 0
       pc3 = 0
       pc4 = 0
       pc5 = 0
       pc6 = 0
       pc7 = 0
       pc8 = 0
       pc9 = 0
      pc10 = 0
      pc11 = 0
      pc12 = 0
      pc13 = 0
      pc14 = 0
Constrained:
     Tecnw = 40361.3
       Tnw = 6323.85
       Tec = 5524.88
     twoNb = 1.40901e+06
     twoNe = 58559.7
     twoNc = 298246
     twoNn = 208697
    twoNec = 311088
    twoNnw = 107675
  twoNecnw = 30486.7
  twoNbecnw = 77076.1
        m2 = 0.000972382
        m3 = 0.301363
        m4 = 0.0195514
        Tb = 22943.1
        Tc = 3161.92
        Td = 1580.96
DiffEv reached_goal. cost=2.81259e-03 spread=2.98768e-06
Fitted parameter values
Free:
       pc1 = 3.96334
       pc2 = -1.43142
       pc3 = -1.90497
       pc4 = 0.222677
       pc5 = 1.69266
       pc6 = 1.32482
       pc7 = 0.104527
       pc8 = -0.0451847
       pc9 = 0.336071
      pc10 = -0.13512
      pc11 = -0.324232
      pc12 = 0.0593906
      pc13 = 0.0237101
      pc14 = 0.01786
Constrained:
     Tecnw = 40688.9
       Tnw = 1794.75
       Tec = 1335.81
     twoNb = 3.07733e+06
     twoNe = 13960.5
     twoNc = 363588
     twoNn = 53188.4
    twoNec = 347972
    twoNnw = 128154
  twoNecnw = 29850.4
  twoNbecnw = 77274.2
        m2 = 0.00260074
        m3 = 0.30363
        m4 = 0.0233822
        Tb = 21012.4
        Tc = 897.377
        Td = 448.688
#       SitePat  BranchLen
              b 138223.9559002
              e 53977.4922375
              c 55836.5748070
              n 48985.0586132
              w 52156.4263504
            b:e 2435.1778056
            b:c 2932.2106527
            b:n 1958.7670204
            b:w 2239.3888915
            e:c 10842.5148637
            e:n 6097.7426650
            e:w 4688.3208306
            c:n 5339.8886884
            c:w 4633.7551258
            n:w 13721.7382178
          b:e:c 2239.4146338
          b:e:n 1239.2275062
          b:e:w 1201.8708876
          b:c:n 1203.7448908
          b:c:w 1241.0428051
          b:n:w 2236.2051221
          e:c:n 6564.5466863
          e:c:w 5510.1739695
          e:n:w 8086.0888964
          c:n:w 6975.1181259
        b:e:c:n 2241.7204056
        b:e:c:w 1959.7176155
        b:e:n:w 2870.5764319
        b:c:n:w 2434.1621652
        e:c:n:w 56702.5972989
