########################################
# legofit: estimate population history #
#       version 2.3.4-4-g53f8760       #
########################################

# Program was compiled: Sep 21 2021 14:36:42
# Program was run: Wed Sep 22 15:22:03 2021

# cmd: legofit -1 -d 0 -t 32 --ptsPerDim 3 --stateOut b1boot37.state --tol 3e-6 -S 5000 bcd2.lgo ../../boot/boot37.opf
# Stage nOptItr nSimReps
#     0    5000        0
# algorithm          : deterministic
# ignoring probs <=  : 0
# Branch length floor: 0
# DE strategy        : 2
#    F               : 0.3
#    CR              : 0.8
#    tolerance       : 3e-06
# nthreads           : 32
# lgo input file     : bcd2.lgo
# site pat input file: ../../boot/boot37.opf
# free parameters    : 14
# points in DE swarm : 42
# output state file  : b1boot37.state
# Including singleton site patterns.
# cost function      : KL
Initial parameter values
Fixed:
      zero = 0
       one = 1
    Tbecnw = 75200
Free:
       pc1 = 0
       pc2 = 0
       pc3 = 0
       pc4 = 0
       pc5 = 0
       pc6 = 0
       pc7 = 0
       pc8 = 0
       pc9 = 0
      pc10 = 0
      pc11 = 0
      pc12 = 0
      pc13 = 0
      pc14 = 0
Constrained:
     Tecnw = 40361.3
       Tnw = 6323.85
       Tec = 5524.88
     twoNb = 1.40901e+06
     twoNe = 58559.7
     twoNc = 298246
     twoNn = 208697
    twoNec = 311088
    twoNnw = 107675
  twoNecnw = 30486.7
  twoNbecnw = 77076.1
        m2 = 0.000972382
        m3 = 0.301363
        m4 = 0.0195514
        Tb = 22943.1
        Tc = 3161.92
        Td = 1580.96
DiffEv reached_goal. cost=2.84167e-03 spread=2.60484e-06
Fitted parameter values
Free:
       pc1 = 3.9601
       pc2 = -0.429681
       pc3 = -1.93916
       pc4 = -0.504166
       pc5 = 1.94897
       pc6 = 1.00099
       pc7 = 0.843589
       pc8 = 1.24473
       pc9 = 0.788011
      pc10 = 0.414035
      pc11 = -0.225136
      pc12 = 0.147413
      pc13 = 0.145192
      pc14 = -0.0357194
Constrained:
     Tecnw = 40758.7
       Tnw = 634.009
       Tec = 1670.81
     twoNb = 3.07976e+06
     twoNe = 47835.2
     twoNc = 183281
     twoNn = 127246
    twoNec = 335859
    twoNnw = 130729
  twoNecnw = 29606.7
  twoNbecnw = 76732.5
        m2 = 0.00322951
        m3 = 0.317058
        m4 = 0.0230479
        Tb = 21214.8
        Tc = 317.005
        Td = 158.502
#       SitePat  BranchLen
              b 137870.0593899
              e 53802.4261099
              c 55608.5967369
              n 48787.0149813
              w 52085.4434410
            b:e 2401.1440653
            b:c 2887.5051265
            b:n 1933.5096211
            b:w 2222.7872919
            e:c 10808.2581180
            e:n 6076.2515327
            e:w 4645.3731503
            c:n 5352.4966909
            c:w 4587.0461553
            n:w 13683.4903275
          b:e:c 2205.1066727
          b:e:n 1221.6039942
          b:e:w 1186.5653132
          b:c:n 1188.4269504
          b:c:w 1223.3420751
          b:n:w 2201.8309747
          e:c:n 6566.0721593
          e:c:w 5465.8195242
          e:n:w 7990.2796835
          c:n:w 6902.8531425
        b:e:c:n 2225.1664715
        b:e:c:w 1934.1654504
        b:e:n:w 2825.8587441
        b:c:n:w 2399.2357155
        e:c:n:w 56572.2168673
