########################################
# legofit: estimate population history #
#       version 2.3.4-4-g53f8760       #
########################################

# Program was compiled: Sep 21 2021 14:36:42
# Program was run: Wed Sep 22 15:22:21 2021

# cmd: legofit -1 -d 0 -t 32 --ptsPerDim 3 --stateOut b1boot49.state --tol 3e-6 -S 5000 bcd2.lgo ../../boot/boot49.opf
# Stage nOptItr nSimReps
#     0    5000        0
# algorithm          : deterministic
# ignoring probs <=  : 0
# Branch length floor: 0
# DE strategy        : 2
#    F               : 0.3
#    CR              : 0.8
#    tolerance       : 3e-06
# nthreads           : 32
# lgo input file     : bcd2.lgo
# site pat input file: ../../boot/boot49.opf
# free parameters    : 14
# points in DE swarm : 42
# output state file  : b1boot49.state
# Including singleton site patterns.
# cost function      : KL
Initial parameter values
Fixed:
      zero = 0
       one = 1
    Tbecnw = 75200
Free:
       pc1 = 0
       pc2 = 0
       pc3 = 0
       pc4 = 0
       pc5 = 0
       pc6 = 0
       pc7 = 0
       pc8 = 0
       pc9 = 0
      pc10 = 0
      pc11 = 0
      pc12 = 0
      pc13 = 0
      pc14 = 0
Constrained:
     Tecnw = 40361.3
       Tnw = 6323.85
       Tec = 5524.88
     twoNb = 1.40901e+06
     twoNe = 58559.7
     twoNc = 298246
     twoNn = 208697
    twoNec = 311088
    twoNnw = 107675
  twoNecnw = 30486.7
  twoNbecnw = 77076.1
        m2 = 0.000972382
        m3 = 0.301363
        m4 = 0.0195514
        Tb = 22943.1
        Tc = 3161.92
        Td = 1580.96
DiffEv reached_goal. cost=2.84373e-03 spread=2.94933e-06
Fitted parameter values
Free:
       pc1 = 3.96783
       pc2 = -0.248379
       pc3 = -1.89656
       pc4 = -0.249414
       pc5 = 1.98809
       pc6 = 1.68849
       pc7 = 0.552074
       pc8 = 0.762117
       pc9 = 0.57652
      pc10 = 0.0177288
      pc11 = -0.261847
      pc12 = -0.0409462
      pc13 = 0.116168
      pc14 = -0.0913946
Constrained:
     Tecnw = 40797.6
       Tnw = 753.091
       Tec = 1797.84
     twoNb = 3.12242e+06
     twoNe = 46108.4
     twoNc = 211458
     twoNn = 23833.6
    twoNec = 337257
    twoNnw = 134085
  twoNecnw = 29771.6
  twoNbecnw = 77070.8
        m2 = 0.00321599
        m3 = 0.305681
        m4 = 0.0227761
        Tb = 21297.7
        Tc = 376.546
        Td = 188.273
#       SitePat  BranchLen
              b 138039.5356886
              e 53982.3871258
              c 55798.7319808
              n 49048.3556750
              w 52262.8335992
            b:e 2429.7397973
            b:c 2912.4285146
            b:n 1964.5691439
            b:w 2248.3160267
            e:c 10850.3622977
            e:n 6100.5723905
            e:w 4682.3638445
            c:n 5353.3262143
            c:w 4630.4972840
            n:w 13696.4039466
          b:e:c 2231.1186207
          b:e:n 1238.9259583
          b:e:w 1202.0278634
          b:c:n 1203.8632261
          b:c:w 1240.6442255
          b:n:w 2227.8856848
          e:c:n 6594.2366952
          e:c:w 5522.5477260
          e:n:w 8022.6814432
          c:n:w 6943.5534297
        b:e:c:n 2250.6631231
        b:e:c:w 1965.2818572
        b:e:n:w 2852.2182642
        b:c:n:w 2427.8718122
        e:c:n:w 56509.9627993
