########################################
# legofit: estimate population history #
#       version 2.3.4-4-g53f8760       #
########################################

# Program was compiled: Sep 21 2021 14:36:42
# Program was run: Wed Sep 22 15:22:12 2021

# cmd: legofit -1 -d 0 -t 32 --ptsPerDim 3 --stateOut b1boot40.state --tol 3e-6 -S 5000 bcd2.lgo ../../boot/boot40.opf
# Stage nOptItr nSimReps
#     0    5000        0
# algorithm          : deterministic
# ignoring probs <=  : 0
# Branch length floor: 0
# DE strategy        : 2
#    F               : 0.3
#    CR              : 0.8
#    tolerance       : 3e-06
# nthreads           : 32
# lgo input file     : bcd2.lgo
# site pat input file: ../../boot/boot40.opf
# free parameters    : 14
# points in DE swarm : 42
# output state file  : b1boot40.state
# Including singleton site patterns.
# cost function      : KL
Initial parameter values
Fixed:
      zero = 0
       one = 1
    Tbecnw = 75200
Free:
       pc1 = 0
       pc2 = 0
       pc3 = 0
       pc4 = 0
       pc5 = 0
       pc6 = 0
       pc7 = 0
       pc8 = 0
       pc9 = 0
      pc10 = 0
      pc11 = 0
      pc12 = 0
      pc13 = 0
      pc14 = 0
Constrained:
     Tecnw = 40361.3
       Tnw = 6323.85
       Tec = 5524.88
     twoNb = 1.40901e+06
     twoNe = 58559.7
     twoNc = 298246
     twoNn = 208697
    twoNec = 311088
    twoNnw = 107675
  twoNecnw = 30486.7
  twoNbecnw = 77076.1
        m2 = 0.000972382
        m3 = 0.301363
        m4 = 0.0195514
        Tb = 22943.1
        Tc = 3161.92
        Td = 1580.96
DiffEv reached_goal. cost=2.83567e-03 spread=2.75423e-06
Fitted parameter values
Free:
       pc1 = 3.99276
       pc2 = 0.573218
       pc3 = -1.94643
       pc4 = -1.3203
       pc5 = 1.95284
       pc6 = 0.854889
       pc7 = 1.17806
       pc8 = 1.20375
       pc9 = 0.54423
      pc10 = -0.0985867
      pc11 = -0.0610021
      pc12 = 0.0390208
      pc13 = 0.124453
      pc14 = -0.117066
Constrained:
     Tecnw = 40802.7
       Tnw = 242.624
       Tec = 2104.2
     twoNb = 2.99566e+06
     twoNe = 74517.6
     twoNc = 15354.5
     twoNn = 217866
    twoNec = 331222
    twoNnw = 135532
  twoNecnw = 29672.8
  twoNbecnw = 77019.9
        m2 = 0.00335138
        m3 = 0.313604
        m4 = 0.0239235
        Tb = 21453.5
        Tc = 121.312
        Td = 60.6561
#       SitePat  BranchLen
              b 138017.9672443
              e 53949.5482741
              c 55768.1612220
              n 49025.7686269
              w 52259.3556031
            b:e 2417.7576894
            b:c 2921.6841778
            b:n 1959.2529627
            b:w 2246.0483663
            e:c 10814.9683209
            e:n 6070.6539342
            e:w 4685.6848877
            c:n 5374.1608017
            c:w 4613.2936354
            n:w 13655.5986195
          b:e:c 2217.9021243
          b:e:n 1233.9407728
          b:e:w 1200.7678440
          b:c:n 1202.7786996
          b:c:w 1235.8228787
          b:n:w 2214.3848649
          e:c:n 6600.5159564
          e:c:w 5514.7083012
          e:n:w 8031.2143675
          c:n:w 6913.6346840
        b:e:c:n 2248.6117187
        b:e:c:w 1960.0019565
        b:e:n:w 2855.7284683
        b:c:n:w 2415.7601389
        e:c:n:w 56546.4052910
