########################################
# legofit: estimate population history #
#       version 2.3.4-4-g53f8760       #
########################################

# Program was compiled: Sep 21 2021 14:36:42
# Program was run: Wed Sep 22 15:20:48 2021

# cmd: legofit -1 -d 0 -t 32 --ptsPerDim 3 --stateOut b1boot6.state --tol 3e-6 -S 5000 bcd2.lgo ../../boot/boot6.opf
# Stage nOptItr nSimReps
#     0    5000        0
# algorithm          : deterministic
# ignoring probs <=  : 0
# Branch length floor: 0
# DE strategy        : 2
#    F               : 0.3
#    CR              : 0.8
#    tolerance       : 3e-06
# nthreads           : 32
# lgo input file     : bcd2.lgo
# site pat input file: ../../boot/boot6.opf
# free parameters    : 14
# points in DE swarm : 42
# output state file  : b1boot6.state
# Including singleton site patterns.
# cost function      : KL
Initial parameter values
Fixed:
      zero = 0
       one = 1
    Tbecnw = 75200
Free:
       pc1 = 0
       pc2 = 0
       pc3 = 0
       pc4 = 0
       pc5 = 0
       pc6 = 0
       pc7 = 0
       pc8 = 0
       pc9 = 0
      pc10 = 0
      pc11 = 0
      pc12 = 0
      pc13 = 0
      pc14 = 0
Constrained:
     Tecnw = 40361.3
       Tnw = 6323.85
       Tec = 5524.88
     twoNb = 1.40901e+06
     twoNe = 58559.7
     twoNc = 298246
     twoNn = 208697
    twoNec = 311088
    twoNnw = 107675
  twoNecnw = 30486.7
  twoNbecnw = 77076.1
        m2 = 0.000972382
        m3 = 0.301363
        m4 = 0.0195514
        Tb = 22943.1
        Tc = 3161.92
        Td = 1580.96
DiffEv reached_goal. cost=2.83177e-03 spread=2.64111e-06
Fitted parameter values
Free:
       pc1 = 3.99063
       pc2 = -0.912655
       pc3 = -1.86344
       pc4 = 0.46449
       pc5 = 1.99493
       pc6 = 0.903232
       pc7 = 1.26291
       pc8 = 0.418379
       pc9 = 1.17302
      pc10 = 0.0668845
      pc11 = -0.3251
      pc12 = 0.0308282
      pc13 = -0.0371551
      pc14 = -0.0766949
Constrained:
     Tecnw = 40691.9
       Tnw = 879.269
       Tec = 1114.63
     twoNb = 3.0789e+06
     twoNe = 24380.2
     twoNc = 95313.1
     twoNn = 38595.4
    twoNec = 352384
    twoNnw = 130472
  twoNecnw = 29859.1
  twoNbecnw = 76763.6
        m2 = 0.00250368
        m3 = 0.316802
        m4 = 0.0223219
        Tb = 20903.3
        Tc = 439.635
        Td = 219.817
#       SitePat  BranchLen
              b 137820.7788738
              e 53931.0122557
              c 55686.2079772
              n 48911.2260896
              w 52147.7669777
            b:e 2417.3295022
            b:c 2887.9527295
            b:n 1949.0712391
            b:w 2234.8166201
            e:c 10779.6688801
            e:n 6098.3621546
            e:w 4691.9806693
            c:n 5389.1072472
            c:w 4636.0896529
            n:w 13658.5853449
          b:e:c 2213.9085236
          b:e:n 1235.0584361
          b:e:w 1200.6301376
          b:c:n 1202.4222953
          b:c:w 1236.7893225
          b:n:w 2210.8646411
          e:c:n 6572.7569919
          e:c:w 5497.0570375
          e:n:w 7995.2981875
          c:n:w 6943.9095815
        b:e:c:n 2237.0475836
        b:e:c:w 1949.9216203
        b:e:n:w 2829.1296505
        b:c:n:w 2416.3221874
        e:c:n:w 56392.8817322
