########################################
# legofit: estimate population history #
#       version 2.3.4-4-g53f8760       #
########################################

# Program was compiled: Sep 21 2021 14:36:42
# Program was run: Wed Sep 22 15:21:46 2021

# cmd: legofit -1 -d 0 -t 32 --ptsPerDim 3 --stateOut b1boot20.state --tol 3e-6 -S 5000 bcd2.lgo ../../boot/boot20.opf
# Stage nOptItr nSimReps
#     0    5000        0
# algorithm          : deterministic
# ignoring probs <=  : 0
# Branch length floor: 0
# DE strategy        : 2
#    F               : 0.3
#    CR              : 0.8
#    tolerance       : 3e-06
# nthreads           : 32
# lgo input file     : bcd2.lgo
# site pat input file: ../../boot/boot20.opf
# free parameters    : 14
# points in DE swarm : 42
# output state file  : b1boot20.state
# Including singleton site patterns.
# cost function      : KL
Initial parameter values
Fixed:
      zero = 0
       one = 1
    Tbecnw = 75200
Free:
       pc1 = 0
       pc2 = 0
       pc3 = 0
       pc4 = 0
       pc5 = 0
       pc6 = 0
       pc7 = 0
       pc8 = 0
       pc9 = 0
      pc10 = 0
      pc11 = 0
      pc12 = 0
      pc13 = 0
      pc14 = 0
Constrained:
     Tecnw = 40361.3
       Tnw = 6323.85
       Tec = 5524.88
     twoNb = 1.40901e+06
     twoNe = 58559.7
     twoNc = 298246
     twoNn = 208697
    twoNec = 311088
    twoNnw = 107675
  twoNecnw = 30486.7
  twoNbecnw = 77076.1
        m2 = 0.000972382
        m3 = 0.301363
        m4 = 0.0195514
        Tb = 22943.1
        Tc = 3161.92
        Td = 1580.96
DiffEv reached_goal. cost=2.80480e-03 spread=2.20896e-06
Fitted parameter values
Free:
       pc1 = 3.98898
       pc2 = -0.46751
       pc3 = -1.98813
       pc4 = -0.0541995
       pc5 = 1.95582
       pc6 = 0.976223
       pc7 = 1.58223
       pc8 = 1.15582
       pc9 = 1.06928
      pc10 = 0.308222
      pc11 = -0.247739
      pc12 = 0.022068
      pc13 = 0.0879298
      pc14 = -0.0689002
Constrained:
     Tecnw = 40759.6
       Tnw = 423.889
       Tec = 1309.56
     twoNb = 3.05577e+06
     twoNe = 44418.8
     twoNc = 50879.2
     twoNn = 50085.5
    twoNec = 342208
    twoNnw = 131208
  twoNecnw = 29725.5
  twoNbecnw = 76584.6
        m2 = 0.00292316
        m3 = 0.322411
        m4 = 0.0231285
        Tb = 21034.6
        Tc = 211.944
        Td = 105.972
#       SitePat  BranchLen
              b 137691.0688464
              e 53873.1279396
              c 55625.5605222
              n 48856.2598597
              w 52146.0741563
            b:e 2405.0103818
            b:c 2888.3817304
            b:n 1940.1024986
            b:w 2230.2535915
            e:c 10806.0247362
            e:n 6065.7351629
            e:w 4671.1641163
            c:n 5395.2772666
            c:w 4600.7007404
            n:w 13671.1269232
          b:e:c 2205.6453341
          b:e:n 1225.7676127
          b:e:w 1194.1506866
          b:c:n 1196.0319850
          b:c:w 1227.5521671
          b:n:w 2202.4010018
          e:c:n 6575.8510788
          e:c:w 5476.9022589
          e:n:w 7983.7183402
          c:n:w 6908.1653947
        b:e:c:n 2232.6250487
        b:e:c:w 1940.8527959
        b:e:n:w 2826.5088861
        b:c:n:w 2403.5133197
        e:c:n:w 56326.7815078
