########################################
# legofit: estimate population history #
#       version 2.3.4-4-g53f8760       #
########################################

# Program was compiled: Sep 21 2021 14:36:42
# Program was run: Wed Sep 22 15:21:36 2021

# cmd: legofit -1 -d 0 -t 32 --ptsPerDim 3 --stateOut b1boot15.state --tol 3e-6 -S 5000 bcd2.lgo ../../boot/boot15.opf
# Stage nOptItr nSimReps
#     0    5000        0
# algorithm          : deterministic
# ignoring probs <=  : 0
# Branch length floor: 0
# DE strategy        : 2
#    F               : 0.3
#    CR              : 0.8
#    tolerance       : 3e-06
# nthreads           : 32
# lgo input file     : bcd2.lgo
# site pat input file: ../../boot/boot15.opf
# free parameters    : 14
# points in DE swarm : 42
# output state file  : b1boot15.state
# Including singleton site patterns.
# cost function      : KL
Initial parameter values
Fixed:
      zero = 0
       one = 1
    Tbecnw = 75200
Free:
       pc1 = 0
       pc2 = 0
       pc3 = 0
       pc4 = 0
       pc5 = 0
       pc6 = 0
       pc7 = 0
       pc8 = 0
       pc9 = 0
      pc10 = 0
      pc11 = 0
      pc12 = 0
      pc13 = 0
      pc14 = 0
Constrained:
     Tecnw = 40361.3
       Tnw = 6323.85
       Tec = 5524.88
     twoNb = 1.40901e+06
     twoNe = 58559.7
     twoNc = 298246
     twoNn = 208697
    twoNec = 311088
    twoNnw = 107675
  twoNecnw = 30486.7
  twoNbecnw = 77076.1
        m2 = 0.000972382
        m3 = 0.301363
        m4 = 0.0195514
        Tb = 22943.1
        Tc = 3161.92
        Td = 1580.96
DiffEv reached_goal. cost=2.81449e-03 spread=2.95269e-06
Fitted parameter values
Free:
       pc1 = 3.99096
       pc2 = -0.949849
       pc3 = -1.96574
       pc4 = 0.30528
       pc5 = 1.98896
       pc6 = 1.22545
       pc7 = 0.960013
       pc8 = 1.40441
       pc9 = 0.596241
      pc10 = 0.166764
      pc11 = -0.365405
      pc12 = 0.00682019
      pc13 = 0.11976
      pc14 = -0.0471921
Constrained:
     Tecnw = 40683.6
       Tnw = 709.177
       Tec = 1127.46
     twoNb = 2.90257e+06
     twoNe = 32181
     twoNc = 228493
     twoNn = 3167.83
    twoNec = 341687
    twoNnw = 130339
  twoNecnw = 29821.2
  twoNbecnw = 76675.9
        m2 = 0.00335396
        m3 = 0.319882
        m4 = 0.02335
        Tb = 20905.5
        Tc = 354.589
        Td = 177.294
#       SitePat  BranchLen
              b 137725.9850981
              e 53867.8520474
              c 55614.4741040
              n 48874.4924586
              w 52137.5330110
            b:e 2417.9400739
            b:c 2907.3036765
            b:n 1947.4202589
            b:w 2233.8784121
            e:c 10850.7721785
            e:n 6058.6971984
            e:w 4682.0536022
            c:n 5402.3803788
            c:w 4606.5817258
            n:w 13686.1880357
          b:e:c 2214.5295518
          b:e:n 1227.4933583
          b:e:w 1196.7537854
          b:c:n 1198.7737979
          b:c:w 1229.3686088
          b:n:w 2210.9712807
          e:c:n 6580.4596538
          e:c:w 5491.9272645
          e:n:w 8016.7476935
          c:n:w 6933.9366755
        b:e:c:n 2236.4625243
        b:e:c:w 1948.0832192
        b:e:n:w 2841.0300451
        b:c:n:w 2415.7488368
        e:c:n:w 56320.9403315
