########################################
# legofit: estimate population history #
#       version 2.3.4-4-g53f8760       #
########################################

# Program was compiled: Sep 21 2021 14:36:42
# Program was run: Wed Sep 22 15:21:55 2021

# cmd: legofit -1 -d 0 -t 32 --ptsPerDim 3 --stateOut b1boot26.state --tol 3e-6 -S 5000 bcd2.lgo ../../boot/boot26.opf
# Stage nOptItr nSimReps
#     0    5000        0
# algorithm          : deterministic
# ignoring probs <=  : 0
# Branch length floor: 0
# DE strategy        : 2
#    F               : 0.3
#    CR              : 0.8
#    tolerance       : 3e-06
# nthreads           : 32
# lgo input file     : bcd2.lgo
# site pat input file: ../../boot/boot26.opf
# free parameters    : 14
# points in DE swarm : 42
# output state file  : b1boot26.state
# Including singleton site patterns.
# cost function      : KL
Initial parameter values
Fixed:
      zero = 0
       one = 1
    Tbecnw = 75200
Free:
       pc1 = 0
       pc2 = 0
       pc3 = 0
       pc4 = 0
       pc5 = 0
       pc6 = 0
       pc7 = 0
       pc8 = 0
       pc9 = 0
      pc10 = 0
      pc11 = 0
      pc12 = 0
      pc13 = 0
      pc14 = 0
Constrained:
     Tecnw = 40361.3
       Tnw = 6323.85
       Tec = 5524.88
     twoNb = 1.40901e+06
     twoNe = 58559.7
     twoNc = 298246
     twoNn = 208697
    twoNec = 311088
    twoNnw = 107675
  twoNecnw = 30486.7
  twoNbecnw = 77076.1
        m2 = 0.000972382
        m3 = 0.301363
        m4 = 0.0195514
        Tb = 22943.1
        Tc = 3161.92
        Td = 1580.96
DiffEv reached_goal. cost=2.83799e-03 spread=2.62133e-06
Fitted parameter values
Free:
       pc1 = 3.96984
       pc2 = -0.917211
       pc3 = -1.93279
       pc4 = 0.11034
       pc5 = 1.98419
       pc6 = 1.6887
       pc7 = -0.248257
       pc8 = 1.11352
       pc9 = 0.847716
      pc10 = 0.06946
      pc11 = -0.23715
      pc12 = -0.12931
      pc13 = 0.0659589
      pc14 = -0.0753938
Constrained:
     Tecnw = 40759.7
       Tnw = 938.368
       Tec = 1565.33
     twoNb = 3.20915e+06
     twoNe = 36279.9
     twoNc = 442775
     twoNn = 25188.8
    twoNec = 343177
    twoNnw = 132433
  twoNecnw = 29885.5
  twoNbecnw = 76924
        m2 = 0.0034175
        m3 = 0.308509
        m4 = 0.0218661
        Tb = 21162.5
        Tc = 469.184
        Td = 234.592
#       SitePat  BranchLen
              b 137885.5045395
              e 54030.7703688
              c 55790.2057847
              n 49050.0546686
              w 52261.3208369
            b:e 2439.9639340
            b:c 2901.8289917
            b:n 1966.3589079
            b:w 2248.4763725
            e:c 10839.4015452
            e:n 6107.1592845
            e:w 4691.2856488
            c:n 5372.4265941
            c:w 4644.9429954
            n:w 13696.1876068
          b:e:c 2231.8866205
          b:e:n 1241.2943643
          b:e:w 1204.7532312
          b:c:n 1206.4826698
          b:c:w 1242.8828083
          b:n:w 2228.7921489
          e:c:n 6589.8840250
          e:c:w 5523.8063143
          e:n:w 8006.7640530
          c:n:w 6970.6995043
        b:e:c:n 2250.7178613
        b:e:c:w 1966.9101682
        b:e:n:w 2845.2541942
        b:c:n:w 2437.7757305
        e:c:n:w 56329.0309295
