########################################
# legofit: estimate population history #
#       version 2.3.4-4-g53f8760       #
########################################

# Program was compiled: Sep 21 2021 14:36:42
# Program was run: Wed Sep 22 15:20:44 2021

# cmd: legofit -1 -d 0 -t 32 --ptsPerDim 3 --stateOut b1boot2.state --tol 3e-6 -S 5000 bcd2.lgo ../../boot/boot2.opf
# Stage nOptItr nSimReps
#     0    5000        0
# algorithm          : deterministic
# ignoring probs <=  : 0
# Branch length floor: 0
# DE strategy        : 2
#    F               : 0.3
#    CR              : 0.8
#    tolerance       : 3e-06
# nthreads           : 32
# lgo input file     : bcd2.lgo
# site pat input file: ../../boot/boot2.opf
# free parameters    : 14
# points in DE swarm : 42
# output state file  : b1boot2.state
# Including singleton site patterns.
# cost function      : KL
Initial parameter values
Fixed:
      zero = 0
       one = 1
    Tbecnw = 75200
Free:
       pc1 = 0
       pc2 = 0
       pc3 = 0
       pc4 = 0
       pc5 = 0
       pc6 = 0
       pc7 = 0
       pc8 = 0
       pc9 = 0
      pc10 = 0
      pc11 = 0
      pc12 = 0
      pc13 = 0
      pc14 = 0
Constrained:
     Tecnw = 40361.3
       Tnw = 6323.85
       Tec = 5524.88
     twoNb = 1.40901e+06
     twoNe = 58559.7
     twoNc = 298246
     twoNn = 208697
    twoNec = 311088
    twoNnw = 107675
  twoNecnw = 30486.7
  twoNbecnw = 77076.1
        m2 = 0.000972382
        m3 = 0.301363
        m4 = 0.0195514
        Tb = 22943.1
        Tc = 3161.92
        Td = 1580.96
DiffEv reached_goal. cost=2.83746e-03 spread=2.76769e-06
Fitted parameter values
Free:
       pc1 = 3.97576
       pc2 = -0.479811
       pc3 = -1.97728
       pc4 = -0.0997876
       pc5 = 1.92884
       pc6 = 1.16526
       pc7 = 1.18853
       pc8 = 0.952202
       pc9 = 1.05979
      pc10 = -0.100513
      pc11 = -0.130248
      pc12 = -0.0873019
      pc13 = -0.0588482
      pc14 = -0.0412218
Constrained:
     Tecnw = 40737.7
       Tnw = 517.155
       Tec = 1520.07
     twoNb = 3.12532e+06
     twoNe = 46973.7
     twoNc = 116663
     twoNn = 50552.2
    twoNec = 347207
    twoNnw = 131966
  twoNecnw = 29884.6
  twoNbecnw = 76816.5
        m2 = 0.00293514
        m3 = 0.317642
        m4 = 0.0229992
        Tb = 21128.9
        Tc = 258.577
        Td = 129.289
#       SitePat  BranchLen
              b 137801.3128821
              e 54035.9570795
              c 55814.0180009
              n 48972.4343635
              w 52199.8958809
            b:e 2430.2566515
            b:c 2912.5222390
            b:n 1958.0407917
            b:w 2243.6277174
            e:c 10779.5100290
            e:n 6097.0958070
            e:w 4702.6742292
            c:n 5395.5685428
            c:w 4639.3612646
            n:w 13703.9376558
          b:e:c 2221.7385513
          b:e:n 1239.3429183
          b:e:w 1205.5137066
          b:c:n 1207.3571573
          b:c:w 1241.0915295
          b:n:w 2218.5560798
          e:c:n 6581.0957710
          e:c:w 5505.9250898
          e:n:w 8031.2987903
          c:n:w 6955.6961354
        b:e:c:n 2245.9532826
        b:e:c:w 1958.7992162
        b:e:n:w 2852.2595138
        b:c:n:w 2428.7838267
        e:c:n:w 56277.7354277
