########################################
# legofit: estimate population history #
#       version 2.3.4-4-g53f8760       #
########################################

# Program was compiled: Sep 21 2021 14:36:42
# Program was run: Wed Sep 22 15:21:46 2021

# cmd: legofit -1 -d 0 -t 32 --ptsPerDim 3 --stateOut b1boot22.state --tol 3e-6 -S 5000 bcd2.lgo ../../boot/boot22.opf
# Stage nOptItr nSimReps
#     0    5000        0
# algorithm          : deterministic
# ignoring probs <=  : 0
# Branch length floor: 0
# DE strategy        : 2
#    F               : 0.3
#    CR              : 0.8
#    tolerance       : 3e-06
# nthreads           : 32
# lgo input file     : bcd2.lgo
# site pat input file: ../../boot/boot22.opf
# free parameters    : 14
# points in DE swarm : 42
# output state file  : b1boot22.state
# Including singleton site patterns.
# cost function      : KL
Initial parameter values
Fixed:
      zero = 0
       one = 1
    Tbecnw = 75200
Free:
       pc1 = 0
       pc2 = 0
       pc3 = 0
       pc4 = 0
       pc5 = 0
       pc6 = 0
       pc7 = 0
       pc8 = 0
       pc9 = 0
      pc10 = 0
      pc11 = 0
      pc12 = 0
      pc13 = 0
      pc14 = 0
Constrained:
     Tecnw = 40361.3
       Tnw = 6323.85
       Tec = 5524.88
     twoNb = 1.40901e+06
     twoNe = 58559.7
     twoNc = 298246
     twoNn = 208697
    twoNec = 311088
    twoNnw = 107675
  twoNecnw = 30486.7
  twoNbecnw = 77076.1
        m2 = 0.000972382
        m3 = 0.301363
        m4 = 0.0195514
        Tb = 22943.1
        Tc = 3161.92
        Td = 1580.96
DiffEv reached_goal. cost=2.83012e-03 spread=2.77001e-06
Fitted parameter values
Free:
       pc1 = 3.99013
       pc2 = -0.699084
       pc3 = -1.94142
       pc4 = -0.615694
       pc5 = 1.97887
       pc6 = 1.8487
       pc7 = 0.576501
       pc8 = 0.0752128
       pc9 = 0.891511
      pc10 = -0.481158
      pc11 = -0.387373
      pc12 = 0.0173917
      pc13 = 0.151671
      pc14 = -0.0803691
Constrained:
     Tecnw = 40709.4
       Tnw = 976.13
       Tec = 1655.6
     twoNb = 3.57551e+06
     twoNe = 39628.1
     twoNc = 196016
     twoNn = 42489.9
    twoNec = 340000
    twoNnw = 132628
  twoNecnw = 29919.1
  twoNbecnw = 77440.8
        m2 = 0.00279239
        m3 = 0.30643
        m4 = 0.0229471
        Tb = 21182.5
        Tc = 488.065
        Td = 244.032
#       SitePat  BranchLen
              b 138322.3372499
              e 54001.5287800
              c 55815.5417965
              n 49063.8281800
              w 52263.2678724
            b:e 2443.6916380
            b:c 2924.3978512
            b:n 1977.2803957
            b:w 2263.0575667
            e:c 10885.0306803
            e:n 6109.2983400
            e:w 4711.4699880
            c:n 5382.0270512
            c:w 4653.9806233
            n:w 13726.9161677
          b:e:c 2246.9781053
          b:e:n 1247.5774480
          b:e:w 1211.8439600
          b:c:n 1213.4564233
          b:c:w 1249.1223379
          b:n:w 2244.2010866
          e:c:n 6621.4965603
          e:c:w 5549.2726123
          e:n:w 8061.4870836
          c:n:w 6977.5657848
        b:e:c:n 2265.0824120
        b:e:c:w 1978.0318498
        b:e:n:w 2871.7671550
        b:c:n:w 2442.5725244
        e:c:n:w 56696.8413913
