########################################
# legofit: estimate population history #
#       version 2.3.4-4-g53f8760       #
########################################

# Program was compiled: Sep 21 2021 14:36:42
# Program was run: Wed Sep 22 15:21:46 2021

# cmd: legofit -1 -d 0 -t 32 --ptsPerDim 3 --stateOut b1boot23.state --tol 3e-6 -S 5000 bcd2.lgo ../../boot/boot23.opf
# Stage nOptItr nSimReps
#     0    5000        0
# algorithm          : deterministic
# ignoring probs <=  : 0
# Branch length floor: 0
# DE strategy        : 2
#    F               : 0.3
#    CR              : 0.8
#    tolerance       : 3e-06
# nthreads           : 32
# lgo input file     : bcd2.lgo
# site pat input file: ../../boot/boot23.opf
# free parameters    : 14
# points in DE swarm : 42
# output state file  : b1boot23.state
# Including singleton site patterns.
# cost function      : KL
Initial parameter values
Fixed:
      zero = 0
       one = 1
    Tbecnw = 75200
Free:
       pc1 = 0
       pc2 = 0
       pc3 = 0
       pc4 = 0
       pc5 = 0
       pc6 = 0
       pc7 = 0
       pc8 = 0
       pc9 = 0
      pc10 = 0
      pc11 = 0
      pc12 = 0
      pc13 = 0
      pc14 = 0
Constrained:
     Tecnw = 40361.3
       Tnw = 6323.85
       Tec = 5524.88
     twoNb = 1.40901e+06
     twoNe = 58559.7
     twoNc = 298246
     twoNn = 208697
    twoNec = 311088
    twoNnw = 107675
  twoNecnw = 30486.7
  twoNbecnw = 77076.1
        m2 = 0.000972382
        m3 = 0.301363
        m4 = 0.0195514
        Tb = 22943.1
        Tc = 3161.92
        Td = 1580.96
DiffEv reached_goal. cost=2.81661e-03 spread=2.48430e-06
Fitted parameter values
Free:
       pc1 = 3.99352
       pc2 = -0.99921
       pc3 = -1.99875
       pc4 = -0.387767
       pc5 = 1.84028
       pc6 = 1.86943
       pc7 = 0.0715736
       pc8 = 1.15359
       pc9 = 0.714284
      pc10 = -0.0911733
      pc11 = -0.138107
      pc12 = -0.177507
      pc13 = 0.0897891
      pc14 = 0.0388376
Constrained:
     Tecnw = 40796
       Tnw = 1003.15
       Tec = 1663.01
     twoNb = 3.35351e+06
     twoNe = 44543.1
     twoNc = 406132
     twoNn = 22083.2
    twoNec = 340375
    twoNnw = 129868
  twoNecnw = 29887.4
  twoNbecnw = 77072.1
        m2 = 0.00344618
        m3 = 0.312022
        m4 = 0.0231606
        Tb = 21229.5
        Tc = 501.573
        Td = 250.787
#       SitePat  BranchLen
              b 137971.8442756
              e 54127.7054131
              c 55893.9796185
              n 49049.4065648
              w 52240.9463633
            b:e 2451.0828945
            b:c 2932.8127558
            b:n 1967.9176015
            b:w 2250.9926445
            e:c 10875.4421732
            e:n 6061.0663856
            e:w 4694.5851907
            c:n 5382.5970087
            c:w 4626.1636609
            n:w 13796.9648803
          b:e:c 2245.9869444
          b:e:n 1240.0572774
          b:e:w 1207.4488510
          b:c:n 1209.2007195
          b:c:w 1241.6796572
          b:n:w 2242.8692394
          e:c:n 6582.2809928
          e:c:w 5515.4433120
          e:n:w 8066.1059422
          c:n:w 6988.1490685
        b:e:c:n 2253.2432962
        b:e:c:w 1968.5101668
        b:e:n:w 2875.6303977
        b:c:n:w 2449.0998630
        e:c:n:w 56343.7873470
