########################################
# legofit: estimate population history #
#       version 2.3.4-4-g53f8760       #
########################################

# Program was compiled: Sep 21 2021 14:36:42
# Program was run: Wed Sep 22 15:21:36 2021

# cmd: legofit -1 -d 0 -t 32 --ptsPerDim 3 --stateOut b1boot18.state --tol 3e-6 -S 5000 bcd2.lgo ../../boot/boot18.opf
# Stage nOptItr nSimReps
#     0    5000        0
# algorithm          : deterministic
# ignoring probs <=  : 0
# Branch length floor: 0
# DE strategy        : 2
#    F               : 0.3
#    CR              : 0.8
#    tolerance       : 3e-06
# nthreads           : 32
# lgo input file     : bcd2.lgo
# site pat input file: ../../boot/boot18.opf
# free parameters    : 14
# points in DE swarm : 42
# output state file  : b1boot18.state
# Including singleton site patterns.
# cost function      : KL
Initial parameter values
Fixed:
      zero = 0
       one = 1
    Tbecnw = 75200
Free:
       pc1 = 0
       pc2 = 0
       pc3 = 0
       pc4 = 0
       pc5 = 0
       pc6 = 0
       pc7 = 0
       pc8 = 0
       pc9 = 0
      pc10 = 0
      pc11 = 0
      pc12 = 0
      pc13 = 0
      pc14 = 0
Constrained:
     Tecnw = 40361.3
       Tnw = 6323.85
       Tec = 5524.88
     twoNb = 1.40901e+06
     twoNe = 58559.7
     twoNc = 298246
     twoNn = 208697
    twoNec = 311088
    twoNnw = 107675
  twoNecnw = 30486.7
  twoNbecnw = 77076.1
        m2 = 0.000972382
        m3 = 0.301363
        m4 = 0.0195514
        Tb = 22943.1
        Tc = 3161.92
        Td = 1580.96
DiffEv reached_goal. cost=2.86441e-03 spread=2.14554e-06
Fitted parameter values
Free:
       pc1 = 3.99494
       pc2 = -0.757899
       pc3 = -1.93933
       pc4 = -0.590453
       pc5 = 1.78848
       pc6 = 1.68678
       pc7 = 1.25453
       pc8 = 0.79278
       pc9 = 1.56557
      pc10 = 0.132061
      pc11 = -0.287666
      pc12 = -0.108007
      pc13 = 0.149658
      pc14 = -0.0757096
Constrained:
     Tecnw = 40862.7
       Tnw = 675.236
       Tec = 1597.4
     twoNb = 3.65633e+06
     twoNe = 49026
     twoNc = 137780
     twoNn = 13439.4
    twoNec = 339760
    twoNnw = 130227
  twoNecnw = 29795.4
  twoNbecnw = 76908.3
        m2 = 0.00270556
        m3 = 0.322873
        m4 = 0.0225942
        Tb = 21230
        Tc = 337.618
        Td = 168.809
#       SitePat  BranchLen
              b 137903.8464538
              e 54008.3913136
              c 55756.9798850
              n 48983.0353542
              w 52305.6932756
            b:e 2425.0639449
            b:c 2892.4699008
            b:n 1957.3353208
            b:w 2254.3084048
            e:c 10850.5402652
            e:n 6097.7924415
            e:w 4683.9450956
            c:n 5413.2714221
            c:w 4621.4730839
            n:w 13712.4477495
          b:e:c 2228.8774695
          b:e:n 1237.9582978
          b:e:w 1204.9397364
          b:c:n 1206.4851544
          b:c:w 1239.4391469
          b:n:w 2226.2322858
          e:c:n 6614.7535656
          e:c:w 5499.0719614
          e:n:w 7990.0584521
          c:n:w 6935.9847063
        b:e:c:n 2256.2473105
        b:e:c:w 1958.0081622
        b:e:n:w 2841.9999733
        b:c:n:w 2424.0459556
        e:c:n:w 56359.6095281
