########################################
# legofit: estimate population history #
#       version 2.3.4-4-g53f8760       #
########################################

# Program was compiled: Sep 21 2021 14:36:42
# Program was run: Wed Sep 22 15:22:12 2021

# cmd: legofit -1 -d 0 -t 32 --ptsPerDim 3 --stateOut b1boot43.state --tol 3e-6 -S 5000 bcd2.lgo ../../boot/boot43.opf
# Stage nOptItr nSimReps
#     0    5000        0
# algorithm          : deterministic
# ignoring probs <=  : 0
# Branch length floor: 0
# DE strategy        : 2
#    F               : 0.3
#    CR              : 0.8
#    tolerance       : 3e-06
# nthreads           : 32
# lgo input file     : bcd2.lgo
# site pat input file: ../../boot/boot43.opf
# free parameters    : 14
# points in DE swarm : 42
# output state file  : b1boot43.state
# Including singleton site patterns.
# cost function      : KL
Initial parameter values
Fixed:
      zero = 0
       one = 1
    Tbecnw = 75200
Free:
       pc1 = 0
       pc2 = 0
       pc3 = 0
       pc4 = 0
       pc5 = 0
       pc6 = 0
       pc7 = 0
       pc8 = 0
       pc9 = 0
      pc10 = 0
      pc11 = 0
      pc12 = 0
      pc13 = 0
      pc14 = 0
Constrained:
     Tecnw = 40361.3
       Tnw = 6323.85
       Tec = 5524.88
     twoNb = 1.40901e+06
     twoNe = 58559.7
     twoNc = 298246
     twoNn = 208697
    twoNec = 311088
    twoNnw = 107675
  twoNecnw = 30486.7
  twoNbecnw = 77076.1
        m2 = 0.000972382
        m3 = 0.301363
        m4 = 0.0195514
        Tb = 22943.1
        Tc = 3161.92
        Td = 1580.96
DiffEv reached_goal. cost=2.84279e-03 spread=2.41698e-06
Fitted parameter values
Free:
       pc1 = 3.97891
       pc2 = -0.322956
       pc3 = -1.94693
       pc4 = 0.30352
       pc5 = 1.98671
       pc6 = 1.10366
       pc7 = 1.16181
       pc8 = 0.914389
       pc9 = 0.316915
      pc10 = -0.392616
      pc11 = -0.271329
      pc12 = -0.0977143
      pc13 = 0.0250856
      pc14 = -0.0623902
Constrained:
     Tecnw = 40664.1
       Tnw = 504.364
       Tec = 1245.85
     twoNb = 2.68077e+06
     twoNe = 39623.4
     twoNc = 101941
     twoNn = 22742.5
    twoNec = 345328
    twoNnw = 133925
  twoNecnw = 29981.7
  twoNbecnw = 76955.1
        m2 = 0.00314978
        m3 = 0.311279
        m4 = 0.023719
        Tb = 20955
        Tc = 252.182
        Td = 126.091
#       SitePat  BranchLen
              b 137863.0216497
              e 54017.9731518
              c 55788.7145296
              n 49047.7177683
              w 52213.8649477
            b:e 2439.2949171
            b:c 2941.4899084
            b:n 1971.1195150
            b:w 2251.1126767
            e:c 10850.8090301
            e:n 6071.4862116
            e:w 4722.6949789
            c:n 5403.9459407
            c:w 4645.1446298
            n:w 13713.9391326
          b:e:c 2232.2559658
          b:e:n 1241.5728259
          b:e:w 1210.1757706
          b:c:n 1212.4042496
          b:c:w 1243.6746097
          b:n:w 2228.3821963
          e:c:n 6593.6376069
          e:c:w 5537.1288650
          e:n:w 8068.1349462
          c:n:w 6967.5298247
        b:e:c:n 2253.9322236
        b:e:c:w 1972.0198632
        b:e:n:w 2868.8848056
        b:c:n:w 2437.3139154
        e:c:n:w 56286.6539302
