########################################
# legofit: estimate population history #
#       version 2.3.4-4-g53f8760       #
########################################

# Program was compiled: Sep 21 2021 14:36:42
# Program was run: Wed Sep 22 15:21:55 2021

# cmd: legofit -1 -d 0 -t 32 --ptsPerDim 3 --stateOut b1boot29.state --tol 3e-6 -S 5000 bcd2.lgo ../../boot/boot29.opf
# Stage nOptItr nSimReps
#     0    5000        0
# algorithm          : deterministic
# ignoring probs <=  : 0
# Branch length floor: 0
# DE strategy        : 2
#    F               : 0.3
#    CR              : 0.8
#    tolerance       : 3e-06
# nthreads           : 32
# lgo input file     : bcd2.lgo
# site pat input file: ../../boot/boot29.opf
# free parameters    : 14
# points in DE swarm : 42
# output state file  : b1boot29.state
# Including singleton site patterns.
# cost function      : KL
Initial parameter values
Fixed:
      zero = 0
       one = 1
    Tbecnw = 75200
Free:
       pc1 = 0
       pc2 = 0
       pc3 = 0
       pc4 = 0
       pc5 = 0
       pc6 = 0
       pc7 = 0
       pc8 = 0
       pc9 = 0
      pc10 = 0
      pc11 = 0
      pc12 = 0
      pc13 = 0
      pc14 = 0
Constrained:
     Tecnw = 40361.3
       Tnw = 6323.85
       Tec = 5524.88
     twoNb = 1.40901e+06
     twoNe = 58559.7
     twoNc = 298246
     twoNn = 208697
    twoNec = 311088
    twoNnw = 107675
  twoNecnw = 30486.7
  twoNbecnw = 77076.1
        m2 = 0.000972382
        m3 = 0.301363
        m4 = 0.0195514
        Tb = 22943.1
        Tc = 3161.92
        Td = 1580.96
DiffEv reached_goal. cost=2.83572e-03 spread=2.18630e-06
Fitted parameter values
Free:
       pc1 = 3.95784
       pc2 = -1.12864
       pc3 = -1.99746
       pc4 = 0.651328
       pc5 = 1.98172
       pc6 = 1.26645
       pc7 = 0.308612
       pc8 = 1.12132
       pc9 = 0.474349
      pc10 = 0.260727
      pc11 = -0.360289
      pc12 = 0.0732327
      pc13 = 0.109075
      pc14 = -0.0166545
Constrained:
     Tecnw = 40650
       Tnw = 929.724
       Tec = 1084.34
     twoNb = 2.8455e+06
     twoNe = 21793.6
     twoNc = 357334
     twoNn = 2186.04
    twoNec = 344307
    twoNnw = 130334
  twoNecnw = 29799.7
  twoNbecnw = 76715.7
        m2 = 0.0032725
        m3 = 0.311229
        m4 = 0.0227542
        Tb = 20867.2
        Tc = 464.862
        Td = 232.431
#       SitePat  BranchLen
              b 137797.2803459
              e 53824.2060414
              c 55603.3377579
              n 48822.0768742
              w 52053.9900617
            b:e 2415.6988853
            b:c 2898.8136265
            b:n 1942.7624545
            b:w 2224.4947979
            e:c 10843.4187519
            e:n 6074.6912022
            e:w 4666.6953740
            c:n 5358.9595610
            c:w 4608.5985456
            n:w 13705.2771036
          b:e:c 2214.6879371
          b:e:n 1226.0231899
          b:e:w 1191.3835920
          b:c:n 1193.3789096
          b:c:w 1227.8777170
          b:n:w 2211.1529921
          e:c:n 6558.5491223
          e:c:w 5486.9955243
          e:n:w 8012.2553836
          c:n:w 6939.4343650
        b:e:c:n 2227.0519564
        b:e:c:w 1943.4576577
        b:e:n:w 2832.9483181
        b:c:n:w 2413.5015036
        e:c:n:w 56442.4509474
