########################################
# legofit: estimate population history #
#       version 2.3.4-4-g53f8760       #
########################################

# Program was compiled: Sep 21 2021 14:36:42
# Program was run: Wed Sep 22 15:20:44 2021

# cmd: legofit -1 -d 0 -t 32 --ptsPerDim 3 --stateOut b1boot0.state --tol 3e-6 -S 5000 bcd2.lgo ../../boot/boot0.opf
# Stage nOptItr nSimReps
#     0    5000        0
# algorithm          : deterministic
# ignoring probs <=  : 0
# Branch length floor: 0
# DE strategy        : 2
#    F               : 0.3
#    CR              : 0.8
#    tolerance       : 3e-06
# nthreads           : 32
# lgo input file     : bcd2.lgo
# site pat input file: ../../boot/boot0.opf
# free parameters    : 14
# points in DE swarm : 42
# output state file  : b1boot0.state
# Including singleton site patterns.
# cost function      : KL
Initial parameter values
Fixed:
      zero = 0
       one = 1
    Tbecnw = 75200
Free:
       pc1 = 0
       pc2 = 0
       pc3 = 0
       pc4 = 0
       pc5 = 0
       pc6 = 0
       pc7 = 0
       pc8 = 0
       pc9 = 0
      pc10 = 0
      pc11 = 0
      pc12 = 0
      pc13 = 0
      pc14 = 0
Constrained:
     Tecnw = 40361.3
       Tnw = 6323.85
       Tec = 5524.88
     twoNb = 1.40901e+06
     twoNe = 58559.7
     twoNc = 298246
     twoNn = 208697
    twoNec = 311088
    twoNnw = 107675
  twoNecnw = 30486.7
  twoNbecnw = 77076.1
        m2 = 0.000972382
        m3 = 0.301363
        m4 = 0.0195514
        Tb = 22943.1
        Tc = 3161.92
        Td = 1580.96
DiffEv reached_goal. cost=2.81249e-03 spread=2.90410e-06
Fitted parameter values
Free:
       pc1 = 3.99473
       pc2 = -0.165524
       pc3 = -1.95911
       pc4 = -0.735643
       pc5 = 1.97609
       pc6 = 0.88212
       pc7 = 1.38128
       pc8 = 1.03381
       pc9 = 0.677184
      pc10 = -0.202843
      pc11 = -0.116064
      pc12 = -0.00706762
      pc13 = 0.070153
      pc14 = -0.0440218
Constrained:
     Tecnw = 40731
       Tnw = 550.88
       Tec = 1602.55
     twoNb = 3.04275e+06
     twoNe = 56328.2
     twoNc = 34581.2
     twoNn = 144202
    twoNec = 339789
    twoNnw = 131956
  twoNecnw = 29811.9
  twoNbecnw = 76952.1
        m2 = 0.00313935
        m3 = 0.317847
        m4 = 0.0240249
        Tb = 21166.8
        Tc = 275.44
        Td = 137.72
#       SitePat  BranchLen
              b 137928.1045304
              e 53993.7378416
              c 55770.2456599
              n 48986.7636110
              w 52197.6261543
            b:e 2426.9941106
            b:c 2928.2432751
            b:n 1958.4328519
            b:w 2243.7232900
            e:c 10824.4469102
            e:n 6050.2309503
            e:w 4700.4588580
            c:n 5399.9555394
            c:w 4617.8900919
            n:w 13701.6454018
          b:e:c 2223.5473571
          b:e:n 1234.3814633
          b:e:w 1204.1509626
          b:c:n 1206.1321152
          b:c:w 1236.2529897
          b:n:w 2220.1136342
          e:c:n 6586.8200494
          e:c:w 5509.6224667
          e:n:w 8054.4605623
          c:n:w 6943.8234757
        b:e:c:n 2246.2248906
        b:e:c:w 1959.2166581
        b:e:n:w 2863.4369339
        b:c:n:w 2425.3085358
        e:c:n:w 56426.5335837
