########################################
# legofit: estimate population history #
#       version 2.3.4-4-g53f8760       #
########################################

# Program was compiled: Sep 21 2021 14:36:42
# Program was run: Wed Sep 22 15:22:17 2021

# cmd: legofit -1 -d 0 -t 32 --ptsPerDim 3 --stateOut b1boot47.state --tol 3e-6 -S 5000 bcd2.lgo ../../boot/boot47.opf
# Stage nOptItr nSimReps
#     0    5000        0
# algorithm          : deterministic
# ignoring probs <=  : 0
# Branch length floor: 0
# DE strategy        : 2
#    F               : 0.3
#    CR              : 0.8
#    tolerance       : 3e-06
# nthreads           : 32
# lgo input file     : bcd2.lgo
# site pat input file: ../../boot/boot47.opf
# free parameters    : 14
# points in DE swarm : 42
# output state file  : b1boot47.state
# Including singleton site patterns.
# cost function      : KL
Initial parameter values
Fixed:
      zero = 0
       one = 1
    Tbecnw = 75200
Free:
       pc1 = 0
       pc2 = 0
       pc3 = 0
       pc4 = 0
       pc5 = 0
       pc6 = 0
       pc7 = 0
       pc8 = 0
       pc9 = 0
      pc10 = 0
      pc11 = 0
      pc12 = 0
      pc13 = 0
      pc14 = 0
Constrained:
     Tecnw = 40361.3
       Tnw = 6323.85
       Tec = 5524.88
     twoNb = 1.40901e+06
     twoNe = 58559.7
     twoNc = 298246
     twoNn = 208697
    twoNec = 311088
    twoNnw = 107675
  twoNecnw = 30486.7
  twoNbecnw = 77076.1
        m2 = 0.000972382
        m3 = 0.301363
        m4 = 0.0195514
        Tb = 22943.1
        Tc = 3161.92
        Td = 1580.96
DiffEv reached_goal. cost=2.83759e-03 spread=2.95587e-06
Fitted parameter values
Free:
       pc1 = 3.97327
       pc2 = -0.684631
       pc3 = -1.9676
       pc4 = 0.406772
       pc5 = 1.91203
       pc6 = 1.20384
       pc7 = 1.20083
       pc8 = 0.331197
       pc9 = 0.531252
      pc10 = -0.233572
      pc11 = -0.398583
      pc12 = -0.0568403
      pc13 = 0.0870856
      pc14 = -0.0201754
Constrained:
     Tecnw = 40694.4
       Tnw = 758.056
       Tec = 1103.25
     twoNb = 2.90246e+06
     twoNe = 27111.7
     twoNc = 102254
     twoNn = 419.429
    twoNec = 346370
    twoNnw = 131869
  twoNecnw = 29938.2
  twoNbecnw = 77012.6
        m2 = 0.00266649
        m3 = 0.30948
        m4 = 0.023484
        Tb = 20898.8
        Tc = 379.028
        Td = 189.514
#       SitePat  BranchLen
              b 137953.9166068
              e 53977.5470255
              c 55766.5251785
              n 48978.2111420
              w 52169.3628648
            b:e 2432.9718396
            b:c 2928.4849390
            b:n 1963.9803572
            b:w 2247.1857687
            e:c 10879.0951663
            e:n 6076.1084848
            e:w 4703.5027255
            c:n 5385.0374395
            c:w 4633.3999758
            n:w 13760.4339261
          b:e:c 2236.7720354
          b:e:n 1238.8531728
          b:e:w 1205.9229073
          b:c:n 1207.9345477
          b:c:w 1240.7952536
          b:n:w 2233.3359423
          e:c:n 6586.9037748
          e:c:w 5521.5897813
          e:n:w 8058.0023320
          c:n:w 6961.6099020
        b:e:c:n 2249.6899395
        b:e:c:w 1964.9595814
        b:e:n:w 2862.6965541
        b:c:n:w 2431.8178056
        e:c:n:w 56404.7019304
