########################################
# legofit: estimate population history #
#       version 2.3.4-4-g53f8760       #
########################################

# Program was compiled: Sep 21 2021 14:36:42
# Program was run: Wed Sep 22 15:20:54 2021

# cmd: legofit -1 -d 0 -t 32 --ptsPerDim 3 --stateOut b1boot13.state --tol 3e-6 -S 5000 bcd2.lgo ../../boot/boot13.opf
# Stage nOptItr nSimReps
#     0    5000        0
# algorithm          : deterministic
# ignoring probs <=  : 0
# Branch length floor: 0
# DE strategy        : 2
#    F               : 0.3
#    CR              : 0.8
#    tolerance       : 3e-06
# nthreads           : 32
# lgo input file     : bcd2.lgo
# site pat input file: ../../boot/boot13.opf
# free parameters    : 14
# points in DE swarm : 42
# output state file  : b1boot13.state
# Including singleton site patterns.
# cost function      : KL
Initial parameter values
Fixed:
      zero = 0
       one = 1
    Tbecnw = 75200
Free:
       pc1 = 0
       pc2 = 0
       pc3 = 0
       pc4 = 0
       pc5 = 0
       pc6 = 0
       pc7 = 0
       pc8 = 0
       pc9 = 0
      pc10 = 0
      pc11 = 0
      pc12 = 0
      pc13 = 0
      pc14 = 0
Constrained:
     Tecnw = 40361.3
       Tnw = 6323.85
       Tec = 5524.88
     twoNb = 1.40901e+06
     twoNe = 58559.7
     twoNc = 298246
     twoNn = 208697
    twoNec = 311088
    twoNnw = 107675
  twoNecnw = 30486.7
  twoNbecnw = 77076.1
        m2 = 0.000972382
        m3 = 0.301363
        m4 = 0.0195514
        Tb = 22943.1
        Tc = 3161.92
        Td = 1580.96
DiffEv reached_goal. cost=2.82615e-03 spread=2.45484e-06
Fitted parameter values
Free:
       pc1 = 3.99994
       pc2 = -0.868664
       pc3 = -1.97386
       pc4 = -0.484142
       pc5 = 1.91896
       pc6 = 1.35686
       pc7 = 0.924323
       pc8 = 1.30179
       pc9 = 0.447579
      pc10 = -0.0404794
      pc11 = -0.145314
      pc12 = 0.0365203
      pc13 = 0.0339077
      pc14 = 0.0168668
Constrained:
     Tecnw = 40703.2
       Tnw = 1020.95
       Tec = 1591.3
     twoNb = 3.11106e+06
     twoNe = 44851.8
     twoNc = 220143
     twoNn = 60026
    twoNec = 339670
    twoNnw = 128786
  twoNecnw = 29774.8
  twoNbecnw = 76945.1
        m2 = 0.00345219
        m3 = 0.318905
        m4 = 0.0243244
        Tb = 21147.2
        Tc = 510.475
        Td = 255.238
#       SitePat  BranchLen
              b 137941.6462722
              e 53967.2292706
              c 55772.6724836
              n 48919.7094482
              w 52141.2782501
            b:e 2428.1183774
            b:c 2935.0133053
            b:n 1950.1041984
            b:w 2234.4752137
            e:c 10816.2217551
            e:n 6048.5608231
            e:w 4687.1733177
            c:n 5385.8921276
            c:w 4605.1976304
            n:w 13707.5445617
          b:e:c 2221.9199481
          b:e:n 1230.1277371
          b:e:w 1199.1875380
          b:c:n 1201.1508492
          b:c:w 1231.9548865
          b:n:w 2218.4623889
          e:c:n 6567.6859738
          e:c:w 5490.1722266
          e:n:w 8078.8439139
          c:n:w 6951.8643460
        b:e:c:n 2236.9803227
        b:e:c:w 1950.7724171
        b:e:n:w 2870.5715813
        b:c:n:w 2426.0669307
        e:c:n:w 56482.9867641
