########################################
# legofit: estimate population history #
#       version 2.3.4-4-g53f8760       #
########################################

# Program was compiled: Sep 21 2021 14:36:42
# Program was run: Wed Sep 22 15:22:12 2021

# cmd: legofit -1 -d 0 -t 32 --ptsPerDim 3 --stateOut b1boot42.state --tol 3e-6 -S 5000 bcd2.lgo ../../boot/boot42.opf
# Stage nOptItr nSimReps
#     0    5000        0
# algorithm          : deterministic
# ignoring probs <=  : 0
# Branch length floor: 0
# DE strategy        : 2
#    F               : 0.3
#    CR              : 0.8
#    tolerance       : 3e-06
# nthreads           : 32
# lgo input file     : bcd2.lgo
# site pat input file: ../../boot/boot42.opf
# free parameters    : 14
# points in DE swarm : 42
# output state file  : b1boot42.state
# Including singleton site patterns.
# cost function      : KL
Initial parameter values
Fixed:
      zero = 0
       one = 1
    Tbecnw = 75200
Free:
       pc1 = 0
       pc2 = 0
       pc3 = 0
       pc4 = 0
       pc5 = 0
       pc6 = 0
       pc7 = 0
       pc8 = 0
       pc9 = 0
      pc10 = 0
      pc11 = 0
      pc12 = 0
      pc13 = 0
      pc14 = 0
Constrained:
     Tecnw = 40361.3
       Tnw = 6323.85
       Tec = 5524.88
     twoNb = 1.40901e+06
     twoNe = 58559.7
     twoNc = 298246
     twoNn = 208697
    twoNec = 311088
    twoNnw = 107675
  twoNecnw = 30486.7
  twoNbecnw = 77076.1
        m2 = 0.000972382
        m3 = 0.301363
        m4 = 0.0195514
        Tb = 22943.1
        Tc = 3161.92
        Td = 1580.96
DiffEv reached_goal. cost=2.80477e-03 spread=2.99104e-06
Fitted parameter values
Free:
       pc1 = 3.98797
       pc2 = -1.25959
       pc3 = -1.99628
       pc4 = 0.0277984
       pc5 = 1.99864
       pc6 = 0.598642
       pc7 = 0.115056
       pc8 = 1.38226
       pc9 = 1.00562
      pc10 = 0.73789
      pc11 = -0.269085
      pc12 = -0.0572171
      pc13 = 0.0966254
      pc14 = -0.015142
Constrained:
     Tecnw = 40798.8
       Tnw = 1051.88
       Tec = 1256.57
     twoNb = 3.08025e+06
     twoNe = 26757.4
     twoNc = 389802
     twoNn = 172351
    twoNec = 343430
    twoNnw = 128172
  twoNecnw = 29696.9
  twoNbecnw = 76442.5
        m2 = 0.00324738
        m3 = 0.318941
        m4 = 0.0222365
        Tb = 21027.7
        Tc = 525.938
        Td = 262.969
#       SitePat  BranchLen
              b 137582.2872600
              e 53892.6695825
              c 55634.1782182
              n 48838.9389067
              w 52131.2209579
            b:e 2408.9043925
            b:c 2875.8585609
            b:n 1932.9812217
            b:w 2220.5347484
            e:c 10816.8645789
            e:n 6067.9680731
            e:w 4645.2988304
            c:n 5365.0257382
            c:w 4590.0431805
            n:w 13691.3533569
          b:e:c 2208.1831556
          b:e:n 1221.8641543
          b:e:w 1187.7917727
          b:c:n 1189.5915486
          b:c:w 1223.5306816
          b:n:w 2204.9921625
          e:c:n 6549.7253814
          e:c:w 5456.9658778
          e:n:w 7964.6165321
          c:n:w 6920.4756139
        b:e:c:n 2222.8470820
        b:e:c:w 1933.5560567
        b:e:n:w 2816.4659030
        b:c:n:w 2406.8756986
        e:c:n:w 56242.5430261
