########################################
# legofit: estimate population history #
#       version 2.3.4-4-g53f8760       #
########################################

# Program was compiled: Sep 21 2021 14:36:42
# Program was run: Wed Sep 22 15:21:36 2021

# cmd: legofit -1 -d 0 -t 32 --ptsPerDim 3 --stateOut b1boot16.state --tol 3e-6 -S 5000 bcd2.lgo ../../boot/boot16.opf
# Stage nOptItr nSimReps
#     0    5000        0
# algorithm          : deterministic
# ignoring probs <=  : 0
# Branch length floor: 0
# DE strategy        : 2
#    F               : 0.3
#    CR              : 0.8
#    tolerance       : 3e-06
# nthreads           : 32
# lgo input file     : bcd2.lgo
# site pat input file: ../../boot/boot16.opf
# free parameters    : 14
# points in DE swarm : 42
# output state file  : b1boot16.state
# Including singleton site patterns.
# cost function      : KL
Initial parameter values
Fixed:
      zero = 0
       one = 1
    Tbecnw = 75200
Free:
       pc1 = 0
       pc2 = 0
       pc3 = 0
       pc4 = 0
       pc5 = 0
       pc6 = 0
       pc7 = 0
       pc8 = 0
       pc9 = 0
      pc10 = 0
      pc11 = 0
      pc12 = 0
      pc13 = 0
      pc14 = 0
Constrained:
     Tecnw = 40361.3
       Tnw = 6323.85
       Tec = 5524.88
     twoNb = 1.40901e+06
     twoNe = 58559.7
     twoNc = 298246
     twoNn = 208697
    twoNec = 311088
    twoNnw = 107675
  twoNecnw = 30486.7
  twoNbecnw = 77076.1
        m2 = 0.000972382
        m3 = 0.301363
        m4 = 0.0195514
        Tb = 22943.1
        Tc = 3161.92
        Td = 1580.96
DiffEv reached_goal. cost=2.79113e-03 spread=2.99783e-06
Fitted parameter values
Free:
       pc1 = 3.99186
       pc2 = -0.301845
       pc3 = -1.96018
       pc4 = -0.0243624
       pc5 = 1.96334
       pc6 = 0.729172
       pc7 = 0.952709
       pc8 = 0.864311
       pc9 = 0.511582
      pc10 = 0.188764
      pc11 = -0.202774
      pc12 = -0.0137199
      pc13 = 0.0799593
      pc14 = -0.0137793
Constrained:
     Tecnw = 40767.1
       Tnw = 621.125
       Tec = 1394.96
     twoNb = 2.78226e+06
     twoNe = 40098.4
     twoNc = 127556
     twoNn = 123483
    twoNec = 342376
    twoNnw = 132101
  twoNecnw = 29743.1
  twoNbecnw = 76774.6
        m2 = 0.0030143
        m3 = 0.310763
        m4 = 0.0233025
        Tb = 21081
        Tc = 310.562
        Td = 155.281
#       SitePat  BranchLen
              b 137819.0556237
              e 53947.8588743
              c 55729.7120632
              n 48926.4037179
              w 52128.7059943
            b:e 2417.5045563
            b:c 2911.3479816
            b:n 1948.1440659
            b:w 2230.1235533
            e:c 10832.7776794
            e:n 6052.2852104
            e:w 4671.4359668
            c:n 5356.9666922
            c:w 4604.4291635
            n:w 13732.6727726
          b:e:c 2220.0151486
          b:e:n 1228.4189181
          b:e:w 1195.2336193
          b:c:n 1197.3153105
          b:c:w 1230.3904806
          b:n:w 2216.3921412
          e:c:n 6557.5890176
          e:c:w 5490.5487575
          e:n:w 8021.1078023
          c:n:w 6930.7371795
        b:e:c:n 2232.7531138
        b:e:c:w 1949.0085109
        b:e:n:w 2842.8051571
        b:c:n:w 2415.7512334
        e:c:n:w 56394.9170819
