########################################
# legofit: estimate population history #
#       version 2.3.4-4-g53f8760       #
########################################

# Program was compiled: Sep 21 2021 14:36:42
# Program was run: Wed Sep 22 15:22:17 2021

# cmd: legofit -1 -d 0 -t 32 --ptsPerDim 3 --stateOut b1boot45.state --tol 3e-6 -S 5000 bcd2.lgo ../../boot/boot45.opf
# Stage nOptItr nSimReps
#     0    5000        0
# algorithm          : deterministic
# ignoring probs <=  : 0
# Branch length floor: 0
# DE strategy        : 2
#    F               : 0.3
#    CR              : 0.8
#    tolerance       : 3e-06
# nthreads           : 32
# lgo input file     : bcd2.lgo
# site pat input file: ../../boot/boot45.opf
# free parameters    : 14
# points in DE swarm : 42
# output state file  : b1boot45.state
# Including singleton site patterns.
# cost function      : KL
Initial parameter values
Fixed:
      zero = 0
       one = 1
    Tbecnw = 75200
Free:
       pc1 = 0
       pc2 = 0
       pc3 = 0
       pc4 = 0
       pc5 = 0
       pc6 = 0
       pc7 = 0
       pc8 = 0
       pc9 = 0
      pc10 = 0
      pc11 = 0
      pc12 = 0
      pc13 = 0
      pc14 = 0
Constrained:
     Tecnw = 40361.3
       Tnw = 6323.85
       Tec = 5524.88
     twoNb = 1.40901e+06
     twoNe = 58559.7
     twoNc = 298246
     twoNn = 208697
    twoNec = 311088
    twoNnw = 107675
  twoNecnw = 30486.7
  twoNbecnw = 77076.1
        m2 = 0.000972382
        m3 = 0.301363
        m4 = 0.0195514
        Tb = 22943.1
        Tc = 3161.92
        Td = 1580.96
DiffEv reached_goal. cost=2.87832e-03 spread=2.66414e-06
Fitted parameter values
Free:
       pc1 = 3.99596
       pc2 = -0.758077
       pc3 = -1.92737
       pc4 = -0.0341511
       pc5 = 1.93556
       pc6 = 0.98843
       pc7 = 0.421289
       pc8 = 0.767767
       pc9 = 0.429389
      pc10 = 0.169825
      pc11 = -0.282619
      pc12 = 0.115528
      pc13 = 0.0469605
      pc14 = -0.0659095
Constrained:
     Tecnw = 40704.3
       Tnw = 1094.15
       Tec = 1495.06
     twoNb = 2.92125e+06
     twoNe = 31061.8
     twoNc = 265291
     twoNn = 110836
    twoNec = 342193
    twoNnw = 131300
  twoNecnw = 29716.3
  twoNbecnw = 76924.8
        m2 = 0.00309857
        m3 = 0.309342
        m4 = 0.0231482
        Tb = 21099.7
        Tc = 547.073
        Td = 273.537
#       SitePat  BranchLen
              b 137984.3990766
              e 53860.5372824
              c 55697.4250158
              n 48912.4407617
              w 52140.6824311
            b:e 2414.0780928
            b:c 2907.2829330
            b:n 1946.8021596
            b:w 2229.6253161
            e:c 10800.7707292
            e:n 6096.5611632
            e:w 4670.9839816
            c:n 5345.5045844
            c:w 4616.6805854
            n:w 13643.8315269
          b:e:c 2213.8236615
          b:e:n 1230.5657404
          b:e:w 1193.7814229
          b:c:n 1195.7507782
          b:c:w 1232.4206262
          b:n:w 2210.3803586
          e:c:n 6566.2877446
          e:c:w 5494.2774334
          e:n:w 8027.4147252
          c:n:w 6928.8787321
        b:e:c:n 2232.1278938
        b:e:c:w 1947.5890293
        b:e:n:w 2842.2735781
        b:c:n:w 2412.2527313
        e:c:n:w 56602.0809202
