########################################
# legofit: estimate population history #
#       version 2.3.4-4-g53f8760       #
########################################

# Program was compiled: Sep 21 2021 14:36:42
# Program was run: Wed Sep 22 15:20:48 2021

# cmd: legofit -1 -d 0 -t 32 --ptsPerDim 3 --stateOut b1boot7.state --tol 3e-6 -S 5000 bcd2.lgo ../../boot/boot7.opf
# Stage nOptItr nSimReps
#     0    5000        0
# algorithm          : deterministic
# ignoring probs <=  : 0
# Branch length floor: 0
# DE strategy        : 2
#    F               : 0.3
#    CR              : 0.8
#    tolerance       : 3e-06
# nthreads           : 32
# lgo input file     : bcd2.lgo
# site pat input file: ../../boot/boot7.opf
# free parameters    : 14
# points in DE swarm : 42
# output state file  : b1boot7.state
# Including singleton site patterns.
# cost function      : KL
Initial parameter values
Fixed:
      zero = 0
       one = 1
    Tbecnw = 75200
Free:
       pc1 = 0
       pc2 = 0
       pc3 = 0
       pc4 = 0
       pc5 = 0
       pc6 = 0
       pc7 = 0
       pc8 = 0
       pc9 = 0
      pc10 = 0
      pc11 = 0
      pc12 = 0
      pc13 = 0
      pc14 = 0
Constrained:
     Tecnw = 40361.3
       Tnw = 6323.85
       Tec = 5524.88
     twoNb = 1.40901e+06
     twoNe = 58559.7
     twoNc = 298246
     twoNn = 208697
    twoNec = 311088
    twoNnw = 107675
  twoNecnw = 30486.7
  twoNbecnw = 77076.1
        m2 = 0.000972382
        m3 = 0.301363
        m4 = 0.0195514
        Tb = 22943.1
        Tc = 3161.92
        Td = 1580.96
DiffEv reached_goal. cost=2.82688e-03 spread=2.40075e-06
Fitted parameter values
Free:
       pc1 = 3.99374
       pc2 = -0.690262
       pc3 = -1.98995
       pc4 = -0.259122
       pc5 = 1.99702
       pc6 = 1.36208
       pc7 = 1.55217
       pc8 = 0.169348
       pc9 = 1.03797
      pc10 = -0.195621
      pc11 = -0.505833
      pc12 = 0.146649
      pc13 = 0.187594
      pc14 = -0.102479
Constrained:
     Tecnw = 40665.8
       Tnw = 695.483
       Tec = 1235.23
     twoNb = 3.38843e+06
     twoNe = 33603.8
     twoNc = 12379.5
     twoNn = 27439
    twoNec = 341212
    twoNnw = 131739
  twoNecnw = 29829.4
  twoNbecnw = 77095.8
        m2 = 0.00248627
        m3 = 0.315379
        m4 = 0.0233115
        Tb = 20950.5
        Tc = 347.742
        Td = 173.871
#       SitePat  BranchLen
              b 138114.1717184
              e 53821.6872816
              c 55615.7276406
              n 48890.7509486
              w 52157.4646050
            b:e 2414.5175541
            b:c 2901.0533414
            b:n 1955.6234893
            b:w 2246.5467694
            e:c 10868.3888536
            e:n 6089.9742064
            e:w 4693.0622517
            c:n 5397.5411469
            c:w 4625.0333786
            n:w 13682.9456929
          b:e:c 2223.4092544
          b:e:n 1234.8366351
          b:e:w 1201.8066276
          b:c:n 1203.5102290
          b:c:w 1236.4944847
          b:n:w 2220.5328669
          e:c:n 6611.2398712
          e:c:w 5515.2447905
          e:n:w 8022.0244455
          c:n:w 6929.9649253
        b:e:c:n 2248.6565704
        b:e:c:w 1956.4801897
        b:e:n:w 2845.1436485
        b:c:n:w 2413.7275041
        e:c:n:w 56670.0387026
