########################################
# legofit: estimate population history #
#       version 2.3.4-4-g53f8760       #
########################################

# Program was compiled: Sep 21 2021 14:36:42
# Program was run: Fri Oct 22 21:56:46 2021

# cmd: legofit -1 -d 0 -t 56 --ptsPerDim 3 --stateOut b1boot23.state --tol 3e-6 -S 5000 abdegh2.lgo ../../chrX/boot_chrX/boot23.opf
# Stage nOptItr nSimReps
#     0    5000        0
# algorithm          : deterministic
# ignoring probs <=  : 0
# Branch length floor: 0
# DE strategy        : 2
#    F               : 0.3
#    CR              : 0.8
#    tolerance       : 3e-06
# nthreads           : 56
# lgo input file     : abdegh2.lgo
# site pat input file: ../../chrX/boot_chrX/boot23.opf
# free parameters    : 19
# points in DE swarm : 57
# output state file  : b1boot23.state
# Including singleton site patterns.
# cost function      : KL
Initial parameter values
Fixed:
      zero = 0
       one = 1
    Tbecnw = 75200
Free:
       pc1 = 0
       pc2 = 0
       pc3 = 0
       pc4 = 0
       pc5 = 0
       pc6 = 0
       pc7 = 0
       pc8 = 0
       pc9 = 0
      pc10 = 0
      pc11 = 0
      pc12 = 0
      pc13 = 0
      pc14 = 0
      pc15 = 0
      pc16 = 0
      pc17 = 0
      pc18 = 0
      pc19 = 0
Constrained:
   Tgbecnw = 116787
     Tecnw = 30739.6
       Tnw = 11296.5
       Tec = 10449.6
     twoNb = 4.33084e+06
     twoNe = 3.14859e+06
     twoNc = 1.52367e+06
     twoNw = 1.1218e+06
    twoNec = 49404.3
    twoNnw = 73598
  twoNecnw = 52834.5
  twoNbecnw = 12985.8
  twoNgbecnw = 321240
         m = 0.0777224
        m2 = 0.00430751
        m4 = 0.019637
        m5 = 0.136867
        m7 = 0.0167012
        m8 = 0.186942
        Th = 10873.1
        Tb = 20806.3
        Ta = 48003.2
        Td = 5224.82
        Te = 2612.41
        Tg = 1306.2
DiffEv reached_goal. cost=2.16036e-03 spread=2.83527e-06
Fitted parameter values
Free:
       pc1 = -3.90345
       pc2 = 3.67867
       pc3 = -3.00523
       pc4 = 2.64911
       pc5 = 1.46939
       pc6 = 0.292762
       pc7 = -1.98804
       pc8 = 1.62035
       pc9 = -0.725664
      pc10 = 0.750329
      pc11 = -0.553105
      pc12 = 0.832541
      pc13 = 0.47895
      pc14 = -0.0904549
      pc15 = 0.12355
      pc16 = -0.022065
      pc17 = -0.399132
      pc18 = 0.0491434
      pc19 = 0.341887
Constrained:
   Tgbecnw = 81023.7
     Tecnw = 27731.4
       Tnw = 15490
       Tec = 10379.8
     twoNb = 1.87918e+06
     twoNe = 9.68197e+06
     twoNc = 2.03952e+06
     twoNw = 2.04371e+06
    twoNec = 46489.1
    twoNnw = 43992.1
  twoNecnw = 58192.7
  twoNbecnw = 2140.32
  twoNgbecnw = 287658
         m = 0.09176
        m2 = 2.51101e-05
        m4 = 0.0209992
        m5 = 0.147292
        m7 = 0.0159561
        m8 = 0.189574
        Th = 12934.9
        Tb = 20333.1
        Ta = 47766.6
        Td = 5189.88
        Te = 2594.94
        Tg = 1297.47
#       SitePat  BranchLen
              b 114029.9606181
              e 42610.3197396
              c 44629.1513963
              n 42049.9983515
              w 42002.3303708
            b:e 1208.1785663
            b:c 1376.3830464
            b:n 1016.6454219
            b:w 1014.5270138
            e:c 11395.3778225
            e:n 4440.2099551
            e:w 4478.5377791
            c:n 3935.7636199
            c:w 3933.9873161
            n:w 11635.7831237
          b:e:c 1261.1969462
          b:e:n 560.4845851
          b:e:w 561.8460195
          b:c:n 565.7465969
          b:c:w 564.2402510
          b:n:w 1247.6409164
          e:c:n 4064.6441383
          e:c:w 4075.7605988
          e:n:w 5550.1773705
          c:n:w 4670.7650891
        b:e:c:n 1121.4933888
        b:e:c:w 1123.7567083
        b:e:n:w 1858.9145371
        b:c:n:w 1592.6311948
        e:c:n:w 44792.7478255
