########################################
# legofit: estimate population history #
#       version 2.3.4-4-g53f8760       #
########################################

# Program was compiled: Sep 21 2021 14:36:42
# Program was run: Fri Oct 22 20:15:07 2021

# cmd: legofit -1 -d 0 -t 56 --ptsPerDim 3 --stateOut b1boot8.state --tol 3e-6 -S 5000 abdegh2.lgo ../../chrX/boot_chrX/boot8.opf
# Stage nOptItr nSimReps
#     0    5000        0
# algorithm          : deterministic
# ignoring probs <=  : 0
# Branch length floor: 0
# DE strategy        : 2
#    F               : 0.3
#    CR              : 0.8
#    tolerance       : 3e-06
# nthreads           : 56
# lgo input file     : abdegh2.lgo
# site pat input file: ../../chrX/boot_chrX/boot8.opf
# free parameters    : 19
# points in DE swarm : 57
# output state file  : b1boot8.state
# Including singleton site patterns.
# cost function      : KL
Initial parameter values
Fixed:
      zero = 0
       one = 1
    Tbecnw = 75200
Free:
       pc1 = 0
       pc2 = 0
       pc3 = 0
       pc4 = 0
       pc5 = 0
       pc6 = 0
       pc7 = 0
       pc8 = 0
       pc9 = 0
      pc10 = 0
      pc11 = 0
      pc12 = 0
      pc13 = 0
      pc14 = 0
      pc15 = 0
      pc16 = 0
      pc17 = 0
      pc18 = 0
      pc19 = 0
Constrained:
   Tgbecnw = 116787
     Tecnw = 30739.6
       Tnw = 11296.5
       Tec = 10449.6
     twoNb = 4.33084e+06
     twoNe = 3.14859e+06
     twoNc = 1.52367e+06
     twoNw = 1.1218e+06
    twoNec = 49404.3
    twoNnw = 73598
  twoNecnw = 52834.5
  twoNbecnw = 12985.8
  twoNgbecnw = 321240
         m = 0.0777224
        m2 = 0.00430751
        m4 = 0.019637
        m5 = 0.136867
        m7 = 0.0167012
        m8 = 0.186942
        Th = 10873.1
        Tb = 20806.3
        Ta = 48003.2
        Td = 5224.82
        Te = 2612.41
        Tg = 1306.2
DiffEv reached_goal. cost=2.18148e-03 spread=2.99203e-06
Fitted parameter values
Free:
       pc1 = -3.98679
       pc2 = 3.90587
       pc3 = -3.60754
       pc4 = 0.523171
       pc5 = 1.99002
       pc6 = -1.18158
       pc7 = -1.29203
       pc8 = -0.236001
       pc9 = -0.332107
      pc10 = 1.83651
      pc11 = -0.288737
      pc12 = 0.728777
      pc13 = 0.511066
      pc14 = -0.271154
      pc15 = 0.364242
      pc16 = -0.157595
      pc17 = -0.180083
      pc18 = 0.0400212
      pc19 = 0.051674
Constrained:
   Tgbecnw = 84938.4
     Tecnw = 27105
       Tnw = 15769.1
       Tec = 10659
     twoNb = 2.58608e+06
     twoNe = 3.09718e+06
     twoNc = 4.29015e+06
     twoNw = 2.21468e+06
    twoNec = 47150
    twoNnw = 40285.2
  twoNecnw = 60472.9
  twoNbecnw = 3217.05
  twoNgbecnw = 385455
         m = 0.0694283
        m2 = 3.90862e-05
        m4 = 0.0198089
        m5 = 0.14568
        m7 = 0.0153281
        m8 = 0.176432
        Th = 13214
        Tb = 20159.5
        Ta = 47679.8
        Td = 5329.5
        Te = 2664.75
        Tg = 1332.37
#       SitePat  BranchLen
              b 115450.1141754
              e 42947.0798107
              c 44987.1787823
              n 42070.5153062
              w 42027.3276127
            b:e 1249.4067841
            b:c 1416.2375671
            b:n 1062.0166342
            b:w 1060.0055988
            e:c 11454.3517706
            e:n 4503.5638418
            e:w 4538.7395358
            c:n 3995.0714499
            c:w 3992.9100922
            n:w 11921.4914340
          b:e:c 1329.8284195
          b:e:n 589.5874056
          b:e:w 590.9162626
          b:c:n 594.9711914
          b:c:w 593.5015165
          b:n:w 1314.9272407
          e:c:n 4102.8130704
          e:c:w 4112.9864276
          e:n:w 5658.0922736
          c:n:w 4764.6304545
        b:e:c:n 1174.5899029
        b:e:c:w 1176.7417564
        b:e:n:w 1943.5422915
        b:c:n:w 1676.4271305
        e:c:n:w 45850.5744166
