########################################
# legofit: estimate population history #
#       version 2.3.4-4-g53f8760       #
########################################

# Program was compiled: Sep 21 2021 14:36:42
# Program was run: Fri Oct 22 19:37:11 2021

# cmd: legofit -1 -d 0 -t 56 --ptsPerDim 3 --stateOut b1boot0.state --tol 3e-6 -S 5000 abdegh2.lgo ../../chrX/boot_chrX/boot0.opf
# Stage nOptItr nSimReps
#     0    5000        0
# algorithm          : deterministic
# ignoring probs <=  : 0
# Branch length floor: 0
# DE strategy        : 2
#    F               : 0.3
#    CR              : 0.8
#    tolerance       : 3e-06
# nthreads           : 56
# lgo input file     : abdegh2.lgo
# site pat input file: ../../chrX/boot_chrX/boot0.opf
# free parameters    : 19
# points in DE swarm : 57
# output state file  : b1boot0.state
# Including singleton site patterns.
# cost function      : KL
Initial parameter values
Fixed:
      zero = 0
       one = 1
    Tbecnw = 75200
Free:
       pc1 = 0
       pc2 = 0
       pc3 = 0
       pc4 = 0
       pc5 = 0
       pc6 = 0
       pc7 = 0
       pc8 = 0
       pc9 = 0
      pc10 = 0
      pc11 = 0
      pc12 = 0
      pc13 = 0
      pc14 = 0
      pc15 = 0
      pc16 = 0
      pc17 = 0
      pc18 = 0
      pc19 = 0
Constrained:
   Tgbecnw = 116787
     Tecnw = 30739.6
       Tnw = 11296.5
       Tec = 10449.6
     twoNb = 4.33084e+06
     twoNe = 3.14859e+06
     twoNc = 1.52367e+06
     twoNw = 1.1218e+06
    twoNec = 49404.3
    twoNnw = 73598
  twoNecnw = 52834.5
  twoNbecnw = 12985.8
  twoNgbecnw = 321240
         m = 0.0777224
        m2 = 0.00430751
        m4 = 0.019637
        m5 = 0.136867
        m7 = 0.0167012
        m8 = 0.186942
        Th = 10873.1
        Tb = 20806.3
        Ta = 48003.2
        Td = 5224.82
        Te = 2612.41
        Tg = 1306.2
DiffEv reached_goal. cost=2.09997e-03 spread=2.62620e-06
Fitted parameter values
Free:
       pc1 = -3.26567
       pc2 = 3.95314
       pc3 = -3.31885
       pc4 = 0.864734
       pc5 = 1.96188
       pc6 = -1.88904
       pc7 = -1.72357
       pc8 = -0.428207
       pc9 = -0.658525
      pc10 = 0.558721
      pc11 = -0.433318
      pc12 = 0.546379
      pc13 = -0.323349
      pc14 = -0.19291
      pc15 = -0.029817
      pc16 = 0.0312009
      pc17 = -0.0727952
      pc18 = 0.0196975
      pc19 = 0.0220201
Constrained:
   Tgbecnw = 86807.6
     Tecnw = 27181.5
       Tnw = 15380.9
       Tec = 10081.6
     twoNb = 3.97481e+06
     twoNe = 3.59134e+06
     twoNc = 1.77946e+06
     twoNw = 2.20739e+06
    twoNec = 49607.4
    twoNnw = 42327.7
  twoNecnw = 59102
  twoNbecnw = 3717.76
  twoNgbecnw = 396851
         m = 0.0658449
        m2 = 0.000368523
        m4 = 0.0202722
        m5 = 0.146463
        m7 = 0.0192307
        m8 = 0.16899
        Th = 12731.3
        Tb = 19956.4
        Ta = 47578.2
        Td = 5040.81
        Te = 2520.4
        Tg = 1260.2
#       SitePat  BranchLen
              b 114714.4588178
              e 43001.5406456
              c 44858.7566874
              n 41936.4431643
              w 41893.6126715
            b:e 1207.1961696
            b:c 1336.5680803
            b:n 1005.5430925
            b:w 1003.6617616
            e:c 11380.7897738
            e:n 4442.9102269
            e:w 4477.7301078
            c:n 3955.6155540
            c:w 3953.6803912
            n:w 11877.2805852
          b:e:c 1258.1504429
          b:e:n 557.7226788
          b:e:w 558.9619644
          b:c:n 561.9493759
          b:c:w 560.5846290
          b:n:w 1244.5448392
          e:c:n 4052.9422078
          e:c:w 4062.8879826
          e:n:w 5577.9949946
          c:n:w 4756.9131490
        b:e:c:n 1107.3765161
        b:e:c:w 1109.3833082
        b:e:n:w 1878.3618038
        b:c:n:w 1718.3507200
        e:c:n:w 45148.8654634
