########################################
# legofit: estimate population history #
#       version 2.3.4-4-g53f8760       #
########################################

# Program was compiled: Sep 21 2021 14:36:42
# Program was run: Fri Oct 22 20:59:20 2021

# cmd: legofit -1 -d 0 -t 56 --ptsPerDim 3 --stateOut b1boot10.state --tol 3e-6 -S 5000 abdegh2.lgo ../../chrX/boot_chrX/boot10.opf
# Stage nOptItr nSimReps
#     0    5000        0
# algorithm          : deterministic
# ignoring probs <=  : 0
# Branch length floor: 0
# DE strategy        : 2
#    F               : 0.3
#    CR              : 0.8
#    tolerance       : 3e-06
# nthreads           : 56
# lgo input file     : abdegh2.lgo
# site pat input file: ../../chrX/boot_chrX/boot10.opf
# free parameters    : 19
# points in DE swarm : 57
# output state file  : b1boot10.state
# Including singleton site patterns.
# cost function      : KL
Initial parameter values
Fixed:
      zero = 0
       one = 1
    Tbecnw = 75200
Free:
       pc1 = 0
       pc2 = 0
       pc3 = 0
       pc4 = 0
       pc5 = 0
       pc6 = 0
       pc7 = 0
       pc8 = 0
       pc9 = 0
      pc10 = 0
      pc11 = 0
      pc12 = 0
      pc13 = 0
      pc14 = 0
      pc15 = 0
      pc16 = 0
      pc17 = 0
      pc18 = 0
      pc19 = 0
Constrained:
   Tgbecnw = 116787
     Tecnw = 30739.6
       Tnw = 11296.5
       Tec = 10449.6
     twoNb = 4.33084e+06
     twoNe = 3.14859e+06
     twoNc = 1.52367e+06
     twoNw = 1.1218e+06
    twoNec = 49404.3
    twoNnw = 73598
  twoNecnw = 52834.5
  twoNbecnw = 12985.8
  twoNgbecnw = 321240
         m = 0.0777224
        m2 = 0.00430751
        m4 = 0.019637
        m5 = 0.136867
        m7 = 0.0167012
        m8 = 0.186942
        Th = 10873.1
        Tb = 20806.3
        Ta = 48003.2
        Td = 5224.82
        Te = 2612.41
        Tg = 1306.2
DiffEv reached_goal. cost=2.07006e-03 spread=2.99890e-06
Fitted parameter values
Free:
       pc1 = -2.72682
       pc2 = 3.84613
       pc3 = -3.8938
       pc4 = 0.0644192
       pc5 = 1.54171
       pc6 = -0.990858
       pc7 = -1.85353
       pc8 = -0.248771
       pc9 = -0.451235
      pc10 = -0.748921
      pc11 = 0.125564
      pc12 = 0.418378
      pc13 = 0.259206
      pc14 = 0.00556112
      pc15 = 0.0788361
      pc16 = -0.0716989
      pc17 = -0.0849636
      pc18 = 0.0895237
      pc19 = -0.0207802
Constrained:
   Tgbecnw = 88048.7
     Tecnw = 27196.6
       Tnw = 13870.2
       Tec = 10111.7
     twoNb = 2.1195e+06
     twoNe = 8.08645e+06
     twoNc = 1.54393e+06
     twoNw = 2.08155e+06
    twoNec = 50613.4
    twoNnw = 52575.4
  twoNecnw = 55791.7
  twoNbecnw = 4123.43
  twoNgbecnw = 414555
         m = 0.059481
        m2 = 0.000422202
        m4 = 0.0189674
        m5 = 0.143984
        m7 = 0.0168139
        m8 = 0.150348
        Th = 11991
        Tb = 19593.8
        Ta = 47396.9
        Td = 5055.87
        Te = 2527.94
        Tg = 1263.97
#       SitePat  BranchLen
              b 114416.4127763
              e 42579.0457712
              c 44384.8351940
              n 41979.5423140
              w 41942.0146935
            b:e 1221.1253026
            b:c 1353.1677519
            b:n 1049.6566900
            b:w 1048.0048319
            e:c 11330.5242922
            e:n 4450.8486093
            e:w 4482.8296608
            c:n 3974.3586198
            c:w 3971.4271359
            n:w 11633.5162164
          b:e:c 1272.2554749
          b:e:n 574.7515289
          b:e:w 575.9573322
          b:c:n 578.8797799
          b:c:w 577.5709454
          b:n:w 1259.8599436
          e:c:n 4197.4075722
          e:c:w 4205.8856251
          e:n:w 5474.1965299
          c:n:w 4700.8603468
        b:e:c:n 1147.9463168
        b:e:c:w 1149.7012062
        b:e:n:w 1822.9958615
        b:c:n:w 1640.6508150
        e:c:n:w 45203.4655391
