########################################
# legofit: estimate population history #
#       version 2.3.4-4-g53f8760       #
########################################

# Program was compiled: Sep 21 2021 14:36:42
# Program was run: Fri Oct 22 21:47:26 2021

# cmd: legofit -1 -d 0 -t 56 --ptsPerDim 3 --stateOut b1boot15.state --tol 3e-6 -S 5000 abdegh2.lgo ../../chrX/boot_chrX/boot15.opf
# Stage nOptItr nSimReps
#     0    5000        0
# algorithm          : deterministic
# ignoring probs <=  : 0
# Branch length floor: 0
# DE strategy        : 2
#    F               : 0.3
#    CR              : 0.8
#    tolerance       : 3e-06
# nthreads           : 56
# lgo input file     : abdegh2.lgo
# site pat input file: ../../chrX/boot_chrX/boot15.opf
# free parameters    : 19
# points in DE swarm : 57
# output state file  : b1boot15.state
# Including singleton site patterns.
# cost function      : KL
Initial parameter values
Fixed:
      zero = 0
       one = 1
    Tbecnw = 75200
Free:
       pc1 = 0
       pc2 = 0
       pc3 = 0
       pc4 = 0
       pc5 = 0
       pc6 = 0
       pc7 = 0
       pc8 = 0
       pc9 = 0
      pc10 = 0
      pc11 = 0
      pc12 = 0
      pc13 = 0
      pc14 = 0
      pc15 = 0
      pc16 = 0
      pc17 = 0
      pc18 = 0
      pc19 = 0
Constrained:
   Tgbecnw = 116787
     Tecnw = 30739.6
       Tnw = 11296.5
       Tec = 10449.6
     twoNb = 4.33084e+06
     twoNe = 3.14859e+06
     twoNc = 1.52367e+06
     twoNw = 1.1218e+06
    twoNec = 49404.3
    twoNnw = 73598
  twoNecnw = 52834.5
  twoNbecnw = 12985.8
  twoNgbecnw = 321240
         m = 0.0777224
        m2 = 0.00430751
        m4 = 0.019637
        m5 = 0.136867
        m7 = 0.0167012
        m8 = 0.186942
        Th = 10873.1
        Tb = 20806.3
        Ta = 48003.2
        Td = 5224.82
        Te = 2612.41
        Tg = 1306.2
DiffEv reached_goal. cost=2.09906e-03 spread=2.78134e-06
Fitted parameter values
Free:
       pc1 = -2.87383
       pc2 = 3.98217
       pc3 = -3.9543
       pc4 = 0.626628
       pc5 = 1.97624
       pc6 = -1.7416
       pc7 = -1.90767
       pc8 = -0.363672
       pc9 = -1.15519
      pc10 = 1.20913
      pc11 = 0.0515931
      pc12 = 0.537262
      pc13 = -0.346951
      pc14 = 0.17854
      pc15 = 0.165337
      pc16 = -0.078356
      pc17 = -0.0819748
      pc18 = -0.113123
      pc19 = 0.0718127
Constrained:
   Tgbecnw = 83174.1
     Tecnw = 27073.2
       Tnw = 14649.4
       Tec = 9843.91
     twoNb = 1.15005e+06
     twoNe = 2.02441e+06
     twoNc = 2.66042e+06
     twoNw = 2.34829e+06
    twoNec = 51022.7
    twoNnw = 45475.8
  twoNecnw = 56249.5
  twoNbecnw = 2689.89
  twoNgbecnw = 384840
         m = 0.0620751
        m2 = 8.83909e-06
        m4 = 0.0197862
        m5 = 0.142891
        m7 = 0.0188255
        m8 = 0.168852
        Th = 12246.6
        Tb = 19659.9
        Ta = 47430
        Td = 4921.96
        Te = 2460.98
        Tg = 1230.49
#       SitePat  BranchLen
              b 113149.0684523
              e 42483.8271273
              c 44250.5959552
              n 41434.6358396
              w 41397.5832996
            b:e 1310.2925148
            b:c 1437.3228718
            b:n 1053.7777079
            b:w 1052.0697200
            e:c 11188.2578471
            e:n 4446.6827796
            e:w 4476.8739667
            c:n 3981.9030285
            c:w 3980.0921142
            n:w 11734.5660751
          b:e:c 1308.3072080
          b:e:n 587.2610478
          b:e:w 588.3948432
          b:c:n 591.2938679
          b:c:w 590.0470603
          b:n:w 1288.9473064
          e:c:n 4121.3975233
          e:c:w 4130.0697905
          e:n:w 5635.1227176
          c:n:w 4852.3952336
        b:e:c:n 1159.9918636
        b:e:c:w 1161.8128637
        b:e:n:w 1865.5123118
        b:c:n:w 1710.3171735
        e:c:n:w 44390.6124799
