########################################
# legofit: estimate population history #
#       version 2.3.4-4-g53f8760       #
########################################

# Program was compiled: Sep 21 2021 14:36:42
# Program was run: Sat Oct 23 04:36:05 2021

# cmd: legofit -1 -d 0 -t 56 --ptsPerDim 3 --stateOut b1boot34.state --tol 3e-6 -S 5000 abdegh2.lgo ../../chrX/boot_chrX/boot34.opf
# Stage nOptItr nSimReps
#     0    5000        0
# algorithm          : deterministic
# ignoring probs <=  : 0
# Branch length floor: 0
# DE strategy        : 2
#    F               : 0.3
#    CR              : 0.8
#    tolerance       : 3e-06
# nthreads           : 56
# lgo input file     : abdegh2.lgo
# site pat input file: ../../chrX/boot_chrX/boot34.opf
# free parameters    : 19
# points in DE swarm : 57
# output state file  : b1boot34.state
# Including singleton site patterns.
# cost function      : KL
Initial parameter values
Fixed:
      zero = 0
       one = 1
    Tbecnw = 75200
Free:
       pc1 = 0
       pc2 = 0
       pc3 = 0
       pc4 = 0
       pc5 = 0
       pc6 = 0
       pc7 = 0
       pc8 = 0
       pc9 = 0
      pc10 = 0
      pc11 = 0
      pc12 = 0
      pc13 = 0
      pc14 = 0
      pc15 = 0
      pc16 = 0
      pc17 = 0
      pc18 = 0
      pc19 = 0
Constrained:
   Tgbecnw = 116787
     Tecnw = 30739.6
       Tnw = 11296.5
       Tec = 10449.6
     twoNb = 4.33084e+06
     twoNe = 3.14859e+06
     twoNc = 1.52367e+06
     twoNw = 1.1218e+06
    twoNec = 49404.3
    twoNnw = 73598
  twoNecnw = 52834.5
  twoNbecnw = 12985.8
  twoNgbecnw = 321240
         m = 0.0777224
        m2 = 0.00430751
        m4 = 0.019637
        m5 = 0.136867
        m7 = 0.0167012
        m8 = 0.186942
        Th = 10873.1
        Tb = 20806.3
        Ta = 48003.2
        Td = 5224.82
        Te = 2612.41
        Tg = 1306.2
DiffEv reached_goal. cost=1.96463e-03 spread=2.92675e-06
Fitted parameter values
Free:
       pc1 = -3.0675
       pc2 = 3.57024
       pc3 = -3.8842
       pc4 = 1.2646
       pc5 = 1.32257
       pc6 = -1.952
       pc7 = -1.8248
       pc8 = 0.708959
       pc9 = 1.23784
      pc10 = -0.0184501
      pc11 = 0.806526
      pc12 = 0.610524
      pc13 = 0.449288
      pc14 = -0.31818
      pc15 = -0.00683736
      pc16 = -0.232287
      pc17 = -0.099321
      pc18 = -0.0338985
      pc19 = 0.090759
Constrained:
   Tgbecnw = 86558.1
     Tecnw = 27497.4
       Tnw = 14097.3
       Tec = 11221.9
     twoNb = 1.64664e+07
     twoNe = 6.53608e+06
     twoNc = 2.18384e+06
     twoNw = 2.08663e+06
    twoNec = 44372.5
    twoNnw = 50997.2
  twoNecnw = 55109.1
  twoNbecnw = 3660.19
  twoNgbecnw = 385827
         m = 0.0679973
        m2 = 0.000361294
        m4 = 0.0204461
        m5 = 0.165378
        m7 = 0.0162536
        m8 = 0.151221
        Th = 12659.6
        Tb = 20078.5
        Ta = 47639.3
        Td = 5610.96
        Te = 2805.48
        Tg = 1402.74
#       SitePat  BranchLen
              b 115001.7706436
              e 42241.1237108
              c 44441.5380315
              n 41730.0292083
              w 41690.9158075
            b:e 1094.1591557
            b:c 1251.7662116
            b:n 968.4865147
            b:w 966.8937568
            e:c 11244.8402523
            e:n 4410.5973670
            e:w 4445.5579614
            c:n 3844.8374645
            c:w 3840.4013570
            n:w 11571.5730788
          b:e:c 1185.5145056
          b:e:n 525.8900814
          b:e:w 527.1684938
          b:c:n 530.5161753
          b:c:w 529.1402595
          b:n:w 1176.5549697
          e:c:n 4095.9803193
          e:c:w 4104.5692332
          e:n:w 5472.2457132
          c:n:w 4534.6851833
        b:e:c:n 1056.1126046
        b:e:c:w 1057.8028659
        b:e:n:w 1800.1958808
        b:c:n:w 1544.0536617
        e:c:n:w 45954.2677295
