########################################
# legofit: estimate population history #
#       version 2.3.4-4-g53f8760       #
########################################

# Program was compiled: Sep 21 2021 14:36:42
# Program was run: Fri Oct 22 23:35:48 2021

# cmd: legofit -1 -d 0 -t 56 --ptsPerDim 3 --stateOut b1boot27.state --tol 3e-6 -S 5000 abdegh2.lgo ../../chrX/boot_chrX/boot27.opf
# Stage nOptItr nSimReps
#     0    5000        0
# algorithm          : deterministic
# ignoring probs <=  : 0
# Branch length floor: 0
# DE strategy        : 2
#    F               : 0.3
#    CR              : 0.8
#    tolerance       : 3e-06
# nthreads           : 56
# lgo input file     : abdegh2.lgo
# site pat input file: ../../chrX/boot_chrX/boot27.opf
# free parameters    : 19
# points in DE swarm : 57
# output state file  : b1boot27.state
# Including singleton site patterns.
# cost function      : KL
Initial parameter values
Fixed:
      zero = 0
       one = 1
    Tbecnw = 75200
Free:
       pc1 = 0
       pc2 = 0
       pc3 = 0
       pc4 = 0
       pc5 = 0
       pc6 = 0
       pc7 = 0
       pc8 = 0
       pc9 = 0
      pc10 = 0
      pc11 = 0
      pc12 = 0
      pc13 = 0
      pc14 = 0
      pc15 = 0
      pc16 = 0
      pc17 = 0
      pc18 = 0
      pc19 = 0
Constrained:
   Tgbecnw = 116787
     Tecnw = 30739.6
       Tnw = 11296.5
       Tec = 10449.6
     twoNb = 4.33084e+06
     twoNe = 3.14859e+06
     twoNc = 1.52367e+06
     twoNw = 1.1218e+06
    twoNec = 49404.3
    twoNnw = 73598
  twoNecnw = 52834.5
  twoNbecnw = 12985.8
  twoNgbecnw = 321240
         m = 0.0777224
        m2 = 0.00430751
        m4 = 0.019637
        m5 = 0.136867
        m7 = 0.0167012
        m8 = 0.186942
        Th = 10873.1
        Tb = 20806.3
        Ta = 48003.2
        Td = 5224.82
        Te = 2612.41
        Tg = 1306.2
DiffEv reached_goal. cost=2.09576e-03 spread=1.89532e-06
Fitted parameter values
Free:
       pc1 = -3.95433
       pc2 = 3.99778
       pc3 = -3.59644
       pc4 = 0.836158
       pc5 = 1.9764
       pc6 = -1.84507
       pc7 = -1.96315
       pc8 = -1.3172
       pc9 = -1.69072
      pc10 = 1.65043
      pc11 = -0.924327
      pc12 = 0.459171
      pc13 = -0.379697
      pc14 = -0.480623
      pc15 = 0.276585
      pc16 = -0.0366605
      pc17 = -0.126379
      pc18 = 0.159242
      pc19 = 0.0657358
Constrained:
   Tgbecnw = 82780.2
     Tecnw = 26777.5
       Tnw = 15944.5
       Tec = 9469.14
     twoNb = 2.74251e+06
     twoNe = 72601.9
     twoNc = 2.22789e+06
     twoNw = 2.3985e+06
    twoNec = 50852.6
    twoNnw = 37462.5
  twoNecnw = 62907.5
  twoNbecnw = 2465.14
  twoNgbecnw = 396387
         m = 0.0684997
        m2 = 0.000379694
        m4 = 0.0194293
        m5 = 0.134708
        m7 = 0.0184617
        m8 = 0.172499
        Th = 12706.8
        Tb = 19742.2
        Ta = 47471.1
        Td = 4734.57
        Te = 2367.29
        Tg = 1183.64
#       SitePat  BranchLen
              b 114801.8414702
              e 43158.3431011
              c 44924.4041696
              n 42050.4525956
              w 42009.3018396
            b:e 1256.8840103
            b:c 1383.8365806
            b:n 1036.0202724
            b:w 1034.1291182
            e:c 11698.6638886
            e:n 4427.5962396
            e:w 4459.5888585
            c:n 3966.4677156
            c:w 3965.8671580
            n:w 12168.0616676
          b:e:c 1326.7679753
          b:e:n 575.9480972
          b:e:w 577.0754113
          b:c:n 580.3697409
          b:c:w 579.1007929
          b:n:w 1310.6957749
          e:c:n 4017.5768825
          e:c:w 4027.3355772
          e:n:w 5569.2119502
          c:n:w 4781.8441901
        b:e:c:n 1155.2977150
        b:e:c:w 1157.3305032
        b:e:n:w 1925.3201407
        b:c:n:w 1768.0774562
        e:c:n:w 45135.7547981
