########################################
# legofit: estimate population history #
#       version 2.3.4-4-g53f8760       #
########################################

# Program was compiled: Sep 21 2021 14:36:42
# Program was run: Fri Oct 22 21:56:46 2021

# cmd: legofit -1 -d 0 -t 56 --ptsPerDim 3 --stateOut b1boot19.state --tol 3e-6 -S 5000 abdegh2.lgo ../../chrX/boot_chrX/boot19.opf
# Stage nOptItr nSimReps
#     0    5000        0
# algorithm          : deterministic
# ignoring probs <=  : 0
# Branch length floor: 0
# DE strategy        : 2
#    F               : 0.3
#    CR              : 0.8
#    tolerance       : 3e-06
# nthreads           : 56
# lgo input file     : abdegh2.lgo
# site pat input file: ../../chrX/boot_chrX/boot19.opf
# free parameters    : 19
# points in DE swarm : 57
# output state file  : b1boot19.state
# Including singleton site patterns.
# cost function      : KL
Initial parameter values
Fixed:
      zero = 0
       one = 1
    Tbecnw = 75200
Free:
       pc1 = 0
       pc2 = 0
       pc3 = 0
       pc4 = 0
       pc5 = 0
       pc6 = 0
       pc7 = 0
       pc8 = 0
       pc9 = 0
      pc10 = 0
      pc11 = 0
      pc12 = 0
      pc13 = 0
      pc14 = 0
      pc15 = 0
      pc16 = 0
      pc17 = 0
      pc18 = 0
      pc19 = 0
Constrained:
   Tgbecnw = 116787
     Tecnw = 30739.6
       Tnw = 11296.5
       Tec = 10449.6
     twoNb = 4.33084e+06
     twoNe = 3.14859e+06
     twoNc = 1.52367e+06
     twoNw = 1.1218e+06
    twoNec = 49404.3
    twoNnw = 73598
  twoNecnw = 52834.5
  twoNbecnw = 12985.8
  twoNgbecnw = 321240
         m = 0.0777224
        m2 = 0.00430751
        m4 = 0.019637
        m5 = 0.136867
        m7 = 0.0167012
        m8 = 0.186942
        Th = 10873.1
        Tb = 20806.3
        Ta = 48003.2
        Td = 5224.82
        Te = 2612.41
        Tg = 1306.2
DiffEv reached_goal. cost=2.24623e-03 spread=2.88806e-06
Fitted parameter values
Free:
       pc1 = -1.86325
       pc2 = 2.30007
       pc3 = -3.79212
       pc4 = 1.71232
       pc5 = 1.95144
       pc6 = -1.32214
       pc7 = -1.95812
       pc8 = -1.14685
       pc9 = -1.19149
      pc10 = 0.18857
      pc11 = -0.114166
      pc12 = 0.331283
      pc13 = -0.165116
      pc14 = 0.0110416
      pc15 = -0.301157
      pc16 = -0.214806
      pc17 = -0.0363256
      pc18 = -0.0139913
      pc19 = 0.0854841
Constrained:
   Tgbecnw = 91254.8
     Tecnw = 27884.5
       Tnw = 13639.5
       Tec = 8320.76
     twoNb = 9.71862e+06
     twoNe = 2.77705e+06
     twoNc = 1.26428e+06
     twoNw = 2.37742e+06
    twoNec = 59560.8
    twoNnw = 51616.9
  twoNecnw = 55814.3
  twoNbecnw = 5280.58
  twoNgbecnw = 349597
         m = 0.0726539
        m2 = 7.40586e-05
        m4 = 0.0205105
        m5 = 0.13997
        m7 = 0.0190947
        m8 = 0.141661
        Th = 10980.1
        Tb = 19432.3
        Ta = 47316.2
        Td = 4160.38
        Te = 2080.19
        Tg = 1040.09
#       SitePat  BranchLen
              b 115068.2255400
              e 43046.7350984
              c 44904.0469875
              n 41946.5821541
              w 41911.3907989
            b:e 1177.3726130
            b:c 1304.0988499
            b:n 986.1058011
            b:w 984.6488500
            e:c 11571.8026161
            e:n 4358.8628139
            e:w 4387.5521257
            c:n 3864.1532283
            c:w 3862.8654142
            n:w 12124.5012590
          b:e:c 1239.5813605
          b:e:n 539.3567313
          b:e:w 540.3262829
          b:c:n 542.8625943
          b:c:w 541.8073923
          b:n:w 1227.9165446
          e:c:n 4054.9748051
          e:c:w 4062.7646625
          e:n:w 5550.0628373
          c:n:w 4742.1862279
        b:e:c:n 1073.6640376
        b:e:c:w 1075.2066392
        b:e:n:w 1828.7858910
        b:c:n:w 1667.0336916
        e:c:n:w 45289.9444108
