########################################
# legofit: estimate population history #
#       version 2.3.4-4-g53f8760       #
########################################

# Program was compiled: Sep 21 2021 14:36:42
# Program was run: Sat Oct 23 02:48:30 2021

# cmd: legofit -1 -d 0 -t 56 --ptsPerDim 3 --stateOut b1boot31.state --tol 3e-6 -S 5000 abdegh2.lgo ../../chrX/boot_chrX/boot31.opf
# Stage nOptItr nSimReps
#     0    5000        0
# algorithm          : deterministic
# ignoring probs <=  : 0
# Branch length floor: 0
# DE strategy        : 2
#    F               : 0.3
#    CR              : 0.8
#    tolerance       : 3e-06
# nthreads           : 56
# lgo input file     : abdegh2.lgo
# site pat input file: ../../chrX/boot_chrX/boot31.opf
# free parameters    : 19
# points in DE swarm : 57
# output state file  : b1boot31.state
# Including singleton site patterns.
# cost function      : KL
Initial parameter values
Fixed:
      zero = 0
       one = 1
    Tbecnw = 75200
Free:
       pc1 = 0
       pc2 = 0
       pc3 = 0
       pc4 = 0
       pc5 = 0
       pc6 = 0
       pc7 = 0
       pc8 = 0
       pc9 = 0
      pc10 = 0
      pc11 = 0
      pc12 = 0
      pc13 = 0
      pc14 = 0
      pc15 = 0
      pc16 = 0
      pc17 = 0
      pc18 = 0
      pc19 = 0
Constrained:
   Tgbecnw = 116787
     Tecnw = 30739.6
       Tnw = 11296.5
       Tec = 10449.6
     twoNb = 4.33084e+06
     twoNe = 3.14859e+06
     twoNc = 1.52367e+06
     twoNw = 1.1218e+06
    twoNec = 49404.3
    twoNnw = 73598
  twoNecnw = 52834.5
  twoNbecnw = 12985.8
  twoNgbecnw = 321240
         m = 0.0777224
        m2 = 0.00430751
        m4 = 0.019637
        m5 = 0.136867
        m7 = 0.0167012
        m8 = 0.186942
        Th = 10873.1
        Tb = 20806.3
        Ta = 48003.2
        Td = 5224.82
        Te = 2612.41
        Tg = 1306.2
DiffEv reached_goal. cost=2.21933e-03 spread=2.69317e-06
Fitted parameter values
Free:
       pc1 = -3.97584
       pc2 = 3.95918
       pc3 = -3.63528
       pc4 = 0.899089
       pc5 = 1.84482
       pc6 = -1.95755
       pc7 = -1.7886
       pc8 = 1.02123
       pc9 = 0.399607
      pc10 = 0.970436
      pc11 = 0.237804
      pc12 = 0.621781
      pc13 = 0.316024
      pc14 = 0.258862
      pc15 = 0.143725
      pc16 = -0.0582787
      pc17 = -0.143916
      pc18 = 0.0105766
      pc19 = 0.125977
Constrained:
   Tgbecnw = 83292.2
     Tecnw = 27182.9
       Tnw = 16003.6
       Tec = 11307.3
     twoNb = 5.20931e+06
     twoNe = 4.92271e+06
     twoNc = 2.83226e+06
     twoNw = 2.17759e+06
    twoNec = 44111.5
    twoNnw = 41794.7
  twoNecnw = 56338.8
  twoNbecnw = 2694.08
  twoNgbecnw = 375305
         m = 0.0677567
        m2 = 0.000139623
        m4 = 0.0185881
        m5 = 0.161124
        m7 = 0.0162982
        m8 = 0.175473
        Th = 13655.4
        Tb = 20419.2
        Ta = 47809.6
        Td = 5653.65
        Te = 2826.82
        Tg = 1413.41
#       SitePat  BranchLen
              b 114016.6172842
              e 42275.9706409
              c 44250.5608849
              n 41750.5412574
              w 41704.9480036
            b:e 1156.6573220
            b:c 1301.5374124
            b:n 1005.2725613
            b:w 1003.2478975
            e:c 11106.4367985
            e:n 4435.1568159
            e:w 4473.4365953
            c:n 3928.1860042
            c:w 3924.7684798
            n:w 11337.3094615
          b:e:c 1224.9421921
          b:e:n 554.0088898
          b:e:w 555.4359813
          b:c:n 558.7175915
          b:c:w 557.1611767
          b:n:w 1213.4553858
          e:c:n 4120.0301401
          e:c:w 4130.7611388
          e:n:w 5517.1812793
          c:n:w 4646.0022690
        b:e:c:n 1101.6896208
        b:e:c:w 1103.8436079
        b:e:n:w 1787.0861266
        b:c:n:w 1587.9998222
        e:c:n:w 45185.0358064
