########################################
# legofit: estimate population history #
#       version 2.3.4-4-g53f8760       #
########################################

# Program was compiled: Sep 21 2021 14:36:42
# Program was run: Fri Oct 22 21:21:35 2021

# cmd: legofit -1 -d 0 -t 56 --ptsPerDim 3 --stateOut b1boot14.state --tol 3e-6 -S 5000 abdegh2.lgo ../../chrX/boot_chrX/boot14.opf
# Stage nOptItr nSimReps
#     0    5000        0
# algorithm          : deterministic
# ignoring probs <=  : 0
# Branch length floor: 0
# DE strategy        : 2
#    F               : 0.3
#    CR              : 0.8
#    tolerance       : 3e-06
# nthreads           : 56
# lgo input file     : abdegh2.lgo
# site pat input file: ../../chrX/boot_chrX/boot14.opf
# free parameters    : 19
# points in DE swarm : 57
# output state file  : b1boot14.state
# Including singleton site patterns.
# cost function      : KL
Initial parameter values
Fixed:
      zero = 0
       one = 1
    Tbecnw = 75200
Free:
       pc1 = 0
       pc2 = 0
       pc3 = 0
       pc4 = 0
       pc5 = 0
       pc6 = 0
       pc7 = 0
       pc8 = 0
       pc9 = 0
      pc10 = 0
      pc11 = 0
      pc12 = 0
      pc13 = 0
      pc14 = 0
      pc15 = 0
      pc16 = 0
      pc17 = 0
      pc18 = 0
      pc19 = 0
Constrained:
   Tgbecnw = 116787
     Tecnw = 30739.6
       Tnw = 11296.5
       Tec = 10449.6
     twoNb = 4.33084e+06
     twoNe = 3.14859e+06
     twoNc = 1.52367e+06
     twoNw = 1.1218e+06
    twoNec = 49404.3
    twoNnw = 73598
  twoNecnw = 52834.5
  twoNbecnw = 12985.8
  twoNgbecnw = 321240
         m = 0.0777224
        m2 = 0.00430751
        m4 = 0.019637
        m5 = 0.136867
        m7 = 0.0167012
        m8 = 0.186942
        Th = 10873.1
        Tb = 20806.3
        Ta = 48003.2
        Td = 5224.82
        Te = 2612.41
        Tg = 1306.2
DiffEv reached_goal. cost=2.00938e-03 spread=2.12895e-06
Fitted parameter values
Free:
       pc1 = -2.50771
       pc2 = 3.98316
       pc3 = -3.56362
       pc4 = 0.503417
       pc5 = 1.694
       pc6 = -0.157378
       pc7 = -1.99085
       pc8 = -0.244292
       pc9 = -0.903027
      pc10 = 1.51839
      pc11 = -0.453534
      pc12 = 0.114389
      pc13 = -0.0223866
      pc14 = 0.344916
      pc15 = 0.12965
      pc16 = 0.059162
      pc17 = -0.198685
      pc18 = 0.0350913
      pc19 = 0.134164
Constrained:
   Tgbecnw = 84543.9
     Tecnw = 27761.5
       Tnw = 14534.4
       Tec = 9555.73
     twoNb = 4.2544e+06
     twoNe = 5.28805e+06
     twoNc = 3.86491e+06
     twoNw = 2.09623e+06
    twoNec = 51297.4
    twoNnw = 48044.9
  twoNecnw = 55683.9
  twoNbecnw = 3081.19
  twoNgbecnw = 371308
         m = 0.0686256
        m2 = 4.79932e-05
        m4 = 0.0184109
        m5 = 0.132996
        m7 = 0.0181804
        m8 = 0.18383
        Th = 12045.1
        Tb = 19903.3
        Ta = 47551.7
        Td = 4777.87
        Te = 2388.93
        Tg = 1194.47
#       SitePat  BranchLen
              b 113969.8759549
              e 42571.4826991
              c 44162.5593055
              n 41629.6503212
              w 41588.5667628
            b:e 1163.0360093
            b:c 1267.5686323
            b:n 973.3538919
            b:w 971.6092231
            e:c 11238.8235399
            e:n 4363.9456306
            e:w 4396.3169535
            c:n 3937.3966758
            c:w 3936.5891885
            n:w 11601.0898615
          b:e:c 1202.2866852
          b:e:n 537.4180248
          b:e:w 538.4951059
          b:c:n 540.7835559
          b:c:w 539.5976730
          b:n:w 1189.8435858
          e:c:n 4040.3836480
          e:c:w 4049.9033709
          e:n:w 5429.2439725
          c:n:w 4731.1970248
        b:e:c:n 1065.7547013
        b:e:c:w 1067.6081719
        b:e:n:w 1740.3913663
        b:c:n:w 1624.6377051
        e:c:n:w 44987.1704920
