########################################
# legofit: estimate population history #
#       version 2.3.4-4-g53f8760       #
########################################

# Program was compiled: Sep 21 2021 14:36:42
# Program was run: Sat Oct 23 01:24:08 2021

# cmd: legofit -1 -d 0 -t 56 --ptsPerDim 3 --stateOut b1boot30.state --tol 3e-6 -S 5000 abdegh2.lgo ../../chrX/boot_chrX/boot30.opf
# Stage nOptItr nSimReps
#     0    5000        0
# algorithm          : deterministic
# ignoring probs <=  : 0
# Branch length floor: 0
# DE strategy        : 2
#    F               : 0.3
#    CR              : 0.8
#    tolerance       : 3e-06
# nthreads           : 56
# lgo input file     : abdegh2.lgo
# site pat input file: ../../chrX/boot_chrX/boot30.opf
# free parameters    : 19
# points in DE swarm : 57
# output state file  : b1boot30.state
# Including singleton site patterns.
# cost function      : KL
Initial parameter values
Fixed:
      zero = 0
       one = 1
    Tbecnw = 75200
Free:
       pc1 = 0
       pc2 = 0
       pc3 = 0
       pc4 = 0
       pc5 = 0
       pc6 = 0
       pc7 = 0
       pc8 = 0
       pc9 = 0
      pc10 = 0
      pc11 = 0
      pc12 = 0
      pc13 = 0
      pc14 = 0
      pc15 = 0
      pc16 = 0
      pc17 = 0
      pc18 = 0
      pc19 = 0
Constrained:
   Tgbecnw = 116787
     Tecnw = 30739.6
       Tnw = 11296.5
       Tec = 10449.6
     twoNb = 4.33084e+06
     twoNe = 3.14859e+06
     twoNc = 1.52367e+06
     twoNw = 1.1218e+06
    twoNec = 49404.3
    twoNnw = 73598
  twoNecnw = 52834.5
  twoNbecnw = 12985.8
  twoNgbecnw = 321240
         m = 0.0777224
        m2 = 0.00430751
        m4 = 0.019637
        m5 = 0.136867
        m7 = 0.0167012
        m8 = 0.186942
        Th = 10873.1
        Tb = 20806.3
        Ta = 48003.2
        Td = 5224.82
        Te = 2612.41
        Tg = 1306.2
DiffEv reached_goal. cost=2.20750e-03 spread=2.94000e-06
Fitted parameter values
Free:
       pc1 = -3.80118
       pc2 = 3.98653
       pc3 = -3.86144
       pc4 = 0.691575
       pc5 = 1.85339
       pc6 = -1.41778
       pc7 = -1.92508
       pc8 = -0.816671
       pc9 = 1.18759
      pc10 = 1.66394
      pc11 = 0.421661
      pc12 = 0.266728
      pc13 = 0.158294
      pc14 = 0.0456033
      pc15 = -0.053599
      pc16 = -0.058365
      pc17 = -0.103921
      pc18 = 0.0546305
      pc19 = 0.0429922
Constrained:
   Tgbecnw = 86554.5
     Tecnw = 26880.1
       Tnw = 15931.5
       Tec = 11376.9
     twoNb = 2.13273e+07
     twoNe = 3.84468e+06
     twoNc = 4.66382e+06
     twoNw = 2.2973e+06
    twoNec = 44526.7
    twoNnw = 40417.6
  twoNecnw = 57384.6
  twoNbecnw = 3593.09
  twoNgbecnw = 402766
         m = 0.0663828
        m2 = 0.000598015
        m4 = 0.0183407
        m5 = 0.150137
        m7 = 0.0170779
        m8 = 0.158991
        Th = 13654.2
        Tb = 20267.1
        Ta = 47733.6
        Td = 5688.43
        Te = 2844.22
        Tg = 1422.11
#       SitePat  BranchLen
              b 115207.4813806
              e 42492.8470427
              c 44347.8886509
              n 41740.7412316
              w 41701.2134087
            b:e 1117.3756512
            b:c 1244.5913486
            b:n 967.1266211
            b:w 965.4434946
            e:c 11277.3275571
            e:n 4372.5157711
            e:w 4405.9664818
            c:n 3889.9214393
            c:w 3886.7978014
            n:w 11605.2971191
          b:e:c 1197.5878284
          b:e:n 528.9440428
          b:e:w 530.1497002
          b:c:n 532.9361991
          b:c:w 531.6246606
          b:n:w 1188.3158980
          e:c:n 4087.7352068
          e:c:w 4096.9359570
          e:n:w 5472.6512382
          c:n:w 4649.4965363
        b:e:c:n 1058.5956624
        b:e:c:w 1060.3846700
        b:e:n:w 1767.5466365
        b:c:n:w 1604.7399223
        e:c:n:w 46036.2803511
