########################################
# legofit: estimate population history #
#       version 2.3.4-4-g53f8760       #
########################################

# Program was compiled: Sep 21 2021 14:36:42
# Program was run: Sat Oct 23 03:12:07 2021

# cmd: legofit -1 -d 0 -t 56 --ptsPerDim 3 --stateOut b1boot32.state --tol 3e-6 -S 5000 abdegh2.lgo ../../chrX/boot_chrX/boot32.opf
# Stage nOptItr nSimReps
#     0    5000        0
# algorithm          : deterministic
# ignoring probs <=  : 0
# Branch length floor: 0
# DE strategy        : 2
#    F               : 0.3
#    CR              : 0.8
#    tolerance       : 3e-06
# nthreads           : 56
# lgo input file     : abdegh2.lgo
# site pat input file: ../../chrX/boot_chrX/boot32.opf
# free parameters    : 19
# points in DE swarm : 57
# output state file  : b1boot32.state
# Including singleton site patterns.
# cost function      : KL
Initial parameter values
Fixed:
      zero = 0
       one = 1
    Tbecnw = 75200
Free:
       pc1 = 0
       pc2 = 0
       pc3 = 0
       pc4 = 0
       pc5 = 0
       pc6 = 0
       pc7 = 0
       pc8 = 0
       pc9 = 0
      pc10 = 0
      pc11 = 0
      pc12 = 0
      pc13 = 0
      pc14 = 0
      pc15 = 0
      pc16 = 0
      pc17 = 0
      pc18 = 0
      pc19 = 0
Constrained:
   Tgbecnw = 116787
     Tecnw = 30739.6
       Tnw = 11296.5
       Tec = 10449.6
     twoNb = 4.33084e+06
     twoNe = 3.14859e+06
     twoNc = 1.52367e+06
     twoNw = 1.1218e+06
    twoNec = 49404.3
    twoNnw = 73598
  twoNecnw = 52834.5
  twoNbecnw = 12985.8
  twoNgbecnw = 321240
         m = 0.0777224
        m2 = 0.00430751
        m4 = 0.019637
        m5 = 0.136867
        m7 = 0.0167012
        m8 = 0.186942
        Th = 10873.1
        Tb = 20806.3
        Ta = 48003.2
        Td = 5224.82
        Te = 2612.41
        Tg = 1306.2
DiffEv reached_goal. cost=2.02840e-03 spread=2.74976e-06
Fitted parameter values
Free:
       pc1 = -3.86861
       pc2 = 3.90539
       pc3 = -3.10612
       pc4 = 1.04242
       pc5 = 1.96431
       pc6 = -1.61516
       pc7 = -1.93647
       pc8 = 0.318777
       pc9 = -0.699039
      pc10 = 1.40993
      pc11 = -0.0174001
      pc12 = 0.36098
      pc13 = -0.00158934
      pc14 = 0.0951164
      pc15 = -0.0261708
      pc16 = -0.0208199
      pc17 = 4.51098e-05
      pc18 = 0.0948632
      pc19 = 0.17196
Constrained:
   Tgbecnw = 83754.6
     Tecnw = 27611.6
       Tnw = 16307.5
       Tec = 11003.5
     twoNb = 2.11604e+06
     twoNe = 3.10172e+06
     twoNc = 2.49488e+06
     twoNw = 2.30463e+06
    twoNec = 45434.8
    twoNnw = 40018.3
  twoNecnw = 57582.5
  twoNbecnw = 2832.25
  twoNgbecnw = 368423
         m = 0.0720954
        m2 = 1.87819e-05
        m4 = 0.0189734
        m5 = 0.147547
        m7 = 0.017734
        m8 = 0.179127
        Th = 13655.5
        Tb = 20633.5
        Ta = 47916.8
        Td = 5501.74
        Te = 2750.87
        Tg = 1375.43
#       SitePat  BranchLen
              b 114660.3485445
              e 42693.7721042
              c 44529.8603869
              n 41963.2506802
              w 41920.5649960
            b:e 1184.6104321
            b:c 1313.5993136
            b:n 986.4011214
            b:w 984.5289460
            e:c 11355.3026889
            e:n 4352.1879824
            e:w 4386.9417046
            c:n 3876.2377204
            c:w 3874.1513036
            n:w 11631.8184489
          b:e:c 1236.7128159
          b:e:n 541.4595058
          b:e:w 542.6932396
          b:c:n 545.6660230
          b:c:w 544.3079792
          b:n:w 1222.9040981
          e:c:n 4037.5270154
          e:c:w 4047.5453942
          e:n:w 5497.8753386
          c:n:w 4678.9197550
        b:e:c:n 1085.5342570
        b:e:c:w 1087.5307424
        b:e:n:w 1793.1135476
        b:c:n:w 1629.9113669
        e:c:n:w 45516.5152595
