########################################
# legofit: estimate population history #
#       version 2.3.4-4-g53f8760       #
########################################

# Program was compiled: Sep 21 2021 14:36:42
# Program was run: Sat Oct 23 07:37:04 2021

# cmd: legofit -1 -d 0 -t 56 --ptsPerDim 3 --stateOut b1boot41.state --tol 3e-6 -S 5000 abdegh2.lgo ../../chrX/boot_chrX/boot41.opf
# Stage nOptItr nSimReps
#     0    5000        0
# algorithm          : deterministic
# ignoring probs <=  : 0
# Branch length floor: 0
# DE strategy        : 2
#    F               : 0.3
#    CR              : 0.8
#    tolerance       : 3e-06
# nthreads           : 56
# lgo input file     : abdegh2.lgo
# site pat input file: ../../chrX/boot_chrX/boot41.opf
# free parameters    : 19
# points in DE swarm : 57
# output state file  : b1boot41.state
# Including singleton site patterns.
# cost function      : KL
Initial parameter values
Fixed:
      zero = 0
       one = 1
    Tbecnw = 75200
Free:
       pc1 = 0
       pc2 = 0
       pc3 = 0
       pc4 = 0
       pc5 = 0
       pc6 = 0
       pc7 = 0
       pc8 = 0
       pc9 = 0
      pc10 = 0
      pc11 = 0
      pc12 = 0
      pc13 = 0
      pc14 = 0
      pc15 = 0
      pc16 = 0
      pc17 = 0
      pc18 = 0
      pc19 = 0
Constrained:
   Tgbecnw = 116787
     Tecnw = 30739.6
       Tnw = 11296.5
       Tec = 10449.6
     twoNb = 4.33084e+06
     twoNe = 3.14859e+06
     twoNc = 1.52367e+06
     twoNw = 1.1218e+06
    twoNec = 49404.3
    twoNnw = 73598
  twoNecnw = 52834.5
  twoNbecnw = 12985.8
  twoNgbecnw = 321240
         m = 0.0777224
        m2 = 0.00430751
        m4 = 0.019637
        m5 = 0.136867
        m7 = 0.0167012
        m8 = 0.186942
        Th = 10873.1
        Tb = 20806.3
        Ta = 48003.2
        Td = 5224.82
        Te = 2612.41
        Tg = 1306.2
DiffEv reached_goal. cost=2.11683e-03 spread=2.70755e-06
Fitted parameter values
Free:
       pc1 = -2.45282
       pc2 = 3.33318
       pc3 = -3.84325
       pc4 = 0.574785
       pc5 = 1.97402
       pc6 = -1.43834
       pc7 = -1.50648
       pc8 = -0.225687
       pc9 = -1.04432
      pc10 = 1.56085
      pc11 = -0.0562196
      pc12 = 0.530479
      pc13 = 0.373303
      pc14 = -0.390798
      pc15 = 0.0277385
      pc16 = -0.00570688
      pc17 = -0.0472298
      pc18 = -0.0711973
      pc19 = 0.104991
Constrained:
   Tgbecnw = 85925.8
     Tecnw = 28016.6
       Tnw = 14175.3
       Tec = 9554.94
     twoNb = 982731
     twoNe = 1.60761e+06
     twoNc = 3.42508e+06
     twoNw = 2.27468e+06
    twoNec = 53824.4
    twoNnw = 49720.2
  twoNecnw = 56719.2
  twoNbecnw = 3488.48
  twoNgbecnw = 390118
         m = 0.0694737
        m2 = 0.000111166
        m4 = 0.0208827
        m5 = 0.143616
        m7 = 0.0167941
        m8 = 0.170801
        Th = 11865.1
        Tb = 19940.8
        Ta = 47570.4
        Td = 4777.47
        Te = 2388.74
        Tg = 1194.37
#       SitePat  BranchLen
              b 115767.8093872
              e 42992.9642534
              c 44982.4804913
              n 41925.6719941
              w 41887.5897369
            b:e 1252.5296139
            b:c 1413.1165558
            b:n 1003.3061956
            b:w 1001.6719482
            e:c 11223.9435858
            e:n 4441.2629778
            e:w 4472.3357638
            c:n 3931.1119208
            c:w 3929.5717390
            n:w 11844.3500798
          b:e:c 1253.7557806
          b:e:n 558.9316144
          b:e:w 560.0174433
          b:c:n 563.6564565
          b:c:w 562.4614765
          b:n:w 1235.8636087
          e:c:n 4012.9854971
          e:c:w 4021.5351501
          e:n:w 5598.5659560
          c:n:w 4738.2868299
        b:e:c:n 1104.6999654
        b:e:c:w 1106.4433638
        b:e:n:w 1885.3558151
        b:c:n:w 1641.2779485
        e:c:n:w 46425.5704884
