########################################
# legofit: estimate population history #
#       version 2.3.4-4-g53f8760       #
########################################

# Program was compiled: Sep 21 2021 14:36:42
# Program was run: Sat Oct 23 08:07:05 2021

# cmd: legofit -1 -d 0 -t 56 --ptsPerDim 3 --stateOut b1boot45.state --tol 3e-6 -S 5000 abdegh2.lgo ../../chrX/boot_chrX/boot45.opf
# Stage nOptItr nSimReps
#     0    5000        0
# algorithm          : deterministic
# ignoring probs <=  : 0
# Branch length floor: 0
# DE strategy        : 2
#    F               : 0.3
#    CR              : 0.8
#    tolerance       : 3e-06
# nthreads           : 56
# lgo input file     : abdegh2.lgo
# site pat input file: ../../chrX/boot_chrX/boot45.opf
# free parameters    : 19
# points in DE swarm : 57
# output state file  : b1boot45.state
# Including singleton site patterns.
# cost function      : KL
Initial parameter values
Fixed:
      zero = 0
       one = 1
    Tbecnw = 75200
Free:
       pc1 = 0
       pc2 = 0
       pc3 = 0
       pc4 = 0
       pc5 = 0
       pc6 = 0
       pc7 = 0
       pc8 = 0
       pc9 = 0
      pc10 = 0
      pc11 = 0
      pc12 = 0
      pc13 = 0
      pc14 = 0
      pc15 = 0
      pc16 = 0
      pc17 = 0
      pc18 = 0
      pc19 = 0
Constrained:
   Tgbecnw = 116787
     Tecnw = 30739.6
       Tnw = 11296.5
       Tec = 10449.6
     twoNb = 4.33084e+06
     twoNe = 3.14859e+06
     twoNc = 1.52367e+06
     twoNw = 1.1218e+06
    twoNec = 49404.3
    twoNnw = 73598
  twoNecnw = 52834.5
  twoNbecnw = 12985.8
  twoNgbecnw = 321240
         m = 0.0777224
        m2 = 0.00430751
        m4 = 0.019637
        m5 = 0.136867
        m7 = 0.0167012
        m8 = 0.186942
        Th = 10873.1
        Tb = 20806.3
        Ta = 48003.2
        Td = 5224.82
        Te = 2612.41
        Tg = 1306.2
DiffEv reached_goal. cost=1.97888e-03 spread=2.79736e-06
Fitted parameter values
Free:
       pc1 = -2.0181
       pc2 = 3.22019
       pc3 = -3.78481
       pc4 = 1.70517
       pc5 = 1.89297
       pc6 = -1.24466
       pc7 = -1.93426
       pc8 = 0.344401
       pc9 = -1.01154
      pc10 = -0.483422
      pc11 = 0.37511
      pc12 = 0.841994
      pc13 = -0.181803
      pc14 = -0.428001
      pc15 = 0.208777
      pc16 = -0.108254
      pc17 = -0.163383
      pc18 = -0.0536589
      pc19 = 0.135716
Constrained:
   Tgbecnw = 86855.1
     Tecnw = 27577.7
       Tnw = 12853.7
       Tec = 9168.36
     twoNb = 1.89697e+06
     twoNe = 6.35587e+06
     twoNc = 745663
     twoNw = 2.3727e+06
    twoNec = 52587.1
    twoNnw = 57872.1
  twoNecnw = 55310.8
  twoNbecnw = 3875.49
  twoNgbecnw = 353366
         m = 0.0715659
        m2 = 4.02611e-06
        m4 = 0.0225057
        m5 = 0.149616
        m7 = 0.0186829
        m8 = 0.155924
        Th = 11011
        Tb = 19294.4
        Ta = 47247.2
        Td = 4584.18
        Te = 2292.09
        Tg = 1146.04
#       SitePat  BranchLen
              b 114109.9114959
              e 42510.7345101
              c 44469.8029054
              n 41891.5452179
              w 41858.8681767
            b:e 1175.0706995
            b:c 1319.4074064
            b:n 987.6603027
            b:w 986.3269453
            e:c 11304.1437369
            e:n 4450.4754900
            e:w 4478.1293180
            c:n 3933.4185454
            c:w 3931.2780624
            n:w 11628.0355218
          b:e:c 1197.1821742
          b:e:n 541.8541023
          b:e:w 542.8140754
          b:c:n 545.9301048
          b:c:w 544.8869064
          b:n:w 1183.9388297
          e:c:n 4110.7994092
          e:c:w 4117.9631053
          e:n:w 5451.9392411
          c:n:w 4629.5214182
        b:e:c:n 1080.2369316
        b:e:c:w 1081.6535144
        b:e:n:w 1830.8692207
        b:c:n:w 1607.6412886
        e:c:n:w 44861.5185799
