########################################
# legofit: estimate population history #
#       version 2.3.4-4-g53f8760       #
########################################

# Program was compiled: Sep 21 2021 14:36:42
# Program was run: Fri Oct 22 21:50:33 2021

# cmd: legofit -1 -d 0 -t 56 --ptsPerDim 3 --stateOut b1boot18.state --tol 3e-6 -S 5000 abdegh2.lgo ../../chrX/boot_chrX/boot18.opf
# Stage nOptItr nSimReps
#     0    5000        0
# algorithm          : deterministic
# ignoring probs <=  : 0
# Branch length floor: 0
# DE strategy        : 2
#    F               : 0.3
#    CR              : 0.8
#    tolerance       : 3e-06
# nthreads           : 56
# lgo input file     : abdegh2.lgo
# site pat input file: ../../chrX/boot_chrX/boot18.opf
# free parameters    : 19
# points in DE swarm : 57
# output state file  : b1boot18.state
# Including singleton site patterns.
# cost function      : KL
Initial parameter values
Fixed:
      zero = 0
       one = 1
    Tbecnw = 75200
Free:
       pc1 = 0
       pc2 = 0
       pc3 = 0
       pc4 = 0
       pc5 = 0
       pc6 = 0
       pc7 = 0
       pc8 = 0
       pc9 = 0
      pc10 = 0
      pc11 = 0
      pc12 = 0
      pc13 = 0
      pc14 = 0
      pc15 = 0
      pc16 = 0
      pc17 = 0
      pc18 = 0
      pc19 = 0
Constrained:
   Tgbecnw = 116787
     Tecnw = 30739.6
       Tnw = 11296.5
       Tec = 10449.6
     twoNb = 4.33084e+06
     twoNe = 3.14859e+06
     twoNc = 1.52367e+06
     twoNw = 1.1218e+06
    twoNec = 49404.3
    twoNnw = 73598
  twoNecnw = 52834.5
  twoNbecnw = 12985.8
  twoNgbecnw = 321240
         m = 0.0777224
        m2 = 0.00430751
        m4 = 0.019637
        m5 = 0.136867
        m7 = 0.0167012
        m8 = 0.186942
        Th = 10873.1
        Tb = 20806.3
        Ta = 48003.2
        Td = 5224.82
        Te = 2612.41
        Tg = 1306.2
DiffEv reached_goal. cost=2.26412e-03 spread=2.56420e-06
Fitted parameter values
Free:
       pc1 = -3.81732
       pc2 = 3.96607
       pc3 = -3.52682
       pc4 = 1.09786
       pc5 = 1.977
       pc6 = -1.7563
       pc7 = -1.58983
       pc8 = 1.10124
       pc9 = -0.216261
      pc10 = 1.98431
      pc11 = -0.353466
      pc12 = 0.61204
      pc13 = -0.00304617
      pc14 = -0.0808226
      pc15 = 0.279791
      pc16 = 0.238093
      pc17 = -0.161691
      pc18 = -0.0847681
      pc19 = 0.1986
Constrained:
   Tgbecnw = 81307.3
     Tecnw = 27411.3
       Tnw = 15933.6
       Tec = 10779.2
     twoNb = 1.38211e+06
     twoNe = 2.84608e+06
     twoNc = 3.60971e+06
     twoNw = 2.1733e+06
    twoNec = 46451.9
    twoNnw = 42074.8
  twoNecnw = 58267.2
  twoNbecnw = 2047.04
  twoNgbecnw = 364886
         m = 0.0744508
        m2 = 0.000838271
        m4 = 0.019254
        m5 = 0.156506
        m7 = 0.0174507
        m8 = 0.195394
        Th = 13356.4
        Tb = 20383.8
        Ta = 47791.9
        Td = 5389.59
        Te = 2694.8
        Tg = 1347.4
#       SitePat  BranchLen
              b 114718.1086956
              e 42732.8950534
              c 44640.1215696
              n 41916.5756424
              w 41868.9827681
            b:e 1216.0683736
            b:c 1353.2825893
            b:n 993.0513548
            b:w 990.9515155
            e:c 10975.5607133
            e:n 4489.3583511
            e:w 4527.9148640
            c:n 3994.2888834
            c:w 3992.1036782
            n:w 11352.8931812
          b:e:c 1214.0698058
          b:e:n 558.0907900
          b:e:w 559.4611475
          b:c:n 562.8107783
          b:c:w 561.2945380
          b:n:w 1199.8002727
          e:c:n 4032.8306076
          e:c:w 4044.0521743
          e:n:w 5536.5693337
          c:n:w 4701.3275803
        b:e:c:n 1098.0554301
        b:e:c:w 1100.3011522
        b:e:n:w 1834.4474036
        b:c:n:w 1649.5756893
        e:c:n:w 45689.6944407
