########################################
# legofit: estimate population history #
#       version 2.3.4-4-g53f8760       #
########################################

# Program was compiled: Sep 21 2021 14:36:42
# Program was run: Fri Oct 22 20:05:38 2021

# cmd: legofit -1 -d 0 -t 56 --ptsPerDim 3 --stateOut b1boot3.state --tol 3e-6 -S 5000 abdegh2.lgo ../../chrX/boot_chrX/boot3.opf
# Stage nOptItr nSimReps
#     0    5000        0
# algorithm          : deterministic
# ignoring probs <=  : 0
# Branch length floor: 0
# DE strategy        : 2
#    F               : 0.3
#    CR              : 0.8
#    tolerance       : 3e-06
# nthreads           : 56
# lgo input file     : abdegh2.lgo
# site pat input file: ../../chrX/boot_chrX/boot3.opf
# free parameters    : 19
# points in DE swarm : 57
# output state file  : b1boot3.state
# Including singleton site patterns.
# cost function      : KL
Initial parameter values
Fixed:
      zero = 0
       one = 1
    Tbecnw = 75200
Free:
       pc1 = 0
       pc2 = 0
       pc3 = 0
       pc4 = 0
       pc5 = 0
       pc6 = 0
       pc7 = 0
       pc8 = 0
       pc9 = 0
      pc10 = 0
      pc11 = 0
      pc12 = 0
      pc13 = 0
      pc14 = 0
      pc15 = 0
      pc16 = 0
      pc17 = 0
      pc18 = 0
      pc19 = 0
Constrained:
   Tgbecnw = 116787
     Tecnw = 30739.6
       Tnw = 11296.5
       Tec = 10449.6
     twoNb = 4.33084e+06
     twoNe = 3.14859e+06
     twoNc = 1.52367e+06
     twoNw = 1.1218e+06
    twoNec = 49404.3
    twoNnw = 73598
  twoNecnw = 52834.5
  twoNbecnw = 12985.8
  twoNgbecnw = 321240
         m = 0.0777224
        m2 = 0.00430751
        m4 = 0.019637
        m5 = 0.136867
        m7 = 0.0167012
        m8 = 0.186942
        Th = 10873.1
        Tb = 20806.3
        Ta = 48003.2
        Td = 5224.82
        Te = 2612.41
        Tg = 1306.2
DiffEv reached_goal. cost=2.23651e-03 spread=1.87873e-06
Fitted parameter values
Free:
       pc1 = -3.74603
       pc2 = 3.97309
       pc3 = -3.71666
       pc4 = 0.841423
       pc5 = 1.96755
       pc6 = -1.96183
       pc7 = -1.96047
       pc8 = 0.0937993
       pc9 = -0.648637
      pc10 = 0.338995
      pc11 = 0.382505
      pc12 = 0.775948
      pc13 = 0.0619244
      pc14 = -0.335094
      pc15 = 0.19446
      pc16 = -0.139775
      pc17 = -0.0597536
      pc18 = 0.00391992
      pc19 = 0.084904
Constrained:
   Tgbecnw = 83905.3
     Tecnw = 26950.4
       Tnw = 15115.9
       Tec = 10846.5
     twoNb = 1.47839e+06
     twoNe = 4.2994e+06
     twoNc = 1.5748e+06
     twoNw = 2.4275e+06
    twoNec = 46325.5
    twoNnw = 44592.9
  twoNecnw = 57970.4
  twoNbecnw = 2809.09
  twoNgbecnw = 392990
         m = 0.0655609
        m2 = 0.000287257
        m4 = 0.0204095
        m5 = 0.151505
        m7 = 0.0169592
        m8 = 0.160418
        Th = 12981.2
        Tb = 19965.8
        Ta = 47582.9
        Td = 5423.25
        Te = 2711.63
        Tg = 1355.81
#       SitePat  BranchLen
              b 113727.8850384
              e 42513.1242070
              c 44487.4670902
              n 41852.5197981
              w 41816.1065496
            b:e 1175.0679800
            b:c 1322.3382435
            b:n 985.1391063
            b:w 983.5875173
            e:c 11245.2122543
            e:n 4428.7382606
            e:w 4459.5954387
            c:n 3919.3707658
            c:w 3916.6170548
            n:w 11605.8824134
          b:e:c 1214.6931301
          b:e:n 543.0114418
          b:e:w 544.1262670
          b:c:n 547.6113793
          b:c:w 546.3907602
          b:n:w 1200.4280654
          e:c:n 4071.9875158
          e:c:w 4080.2972972
          e:n:w 5476.2676998
          c:n:w 4622.3717143
        b:e:c:n 1086.2743023
        b:e:c:w 1087.9316852
        b:e:n:w 1808.9608179
        b:c:n:w 1586.7250899
        e:c:n:w 44624.8826115
