########################################
# legofit: estimate population history #
#       version 2.3.4-4-g53f8760       #
########################################

# Program was compiled: Sep 21 2021 14:36:42
# Program was run: Sat Oct 23 07:00:20 2021

# cmd: legofit -1 -d 0 -t 56 --ptsPerDim 3 --stateOut b1boot37.state --tol 3e-6 -S 5000 abdegh2.lgo ../../chrX/boot_chrX/boot37.opf
# Stage nOptItr nSimReps
#     0    5000        0
# algorithm          : deterministic
# ignoring probs <=  : 0
# Branch length floor: 0
# DE strategy        : 2
#    F               : 0.3
#    CR              : 0.8
#    tolerance       : 3e-06
# nthreads           : 56
# lgo input file     : abdegh2.lgo
# site pat input file: ../../chrX/boot_chrX/boot37.opf
# free parameters    : 19
# points in DE swarm : 57
# output state file  : b1boot37.state
# Including singleton site patterns.
# cost function      : KL
Initial parameter values
Fixed:
      zero = 0
       one = 1
    Tbecnw = 75200
Free:
       pc1 = 0
       pc2 = 0
       pc3 = 0
       pc4 = 0
       pc5 = 0
       pc6 = 0
       pc7 = 0
       pc8 = 0
       pc9 = 0
      pc10 = 0
      pc11 = 0
      pc12 = 0
      pc13 = 0
      pc14 = 0
      pc15 = 0
      pc16 = 0
      pc17 = 0
      pc18 = 0
      pc19 = 0
Constrained:
   Tgbecnw = 116787
     Tecnw = 30739.6
       Tnw = 11296.5
       Tec = 10449.6
     twoNb = 4.33084e+06
     twoNe = 3.14859e+06
     twoNc = 1.52367e+06
     twoNw = 1.1218e+06
    twoNec = 49404.3
    twoNnw = 73598
  twoNecnw = 52834.5
  twoNbecnw = 12985.8
  twoNgbecnw = 321240
         m = 0.0777224
        m2 = 0.00430751
        m4 = 0.019637
        m5 = 0.136867
        m7 = 0.0167012
        m8 = 0.186942
        Th = 10873.1
        Tb = 20806.3
        Ta = 48003.2
        Td = 5224.82
        Te = 2612.41
        Tg = 1306.2
DiffEv reached_goal. cost=2.08575e-03 spread=2.93892e-06
Fitted parameter values
Free:
       pc1 = -3.02462
       pc2 = 3.71784
       pc3 = -3.99706
       pc4 = 0.831927
       pc5 = 1.98543
       pc6 = -0.243234
       pc7 = -1.98115
       pc8 = -0.888015
       pc9 = -0.897326
      pc10 = -0.0276319
      pc11 = 0.0116823
      pc12 = 0.666416
      pc13 = 0.275798
      pc14 = 0.0786741
      pc15 = 0.0453332
      pc16 = -0.0118445
      pc17 = -0.0590395
      pc18 = 0.0129163
      pc19 = 0.0691034
Constrained:
   Tgbecnw = 86911.1
     Tecnw = 26850.5
       Tnw = 14631.3
       Tec = 9882.47
     twoNb = 4.23811e+06
     twoNe = 7.66167e+06
     twoNc = 2.41581e+06
     twoNw = 2.34934e+06
    twoNec = 54064.5
    twoNnw = 48924.8
  twoNecnw = 57078.1
  twoNbecnw = 3850.39
  twoNgbecnw = 378825
         m = 0.0672374
        m2 = 2.88077e-05
        m4 = 0.0201502
        m5 = 0.135516
        m7 = 0.0169089
        m8 = 0.149549
        Th = 12256.9
        Tb = 19553.7
        Ta = 47376.8
        Td = 4941.23
        Te = 2470.62
        Tg = 1235.31
#       SitePat  BranchLen
              b 114650.3844188
              e 42900.2280116
              c 44633.4684089
              n 42139.2243230
              w 42104.0861985
            b:e 1202.5613262
            b:c 1333.2645907
            b:n 1035.6058419
            b:w 1034.0533139
            e:c 11172.8760156
            e:n 4465.0419739
            e:w 4494.0596288
            c:n 4016.8229252
            c:w 4014.8439558
            n:w 11537.2854228
          b:e:c 1246.8043752
          b:e:n 573.7777112
          b:e:w 574.8384702
          b:c:n 577.7911708
          b:c:w 576.6321025
          b:n:w 1234.3841602
          e:c:n 4170.3607472
          e:c:w 4178.4601862
          e:n:w 5457.1939593
          c:n:w 4717.9105741
        b:e:c:n 1135.0284817
        b:e:c:w 1136.6793190
        b:e:n:w 1850.5156534
        b:c:n:w 1647.4829919
        e:c:n:w 45251.3781568
