########################################
# legofit: estimate population history #
#       version 2.3.4-4-g53f8760       #
########################################

# Program was compiled: Sep 21 2021 14:36:42
# Program was run: Fri Oct 22 21:56:46 2021

# cmd: legofit -1 -d 0 -t 56 --ptsPerDim 3 --stateOut b1boot21.state --tol 3e-6 -S 5000 abdegh2.lgo ../../chrX/boot_chrX/boot21.opf
# Stage nOptItr nSimReps
#     0    5000        0
# algorithm          : deterministic
# ignoring probs <=  : 0
# Branch length floor: 0
# DE strategy        : 2
#    F               : 0.3
#    CR              : 0.8
#    tolerance       : 3e-06
# nthreads           : 56
# lgo input file     : abdegh2.lgo
# site pat input file: ../../chrX/boot_chrX/boot21.opf
# free parameters    : 19
# points in DE swarm : 57
# output state file  : b1boot21.state
# Including singleton site patterns.
# cost function      : KL
Initial parameter values
Fixed:
      zero = 0
       one = 1
    Tbecnw = 75200
Free:
       pc1 = 0
       pc2 = 0
       pc3 = 0
       pc4 = 0
       pc5 = 0
       pc6 = 0
       pc7 = 0
       pc8 = 0
       pc9 = 0
      pc10 = 0
      pc11 = 0
      pc12 = 0
      pc13 = 0
      pc14 = 0
      pc15 = 0
      pc16 = 0
      pc17 = 0
      pc18 = 0
      pc19 = 0
Constrained:
   Tgbecnw = 116787
     Tecnw = 30739.6
       Tnw = 11296.5
       Tec = 10449.6
     twoNb = 4.33084e+06
     twoNe = 3.14859e+06
     twoNc = 1.52367e+06
     twoNw = 1.1218e+06
    twoNec = 49404.3
    twoNnw = 73598
  twoNecnw = 52834.5
  twoNbecnw = 12985.8
  twoNgbecnw = 321240
         m = 0.0777224
        m2 = 0.00430751
        m4 = 0.019637
        m5 = 0.136867
        m7 = 0.0167012
        m8 = 0.186942
        Th = 10873.1
        Tb = 20806.3
        Ta = 48003.2
        Td = 5224.82
        Te = 2612.41
        Tg = 1306.2
DiffEv reached_goal. cost=2.28007e-03 spread=1.51527e-06
Fitted parameter values
Free:
       pc1 = -1.49594
       pc2 = 3.9922
       pc3 = -3.71626
       pc4 = -0.565895
       pc5 = 1.76905
       pc6 = -0.891832
       pc7 = -1.92883
       pc8 = -0.314165
       pc9 = -0.980932
      pc10 = 1.73535
      pc11 = 0.0855472
      pc12 = -0.129846
      pc13 = 0.0230381
      pc14 = -0.100822
      pc15 = 0.214084
      pc16 = -0.0284945
      pc17 = -0.0238051
      pc18 = -0.0402907
      pc19 = 0.0609297
Constrained:
   Tgbecnw = 85656.6
     Tecnw = 28563
       Tnw = 13032.3
       Tec = 9491.31
     twoNb = 1.92912e+06
     twoNe = 2.67986e+06
     twoNc = 4.21504e+06
     twoNw = 2.1885e+06
    twoNec = 51112.1
    twoNnw = 55169.6
  twoNecnw = 53719.6
  twoNbecnw = 3329.34
  twoNgbecnw = 421079
         m = 0.0586208
        m2 = 3.69869e-05
        m4 = 0.0187422
        m5 = 0.134446
        m7 = 0.0182906
        m8 = 0.183896
        Th = 11261.8
        Tb = 19912.4
        Ta = 47556.2
        Td = 4745.66
        Te = 2372.83
        Tg = 1186.41
#       SitePat  BranchLen
              b 113781.7421071
              e 42566.5671788
              c 44239.2670693
              n 41481.9766593
              w 41448.5275742
            b:e 1193.9965585
            b:c 1303.2796960
            b:n 980.7852085
            b:w 979.3957848
            e:c 11262.3246922
            e:n 4350.8026383
            e:w 4378.1831259
            c:n 3896.8993494
            c:w 3895.5704169
            n:w 11784.6683965
          b:e:c 1225.0530146
          b:e:n 539.5157897
          b:e:w 540.4476483
          b:c:n 542.7586073
          b:c:w 541.7409190
          b:n:w 1210.4596780
          e:c:n 4004.4267029
          e:c:w 4011.8242329
          e:n:w 5452.0591224
          c:n:w 4728.6942872
        b:e:c:n 1072.5642351
        b:e:c:w 1074.0394886
        b:e:n:w 1752.8321009
        b:c:n:w 1626.1938161
        e:c:n:w 44940.1681854
