########################################
# legofit: estimate population history #
#       version 2.3.4-4-g53f8760       #
########################################

# Program was compiled: Sep 21 2021 14:36:42
# Program was run: Fri Oct 22 23:19:05 2021

# cmd: legofit -1 -d 0 -t 56 --ptsPerDim 3 --stateOut b1boot26.state --tol 3e-6 -S 5000 abdegh2.lgo ../../chrX/boot_chrX/boot26.opf
# Stage nOptItr nSimReps
#     0    5000        0
# algorithm          : deterministic
# ignoring probs <=  : 0
# Branch length floor: 0
# DE strategy        : 2
#    F               : 0.3
#    CR              : 0.8
#    tolerance       : 3e-06
# nthreads           : 56
# lgo input file     : abdegh2.lgo
# site pat input file: ../../chrX/boot_chrX/boot26.opf
# free parameters    : 19
# points in DE swarm : 57
# output state file  : b1boot26.state
# Including singleton site patterns.
# cost function      : KL
Initial parameter values
Fixed:
      zero = 0
       one = 1
    Tbecnw = 75200
Free:
       pc1 = 0
       pc2 = 0
       pc3 = 0
       pc4 = 0
       pc5 = 0
       pc6 = 0
       pc7 = 0
       pc8 = 0
       pc9 = 0
      pc10 = 0
      pc11 = 0
      pc12 = 0
      pc13 = 0
      pc14 = 0
      pc15 = 0
      pc16 = 0
      pc17 = 0
      pc18 = 0
      pc19 = 0
Constrained:
   Tgbecnw = 116787
     Tecnw = 30739.6
       Tnw = 11296.5
       Tec = 10449.6
     twoNb = 4.33084e+06
     twoNe = 3.14859e+06
     twoNc = 1.52367e+06
     twoNw = 1.1218e+06
    twoNec = 49404.3
    twoNnw = 73598
  twoNecnw = 52834.5
  twoNbecnw = 12985.8
  twoNgbecnw = 321240
         m = 0.0777224
        m2 = 0.00430751
        m4 = 0.019637
        m5 = 0.136867
        m7 = 0.0167012
        m8 = 0.186942
        Th = 10873.1
        Tb = 20806.3
        Ta = 48003.2
        Td = 5224.82
        Te = 2612.41
        Tg = 1306.2
DiffEv reached_goal. cost=2.14490e-03 spread=2.87028e-06
Fitted parameter values
Free:
       pc1 = -0.581891
       pc2 = 3.92156
       pc3 = -3.57876
       pc4 = 0.000377596
       pc5 = 1.958
       pc6 = -0.960568
       pc7 = -1.68054
       pc8 = 0.254058
       pc9 = -0.746978
      pc10 = 1.49262
      pc11 = -0.242456
      pc12 = 0.448643
      pc13 = -0.21345
      pc14 = -0.0897273
      pc15 = 0.114033
      pc16 = -0.0141222
      pc17 = -0.0319329
      pc18 = -0.0818558
      pc19 = 0.0863882
Constrained:
   Tgbecnw = 86855.4
     Tecnw = 28861.8
       Tnw = 12673.1
       Tec = 8478.98
     twoNb = 1.89542e+06
     twoNe = 3.74479e+06
     twoNc = 4.03237e+06
     twoNw = 2.06849e+06
    twoNec = 53879.1
    twoNnw = 59003.5
  twoNecnw = 52799.6
  twoNbecnw = 3837.05
  twoNgbecnw = 398064
         m = 0.058643
        m2 = 0.000252916
        m4 = 0.0216875
        m5 = 0.140981
        m7 = 0.0198918
        m8 = 0.193674
        Th = 10576
        Tb = 19718.9
        Ta = 47459.5
        Td = 4239.49
        Te = 2119.75
        Tg = 1059.87
#       SitePat  BranchLen
              b 113405.0365646
              e 42631.8146794
              c 44409.1964776
              n 41680.7903808
              w 41641.4972625
            b:e 1261.4079431
            b:c 1390.4992685
            b:n 1033.0221828
            b:w 1031.3198783
            e:c 11255.9863826
            e:n 4437.2817224
            e:w 4468.4093322
            c:n 3962.6250095
            c:w 3962.0085393
            n:w 11672.0438397
          b:e:c 1268.9861347
          b:e:n 571.6334046
          b:e:w 572.7006273
          b:c:n 575.4302250
          b:c:w 574.2599903
          b:n:w 1253.1133775
          e:c:n 4073.8251619
          e:c:w 4082.6071406
          e:n:w 5551.5383410
          c:n:w 4790.3923929
        b:e:c:n 1127.7434373
        b:e:c:w 1129.5487539
        b:e:n:w 1873.6695136
        b:c:n:w 1704.0436543
        e:c:n:w 44465.2624532
