########################################
# legofit: estimate population history #
#       version 2.3.4-4-g53f8760       #
########################################

# Program was compiled: Sep 21 2021 14:36:42
# Program was run: Sat Oct 23 08:03:45 2021

# cmd: legofit -1 -d 0 -t 56 --ptsPerDim 3 --stateOut b1boot44.state --tol 3e-6 -S 5000 abdegh2.lgo ../../chrX/boot_chrX/boot44.opf
# Stage nOptItr nSimReps
#     0    5000        0
# algorithm          : deterministic
# ignoring probs <=  : 0
# Branch length floor: 0
# DE strategy        : 2
#    F               : 0.3
#    CR              : 0.8
#    tolerance       : 3e-06
# nthreads           : 56
# lgo input file     : abdegh2.lgo
# site pat input file: ../../chrX/boot_chrX/boot44.opf
# free parameters    : 19
# points in DE swarm : 57
# output state file  : b1boot44.state
# Including singleton site patterns.
# cost function      : KL
Initial parameter values
Fixed:
      zero = 0
       one = 1
    Tbecnw = 75200
Free:
       pc1 = 0
       pc2 = 0
       pc3 = 0
       pc4 = 0
       pc5 = 0
       pc6 = 0
       pc7 = 0
       pc8 = 0
       pc9 = 0
      pc10 = 0
      pc11 = 0
      pc12 = 0
      pc13 = 0
      pc14 = 0
      pc15 = 0
      pc16 = 0
      pc17 = 0
      pc18 = 0
      pc19 = 0
Constrained:
   Tgbecnw = 116787
     Tecnw = 30739.6
       Tnw = 11296.5
       Tec = 10449.6
     twoNb = 4.33084e+06
     twoNe = 3.14859e+06
     twoNc = 1.52367e+06
     twoNw = 1.1218e+06
    twoNec = 49404.3
    twoNnw = 73598
  twoNecnw = 52834.5
  twoNbecnw = 12985.8
  twoNgbecnw = 321240
         m = 0.0777224
        m2 = 0.00430751
        m4 = 0.019637
        m5 = 0.136867
        m7 = 0.0167012
        m8 = 0.186942
        Th = 10873.1
        Tb = 20806.3
        Ta = 48003.2
        Td = 5224.82
        Te = 2612.41
        Tg = 1306.2
DiffEv reached_goal. cost=2.08613e-03 spread=2.93974e-06
Fitted parameter values
Free:
       pc1 = -3.8548
       pc2 = 3.99411
       pc3 = -3.43035
       pc4 = 1.89196
       pc5 = 1.82928
       pc6 = -1.91818
       pc7 = -1.8596
       pc8 = 0.743344
       pc9 = 0.0700892
      pc10 = 0.371462
      pc11 = -0.0843263
      pc12 = 0.485174
      pc13 = -0.401285
      pc14 = -0.0552362
      pc15 = 0.0871274
      pc16 = 0.0129601
      pc17 = -0.192835
      pc18 = -0.0646735
      pc19 = 0.116992
Constrained:
   Tgbecnw = 83427.6
     Tecnw = 26968.5
       Tnw = 15480.4
       Tec = 10859.9
     twoNb = 7.27317e+06
     twoNe = 5.61031e+06
     twoNc = 1.52258e+06
     twoNw = 2.19787e+06
    twoNec = 45073.3
    twoNnw = 41465.3
  twoNecnw = 58333.2
  twoNbecnw = 2762.3
  twoNgbecnw = 356952
         m = 0.0743492
        m2 = 8.65267e-05
        m4 = 0.0196549
        m5 = 0.159043
        m7 = 0.0193393
        m8 = 0.169884
        Th = 13170.2
        Tb = 20069.4
        Ta = 47634.7
        Td = 5429.97
        Te = 2714.99
        Tg = 1357.49
#       SitePat  BranchLen
              b 114661.1949888
              e 42578.0648785
              c 44516.2413101
              n 41640.9270853
              w 41597.5457836
            b:e 1180.0261259
            b:c 1311.9519212
            b:n 994.6893330
            b:w 992.7951342
            e:c 11262.0692780
            e:n 4445.8083844
            e:w 4482.2329472
            c:n 3932.6904313
            c:w 3929.5789443
            n:w 11709.7150696
          b:e:c 1237.3652403
          b:e:n 550.3606037
          b:e:w 551.6958919
          b:c:n 554.7307021
          b:c:w 553.2694189
          b:n:w 1224.5816131
          e:c:n 4065.7721751
          e:c:w 4075.8404010
          e:n:w 5578.0586386
          c:n:w 4713.9405748
        b:e:c:n 1094.5807975
        b:e:c:w 1096.6009913
        b:e:n:w 1838.7768879
        b:c:n:w 1692.6210535
        e:c:n:w 45497.9875684
