########################################
# legofit: estimate population history #
#       version 2.3.4-4-g53f8760       #
########################################

# Program was compiled: Sep 21 2021 14:36:42
# Program was run: Sat Oct 23 08:27:07 2021

# cmd: legofit -1 -d 0 -t 56 --ptsPerDim 3 --stateOut b1boot48.state --tol 3e-6 -S 5000 abdegh2.lgo ../../chrX/boot_chrX/boot48.opf
# Stage nOptItr nSimReps
#     0    5000        0
# algorithm          : deterministic
# ignoring probs <=  : 0
# Branch length floor: 0
# DE strategy        : 2
#    F               : 0.3
#    CR              : 0.8
#    tolerance       : 3e-06
# nthreads           : 56
# lgo input file     : abdegh2.lgo
# site pat input file: ../../chrX/boot_chrX/boot48.opf
# free parameters    : 19
# points in DE swarm : 57
# output state file  : b1boot48.state
# Including singleton site patterns.
# cost function      : KL
Initial parameter values
Fixed:
      zero = 0
       one = 1
    Tbecnw = 75200
Free:
       pc1 = 0
       pc2 = 0
       pc3 = 0
       pc4 = 0
       pc5 = 0
       pc6 = 0
       pc7 = 0
       pc8 = 0
       pc9 = 0
      pc10 = 0
      pc11 = 0
      pc12 = 0
      pc13 = 0
      pc14 = 0
      pc15 = 0
      pc16 = 0
      pc17 = 0
      pc18 = 0
      pc19 = 0
Constrained:
   Tgbecnw = 116787
     Tecnw = 30739.6
       Tnw = 11296.5
       Tec = 10449.6
     twoNb = 4.33084e+06
     twoNe = 3.14859e+06
     twoNc = 1.52367e+06
     twoNw = 1.1218e+06
    twoNec = 49404.3
    twoNnw = 73598
  twoNecnw = 52834.5
  twoNbecnw = 12985.8
  twoNgbecnw = 321240
         m = 0.0777224
        m2 = 0.00430751
        m4 = 0.019637
        m5 = 0.136867
        m7 = 0.0167012
        m8 = 0.186942
        Th = 10873.1
        Tb = 20806.3
        Ta = 48003.2
        Td = 5224.82
        Te = 2612.41
        Tg = 1306.2
DiffEv reached_goal. cost=2.08511e-03 spread=2.50297e-06
Fitted parameter values
Free:
       pc1 = -3.55841
       pc2 = 3.99996
       pc3 = -3.44578
       pc4 = 0.14515
       pc5 = 1.95777
       pc6 = -1.96672
       pc7 = -1.95982
       pc8 = 0.226001
       pc9 = -0.576039
      pc10 = 1.9272
      pc11 = -0.923372
      pc12 = 0.375611
      pc13 = -0.126118
      pc14 = 0.340878
      pc15 = -0.0629685
      pc16 = 0.223647
      pc17 = -0.0293891
      pc18 = 0.0869668
      pc19 = 0.119137
Constrained:
   Tgbecnw = 83083.3
     Tecnw = 27587.5
       Tnw = 16687
       Tec = 10002
     twoNb = 2.20189e+06
     twoNe = 1.73167e+06
     twoNc = 3.23575e+06
     twoNw = 2.10373e+06
    twoNec = 50081.2
    twoNnw = 38468.6
  twoNecnw = 57837.4
  twoNbecnw = 2566.98
  twoNgbecnw = 398922
         m = 0.0640196
        m2 = 0.00160917
        m4 = 0.0174221
        m5 = 0.147349
        m7 = 0.0180008
        m8 = 0.195072
        Th = 13344.5
        Tb = 20466
        Ta = 47833
        Td = 5001.01
        Te = 2500.5
        Tg = 1250.25
#       SitePat  BranchLen
              b 113801.1930770
              e 42812.7942168
              c 44528.0887759
              n 41917.6714754
              w 41864.8311248
            b:e 1223.6647112
            b:c 1339.1343607
            b:n 1003.9213525
            b:w 1001.5152597
            e:c 11170.4473558
            e:n 4406.2739109
            e:w 4447.1575434
            c:n 3955.3775565
            c:w 3954.5373894
            n:w 11474.9196639
          b:e:c 1247.6285906
          b:e:n 561.3412861
          b:e:w 562.7621116
          b:c:n 565.4933647
          b:c:w 563.9111295
          b:n:w 1235.2329641
          e:c:n 4028.6977809
          e:c:w 4041.4946659
          e:n:w 5544.1846520
          c:n:w 4769.4367077
        b:e:c:n 1107.0719084
        b:e:c:w 1109.6394110
        b:e:n:w 1811.3364503
        b:c:n:w 1693.5355996
        e:c:n:w 44752.8870551
