########################################
# legofit: estimate population history #
#       version 2.3.4-4-g53f8760       #
########################################

# Program was compiled: Sep 21 2021 14:36:42
# Program was run: Fri Oct 22 19:43:31 2021

# cmd: legofit -1 -d 0 -t 56 --ptsPerDim 3 --stateOut b1boot1.state --tol 3e-6 -S 5000 abdegh2.lgo ../../chrX/boot_chrX/boot1.opf
# Stage nOptItr nSimReps
#     0    5000        0
# algorithm          : deterministic
# ignoring probs <=  : 0
# Branch length floor: 0
# DE strategy        : 2
#    F               : 0.3
#    CR              : 0.8
#    tolerance       : 3e-06
# nthreads           : 56
# lgo input file     : abdegh2.lgo
# site pat input file: ../../chrX/boot_chrX/boot1.opf
# free parameters    : 19
# points in DE swarm : 57
# output state file  : b1boot1.state
# Including singleton site patterns.
# cost function      : KL
Initial parameter values
Fixed:
      zero = 0
       one = 1
    Tbecnw = 75200
Free:
       pc1 = 0
       pc2 = 0
       pc3 = 0
       pc4 = 0
       pc5 = 0
       pc6 = 0
       pc7 = 0
       pc8 = 0
       pc9 = 0
      pc10 = 0
      pc11 = 0
      pc12 = 0
      pc13 = 0
      pc14 = 0
      pc15 = 0
      pc16 = 0
      pc17 = 0
      pc18 = 0
      pc19 = 0
Constrained:
   Tgbecnw = 116787
     Tecnw = 30739.6
       Tnw = 11296.5
       Tec = 10449.6
     twoNb = 4.33084e+06
     twoNe = 3.14859e+06
     twoNc = 1.52367e+06
     twoNw = 1.1218e+06
    twoNec = 49404.3
    twoNnw = 73598
  twoNecnw = 52834.5
  twoNbecnw = 12985.8
  twoNgbecnw = 321240
         m = 0.0777224
        m2 = 0.00430751
        m4 = 0.019637
        m5 = 0.136867
        m7 = 0.0167012
        m8 = 0.186942
        Th = 10873.1
        Tb = 20806.3
        Ta = 48003.2
        Td = 5224.82
        Te = 2612.41
        Tg = 1306.2
DiffEv reached_goal. cost=2.25597e-03 spread=2.87315e-06
Fitted parameter values
Free:
       pc1 = -3.88711
       pc2 = 3.97689
       pc3 = -3.61428
       pc4 = 0.724416
       pc5 = 1.89548
       pc6 = -1.99454
       pc7 = -1.90827
       pc8 = 0.185158
       pc9 = -0.312029
      pc10 = 0.384548
      pc11 = -0.339763
      pc12 = 0.341304
      pc13 = 0.0534271
      pc14 = -0.339789
      pc15 = 0.249939
      pc16 = -0.178168
      pc17 = -0.0117543
      pc18 = 0.0929643
      pc19 = 0.0609016
Constrained:
   Tgbecnw = 84119.8
     Tecnw = 27299.8
       Tnw = 15408.1
       Tec = 10512.5
     twoNb = 3.50179e+06
     twoNe = 4.75911e+06
     twoNc = 1.72401e+06
     twoNw = 2.24515e+06
    twoNec = 46750.9
    twoNnw = 42191.9
  twoNecnw = 60006.7
  twoNbecnw = 2888.4
  twoNgbecnw = 399804
         m = 0.0656871
        m2 = 0.000319774
        m4 = 0.0184195
        m5 = 0.152907
        m7 = 0.0173543
        m8 = 0.166751
        Th = 12960.3
        Tb = 20130
        Ta = 47665
        Td = 5256.23
        Te = 2628.11
        Tg = 1314.06
#       SitePat  BranchLen
              b 114482.7735792
              e 42871.4203204
              c 44841.9920568
              n 42068.3337399
              w 42025.9859812
            b:e 1210.1203958
            b:c 1350.1404494
            b:n 1030.3685745
            b:w 1028.4787377
            e:c 11569.9451198
            e:n 4437.7655990
            e:w 4472.9264448
            c:n 3918.8436440
            c:w 3916.3203838
            n:w 11959.5724838
          b:e:c 1299.8121555
          b:e:n 566.9568946
          b:e:w 568.2565056
          b:c:n 571.6739472
          b:c:w 570.2409920
          b:n:w 1286.5159334
          e:c:n 4053.9395024
          e:c:w 4063.6496756
          e:n:w 5547.4417545
          c:n:w 4677.5233582
        b:e:c:n 1140.2229121
        b:e:c:w 1142.2460931
        b:e:n:w 1857.3920274
        b:c:n:w 1685.5451057
        e:c:n:w 44988.6489807
