########################################
# legofit: estimate population history #
#       version 2.3.4-4-g53f8760       #
########################################

# Program was compiled: Sep 21 2021 14:36:42
# Program was run: Fri Oct 22 21:50:34 2021

# cmd: legofit -1 -d 0 -t 56 --ptsPerDim 3 --stateOut b1boot16.state --tol 3e-6 -S 5000 abdegh2.lgo ../../chrX/boot_chrX/boot16.opf
# Stage nOptItr nSimReps
#     0    5000        0
# algorithm          : deterministic
# ignoring probs <=  : 0
# Branch length floor: 0
# DE strategy        : 2
#    F               : 0.3
#    CR              : 0.8
#    tolerance       : 3e-06
# nthreads           : 56
# lgo input file     : abdegh2.lgo
# site pat input file: ../../chrX/boot_chrX/boot16.opf
# free parameters    : 19
# points in DE swarm : 57
# output state file  : b1boot16.state
# Including singleton site patterns.
# cost function      : KL
Initial parameter values
Fixed:
      zero = 0
       one = 1
    Tbecnw = 75200
Free:
       pc1 = 0
       pc2 = 0
       pc3 = 0
       pc4 = 0
       pc5 = 0
       pc6 = 0
       pc7 = 0
       pc8 = 0
       pc9 = 0
      pc10 = 0
      pc11 = 0
      pc12 = 0
      pc13 = 0
      pc14 = 0
      pc15 = 0
      pc16 = 0
      pc17 = 0
      pc18 = 0
      pc19 = 0
Constrained:
   Tgbecnw = 116787
     Tecnw = 30739.6
       Tnw = 11296.5
       Tec = 10449.6
     twoNb = 4.33084e+06
     twoNe = 3.14859e+06
     twoNc = 1.52367e+06
     twoNw = 1.1218e+06
    twoNec = 49404.3
    twoNnw = 73598
  twoNecnw = 52834.5
  twoNbecnw = 12985.8
  twoNgbecnw = 321240
         m = 0.0777224
        m2 = 0.00430751
        m4 = 0.019637
        m5 = 0.136867
        m7 = 0.0167012
        m8 = 0.186942
        Th = 10873.1
        Tb = 20806.3
        Ta = 48003.2
        Td = 5224.82
        Te = 2612.41
        Tg = 1306.2
DiffEv reached_goal. cost=2.21825e-03 spread=2.26280e-06
Fitted parameter values
Free:
       pc1 = -3.64769
       pc2 = 3.09684
       pc3 = -3.46523
       pc4 = 2.37525
       pc5 = 1.99077
       pc6 = -1.94206
       pc7 = -1.712
       pc8 = 1.35391
       pc9 = -0.275334
      pc10 = -0.378309
      pc11 = -0.498162
      pc12 = 0.258404
      pc13 = -0.255283
      pc14 = 0.234099
      pc15 = -0.193214
      pc16 = -0.0789141
      pc17 = -0.0408378
      pc18 = 0.000718385
      pc19 = 0.176284
Constrained:
   Tgbecnw = 85223.2
     Tecnw = 27655.2
       Tnw = 15558.9
       Tec = 9969.66
     twoNb = 1.69848e+06
     twoNe = 6.66892e+06
     twoNc = 369461
     twoNw = 2.1176e+06
    twoNec = 50613.7
    twoNnw = 42686.9
  twoNecnw = 57739.5
  twoNbecnw = 3452.64
  twoNgbecnw = 326583
         m = 0.0797502
        m2 = 0.000112819
        m4 = 0.0184246
        m5 = 0.163905
        m7 = 0.0193679
        m8 = 0.161281
        Th = 12764.3
        Tb = 20209.7
        Ta = 47704.9
        Td = 4984.83
        Te = 2492.42
        Tg = 1246.21
#       SitePat  BranchLen
              b 114488.0636625
              e 42875.3308290
              c 44874.1402777
              n 41964.6621996
              w 41915.7161246
            b:e 1231.0881687
            b:c 1357.4718416
            b:n 997.4454727
            b:w 995.3193055
            e:c 11376.9224881
            e:n 4418.3290348
            e:w 4458.8957303
            c:n 3882.5881713
            c:w 3879.7695831
            n:w 11843.2640026
          b:e:c 1255.4391704
          b:e:n 551.6077741
          b:e:w 553.0655485
          b:c:n 555.9264255
          b:c:w 554.3290739
          b:n:w 1240.4449661
          e:c:n 4029.4297495
          e:c:w 4040.6277173
          e:n:w 5621.3037804
          c:n:w 4726.9391708
        b:e:c:n 1096.3403093
        b:e:c:w 1098.6060536
        b:e:n:w 1800.2490923
        b:c:n:w 1678.7054197
        e:c:n:w 45046.8669506
