########################################
# legofit: estimate population history #
#       version 2.3.4-4-g53f8760       #
########################################

# Program was compiled: Sep 21 2021 14:36:42
# Program was run: Fri Oct 22 19:53:00 2021

# cmd: legofit -1 -d 0 -t 56 --ptsPerDim 3 --stateOut b1boot2.state --tol 3e-6 -S 5000 abdegh2.lgo ../../chrX/boot_chrX/boot2.opf
# Stage nOptItr nSimReps
#     0    5000        0
# algorithm          : deterministic
# ignoring probs <=  : 0
# Branch length floor: 0
# DE strategy        : 2
#    F               : 0.3
#    CR              : 0.8
#    tolerance       : 3e-06
# nthreads           : 56
# lgo input file     : abdegh2.lgo
# site pat input file: ../../chrX/boot_chrX/boot2.opf
# free parameters    : 19
# points in DE swarm : 57
# output state file  : b1boot2.state
# Including singleton site patterns.
# cost function      : KL
Initial parameter values
Fixed:
      zero = 0
       one = 1
    Tbecnw = 75200
Free:
       pc1 = 0
       pc2 = 0
       pc3 = 0
       pc4 = 0
       pc5 = 0
       pc6 = 0
       pc7 = 0
       pc8 = 0
       pc9 = 0
      pc10 = 0
      pc11 = 0
      pc12 = 0
      pc13 = 0
      pc14 = 0
      pc15 = 0
      pc16 = 0
      pc17 = 0
      pc18 = 0
      pc19 = 0
Constrained:
   Tgbecnw = 116787
     Tecnw = 30739.6
       Tnw = 11296.5
       Tec = 10449.6
     twoNb = 4.33084e+06
     twoNe = 3.14859e+06
     twoNc = 1.52367e+06
     twoNw = 1.1218e+06
    twoNec = 49404.3
    twoNnw = 73598
  twoNecnw = 52834.5
  twoNbecnw = 12985.8
  twoNgbecnw = 321240
         m = 0.0777224
        m2 = 0.00430751
        m4 = 0.019637
        m5 = 0.136867
        m7 = 0.0167012
        m8 = 0.186942
        Th = 10873.1
        Tb = 20806.3
        Ta = 48003.2
        Td = 5224.82
        Te = 2612.41
        Tg = 1306.2
DiffEv reached_goal. cost=2.17252e-03 spread=2.40116e-06
Fitted parameter values
Free:
       pc1 = -3.96877
       pc2 = 3.97259
       pc3 = -3.71832
       pc4 = 1.30347
       pc5 = 1.92584
       pc6 = -1.84442
       pc7 = -1.89479
       pc8 = -0.336763
       pc9 = -0.00534192
      pc10 = 0.481682
      pc11 = -0.25121
      pc12 = 0.470031
      pc13 = -0.0454308
      pc14 = -0.310674
      pc15 = 0.125577
      pc16 = -0.177565
      pc17 = -0.0124595
      pc18 = -0.0100843
      pc19 = 0.0671987
Constrained:
   Tgbecnw = 84656.2
     Tecnw = 26907.1
       Tnw = 15594.1
       Tec = 10657.6
     twoNb = 1.01128e+07
     twoNe = 4.78265e+06
     twoNc = 2.044e+06
     twoNw = 2.29477e+06
    twoNec = 47683.6
    twoNnw = 40111
  twoNecnw = 60503.8
  twoNbecnw = 3052.18
  twoNgbecnw = 386402
         m = 0.0684628
        m2 = 3.6295e-05
        m4 = 0.0194599
        m5 = 0.151956
        m7 = 0.0180115
        m8 = 0.157997
        Th = 13125.9
        Tb = 20016.5
        Ta = 47608.3
        Td = 5328.82
        Te = 2664.41
        Tg = 1332.2
#       SitePat  BranchLen
              b 114340.3006402
              e 42974.4250494
              c 44961.0958700
              n 41907.8792337
              w 41867.0873489
            b:e 1169.1515940
            b:c 1307.8912782
            b:n 991.6308541
            b:w 989.8634335
            e:c 11405.3146828
            e:n 4431.8108694
            e:w 4465.9570636
            c:n 3912.4535016
            c:w 3909.7558175
            n:w 11978.5968507
          b:e:c 1253.1516831
          b:e:n 549.2620571
          b:e:w 550.4980333
          b:c:n 553.8216850
          b:c:w 552.4624079
          b:n:w 1239.7101120
          e:c:n 4011.1726132
          e:c:w 4020.5159879
          e:n:w 5561.3905179
          c:n:w 4682.3580140
        b:e:c:n 1096.3032200
        b:e:c:w 1098.1939414
        b:e:n:w 1848.1012666
        b:c:n:w 1670.7578702
        e:c:n:w 44775.8515864
