########################################
# legofit: estimate population history #
#       version 2.3.4-4-g53f8760       #
########################################

# Program was compiled: Sep 21 2021 14:36:42
# Program was run: Fri Oct 22 20:53:00 2021

# cmd: legofit -1 -d 0 -t 56 --ptsPerDim 3 --stateOut b1boot9.state --tol 3e-6 -S 5000 abdegh2.lgo ../../chrX/boot_chrX/boot9.opf
# Stage nOptItr nSimReps
#     0    5000        0
# algorithm          : deterministic
# ignoring probs <=  : 0
# Branch length floor: 0
# DE strategy        : 2
#    F               : 0.3
#    CR              : 0.8
#    tolerance       : 3e-06
# nthreads           : 56
# lgo input file     : abdegh2.lgo
# site pat input file: ../../chrX/boot_chrX/boot9.opf
# free parameters    : 19
# points in DE swarm : 57
# output state file  : b1boot9.state
# Including singleton site patterns.
# cost function      : KL
Initial parameter values
Fixed:
      zero = 0
       one = 1
    Tbecnw = 75200
Free:
       pc1 = 0
       pc2 = 0
       pc3 = 0
       pc4 = 0
       pc5 = 0
       pc6 = 0
       pc7 = 0
       pc8 = 0
       pc9 = 0
      pc10 = 0
      pc11 = 0
      pc12 = 0
      pc13 = 0
      pc14 = 0
      pc15 = 0
      pc16 = 0
      pc17 = 0
      pc18 = 0
      pc19 = 0
Constrained:
   Tgbecnw = 116787
     Tecnw = 30739.6
       Tnw = 11296.5
       Tec = 10449.6
     twoNb = 4.33084e+06
     twoNe = 3.14859e+06
     twoNc = 1.52367e+06
     twoNw = 1.1218e+06
    twoNec = 49404.3
    twoNnw = 73598
  twoNecnw = 52834.5
  twoNbecnw = 12985.8
  twoNgbecnw = 321240
         m = 0.0777224
        m2 = 0.00430751
        m4 = 0.019637
        m5 = 0.136867
        m7 = 0.0167012
        m8 = 0.186942
        Th = 10873.1
        Tb = 20806.3
        Ta = 48003.2
        Td = 5224.82
        Te = 2612.41
        Tg = 1306.2
DiffEv reached_goal. cost=2.20488e-03 spread=2.62798e-06
Fitted parameter values
Free:
       pc1 = -3.66206
       pc2 = 3.05395
       pc3 = -3.97387
       pc4 = 0.277991
       pc5 = 1.92109
       pc6 = -1.65156
       pc7 = -1.86508
       pc8 = -0.662538
       pc9 = -0.828649
      pc10 = 1.39844
      pc11 = 0.100121
      pc12 = -0.136105
      pc13 = 0.236212
      pc14 = 0.0429392
      pc15 = 0.331319
      pc16 = -0.141676
      pc17 = -0.0120122
      pc18 = 0.121638
      pc19 = 0.0873394
Constrained:
   Tgbecnw = 86224.2
     Tecnw = 27391.1
       Tnw = 15083.9
       Tec = 10274
     twoNb = 3.63039e+06
     twoNe = 1.10113e+06
     twoNc = 3.08462e+06
     twoNw = 2.41541e+06
    twoNec = 50361.9
    twoNnw = 45274.3
  twoNecnw = 58147.5
  twoNbecnw = 3545.39
  twoNgbecnw = 391730
         m = 0.0674565
        m2 = 0.000298219
        m4 = 0.0159322
        m5 = 0.142957
        m7 = 0.0159884
        m8 = 0.157424
        Th = 12679
        Tb = 20035
        Ta = 47617.5
        Td = 5137.01
        Te = 2568.51
        Tg = 1284.25
#       SitePat  BranchLen
              b 114929.4278884
              e 42864.5864702
              c 44610.8566016
              n 42100.7648344
              w 42064.2687551
            b:e 1168.1221353
            b:c 1283.2867764
            b:n 1001.1261522
            b:w 999.5544345
            e:c 11443.0047840
            e:n 4390.4887143
            e:w 4420.7256859
            c:n 3918.4183260
            c:w 3916.3557258
            n:w 11797.6727597
          b:e:c 1244.5895376
          b:e:n 549.2411391
          b:e:w 550.3189582
          b:c:n 552.9522433
          b:c:w 551.7716444
          b:n:w 1233.5222582
          e:c:n 4070.6562670
          e:c:w 4078.9779750
          e:n:w 5428.9169744
          c:n:w 4661.0388549
        b:e:c:n 1100.3053448
        b:e:c:w 1101.9798424
        b:e:n:w 1729.0901286
        b:c:n:w 1606.8100337
        e:c:n:w 45461.0946318
