########################################
# legofit: estimate population history #
#       version 2.3.4-4-g53f8760       #
########################################

# Program was compiled: Sep 21 2021 14:36:42
# Program was run: Sat Oct 23 07:17:02 2021

# cmd: legofit -1 -d 0 -t 56 --ptsPerDim 3 --stateOut b1boot39.state --tol 3e-6 -S 5000 abdegh2.lgo ../../chrX/boot_chrX/boot39.opf
# Stage nOptItr nSimReps
#     0    5000        0
# algorithm          : deterministic
# ignoring probs <=  : 0
# Branch length floor: 0
# DE strategy        : 2
#    F               : 0.3
#    CR              : 0.8
#    tolerance       : 3e-06
# nthreads           : 56
# lgo input file     : abdegh2.lgo
# site pat input file: ../../chrX/boot_chrX/boot39.opf
# free parameters    : 19
# points in DE swarm : 57
# output state file  : b1boot39.state
# Including singleton site patterns.
# cost function      : KL
Initial parameter values
Fixed:
      zero = 0
       one = 1
    Tbecnw = 75200
Free:
       pc1 = 0
       pc2 = 0
       pc3 = 0
       pc4 = 0
       pc5 = 0
       pc6 = 0
       pc7 = 0
       pc8 = 0
       pc9 = 0
      pc10 = 0
      pc11 = 0
      pc12 = 0
      pc13 = 0
      pc14 = 0
      pc15 = 0
      pc16 = 0
      pc17 = 0
      pc18 = 0
      pc19 = 0
Constrained:
   Tgbecnw = 116787
     Tecnw = 30739.6
       Tnw = 11296.5
       Tec = 10449.6
     twoNb = 4.33084e+06
     twoNe = 3.14859e+06
     twoNc = 1.52367e+06
     twoNw = 1.1218e+06
    twoNec = 49404.3
    twoNnw = 73598
  twoNecnw = 52834.5
  twoNbecnw = 12985.8
  twoNgbecnw = 321240
         m = 0.0777224
        m2 = 0.00430751
        m4 = 0.019637
        m5 = 0.136867
        m7 = 0.0167012
        m8 = 0.186942
        Th = 10873.1
        Tb = 20806.3
        Ta = 48003.2
        Td = 5224.82
        Te = 2612.41
        Tg = 1306.2
DiffEv reached_goal. cost=2.13108e-03 spread=2.82814e-06
Fitted parameter values
Free:
       pc1 = -3.91588
       pc2 = 3.55087
       pc3 = -3.57585
       pc4 = 1.67845
       pc5 = 1.922
       pc6 = -0.775594
       pc7 = -1.7486
       pc8 = 0.39098
       pc9 = -0.696733
      pc10 = 0.633138
      pc11 = -0.581194
      pc12 = 0.114348
      pc13 = -0.0663642
      pc14 = 0.130052
      pc15 = 0.127833
      pc16 = 0.137488
      pc17 = -0.202647
      pc18 = 0.0665671
      pc19 = 0.164908
Constrained:
   Tgbecnw = 84032.4
     Tecnw = 27172.7
       Tnw = 15615.8
       Tec = 10168.2
     twoNb = 1.74885e+06
     twoNe = 6.36069e+06
     twoNc = 2.25565e+06
     twoNw = 2.17839e+06
    twoNec = 50078.2
    twoNnw = 42556.1
  twoNecnw = 59168.4
  twoNbecnw = 2974.34
  twoNgbecnw = 344343
         m = 0.0804235
        m2 = 1.25702e-05
        m4 = 0.0176654
        m5 = 0.146779
        m7 = 0.0180941
        m8 = 0.169534
        Th = 12892
        Tb = 20032.4
        Ta = 47616.2
        Td = 5084.1
        Te = 2542.05
        Tg = 1271.03
#       SitePat  BranchLen
              b 115503.0049809
              e 42947.0842980
              c 44686.3027338
              n 42093.7526292
              w 42049.3337434
            b:e 1208.9352023
            b:c 1318.5719004
            b:n 992.5001068
            b:w 990.5726777
            e:c 11294.9529238
            e:n 4435.7890376
            e:w 4471.8220350
            c:n 3967.3232479
            c:w 3965.3716956
            n:w 11667.5220059
          b:e:c 1226.9340252
          b:e:n 551.1287289
          b:e:w 552.3915827
          b:c:n 555.0264103
          b:c:w 553.6331149
          b:n:w 1213.0202990
          e:c:n 4053.0234421
          e:c:w 4063.3608829
          e:n:w 5479.6475179
          c:n:w 4712.7370166
        b:e:c:n 1094.7935759
        b:e:c:w 1096.8514466
        b:e:n:w 1772.6185114
        b:c:n:w 1660.4507967
        e:c:n:w 46041.1002589
