########################################
# legofit: estimate population history #
#       version 2.3.4-4-g53f8760       #
########################################

# Program was compiled: Sep 21 2021 14:36:42
# Program was run: Fri Oct 22 20:15:07 2021

# cmd: legofit -1 -d 0 -t 56 --ptsPerDim 3 --stateOut b1boot4.state --tol 3e-6 -S 5000 abdegh2.lgo ../../chrX/boot_chrX/boot4.opf
# Stage nOptItr nSimReps
#     0    5000        0
# algorithm          : deterministic
# ignoring probs <=  : 0
# Branch length floor: 0
# DE strategy        : 2
#    F               : 0.3
#    CR              : 0.8
#    tolerance       : 3e-06
# nthreads           : 56
# lgo input file     : abdegh2.lgo
# site pat input file: ../../chrX/boot_chrX/boot4.opf
# free parameters    : 19
# points in DE swarm : 57
# output state file  : b1boot4.state
# Including singleton site patterns.
# cost function      : KL
Initial parameter values
Fixed:
      zero = 0
       one = 1
    Tbecnw = 75200
Free:
       pc1 = 0
       pc2 = 0
       pc3 = 0
       pc4 = 0
       pc5 = 0
       pc6 = 0
       pc7 = 0
       pc8 = 0
       pc9 = 0
      pc10 = 0
      pc11 = 0
      pc12 = 0
      pc13 = 0
      pc14 = 0
      pc15 = 0
      pc16 = 0
      pc17 = 0
      pc18 = 0
      pc19 = 0
Constrained:
   Tgbecnw = 116787
     Tecnw = 30739.6
       Tnw = 11296.5
       Tec = 10449.6
     twoNb = 4.33084e+06
     twoNe = 3.14859e+06
     twoNc = 1.52367e+06
     twoNw = 1.1218e+06
    twoNec = 49404.3
    twoNnw = 73598
  twoNecnw = 52834.5
  twoNbecnw = 12985.8
  twoNgbecnw = 321240
         m = 0.0777224
        m2 = 0.00430751
        m4 = 0.019637
        m5 = 0.136867
        m7 = 0.0167012
        m8 = 0.186942
        Th = 10873.1
        Tb = 20806.3
        Ta = 48003.2
        Td = 5224.82
        Te = 2612.41
        Tg = 1306.2
DiffEv reached_goal. cost=2.28029e-03 spread=2.92843e-06
Fitted parameter values
Free:
       pc1 = -3.99974
       pc2 = 3.3028
       pc3 = -2.80276
       pc4 = 0.465772
       pc5 = 1.98268
       pc6 = -1.89866
       pc7 = -1.52756
       pc8 = 0.83367
       pc9 = 0.256516
      pc10 = 1.429
      pc11 = -0.231815
      pc12 = 0.337506
      pc13 = 0.56719
      pc14 = 0.154819
      pc15 = 0.374304
      pc16 = -0.0556215
      pc17 = -0.222356
      pc18 = 0.0739213
      pc19 = 0.0454763
Constrained:
   Tgbecnw = 88556.4
     Tecnw = 27842.2
       Tnw = 16188.9
       Tec = 11171.9
     twoNb = 2.87255e+06
     twoNe = 3.31426e+06
     twoNc = 3.08496e+06
     twoNw = 2.14127e+06
    twoNec = 44350.6
    twoNnw = 40488.7
  twoNecnw = 58283.9
  twoNbecnw = 4356.05
  twoNgbecnw = 376562
         m = 0.0701963
        m2 = 3.94503e-05
        m4 = 0.0171299
        m5 = 0.157562
        m7 = 0.0152642
        m8 = 0.191075
        Th = 13680.4
        Tb = 20761.3
        Ta = 47980.7
        Td = 5585.96
        Te = 2792.98
        Tg = 1396.49
#       SitePat  BranchLen
              b 115671.2780669
              e 42755.8774965
              c 44780.3061085
              n 42057.7840483
              w 42009.4844572
            b:e 1194.6601139
            b:c 1343.9005218
            b:n 1020.3486782
            b:w 1018.1746821
            e:c 11396.6318262
            e:n 4472.0786358
            e:w 4511.6605631
            c:n 3953.7821699
            c:w 3951.0852075
            n:w 11720.4520726
          b:e:c 1271.1946490
          b:e:n 562.0548417
          b:e:w 563.5104694
          b:c:n 566.8246460
          b:c:w 565.2309364
          b:n:w 1259.2276389
          e:c:n 4098.2389784
          e:c:w 4109.6536046
          e:n:w 5644.7134308
          c:n:w 4739.6035808
        b:e:c:n 1117.8744711
        b:e:c:w 1120.1865492
        b:e:n:w 1801.5301414
        b:c:n:w 1605.3525124
        e:c:n:w 46061.4832295
