########################################
# legofit: estimate population history #
#       version 2.3.4-4-g53f8760       #
########################################

# Program was compiled: Sep 21 2021 14:36:42
# Program was run: Fri Oct 22 21:56:46 2021

# cmd: legofit -1 -d 0 -t 56 --ptsPerDim 3 --stateOut b1boot22.state --tol 3e-6 -S 5000 abdegh2.lgo ../../chrX/boot_chrX/boot22.opf
# Stage nOptItr nSimReps
#     0    5000        0
# algorithm          : deterministic
# ignoring probs <=  : 0
# Branch length floor: 0
# DE strategy        : 2
#    F               : 0.3
#    CR              : 0.8
#    tolerance       : 3e-06
# nthreads           : 56
# lgo input file     : abdegh2.lgo
# site pat input file: ../../chrX/boot_chrX/boot22.opf
# free parameters    : 19
# points in DE swarm : 57
# output state file  : b1boot22.state
# Including singleton site patterns.
# cost function      : KL
Initial parameter values
Fixed:
      zero = 0
       one = 1
    Tbecnw = 75200
Free:
       pc1 = 0
       pc2 = 0
       pc3 = 0
       pc4 = 0
       pc5 = 0
       pc6 = 0
       pc7 = 0
       pc8 = 0
       pc9 = 0
      pc10 = 0
      pc11 = 0
      pc12 = 0
      pc13 = 0
      pc14 = 0
      pc15 = 0
      pc16 = 0
      pc17 = 0
      pc18 = 0
      pc19 = 0
Constrained:
   Tgbecnw = 116787
     Tecnw = 30739.6
       Tnw = 11296.5
       Tec = 10449.6
     twoNb = 4.33084e+06
     twoNe = 3.14859e+06
     twoNc = 1.52367e+06
     twoNw = 1.1218e+06
    twoNec = 49404.3
    twoNnw = 73598
  twoNecnw = 52834.5
  twoNbecnw = 12985.8
  twoNgbecnw = 321240
         m = 0.0777224
        m2 = 0.00430751
        m4 = 0.019637
        m5 = 0.136867
        m7 = 0.0167012
        m8 = 0.186942
        Th = 10873.1
        Tb = 20806.3
        Ta = 48003.2
        Td = 5224.82
        Te = 2612.41
        Tg = 1306.2
DiffEv reached_goal. cost=2.21828e-03 spread=2.77687e-06
Fitted parameter values
Free:
       pc1 = -3.29761
       pc2 = 1.64044
       pc3 = -2.19274
       pc4 = 2.03279
       pc5 = 1.96483
       pc6 = -0.437217
       pc7 = -1.42379
       pc8 = 0.0526755
       pc9 = -1.16089
      pc10 = 1.24631
      pc11 = -0.0885706
      pc12 = 0.218719
      pc13 = 0.32627
      pc14 = 0.0795722
      pc15 = 0.246384
      pc16 = -0.0977656
      pc17 = -0.176488
      pc18 = 0.00598332
      pc19 = 0.0993433
Constrained:
   Tgbecnw = 93968.5
     Tecnw = 28408.8
       Tnw = 15004.1
       Tec = 10300
     twoNb = 1.39703e+06
     twoNe = 2.90792e+06
     twoNc = 2.13034e+06
     twoNw = 2.33451e+06
    twoNec = 51026.7
    twoNnw = 47287.6
  twoNecnw = 58203.6
  twoNbecnw = 6531.46
  twoNgbecnw = 288922
         m = 0.0901324
        m2 = 4.86845e-05
        m4 = 0.0186694
        m5 = 0.141035
        m7 = 0.0160683
        m8 = 0.175364
        Th = 12652
        Tb = 20530.4
        Ta = 47865.2
        Td = 5150
        Te = 2575
        Tg = 1287.5
#       SitePat  BranchLen
              b 116186.1192389
              e 43558.8480345
              c 45475.5329384
              n 42609.6042478
              w 42570.9029498
            b:e 1250.9762850
            b:c 1395.7100117
            b:n 1026.1628236
            b:w 1024.4772333
            e:c 11572.0640411
            e:n 4484.1935811
            e:w 4515.7259908
            c:n 3988.1076771
            c:w 3986.4362755
            n:w 12080.3378352
          b:e:c 1282.0295558
          b:e:n 564.1789957
          b:e:w 565.2966697
          b:c:n 568.2022091
          b:c:w 566.9839147
          b:n:w 1269.5320405
          e:c:n 4113.9304757
          e:c:w 4122.7707656
          e:n:w 5672.7708545
          c:n:w 4830.7038416
        b:e:c:n 1118.6098594
        b:e:c:w 1120.3960702
        b:e:n:w 1815.1433442
        b:c:n:w 1615.4568664
        e:c:n:w 45612.3407398
