########################################
# legofit: estimate population history #
#       version 2.3.4-4-g53f8760       #
########################################

# Program was compiled: Sep 21 2021 14:36:42
# Program was run: Fri Oct 22 20:30:54 2021

# cmd: legofit -1 -d 0 -t 56 --ptsPerDim 3 --stateOut b1boot5.state --tol 3e-6 -S 5000 abdegh2.lgo ../../chrX/boot_chrX/boot5.opf
# Stage nOptItr nSimReps
#     0    5000        0
# algorithm          : deterministic
# ignoring probs <=  : 0
# Branch length floor: 0
# DE strategy        : 2
#    F               : 0.3
#    CR              : 0.8
#    tolerance       : 3e-06
# nthreads           : 56
# lgo input file     : abdegh2.lgo
# site pat input file: ../../chrX/boot_chrX/boot5.opf
# free parameters    : 19
# points in DE swarm : 57
# output state file  : b1boot5.state
# Including singleton site patterns.
# cost function      : KL
Initial parameter values
Fixed:
      zero = 0
       one = 1
    Tbecnw = 75200
Free:
       pc1 = 0
       pc2 = 0
       pc3 = 0
       pc4 = 0
       pc5 = 0
       pc6 = 0
       pc7 = 0
       pc8 = 0
       pc9 = 0
      pc10 = 0
      pc11 = 0
      pc12 = 0
      pc13 = 0
      pc14 = 0
      pc15 = 0
      pc16 = 0
      pc17 = 0
      pc18 = 0
      pc19 = 0
Constrained:
   Tgbecnw = 116787
     Tecnw = 30739.6
       Tnw = 11296.5
       Tec = 10449.6
     twoNb = 4.33084e+06
     twoNe = 3.14859e+06
     twoNc = 1.52367e+06
     twoNw = 1.1218e+06
    twoNec = 49404.3
    twoNnw = 73598
  twoNecnw = 52834.5
  twoNbecnw = 12985.8
  twoNgbecnw = 321240
         m = 0.0777224
        m2 = 0.00430751
        m4 = 0.019637
        m5 = 0.136867
        m7 = 0.0167012
        m8 = 0.186942
        Th = 10873.1
        Tb = 20806.3
        Ta = 48003.2
        Td = 5224.82
        Te = 2612.41
        Tg = 1306.2
DiffEv reached_goal. cost=2.22174e-03 spread=2.90541e-06
Fitted parameter values
Free:
       pc1 = -3.07161
       pc2 = 3.9777
       pc3 = -3.70704
       pc4 = 1.20528
       pc5 = 1.92118
       pc6 = -1.56625
       pc7 = -1.75755
       pc8 = 1.23549
       pc9 = 0.1623
      pc10 = 0.296682
      pc11 = -0.0293999
      pc12 = 0.5435
      pc13 = -0.146651
      pc14 = -0.03235
      pc15 = 0.426863
      pc16 = -0.270755
      pc17 = -0.119724
      pc18 = -0.0341481
      pc19 = 0.138754
Constrained:
   Tgbecnw = 83671.5
     Tecnw = 27545.6
       Tnw = 14327.8
       Tec = 10211.8
     twoNb = 3.14084e+06
     twoNe = 6.94907e+06
     twoNc = 2.28628e+06
     twoNw = 2.1572e+06
    twoNec = 45769.7
    twoNnw = 48742.2
  twoNecnw = 56857.8
  twoNbecnw = 2825.88
  twoNgbecnw = 361447
         m = 0.0666918
        m2 = 6.68026e-05
        m4 = 0.0194877
        m5 = 0.160045
        m7 = 0.0183076
        m8 = 0.175312
        Th = 12269.8
        Tb = 19907.7
        Ta = 47553.8
        Td = 5105.89
        Te = 2552.94
        Tg = 1276.47
#       SitePat  BranchLen
              b 112361.3832599
              e 42286.8845467
              c 44259.9603600
              n 41734.7560973
              w 41692.7955847
            b:e 1158.3385320
            b:c 1292.4219001
            b:n 991.8863993
            b:w 990.1089173
            e:c 11383.3855436
            e:n 4441.8882963
            e:w 4477.1499504
            c:n 3914.7505020
            c:w 3911.9651964
            n:w 11632.5431362
          b:e:c 1222.4322586
          b:e:n 543.7112912
          b:e:w 544.9685699
          b:c:n 548.0439923
          b:c:w 546.6697358
          b:n:w 1209.9862759
          e:c:n 4075.0833230
          e:c:w 4084.5674871
          e:n:w 5475.1655765
          c:n:w 4619.0348458
        b:e:c:n 1089.9698735
        b:e:c:w 1091.8643333
        b:e:n:w 1763.3298294
        b:c:n:w 1598.5900546
        e:c:n:w 43314.9658958
