########################################
# legofit: estimate population history #
#       version 2.3.4-4-g53f8760       #
########################################

# Program was compiled: Sep 21 2021 14:36:42
# Program was run: Sat Oct 23 08:30:27 2021

# cmd: legofit -1 -d 0 -t 56 --ptsPerDim 3 --stateOut b1boot49.state --tol 3e-6 -S 5000 abdegh2.lgo ../../chrX/boot_chrX/boot49.opf
# Stage nOptItr nSimReps
#     0    5000        0
# algorithm          : deterministic
# ignoring probs <=  : 0
# Branch length floor: 0
# DE strategy        : 2
#    F               : 0.3
#    CR              : 0.8
#    tolerance       : 3e-06
# nthreads           : 56
# lgo input file     : abdegh2.lgo
# site pat input file: ../../chrX/boot_chrX/boot49.opf
# free parameters    : 19
# points in DE swarm : 57
# output state file  : b1boot49.state
# Including singleton site patterns.
# cost function      : KL
Initial parameter values
Fixed:
      zero = 0
       one = 1
    Tbecnw = 75200
Free:
       pc1 = 0
       pc2 = 0
       pc3 = 0
       pc4 = 0
       pc5 = 0
       pc6 = 0
       pc7 = 0
       pc8 = 0
       pc9 = 0
      pc10 = 0
      pc11 = 0
      pc12 = 0
      pc13 = 0
      pc14 = 0
      pc15 = 0
      pc16 = 0
      pc17 = 0
      pc18 = 0
      pc19 = 0
Constrained:
   Tgbecnw = 116787
     Tecnw = 30739.6
       Tnw = 11296.5
       Tec = 10449.6
     twoNb = 4.33084e+06
     twoNe = 3.14859e+06
     twoNc = 1.52367e+06
     twoNw = 1.1218e+06
    twoNec = 49404.3
    twoNnw = 73598
  twoNecnw = 52834.5
  twoNbecnw = 12985.8
  twoNgbecnw = 321240
         m = 0.0777224
        m2 = 0.00430751
        m4 = 0.019637
        m5 = 0.136867
        m7 = 0.0167012
        m8 = 0.186942
        Th = 10873.1
        Tb = 20806.3
        Ta = 48003.2
        Td = 5224.82
        Te = 2612.41
        Tg = 1306.2
DiffEv reached_goal. cost=2.11466e-03 spread=2.53014e-06
Fitted parameter values
Free:
       pc1 = -3.93244
       pc2 = 3.8845
       pc3 = -3.08336
       pc4 = 1.28626
       pc5 = 1.9653
       pc6 = -1.95792
       pc7 = -1.77978
       pc8 = -0.299727
       pc9 = -0.798758
      pc10 = -0.00969089
      pc11 = 0.183319
      pc12 = 0.964374
      pc13 = -0.29344
      pc14 = -0.00797344
      pc15 = -0.0344113
      pc16 = 0.143256
      pc17 = -0.0869268
      pc18 = -0.0184312
      pc19 = 0.0334914
Constrained:
   Tgbecnw = 87255.9
     Tecnw = 26484.5
       Tnw = 16037.7
       Tec = 11152.5
     twoNb = 1.59214e+06
     twoNe = 4.39457e+06
     twoNc = 730138
     twoNw = 2.34479e+06
    twoNec = 47146.8
    twoNnw = 41419.7
  twoNecnw = 58444.2
  twoNbecnw = 3946.72
  twoNgbecnw = 377928
         m = 0.0685914
        m2 = 0.000266811
        m4 = 0.0211884
        m5 = 0.148755
        m7 = 0.0185203
        m8 = 0.160903
        Th = 13595.1
        Tb = 20039.8
        Ta = 47619.9
        Td = 5576.26
        Te = 2788.13
        Tg = 1394.07
#       SitePat  BranchLen
              b 114865.0244262
              e 42909.3262651
              c 44730.7804271
              n 42170.2280076
              w 42130.1174035
            b:e 1240.3043409
            b:c 1376.9916869
            b:n 1032.1805498
            b:w 1030.3689211
            e:c 11064.4876007
            e:n 4516.0063559
            e:w 4549.5413013
            c:n 4047.8873872
            c:w 4044.9452516
            n:w 11412.5662515
          b:e:c 1241.7985525
          b:e:n 575.0679944
          b:e:w 576.3350098
          b:c:n 579.4926945
          b:c:w 578.1071639
          b:n:w 1227.2342692
          e:c:n 4182.8905679
          e:c:w 4192.4083622
          e:n:w 5548.1033536
          c:n:w 4754.6562853
        b:e:c:n 1134.5116221
        b:e:c:w 1136.4417661
        b:e:n:w 1884.5741288
        b:c:n:w 1686.3978409
        e:c:n:w 45413.0338418
