########################################
# legofit: estimate population history #
#       version 2.3.4-4-g53f8760       #
########################################

# Program was compiled: Sep 21 2021 14:36:42
# Program was run: Sat Oct 23 07:00:19 2021

# cmd: legofit -1 -d 0 -t 56 --ptsPerDim 3 --stateOut b1boot36.state --tol 3e-6 -S 5000 abdegh2.lgo ../../chrX/boot_chrX/boot36.opf
# Stage nOptItr nSimReps
#     0    5000        0
# algorithm          : deterministic
# ignoring probs <=  : 0
# Branch length floor: 0
# DE strategy        : 2
#    F               : 0.3
#    CR              : 0.8
#    tolerance       : 3e-06
# nthreads           : 56
# lgo input file     : abdegh2.lgo
# site pat input file: ../../chrX/boot_chrX/boot36.opf
# free parameters    : 19
# points in DE swarm : 57
# output state file  : b1boot36.state
# Including singleton site patterns.
# cost function      : KL
Initial parameter values
Fixed:
      zero = 0
       one = 1
    Tbecnw = 75200
Free:
       pc1 = 0
       pc2 = 0
       pc3 = 0
       pc4 = 0
       pc5 = 0
       pc6 = 0
       pc7 = 0
       pc8 = 0
       pc9 = 0
      pc10 = 0
      pc11 = 0
      pc12 = 0
      pc13 = 0
      pc14 = 0
      pc15 = 0
      pc16 = 0
      pc17 = 0
      pc18 = 0
      pc19 = 0
Constrained:
   Tgbecnw = 116787
     Tecnw = 30739.6
       Tnw = 11296.5
       Tec = 10449.6
     twoNb = 4.33084e+06
     twoNe = 3.14859e+06
     twoNc = 1.52367e+06
     twoNw = 1.1218e+06
    twoNec = 49404.3
    twoNnw = 73598
  twoNecnw = 52834.5
  twoNbecnw = 12985.8
  twoNgbecnw = 321240
         m = 0.0777224
        m2 = 0.00430751
        m4 = 0.019637
        m5 = 0.136867
        m7 = 0.0167012
        m8 = 0.186942
        Th = 10873.1
        Tb = 20806.3
        Ta = 48003.2
        Td = 5224.82
        Te = 2612.41
        Tg = 1306.2
DiffEv reached_goal. cost=2.19693e-03 spread=2.92095e-06
Fitted parameter values
Free:
       pc1 = -3.79879
       pc2 = 3.82211
       pc3 = -3.20609
       pc4 = 2.0407
       pc5 = 1.90402
       pc6 = -1.26162
       pc7 = -1.51207
       pc8 = 0.137394
       pc9 = -0.864831
      pc10 = 1.07496
      pc11 = 0.148734
      pc12 = 0.502531
      pc13 = -0.68294
      pc14 = -0.00849547
      pc15 = 0.0628985
      pc16 = 0.142521
      pc17 = -0.208069
      pc18 = -0.0405537
      pc19 = 0.152767
Constrained:
   Tgbecnw = 84341
     Tecnw = 26793.5
       Tnw = 15504.7
       Tec = 10895.4
     twoNb = 1.88469e+06
     twoNe = 3.65644e+06
     twoNc = 2.24502e+06
     twoNw = 2.29127e+06
    twoNec = 45610.8
    twoNnw = 42399.3
  twoNecnw = 58339.3
  twoNbecnw = 3097.45
  twoNgbecnw = 336094
         m = 0.080281
        m2 = 6.07555e-05
        m4 = 0.0206059
        m5 = 0.146841
        m7 = 0.0199777
        m8 = 0.169091
        Th = 13200.1
        Tb = 19996.8
        Ta = 47598.4
        Td = 5447.72
        Te = 2723.86
        Tg = 1361.93
#       SitePat  BranchLen
              b 114907.8415207
              e 42699.9308773
              c 44452.3898416
              n 41835.4526304
              w 41796.1027367
            b:e 1200.1444030
            b:c 1315.2161087
            b:n 980.5157427
            b:w 978.8260217
            e:c 11217.9485189
            e:n 4432.2277015
            e:w 4464.9223655
            c:n 3967.6613765
            c:w 3965.1330480
            n:w 11587.6709200
          b:e:c 1205.2517769
          b:e:n 542.2618119
          b:e:w 543.4274845
          b:c:n 546.0792109
          b:c:w 544.8018761
          b:n:w 1191.4107057
          e:c:n 4090.9704066
          e:c:w 4100.1539649
          e:n:w 5496.5474572
          c:n:w 4726.1795539
        b:e:c:n 1078.7992086
        b:e:c:w 1080.6005919
        b:e:n:w 1815.4088902
        b:c:n:w 1677.4099710
        e:c:n:w 45639.3999932
