########################################
# legofit: estimate population history #
#       version 2.3.4-4-g53f8760       #
########################################

# Program was compiled: Sep 21 2021 14:36:42
# Program was run: Sat Oct 23 07:13:41 2021

# cmd: legofit -1 -d 0 -t 56 --ptsPerDim 3 --stateOut b1boot38.state --tol 3e-6 -S 5000 abdegh2.lgo ../../chrX/boot_chrX/boot38.opf
# Stage nOptItr nSimReps
#     0    5000        0
# algorithm          : deterministic
# ignoring probs <=  : 0
# Branch length floor: 0
# DE strategy        : 2
#    F               : 0.3
#    CR              : 0.8
#    tolerance       : 3e-06
# nthreads           : 56
# lgo input file     : abdegh2.lgo
# site pat input file: ../../chrX/boot_chrX/boot38.opf
# free parameters    : 19
# points in DE swarm : 57
# output state file  : b1boot38.state
# Including singleton site patterns.
# cost function      : KL
Initial parameter values
Fixed:
      zero = 0
       one = 1
    Tbecnw = 75200
Free:
       pc1 = 0
       pc2 = 0
       pc3 = 0
       pc4 = 0
       pc5 = 0
       pc6 = 0
       pc7 = 0
       pc8 = 0
       pc9 = 0
      pc10 = 0
      pc11 = 0
      pc12 = 0
      pc13 = 0
      pc14 = 0
      pc15 = 0
      pc16 = 0
      pc17 = 0
      pc18 = 0
      pc19 = 0
Constrained:
   Tgbecnw = 116787
     Tecnw = 30739.6
       Tnw = 11296.5
       Tec = 10449.6
     twoNb = 4.33084e+06
     twoNe = 3.14859e+06
     twoNc = 1.52367e+06
     twoNw = 1.1218e+06
    twoNec = 49404.3
    twoNnw = 73598
  twoNecnw = 52834.5
  twoNbecnw = 12985.8
  twoNgbecnw = 321240
         m = 0.0777224
        m2 = 0.00430751
        m4 = 0.019637
        m5 = 0.136867
        m7 = 0.0167012
        m8 = 0.186942
        Th = 10873.1
        Tb = 20806.3
        Ta = 48003.2
        Td = 5224.82
        Te = 2612.41
        Tg = 1306.2
DiffEv reached_goal. cost=2.29875e-03 spread=2.49966e-06
Fitted parameter values
Free:
       pc1 = -2.71243
       pc2 = 3.93332
       pc3 = -3.87304
       pc4 = 0.728816
       pc5 = 1.98773
       pc6 = -1.81286
       pc7 = -1.98805
       pc8 = -0.441929
       pc9 = -0.742734
      pc10 = 1.65097
      pc11 = 0.407547
      pc12 = 0.408859
      pc13 = -0.2284
      pc14 = -0.213141
      pc15 = 0.0646343
      pc16 = 0.209831
      pc17 = -0.119409
      pc18 = -0.0598934
      pc19 = 0.103602
Constrained:
   Tgbecnw = 83717.6
     Tecnw = 27305.1
       Tnw = 14563.8
       Tec = 10220.3
     twoNb = 6.7263e+06
     twoNe = 1.16507e+06
     twoNc = 3.22929e+06
     twoNw = 2.43417e+06
    twoNec = 49547.9
    twoNnw = 48250
  twoNecnw = 55642.4
  twoNbecnw = 2752.95
  twoNgbecnw = 399889
         m = 0.0670999
        m2 = 2.58485e-05
        m4 = 0.0204201
        m5 = 0.144371
        m7 = 0.0188054
        m8 = 0.171244
        Th = 12392
        Tb = 19848.6
        Ta = 47524.3
        Td = 5110.15
        Te = 2555.08
        Tg = 1277.54
#       SitePat  BranchLen
              b 115207.2574167
              e 42560.9190749
              c 44318.7628827
              n 41612.3198749
              w 41577.3658317
            b:e 1155.0599187
            b:c 1276.5258114
            b:n 976.4223361
            b:w 974.9415842
            e:c 11028.1761433
            e:n 4408.6693786
            e:w 4437.5573376
            c:n 3943.8917858
            c:w 3941.9466647
            n:w 11450.3811423
          b:e:c 1190.4853726
          b:e:n 541.7342347
          b:e:w 542.7461843
          b:c:n 545.4394952
          b:c:w 544.3338303
          b:n:w 1177.8511000
          e:c:n 4062.5653930
          e:c:w 4070.5765983
          e:n:w 5449.8605400
          c:n:w 4688.5888128
        b:e:c:n 1070.1855968
        b:e:c:w 1071.7600639
        b:e:n:w 1825.3288537
        b:c:n:w 1662.3862323
        e:c:n:w 46346.8334302
