########################################
# legofit: estimate population history #
#       version 2.3.4-4-g53f8760       #
########################################

# Program was compiled: Sep 21 2021 14:36:42
# Program was run: Sat Oct 23 08:20:31 2021

# cmd: legofit -1 -d 0 -t 56 --ptsPerDim 3 --stateOut b1boot47.state --tol 3e-6 -S 5000 abdegh2.lgo ../../chrX/boot_chrX/boot47.opf
# Stage nOptItr nSimReps
#     0    5000        0
# algorithm          : deterministic
# ignoring probs <=  : 0
# Branch length floor: 0
# DE strategy        : 2
#    F               : 0.3
#    CR              : 0.8
#    tolerance       : 3e-06
# nthreads           : 56
# lgo input file     : abdegh2.lgo
# site pat input file: ../../chrX/boot_chrX/boot47.opf
# free parameters    : 19
# points in DE swarm : 57
# output state file  : b1boot47.state
# Including singleton site patterns.
# cost function      : KL
Initial parameter values
Fixed:
      zero = 0
       one = 1
    Tbecnw = 75200
Free:
       pc1 = 0
       pc2 = 0
       pc3 = 0
       pc4 = 0
       pc5 = 0
       pc6 = 0
       pc7 = 0
       pc8 = 0
       pc9 = 0
      pc10 = 0
      pc11 = 0
      pc12 = 0
      pc13 = 0
      pc14 = 0
      pc15 = 0
      pc16 = 0
      pc17 = 0
      pc18 = 0
      pc19 = 0
Constrained:
   Tgbecnw = 116787
     Tecnw = 30739.6
       Tnw = 11296.5
       Tec = 10449.6
     twoNb = 4.33084e+06
     twoNe = 3.14859e+06
     twoNc = 1.52367e+06
     twoNw = 1.1218e+06
    twoNec = 49404.3
    twoNnw = 73598
  twoNecnw = 52834.5
  twoNbecnw = 12985.8
  twoNgbecnw = 321240
         m = 0.0777224
        m2 = 0.00430751
        m4 = 0.019637
        m5 = 0.136867
        m7 = 0.0167012
        m8 = 0.186942
        Th = 10873.1
        Tb = 20806.3
        Ta = 48003.2
        Td = 5224.82
        Te = 2612.41
        Tg = 1306.2
DiffEv reached_goal. cost=2.13473e-03 spread=2.84622e-06
Fitted parameter values
Free:
       pc1 = -3.8713
       pc2 = 3.52995
       pc3 = -2.83633
       pc4 = 2.22634
       pc5 = 1.9206
       pc6 = -1.91344
       pc7 = -1.94558
       pc8 = 1.17562
       pc9 = 0.453775
      pc10 = -0.440455
      pc11 = -0.043516
      pc12 = 0.505156
      pc13 = -0.240781
      pc14 = -0.0849798
      pc15 = 0.0330906
      pc16 = -0.0273413
      pc17 = -0.0597517
      pc18 = -0.0315631
      pc19 = 0.141676
Constrained:
   Tgbecnw = 87230.9
     Tecnw = 27462.7
       Tnw = 15672.9
       Tec = 11212.9
     twoNb = 8.38367e+06
     twoNe = 7.69424e+06
     twoNc = 407887
     twoNw = 2.20717e+06
    twoNec = 44328.2
    twoNnw = 43174.9
  twoNecnw = 58285.5
  twoNbecnw = 3960.41
  twoNgbecnw = 341940
         m = 0.0771355
        m2 = 0.000201206
        m4 = 0.0196553
        m5 = 0.164654
        m7 = 0.0190744
        m8 = 0.169033
        Th = 13442.9
        Tb = 20452.8
        Ta = 47826.4
        Td = 5606.46
        Te = 2803.23
        Tg = 1401.62
#       SitePat  BranchLen
              b 114505.1356057
              e 42839.7538742
              c 44842.3686292
              n 42116.5394263
              w 42071.9216018
            b:e 1119.9502318
            b:c 1250.9666238
            b:n 955.4394455
            b:w 953.5936901
            e:c 11286.0596431
            e:n 4436.6323308
            e:w 4474.5662446
            c:n 3903.7365379
            c:w 3900.2597778
            n:w 11618.3292417
          b:e:c 1179.0604673
          b:e:n 525.0271884
          b:e:w 526.3614352
          b:c:n 529.2699088
          b:c:w 527.8177919
          b:n:w 1169.0555422
          e:c:n 4043.4446344
          e:c:w 4053.6053052
          e:n:w 5498.1681437
          c:n:w 4616.7385757
        b:e:c:n 1047.0092581
        b:e:c:w 1048.9728836
        b:e:n:w 1769.9199227
        b:c:n:w 1619.2215227
        e:c:n:w 44878.2700698
