########################################
# legofit: estimate population history #
#       version 2.3.4-4-g53f8760       #
########################################

# Program was compiled: Sep 21 2021 14:36:42
# Program was run: Sat Oct 23 03:45:42 2021

# cmd: legofit -1 -d 0 -t 56 --ptsPerDim 3 --stateOut b1boot33.state --tol 3e-6 -S 5000 abdegh2.lgo ../../chrX/boot_chrX/boot33.opf
# Stage nOptItr nSimReps
#     0    5000        0
# algorithm          : deterministic
# ignoring probs <=  : 0
# Branch length floor: 0
# DE strategy        : 2
#    F               : 0.3
#    CR              : 0.8
#    tolerance       : 3e-06
# nthreads           : 56
# lgo input file     : abdegh2.lgo
# site pat input file: ../../chrX/boot_chrX/boot33.opf
# free parameters    : 19
# points in DE swarm : 57
# output state file  : b1boot33.state
# Including singleton site patterns.
# cost function      : KL
Initial parameter values
Fixed:
      zero = 0
       one = 1
    Tbecnw = 75200
Free:
       pc1 = 0
       pc2 = 0
       pc3 = 0
       pc4 = 0
       pc5 = 0
       pc6 = 0
       pc7 = 0
       pc8 = 0
       pc9 = 0
      pc10 = 0
      pc11 = 0
      pc12 = 0
      pc13 = 0
      pc14 = 0
      pc15 = 0
      pc16 = 0
      pc17 = 0
      pc18 = 0
      pc19 = 0
Constrained:
   Tgbecnw = 116787
     Tecnw = 30739.6
       Tnw = 11296.5
       Tec = 10449.6
     twoNb = 4.33084e+06
     twoNe = 3.14859e+06
     twoNc = 1.52367e+06
     twoNw = 1.1218e+06
    twoNec = 49404.3
    twoNnw = 73598
  twoNecnw = 52834.5
  twoNbecnw = 12985.8
  twoNgbecnw = 321240
         m = 0.0777224
        m2 = 0.00430751
        m4 = 0.019637
        m5 = 0.136867
        m7 = 0.0167012
        m8 = 0.186942
        Th = 10873.1
        Tb = 20806.3
        Ta = 48003.2
        Td = 5224.82
        Te = 2612.41
        Tg = 1306.2
DiffEv reached_goal. cost=2.16129e-03 spread=2.75034e-06
Fitted parameter values
Free:
       pc1 = -2.83731
       pc2 = 3.98709
       pc3 = -3.43176
       pc4 = 0.169156
       pc5 = 1.90649
       pc6 = -1.47714
       pc7 = -1.97171
       pc8 = -0.428202
       pc9 = -0.317181
      pc10 = 0.649295
      pc11 = 0.297237
      pc12 = -0.070285
      pc13 = -0.157526
      pc14 = -0.0502213
      pc15 = -0.179382
      pc16 = -0.0226919
      pc17 = -0.00594236
      pc18 = 0.0516265
      pc19 = -0.00186407
Constrained:
   Tgbecnw = 87519.3
     Tecnw = 27760.2
       Tnw = 14659.2
       Tec = 10630.9
     twoNb = 6.13419e+06
     twoNe = 4.36185e+06
     twoNc = 2.62942e+06
     twoNw = 2.26907e+06
    twoNec = 47193.8
    twoNnw = 46150.4
  twoNecnw = 55582.8
  twoNbecnw = 3912.21
  twoNgbecnw = 418693
         m = 0.0628886
        m2 = 0.000288081
        m4 = 0.0184256
        m5 = 0.143492
        m7 = 0.0188481
        m8 = 0.162816
        Th = 12645.1
        Tb = 20202.6
        Ta = 47701.3
        Td = 5315.46
        Te = 2657.73
        Tg = 1328.86
#       SitePat  BranchLen
              b 115704.0429699
              e 42661.5087960
              c 44426.9418531
              n 41610.9530102
              w 41574.9533201
            b:e 1188.1516886
            b:c 1305.6374182
            b:n 999.6202994
            b:w 998.0666187
            e:c 11455.5556791
            e:n 4330.8601155
            e:w 4361.1578660
            c:n 3856.3555789
            c:w 3853.8967566
            n:w 11934.9350631
          b:e:c 1264.0409794
          b:e:n 544.4177805
          b:e:w 545.5199245
          b:c:n 547.9679962
          b:c:w 546.7701415
          b:n:w 1251.9479647
          e:c:n 4065.2647292
          e:c:w 4073.4254912
          e:n:w 5534.4735413
          c:n:w 4744.2450059
        b:e:c:n 1092.3386987
        b:e:c:w 1093.9880901
        b:e:n:w 1813.0487091
        b:c:n:w 1697.3236726
        e:c:n:w 46569.1309346
