########################################
# legofit: estimate population history #
#       version 2.3.4-4-g53f8760       #
########################################

# Program was compiled: Sep 21 2021 14:36:42
# Program was run: Fri Oct 22 20:59:19 2021

# cmd: legofit -1 -d 0 -t 56 --ptsPerDim 3 --stateOut b1boot11.state --tol 3e-6 -S 5000 abdegh2.lgo ../../chrX/boot_chrX/boot11.opf
# Stage nOptItr nSimReps
#     0    5000        0
# algorithm          : deterministic
# ignoring probs <=  : 0
# Branch length floor: 0
# DE strategy        : 2
#    F               : 0.3
#    CR              : 0.8
#    tolerance       : 3e-06
# nthreads           : 56
# lgo input file     : abdegh2.lgo
# site pat input file: ../../chrX/boot_chrX/boot11.opf
# free parameters    : 19
# points in DE swarm : 57
# output state file  : b1boot11.state
# Including singleton site patterns.
# cost function      : KL
Initial parameter values
Fixed:
      zero = 0
       one = 1
    Tbecnw = 75200
Free:
       pc1 = 0
       pc2 = 0
       pc3 = 0
       pc4 = 0
       pc5 = 0
       pc6 = 0
       pc7 = 0
       pc8 = 0
       pc9 = 0
      pc10 = 0
      pc11 = 0
      pc12 = 0
      pc13 = 0
      pc14 = 0
      pc15 = 0
      pc16 = 0
      pc17 = 0
      pc18 = 0
      pc19 = 0
Constrained:
   Tgbecnw = 116787
     Tecnw = 30739.6
       Tnw = 11296.5
       Tec = 10449.6
     twoNb = 4.33084e+06
     twoNe = 3.14859e+06
     twoNc = 1.52367e+06
     twoNw = 1.1218e+06
    twoNec = 49404.3
    twoNnw = 73598
  twoNecnw = 52834.5
  twoNbecnw = 12985.8
  twoNgbecnw = 321240
         m = 0.0777224
        m2 = 0.00430751
        m4 = 0.019637
        m5 = 0.136867
        m7 = 0.0167012
        m8 = 0.186942
        Th = 10873.1
        Tb = 20806.3
        Ta = 48003.2
        Td = 5224.82
        Te = 2612.41
        Tg = 1306.2
DiffEv reached_goal. cost=2.17341e-03 spread=2.94499e-06
Fitted parameter values
Free:
       pc1 = -2.58168
       pc2 = 3.95746
       pc3 = -3.9732
       pc4 = 0.879567
       pc5 = 1.64757
       pc6 = -0.411822
       pc7 = -1.81743
       pc8 = -0.599863
       pc9 = 0.122108
      pc10 = 1.45414
      pc11 = -0.0167341
      pc12 = -0.223825
      pc13 = -0.320387
      pc14 = -0.111696
      pc15 = 0.16199
      pc16 = -0.170425
      pc17 = -0.0914547
      pc18 = 0.00890757
      pc19 = 0.0894453
Constrained:
   Tgbecnw = 85067.7
     Tecnw = 27632.6
       Tnw = 13778.8
       Tec = 9962.23
     twoNb = 1.41045e+07
     twoNe = 5.16272e+06
     twoNc = 4.5101e+06
     twoNw = 2.15227e+06
    twoNec = 48189.1
    twoNnw = 49256.4
  twoNecnw = 56980.9
  twoNbecnw = 3246.1
  twoNgbecnw = 379637
         m = 0.0696169
        m2 = 0.000285592
        m4 = 0.0183005
        m5 = 0.13949
        m7 = 0.019276
        m8 = 0.163424
        Th = 11870.5
        Tb = 19751.5
        Ta = 47475.8
        Td = 4981.12
        Te = 2490.56
        Tg = 1245.28
#       SitePat  BranchLen
              b 115123.9387341
              e 42669.0059125
              c 44374.3395672
              n 41649.4980697
              w 41613.8077542
            b:e 1186.8120728
            b:c 1296.9960891
            b:n 1006.2713194
            b:w 1004.7478291
            e:c 11622.2567775
            e:n 4356.8085574
            e:w 4386.6511345
            c:n 3887.3423476
            c:w 3885.2139199
            n:w 12069.7055298
          b:e:c 1272.1222436
          b:e:n 547.6963119
          b:e:w 548.7634422
          b:c:n 551.1955287
          b:c:w 550.0298166
          b:n:w 1260.7380871
          e:c:n 4059.2190868
          e:c:w 4067.1952528
          e:n:w 5476.0127585
          c:n:w 4722.1170398
        b:e:c:n 1104.5109951
        b:e:c:w 1106.1330672
        b:e:n:w 1807.5561915
        b:c:n:w 1712.0720769
        e:c:n:w 45868.8400885
