########################################
# legofit: estimate population history #
#       version 2.3.4-4-g53f8760       #
########################################

# Program was compiled: Sep 21 2021 14:36:42
# Program was run: Fri Oct 22 20:40:23 2021

# cmd: legofit -1 -d 0 -t 56 --ptsPerDim 3 --stateOut b1boot6.state --tol 3e-6 -S 5000 abdegh2.lgo ../../chrX/boot_chrX/boot6.opf
# Stage nOptItr nSimReps
#     0    5000        0
# algorithm          : deterministic
# ignoring probs <=  : 0
# Branch length floor: 0
# DE strategy        : 2
#    F               : 0.3
#    CR              : 0.8
#    tolerance       : 3e-06
# nthreads           : 56
# lgo input file     : abdegh2.lgo
# site pat input file: ../../chrX/boot_chrX/boot6.opf
# free parameters    : 19
# points in DE swarm : 57
# output state file  : b1boot6.state
# Including singleton site patterns.
# cost function      : KL
Initial parameter values
Fixed:
      zero = 0
       one = 1
    Tbecnw = 75200
Free:
       pc1 = 0
       pc2 = 0
       pc3 = 0
       pc4 = 0
       pc5 = 0
       pc6 = 0
       pc7 = 0
       pc8 = 0
       pc9 = 0
      pc10 = 0
      pc11 = 0
      pc12 = 0
      pc13 = 0
      pc14 = 0
      pc15 = 0
      pc16 = 0
      pc17 = 0
      pc18 = 0
      pc19 = 0
Constrained:
   Tgbecnw = 116787
     Tecnw = 30739.6
       Tnw = 11296.5
       Tec = 10449.6
     twoNb = 4.33084e+06
     twoNe = 3.14859e+06
     twoNc = 1.52367e+06
     twoNw = 1.1218e+06
    twoNec = 49404.3
    twoNnw = 73598
  twoNecnw = 52834.5
  twoNbecnw = 12985.8
  twoNgbecnw = 321240
         m = 0.0777224
        m2 = 0.00430751
        m4 = 0.019637
        m5 = 0.136867
        m7 = 0.0167012
        m8 = 0.186942
        Th = 10873.1
        Tb = 20806.3
        Ta = 48003.2
        Td = 5224.82
        Te = 2612.41
        Tg = 1306.2
DiffEv reached_goal. cost=2.08287e-03 spread=2.96982e-06
Fitted parameter values
Free:
       pc1 = -3.50852
       pc2 = 1.09242
       pc3 = -2.52141
       pc4 = 2.72377
       pc5 = 1.93481
       pc6 = -1.33801
       pc7 = -1.4837
       pc8 = 0.513705
       pc9 = -1.03012
      pc10 = 0.143819
      pc11 = 0.404029
      pc12 = 0.366762
      pc13 = 0.160805
      pc14 = 0.472205
      pc15 = -0.0425874
      pc16 = 0.177928
      pc17 = -0.301864
      pc18 = -0.0679993
      pc19 = 0.0569564
Constrained:
   Tgbecnw = 94498.6
     Tecnw = 27709.5
       Tnw = 15170.2
       Tec = 10494.1
     twoNb = 1.04025e+06
     twoNe = 3.05949e+06
     twoNc = 246092
     twoNw = 2.37612e+06
    twoNec = 52977.7
    twoNnw = 47999.5
  twoNecnw = 55674.6
  twoNbecnw = 6862.25
  twoNgbecnw = 275793
         m = 0.0933723
        m2 = 0.000138261
        m4 = 0.0183915
        m5 = 0.153397
        m7 = 0.0165821
        m8 = 0.157023
        Th = 12832.2
        Tb = 20270.8
        Ta = 47735.4
        Td = 5247.04
        Te = 2623.52
        Tg = 1311.76
#       SitePat  BranchLen
              b 116491.6371380
              e 43182.8257375
              c 45093.3638793
              n 42359.4055137
              w 42320.2253634
            b:e 1256.3017944
            b:c 1394.0079316
            b:n 1017.2500551
            b:w 1015.5506796
            e:c 11135.6830664
            e:n 4523.3023425
            e:w 4556.2502333
            c:n 4023.7003297
            c:w 4020.8733930
            n:w 11620.1585756
          b:e:c 1228.6540608
          b:e:n 563.5905724
          b:e:w 564.7972778
          b:c:n 567.3963679
          b:c:w 566.0959172
          b:n:w 1215.9577836
          e:c:n 4206.5962974
          e:c:w 4215.6554936
          e:n:w 5689.3348790
          c:n:w 4849.2307858
        b:e:c:n 1101.7329239
        b:e:c:w 1103.5260447
        b:e:n:w 1768.8602218
        b:c:n:w 1590.5944385
        e:c:n:w 46348.8424138
