########################################
# legofit: estimate population history #
#       version 2.3.4-4-g53f8760       #
########################################

# Program was compiled: Sep 21 2021 14:36:42
# Program was run: Wed Sep 22 14:53:54 2021

# cmd: legofit -1 -d 0 -t 32 --ptsPerDim 3 --stateOut b1.state --tol 3e-6 -S 5000 cdf2.lgo ../../chrX/pan_chrX.opf
# Stage nOptItr nSimReps
#     0    5000        0
# algorithm          : deterministic
# ignoring probs <=  : 0
# Branch length floor: 0
# DE strategy        : 2
#    F               : 0.3
#    CR              : 0.8
#    tolerance       : 3e-06
# nthreads           : 32
# lgo input file     : cdf2.lgo
# site pat input file: ../../chrX/pan_chrX.opf
# free parameters    : 15
# points in DE swarm : 45
# output state file  : b1.state
# Including singleton site patterns.
# cost function      : KL
Initial parameter values
Fixed:
      zero = 0
       one = 1
    Tbecnw = 75200
Free:
       pc1 = 0
       pc2 = 0
       pc3 = 0
       pc4 = 0
       pc5 = 0
       pc6 = 0
       pc7 = 0
       pc8 = 0
       pc9 = 0
      pc10 = 0
      pc11 = 0
      pc12 = 0
      pc13 = 0
      pc14 = 0
      pc15 = 0
Constrained:
     Tecnw = 34141.3
       Tnw = 5169.73
       Tec = 2685.38
     twoNb = 1.22757e+06
     twoNe = 7389.85
     twoNc = 247585
     twoNn = 206643
     twoNw = 1.50969e+06
    twoNec = 172604
    twoNnw = 92127.3
  twoNecnw = 30389.5
  twoNbecnw = 50355.5
        m3 = 0.245017
        m4 = 0.0232865
        m6 = 0.00616796
        Tc = 2584.86
        Td = 1292.43
        Tf = 646.216
DiffEv reached_goal. cost=2.67171e-03 spread=2.66767e-06
Fitted parameter values
Free:
       pc1 = -3.99786
       pc2 = -1.89964
       pc3 = -1.81012
       pc4 = 1.97571
       pc5 = 1.69547
       pc6 = -1.77548
       pc7 = -1.91626
       pc8 = 0.108202
       pc9 = 1.77472
      pc10 = 0.584453
      pc11 = -0.367393
      pc12 = -0.437271
      pc13 = 0.0465621
      pc14 = -0.0155211
      pc15 = -0.000295085
Constrained:
     Tecnw = 34760.6
       Tnw = 1158.29
       Tec = 641.787
     twoNb = 2.75542e+06
     twoNe = 7397.14
     twoNc = 459592
     twoNn = 93150.1
     twoNw = 3.68225e+06
    twoNec = 180580
    twoNnw = 112566
  twoNecnw = 29585.7
  twoNbecnw = 50475
        m3 = 0.23871
        m4 = 0.0287543
        m6 = 0.0201999
        Tc = 579.145
        Td = 289.572
        Tf = 144.786
#       SitePat  BranchLen
              b 118158.4367892
              e 44563.1272391
              c 45774.9218027
              n 41671.6738705
              w 44552.6585078
            b:e 1202.5261422
            b:c 1596.4080948
            b:n 1040.4806720
            b:w 1213.3021146
            e:c 10871.0875385
            e:n 4574.1388645
            e:w 3518.5743049
            c:n 4281.2613803
            c:w 3495.5721835
            n:w 12232.5545370
          b:e:c 1271.4921964
          b:e:n 600.1162252
          b:e:w 589.6715473
          b:c:n 590.9042597
          b:c:w 601.4875224
          b:n:w 1269.6227706
          e:c:n 5373.9432699
          e:c:w 4334.2123892
          e:n:w 6063.9970231
          c:n:w 5101.5116837
        b:e:c:n 1214.6734119
        b:e:c:w 1041.7133844
        b:e:n:w 1534.3111489
        b:c:n:w 1204.3955681
        e:c:n:w 46375.9571622
