########################################
# legofit: estimate population history #
#       version 2.3.4-4-g53f8760       #
########################################

# Program was compiled: Sep 21 2021 14:36:42
# Program was run: Wed Sep 22 14:54:10 2021

# cmd: legofit -1 -d 0 -t 32 --ptsPerDim 3 --stateOut b1boot16.state --tol 3e-6 -S 5000 cdf2.lgo ../../chrX/boot_chrX/boot16.opf
# Stage nOptItr nSimReps
#     0    5000        0
# algorithm          : deterministic
# ignoring probs <=  : 0
# Branch length floor: 0
# DE strategy        : 2
#    F               : 0.3
#    CR              : 0.8
#    tolerance       : 3e-06
# nthreads           : 32
# lgo input file     : cdf2.lgo
# site pat input file: ../../chrX/boot_chrX/boot16.opf
# free parameters    : 15
# points in DE swarm : 45
# output state file  : b1boot16.state
# Including singleton site patterns.
# cost function      : KL
Initial parameter values
Fixed:
      zero = 0
       one = 1
    Tbecnw = 75200
Free:
       pc1 = 0
       pc2 = 0
       pc3 = 0
       pc4 = 0
       pc5 = 0
       pc6 = 0
       pc7 = 0
       pc8 = 0
       pc9 = 0
      pc10 = 0
      pc11 = 0
      pc12 = 0
      pc13 = 0
      pc14 = 0
      pc15 = 0
Constrained:
     Tecnw = 34141.3
       Tnw = 5169.73
       Tec = 2685.38
     twoNb = 1.22757e+06
     twoNe = 7389.85
     twoNc = 247585
     twoNn = 206643
     twoNw = 1.50969e+06
    twoNec = 172604
    twoNnw = 92127.3
  twoNecnw = 30389.5
  twoNbecnw = 50355.5
        m3 = 0.245017
        m4 = 0.0232865
        m6 = 0.00616796
        Tc = 2584.86
        Td = 1292.43
        Tf = 646.216
DiffEv reached_goal. cost=2.65973e-03 spread=2.93783e-06
Fitted parameter values
Free:
       pc1 = -3.98087
       pc2 = -1.73519
       pc3 = -0.851607
       pc4 = 1.95296
       pc5 = 1.95799
       pc6 = -1.85905
       pc7 = -1.87738
       pc8 = -0.259552
       pc9 = 0.851649
      pc10 = 0.468845
      pc11 = -0.241324
      pc12 = 0.417399
      pc13 = -0.394818
      pc14 = -0.121636
      pc15 = -0.0136515
Constrained:
     Tecnw = 35129.6
       Tnw = 1467.8
       Tec = 824.772
     twoNb = 2.47466e+06
     twoNe = 7752.77
     twoNc = 192010
     twoNn = 151548
     twoNw = 3.36949e+06
    twoNec = 180816
    twoNnw = 108652
  twoNecnw = 29551
  twoNbecnw = 50724.4
        m3 = 0.241073
        m4 = 0.0302896
        m6 = 0.0167957
        Tc = 733.902
        Td = 366.951
        Tf = 183.475
#       SitePat  BranchLen
              b 118275.2391515
              e 44868.4536732
              c 46225.2391511
              n 41784.7045452
              w 44757.0864530
            b:e 1221.9744702
            b:c 1649.7012652
            b:n 1046.8963137
            b:w 1226.8054500
            e:c 10943.8877103
            e:n 4601.2147281
            e:w 3496.5803810
            c:n 4252.0190759
            c:w 3452.8040786
            n:w 12461.2813498
          b:e:c 1301.2618803
          b:e:n 605.4768820
          b:e:w 593.9120616
          b:c:n 595.3688917
          b:c:w 607.1037167
          b:n:w 1299.0235533
          e:c:n 5366.1382285
          e:c:w 4297.6056651
          e:n:w 6150.6917773
          c:n:w 5108.5224587
        b:e:c:n 1228.4322847
        b:e:c:w 1048.3531437
        b:e:n:w 1576.6674616
        b:c:n:w 1224.2127972
        e:c:n:w 46199.7789758
