########################################
# legofit: estimate population history #
#       version 2.3.4-4-g53f8760       #
########################################

# Program was compiled: Sep 21 2021 14:36:42
# Program was run: Wed Sep 22 14:54:40 2021

# cmd: legofit -1 -d 0 -t 32 --ptsPerDim 3 --stateOut b1boot49.state --tol 3e-6 -S 5000 cdf2.lgo ../../chrX/boot_chrX/boot49.opf
# Stage nOptItr nSimReps
#     0    5000        0
# algorithm          : deterministic
# ignoring probs <=  : 0
# Branch length floor: 0
# DE strategy        : 2
#    F               : 0.3
#    CR              : 0.8
#    tolerance       : 3e-06
# nthreads           : 32
# lgo input file     : cdf2.lgo
# site pat input file: ../../chrX/boot_chrX/boot49.opf
# free parameters    : 15
# points in DE swarm : 45
# output state file  : b1boot49.state
# Including singleton site patterns.
# cost function      : KL
Initial parameter values
Fixed:
      zero = 0
       one = 1
    Tbecnw = 75200
Free:
       pc1 = 0
       pc2 = 0
       pc3 = 0
       pc4 = 0
       pc5 = 0
       pc6 = 0
       pc7 = 0
       pc8 = 0
       pc9 = 0
      pc10 = 0
      pc11 = 0
      pc12 = 0
      pc13 = 0
      pc14 = 0
      pc15 = 0
Constrained:
     Tecnw = 34141.3
       Tnw = 5169.73
       Tec = 2685.38
     twoNb = 1.22757e+06
     twoNe = 7389.85
     twoNc = 247585
     twoNn = 206643
     twoNw = 1.50969e+06
    twoNec = 172604
    twoNnw = 92127.3
  twoNecnw = 30389.5
  twoNbecnw = 50355.5
        m3 = 0.245017
        m4 = 0.0232865
        m6 = 0.00616796
        Tc = 2584.86
        Td = 1292.43
        Tf = 646.216
DiffEv reached_goal. cost=2.61512e-03 spread=2.68445e-06
Fitted parameter values
Free:
       pc1 = -3.97481
       pc2 = -1.66772
       pc3 = -0.384222
       pc4 = 1.88992
       pc5 = 1.96029
       pc6 = -1.97413
       pc7 = -0.607374
       pc8 = 1.31389
       pc9 = 1.86188
      pc10 = -0.808611
      pc11 = -0.241913
      pc12 = -0.49394
      pc13 = 0.0479286
      pc14 = 0.241108
      pc15 = -0.00484992
Constrained:
     Tecnw = 34783.3
       Tnw = 1951.08
       Tec = 1128.67
     twoNb = 2.65926e+06
     twoNe = 13305.7
     twoNc = 592648
     twoNn = 72625.9
     twoNw = 1.93262e+06
    twoNec = 183884
    twoNnw = 114665
  twoNecnw = 29952.4
  twoNbecnw = 51567.2
        m3 = 0.247376
        m4 = 0.029002
        m6 = 0.0169483
        Tc = 975.542
        Td = 487.771
        Tf = 243.886
#       SitePat  BranchLen
              b 118935.8449559
              e 44882.9375252
              c 46215.8639824
              n 42217.6465674
              w 45176.2315668
            b:e 1246.9583296
            b:c 1658.2013774
            b:n 1090.3002265
            b:w 1273.4146016
            e:c 10766.5147603
            e:n 4729.5201780
            e:w 3632.7833323
            c:n 4380.9355253
            c:w 3587.0967725
            n:w 11965.0192251
          b:e:c 1302.7989704
          b:e:n 634.2547312
          b:e:w 622.5308545
          b:c:n 623.8848161
          b:c:w 635.7627088
          b:n:w 1300.7850260
          e:c:n 5504.8024447
          e:c:w 4436.7930438
          e:n:w 6164.4574506
          c:n:w 5155.4273439
        b:e:c:n 1274.9225792
        b:e:c:w 1091.6541880
        b:e:n:w 1592.7023988
        b:c:n:w 1248.9722740
        e:c:n:w 46649.3572512
