########################################
# legofit: estimate population history #
#       version 2.3.4-4-g53f8760       #
########################################

# Program was compiled: Sep 21 2021 14:36:42
# Program was run: Wed Sep 22 14:54:36 2021

# cmd: legofit -1 -d 0 -t 32 --ptsPerDim 3 --stateOut b1boot46.state --tol 3e-6 -S 5000 cdf2.lgo ../../chrX/boot_chrX/boot46.opf
# Stage nOptItr nSimReps
#     0    5000        0
# algorithm          : deterministic
# ignoring probs <=  : 0
# Branch length floor: 0
# DE strategy        : 2
#    F               : 0.3
#    CR              : 0.8
#    tolerance       : 3e-06
# nthreads           : 32
# lgo input file     : cdf2.lgo
# site pat input file: ../../chrX/boot_chrX/boot46.opf
# free parameters    : 15
# points in DE swarm : 45
# output state file  : b1boot46.state
# Including singleton site patterns.
# cost function      : KL
Initial parameter values
Fixed:
      zero = 0
       one = 1
    Tbecnw = 75200
Free:
       pc1 = 0
       pc2 = 0
       pc3 = 0
       pc4 = 0
       pc5 = 0
       pc6 = 0
       pc7 = 0
       pc8 = 0
       pc9 = 0
      pc10 = 0
      pc11 = 0
      pc12 = 0
      pc13 = 0
      pc14 = 0
      pc15 = 0
Constrained:
     Tecnw = 34141.3
       Tnw = 5169.73
       Tec = 2685.38
     twoNb = 1.22757e+06
     twoNe = 7389.85
     twoNc = 247585
     twoNn = 206643
     twoNw = 1.50969e+06
    twoNec = 172604
    twoNnw = 92127.3
  twoNecnw = 30389.5
  twoNbecnw = 50355.5
        m3 = 0.245017
        m4 = 0.0232865
        m6 = 0.00616796
        Tc = 2584.86
        Td = 1292.43
        Tf = 646.216
DiffEv reached_goal. cost=2.60084e-03 spread=2.20123e-06
Fitted parameter values
Free:
       pc1 = -3.98893
       pc2 = -0.774126
       pc3 = -0.896455
       pc4 = 1.89881
       pc5 = 1.20768
       pc6 = -1.65612
       pc7 = -1.86876
       pc8 = -0.308743
       pc9 = 1.02799
      pc10 = 0.662825
      pc11 = -0.641582
      pc12 = -0.49471
      pc13 = 0.114626
      pc14 = 0.0932798
      pc15 = 0.0140666
Constrained:
     Tecnw = 34855.4
       Tnw = 584.401
       Tec = 327.718
     twoNb = 2.3911e+06
     twoNe = 6698.4
     twoNc = 185616
     twoNn = 28602.6
     twoNw = 3.06442e+06
    twoNec = 183936
    twoNnw = 116555
  twoNecnw = 29699.4
  twoNbecnw = 50366.2
        m3 = 0.244023
        m4 = 0.0276008
        m6 = 0.0165879
        Tc = 292.2
        Td = 146.1
        Tf = 73.0501
#       SitePat  BranchLen
              b 118006.7727855
              e 44645.0969085
              c 45812.1248219
              n 41844.3431140
              w 44774.6488782
            b:e 1206.6107987
            b:c 1593.7381155
            b:n 1051.4804180
            b:w 1227.7869904
            e:c 10902.0173302
            e:n 4589.0068418
            e:w 3545.3685083
            c:n 4329.6325813
            c:w 3498.3903288
            n:w 12191.4117644
          b:e:c 1274.4225234
          b:e:n 605.4199935
          b:e:w 597.0186035
          b:c:n 598.4024466
          b:c:w 606.9588908
          b:n:w 1272.3415511
          e:c:n 5415.6353746
          e:c:w 4360.2101965
          e:n:w 6021.8661767
          c:n:w 5087.3054837
        b:e:c:n 1229.3258877
        b:e:c:w 1052.8642611
        b:e:n:w 1524.8566087
        b:c:n:w 1208.6917711
        e:c:n:w 46086.9716323
