########################################
# legofit: estimate population history #
#       version 2.3.4-4-g53f8760       #
########################################

# Program was compiled: Sep 21 2021 14:36:42
# Program was run: Wed Sep 22 14:54:15 2021

# cmd: legofit -1 -d 0 -t 32 --ptsPerDim 3 --stateOut b1boot23.state --tol 3e-6 -S 5000 cdf2.lgo ../../chrX/boot_chrX/boot23.opf
# Stage nOptItr nSimReps
#     0    5000        0
# algorithm          : deterministic
# ignoring probs <=  : 0
# Branch length floor: 0
# DE strategy        : 2
#    F               : 0.3
#    CR              : 0.8
#    tolerance       : 3e-06
# nthreads           : 32
# lgo input file     : cdf2.lgo
# site pat input file: ../../chrX/boot_chrX/boot23.opf
# free parameters    : 15
# points in DE swarm : 45
# output state file  : b1boot23.state
# Including singleton site patterns.
# cost function      : KL
Initial parameter values
Fixed:
      zero = 0
       one = 1
    Tbecnw = 75200
Free:
       pc1 = 0
       pc2 = 0
       pc3 = 0
       pc4 = 0
       pc5 = 0
       pc6 = 0
       pc7 = 0
       pc8 = 0
       pc9 = 0
      pc10 = 0
      pc11 = 0
      pc12 = 0
      pc13 = 0
      pc14 = 0
      pc15 = 0
Constrained:
     Tecnw = 34141.3
       Tnw = 5169.73
       Tec = 2685.38
     twoNb = 1.22757e+06
     twoNe = 7389.85
     twoNc = 247585
     twoNn = 206643
     twoNw = 1.50969e+06
    twoNec = 172604
    twoNnw = 92127.3
  twoNecnw = 30389.5
  twoNbecnw = 50355.5
        m3 = 0.245017
        m4 = 0.0232865
        m6 = 0.00616796
        Tc = 2584.86
        Td = 1292.43
        Tf = 646.216
DiffEv reached_goal. cost=2.63430e-03 spread=2.78396e-06
Fitted parameter values
Free:
       pc1 = -3.96627
       pc2 = -1.75072
       pc3 = -1.99548
       pc4 = 1.92427
       pc5 = 1.64316
       pc6 = -1.94643
       pc7 = -1.68674
       pc8 = 0.572157
       pc9 = 0.641929
      pc10 = -0.137588
      pc11 = -0.124433
      pc12 = 0.327734
      pc13 = 0.205477
      pc14 = 0.0671974
      pc15 = 0.0114228
Constrained:
     Tecnw = 34769.9
       Tnw = 1118.8
       Tec = 613.666
     twoNb = 2.50176e+06
     twoNe = 8974.06
     twoNc = 363452
     twoNn = 224700
     twoNw = 2.92901e+06
    twoNec = 176046
    twoNnw = 115273
  twoNecnw = 29951
  twoNbecnw = 50594.2
        m3 = 0.23223
        m4 = 0.0306273
        m6 = 0.0201829
        Tc = 559.401
        Td = 279.701
        Tf = 139.85
#       SitePat  BranchLen
              b 118109.4765902
              e 44618.0223588
              c 45883.7410141
              n 41938.9175120
              w 44796.7220516
            b:e 1219.1621614
            b:c 1642.9326256
            b:n 1067.1596276
            b:w 1241.5801780
            e:c 11063.6752590
            e:n 4581.2127772
            e:w 3554.4162660
            c:n 4301.0071866
            c:w 3511.2013351
            n:w 12288.1486095
          b:e:c 1300.0278544
          b:e:n 610.1507579
          b:e:w 600.6116422
          b:c:n 602.0895316
          b:c:w 611.7916625
          b:n:w 1297.7974599
          e:c:n 5437.6248123
          e:c:w 4396.4226354
          e:n:w 6124.8868490
          c:n:w 5104.4632112
        b:e:c:n 1243.2210825
        b:e:c:w 1068.6375169
        b:e:n:w 1570.1563100
        b:c:n:w 1221.3925559
        e:c:n:w 46017.9592735
