########################################
# legofit: estimate population history #
#       version 2.3.4-4-g53f8760       #
########################################

# Program was compiled: Sep 21 2021 14:36:42
# Program was run: Wed Sep 22 14:54:19 2021

# cmd: legofit -1 -d 0 -t 32 --ptsPerDim 3 --stateOut b1boot25.state --tol 3e-6 -S 5000 cdf2.lgo ../../chrX/boot_chrX/boot25.opf
# Stage nOptItr nSimReps
#     0    5000        0
# algorithm          : deterministic
# ignoring probs <=  : 0
# Branch length floor: 0
# DE strategy        : 2
#    F               : 0.3
#    CR              : 0.8
#    tolerance       : 3e-06
# nthreads           : 32
# lgo input file     : cdf2.lgo
# site pat input file: ../../chrX/boot_chrX/boot25.opf
# free parameters    : 15
# points in DE swarm : 45
# output state file  : b1boot25.state
# Including singleton site patterns.
# cost function      : KL
Initial parameter values
Fixed:
      zero = 0
       one = 1
    Tbecnw = 75200
Free:
       pc1 = 0
       pc2 = 0
       pc3 = 0
       pc4 = 0
       pc5 = 0
       pc6 = 0
       pc7 = 0
       pc8 = 0
       pc9 = 0
      pc10 = 0
      pc11 = 0
      pc12 = 0
      pc13 = 0
      pc14 = 0
      pc15 = 0
Constrained:
     Tecnw = 34141.3
       Tnw = 5169.73
       Tec = 2685.38
     twoNb = 1.22757e+06
     twoNe = 7389.85
     twoNc = 247585
     twoNn = 206643
     twoNw = 1.50969e+06
    twoNec = 172604
    twoNnw = 92127.3
  twoNecnw = 30389.5
  twoNbecnw = 50355.5
        m3 = 0.245017
        m4 = 0.0232865
        m6 = 0.00616796
        Tc = 2584.86
        Td = 1292.43
        Tf = 646.216
DiffEv reached_goal. cost=2.78407e-03 spread=2.64675e-06
Fitted parameter values
Free:
       pc1 = -3.98178
       pc2 = -1.53809
       pc3 = -1.69664
       pc4 = 1.98604
       pc5 = 1.84805
       pc6 = -1.95178
       pc7 = -1.61003
       pc8 = 1.04064
       pc9 = 1.60764
      pc10 = 0.424067
      pc11 = 0.213696
      pc12 = 0.123936
      pc13 = 0.0846868
      pc14 = -0.297026
      pc15 = -0.00521767
Constrained:
     Tecnw = 34703.3
       Tnw = 865.44
       Tec = 525.85
     twoNb = 2.64087e+06
     twoNe = 10858
     twoNc = 436556
     twoNn = 167985
     twoNw = 3.28227e+06
    twoNec = 180793
    twoNnw = 111010
  twoNecnw = 29615.1
  twoNbecnw = 51034.3
        m3 = 0.229998
        m4 = 0.0289485
        m6 = 0.0195999
        Tc = 432.72
        Td = 216.36
        Tf = 108.18
#       SitePat  BranchLen
              b 118638.3567888
              e 44596.1484961
              c 45819.6596129
              n 41510.0523587
              w 44296.4637769
            b:e 1219.6808963
            b:c 1622.9559737
            b:n 1046.6560739
            b:w 1215.1080687
            e:c 10970.4023389
            e:n 4529.2860701
            e:w 3509.3027494
            c:n 4241.3104347
            c:w 3482.2008820
            n:w 12509.9465545
          b:e:c 1296.2552534
          b:e:n 601.3383521
          b:e:w 591.1933112
          b:c:n 592.4956286
          b:c:w 602.7826790
          b:n:w 1294.2563246
          e:c:n 5345.4797188
          e:c:w 4338.1611741
          e:n:w 6131.6145961
          c:n:w 5152.7054105
        b:e:c:n 1216.5523956
        b:e:c:w 1047.9583913
        b:e:n:w 1557.2259753
        b:c:n:w 1221.6798251
        e:c:n:w 46813.8962191
