########################################
# legofit: estimate population history #
#       version 2.3.4-4-g53f8760       #
########################################

# Program was compiled: Sep 21 2021 14:36:42
# Program was run: Wed Sep 22 14:54:19 2021

# cmd: legofit -1 -d 0 -t 32 --ptsPerDim 3 --stateOut b1boot26.state --tol 3e-6 -S 5000 cdf2.lgo ../../chrX/boot_chrX/boot26.opf
# Stage nOptItr nSimReps
#     0    5000        0
# algorithm          : deterministic
# ignoring probs <=  : 0
# Branch length floor: 0
# DE strategy        : 2
#    F               : 0.3
#    CR              : 0.8
#    tolerance       : 3e-06
# nthreads           : 32
# lgo input file     : cdf2.lgo
# site pat input file: ../../chrX/boot_chrX/boot26.opf
# free parameters    : 15
# points in DE swarm : 45
# output state file  : b1boot26.state
# Including singleton site patterns.
# cost function      : KL
Initial parameter values
Fixed:
      zero = 0
       one = 1
    Tbecnw = 75200
Free:
       pc1 = 0
       pc2 = 0
       pc3 = 0
       pc4 = 0
       pc5 = 0
       pc6 = 0
       pc7 = 0
       pc8 = 0
       pc9 = 0
      pc10 = 0
      pc11 = 0
      pc12 = 0
      pc13 = 0
      pc14 = 0
      pc15 = 0
Constrained:
     Tecnw = 34141.3
       Tnw = 5169.73
       Tec = 2685.38
     twoNb = 1.22757e+06
     twoNe = 7389.85
     twoNc = 247585
     twoNn = 206643
     twoNw = 1.50969e+06
    twoNec = 172604
    twoNnw = 92127.3
  twoNecnw = 30389.5
  twoNbecnw = 50355.5
        m3 = 0.245017
        m4 = 0.0232865
        m6 = 0.00616796
        Tc = 2584.86
        Td = 1292.43
        Tf = 646.216
DiffEv reached_goal. cost=2.68235e-03 spread=2.83383e-06
Fitted parameter values
Free:
       pc1 = -3.99601
       pc2 = -1.98117
       pc3 = -1.49681
       pc4 = 1.08534
       pc5 = 1.92131
       pc6 = -1.98767
       pc7 = -1.94154
       pc8 = 1.80149
       pc9 = 1.84417
      pc10 = -1.042
      pc11 = -0.423824
      pc12 = -0.462921
      pc13 = -0.0683303
      pc14 = -0.100526
      pc15 = 0.0107352
Constrained:
     Tecnw = 34917.9
       Tnw = 1542.98
       Tec = 859.809
     twoNb = 2.59417e+06
     twoNe = 10370.6
     twoNc = 761549
     twoNn = 83054
     twoNw = 2.68271e+06
    twoNec = 182387
    twoNnw = 110911
  twoNecnw = 30305.8
  twoNbecnw = 51537.4
        m3 = 0.235601
        m4 = 0.0291391
        m6 = 0.0249138
        Tc = 771.492
        Td = 385.746
        Tf = 192.873
#       SitePat  BranchLen
              b 118782.2311568
              e 45189.3662523
              c 46330.9109640
              n 42107.4670688
              w 44940.8000155
            b:e 1282.8336848
            b:c 1681.0284765
            b:n 1100.5739776
            b:w 1278.3961142
            e:c 10998.1898587
            e:n 4654.1140558
            e:w 3604.7204820
            c:n 4366.4091939
            c:w 3611.1646161
            n:w 12476.7050971
          b:e:c 1347.3655535
          b:e:n 637.0369360
          b:e:w 624.9903614
          b:c:n 626.3852479
          b:c:w 638.5853058
          b:n:w 1345.2411087
          e:c:n 5454.6729434
          e:c:w 4425.9781482
          e:n:w 6199.9441956
          c:n:w 5267.6733814
        b:e:c:n 1279.9444841
        b:e:c:w 1101.9688641
        b:e:n:w 1614.1093477
        b:c:n:w 1284.9581296
        e:c:n:w 46210.4135812
