########################################
# legofit: estimate population history #
#       version 2.3.4-4-g53f8760       #
########################################

# Program was compiled: Sep 21 2021 14:36:42
# Program was run: Wed Sep 22 14:54:23 2021

# cmd: legofit -1 -d 0 -t 32 --ptsPerDim 3 --stateOut b1boot29.state --tol 3e-6 -S 5000 cdf2.lgo ../../chrX/boot_chrX/boot29.opf
# Stage nOptItr nSimReps
#     0    5000        0
# algorithm          : deterministic
# ignoring probs <=  : 0
# Branch length floor: 0
# DE strategy        : 2
#    F               : 0.3
#    CR              : 0.8
#    tolerance       : 3e-06
# nthreads           : 32
# lgo input file     : cdf2.lgo
# site pat input file: ../../chrX/boot_chrX/boot29.opf
# free parameters    : 15
# points in DE swarm : 45
# output state file  : b1boot29.state
# Including singleton site patterns.
# cost function      : KL
Initial parameter values
Fixed:
      zero = 0
       one = 1
    Tbecnw = 75200
Free:
       pc1 = 0
       pc2 = 0
       pc3 = 0
       pc4 = 0
       pc5 = 0
       pc6 = 0
       pc7 = 0
       pc8 = 0
       pc9 = 0
      pc10 = 0
      pc11 = 0
      pc12 = 0
      pc13 = 0
      pc14 = 0
      pc15 = 0
Constrained:
     Tecnw = 34141.3
       Tnw = 5169.73
       Tec = 2685.38
     twoNb = 1.22757e+06
     twoNe = 7389.85
     twoNc = 247585
     twoNn = 206643
     twoNw = 1.50969e+06
    twoNec = 172604
    twoNnw = 92127.3
  twoNecnw = 30389.5
  twoNbecnw = 50355.5
        m3 = 0.245017
        m4 = 0.0232865
        m6 = 0.00616796
        Tc = 2584.86
        Td = 1292.43
        Tf = 646.216
DiffEv reached_goal. cost=2.58212e-03 spread=2.87027e-06
Fitted parameter values
Free:
       pc1 = -3.98934
       pc2 = -1.91122
       pc3 = -1.77471
       pc4 = 1.99019
       pc5 = 1.40898
       pc6 = -1.84474
       pc7 = -1.98731
       pc8 = -1.40231
       pc9 = 0.497541
      pc10 = 1.81975
      pc11 = -0.134755
      pc12 = -0.307946
      pc13 = 0.232158
      pc14 = 0.279446
      pc15 = -0.0158954
Constrained:
     Tecnw = 34723.4
       Tnw = 1180.06
       Tec = 621.929
     twoNb = 2.62375e+06
     twoNe = 2462.5
     twoNc = 27867.9
     twoNn = 236740
     twoNw = 3.76949e+06
    twoNec = 177235
    twoNnw = 115314
  twoNecnw = 29124.9
  twoNbecnw = 49778.9
        m3 = 0.242761
        m4 = 0.0290057
        m6 = 0.0184434
        Tc = 590.032
        Td = 295.016
        Tf = 147.508
#       SitePat  BranchLen
              b 117714.8249731
              e 44115.2830436
              c 45428.3862897
              n 41533.2063991
              w 44536.6659564
            b:e 1148.7631782
            b:c 1551.4201443
            b:n 1007.8442890
            b:w 1182.2848173
            e:c 10780.9505534
            e:n 4595.4399853
            e:w 3470.8744047
            c:n 4242.3953666
            c:w 3441.8142985
            n:w 11914.5495459
          b:e:c 1220.0845430
          b:e:n 581.3553592
          b:e:w 569.6388110
          b:c:n 570.9038844
          b:c:w 582.7697226
          b:n:w 1218.1863515
          e:c:n 5368.4247887
          e:c:w 4290.1118800
          e:n:w 5968.1096422
          c:n:w 4967.0685702
        b:e:c:n 1183.6991807
        b:e:c:w 1009.1093624
        b:e:n:w 1485.9552217
        b:c:n:w 1150.6613697
        e:c:n:w 46389.7012540
