########################################
# legofit: estimate population history #
#       version 2.3.4-4-g53f8760       #
########################################

# Program was compiled: Sep 21 2021 14:36:42
# Program was run: Wed Sep 22 14:53:54 2021

# cmd: legofit -1 -d 0 -t 32 --ptsPerDim 3 --stateOut b1boot2.state --tol 3e-6 -S 5000 cdf2.lgo ../../chrX/boot_chrX/boot2.opf
# Stage nOptItr nSimReps
#     0    5000        0
# algorithm          : deterministic
# ignoring probs <=  : 0
# Branch length floor: 0
# DE strategy        : 2
#    F               : 0.3
#    CR              : 0.8
#    tolerance       : 3e-06
# nthreads           : 32
# lgo input file     : cdf2.lgo
# site pat input file: ../../chrX/boot_chrX/boot2.opf
# free parameters    : 15
# points in DE swarm : 45
# output state file  : b1boot2.state
# Including singleton site patterns.
# cost function      : KL
Initial parameter values
Fixed:
      zero = 0
       one = 1
    Tbecnw = 75200
Free:
       pc1 = 0
       pc2 = 0
       pc3 = 0
       pc4 = 0
       pc5 = 0
       pc6 = 0
       pc7 = 0
       pc8 = 0
       pc9 = 0
      pc10 = 0
      pc11 = 0
      pc12 = 0
      pc13 = 0
      pc14 = 0
      pc15 = 0
Constrained:
     Tecnw = 34141.3
       Tnw = 5169.73
       Tec = 2685.38
     twoNb = 1.22757e+06
     twoNe = 7389.85
     twoNc = 247585
     twoNn = 206643
     twoNw = 1.50969e+06
    twoNec = 172604
    twoNnw = 92127.3
  twoNecnw = 30389.5
  twoNbecnw = 50355.5
        m3 = 0.245017
        m4 = 0.0232865
        m6 = 0.00616796
        Tc = 2584.86
        Td = 1292.43
        Tf = 646.216
DiffEv reached_goal. cost=2.72806e-03 spread=2.68117e-06
Fitted parameter values
Free:
       pc1 = -3.99453
       pc2 = -1.55963
       pc3 = -1.88596
       pc4 = 1.99936
       pc5 = 1.40104
       pc6 = -1.87036
       pc7 = -1.94562
       pc8 = -0.658523
       pc9 = 0.433513
      pc10 = 0.810412
      pc11 = -0.662078
      pc12 = 0.0279253
      pc13 = -0.391488
      pc14 = -0.193003
      pc15 = -0.0137842
Constrained:
     Tecnw = 34951
       Tnw = 782.2
       Tec = 448.646
     twoNb = 2.54813e+06
     twoNe = 5070.43
     twoNc = 149666
     twoNn = 186516
     twoNw = 3.3565e+06
    twoNec = 181318
    twoNnw = 109821
  twoNecnw = 29721.1
  twoNbecnw = 49836.5
        m3 = 0.237136
        m4 = 0.0298476
        m6 = 0.017968
        Tc = 391.1
        Td = 195.55
        Tf = 97.775
#       SitePat  BranchLen
              b 117518.8528549
              e 44702.2821594
              c 45998.6811891
              n 41533.1874778
              w 44464.5074400
            b:e 1204.4982894
            b:c 1615.3060292
            b:n 1029.6793606
            b:w 1203.9413639
            e:c 10978.3386478
            e:n 4569.7179604
            e:w 3478.5035267
            c:n 4235.3045359
            c:w 3445.6285758
            n:w 12567.8157876
          b:e:c 1284.2139481
          b:e:n 594.2063887
          b:e:w 582.9273445
          b:c:n 584.2995631
          b:c:w 595.7364901
          b:n:w 1282.0980239
          e:c:n 5326.0954783
          e:c:w 4275.6659099
          e:n:w 6102.0056620
          c:n:w 5098.4824425
        b:e:c:n 1205.4714653
        b:e:c:w 1031.0515791
        b:e:n:w 1545.9117081
        b:c:n:w 1206.6142136
        e:c:n:w 45603.9185549
