########################################
# legofit: estimate population history #
#       version 2.3.4-4-g53f8760       #
########################################

# Program was compiled: Sep 21 2021 14:36:42
# Program was run: Wed Sep 22 14:54:36 2021

# cmd: legofit -1 -d 0 -t 32 --ptsPerDim 3 --stateOut b1boot48.state --tol 3e-6 -S 5000 cdf2.lgo ../../chrX/boot_chrX/boot48.opf
# Stage nOptItr nSimReps
#     0    5000        0
# algorithm          : deterministic
# ignoring probs <=  : 0
# Branch length floor: 0
# DE strategy        : 2
#    F               : 0.3
#    CR              : 0.8
#    tolerance       : 3e-06
# nthreads           : 32
# lgo input file     : cdf2.lgo
# site pat input file: ../../chrX/boot_chrX/boot48.opf
# free parameters    : 15
# points in DE swarm : 45
# output state file  : b1boot48.state
# Including singleton site patterns.
# cost function      : KL
Initial parameter values
Fixed:
      zero = 0
       one = 1
    Tbecnw = 75200
Free:
       pc1 = 0
       pc2 = 0
       pc3 = 0
       pc4 = 0
       pc5 = 0
       pc6 = 0
       pc7 = 0
       pc8 = 0
       pc9 = 0
      pc10 = 0
      pc11 = 0
      pc12 = 0
      pc13 = 0
      pc14 = 0
      pc15 = 0
Constrained:
     Tecnw = 34141.3
       Tnw = 5169.73
       Tec = 2685.38
     twoNb = 1.22757e+06
     twoNe = 7389.85
     twoNc = 247585
     twoNn = 206643
     twoNw = 1.50969e+06
    twoNec = 172604
    twoNnw = 92127.3
  twoNecnw = 30389.5
  twoNbecnw = 50355.5
        m3 = 0.245017
        m4 = 0.0232865
        m6 = 0.00616796
        Tc = 2584.86
        Td = 1292.43
        Tf = 646.216
DiffEv reached_goal. cost=2.67799e-03 spread=2.31951e-06
Fitted parameter values
Free:
       pc1 = -3.98075
       pc2 = -1.83951
       pc3 = -1.6914
       pc4 = 1.99134
       pc5 = 1.57057
       pc6 = -1.94868
       pc7 = -1.95772
       pc8 = 1.57762
       pc9 = 1.9947
      pc10 = -0.0730402
      pc11 = -0.194237
      pc12 = -0.176716
      pc13 = -0.279132
      pc14 = 0.232499
      pc15 = 0.0192954
Constrained:
     Tecnw = 34872.2
       Tnw = 1830.28
       Tec = 1015.82
     twoNb = 2.70146e+06
     twoNe = 11885.5
     twoNc = 592182
     twoNn = 58101.8
     twoNw = 3.13328e+06
    twoNec = 183123
    twoNnw = 114634
  twoNecnw = 29842
  twoNbecnw = 50932.2
        m3 = 0.230145
        m4 = 0.0287181
        m6 = 0.0232745
        Tc = 915.139
        Td = 457.57
        Tf = 228.785
#       SitePat  BranchLen
              b 118423.6111715
              e 44989.9131269
              c 46151.9641627
              n 42199.2098272
              w 44921.3767179
            b:e 1236.9091719
            b:c 1628.4453689
            b:n 1074.6336573
            b:w 1241.5072706
            e:c 10811.8799510
            e:n 4588.2377610
            e:w 3582.9067866
            c:n 4306.4713786
            c:w 3572.8358689
            n:w 12118.6568909
          b:e:c 1295.4144781
          b:e:n 619.9078223
          b:e:w 609.0809534
          b:c:n 610.3706970
          b:c:w 621.3336864
          b:n:w 1293.4761755
          e:c:n 5388.8793454
          e:c:w 4405.6789387
          e:n:w 6103.9759620
          c:n:w 5166.0407066
        b:e:c:n 1242.9331347
        b:e:c:w 1075.9234009
        b:e:n:w 1565.3777597
        b:c:n:w 1238.8474745
        e:c:n:w 46260.7536301
