########################################
# legofit: estimate population history #
#       version 2.3.4-4-g53f8760       #
########################################

# Program was compiled: Sep 21 2021 14:36:42
# Program was run: Wed Sep 22 14:54:24 2021

# cmd: legofit -1 -d 0 -t 32 --ptsPerDim 3 --stateOut b1boot32.state --tol 3e-6 -S 5000 cdf2.lgo ../../chrX/boot_chrX/boot32.opf
# Stage nOptItr nSimReps
#     0    5000        0
# algorithm          : deterministic
# ignoring probs <=  : 0
# Branch length floor: 0
# DE strategy        : 2
#    F               : 0.3
#    CR              : 0.8
#    tolerance       : 3e-06
# nthreads           : 32
# lgo input file     : cdf2.lgo
# site pat input file: ../../chrX/boot_chrX/boot32.opf
# free parameters    : 15
# points in DE swarm : 45
# output state file  : b1boot32.state
# Including singleton site patterns.
# cost function      : KL
Initial parameter values
Fixed:
      zero = 0
       one = 1
    Tbecnw = 75200
Free:
       pc1 = 0
       pc2 = 0
       pc3 = 0
       pc4 = 0
       pc5 = 0
       pc6 = 0
       pc7 = 0
       pc8 = 0
       pc9 = 0
      pc10 = 0
      pc11 = 0
      pc12 = 0
      pc13 = 0
      pc14 = 0
      pc15 = 0
Constrained:
     Tecnw = 34141.3
       Tnw = 5169.73
       Tec = 2685.38
     twoNb = 1.22757e+06
     twoNe = 7389.85
     twoNc = 247585
     twoNn = 206643
     twoNw = 1.50969e+06
    twoNec = 172604
    twoNnw = 92127.3
  twoNecnw = 30389.5
  twoNbecnw = 50355.5
        m3 = 0.245017
        m4 = 0.0232865
        m6 = 0.00616796
        Tc = 2584.86
        Td = 1292.43
        Tf = 646.216
DiffEv reached_goal. cost=2.62069e-03 spread=2.92166e-06
Fitted parameter values
Free:
       pc1 = -3.94185
       pc2 = -1.84069
       pc3 = -1.82664
       pc4 = 1.96072
       pc5 = 1.24271
       pc6 = -1.96088
       pc7 = -1.69233
       pc8 = 1.30878
       pc9 = 1.83325
      pc10 = 0.768247
      pc11 = 0.304333
      pc12 = 0.755978
      pc13 = 0.0204423
      pc14 = 0.105054
      pc15 = 0.0491693
Constrained:
     Tecnw = 34875.6
       Tnw = 1666.96
       Tec = 863.421
     twoNb = 2.60154e+06
     twoNe = 11601.4
     twoNc = 497194
     twoNn = 176272
     twoNw = 3.11767e+06
    twoNec = 176788
    twoNnw = 114033
  twoNecnw = 29336.5
  twoNbecnw = 50773.8
        m3 = 0.222305
        m4 = 0.0284885
        m6 = 0.0203416
        Tc = 833.481
        Td = 416.74
        Tf = 208.37
#       SitePat  BranchLen
              b 118464.8563007
              e 44625.5712614
              c 45757.5805845
              n 41962.5316095
              w 44617.9301012
            b:e 1198.6904702
            b:c 1592.1367921
            b:n 1047.1708253
            b:w 1208.2015903
            e:c 10962.9160737
            e:n 4432.5065947
            e:w 3500.3832508
            c:n 4216.9110310
            c:w 3462.3029159
            n:w 12193.7449188
          b:e:c 1278.1763585
          b:e:n 594.6504905
          b:e:w 587.2260814
          b:c:n 588.5196580
          b:c:w 596.0773944
          b:n:w 1276.2175424
          e:c:n 5332.5938859
          e:c:w 4363.9268532
          e:n:w 6027.8101314
          c:n:w 5079.6098799
        b:e:c:n 1209.6284941
        b:e:c:w 1048.4644019
        b:e:n:w 1526.9492616
        b:c:n:w 1200.6492863
        e:c:n:w 46728.1213383
