########################################
# legofit: estimate population history #
#       version 2.3.4-4-g53f8760       #
########################################

# Program was compiled: Sep 21 2021 14:36:42
# Program was run: Wed Sep 22 14:54:06 2021

# cmd: legofit -1 -d 0 -t 32 --ptsPerDim 3 --stateOut b1boot12.state --tol 3e-6 -S 5000 cdf2.lgo ../../chrX/boot_chrX/boot12.opf
# Stage nOptItr nSimReps
#     0    5000        0
# algorithm          : deterministic
# ignoring probs <=  : 0
# Branch length floor: 0
# DE strategy        : 2
#    F               : 0.3
#    CR              : 0.8
#    tolerance       : 3e-06
# nthreads           : 32
# lgo input file     : cdf2.lgo
# site pat input file: ../../chrX/boot_chrX/boot12.opf
# free parameters    : 15
# points in DE swarm : 45
# output state file  : b1boot12.state
# Including singleton site patterns.
# cost function      : KL
Initial parameter values
Fixed:
      zero = 0
       one = 1
    Tbecnw = 75200
Free:
       pc1 = 0
       pc2 = 0
       pc3 = 0
       pc4 = 0
       pc5 = 0
       pc6 = 0
       pc7 = 0
       pc8 = 0
       pc9 = 0
      pc10 = 0
      pc11 = 0
      pc12 = 0
      pc13 = 0
      pc14 = 0
      pc15 = 0
Constrained:
     Tecnw = 34141.3
       Tnw = 5169.73
       Tec = 2685.38
     twoNb = 1.22757e+06
     twoNe = 7389.85
     twoNc = 247585
     twoNn = 206643
     twoNw = 1.50969e+06
    twoNec = 172604
    twoNnw = 92127.3
  twoNecnw = 30389.5
  twoNbecnw = 50355.5
        m3 = 0.245017
        m4 = 0.0232865
        m6 = 0.00616796
        Tc = 2584.86
        Td = 1292.43
        Tf = 646.216
DiffEv reached_goal. cost=2.68298e-03 spread=2.64313e-06
Fitted parameter values
Free:
       pc1 = -3.96769
       pc2 = -1.75235
       pc3 = -1.1516
       pc4 = 1.94531
       pc5 = 1.6587
       pc6 = -1.97737
       pc7 = -1.8651
       pc8 = 0.455475
       pc9 = 1.88671
      pc10 = 0.988182
      pc11 = -0.355528
      pc12 = 0.135459
      pc13 = 0.686341
      pc14 = 0.0353011
      pc15 = -0.0056943
Constrained:
     Tecnw = 34922.2
       Tnw = 852.346
       Tec = 519.068
     twoNb = 2.70759e+06
     twoNe = 8889.93
     twoNc = 372595
     twoNn = 90045.9
     twoNw = 3.46052e+06
    twoNec = 173635
    twoNnw = 115552
  twoNecnw = 29371.3
  twoNbecnw = 50921.1
        m3 = 0.23726
        m4 = 0.0275503
        m6 = 0.0187091
        Tc = 426.173
        Td = 213.086
        Tf = 106.543
#       SitePat  BranchLen
              b 118597.1475129
              e 44312.9513394
              c 45519.9262451
              n 41710.5125668
              w 44723.4348543
            b:e 1194.0615402
            b:c 1578.5110228
            b:n 1048.8080630
            b:w 1230.1344884
            e:c 11099.9088231
            e:n 4585.0195554
            e:w 3482.6333461
            c:n 4274.9286305
            c:w 3460.6997407
            n:w 12227.7297079
          b:e:c 1282.9040230
          b:e:n 598.9416528
          b:e:w 588.0067083
          b:c:n 589.2163215
          b:c:w 600.2933479
          b:n:w 1281.0748866
          e:c:n 5456.8932787
          e:c:w 4360.5860903
          e:n:w 5983.2773374
          c:n:w 5042.9086938
        b:e:c:n 1231.4861836
        b:e:c:w 1050.0176762
        b:e:n:w 1517.4831992
        b:c:n:w 1195.8906767
        e:c:n:w 46839.8065491
