########################################
# legofit: estimate population history #
#       version 2.3.4-4-g53f8760       #
########################################

# Program was compiled: Sep 21 2021 14:36:42
# Program was run: Wed Sep 22 14:54:10 2021

# cmd: legofit -1 -d 0 -t 32 --ptsPerDim 3 --stateOut b1boot14.state --tol 3e-6 -S 5000 cdf2.lgo ../../chrX/boot_chrX/boot14.opf
# Stage nOptItr nSimReps
#     0    5000        0
# algorithm          : deterministic
# ignoring probs <=  : 0
# Branch length floor: 0
# DE strategy        : 2
#    F               : 0.3
#    CR              : 0.8
#    tolerance       : 3e-06
# nthreads           : 32
# lgo input file     : cdf2.lgo
# site pat input file: ../../chrX/boot_chrX/boot14.opf
# free parameters    : 15
# points in DE swarm : 45
# output state file  : b1boot14.state
# Including singleton site patterns.
# cost function      : KL
Initial parameter values
Fixed:
      zero = 0
       one = 1
    Tbecnw = 75200
Free:
       pc1 = 0
       pc2 = 0
       pc3 = 0
       pc4 = 0
       pc5 = 0
       pc6 = 0
       pc7 = 0
       pc8 = 0
       pc9 = 0
      pc10 = 0
      pc11 = 0
      pc12 = 0
      pc13 = 0
      pc14 = 0
      pc15 = 0
Constrained:
     Tecnw = 34141.3
       Tnw = 5169.73
       Tec = 2685.38
     twoNb = 1.22757e+06
     twoNe = 7389.85
     twoNc = 247585
     twoNn = 206643
     twoNw = 1.50969e+06
    twoNec = 172604
    twoNnw = 92127.3
  twoNecnw = 30389.5
  twoNbecnw = 50355.5
        m3 = 0.245017
        m4 = 0.0232865
        m6 = 0.00616796
        Tc = 2584.86
        Td = 1292.43
        Tf = 646.216
DiffEv reached_goal. cost=2.51653e-03 spread=2.89797e-06
Fitted parameter values
Free:
       pc1 = -3.95517
       pc2 = -1.58219
       pc3 = -1.95825
       pc4 = 1.89577
       pc5 = 0.513246
       pc6 = -1.89157
       pc7 = -0.847529
       pc8 = 1.64241
       pc9 = -0.0256153
      pc10 = 1.72346
      pc11 = -0.362571
      pc12 = -0.883598
      pc13 = 0.0695999
      pc14 = 0.0855926
      pc15 = 0.0202782
Constrained:
     Tecnw = 34543.8
       Tnw = 906.073
       Tec = 516.755
     twoNb = 2.64604e+06
     twoNe = 11021.3
     twoNc = 142004
     twoNn = 403908
     twoNw = 1.6504e+06
    twoNec = 182914
    twoNnw = 114060
  twoNecnw = 29697
  twoNbecnw = 49835.3
        m3 = 0.232538
        m4 = 0.0256871
        m6 = 0.0247107
        Tc = 453.036
        Td = 226.518
        Tf = 113.259
#       SitePat  BranchLen
              b 117664.1302383
              e 44504.1620878
              c 45457.6429660
              n 41564.6337820
              w 44290.6650500
            b:e 1191.4533543
            b:c 1533.1047463
            b:n 1028.9404088
            b:w 1190.7457780
            e:c 10800.7083981
            e:n 4508.7129082
            e:w 3516.7386439
            c:n 4284.9691626
            c:w 3534.6746434
            n:w 12181.3636293
          b:e:c 1249.5216406
          b:e:n 592.2701534
          b:e:w 582.7099883
          b:c:n 583.8387340
          b:c:w 593.5189177
          b:n:w 1247.8132603
          e:c:n 5324.1618876
          e:c:w 4340.3994032
          e:n:w 5939.9535687
          c:n:w 5131.0419591
        b:e:c:n 1191.9945423
        b:e:c:w 1030.0691545
        b:e:n:w 1475.9521590
        b:c:n:w 1193.1617345
        e:c:n:w 46100.4169205
