########################################
# legofit: estimate population history #
#       version 2.3.4-4-g53f8760       #
########################################

# Program was compiled: Sep 21 2021 14:36:42
# Program was run: Wed Sep 22 14:54:01 2021

# cmd: legofit -1 -d 0 -t 32 --ptsPerDim 3 --stateOut b1boot7.state --tol 3e-6 -S 5000 cdf2.lgo ../../chrX/boot_chrX/boot7.opf
# Stage nOptItr nSimReps
#     0    5000        0
# algorithm          : deterministic
# ignoring probs <=  : 0
# Branch length floor: 0
# DE strategy        : 2
#    F               : 0.3
#    CR              : 0.8
#    tolerance       : 3e-06
# nthreads           : 32
# lgo input file     : cdf2.lgo
# site pat input file: ../../chrX/boot_chrX/boot7.opf
# free parameters    : 15
# points in DE swarm : 45
# output state file  : b1boot7.state
# Including singleton site patterns.
# cost function      : KL
Initial parameter values
Fixed:
      zero = 0
       one = 1
    Tbecnw = 75200
Free:
       pc1 = 0
       pc2 = 0
       pc3 = 0
       pc4 = 0
       pc5 = 0
       pc6 = 0
       pc7 = 0
       pc8 = 0
       pc9 = 0
      pc10 = 0
      pc11 = 0
      pc12 = 0
      pc13 = 0
      pc14 = 0
      pc15 = 0
Constrained:
     Tecnw = 34141.3
       Tnw = 5169.73
       Tec = 2685.38
     twoNb = 1.22757e+06
     twoNe = 7389.85
     twoNc = 247585
     twoNn = 206643
     twoNw = 1.50969e+06
    twoNec = 172604
    twoNnw = 92127.3
  twoNecnw = 30389.5
  twoNbecnw = 50355.5
        m3 = 0.245017
        m4 = 0.0232865
        m6 = 0.00616796
        Tc = 2584.86
        Td = 1292.43
        Tf = 646.216
DiffEv reached_goal. cost=2.68874e-03 spread=2.64848e-06
Fitted parameter values
Free:
       pc1 = -3.9734
       pc2 = -1.80821
       pc3 = -1.64832
       pc4 = 1.9518
       pc5 = 1.96934
       pc6 = -1.87512
       pc7 = -1.88932
       pc8 = 1.01017
       pc9 = 0.931356
      pc10 = 0.917594
      pc11 = -1.00112
      pc12 = 0.141309
      pc13 = 0.39364
      pc14 = 0.267547
      pc15 = -0.0202375
Constrained:
     Tecnw = 35080.9
       Tnw = 924.639
       Tec = 605.96
     twoNb = 2.74386e+06
     twoNe = 9873.67
     twoNc = 275579
     twoNn = 248224
     twoNw = 3.47805e+06
    twoNec = 174617
    twoNnw = 117147
  twoNecnw = 29925.8
  twoNbecnw = 50603
        m3 = 0.235845
        m4 = 0.0277746
        m6 = 0.0212782
        Tc = 462.319
        Td = 231.16
        Tf = 115.58
#       SitePat  BranchLen
              b 118104.5849351
              e 44664.4255608
              c 45870.3683706
              n 42062.1676097
              w 45106.9815815
            b:e 1224.0916764
            b:c 1603.3579966
            b:n 1076.3172123
            b:w 1261.5984902
            e:c 11156.2650561
            e:n 4675.9422816
            e:w 3528.0609670
            c:n 4321.6998523
            c:w 3529.1013324
            n:w 12277.3695880
          b:e:c 1309.9984286
          b:e:n 616.9183762
          b:e:w 603.4920383
          b:c:n 604.7236819
          b:c:w 618.2957131
          b:n:w 1308.1417838
          e:c:n 5506.9371672
          e:c:w 4402.6030300
          e:n:w 6007.5221139
          c:n:w 5090.1175639
        b:e:c:n 1262.9758271
        b:e:c:w 1077.5488559
        b:e:n:w 1543.1598178
        b:c:n:w 1225.9483212
        e:c:n:w 45861.2119577
