########################################
# legofit: estimate population history #
#       version 2.3.4-4-g53f8760       #
########################################

# Program was compiled: Sep 21 2021 14:36:42
# Program was run: Wed Sep 22 14:54:37 2021

# cmd: legofit -1 -d 0 -t 32 --ptsPerDim 3 --stateOut b1boot47.state --tol 3e-6 -S 5000 cdf2.lgo ../../chrX/boot_chrX/boot47.opf
# Stage nOptItr nSimReps
#     0    5000        0
# algorithm          : deterministic
# ignoring probs <=  : 0
# Branch length floor: 0
# DE strategy        : 2
#    F               : 0.3
#    CR              : 0.8
#    tolerance       : 3e-06
# nthreads           : 32
# lgo input file     : cdf2.lgo
# site pat input file: ../../chrX/boot_chrX/boot47.opf
# free parameters    : 15
# points in DE swarm : 45
# output state file  : b1boot47.state
# Including singleton site patterns.
# cost function      : KL
Initial parameter values
Fixed:
      zero = 0
       one = 1
    Tbecnw = 75200
Free:
       pc1 = 0
       pc2 = 0
       pc3 = 0
       pc4 = 0
       pc5 = 0
       pc6 = 0
       pc7 = 0
       pc8 = 0
       pc9 = 0
      pc10 = 0
      pc11 = 0
      pc12 = 0
      pc13 = 0
      pc14 = 0
      pc15 = 0
Constrained:
     Tecnw = 34141.3
       Tnw = 5169.73
       Tec = 2685.38
     twoNb = 1.22757e+06
     twoNe = 7389.85
     twoNc = 247585
     twoNn = 206643
     twoNw = 1.50969e+06
    twoNec = 172604
    twoNnw = 92127.3
  twoNecnw = 30389.5
  twoNbecnw = 50355.5
        m3 = 0.245017
        m4 = 0.0232865
        m6 = 0.00616796
        Tc = 2584.86
        Td = 1292.43
        Tf = 646.216
DiffEv reached_goal. cost=2.74998e-03 spread=2.86111e-06
Fitted parameter values
Free:
       pc1 = -3.98834
       pc2 = -1.2924
       pc3 = -1.95645
       pc4 = 1.95113
       pc5 = -0.0968139
       pc6 = -1.45699
       pc7 = -1.55662
       pc8 = -1.62845
       pc9 = 0.646464
      pc10 = 0.723215
      pc11 = -0.310767
      pc12 = -0.149219
      pc13 = -0.214574
      pc14 = 0.130583
      pc15 = -0.000148824
Constrained:
     Tecnw = 34657.5
       Tnw = 932.463
       Tec = 490.741
     twoNb = 2.26165e+06
     twoNe = 2760.44
     twoNc = 263276
     twoNn = 73418
     twoNw = 2.58334e+06
    twoNec = 180981
    twoNnw = 114864
  twoNecnw = 29326.5
  twoNbecnw = 49012.5
        m3 = 0.239021
        m4 = 0.0294814
        m6 = 0.0151214
        Tc = 466.232
        Td = 233.116
        Tf = 116.558
#       SitePat  BranchLen
              b 116988.9425638
              e 44238.1462877
              c 45548.8435345
              n 41513.9420871
              w 44399.6122157
            b:e 1144.4121197
            b:c 1558.1920030
            b:n 998.3944018
            b:w 1164.8806167
            e:c 10757.6860511
            e:n 4528.3173213
            e:w 3476.6638346
            c:n 4216.6499820
            c:w 3414.6039984
            n:w 12040.6656123
          b:e:c 1214.6791463
          b:e:n 574.4824336
          b:e:w 565.3644544
          b:c:n 566.8462138
          b:c:w 576.1305889
          b:n:w 1212.4458759
          e:c:n 5300.2422693
          e:c:w 4268.2716109
          e:n:w 5988.5589102
          c:n:w 4969.5101029
        b:e:c:n 1166.5287720
        b:e:c:w 999.8761612
        b:e:n:w 1481.4764522
        b:c:n:w 1146.6453901
        e:c:n:w 45654.5913689
