########################################
# legofit: estimate population history #
#       version 2.3.4-4-g53f8760       #
########################################

# Program was compiled: Sep 21 2021 14:36:42
# Program was run: Wed Sep 22 14:54:00 2021

# cmd: legofit -1 -d 0 -t 32 --ptsPerDim 3 --stateOut b1boot4.state --tol 3e-6 -S 5000 cdf2.lgo ../../chrX/boot_chrX/boot4.opf
# Stage nOptItr nSimReps
#     0    5000        0
# algorithm          : deterministic
# ignoring probs <=  : 0
# Branch length floor: 0
# DE strategy        : 2
#    F               : 0.3
#    CR              : 0.8
#    tolerance       : 3e-06
# nthreads           : 32
# lgo input file     : cdf2.lgo
# site pat input file: ../../chrX/boot_chrX/boot4.opf
# free parameters    : 15
# points in DE swarm : 45
# output state file  : b1boot4.state
# Including singleton site patterns.
# cost function      : KL
Initial parameter values
Fixed:
      zero = 0
       one = 1
    Tbecnw = 75200
Free:
       pc1 = 0
       pc2 = 0
       pc3 = 0
       pc4 = 0
       pc5 = 0
       pc6 = 0
       pc7 = 0
       pc8 = 0
       pc9 = 0
      pc10 = 0
      pc11 = 0
      pc12 = 0
      pc13 = 0
      pc14 = 0
      pc15 = 0
Constrained:
     Tecnw = 34141.3
       Tnw = 5169.73
       Tec = 2685.38
     twoNb = 1.22757e+06
     twoNe = 7389.85
     twoNc = 247585
     twoNn = 206643
     twoNw = 1.50969e+06
    twoNec = 172604
    twoNnw = 92127.3
  twoNecnw = 30389.5
  twoNbecnw = 50355.5
        m3 = 0.245017
        m4 = 0.0232865
        m6 = 0.00616796
        Tc = 2584.86
        Td = 1292.43
        Tf = 646.216
DiffEv reached_goal. cost=2.61922e-03 spread=2.92873e-06
Fitted parameter values
Free:
       pc1 = -3.99456
       pc2 = -1.88036
       pc3 = -0.357509
       pc4 = 1.79603
       pc5 = 1.54791
       pc6 = -1.93741
       pc7 = -1.61839
       pc8 = 0.4753
       pc9 = 1.07348
      pc10 = -0.0609219
      pc11 = 0.307893
      pc12 = 0.169291
      pc13 = 0.457262
      pc14 = -0.0803529
      pc15 = -0.0470498
Constrained:
     Tecnw = 34874.7
       Tnw = 1265.81
       Tec = 804.545
     twoNb = 2.35685e+06
     twoNe = 9952.72
     twoNc = 321597
     twoNn = 100135
     twoNw = 2.4449e+06
    twoNec = 175563
    twoNnw = 112258
  twoNecnw = 29461.4
  twoNbecnw = 51309.3
        m3 = 0.243358
        m4 = 0.0297822
        m6 = 0.0193086
        Tc = 632.905
        Td = 316.453
        Tf = 158.226
#       SitePat  BranchLen
              b 118869.3650463
              e 44418.0043174
              c 45801.6243111
              n 41640.4259248
              w 44738.4394664
            b:e 1210.1699454
            b:c 1639.5147251
            b:n 1052.7019854
            b:w 1239.6683754
            e:c 10964.7778682
            e:n 4694.8238860
            e:w 3508.5206567
            c:n 4284.8892375
            c:w 3492.5817566
            n:w 12231.3566016
          b:e:c 1290.6281727
          b:e:n 609.2837803
          b:e:w 594.7295028
          b:c:n 596.2356439
          b:c:w 610.9741588
          b:n:w 1288.3439415
          e:c:n 5465.6310798
          e:c:w 4346.2282484
          e:n:w 6119.8521410
          c:n:w 5080.8593268
        b:e:c:n 1241.3587539
        b:e:c:w 1054.2081265
        b:e:n:w 1563.7491069
        b:c:n:w 1212.4541767
        e:c:n:w 46991.4198555
