########################################
# legofit: estimate population history #
#       version 2.3.4-4-g53f8760       #
########################################

# Program was compiled: Sep 21 2021 14:36:42
# Program was run: Wed Sep 22 14:54:10 2021

# cmd: legofit -1 -d 0 -t 32 --ptsPerDim 3 --stateOut b1boot15.state --tol 3e-6 -S 5000 cdf2.lgo ../../chrX/boot_chrX/boot15.opf
# Stage nOptItr nSimReps
#     0    5000        0
# algorithm          : deterministic
# ignoring probs <=  : 0
# Branch length floor: 0
# DE strategy        : 2
#    F               : 0.3
#    CR              : 0.8
#    tolerance       : 3e-06
# nthreads           : 32
# lgo input file     : cdf2.lgo
# site pat input file: ../../chrX/boot_chrX/boot15.opf
# free parameters    : 15
# points in DE swarm : 45
# output state file  : b1boot15.state
# Including singleton site patterns.
# cost function      : KL
Initial parameter values
Fixed:
      zero = 0
       one = 1
    Tbecnw = 75200
Free:
       pc1 = 0
       pc2 = 0
       pc3 = 0
       pc4 = 0
       pc5 = 0
       pc6 = 0
       pc7 = 0
       pc8 = 0
       pc9 = 0
      pc10 = 0
      pc11 = 0
      pc12 = 0
      pc13 = 0
      pc14 = 0
      pc15 = 0
Constrained:
     Tecnw = 34141.3
       Tnw = 5169.73
       Tec = 2685.38
     twoNb = 1.22757e+06
     twoNe = 7389.85
     twoNc = 247585
     twoNn = 206643
     twoNw = 1.50969e+06
    twoNec = 172604
    twoNnw = 92127.3
  twoNecnw = 30389.5
  twoNbecnw = 50355.5
        m3 = 0.245017
        m4 = 0.0232865
        m6 = 0.00616796
        Tc = 2584.86
        Td = 1292.43
        Tf = 646.216
DiffEv reached_goal. cost=2.56113e-03 spread=2.19830e-06
Fitted parameter values
Free:
       pc1 = -3.98688
       pc2 = -0.586068
       pc3 = -1.51315
       pc4 = 0.177473
       pc5 = 1.95724
       pc6 = -1.9892
       pc7 = -1.91538
       pc8 = 1.99597
       pc9 = 1.51985
      pc10 = -1.88147
      pc11 = 0.157344
      pc12 = -0.159529
      pc13 = 0.0529773
      pc14 = -0.0992587
      pc15 = -0.00945612
Constrained:
     Tecnw = 34746.7
       Tnw = 901.955
       Tec = 560.419
     twoNb = 2.11609e+06
     twoNe = 9133.25
     twoNc = 796084
     twoNn = 101316
     twoNw = 2.30324e+06
    twoNec = 187608
    twoNnw = 115668
  twoNecnw = 30690.6
  twoNbecnw = 52217.6
        m3 = 0.22788
        m4 = 0.0292682
        m6 = 0.0218748
        Tc = 450.977
        Td = 225.489
        Tf = 112.744
#       SitePat  BranchLen
              b 119242.3515314
              e 45292.7718060
              c 46518.5422606
              n 42233.2118154
              w 44988.8629401
            b:e 1315.2015029
            b:c 1737.3509574
            b:n 1133.9030890
            b:w 1308.4993915
            e:c 11031.5284147
            e:n 4716.4301300
            e:w 3678.5073703
            c:n 4387.5800339
            c:w 3664.3222299
            n:w 12559.5618030
          b:e:c 1376.6320394
          b:e:n 656.2745356
          b:e:w 643.6745736
          b:c:n 645.4477862
          b:c:w 658.2344848
          b:n:w 1373.9494920
          e:c:n 5499.6054200
          e:c:w 4505.1348590
          e:n:w 6299.9400324
          c:n:w 5327.5887977
        b:e:c:n 1310.4593407
        b:e:c:w 1135.6763016
        b:e:n:w 1654.1506499
        b:c:n:w 1317.8840504
        e:c:n:w 46393.7027501
