########################################
# legofit: estimate population history #
#       version 2.3.4-4-g53f8760       #
########################################

# Program was compiled: Sep 21 2021 14:36:42
# Program was run: Wed Sep 22 14:53:54 2021

# cmd: legofit -1 -d 0 -t 32 --ptsPerDim 3 --stateOut b1boot0.state --tol 3e-6 -S 5000 cdf2.lgo ../../chrX/boot_chrX/boot0.opf
# Stage nOptItr nSimReps
#     0    5000        0
# algorithm          : deterministic
# ignoring probs <=  : 0
# Branch length floor: 0
# DE strategy        : 2
#    F               : 0.3
#    CR              : 0.8
#    tolerance       : 3e-06
# nthreads           : 32
# lgo input file     : cdf2.lgo
# site pat input file: ../../chrX/boot_chrX/boot0.opf
# free parameters    : 15
# points in DE swarm : 45
# output state file  : b1boot0.state
# Including singleton site patterns.
# cost function      : KL
Initial parameter values
Fixed:
      zero = 0
       one = 1
    Tbecnw = 75200
Free:
       pc1 = 0
       pc2 = 0
       pc3 = 0
       pc4 = 0
       pc5 = 0
       pc6 = 0
       pc7 = 0
       pc8 = 0
       pc9 = 0
      pc10 = 0
      pc11 = 0
      pc12 = 0
      pc13 = 0
      pc14 = 0
      pc15 = 0
Constrained:
     Tecnw = 34141.3
       Tnw = 5169.73
       Tec = 2685.38
     twoNb = 1.22757e+06
     twoNe = 7389.85
     twoNc = 247585
     twoNn = 206643
     twoNw = 1.50969e+06
    twoNec = 172604
    twoNnw = 92127.3
  twoNecnw = 30389.5
  twoNbecnw = 50355.5
        m3 = 0.245017
        m4 = 0.0232865
        m6 = 0.00616796
        Tc = 2584.86
        Td = 1292.43
        Tf = 646.216
DiffEv reached_goal. cost=2.66421e-03 spread=2.94481e-06
Fitted parameter values
Free:
       pc1 = -3.98476
       pc2 = -1.84873
       pc3 = -1.14276
       pc4 = 1.84691
       pc5 = 1.67509
       pc6 = -1.8648
       pc7 = -1.76555
       pc8 = 0.498619
       pc9 = 1.42153
      pc10 = -0.0504203
      pc11 = -0.520774
      pc12 = -0.392014
      pc13 = -0.155823
      pc14 = -0.208355
      pc15 = -0.00954473
Constrained:
     Tecnw = 34925
       Tnw = 1207.65
       Tec = 701.773
     twoNb = 2.61921e+06
     twoNe = 8974.45
     twoNc = 439338
     twoNn = 68633.5
     twoNw = 2.94321e+06
    twoNec = 181913
    twoNnw = 109228
  twoNecnw = 29839
  twoNbecnw = 50790.6
        m3 = 0.24217
        m4 = 0.0291968
        m6 = 0.0203512
        Tc = 603.823
        Td = 301.912
        Tf = 150.956
#       SitePat  BranchLen
              b 118304.9745151
              e 44846.6093955
              c 46089.5727948
              n 41699.4643159
              w 44653.0234458
            b:e 1234.9259239
            b:c 1638.2098234
            b:n 1055.7986037
            b:w 1235.4773058
            e:c 10937.9153677
            e:n 4628.5202908
            e:w 3527.7462532
            c:n 4301.9788098
            c:w 3513.2689379
            n:w 12474.0684140
          b:e:c 1305.9887508
          b:e:n 612.2268651
          b:e:w 600.1758630
          b:c:n 601.5121953
          b:c:w 613.7179187
          b:n:w 1303.9399461
          e:c:n 5393.6994697
          e:c:w 4329.6242494
          e:n:w 6139.6221351
          c:n:w 5166.3837261
        b:e:c:n 1236.9683594
        b:e:c:w 1057.1349360
        b:e:n:w 1571.7922079
        b:c:n:w 1236.9747287
        e:c:n:w 46186.8678754
