########################################
# legofit: estimate population history #
#       version 2.3.4-4-g53f8760       #
########################################

# Program was compiled: Sep 21 2021 14:36:42
# Program was run: Wed Sep 22 14:54:23 2021

# cmd: legofit -1 -d 0 -t 32 --ptsPerDim 3 --stateOut b1boot31.state --tol 3e-6 -S 5000 cdf2.lgo ../../chrX/boot_chrX/boot31.opf
# Stage nOptItr nSimReps
#     0    5000        0
# algorithm          : deterministic
# ignoring probs <=  : 0
# Branch length floor: 0
# DE strategy        : 2
#    F               : 0.3
#    CR              : 0.8
#    tolerance       : 3e-06
# nthreads           : 32
# lgo input file     : cdf2.lgo
# site pat input file: ../../chrX/boot_chrX/boot31.opf
# free parameters    : 15
# points in DE swarm : 45
# output state file  : b1boot31.state
# Including singleton site patterns.
# cost function      : KL
Initial parameter values
Fixed:
      zero = 0
       one = 1
    Tbecnw = 75200
Free:
       pc1 = 0
       pc2 = 0
       pc3 = 0
       pc4 = 0
       pc5 = 0
       pc6 = 0
       pc7 = 0
       pc8 = 0
       pc9 = 0
      pc10 = 0
      pc11 = 0
      pc12 = 0
      pc13 = 0
      pc14 = 0
      pc15 = 0
Constrained:
     Tecnw = 34141.3
       Tnw = 5169.73
       Tec = 2685.38
     twoNb = 1.22757e+06
     twoNe = 7389.85
     twoNc = 247585
     twoNn = 206643
     twoNw = 1.50969e+06
    twoNec = 172604
    twoNnw = 92127.3
  twoNecnw = 30389.5
  twoNbecnw = 50355.5
        m3 = 0.245017
        m4 = 0.0232865
        m6 = 0.00616796
        Tc = 2584.86
        Td = 1292.43
        Tf = 646.216
DiffEv reached_goal. cost=2.55270e-03 spread=2.85064e-06
Fitted parameter values
Free:
       pc1 = -3.9916
       pc2 = -1.35518
       pc3 = -0.675099
       pc4 = 1.89067
       pc5 = 1.47848
       pc6 = -1.91706
       pc7 = -1.49374
       pc8 = -0.593112
       pc9 = 0.693878
      pc10 = 0.187464
      pc11 = 0.0057262
      pc12 = -0.297155
      pc13 = 0.267634
      pc14 = 0.213193
      pc15 = -0.0113388
Constrained:
     Tecnw = 34736.2
       Tnw = 1234.76
       Tec = 688.845
     twoNb = 2.37452e+06
     twoNe = 6468.91
     twoNc = 175123
     twoNn = 96845.1
     twoNw = 2.61504e+06
    twoNec = 180414
    twoNnw = 116279
  twoNecnw = 29555.8
  twoNbecnw = 50713.5
        m3 = 0.247596
        m4 = 0.0297854
        m6 = 0.0161835
        Tc = 617.382
        Td = 308.691
        Tf = 154.346
#       SitePat  BranchLen
              b 118343.1287681
              e 44433.5705187
              c 45801.3240056
              n 41842.2432763
              w 44868.4197969
            b:e 1195.7762898
            b:c 1622.2957997
            b:n 1050.2174648
            b:w 1231.7228040
            e:c 10809.4777676
            e:n 4673.8816310
            e:w 3557.9362194
            c:n 4324.2015305
            c:w 3503.8016761
            n:w 11955.2286966
          b:e:c 1262.5251947
          b:e:n 607.8699389
          b:e:w 596.7845424
          b:c:n 598.2843388
          b:c:w 609.5451127
          b:n:w 1260.2886477
          e:c:n 5456.8449050
          e:c:w 4367.0136505
          e:n:w 6090.6492068
          c:n:w 5046.3246528
        b:e:c:n 1233.3979778
        b:e:c:w 1051.7172613
        b:e:n:w 1547.3216061
        b:c:n:w 1198.0128369
        e:c:n:w 46524.1218736
