########################################
# legofit: estimate population history #
#       version 2.3.4-4-g53f8760       #
########################################

# Program was compiled: Sep 21 2021 14:36:42
# Program was run: Wed Sep 22 14:54:19 2021

# cmd: legofit -1 -d 0 -t 32 --ptsPerDim 3 --stateOut b1boot24.state --tol 3e-6 -S 5000 cdf2.lgo ../../chrX/boot_chrX/boot24.opf
# Stage nOptItr nSimReps
#     0    5000        0
# algorithm          : deterministic
# ignoring probs <=  : 0
# Branch length floor: 0
# DE strategy        : 2
#    F               : 0.3
#    CR              : 0.8
#    tolerance       : 3e-06
# nthreads           : 32
# lgo input file     : cdf2.lgo
# site pat input file: ../../chrX/boot_chrX/boot24.opf
# free parameters    : 15
# points in DE swarm : 45
# output state file  : b1boot24.state
# Including singleton site patterns.
# cost function      : KL
Initial parameter values
Fixed:
      zero = 0
       one = 1
    Tbecnw = 75200
Free:
       pc1 = 0
       pc2 = 0
       pc3 = 0
       pc4 = 0
       pc5 = 0
       pc6 = 0
       pc7 = 0
       pc8 = 0
       pc9 = 0
      pc10 = 0
      pc11 = 0
      pc12 = 0
      pc13 = 0
      pc14 = 0
      pc15 = 0
Constrained:
     Tecnw = 34141.3
       Tnw = 5169.73
       Tec = 2685.38
     twoNb = 1.22757e+06
     twoNe = 7389.85
     twoNc = 247585
     twoNn = 206643
     twoNw = 1.50969e+06
    twoNec = 172604
    twoNnw = 92127.3
  twoNecnw = 30389.5
  twoNbecnw = 50355.5
        m3 = 0.245017
        m4 = 0.0232865
        m6 = 0.00616796
        Tc = 2584.86
        Td = 1292.43
        Tf = 646.216
DiffEv reached_goal. cost=2.72066e-03 spread=1.66801e-06
Fitted parameter values
Free:
       pc1 = -3.97677
       pc2 = -1.40293
       pc3 = -0.679199
       pc4 = 1.93432
       pc5 = 1.99603
       pc6 = -1.96278
       pc7 = -1.48187
       pc8 = -0.350526
       pc9 = 1.59901
      pc10 = 0.186655
      pc11 = -0.698492
      pc12 = -0.373519
      pc13 = 0.0454667
      pc14 = 0.105468
      pc15 = -0.0122398
Constrained:
     Tecnw = 34948.1
       Tnw = 1228.34
       Tec = 707.384
     twoNb = 2.6627e+06
     twoNe = 7293.72
     twoNc = 330651
     twoNn = 28860
     twoNw = 3.1454e+06
    twoNec = 182303
    twoNnw = 113989
  twoNecnw = 29721.1
  twoNbecnw = 50890.4
        m3 = 0.248632
        m4 = 0.0289007
        m6 = 0.0147407
        Tc = 614.169
        Td = 307.085
        Tf = 153.542
#       SitePat  BranchLen
              b 118413.1583819
              e 44705.5868592
              c 46066.4068585
              n 41929.3556187
              w 44997.8928342
            b:e 1220.7154226
            b:c 1629.4480638
            b:n 1063.1072257
            b:w 1249.0896736
            e:c 10885.9394158
            e:n 4696.6694357
            e:w 3556.5017795
            c:n 4331.0243245
            c:w 3505.1251338
            n:w 12161.0955139
          b:e:c 1290.9192023
          b:e:n 616.4614699
          b:e:w 604.7197726
          b:c:n 606.0379625
          b:c:w 617.9359337
          b:n:w 1288.9356653
          e:c:n 5466.6679733
          e:c:w 4364.1976047
          e:n:w 6104.4501858
          c:n:w 5090.7502021
        b:e:c:n 1250.5641374
        b:e:c:w 1064.4254155
        b:e:n:w 1564.3225131
        b:c:n:w 1222.6989596
        e:c:n:w 46310.3986121
