########################################
# legofit: estimate population history #
#       version 2.3.4-4-g53f8760       #
########################################

# Program was compiled: Sep 21 2021 14:36:42
# Program was run: Wed Sep 22 14:54:27 2021

# cmd: legofit -1 -d 0 -t 32 --ptsPerDim 3 --stateOut b1boot38.state --tol 3e-6 -S 5000 cdf2.lgo ../../chrX/boot_chrX/boot38.opf
# Stage nOptItr nSimReps
#     0    5000        0
# algorithm          : deterministic
# ignoring probs <=  : 0
# Branch length floor: 0
# DE strategy        : 2
#    F               : 0.3
#    CR              : 0.8
#    tolerance       : 3e-06
# nthreads           : 32
# lgo input file     : cdf2.lgo
# site pat input file: ../../chrX/boot_chrX/boot38.opf
# free parameters    : 15
# points in DE swarm : 45
# output state file  : b1boot38.state
# Including singleton site patterns.
# cost function      : KL
Initial parameter values
Fixed:
      zero = 0
       one = 1
    Tbecnw = 75200
Free:
       pc1 = 0
       pc2 = 0
       pc3 = 0
       pc4 = 0
       pc5 = 0
       pc6 = 0
       pc7 = 0
       pc8 = 0
       pc9 = 0
      pc10 = 0
      pc11 = 0
      pc12 = 0
      pc13 = 0
      pc14 = 0
      pc15 = 0
Constrained:
     Tecnw = 34141.3
       Tnw = 5169.73
       Tec = 2685.38
     twoNb = 1.22757e+06
     twoNe = 7389.85
     twoNc = 247585
     twoNn = 206643
     twoNw = 1.50969e+06
    twoNec = 172604
    twoNnw = 92127.3
  twoNecnw = 30389.5
  twoNbecnw = 50355.5
        m3 = 0.245017
        m4 = 0.0232865
        m6 = 0.00616796
        Tc = 2584.86
        Td = 1292.43
        Tf = 646.216
DiffEv reached_goal. cost=2.78129e-03 spread=2.25952e-06
Fitted parameter values
Free:
       pc1 = -3.9834
       pc2 = -1.98282
       pc3 = -0.758364
       pc4 = 1.71564
       pc5 = 1.90123
       pc6 = -1.81254
       pc7 = -1.84342
       pc8 = 0.395387
       pc9 = 1.54277
      pc10 = 1.29285
      pc11 = 0.543401
      pc12 = -0.455233
      pc13 = 0.265776
      pc14 = 0.0992879
      pc15 = -0.0345909
Constrained:
     Tecnw = 34726.6
       Tnw = 1627.48
       Tec = 944.502
     twoNb = 2.60527e+06
     twoNe = 8443.6
     twoNc = 275194
     twoNn = 174638
     twoNw = 3.47064e+06
    twoNec = 180940
    twoNnw = 112144
  twoNecnw = 29069.6
  twoNbecnw = 51193.1
        m3 = 0.242487
        m4 = 0.0277668
        m6 = 0.0213748
        Tc = 813.742
        Td = 406.871
        Tf = 203.436
#       SitePat  BranchLen
              b 118955.9119273
              e 44370.7840656
              c 45622.8398312
              n 41559.2865719
              w 44497.6029042
            b:e 1188.1774138
            b:c 1580.9025568
            b:n 1029.4847107
            b:w 1204.0212687
            e:c 10682.5026232
            e:n 4626.2058175
            e:w 3500.2351895
            c:n 4261.1326236
            c:w 3503.3467843
            n:w 11974.8144181
          b:e:c 1248.4904387
          b:e:n 598.5017614
          b:e:w 584.9453072
          b:c:n 586.1877731
          b:c:w 599.8889838
          b:n:w 1246.6166203
          e:c:n 5373.9430209
          e:c:w 4319.3831559
          e:n:w 6036.0293688
          c:n:w 5077.6714207
        b:e:c:n 1205.4084911
        b:e:c:w 1030.7271766
        b:e:n:w 1517.1422818
        b:c:n:w 1190.0512322
        e:c:n:w 47483.9818313
