########################################
# legofit: estimate population history #
#       version 2.3.4-4-g53f8760       #
########################################

# Program was compiled: Sep 21 2021 14:36:42
# Program was run: Wed Sep 22 14:54:05 2021

# cmd: legofit -1 -d 0 -t 32 --ptsPerDim 3 --stateOut b1boot11.state --tol 3e-6 -S 5000 cdf2.lgo ../../chrX/boot_chrX/boot11.opf
# Stage nOptItr nSimReps
#     0    5000        0
# algorithm          : deterministic
# ignoring probs <=  : 0
# Branch length floor: 0
# DE strategy        : 2
#    F               : 0.3
#    CR              : 0.8
#    tolerance       : 3e-06
# nthreads           : 32
# lgo input file     : cdf2.lgo
# site pat input file: ../../chrX/boot_chrX/boot11.opf
# free parameters    : 15
# points in DE swarm : 45
# output state file  : b1boot11.state
# Including singleton site patterns.
# cost function      : KL
Initial parameter values
Fixed:
      zero = 0
       one = 1
    Tbecnw = 75200
Free:
       pc1 = 0
       pc2 = 0
       pc3 = 0
       pc4 = 0
       pc5 = 0
       pc6 = 0
       pc7 = 0
       pc8 = 0
       pc9 = 0
      pc10 = 0
      pc11 = 0
      pc12 = 0
      pc13 = 0
      pc14 = 0
      pc15 = 0
Constrained:
     Tecnw = 34141.3
       Tnw = 5169.73
       Tec = 2685.38
     twoNb = 1.22757e+06
     twoNe = 7389.85
     twoNc = 247585
     twoNn = 206643
     twoNw = 1.50969e+06
    twoNec = 172604
    twoNnw = 92127.3
  twoNecnw = 30389.5
  twoNbecnw = 50355.5
        m3 = 0.245017
        m4 = 0.0232865
        m6 = 0.00616796
        Tc = 2584.86
        Td = 1292.43
        Tf = 646.216
DiffEv reached_goal. cost=2.68440e-03 spread=2.98868e-06
Fitted parameter values
Free:
       pc1 = -3.98515
       pc2 = -1.67466
       pc3 = -0.76453
       pc4 = 1.82309
       pc5 = 1.85577
       pc6 = -1.88397
       pc7 = -1.75835
       pc8 = 1.45116
       pc9 = 1.85088
      pc10 = 0.902798
      pc11 = -0.150013
      pc12 = 0.181987
      pc13 = 0.559702
      pc14 = -0.397937
      pc15 = 0.00237411
Constrained:
     Tecnw = 34971.6
       Tnw = 605.378
       Tec = 399.311
     twoNb = 2.63615e+06
     twoNe = 12184.9
     twoNc = 394681
     twoNn = 134670
     twoNw = 3.20978e+06
    twoNec = 176007
    twoNnw = 110219
  twoNecnw = 29449.6
  twoNbecnw = 51422.1
        m3 = 0.235459
        m4 = 0.0269474
        m6 = 0.0204602
        Tc = 302.689
        Td = 151.344
        Tf = 75.6722
#       SitePat  BranchLen
              b 119006.1546605
              e 44537.1080461
              c 45641.6311180
              n 41464.6450482
              w 44413.0031276
            b:e 1223.9040722
            b:c 1599.4572910
            b:n 1051.4365026
            b:w 1231.2056690
            e:c 11176.9178632
            e:n 4532.4391980
            e:w 3463.4984050
            c:n 4264.0629079
            c:w 3459.0602261
            n:w 12639.0357198
          b:e:c 1315.2246075
          b:e:n 601.2946960
          b:e:w 590.8950156
          b:c:n 592.1126818
          b:c:w 602.6533582
          b:n:w 1313.3434279
          e:c:n 5407.4189110
          e:c:w 4333.0043064
          e:n:w 6040.5237709
          c:n:w 5142.7849448
        b:e:c:n 1232.5643312
        b:e:c:w 1052.6541689
        b:e:n:w 1537.8845759
        b:c:n:w 1225.7852518
        e:c:n:w 47131.2383423
