########################################
# legofit: estimate population history #
#       version 2.3.4-4-g53f8760       #
########################################

# Program was compiled: Sep 21 2021 14:36:42
# Program was run: Wed Sep 22 14:54:36 2021

# cmd: legofit -1 -d 0 -t 32 --ptsPerDim 3 --stateOut b1boot44.state --tol 3e-6 -S 5000 cdf2.lgo ../../chrX/boot_chrX/boot44.opf
# Stage nOptItr nSimReps
#     0    5000        0
# algorithm          : deterministic
# ignoring probs <=  : 0
# Branch length floor: 0
# DE strategy        : 2
#    F               : 0.3
#    CR              : 0.8
#    tolerance       : 3e-06
# nthreads           : 32
# lgo input file     : cdf2.lgo
# site pat input file: ../../chrX/boot_chrX/boot44.opf
# free parameters    : 15
# points in DE swarm : 45
# output state file  : b1boot44.state
# Including singleton site patterns.
# cost function      : KL
Initial parameter values
Fixed:
      zero = 0
       one = 1
    Tbecnw = 75200
Free:
       pc1 = 0
       pc2 = 0
       pc3 = 0
       pc4 = 0
       pc5 = 0
       pc6 = 0
       pc7 = 0
       pc8 = 0
       pc9 = 0
      pc10 = 0
      pc11 = 0
      pc12 = 0
      pc13 = 0
      pc14 = 0
      pc15 = 0
Constrained:
     Tecnw = 34141.3
       Tnw = 5169.73
       Tec = 2685.38
     twoNb = 1.22757e+06
     twoNe = 7389.85
     twoNc = 247585
     twoNn = 206643
     twoNw = 1.50969e+06
    twoNec = 172604
    twoNnw = 92127.3
  twoNecnw = 30389.5
  twoNbecnw = 50355.5
        m3 = 0.245017
        m4 = 0.0232865
        m6 = 0.00616796
        Tc = 2584.86
        Td = 1292.43
        Tf = 646.216
DiffEv reached_goal. cost=2.67289e-03 spread=2.58410e-06
Fitted parameter values
Free:
       pc1 = -3.982
       pc2 = -1.76994
       pc3 = -1.29061
       pc4 = 1.8207
       pc5 = 1.73659
       pc6 = -1.96208
       pc7 = -1.26292
       pc8 = 0.0296814
       pc9 = 1.2408
      pc10 = -0.249527
      pc11 = -0.0131308
      pc12 = -0.370612
      pc13 = 0.202419
      pc14 = -0.157158
      pc15 = -0.00375027
Constrained:
     Tecnw = 34633.3
       Tnw = 1154.23
       Tec = 636.479
     twoNb = 2.5804e+06
     twoNe = 7920.39
     twoNc = 434350
     twoNn = 124164
     twoNw = 2.6627e+06
    twoNec = 180118
    twoNnw = 111561
  twoNecnw = 29740.1
  twoNbecnw = 50882.9
        m3 = 0.243486
        m4 = 0.0301863
        m6 = 0.0177366
        Tc = 577.115
        Td = 288.558
        Tf = 144.279
#       SitePat  BranchLen
              b 118461.0761878
              e 44516.2383278
              c 45830.9628301
              n 41616.0083917
              w 44553.7572542
            b:e 1213.9769310
            b:c 1637.6086189
            b:n 1050.3411989
            b:w 1228.3652345
            e:c 10898.0806998
            e:n 4611.8213463
            e:w 3548.2038255
            c:n 4308.6893900
            c:w 3498.2973982
            n:w 12272.4627073
          b:e:c 1284.9718944
          b:e:n 606.7847366
          b:e:w 596.8608242
          b:c:n 598.2595284
          b:c:w 608.3430348
          b:n:w 1282.8517387
          e:c:n 5416.2097091
          e:c:w 4352.4703592
          e:n:w 6154.6208006
          c:n:w 5117.8327232
        b:e:c:n 1229.9235328
        b:e:c:w 1051.7399031
        b:e:n:w 1567.5838185
        b:c:n:w 1216.0970867
        e:c:n:w 46585.2975607
