########################################
# legofit: estimate population history #
#       version 2.3.4-4-g53f8760       #
########################################

# Program was compiled: Sep 21 2021 14:36:42
# Program was run: Wed Sep 22 14:54:19 2021

# cmd: legofit -1 -d 0 -t 32 --ptsPerDim 3 --stateOut b1boot27.state --tol 3e-6 -S 5000 cdf2.lgo ../../chrX/boot_chrX/boot27.opf
# Stage nOptItr nSimReps
#     0    5000        0
# algorithm          : deterministic
# ignoring probs <=  : 0
# Branch length floor: 0
# DE strategy        : 2
#    F               : 0.3
#    CR              : 0.8
#    tolerance       : 3e-06
# nthreads           : 32
# lgo input file     : cdf2.lgo
# site pat input file: ../../chrX/boot_chrX/boot27.opf
# free parameters    : 15
# points in DE swarm : 45
# output state file  : b1boot27.state
# Including singleton site patterns.
# cost function      : KL
Initial parameter values
Fixed:
      zero = 0
       one = 1
    Tbecnw = 75200
Free:
       pc1 = 0
       pc2 = 0
       pc3 = 0
       pc4 = 0
       pc5 = 0
       pc6 = 0
       pc7 = 0
       pc8 = 0
       pc9 = 0
      pc10 = 0
      pc11 = 0
      pc12 = 0
      pc13 = 0
      pc14 = 0
      pc15 = 0
Constrained:
     Tecnw = 34141.3
       Tnw = 5169.73
       Tec = 2685.38
     twoNb = 1.22757e+06
     twoNe = 7389.85
     twoNc = 247585
     twoNn = 206643
     twoNw = 1.50969e+06
    twoNec = 172604
    twoNnw = 92127.3
  twoNecnw = 30389.5
  twoNbecnw = 50355.5
        m3 = 0.245017
        m4 = 0.0232865
        m6 = 0.00616796
        Tc = 2584.86
        Td = 1292.43
        Tf = 646.216
DiffEv reached_goal. cost=2.91467e-03 spread=2.29601e-06
Fitted parameter values
Free:
       pc1 = -3.99845
       pc2 = -0.714157
       pc3 = -1.79258
       pc4 = 0.8666
       pc5 = 1.91134
       pc6 = -1.96407
       pc7 = -1.91359
       pc8 = 1.883
       pc9 = 1.69162
      pc10 = -0.286889
      pc11 = -0.243672
      pc12 = 0.612077
      pc13 = 0.0313791
      pc14 = -0.237648
      pc15 = 0.0444831
Constrained:
     Tecnw = 35000
       Tnw = 581.158
       Tec = 310.342
     twoNb = 2.37039e+06
     twoNe = 10428.8
     twoNc = 615996
     twoNn = 177521
     twoNw = 3.08239e+06
    twoNec = 182813
    twoNnw = 114032
  twoNecnw = 30221.3
  twoNbecnw = 51600.3
        m3 = 0.220945
        m4 = 0.02788
        m6 = 0.019454
        Tc = 290.579
        Td = 145.29
        Tf = 72.6448
#       SitePat  BranchLen
              b 118855.5261432
              e 45174.8197451
              c 46249.7742724
              n 42085.6372595
              w 44753.0356161
            b:e 1281.6237127
            b:c 1671.7460063
            b:n 1103.3319243
            b:w 1271.1138643
            e:c 11237.9209127
            e:n 4504.0478092
            e:w 3572.7882793
            c:n 4300.0861219
            c:w 3536.3277731
            n:w 12784.2049078
          b:e:c 1366.4272226
          b:e:n 627.4068473
          b:e:w 620.0790664
          b:c:n 621.5487410
          b:c:w 629.0258503
          b:n:w 1364.1709662
          e:c:n 5409.5611262
          e:c:w 4437.1806484
          e:n:w 6163.4231042
          c:n:w 5252.7812963
        b:e:c:n 1272.7328673
        b:e:c:w 1104.8015989
        b:e:n:w 1600.9814662
        b:c:n:w 1283.8799691
        e:c:n:w 46300.6018395
