########################################
# legofit: estimate population history #
#       version 2.3.4-4-g53f8760       #
########################################

# Program was compiled: Sep 21 2021 14:36:42
# Program was run: Wed Sep 22 14:54:05 2021

# cmd: legofit -1 -d 0 -t 32 --ptsPerDim 3 --stateOut b1boot10.state --tol 3e-6 -S 5000 cdf2.lgo ../../chrX/boot_chrX/boot10.opf
# Stage nOptItr nSimReps
#     0    5000        0
# algorithm          : deterministic
# ignoring probs <=  : 0
# Branch length floor: 0
# DE strategy        : 2
#    F               : 0.3
#    CR              : 0.8
#    tolerance       : 3e-06
# nthreads           : 32
# lgo input file     : cdf2.lgo
# site pat input file: ../../chrX/boot_chrX/boot10.opf
# free parameters    : 15
# points in DE swarm : 45
# output state file  : b1boot10.state
# Including singleton site patterns.
# cost function      : KL
Initial parameter values
Fixed:
      zero = 0
       one = 1
    Tbecnw = 75200
Free:
       pc1 = 0
       pc2 = 0
       pc3 = 0
       pc4 = 0
       pc5 = 0
       pc6 = 0
       pc7 = 0
       pc8 = 0
       pc9 = 0
      pc10 = 0
      pc11 = 0
      pc12 = 0
      pc13 = 0
      pc14 = 0
      pc15 = 0
Constrained:
     Tecnw = 34141.3
       Tnw = 5169.73
       Tec = 2685.38
     twoNb = 1.22757e+06
     twoNe = 7389.85
     twoNc = 247585
     twoNn = 206643
     twoNw = 1.50969e+06
    twoNec = 172604
    twoNnw = 92127.3
  twoNecnw = 30389.5
  twoNbecnw = 50355.5
        m3 = 0.245017
        m4 = 0.0232865
        m6 = 0.00616796
        Tc = 2584.86
        Td = 1292.43
        Tf = 646.216
DiffEv reached_goal. cost=2.50567e-03 spread=2.85809e-06
Fitted parameter values
Free:
       pc1 = -3.9577
       pc2 = 0.0708505
       pc3 = -1.61036
       pc4 = 1.84926
       pc5 = 1.87668
       pc6 = -1.98419
       pc7 = -1.35687
       pc8 = 0.785707
       pc9 = 1.21687
      pc10 = -0.319275
      pc11 = -0.0420851
      pc12 = 0.0549992
      pc13 = 0.694869
      pc14 = 0.161166
      pc15 = 0.0368819
Constrained:
     Tecnw = 34498.9
       Tnw = 29.9249
       Tec = 27.9638
     twoNb = 2.36744e+06
     twoNe = 9975.73
     twoNc = 343736
     twoNn = 103226
     twoNw = 2.94148e+06
    twoNec = 182691
    twoNnw = 124124
  twoNecnw = 30180.7
  twoNbecnw = 51252.1
        m3 = 0.230809
        m4 = 0.0285579
        m6 = 0.0139862
        Tc = 14.9624
        Td = 7.48122
        Tf = 3.74061
#       SitePat  BranchLen
              b 118658.3745834
              e 44542.7328031
              c 45766.6857416
              n 42068.5784110
              w 44843.8795204
            b:e 1234.2436396
            b:c 1643.1325229
            b:n 1096.1692142
            b:w 1267.2212527
            e:c 11075.3883331
            e:n 4589.6371383
            e:w 3638.2752412
            c:n 4364.5276195
            c:w 3550.8836230
            n:w 12190.8910396
          b:e:c 1308.3713644
          b:e:n 623.6569414
          b:e:w 617.7376827
          b:c:n 619.2477455
          b:c:w 625.3229273
          b:n:w 1306.1331283
          e:c:n 5506.9911396
          e:c:w 4496.6959237
          e:n:w 6118.9344431
          c:n:w 5129.0952311
        b:e:c:n 1268.8872386
        b:e:c:w 1097.6792770
        b:e:n:w 1570.1593971
        b:c:n:w 1236.4818757
        e:c:n:w 46483.4282280
