########################################
# legofit: estimate population history #
#       version 2.3.4-4-g53f8760       #
########################################

# Program was compiled: Sep 21 2021 14:36:42
# Program was run: Wed Sep 22 14:54:14 2021

# cmd: legofit -1 -d 0 -t 32 --ptsPerDim 3 --stateOut b1boot21.state --tol 3e-6 -S 5000 cdf2.lgo ../../chrX/boot_chrX/boot21.opf
# Stage nOptItr nSimReps
#     0    5000        0
# algorithm          : deterministic
# ignoring probs <=  : 0
# Branch length floor: 0
# DE strategy        : 2
#    F               : 0.3
#    CR              : 0.8
#    tolerance       : 3e-06
# nthreads           : 32
# lgo input file     : cdf2.lgo
# site pat input file: ../../chrX/boot_chrX/boot21.opf
# free parameters    : 15
# points in DE swarm : 45
# output state file  : b1boot21.state
# Including singleton site patterns.
# cost function      : KL
Initial parameter values
Fixed:
      zero = 0
       one = 1
    Tbecnw = 75200
Free:
       pc1 = 0
       pc2 = 0
       pc3 = 0
       pc4 = 0
       pc5 = 0
       pc6 = 0
       pc7 = 0
       pc8 = 0
       pc9 = 0
      pc10 = 0
      pc11 = 0
      pc12 = 0
      pc13 = 0
      pc14 = 0
      pc15 = 0
Constrained:
     Tecnw = 34141.3
       Tnw = 5169.73
       Tec = 2685.38
     twoNb = 1.22757e+06
     twoNe = 7389.85
     twoNc = 247585
     twoNn = 206643
     twoNw = 1.50969e+06
    twoNec = 172604
    twoNnw = 92127.3
  twoNecnw = 30389.5
  twoNbecnw = 50355.5
        m3 = 0.245017
        m4 = 0.0232865
        m6 = 0.00616796
        Tc = 2584.86
        Td = 1292.43
        Tf = 646.216
DiffEv reached_goal. cost=2.69906e-03 spread=2.85285e-06
Fitted parameter values
Free:
       pc1 = -3.96
       pc2 = -1.92141
       pc3 = -0.924383
       pc4 = 1.9902
       pc5 = 1.41234
       pc6 = -1.8717
       pc7 = -1.50518
       pc8 = 0.650739
       pc9 = 0.360668
      pc10 = 1.62962
      pc11 = -0.633798
      pc12 = -0.622563
      pc13 = -0.0322626
      pc14 = -0.134183
      pc15 = 0.00461245
Constrained:
     Tecnw = 34944.7
       Tnw = 1080.82
       Tec = 607.373
     twoNb = 2.67742e+06
     twoNe = 9234.39
     twoNc = 55588.6
     twoNn = 272949
     twoNw = 2.65842e+06
    twoNec = 180971
    twoNnw = 108893
  twoNecnw = 29523.3
  twoNbecnw = 50317.6
        m3 = 0.244041
        m4 = 0.0268906
        m6 = 0.022251
        Tc = 540.411
        Td = 270.206
        Tf = 135.103
#       SitePat  BranchLen
              b 118038.9121125
              e 44682.3725751
              c 45741.5952241
              n 41533.4146470
              w 44473.3638448
            b:e 1207.2904226
            b:c 1571.0104709
            b:n 1031.2168212
            b:w 1207.6873173
            e:c 10911.3653830
            e:n 4551.0901557
            e:w 3477.2963923
            c:n 4289.3049700
            c:w 3484.6883835
            n:w 12408.2666370
          b:e:c 1277.3689720
          b:e:n 596.1093671
          b:e:w 585.5322017
          b:c:n 586.7061864
          b:c:w 597.4191744
          b:n:w 1275.5660728
          e:c:n 5351.7671027
          e:c:w 4290.2282548
          e:n:w 5998.9286609
          c:n:w 5130.2763512
        b:e:c:n 1208.9971246
        b:e:c:w 1032.3908058
        b:e:n:w 1511.4743068
        b:c:n:w 1209.0933218
        e:c:n:w 46254.5629528
