########################################
# legofit: estimate population history #
#       version 2.3.4-4-g53f8760       #
########################################

# Program was compiled: Sep 21 2021 14:36:42
# Program was run: Wed Sep 22 14:54:14 2021

# cmd: legofit -1 -d 0 -t 32 --ptsPerDim 3 --stateOut b1boot20.state --tol 3e-6 -S 5000 cdf2.lgo ../../chrX/boot_chrX/boot20.opf
# Stage nOptItr nSimReps
#     0    5000        0
# algorithm          : deterministic
# ignoring probs <=  : 0
# Branch length floor: 0
# DE strategy        : 2
#    F               : 0.3
#    CR              : 0.8
#    tolerance       : 3e-06
# nthreads           : 32
# lgo input file     : cdf2.lgo
# site pat input file: ../../chrX/boot_chrX/boot20.opf
# free parameters    : 15
# points in DE swarm : 45
# output state file  : b1boot20.state
# Including singleton site patterns.
# cost function      : KL
Initial parameter values
Fixed:
      zero = 0
       one = 1
    Tbecnw = 75200
Free:
       pc1 = 0
       pc2 = 0
       pc3 = 0
       pc4 = 0
       pc5 = 0
       pc6 = 0
       pc7 = 0
       pc8 = 0
       pc9 = 0
      pc10 = 0
      pc11 = 0
      pc12 = 0
      pc13 = 0
      pc14 = 0
      pc15 = 0
Constrained:
     Tecnw = 34141.3
       Tnw = 5169.73
       Tec = 2685.38
     twoNb = 1.22757e+06
     twoNe = 7389.85
     twoNc = 247585
     twoNn = 206643
     twoNw = 1.50969e+06
    twoNec = 172604
    twoNnw = 92127.3
  twoNecnw = 30389.5
  twoNbecnw = 50355.5
        m3 = 0.245017
        m4 = 0.0232865
        m6 = 0.00616796
        Tc = 2584.86
        Td = 1292.43
        Tf = 646.216
DiffEv reached_goal. cost=2.73029e-03 spread=2.30186e-06
Fitted parameter values
Free:
       pc1 = -3.94278
       pc2 = -1.82144
       pc3 = -1.839
       pc4 = 1.89598
       pc5 = 1.89021
       pc6 = -1.37468
       pc7 = -1.78265
       pc8 = 0.257259
       pc9 = 0.971635
      pc10 = 0.810872
      pc11 = -0.166112
      pc12 = -0.637979
      pc13 = -0.177135
      pc14 = -0.0705011
      pc15 = -0.00824496
Constrained:
     Tecnw = 34666.8
       Tnw = 1223.12
       Tec = 682.22
     twoNb = 2.61392e+06
     twoNe = 7994.32
     twoNc = 331318
     twoNn = 240583
     twoNw = 3.74193e+06
    twoNec = 183956
    twoNnw = 110270
  twoNecnw = 29682.3
  twoNbecnw = 50355
        m3 = 0.241109
        m4 = 0.0287221
        m6 = 0.0214404
        Tc = 611.558
        Td = 305.779
        Tf = 152.889
#       SitePat  BranchLen
              b 118043.2499152
              e 44646.4888465
              c 45834.2924198
              n 41553.0503445
              w 44405.1902619
            b:e 1208.3102873
            b:c 1601.7741712
            b:n 1034.8727744
            b:w 1205.5941570
            e:c 10771.8863746
            e:n 4582.4336211
            e:w 3527.5392392
            c:n 4287.8248390
            c:w 3515.6182276
            n:w 12278.8079107
          b:e:c 1268.1289279
          b:e:n 600.6484528
          b:e:w 589.7191591
          b:c:n 591.0099120
          b:c:w 602.0835288
          b:n:w 1266.1629366
          e:c:n 5340.4934368
          e:c:w 4315.4545126
          e:n:w 6092.8058254
          c:n:w 5141.6858787
        b:e:c:n 1207.0292330
        b:e:c:w 1036.1635273
        b:e:n:w 1536.6198243
        b:c:n:w 1210.2762786
        e:c:n:w 46277.9218176
