########################################
# legofit: estimate population history #
#       version 2.3.4-4-g53f8760       #
########################################

# Program was compiled: Sep 21 2021 14:36:42
# Program was run: Wed Sep 22 14:54:27 2021

# cmd: legofit -1 -d 0 -t 32 --ptsPerDim 3 --stateOut b1boot36.state --tol 3e-6 -S 5000 cdf2.lgo ../../chrX/boot_chrX/boot36.opf
# Stage nOptItr nSimReps
#     0    5000        0
# algorithm          : deterministic
# ignoring probs <=  : 0
# Branch length floor: 0
# DE strategy        : 2
#    F               : 0.3
#    CR              : 0.8
#    tolerance       : 3e-06
# nthreads           : 32
# lgo input file     : cdf2.lgo
# site pat input file: ../../chrX/boot_chrX/boot36.opf
# free parameters    : 15
# points in DE swarm : 45
# output state file  : b1boot36.state
# Including singleton site patterns.
# cost function      : KL
Initial parameter values
Fixed:
      zero = 0
       one = 1
    Tbecnw = 75200
Free:
       pc1 = 0
       pc2 = 0
       pc3 = 0
       pc4 = 0
       pc5 = 0
       pc6 = 0
       pc7 = 0
       pc8 = 0
       pc9 = 0
      pc10 = 0
      pc11 = 0
      pc12 = 0
      pc13 = 0
      pc14 = 0
      pc15 = 0
Constrained:
     Tecnw = 34141.3
       Tnw = 5169.73
       Tec = 2685.38
     twoNb = 1.22757e+06
     twoNe = 7389.85
     twoNc = 247585
     twoNn = 206643
     twoNw = 1.50969e+06
    twoNec = 172604
    twoNnw = 92127.3
  twoNecnw = 30389.5
  twoNbecnw = 50355.5
        m3 = 0.245017
        m4 = 0.0232865
        m6 = 0.00616796
        Tc = 2584.86
        Td = 1292.43
        Tf = 646.216
DiffEv reached_goal. cost=2.73923e-03 spread=2.89310e-06
Fitted parameter values
Free:
       pc1 = -3.9721
       pc2 = -1.9363
       pc3 = -1.02391
       pc4 = 1.85104
       pc5 = 1.42142
       pc6 = -1.98237
       pc7 = -1.36928
       pc8 = 0.788483
       pc9 = 0.728306
      pc10 = 0.752668
      pc11 = 0.0969368
      pc12 = -0.717137
      pc13 = 0.179702
      pc14 = 0.00887579
      pc15 = 0.0059332
Constrained:
     Tecnw = 34656.3
       Tnw = 1416.07
       Tec = 772.678
     twoNb = 2.59534e+06
     twoNe = 9546.8
     twoNc = 239172
     twoNn = 218976
     twoNw = 2.362e+06
    twoNec = 181239
    twoNnw = 111855
  twoNecnw = 29533.9
  twoNbecnw = 50780.6
        m3 = 0.242588
        m4 = 0.0281837
        m6 = 0.0225768
        Tc = 708.034
        Td = 354.017
        Tf = 177.009
#       SitePat  BranchLen
              b 118462.4857550
              e 44541.6907646
              c 45679.9087322
              n 41650.7971709
              w 44516.9622459
            b:e 1205.2466276
            b:c 1593.4477481
            b:n 1041.6490977
            b:w 1214.4341174
            e:c 10780.7980985
            e:n 4579.5528869
            e:w 3534.9742676
            c:n 4311.4717945
            c:w 3527.1591948
            n:w 12115.1807389
          b:e:c 1265.3652059
          b:e:n 602.8081776
          b:e:w 592.4823981
          b:c:n 593.7630621
          b:c:w 604.2323451
          b:n:w 1263.4305109
          e:c:n 5382.8370724
          e:c:w 4345.5632165
          e:n:w 6057.1100827
          c:n:w 5125.5766429
        b:e:c:n 1215.8582849
        b:e:c:w 1042.9297618
        b:e:n:w 1528.8756372
        b:c:n:w 1207.1813227
        e:c:n:w 46758.0975697
