########################################
# legofit: estimate population history #
#       version 2.3.4-4-g53f8760       #
########################################

# Program was compiled: Sep 21 2021 14:36:42
# Program was run: Wed Sep 22 14:54:27 2021

# cmd: legofit -1 -d 0 -t 32 --ptsPerDim 3 --stateOut b1boot34.state --tol 3e-6 -S 5000 cdf2.lgo ../../chrX/boot_chrX/boot34.opf
# Stage nOptItr nSimReps
#     0    5000        0
# algorithm          : deterministic
# ignoring probs <=  : 0
# Branch length floor: 0
# DE strategy        : 2
#    F               : 0.3
#    CR              : 0.8
#    tolerance       : 3e-06
# nthreads           : 32
# lgo input file     : cdf2.lgo
# site pat input file: ../../chrX/boot_chrX/boot34.opf
# free parameters    : 15
# points in DE swarm : 45
# output state file  : b1boot34.state
# Including singleton site patterns.
# cost function      : KL
Initial parameter values
Fixed:
      zero = 0
       one = 1
    Tbecnw = 75200
Free:
       pc1 = 0
       pc2 = 0
       pc3 = 0
       pc4 = 0
       pc5 = 0
       pc6 = 0
       pc7 = 0
       pc8 = 0
       pc9 = 0
      pc10 = 0
      pc11 = 0
      pc12 = 0
      pc13 = 0
      pc14 = 0
      pc15 = 0
Constrained:
     Tecnw = 34141.3
       Tnw = 5169.73
       Tec = 2685.38
     twoNb = 1.22757e+06
     twoNe = 7389.85
     twoNc = 247585
     twoNn = 206643
     twoNw = 1.50969e+06
    twoNec = 172604
    twoNnw = 92127.3
  twoNecnw = 30389.5
  twoNbecnw = 50355.5
        m3 = 0.245017
        m4 = 0.0232865
        m6 = 0.00616796
        Tc = 2584.86
        Td = 1292.43
        Tf = 646.216
DiffEv reached_goal. cost=2.51158e-03 spread=2.72793e-06
Fitted parameter values
Free:
       pc1 = -3.98656
       pc2 = 0.101009
       pc3 = -1.86822
       pc4 = 1.8578
       pc5 = 0.614346
       pc6 = -1.86143
       pc7 = -0.33903
       pc8 = -1.5138
       pc9 = 1.61644
      pc10 = 0.766411
      pc11 = 0.307332
      pc12 = 0.535622
      pc13 = 0.336042
      pc14 = 0.101762
      pc15 = -0.0104841
Constrained:
     Tecnw = 34363.2
       Tnw = 154.817
       Tec = 125.221
     twoNb = 2.3304e+06
     twoNe = 4455.15
     twoNc = 342430
     twoNn = 107511
     twoNw = 2.52778e+06
    twoNec = 182970
    twoNnw = 121144
  twoNecnw = 29197.8
  twoNbecnw = 49999.1
        m3 = 0.230925
        m4 = 0.028623
        m6 = 0.00390865
        Tc = 77.4085
        Td = 38.7043
        Tf = 19.3521
#       SitePat  BranchLen
              b 117935.3393409
              e 43890.9647441
              c 45376.3868308
              n 41431.9513606
              w 44261.7326206
            b:e 1141.0763843
            b:c 1565.0920819
            b:n 1011.9002638
            b:w 1175.1339981
            e:c 10825.3683746
            e:n 4521.6810876
            e:w 3506.6250875
            c:n 4178.7034958
            c:w 3374.3154060
            n:w 12009.4559486
          b:e:c 1220.7160373
          b:e:n 577.0130663
          b:e:w 569.7971520
          b:c:n 571.2297060
          b:c:w 578.5999978
          b:n:w 1218.5788815
          e:c:n 5344.0528888
          e:c:w 4333.7157186
          e:n:w 6026.1305118
          c:n:w 4936.5631198
        b:e:c:n 1176.7209296
        b:e:c:w 1013.3328179
        b:e:n:w 1490.8161448
        b:c:n:w 1143.2135401
        e:c:n:w 46750.5493973
