########################################
# legofit: estimate population history #
#       version 2.3.4-4-g53f8760       #
########################################

# Program was compiled: Sep 21 2021 14:36:42
# Program was run: Wed Sep 22 14:54:31 2021

# cmd: legofit -1 -d 0 -t 32 --ptsPerDim 3 --stateOut b1boot40.state --tol 3e-6 -S 5000 cdf2.lgo ../../chrX/boot_chrX/boot40.opf
# Stage nOptItr nSimReps
#     0    5000        0
# algorithm          : deterministic
# ignoring probs <=  : 0
# Branch length floor: 0
# DE strategy        : 2
#    F               : 0.3
#    CR              : 0.8
#    tolerance       : 3e-06
# nthreads           : 32
# lgo input file     : cdf2.lgo
# site pat input file: ../../chrX/boot_chrX/boot40.opf
# free parameters    : 15
# points in DE swarm : 45
# output state file  : b1boot40.state
# Including singleton site patterns.
# cost function      : KL
Initial parameter values
Fixed:
      zero = 0
       one = 1
    Tbecnw = 75200
Free:
       pc1 = 0
       pc2 = 0
       pc3 = 0
       pc4 = 0
       pc5 = 0
       pc6 = 0
       pc7 = 0
       pc8 = 0
       pc9 = 0
      pc10 = 0
      pc11 = 0
      pc12 = 0
      pc13 = 0
      pc14 = 0
      pc15 = 0
Constrained:
     Tecnw = 34141.3
       Tnw = 5169.73
       Tec = 2685.38
     twoNb = 1.22757e+06
     twoNe = 7389.85
     twoNc = 247585
     twoNn = 206643
     twoNw = 1.50969e+06
    twoNec = 172604
    twoNnw = 92127.3
  twoNecnw = 30389.5
  twoNbecnw = 50355.5
        m3 = 0.245017
        m4 = 0.0232865
        m6 = 0.00616796
        Tc = 2584.86
        Td = 1292.43
        Tf = 646.216
DiffEv reached_goal. cost=2.59057e-03 spread=2.62080e-06
Fitted parameter values
Free:
       pc1 = -3.96982
       pc2 = -1.62243
       pc3 = -1.90207
       pc4 = 1.86473
       pc5 = 1.86615
       pc6 = -1.90761
       pc7 = -1.88105
       pc8 = 1.1159
       pc9 = 1.05632
      pc10 = 0.960186
      pc11 = 0.0606855
      pc12 = -0.853589
      pc13 = -0.105711
      pc14 = -0.154439
      pc15 = -0.0107947
Constrained:
     Tecnw = 34578.7
       Tnw = 989.402
       Tec = 581.009
     twoNb = 2.71907e+06
     twoNe = 9350.93
     twoNc = 296064
     twoNn = 231139
     twoNw = 3.38923e+06
    twoNec = 185939
    twoNnw = 110970
  twoNecnw = 29728.1
  twoNbecnw = 50750.1
        m3 = 0.234174
        m4 = 0.0278356
        m6 = 0.0243679
        Tc = 494.701
        Td = 247.351
        Tf = 123.675
#       SitePat  BranchLen
              b 118398.5892131
              e 44696.9671892
              c 45801.3781133
              n 41499.2132778
              w 44244.5809793
            b:e 1222.4084351
            b:c 1600.1327366
            b:n 1042.5978224
            b:w 1207.6350248
            e:c 10769.8381174
            e:n 4563.3340628
            e:w 3537.8022267
            c:n 4283.9134227
            c:w 3550.3144498
            n:w 12361.0580346
          b:e:c 1277.7605260
          b:e:n 604.8811694
          b:e:w 593.5075336
          b:c:n 594.7164955
          b:c:w 606.2204859
          b:n:w 1275.9144486
          e:c:n 5323.5261607
          e:c:w 4337.2892682
          e:n:w 6100.4863953
          c:n:w 5197.7120664
        b:e:c:n 1208.9743414
        b:e:c:w 1043.8067843
        b:e:n:w 1539.2552708
        b:c:n:w 1224.2545125
        e:c:n:w 46620.8173192
