########################################
# legofit: estimate population history #
#       version 2.3.4-4-g53f8760       #
########################################

# Program was compiled: Sep 21 2021 14:36:42
# Program was run: Wed Sep 22 14:54:28 2021

# cmd: legofit -1 -d 0 -t 32 --ptsPerDim 3 --stateOut b1boot37.state --tol 3e-6 -S 5000 cdf2.lgo ../../chrX/boot_chrX/boot37.opf
# Stage nOptItr nSimReps
#     0    5000        0
# algorithm          : deterministic
# ignoring probs <=  : 0
# Branch length floor: 0
# DE strategy        : 2
#    F               : 0.3
#    CR              : 0.8
#    tolerance       : 3e-06
# nthreads           : 32
# lgo input file     : cdf2.lgo
# site pat input file: ../../chrX/boot_chrX/boot37.opf
# free parameters    : 15
# points in DE swarm : 45
# output state file  : b1boot37.state
# Including singleton site patterns.
# cost function      : KL
Initial parameter values
Fixed:
      zero = 0
       one = 1
    Tbecnw = 75200
Free:
       pc1 = 0
       pc2 = 0
       pc3 = 0
       pc4 = 0
       pc5 = 0
       pc6 = 0
       pc7 = 0
       pc8 = 0
       pc9 = 0
      pc10 = 0
      pc11 = 0
      pc12 = 0
      pc13 = 0
      pc14 = 0
      pc15 = 0
Constrained:
     Tecnw = 34141.3
       Tnw = 5169.73
       Tec = 2685.38
     twoNb = 1.22757e+06
     twoNe = 7389.85
     twoNc = 247585
     twoNn = 206643
     twoNw = 1.50969e+06
    twoNec = 172604
    twoNnw = 92127.3
  twoNecnw = 30389.5
  twoNbecnw = 50355.5
        m3 = 0.245017
        m4 = 0.0232865
        m6 = 0.00616796
        Tc = 2584.86
        Td = 1292.43
        Tf = 646.216
DiffEv reached_goal. cost=2.47196e-03 spread=2.85787e-06
Fitted parameter values
Free:
       pc1 = -3.94554
       pc2 = -1.46632
       pc3 = -0.889894
       pc4 = 1.95167
       pc5 = 1.95214
       pc6 = -1.96862
       pc7 = -1.90475
       pc8 = 1.12039
       pc9 = 1.84885
      pc10 = 0.29022
      pc11 = -0.576059
      pc12 = -0.511604
      pc13 = 0.270818
      pc14 = 0.241487
      pc15 = -0.00279655
Constrained:
     Tecnw = 34914.5
       Tnw = 1256.53
       Tec = 750.012
     twoNb = 2.70903e+06
     twoNe = 10755.7
     twoNc = 408885
     twoNn = 30856.3
     twoNw = 3.24221e+06
    twoNec = 181431
    twoNnw = 116815
  twoNecnw = 29843.2
  twoNbecnw = 51222.1
        m3 = 0.240949
        m4 = 0.0274521
        m6 = 0.020763
        Tc = 628.266
        Td = 314.133
        Tf = 157.067
#       SitePat  BranchLen
              b 118682.4239205
              e 44794.7721339
              c 45978.4871341
              n 42114.2668410
              w 45063.6606888
            b:e 1236.3159660
            b:c 1616.6706638
            b:n 1081.9382273
            b:w 1262.7659514
            e:c 10912.0937057
            e:n 4679.2200086
            e:w 3581.8476928
            c:n 4358.6268489
            c:w 3572.3718605
            n:w 12097.8733925
          b:e:c 1301.0989794
          b:e:n 625.1294810
          b:e:w 613.0831219
          b:c:n 614.3263594
          b:c:w 626.5141848
          b:n:w 1299.2392404
          e:c:n 5487.7434347
          e:c:w 4421.9768913
          e:n:w 6058.6807140
          c:n:w 5139.9233412
        b:e:c:n 1264.1506551
        b:e:c:w 1083.1814648
        b:e:n:w 1556.0469795
        b:c:n:w 1238.1757050
        e:c:n:w 46485.7196716
