########################################
# legofit: estimate population history #
#       version 2.3.4-4-g53f8760       #
########################################

# Program was compiled: Sep 21 2021 14:36:42
# Program was run: Wed Sep 22 14:54:00 2021

# cmd: legofit -1 -d 0 -t 32 --ptsPerDim 3 --stateOut b1boot8.state --tol 3e-6 -S 5000 cdf2.lgo ../../chrX/boot_chrX/boot8.opf
# Stage nOptItr nSimReps
#     0    5000        0
# algorithm          : deterministic
# ignoring probs <=  : 0
# Branch length floor: 0
# DE strategy        : 2
#    F               : 0.3
#    CR              : 0.8
#    tolerance       : 3e-06
# nthreads           : 32
# lgo input file     : cdf2.lgo
# site pat input file: ../../chrX/boot_chrX/boot8.opf
# free parameters    : 15
# points in DE swarm : 45
# output state file  : b1boot8.state
# Including singleton site patterns.
# cost function      : KL
Initial parameter values
Fixed:
      zero = 0
       one = 1
    Tbecnw = 75200
Free:
       pc1 = 0
       pc2 = 0
       pc3 = 0
       pc4 = 0
       pc5 = 0
       pc6 = 0
       pc7 = 0
       pc8 = 0
       pc9 = 0
      pc10 = 0
      pc11 = 0
      pc12 = 0
      pc13 = 0
      pc14 = 0
      pc15 = 0
Constrained:
     Tecnw = 34141.3
       Tnw = 5169.73
       Tec = 2685.38
     twoNb = 1.22757e+06
     twoNe = 7389.85
     twoNc = 247585
     twoNn = 206643
     twoNw = 1.50969e+06
    twoNec = 172604
    twoNnw = 92127.3
  twoNecnw = 30389.5
  twoNbecnw = 50355.5
        m3 = 0.245017
        m4 = 0.0232865
        m6 = 0.00616796
        Tc = 2584.86
        Td = 1292.43
        Tf = 646.216
DiffEv reached_goal. cost=2.66883e-03 spread=2.90041e-06
Fitted parameter values
Free:
       pc1 = -3.98531
       pc2 = -1.14644
       pc3 = 0.399292
       pc4 = 1.4221
       pc5 = 1.90437
       pc6 = -1.54843
       pc7 = -0.683502
       pc8 = 1.88232
       pc9 = 1.86512
      pc10 = -1.44252
      pc11 = 0.177247
      pc12 = 0.273055
      pc13 = 0.125942
      pc14 = -0.308582
      pc15 = 0.0325962
Constrained:
     Tecnw = 34949.1
       Tnw = 1428.34
       Tec = 806.474
     twoNb = 2.19551e+06
     twoNe = 15828.5
     twoNc = 674166
     twoNn = 50953.1
     twoNw = 1.67156e+06
    twoNec = 183241
    twoNnw = 109980
  twoNecnw = 29991.9
  twoNbecnw = 52255.5
        m3 = 0.244761
        m4 = 0.029089
        m6 = 0.0152848
        Tc = 714.168
        Td = 357.084
        Tf = 178.542
#       SitePat  BranchLen
              b 119471.9703343
              e 45056.8647065
              c 46327.7020281
              n 42018.1081482
              w 44958.0397415
            b:e 1277.9068738
            b:c 1705.0816826
            b:n 1099.2334919
            b:w 1284.7970701
            e:c 11019.8557041
            e:n 4644.0680904
            e:w 3599.1591697
            c:n 4362.3038746
            c:w 3536.6562287
            n:w 12487.0769756
          b:e:c 1352.0466012
          b:e:n 634.9661668
          b:e:w 625.9556320
          b:c:n 627.6134133
          b:c:w 636.8109196
          b:n:w 1349.5218333
          e:c:n 5486.1933637
          e:c:w 4416.8183371
          e:n:w 6238.0734546
          c:n:w 5225.2089189
        b:e:c:n 1286.6418229
        b:e:c:w 1100.8912732
        b:e:n:w 1624.8146135
        b:c:n:w 1280.4316416
        e:c:n:w 46994.4275605
