########################################
# legofit: estimate population history #
#       version 2.3.4-4-g53f8760       #
########################################

# Program was compiled: Sep 21 2021 14:36:42
# Program was run: Wed Sep 22 14:54:27 2021

# cmd: legofit -1 -d 0 -t 32 --ptsPerDim 3 --stateOut b1boot35.state --tol 3e-6 -S 5000 cdf2.lgo ../../chrX/boot_chrX/boot35.opf
# Stage nOptItr nSimReps
#     0    5000        0
# algorithm          : deterministic
# ignoring probs <=  : 0
# Branch length floor: 0
# DE strategy        : 2
#    F               : 0.3
#    CR              : 0.8
#    tolerance       : 3e-06
# nthreads           : 32
# lgo input file     : cdf2.lgo
# site pat input file: ../../chrX/boot_chrX/boot35.opf
# free parameters    : 15
# points in DE swarm : 45
# output state file  : b1boot35.state
# Including singleton site patterns.
# cost function      : KL
Initial parameter values
Fixed:
      zero = 0
       one = 1
    Tbecnw = 75200
Free:
       pc1 = 0
       pc2 = 0
       pc3 = 0
       pc4 = 0
       pc5 = 0
       pc6 = 0
       pc7 = 0
       pc8 = 0
       pc9 = 0
      pc10 = 0
      pc11 = 0
      pc12 = 0
      pc13 = 0
      pc14 = 0
      pc15 = 0
Constrained:
     Tecnw = 34141.3
       Tnw = 5169.73
       Tec = 2685.38
     twoNb = 1.22757e+06
     twoNe = 7389.85
     twoNc = 247585
     twoNn = 206643
     twoNw = 1.50969e+06
    twoNec = 172604
    twoNnw = 92127.3
  twoNecnw = 30389.5
  twoNbecnw = 50355.5
        m3 = 0.245017
        m4 = 0.0232865
        m6 = 0.00616796
        Tc = 2584.86
        Td = 1292.43
        Tf = 646.216
DiffEv reached_goal. cost=2.81374e-03 spread=2.80767e-06
Fitted parameter values
Free:
       pc1 = -3.958
       pc2 = -1.9076
       pc3 = -0.401284
       pc4 = 1.97813
       pc5 = 1.31868
       pc6 = -1.91613
       pc7 = -1.90113
       pc8 = 0.489999
       pc9 = 1.19136
      pc10 = 1.3697
      pc11 = 0.151532
      pc12 = -0.151798
      pc13 = -0.0750521
      pc14 = 0.258381
      pc15 = -0.0354975
Constrained:
     Tecnw = 34994.3
       Tnw = 1882.51
       Tec = 1109.83
     twoNb = 2.52469e+06
     twoNe = 9491.07
     twoNc = 154639
     twoNn = 124222
     twoNw = 2.93398e+06
    twoNec = 180901
    twoNnw = 112601
  twoNecnw = 29090.7
  twoNbecnw = 50811.4
        m3 = 0.241069
        m4 = 0.0275678
        m6 = 0.0211823
        Tc = 941.253
        Td = 470.626
        Tf = 235.313
#       SitePat  BranchLen
              b 118560.7392524
              e 44583.1546589
              c 45838.7202294
              n 41813.7940330
              w 44770.4749098
            b:e 1189.9303242
            b:c 1578.5786476
            b:n 1032.8001276
            b:w 1208.3001471
            e:c 10695.5072344
            e:n 4638.0627384
            e:w 3490.7841526
            c:n 4250.0535470
            c:w 3498.2192760
            n:w 11958.4285648
          b:e:c 1252.2084883
          b:e:n 600.3002401
          b:e:w 585.8917328
          b:c:n 587.1666496
          b:c:w 601.7247329
          b:n:w 1250.2865206
          e:c:n 5369.2130841
          e:c:w 4311.6450643
          e:n:w 6003.3463111
          c:n:w 5058.8149653
        b:e:c:n 1209.7246399
        b:e:c:w 1034.0750444
        b:e:n:w 1513.6601817
        b:c:n:w 1191.8522919
        e:c:n:w 46919.7351260
