########################################
# legofit: estimate population history #
#       version 2.3.4-4-g53f8760       #
########################################

# Program was compiled: Sep 21 2021 14:36:42
# Program was run: Wed Sep 22 16:20:46 2021

# cmd: legofit -1 -d 0 -t 32 --ptsPerDim 3 --stateOut b1.state --tol 3e-6 -S 5000 bcf2.lgo ../../chrX/pan_chrX.opf
# Stage nOptItr nSimReps
#     0    5000        0
# algorithm          : deterministic
# ignoring probs <=  : 0
# Branch length floor: 0
# DE strategy        : 2
#    F               : 0.3
#    CR              : 0.8
#    tolerance       : 3e-06
# nthreads           : 32
# lgo input file     : bcf2.lgo
# site pat input file: ../../chrX/pan_chrX.opf
# free parameters    : 15
# points in DE swarm : 45
# output state file  : b1.state
# Including singleton site patterns.
# cost function      : KL
Initial parameter values
Fixed:
      zero = 0
       one = 1
    Tbecnw = 75200
Free:
       pc1 = 0
       pc2 = 0
       pc3 = 0
       pc4 = 0
       pc5 = 0
       pc6 = 0
       pc7 = 0
       pc8 = 0
       pc9 = 0
      pc10 = 0
      pc11 = 0
      pc12 = 0
      pc13 = 0
      pc14 = 0
      pc15 = 0
Constrained:
     Tecnw = 34696.8
       Tnw = 2841.08
       Tec = 1826.1
     twoNb = 1.95322e+06
     twoNe = 9945.05
     twoNc = 305236
     twoNn = 288543
     twoNw = 1.84111e+06
    twoNec = 167056
    twoNnw = 105792
  twoNecnw = 28725.7
  twoNbecnw = 50255.9
        m2 = 0.0277895
        m3 = 0.253418
        m6 = 2.58689e-05
        Tb = 18261.5
        Tc = 1420.54
        Tf = 710.271
DiffEv reached_goal. cost=2.66789e-03 spread=2.04033e-06
Fitted parameter values
Free:
       pc1 = 2.53287
       pc2 = 1.96022
       pc3 = 1.33725
       pc4 = 1.99183
       pc5 = 0.978642
       pc6 = 1.53905
       pc7 = -0.0671167
       pc8 = -1.94758
       pc9 = -0.747568
      pc10 = -0.146436
      pc11 = 0.109783
      pc12 = -0.41156
      pc13 = 0.270957
      pc14 = 0.0613429
      pc15 = 0.0173053
Constrained:
     Tecnw = 34900.1
       Tnw = 17.3155
       Tec = 67.4615
     twoNb = 4.77408e+06
     twoNe = 1385.4
     twoNc = 137937
     twoNn = 98357
     twoNw = 1.13777e+06
    twoNec = 171442
    twoNnw = 122607
  twoNecnw = 27907.4
  twoNbecnw = 50005.8
        m2 = 0.0353578
        m3 = 0.248573
        m6 = 2.16632e-05
        Tb = 17483.8
        Tc = 8.65776
        Tf = 4.32888
#       SitePat  BranchLen
              b 117712.3807025
              e 44677.0587483
              c 45186.5810762
              n 41453.9413919
              w 44687.4926683
            b:e 1465.3046291
            b:c 1486.3373037
            b:n 1044.7739073
            b:w 1147.6477187
            e:c 10975.0213109
            e:n 4716.9523776
            e:w 3286.5330333
            c:n 4207.1420023
            c:w 3379.8486175
            n:w 11960.4389792
          b:e:c 1221.8601422
          b:e:n 573.3711320
          b:e:w 551.5431522
          b:c:n 552.3070302
          b:c:w 572.3291251
          b:n:w 1217.0718619
          e:c:n 5264.8792584
          e:c:w 4297.3760715
          e:n:w 5732.6910286
          c:n:w 5639.6642182
        b:e:c:n 1149.4724651
        b:e:c:w 1040.0691783
        b:e:n:w 1460.1821468
        b:c:n:w 1439.4268747
        e:c:n:w 46221.7626956
