########################################
# legofit: estimate population history #
#       version 2.3.4-4-g53f8760       #
########################################

# Program was compiled: Sep 21 2021 14:36:42
# Program was run: Wed Sep 22 16:21:53 2021

# cmd: legofit -1 -d 0 -t 32 --ptsPerDim 3 --stateOut b1boot39.state --tol 3e-6 -S 5000 bcf2.lgo ../../chrX/boot_chrX/boot39.opf
# Stage nOptItr nSimReps
#     0    5000        0
# algorithm          : deterministic
# ignoring probs <=  : 0
# Branch length floor: 0
# DE strategy        : 2
#    F               : 0.3
#    CR              : 0.8
#    tolerance       : 3e-06
# nthreads           : 32
# lgo input file     : bcf2.lgo
# site pat input file: ../../chrX/boot_chrX/boot39.opf
# free parameters    : 15
# points in DE swarm : 45
# output state file  : b1boot39.state
# Including singleton site patterns.
# cost function      : KL
Initial parameter values
Fixed:
      zero = 0
       one = 1
    Tbecnw = 75200
Free:
       pc1 = 0
       pc2 = 0
       pc3 = 0
       pc4 = 0
       pc5 = 0
       pc6 = 0
       pc7 = 0
       pc8 = 0
       pc9 = 0
      pc10 = 0
      pc11 = 0
      pc12 = 0
      pc13 = 0
      pc14 = 0
      pc15 = 0
Constrained:
     Tecnw = 34696.8
       Tnw = 2841.08
       Tec = 1826.1
     twoNb = 1.95322e+06
     twoNe = 9945.05
     twoNc = 305236
     twoNn = 288543
     twoNw = 1.84111e+06
    twoNec = 167056
    twoNnw = 105792
  twoNecnw = 28725.7
  twoNbecnw = 50255.9
        m2 = 0.0277895
        m3 = 0.253418
        m6 = 2.58689e-05
        Tb = 18261.5
        Tc = 1420.54
        Tf = 710.271
DiffEv reached_goal. cost=2.68374e-03 spread=2.69587e-06
Fitted parameter values
Free:
       pc1 = 3.39689
       pc2 = 1.45453
       pc3 = 0.793153
       pc4 = 1.98835
       pc5 = 0.309473
       pc6 = 0.728122
       pc7 = -0.86013
       pc8 = -1.984
       pc9 = 0.38853
      pc10 = 0.295425
      pc11 = -0.0566067
      pc12 = -0.658263
      pc13 = 0.118021
      pc14 = 0.274276
      pc15 = 0.0350184
Constrained:
     Tecnw = 35065.6
       Tnw = 1.72783
       Tec = 8.3305
     twoNb = 4.32255e+06
     twoNe = 164.073
     twoNc = 568097
     twoNn = 377156
     twoNw = 1.61491e+06
    twoNec = 172799
    twoNnw = 125907
  twoNecnw = 27432.2
  twoNbecnw = 50427.7
        m2 = 0.0364708
        m3 = 0.246855
        m6 = 2.66528e-05
        Tb = 17537
        Tc = 0.863917
        Tf = 0.431959
#       SitePat  BranchLen
              b 118148.7671947
              e 44702.3348893
              c 45244.6284171
              n 41557.5315397
              w 44774.2979441
            b:e 1472.4560637
            b:c 1494.8695423
            b:n 1041.8715161
            b:w 1138.7049149
            e:c 10883.7185553
            e:n 4718.3419506
            e:w 3267.3449879
            c:n 4175.6997426
            c:w 3366.3758121
            n:w 11799.4332327
          b:e:c 1208.4922320
          b:e:n 571.4770875
          b:e:w 548.1588348
          b:c:n 549.0250332
          b:c:w 570.2723936
          b:n:w 1203.0348597
          e:c:n 5232.6720652
          e:c:w 4285.6900622
          e:n:w 5733.9778489
          c:n:w 5635.2967267
        b:e:c:n 1140.7672170
        b:e:c:w 1036.5412023
        b:e:n:w 1464.9201817
        b:c:n:w 1442.8441768
        e:c:n:w 46765.3092719
