########################################
# legofit: estimate population history #
#       version 2.3.4-4-g53f8760       #
########################################

# Program was compiled: Sep 21 2021 14:36:42
# Program was run: Wed Sep 22 16:20:46 2021

# cmd: legofit -1 -d 0 -t 32 --ptsPerDim 3 --stateOut b1boot0.state --tol 3e-6 -S 5000 bcf2.lgo ../../chrX/boot_chrX/boot0.opf
# Stage nOptItr nSimReps
#     0    5000        0
# algorithm          : deterministic
# ignoring probs <=  : 0
# Branch length floor: 0
# DE strategy        : 2
#    F               : 0.3
#    CR              : 0.8
#    tolerance       : 3e-06
# nthreads           : 32
# lgo input file     : bcf2.lgo
# site pat input file: ../../chrX/boot_chrX/boot0.opf
# free parameters    : 15
# points in DE swarm : 45
# output state file  : b1boot0.state
# Including singleton site patterns.
# cost function      : KL
Initial parameter values
Fixed:
      zero = 0
       one = 1
    Tbecnw = 75200
Free:
       pc1 = 0
       pc2 = 0
       pc3 = 0
       pc4 = 0
       pc5 = 0
       pc6 = 0
       pc7 = 0
       pc8 = 0
       pc9 = 0
      pc10 = 0
      pc11 = 0
      pc12 = 0
      pc13 = 0
      pc14 = 0
      pc15 = 0
Constrained:
     Tecnw = 34696.8
       Tnw = 2841.08
       Tec = 1826.1
     twoNb = 1.95322e+06
     twoNe = 9945.05
     twoNc = 305236
     twoNn = 288543
     twoNw = 1.84111e+06
    twoNec = 167056
    twoNnw = 105792
  twoNecnw = 28725.7
  twoNbecnw = 50255.9
        m2 = 0.0277895
        m3 = 0.253418
        m6 = 2.58689e-05
        Tb = 18261.5
        Tc = 1420.54
        Tf = 710.271
DiffEv reached_goal. cost=2.63250e-03 spread=2.87105e-06
Fitted parameter values
Free:
       pc1 = 3.18846
       pc2 = 1.95573
       pc3 = -0.397215
       pc4 = 1.97464
       pc5 = 0.501038
       pc6 = 1.00321
       pc7 = -1.90657
       pc8 = -1.98224
       pc9 = -0.0656668
      pc10 = -0.461981
      pc11 = -0.0103362
      pc12 = -0.195146
      pc13 = 0.0699193
      pc14 = 0.0917601
      pc15 = -0.00316806
Constrained:
     Tecnw = 35018.2
       Tnw = 8.61692
       Tec = 37.0166
     twoNb = 4.65642e+06
     twoNe = 791.622
     twoNc = 832608
     twoNn = 278391
     twoNw = 2.88169e+06
    twoNec = 170704
    twoNnw = 119975
  twoNecnw = 28052
  twoNbecnw = 50152.5
        m2 = 0.0376081
        m3 = 0.254384
        m6 = 9.04601e-06
        Tb = 17527.6
        Tc = 4.30846
        Tf = 2.15423
#       SitePat  BranchLen
              b 117707.1072416
              e 44895.6317483
              c 45406.5017621
              n 41489.7030552
              w 44804.7378584
            b:e 1505.2507731
            b:c 1526.7240879
            b:n 1060.2267221
            b:w 1163.4494442
            e:c 11057.6426564
            e:n 4754.6394750
            e:w 3292.1467336
            c:n 4243.6454692
            c:w 3385.8611046
            n:w 12127.9975780
          b:e:c 1246.3953622
          b:e:n 581.3926682
          b:e:w 559.0431536
          b:c:n 559.9056255
          b:c:w 580.2286522
          b:n:w 1241.1118743
          e:c:n 5283.8390991
          e:c:w 4298.3901652
          e:n:w 5803.3398448
          c:n:w 5709.7497968
        b:e:c:n 1165.4752498
        b:e:c:w 1054.9702521
        b:e:n:w 1498.3028253
        b:c:n:w 1477.1307235
        e:c:n:w 45930.2546490
