########################################
# legofit: estimate population history #
#       version 2.3.4-4-g53f8760       #
########################################

# Program was compiled: Sep 21 2021 14:36:42
# Program was run: Wed Sep 22 16:22:00 2021

# cmd: legofit -1 -d 0 -t 32 --ptsPerDim 3 --stateOut b1boot44.state --tol 3e-6 -S 5000 bcf2.lgo ../../chrX/boot_chrX/boot44.opf
# Stage nOptItr nSimReps
#     0    5000        0
# algorithm          : deterministic
# ignoring probs <=  : 0
# Branch length floor: 0
# DE strategy        : 2
#    F               : 0.3
#    CR              : 0.8
#    tolerance       : 3e-06
# nthreads           : 32
# lgo input file     : bcf2.lgo
# site pat input file: ../../chrX/boot_chrX/boot44.opf
# free parameters    : 15
# points in DE swarm : 45
# output state file  : b1boot44.state
# Including singleton site patterns.
# cost function      : KL
Initial parameter values
Fixed:
      zero = 0
       one = 1
    Tbecnw = 75200
Free:
       pc1 = 0
       pc2 = 0
       pc3 = 0
       pc4 = 0
       pc5 = 0
       pc6 = 0
       pc7 = 0
       pc8 = 0
       pc9 = 0
      pc10 = 0
      pc11 = 0
      pc12 = 0
      pc13 = 0
      pc14 = 0
      pc15 = 0
Constrained:
     Tecnw = 34696.8
       Tnw = 2841.08
       Tec = 1826.1
     twoNb = 1.95322e+06
     twoNe = 9945.05
     twoNc = 305236
     twoNn = 288543
     twoNw = 1.84111e+06
    twoNec = 167056
    twoNnw = 105792
  twoNecnw = 28725.7
  twoNbecnw = 50255.9
        m2 = 0.0277895
        m3 = 0.253418
        m6 = 2.58689e-05
        Tb = 18261.5
        Tc = 1420.54
        Tf = 710.271
DiffEv reached_goal. cost=2.67123e-03 spread=2.41545e-06
Fitted parameter values
Free:
       pc1 = 2.55532
       pc2 = 1.95125
       pc3 = 0.273778
       pc4 = 1.93739
       pc5 = 0.551189
       pc6 = 1.44452
       pc7 = -1.42689
       pc8 = -1.88504
       pc9 = -0.261848
      pc10 = -0.743057
      pc11 = -0.0999256
      pc12 = -0.60846
      pc13 = 0.504591
      pc14 = -0.0220467
      pc15 = -0.00314029
Constrained:
     Tecnw = 34552
       Tnw = 7.94635
       Tec = 33.7154
     twoNb = 4.67083e+06
     twoNe = 723.023
     twoNc = 590974
     twoNn = 210912
     twoNw = 2.27503e+06
    twoNec = 170093
    twoNnw = 121749
  twoNecnw = 28121.3
  twoNbecnw = 49968.7
        m2 = 0.0363716
        m3 = 0.253408
        m6 = 9.50683e-06
        Tb = 17292.9
        Tc = 3.97318
        Tf = 1.98659
#       SitePat  BranchLen
              b 117657.3045582
              e 44492.0467926
              c 44994.6027235
              n 41262.1111646
              w 44523.3600299
            b:e 1473.7915390
            b:c 1494.6985421
            b:n 1047.2408841
            b:w 1148.1121089
            e:c 10955.8189436
            e:n 4749.7105285
            e:w 3312.9824234
            c:n 4247.0280403
            c:w 3405.8291852
            n:w 11918.3306474
          b:e:c 1217.5020323
          b:e:n 574.5295513
          b:e:w 552.7843582
          b:c:n 553.6086628
          b:c:w 573.4150151
          b:n:w 1212.4565411
          e:c:n 5293.8463033
          e:c:w 4319.4937483
          e:n:w 5772.0174699
          c:n:w 5679.2976021
        b:e:c:n 1150.0449308
        b:e:c:w 1042.1431966
        b:e:n:w 1467.1065998
        b:c:n:w 1446.4894918
        e:c:n:w 46237.4095944
