########################################
# legofit: estimate population history #
#       version 2.3.4-4-g53f8760       #
########################################

# Program was compiled: Sep 21 2021 14:36:42
# Program was run: Wed Sep 22 16:22:00 2021

# cmd: legofit -1 -d 0 -t 32 --ptsPerDim 3 --stateOut b1boot43.state --tol 3e-6 -S 5000 bcf2.lgo ../../chrX/boot_chrX/boot43.opf
# Stage nOptItr nSimReps
#     0    5000        0
# algorithm          : deterministic
# ignoring probs <=  : 0
# Branch length floor: 0
# DE strategy        : 2
#    F               : 0.3
#    CR              : 0.8
#    tolerance       : 3e-06
# nthreads           : 32
# lgo input file     : bcf2.lgo
# site pat input file: ../../chrX/boot_chrX/boot43.opf
# free parameters    : 15
# points in DE swarm : 45
# output state file  : b1boot43.state
# Including singleton site patterns.
# cost function      : KL
Initial parameter values
Fixed:
      zero = 0
       one = 1
    Tbecnw = 75200
Free:
       pc1 = 0
       pc2 = 0
       pc3 = 0
       pc4 = 0
       pc5 = 0
       pc6 = 0
       pc7 = 0
       pc8 = 0
       pc9 = 0
      pc10 = 0
      pc11 = 0
      pc12 = 0
      pc13 = 0
      pc14 = 0
      pc15 = 0
Constrained:
     Tecnw = 34696.8
       Tnw = 2841.08
       Tec = 1826.1
     twoNb = 1.95322e+06
     twoNe = 9945.05
     twoNc = 305236
     twoNn = 288543
     twoNw = 1.84111e+06
    twoNec = 167056
    twoNnw = 105792
  twoNecnw = 28725.7
  twoNbecnw = 50255.9
        m2 = 0.0277895
        m3 = 0.253418
        m6 = 2.58689e-05
        Tb = 18261.5
        Tc = 1420.54
        Tf = 710.271
DiffEv reached_goal. cost=2.87043e-03 spread=2.62101e-06
Fitted parameter values
Free:
       pc1 = 2.5601
       pc2 = 1.77144
       pc3 = 0.432961
       pc4 = 1.95482
       pc5 = 0.728052
       pc6 = 1.74777
       pc7 = -1.40894
       pc8 = -1.95309
       pc9 = -0.649683
      pc10 = -0.583398
      pc11 = -0.0122136
      pc12 = -0.112926
      pc13 = -0.144402
      pc14 = -0.0115163
      pc15 = -0.0130418
Constrained:
     Tecnw = 34870.6
       Tnw = 15.6849
       Tec = 21.1069
     twoNb = 4.67791e+06
     twoNe = 300.962
     twoNc = 527388
     twoNn = 129008
     twoNw = 2.31609e+06
    twoNec = 173336
    twoNnw = 117629
  twoNecnw = 28294.3
  twoNbecnw = 49724.1
        m2 = 0.0364637
        m3 = 0.247368
        m6 = 8.33399e-06
        Tb = 17445.8
        Tc = 7.84243
        Tf = 3.92122
#       SitePat  BranchLen
              b 117330.4772793
              e 44916.2324876
              c 45445.4710830
              n 41338.5446213
              w 44556.9367760
            b:e 1494.6287770
            b:c 1516.7247375
            b:n 1049.1710094
            b:w 1151.0798381
            e:c 11027.4990371
            e:n 4731.5903394
            e:w 3291.7284511
            c:n 4202.2365487
            c:w 3388.9164323
            n:w 12280.7160248
          b:e:c 1246.0647839
          b:e:n 578.0858947
          b:e:w 555.1827327
          b:c:n 555.9773600
          b:c:w 576.9902408
          b:n:w 1241.0206329
          e:c:n 5234.0823972
          e:c:w 4277.5781437
          e:n:w 5815.1017018
          c:n:w 5718.0292092
        b:e:c:n 1153.0075989
        b:e:c:w 1044.2831549
        b:e:n:w 1489.2973890
        b:c:n:w 1467.5021618
        e:c:n:w 45595.1307017
