########################################
# legofit: estimate population history #
#       version 2.3.4-4-g53f8760       #
########################################

# Program was compiled: Sep 21 2021 14:36:42
# Program was run: Wed Sep 22 16:21:43 2021

# cmd: legofit -1 -d 0 -t 32 --ptsPerDim 3 --stateOut b1boot31.state --tol 3e-6 -S 5000 bcf2.lgo ../../chrX/boot_chrX/boot31.opf
# Stage nOptItr nSimReps
#     0    5000        0
# algorithm          : deterministic
# ignoring probs <=  : 0
# Branch length floor: 0
# DE strategy        : 2
#    F               : 0.3
#    CR              : 0.8
#    tolerance       : 3e-06
# nthreads           : 32
# lgo input file     : bcf2.lgo
# site pat input file: ../../chrX/boot_chrX/boot31.opf
# free parameters    : 15
# points in DE swarm : 45
# output state file  : b1boot31.state
# Including singleton site patterns.
# cost function      : KL
Initial parameter values
Fixed:
      zero = 0
       one = 1
    Tbecnw = 75200
Free:
       pc1 = 0
       pc2 = 0
       pc3 = 0
       pc4 = 0
       pc5 = 0
       pc6 = 0
       pc7 = 0
       pc8 = 0
       pc9 = 0
      pc10 = 0
      pc11 = 0
      pc12 = 0
      pc13 = 0
      pc14 = 0
      pc15 = 0
Constrained:
     Tecnw = 34696.8
       Tnw = 2841.08
       Tec = 1826.1
     twoNb = 1.95322e+06
     twoNe = 9945.05
     twoNc = 305236
     twoNn = 288543
     twoNw = 1.84111e+06
    twoNec = 167056
    twoNnw = 105792
  twoNecnw = 28725.7
  twoNbecnw = 50255.9
        m2 = 0.0277895
        m3 = 0.253418
        m6 = 2.58689e-05
        Tb = 18261.5
        Tc = 1420.54
        Tf = 710.271
DiffEv reached_goal. cost=2.61089e-03 spread=2.68219e-06
Fitted parameter values
Free:
       pc1 = 3.24913
       pc2 = 1.19
       pc3 = -0.755296
       pc4 = 1.895
       pc5 = 0.812614
       pc6 = 1.27586
       pc7 = -1.11047
       pc8 = -1.75209
       pc9 = -0.299495
      pc10 = -0.640708
      pc11 = 0.370825
      pc12 = -0.517548
      pc13 = 0.428596
      pc14 = 0.320017
      pc15 = 0.0132588
Constrained:
     Tecnw = 34952.8
       Tnw = 27.88
       Tec = 41.273
     twoNb = 4.59023e+06
     twoNe = 581.248
     twoNc = 793621
     twoNn = 143977
     twoNw = 2.9674e+06
    twoNec = 173951
    twoNnw = 126001
  twoNecnw = 28006.7
  twoNbecnw = 50419.4
        m2 = 0.0336937
        m3 = 0.257725
        m6 = 2.31629e-05
        Tb = 17497
        Tc = 13.94
        Tf = 6.97
#       SitePat  BranchLen
              b 118054.0422342
              e 44639.0571033
              c 45224.4254972
              n 41616.1758494
              w 45016.8365164
            b:e 1462.1547504
            b:c 1486.4093923
            b:n 1062.5948941
            b:w 1176.0447747
            e:c 10901.4250786
            e:n 4861.5046453
            e:w 3330.2453498
            c:n 4275.8351593
            c:w 3437.4781066
            n:w 11737.1929377
          b:e:c 1222.6862103
          b:e:n 588.9296924
          b:e:w 563.8641795
          b:c:n 564.6420471
          b:c:w 587.8341963
          b:n:w 1217.9800158
          e:c:n 5363.4289256
          e:c:w 4340.9903350
          e:n:w 5714.2301856
          c:n:w 5607.2992944
        b:e:c:n 1177.9048587
        b:e:c:w 1057.7226136
        b:e:n:w 1460.3632095
        b:c:n:w 1436.4254226
        e:c:n:w 46435.0913540
