########################################
# legofit: estimate population history #
#       version 2.3.4-4-g53f8760       #
########################################

# Program was compiled: Sep 21 2021 14:36:42
# Program was run: Wed Sep 22 16:21:33 2021

# cmd: legofit -1 -d 0 -t 32 --ptsPerDim 3 --stateOut b1boot24.state --tol 3e-6 -S 5000 bcf2.lgo ../../chrX/boot_chrX/boot24.opf
# Stage nOptItr nSimReps
#     0    5000        0
# algorithm          : deterministic
# ignoring probs <=  : 0
# Branch length floor: 0
# DE strategy        : 2
#    F               : 0.3
#    CR              : 0.8
#    tolerance       : 3e-06
# nthreads           : 32
# lgo input file     : bcf2.lgo
# site pat input file: ../../chrX/boot_chrX/boot24.opf
# free parameters    : 15
# points in DE swarm : 45
# output state file  : b1boot24.state
# Including singleton site patterns.
# cost function      : KL
Initial parameter values
Fixed:
      zero = 0
       one = 1
    Tbecnw = 75200
Free:
       pc1 = 0
       pc2 = 0
       pc3 = 0
       pc4 = 0
       pc5 = 0
       pc6 = 0
       pc7 = 0
       pc8 = 0
       pc9 = 0
      pc10 = 0
      pc11 = 0
      pc12 = 0
      pc13 = 0
      pc14 = 0
      pc15 = 0
Constrained:
     Tecnw = 34696.8
       Tnw = 2841.08
       Tec = 1826.1
     twoNb = 1.95322e+06
     twoNe = 9945.05
     twoNc = 305236
     twoNn = 288543
     twoNw = 1.84111e+06
    twoNec = 167056
    twoNnw = 105792
  twoNecnw = 28725.7
  twoNbecnw = 50255.9
        m2 = 0.0277895
        m3 = 0.253418
        m6 = 2.58689e-05
        Tb = 18261.5
        Tc = 1420.54
        Tf = 710.271
DiffEv reached_goal. cost=2.73129e-03 spread=2.06869e-06
Fitted parameter values
Free:
       pc1 = 3.40417
       pc2 = 1.90022
       pc3 = 0.885275
       pc4 = 1.99915
       pc5 = 1.04868
       pc6 = 0.146101
       pc7 = -0.458639
       pc8 = -1.95382
       pc9 = 0.0441833
      pc10 = -0.342703
      pc11 = 0.814661
      pc12 = -0.204927
      pc13 = 0.179358
      pc14 = 0.319552
      pc15 = 0.0108636
Constrained:
     Tecnw = 35398.6
       Tnw = 9.11813
       Tec = 91.5962
     twoNb = 4.88713e+06
     twoNe = 2023.68
     twoNc = 419185
     twoNn = 358247
     twoNw = 1.23387e+06
    twoNec = 173969
    twoNnw = 124900
  twoNecnw = 27843.9
  twoNbecnw = 50699.5
        m2 = 0.0347731
        m3 = 0.258493
        m6 = 1.39839e-05
        Tb = 17745.1
        Tc = 4.55907
        Tf = 2.27953
#       SitePat  BranchLen
              b 118224.1328947
              e 45027.5590045
              c 45569.2458389
              n 41874.7528524
              w 45276.4481137
            b:e 1488.7356472
            b:c 1511.3712092
            b:n 1074.7653378
            b:w 1188.4161586
            e:c 10992.8058872
            e:n 4818.0413551
            e:w 3310.8947930
            c:n 4276.1683920
            c:w 3409.3851297
            n:w 11898.3726619
          b:e:c 1246.9650163
          b:e:n 592.9718582
          b:e:w 569.5513838
          b:c:n 570.3157283
          b:c:w 591.9258818
          b:n:w 1242.3550034
          e:c:n 5346.2738139
          e:c:w 4326.8584464
          e:n:w 5731.0808553
          c:n:w 5632.7770990
        b:e:c:n 1190.2311929
        b:e:c:w 1070.0406236
        b:e:n:w 1486.2581089
        b:c:n:w 1463.9037271
        e:c:n:w 46313.6717855
