########################################
# legofit: estimate population history #
#       version 2.3.4-4-g53f8760       #
########################################

# Program was compiled: Sep 21 2021 14:36:42
# Program was run: Wed Sep 22 16:21:43 2021

# cmd: legofit -1 -d 0 -t 32 --ptsPerDim 3 --stateOut b1boot34.state --tol 3e-6 -S 5000 bcf2.lgo ../../chrX/boot_chrX/boot34.opf
# Stage nOptItr nSimReps
#     0    5000        0
# algorithm          : deterministic
# ignoring probs <=  : 0
# Branch length floor: 0
# DE strategy        : 2
#    F               : 0.3
#    CR              : 0.8
#    tolerance       : 3e-06
# nthreads           : 32
# lgo input file     : bcf2.lgo
# site pat input file: ../../chrX/boot_chrX/boot34.opf
# free parameters    : 15
# points in DE swarm : 45
# output state file  : b1boot34.state
# Including singleton site patterns.
# cost function      : KL
Initial parameter values
Fixed:
      zero = 0
       one = 1
    Tbecnw = 75200
Free:
       pc1 = 0
       pc2 = 0
       pc3 = 0
       pc4 = 0
       pc5 = 0
       pc6 = 0
       pc7 = 0
       pc8 = 0
       pc9 = 0
      pc10 = 0
      pc11 = 0
      pc12 = 0
      pc13 = 0
      pc14 = 0
      pc15 = 0
Constrained:
     Tecnw = 34696.8
       Tnw = 2841.08
       Tec = 1826.1
     twoNb = 1.95322e+06
     twoNe = 9945.05
     twoNc = 305236
     twoNn = 288543
     twoNw = 1.84111e+06
    twoNec = 167056
    twoNnw = 105792
  twoNecnw = 28725.7
  twoNbecnw = 50255.9
        m2 = 0.0277895
        m3 = 0.253418
        m6 = 2.58689e-05
        Tb = 18261.5
        Tc = 1420.54
        Tf = 710.271
DiffEv reached_goal. cost=2.62426e-03 spread=1.62096e-06
Fitted parameter values
Free:
       pc1 = 1.93052
       pc2 = 1.39457
       pc3 = 2.57075
       pc4 = 1.97762
       pc5 = 0.296086
       pc6 = 1.95852
       pc7 = -0.361045
       pc8 = -1.87085
       pc9 = -0.483742
      pc10 = 0.100741
      pc11 = 0.920421
      pc12 = -0.81702
      pc13 = 0.522382
      pc14 = 0.103275
      pc15 = 0.030836
Constrained:
     Tecnw = 34606.3
       Tnw = 6.35425
       Tec = 24.8434
     twoNb = 4.68503e+06
     twoNe = 448.456
     twoNc = 91030.4
     twoNn = 219860
     twoNw = 239024
    twoNec = 170863
    twoNnw = 126203
  twoNecnw = 27694
  twoNbecnw = 49471.6
        m2 = 0.0315415
        m3 = 0.235093
        m6 = 6.85487e-06
        Tb = 17315.6
        Tc = 3.17712
        Tf = 1.58856
#       SitePat  BranchLen
              b 117489.9702451
              e 44130.3126525
              c 44671.0061209
              n 41227.7652823
              w 44343.4432043
            b:e 1387.0283061
            b:c 1408.5447214
            b:n 1008.7845902
            b:w 1111.6656394
            e:c 10893.4504950
            e:n 4656.2420116
            e:w 3255.5030440
            c:n 4115.4617819
            c:w 3353.7295284
            n:w 11737.8383176
          b:e:c 1177.1524493
          b:e:n 554.1877554
          b:e:w 532.0188499
          b:c:n 532.6621743
          b:c:w 553.2725937
          b:n:w 1172.8705394
          e:c:n 5225.7483880
          e:c:w 4279.6868772
          e:n:w 5599.2750528
          c:n:w 5501.1355380
        b:e:c:n 1113.2616951
        b:e:c:w 1004.7939419
        b:e:n:w 1384.6731785
        b:c:n:w 1363.4283922
        e:c:n:w 46600.9803745
