########################################
# legofit: estimate population history #
#       version 2.3.4-4-g53f8760       #
########################################

# Program was compiled: Sep 21 2021 14:36:42
# Program was run: Wed Sep 22 16:20:57 2021

# cmd: legofit -1 -d 0 -t 32 --ptsPerDim 3 --stateOut b1boot9.state --tol 3e-6 -S 5000 bcf2.lgo ../../chrX/boot_chrX/boot9.opf
# Stage nOptItr nSimReps
#     0    5000        0
# algorithm          : deterministic
# ignoring probs <=  : 0
# Branch length floor: 0
# DE strategy        : 2
#    F               : 0.3
#    CR              : 0.8
#    tolerance       : 3e-06
# nthreads           : 32
# lgo input file     : bcf2.lgo
# site pat input file: ../../chrX/boot_chrX/boot9.opf
# free parameters    : 15
# points in DE swarm : 45
# output state file  : b1boot9.state
# Including singleton site patterns.
# cost function      : KL
Initial parameter values
Fixed:
      zero = 0
       one = 1
    Tbecnw = 75200
Free:
       pc1 = 0
       pc2 = 0
       pc3 = 0
       pc4 = 0
       pc5 = 0
       pc6 = 0
       pc7 = 0
       pc8 = 0
       pc9 = 0
      pc10 = 0
      pc11 = 0
      pc12 = 0
      pc13 = 0
      pc14 = 0
      pc15 = 0
Constrained:
     Tecnw = 34696.8
       Tnw = 2841.08
       Tec = 1826.1
     twoNb = 1.95322e+06
     twoNe = 9945.05
     twoNc = 305236
     twoNn = 288543
     twoNw = 1.84111e+06
    twoNec = 167056
    twoNnw = 105792
  twoNecnw = 28725.7
  twoNbecnw = 50255.9
        m2 = 0.0277895
        m3 = 0.253418
        m6 = 2.58689e-05
        Tb = 18261.5
        Tc = 1420.54
        Tf = 710.271
DiffEv reached_goal. cost=2.67022e-03 spread=2.97550e-06
Fitted parameter values
Free:
       pc1 = 2.16691
       pc2 = 0.629785
       pc3 = 1.55255
       pc4 = 1.68737
       pc5 = -0.350946
       pc6 = 1.52702
       pc7 = -0.624371
       pc8 = -1.94213
       pc9 = 0.334845
      pc10 = 0.175391
      pc11 = 0.941823
      pc12 = -0.0250606
      pc13 = 0.239982
      pc14 = 0.232199
      pc15 = 0.020013
Constrained:
     Tecnw = 34969.4
       Tnw = 5.8465
       Tec = 79.0695
     twoNb = 4.02931e+06
     twoNe = 1544.89
     twoNc = 561092
     twoNn = 322875
     twoNw = 552884
    twoNec = 170717
    twoNnw = 125543
  twoNecnw = 28036.7
  twoNbecnw = 49684.2
        m2 = 0.0310344
        m3 = 0.234059
        m6 = 1.94743e-05
        Tb = 17524.3
        Tc = 2.92325
        Tf = 1.46163
#       SitePat  BranchLen
              b 117494.7981662
              e 44503.4346601
              c 45056.5279816
              n 41556.4894984
              w 44735.8607848
            b:e 1418.3785585
            b:c 1440.7445054
            b:n 1037.7066876
            b:w 1149.3293989
            e:c 11075.2393203
            e:n 4696.8046292
            e:w 3272.3299061
            c:n 4143.4601296
            c:w 3372.5909957
            n:w 11962.0374511
          b:e:c 1222.6377132
          b:e:n 570.5392198
          b:e:w 547.4127156
          b:c:n 548.1464444
          b:c:w 569.4921230
          b:n:w 1217.6815352
          e:c:n 5283.2714343
          e:c:w 4307.3573168
          e:n:w 5622.9335421
          c:n:w 5522.9243057
        b:e:c:n 1151.2025982
        b:e:c:w 1033.2474005
        b:e:n:w 1413.6447932
        b:c:n:w 1391.5915391
        e:c:n:w 46088.1195909
