########################################
# legofit: estimate population history #
#       version 2.3.4-4-g53f8760       #
########################################

# Program was compiled: Sep 21 2021 14:36:42
# Program was run: Wed Sep 22 16:21:51 2021

# cmd: legofit -1 -d 0 -t 32 --ptsPerDim 3 --stateOut b1boot36.state --tol 3e-6 -S 5000 bcf2.lgo ../../chrX/boot_chrX/boot36.opf
# Stage nOptItr nSimReps
#     0    5000        0
# algorithm          : deterministic
# ignoring probs <=  : 0
# Branch length floor: 0
# DE strategy        : 2
#    F               : 0.3
#    CR              : 0.8
#    tolerance       : 3e-06
# nthreads           : 32
# lgo input file     : bcf2.lgo
# site pat input file: ../../chrX/boot_chrX/boot36.opf
# free parameters    : 15
# points in DE swarm : 45
# output state file  : b1boot36.state
# Including singleton site patterns.
# cost function      : KL
Initial parameter values
Fixed:
      zero = 0
       one = 1
    Tbecnw = 75200
Free:
       pc1 = 0
       pc2 = 0
       pc3 = 0
       pc4 = 0
       pc5 = 0
       pc6 = 0
       pc7 = 0
       pc8 = 0
       pc9 = 0
      pc10 = 0
      pc11 = 0
      pc12 = 0
      pc13 = 0
      pc14 = 0
      pc15 = 0
Constrained:
     Tecnw = 34696.8
       Tnw = 2841.08
       Tec = 1826.1
     twoNb = 1.95322e+06
     twoNe = 9945.05
     twoNc = 305236
     twoNn = 288543
     twoNw = 1.84111e+06
    twoNec = 167056
    twoNnw = 105792
  twoNecnw = 28725.7
  twoNbecnw = 50255.9
        m2 = 0.0277895
        m3 = 0.253418
        m6 = 2.58689e-05
        Tb = 18261.5
        Tc = 1420.54
        Tf = 710.271
DiffEv reached_goal. cost=2.68406e-03 spread=2.89124e-06
Fitted parameter values
Free:
       pc1 = 2.48346
       pc2 = 1.91607
       pc3 = 1.15554
       pc4 = 1.9659
       pc5 = 0.0921233
       pc6 = 1.33199
       pc7 = -1.43305
       pc8 = -1.99309
       pc9 = -0.325892
      pc10 = -0.661668
      pc11 = 0.127743
      pc12 = -0.804604
      pc13 = 0.43849
      pc14 = 0.133409
      pc15 = 0.0151104
Constrained:
     Tecnw = 34494.5
       Tnw = 5.50236
       Tec = 107.589
     twoNb = 4.77244e+06
     twoNe = 2513.94
     twoNc = 474382
     twoNn = 313639
     twoNw = 1.72995e+06
    twoNec = 171291
    twoNnw = 125119
  twoNecnw = 27997.3
  twoNbecnw = 49809.5
        m2 = 0.0359415
        m3 = 0.245578
        m6 = 3.27747e-06
        Tb = 17301.1
        Tc = 2.75118
        Tf = 1.37559
#       SitePat  BranchLen
              b 117579.4860927
              e 44468.6971662
              c 44961.3049329
              n 41347.2140358
              w 44475.4765057
            b:e 1458.0960250
            b:c 1478.4292845
            b:n 1038.8264080
            b:w 1134.0983306
            e:c 10866.6731688
            e:n 4701.1634165
            e:w 3314.6470296
            c:n 4208.5131633
            c:w 3405.5496901
            n:w 11786.8326018
          b:e:c 1200.2644366
          b:e:n 569.4136036
          b:e:w 548.3103920
          b:c:n 549.0756937
          b:c:w 568.3725681
          b:n:w 1195.4287795
          e:c:n 5251.9888367
          e:c:w 4321.5951568
          e:n:w 5745.6838570
          c:n:w 5654.8237950
        b:e:c:n 1135.9342892
        b:e:c:w 1034.0797737
        b:e:n:w 1451.7063094
        b:c:n:w 1431.6486717
        e:c:n:w 46304.9171972
