########################################
# legofit: estimate population history #
#       version 2.3.4-4-g53f8760       #
########################################

# Program was compiled: Sep 21 2021 14:36:42
# Program was run: Wed Sep 22 16:21:33 2021

# cmd: legofit -1 -d 0 -t 32 --ptsPerDim 3 --stateOut b1boot27.state --tol 3e-6 -S 5000 bcf2.lgo ../../chrX/boot_chrX/boot27.opf
# Stage nOptItr nSimReps
#     0    5000        0
# algorithm          : deterministic
# ignoring probs <=  : 0
# Branch length floor: 0
# DE strategy        : 2
#    F               : 0.3
#    CR              : 0.8
#    tolerance       : 3e-06
# nthreads           : 32
# lgo input file     : bcf2.lgo
# site pat input file: ../../chrX/boot_chrX/boot27.opf
# free parameters    : 15
# points in DE swarm : 45
# output state file  : b1boot27.state
# Including singleton site patterns.
# cost function      : KL
Initial parameter values
Fixed:
      zero = 0
       one = 1
    Tbecnw = 75200
Free:
       pc1 = 0
       pc2 = 0
       pc3 = 0
       pc4 = 0
       pc5 = 0
       pc6 = 0
       pc7 = 0
       pc8 = 0
       pc9 = 0
      pc10 = 0
      pc11 = 0
      pc12 = 0
      pc13 = 0
      pc14 = 0
      pc15 = 0
Constrained:
     Tecnw = 34696.8
       Tnw = 2841.08
       Tec = 1826.1
     twoNb = 1.95322e+06
     twoNe = 9945.05
     twoNc = 305236
     twoNn = 288543
     twoNw = 1.84111e+06
    twoNec = 167056
    twoNnw = 105792
  twoNecnw = 28725.7
  twoNbecnw = 50255.9
        m2 = 0.0277895
        m3 = 0.253418
        m6 = 2.58689e-05
        Tb = 18261.5
        Tc = 1420.54
        Tf = 710.271
DiffEv reached_goal. cost=2.88627e-03 spread=2.41181e-06
Fitted parameter values
Free:
       pc1 = 3.05061
       pc2 = 0.588755
       pc3 = 0.470693
       pc4 = 1.98227
       pc5 = 0.555519
       pc6 = -1.39052
       pc7 = -1.8724
       pc8 = -1.93425
       pc9 = -1.72318
      pc10 = 0.108155
      pc11 = -0.569417
      pc12 = 0.0161997
      pc13 = 0.257364
      pc14 = -0.0634384
      pc15 = 0.0698743
Constrained:
     Tecnw = 35357.9
       Tnw = 5.38483
       Tec = 137.52
     twoNb = 4.25972e+06
     twoNe = 4819.01
     twoNc = 167094
     twoNn = 549244
     twoNw = 4.04476e+06
    twoNec = 169447
    twoNnw = 120806
  twoNecnw = 28514.4
  twoNbecnw = 51556.2
        m2 = 0.0358579
        m3 = 0.239317
        m6 = 9.44577e-06
        Tb = 17747.7
        Tc = 2.69242
        Tf = 1.34621
#       SitePat  BranchLen
              b 118717.0393650
              e 45496.9648134
              c 45827.1801928
              n 42102.8155425
              w 45181.6361279
            b:e 1569.3436284
            b:c 1583.6924172
            b:n 1120.4468049
            b:w 1227.9871716
            e:c 11425.7224161
            e:n 4606.2686746
            e:w 3347.5629965
            c:n 4275.9223654
            c:w 3408.4185648
            n:w 12527.0539657
          b:e:c 1338.4731995
          b:e:n 605.6925059
          b:e:w 590.4565700
          b:c:n 591.3288653
          b:c:w 604.6175129
          b:n:w 1332.7484262
          e:c:n 5347.8163382
          e:c:w 4404.4421988
          e:n:w 5858.9850662
          c:n:w 5798.2607922
        b:e:c:n 1230.1649494
        b:e:c:w 1115.3349036
        b:e:n:w 1553.8704197
        b:c:n:w 1539.7239640
        e:c:n:w 46229.8220235
