########################################
# legofit: estimate population history #
#       version 2.3.4-4-g53f8760       #
########################################

# Program was compiled: Sep 21 2021 14:36:42
# Program was run: Wed Sep 22 16:21:51 2021

# cmd: legofit -1 -d 0 -t 32 --ptsPerDim 3 --stateOut b1boot37.state --tol 3e-6 -S 5000 bcf2.lgo ../../chrX/boot_chrX/boot37.opf
# Stage nOptItr nSimReps
#     0    5000        0
# algorithm          : deterministic
# ignoring probs <=  : 0
# Branch length floor: 0
# DE strategy        : 2
#    F               : 0.3
#    CR              : 0.8
#    tolerance       : 3e-06
# nthreads           : 32
# lgo input file     : bcf2.lgo
# site pat input file: ../../chrX/boot_chrX/boot37.opf
# free parameters    : 15
# points in DE swarm : 45
# output state file  : b1boot37.state
# Including singleton site patterns.
# cost function      : KL
Initial parameter values
Fixed:
      zero = 0
       one = 1
    Tbecnw = 75200
Free:
       pc1 = 0
       pc2 = 0
       pc3 = 0
       pc4 = 0
       pc5 = 0
       pc6 = 0
       pc7 = 0
       pc8 = 0
       pc9 = 0
      pc10 = 0
      pc11 = 0
      pc12 = 0
      pc13 = 0
      pc14 = 0
      pc15 = 0
Constrained:
     Tecnw = 34696.8
       Tnw = 2841.08
       Tec = 1826.1
     twoNb = 1.95322e+06
     twoNe = 9945.05
     twoNc = 305236
     twoNn = 288543
     twoNw = 1.84111e+06
    twoNec = 167056
    twoNnw = 105792
  twoNecnw = 28725.7
  twoNbecnw = 50255.9
        m2 = 0.0277895
        m3 = 0.253418
        m6 = 2.58689e-05
        Tb = 18261.5
        Tc = 1420.54
        Tf = 710.271
DiffEv reached_goal. cost=2.46549e-03 spread=2.76888e-06
Fitted parameter values
Free:
       pc1 = 3.4327
       pc2 = 1.62011
       pc3 = 0.700224
       pc4 = 1.9804
       pc5 = 1.62763
       pc6 = 0.141668
       pc7 = -0.229695
       pc8 = -1.91598
       pc9 = -0.473074
      pc10 = -0.638442
      pc11 = 0.720518
      pc12 = -0.34805
      pc13 = 0.369134
      pc14 = 0.36094
      pc15 = 0.0193098
Constrained:
     Tecnw = 35336
       Tnw = 9.3587
       Tec = 46.4774
     twoNb = 4.9773e+06
     twoNe = 1138.28
     twoNc = 285064
     twoNn = 256304
     twoNw = 1.64976e+06
    twoNec = 176332
    twoNnw = 126670
  twoNecnw = 28006.4
  twoNbecnw = 51032.2
        m2 = 0.0338514
        m3 = 0.261621
        m6 = 1.52078e-05
        Tb = 17691.2
        Tc = 4.67935
        Tf = 2.33968
#       SitePat  BranchLen
              b 118482.9945708
              e 45120.7159754
              c 45591.1815920
              n 42043.1092295
              w 45393.7110583
            b:e 1496.7129599
            b:c 1516.4862901
            b:n 1091.6382644
            b:w 1205.4987380
            e:c 10963.9118808
            e:n 4804.9771352
            e:w 3359.1971536
            c:n 4334.3115829
            c:w 3445.0934818
            n:w 11812.8230088
          b:e:c 1253.8643851
          b:e:n 601.5429230
          b:e:w 581.0055604
          b:c:n 581.7474064
          b:c:w 600.5662337
          b:n:w 1249.4680520
          e:c:n 5381.3811823
          e:c:w 4373.9003920
          e:n:w 5736.1030911
          c:n:w 5650.4071707
        b:e:c:n 1207.2574384
        b:e:c:w 1086.9925444
        b:e:n:w 1492.3350958
        b:c:n:w 1472.7961367
        e:c:n:w 46461.0088818
