########################################
# legofit: estimate population history #
#       version 2.3.4-4-g53f8760       #
########################################

# Program was compiled: Sep 21 2021 14:36:42
# Program was run: Wed Sep 22 16:21:15 2021

# cmd: legofit -1 -d 0 -t 32 --ptsPerDim 3 --stateOut b1boot17.state --tol 3e-6 -S 5000 bcf2.lgo ../../chrX/boot_chrX/boot17.opf
# Stage nOptItr nSimReps
#     0    5000        0
# algorithm          : deterministic
# ignoring probs <=  : 0
# Branch length floor: 0
# DE strategy        : 2
#    F               : 0.3
#    CR              : 0.8
#    tolerance       : 3e-06
# nthreads           : 32
# lgo input file     : bcf2.lgo
# site pat input file: ../../chrX/boot_chrX/boot17.opf
# free parameters    : 15
# points in DE swarm : 45
# output state file  : b1boot17.state
# Including singleton site patterns.
# cost function      : KL
Initial parameter values
Fixed:
      zero = 0
       one = 1
    Tbecnw = 75200
Free:
       pc1 = 0
       pc2 = 0
       pc3 = 0
       pc4 = 0
       pc5 = 0
       pc6 = 0
       pc7 = 0
       pc8 = 0
       pc9 = 0
      pc10 = 0
      pc11 = 0
      pc12 = 0
      pc13 = 0
      pc14 = 0
      pc15 = 0
Constrained:
     Tecnw = 34696.8
       Tnw = 2841.08
       Tec = 1826.1
     twoNb = 1.95322e+06
     twoNe = 9945.05
     twoNc = 305236
     twoNn = 288543
     twoNw = 1.84111e+06
    twoNec = 167056
    twoNnw = 105792
  twoNecnw = 28725.7
  twoNbecnw = 50255.9
        m2 = 0.0277895
        m3 = 0.253418
        m6 = 2.58689e-05
        Tb = 18261.5
        Tc = 1420.54
        Tf = 710.271
DiffEv reached_goal. cost=2.71116e-03 spread=2.99902e-06
Fitted parameter values
Free:
       pc1 = 2.87177
       pc2 = 1.63913
       pc3 = -0.705407
       pc4 = 1.98931
       pc5 = -0.854012
       pc6 = 1.04833
       pc7 = -1.71581
       pc8 = -1.73125
       pc9 = -1.11288
      pc10 = 0.255756
      pc11 = 0.790502
      pc12 = -0.293623
      pc13 = 0.419404
      pc14 = 0.199311
      pc15 = 0.0607071
Constrained:
     Tecnw = 35086.5
       Tnw = 20.9799
       Tec = 358.25
     twoNb = 4.75851e+06
     twoNe = 9357.33
     twoNc = 822267
     twoNn = 278745
     twoNw = 3.53444e+06
    twoNec = 162936
    twoNnw = 124606
  twoNecnw = 27812.5
  twoNbecnw = 49758.8
        m2 = 0.033405
        m3 = 0.242621
        m6 = 1.7045e-05
        Tb = 17722.4
        Tc = 10.49
        Tf = 5.24498
#       SitePat  BranchLen
              b 117559.7969646
              e 44487.4851116
              c 44920.2303704
              n 41602.2025767
              w 44838.2641365
            b:e 1427.2564148
            b:c 1444.8540471
            b:n 1039.8673604
            b:w 1150.7753349
            e:c 11207.6933545
            e:n 4614.5128657
            e:w 3245.8484132
            c:n 4181.5445441
            c:w 3324.3011701
            n:w 11960.4943483
          b:e:c 1225.8000895
          b:e:n 563.1761456
          b:e:w 544.8362127
          b:c:n 545.5544857
          b:c:w 562.2349459
          b:n:w 1221.1904534
          e:c:n 5308.1877992
          e:c:w 4305.6781367
          e:n:w 5604.5548311
          c:n:w 5526.3256740
        b:e:c:n 1152.4904095
        b:e:c:w 1035.5978370
        b:e:n:w 1420.3913701
        b:c:n:w 1403.0161274
        e:c:n:w 46153.3292074
