########################################
# legofit: estimate population history #
#       version 2.3.4-4-g53f8760       #
########################################

# Program was compiled: Sep 21 2021 14:36:42
# Program was run: Wed Sep 22 16:20:46 2021

# cmd: legofit -1 -d 0 -t 32 --ptsPerDim 3 --stateOut b1boot2.state --tol 3e-6 -S 5000 bcf2.lgo ../../chrX/boot_chrX/boot2.opf
# Stage nOptItr nSimReps
#     0    5000        0
# algorithm          : deterministic
# ignoring probs <=  : 0
# Branch length floor: 0
# DE strategy        : 2
#    F               : 0.3
#    CR              : 0.8
#    tolerance       : 3e-06
# nthreads           : 32
# lgo input file     : bcf2.lgo
# site pat input file: ../../chrX/boot_chrX/boot2.opf
# free parameters    : 15
# points in DE swarm : 45
# output state file  : b1boot2.state
# Including singleton site patterns.
# cost function      : KL
Initial parameter values
Fixed:
      zero = 0
       one = 1
    Tbecnw = 75200
Free:
       pc1 = 0
       pc2 = 0
       pc3 = 0
       pc4 = 0
       pc5 = 0
       pc6 = 0
       pc7 = 0
       pc8 = 0
       pc9 = 0
      pc10 = 0
      pc11 = 0
      pc12 = 0
      pc13 = 0
      pc14 = 0
      pc15 = 0
Constrained:
     Tecnw = 34696.8
       Tnw = 2841.08
       Tec = 1826.1
     twoNb = 1.95322e+06
     twoNe = 9945.05
     twoNc = 305236
     twoNn = 288543
     twoNw = 1.84111e+06
    twoNec = 167056
    twoNnw = 105792
  twoNecnw = 28725.7
  twoNbecnw = 50255.9
        m2 = 0.0277895
        m3 = 0.253418
        m6 = 2.58689e-05
        Tb = 18261.5
        Tc = 1420.54
        Tf = 710.271
DiffEv reached_goal. cost=2.76773e-03 spread=2.77076e-06
Fitted parameter values
Free:
       pc1 = 2.52336
       pc2 = 1.62628
       pc3 = 1.02897
       pc4 = 1.95219
       pc5 = 0.542411
       pc6 = 1.53711
       pc7 = -1.38885
       pc8 = -1.83846
       pc9 = -0.489986
      pc10 = -0.416095
      pc11 = 0.677289
      pc12 = 0.0141938
      pc13 = -0.241265
      pc14 = 0.106893
      pc15 = -0.00837791
Constrained:
     Tecnw = 35069.2
       Tnw = 45.3946
       Tec = 62.1014
     twoNb = 4.70983e+06
     twoNe = 879.244
     twoNc = 486488
     twoNn = 228701
     twoNw = 1.75167e+06
    twoNec = 173990
    twoNnw = 118780
  twoNecnw = 28211.3
  twoNbecnw = 49576.1
        m2 = 0.0344774
        m3 = 0.244222
        m6 = 3.94119e-07
        Tb = 17565.6
        Tc = 22.6973
        Tf = 11.3487
#       SitePat  BranchLen
              b 117242.0430415
              e 44947.9335968
              c 45479.0001887
              n 41470.8048089
              w 44682.0541756
            b:e 1470.7290211
            b:c 1492.6356851
            b:n 1044.5377452
            b:w 1150.8796067
            e:c 11040.6704263
            e:n 4711.4954732
            e:w 3277.5951829
            c:n 4180.4234902
            c:w 3374.2218190
            n:w 12254.9674110
          b:e:c 1243.3148933
          b:e:n 576.0179470
          b:e:w 553.3808736
          b:c:n 554.1107014
          b:c:w 575.0056484
          b:n:w 1238.6077646
          e:c:n 5231.4284719
          e:c:w 4268.3153156
          e:n:w 5749.8030971
          c:n:w 5653.1818649
        b:e:c:n 1152.6791214
        b:e:c:w 1040.0451374
        b:e:n:w 1466.9748669
        b:c:n:w 1445.3506607
        e:c:n:w 45515.9292900
