########################################
# legofit: estimate population history #
#       version 2.3.4-4-g53f8760       #
########################################

# Program was compiled: Sep 21 2021 14:36:42
# Program was run: Wed Sep 22 16:21:20 2021

# cmd: legofit -1 -d 0 -t 32 --ptsPerDim 3 --stateOut b1boot19.state --tol 3e-6 -S 5000 bcf2.lgo ../../chrX/boot_chrX/boot19.opf
# Stage nOptItr nSimReps
#     0    5000        0
# algorithm          : deterministic
# ignoring probs <=  : 0
# Branch length floor: 0
# DE strategy        : 2
#    F               : 0.3
#    CR              : 0.8
#    tolerance       : 3e-06
# nthreads           : 32
# lgo input file     : bcf2.lgo
# site pat input file: ../../chrX/boot_chrX/boot19.opf
# free parameters    : 15
# points in DE swarm : 45
# output state file  : b1boot19.state
# Including singleton site patterns.
# cost function      : KL
Initial parameter values
Fixed:
      zero = 0
       one = 1
    Tbecnw = 75200
Free:
       pc1 = 0
       pc2 = 0
       pc3 = 0
       pc4 = 0
       pc5 = 0
       pc6 = 0
       pc7 = 0
       pc8 = 0
       pc9 = 0
      pc10 = 0
      pc11 = 0
      pc12 = 0
      pc13 = 0
      pc14 = 0
      pc15 = 0
Constrained:
     Tecnw = 34696.8
       Tnw = 2841.08
       Tec = 1826.1
     twoNb = 1.95322e+06
     twoNe = 9945.05
     twoNc = 305236
     twoNn = 288543
     twoNw = 1.84111e+06
    twoNec = 167056
    twoNnw = 105792
  twoNecnw = 28725.7
  twoNbecnw = 50255.9
        m2 = 0.0277895
        m3 = 0.253418
        m6 = 2.58689e-05
        Tb = 18261.5
        Tc = 1420.54
        Tf = 710.271
DiffEv reached_goal. cost=2.56351e-03 spread=2.87375e-06
Fitted parameter values
Free:
       pc1 = 2.46078
       pc2 = 1.9585
       pc3 = 0.687897
       pc4 = 1.85829
       pc5 = 0.924981
       pc6 = 1.74999
       pc7 = -0.00543619
       pc8 = -1.48516
       pc9 = -0.896605
      pc10 = 0.776122
      pc11 = 0.100268
      pc12 = 0.182441
      pc13 = 0.0684264
      pc14 = -0.17082
      pc15 = 0.0117561
Constrained:
     Tecnw = 35304.4
       Tnw = 13.4894
       Tec = 80.6193
     twoNb = 4.33167e+06
     twoNe = 1595.75
     twoNc = 176803
     twoNn = 11334.7
     twoNw = 1.65686e+06
    twoNec = 165622
    twoNnw = 116415
  twoNecnw = 27742.8
  twoNbecnw = 49700.4
        m2 = 0.034985
        m3 = 0.248186
        m6 = 3.01801e-05
        Tb = 17692.5
        Tc = 6.74472
        Tf = 3.37236
#       SitePat  BranchLen
              b 117452.1511691
              e 44634.8292204
              c 45187.7842452
              n 41246.9290880
              w 44656.2920784
            b:e 1453.3110566
            b:c 1475.9097413
            b:n 1028.7738768
            b:w 1142.5299523
            e:c 11244.7058817
            e:n 4699.7153564
            e:w 3192.2387332
            c:n 4146.3393706
            c:w 3292.1118463
            n:w 12341.3913160
          b:e:c 1242.6930058
          b:e:n 562.8657220
          b:e:w 539.3825384
          b:c:n 540.2217952
          b:c:w 561.7015361
          b:n:w 1237.3771283
          e:c:n 5258.6907569
          e:c:w 4220.0231154
          e:n:w 5683.8246576
          c:n:w 5584.3735989
        b:e:c:n 1144.5085007
        b:e:c:w 1023.7646664
        b:e:n:w 1447.8168931
        b:c:n:w 1425.5420442
        e:c:n:w 45930.1795216
