########################################
# legofit: estimate population history #
#       version 2.3.4-4-g53f8760       #
########################################

# Program was compiled: Sep 21 2021 14:36:42
# Program was run: Wed Sep 22 16:20:57 2021

# cmd: legofit -1 -d 0 -t 32 --ptsPerDim 3 --stateOut b1boot8.state --tol 3e-6 -S 5000 bcf2.lgo ../../chrX/boot_chrX/boot8.opf
# Stage nOptItr nSimReps
#     0    5000        0
# algorithm          : deterministic
# ignoring probs <=  : 0
# Branch length floor: 0
# DE strategy        : 2
#    F               : 0.3
#    CR              : 0.8
#    tolerance       : 3e-06
# nthreads           : 32
# lgo input file     : bcf2.lgo
# site pat input file: ../../chrX/boot_chrX/boot8.opf
# free parameters    : 15
# points in DE swarm : 45
# output state file  : b1boot8.state
# Including singleton site patterns.
# cost function      : KL
Initial parameter values
Fixed:
      zero = 0
       one = 1
    Tbecnw = 75200
Free:
       pc1 = 0
       pc2 = 0
       pc3 = 0
       pc4 = 0
       pc5 = 0
       pc6 = 0
       pc7 = 0
       pc8 = 0
       pc9 = 0
      pc10 = 0
      pc11 = 0
      pc12 = 0
      pc13 = 0
      pc14 = 0
      pc15 = 0
Constrained:
     Tecnw = 34696.8
       Tnw = 2841.08
       Tec = 1826.1
     twoNb = 1.95322e+06
     twoNe = 9945.05
     twoNc = 305236
     twoNn = 288543
     twoNw = 1.84111e+06
    twoNec = 167056
    twoNnw = 105792
  twoNecnw = 28725.7
  twoNbecnw = 50255.9
        m2 = 0.0277895
        m3 = 0.253418
        m6 = 2.58689e-05
        Tb = 18261.5
        Tc = 1420.54
        Tf = 710.271
DiffEv reached_goal. cost=2.72306e-03 spread=2.96874e-06
Fitted parameter values
Free:
       pc1 = 3.58364
       pc2 = 1.0598
       pc3 = 0.0463526
       pc4 = 1.99124
       pc5 = 1.77712
       pc6 = -1.44272
       pc7 = -0.619447
       pc8 = -1.98393
       pc9 = -0.986818
      pc10 = -0.34988
      pc11 = -0.311332
      pc12 = -0.49532
      pc13 = 0.43671
      pc14 = -0.0581625
      pc15 = 0.0100154
Constrained:
     Tecnw = 35371.6
       Tnw = 14.5918
       Tec = 90.2725
     twoNb = 4.59932e+06
     twoNe = 2169.84
     twoNc = 168958
     twoNn = 413939
     twoNw = 3.15109e+06
    twoNec = 174006
    twoNnw = 120839
  twoNecnw = 28154.8
  twoNbecnw = 52212.3
        m2 = 0.0355423
        m3 = 0.260338
        m6 = 2.35479e-05
        Tb = 17730.9
        Tc = 7.29592
        Tf = 3.64796
#       SitePat  BranchLen
              b 119389.6061589
              e 45318.7622499
              c 45807.7320548
              n 41909.1510043
              w 45294.3552463
            b:e 1562.8508293
            b:c 1584.0980453
            b:n 1118.3983445
            b:w 1234.6980874
            e:c 11152.1926801
            e:n 4827.5265239
            e:w 3359.8714626
            c:n 4338.2312369
            c:w 3450.2257238
            n:w 12217.5560641
          b:e:c 1310.6061901
          b:e:n 615.6254673
          b:e:w 593.4824965
          b:c:n 594.3412985
          b:c:w 614.4877571
          b:n:w 1305.4498942
          e:c:n 5411.3396047
          e:c:w 4391.1034425
          e:n:w 5873.4636243
          c:n:w 5783.4356872
        b:e:c:n 1236.7449642
        b:e:c:w 1113.1342279
        b:e:n:w 1556.4091990
        b:c:n:w 1535.4400494
        e:c:n:w 47042.2600472
