########################################
# legofit: estimate population history #
#       version 2.3.4-4-g53f8760       #
########################################

# Program was compiled: Sep 21 2021 14:36:42
# Program was run: Wed Sep 22 16:22:00 2021

# cmd: legofit -1 -d 0 -t 32 --ptsPerDim 3 --stateOut b1boot45.state --tol 3e-6 -S 5000 bcf2.lgo ../../chrX/boot_chrX/boot45.opf
# Stage nOptItr nSimReps
#     0    5000        0
# algorithm          : deterministic
# ignoring probs <=  : 0
# Branch length floor: 0
# DE strategy        : 2
#    F               : 0.3
#    CR              : 0.8
#    tolerance       : 3e-06
# nthreads           : 32
# lgo input file     : bcf2.lgo
# site pat input file: ../../chrX/boot_chrX/boot45.opf
# free parameters    : 15
# points in DE swarm : 45
# output state file  : b1boot45.state
# Including singleton site patterns.
# cost function      : KL
Initial parameter values
Fixed:
      zero = 0
       one = 1
    Tbecnw = 75200
Free:
       pc1 = 0
       pc2 = 0
       pc3 = 0
       pc4 = 0
       pc5 = 0
       pc6 = 0
       pc7 = 0
       pc8 = 0
       pc9 = 0
      pc10 = 0
      pc11 = 0
      pc12 = 0
      pc13 = 0
      pc14 = 0
      pc15 = 0
Constrained:
     Tecnw = 34696.8
       Tnw = 2841.08
       Tec = 1826.1
     twoNb = 1.95322e+06
     twoNe = 9945.05
     twoNc = 305236
     twoNn = 288543
     twoNw = 1.84111e+06
    twoNec = 167056
    twoNnw = 105792
  twoNecnw = 28725.7
  twoNbecnw = 50255.9
        m2 = 0.0277895
        m3 = 0.253418
        m6 = 2.58689e-05
        Tb = 18261.5
        Tc = 1420.54
        Tf = 710.271
DiffEv reached_goal. cost=2.48583e-03 spread=2.17885e-06
Fitted parameter values
Free:
       pc1 = 2.32026
       pc2 = 1.91424
       pc3 = 2.15302
       pc4 = 1.90162
       pc5 = 0.629798
       pc6 = 1.18268
       pc7 = -0.455823
       pc8 = -1.39572
       pc9 = -0.123839
      pc10 = -0.16002
      pc11 = 0.572562
      pc12 = -0.1089
      pc13 = 0.284116
      pc14 = 0.133869
      pc15 = 0.0164448
Constrained:
     Tecnw = 34993.5
       Tnw = 0.723609
       Tec = 44.7585
     twoNb = 4.45639e+06
     twoNe = 943.659
     twoNc = 118459
     twoNn = 317201
     twoNw = 500337
    twoNec = 171177
    twoNnw = 123616
  twoNecnw = 27968.8
  twoNbecnw = 49588.4
        m2 = 0.0340585
        m3 = 0.248886
        m6 = 6.9451e-06
        Tb = 17519.1
        Tc = 0.361804
        Tf = 0.180902
#       SitePat  BranchLen
              b 117351.1253311
              e 44595.2480262
              c 45159.4942840
              n 41485.7258969
              w 44807.8456577
            b:e 1442.8971654
            b:c 1465.9440348
            b:n 1039.3468145
            b:w 1148.8625119
            e:c 10995.1717174
            e:n 4765.8769669
            e:w 3276.5079542
            c:n 4201.5391401
            c:w 3378.9849401
            n:w 11917.0822287
          b:e:c 1215.9206041
          b:e:n 572.7301201
          b:e:w 548.8932034
          b:c:n 549.6733589
          b:c:w 571.6343882
          b:n:w 1211.0132502
          e:c:n 5289.3600508
          e:c:w 4287.7198426
          e:n:w 5678.5076017
          c:n:w 5576.1224236
        b:e:c:n 1150.7455089
        b:e:c:w 1034.5493590
        b:e:n:w 1439.1362912
        b:c:n:w 1416.4047595
        e:c:n:w 45865.6122892
