########################################
# legofit: estimate population history #
#       version 2.3.4-4-g53f8760       #
########################################

# Program was compiled: Sep 21 2021 14:36:42
# Program was run: Wed Sep 22 16:21:33 2021

# cmd: legofit -1 -d 0 -t 32 --ptsPerDim 3 --stateOut b1boot28.state --tol 3e-6 -S 5000 bcf2.lgo ../../chrX/boot_chrX/boot28.opf
# Stage nOptItr nSimReps
#     0    5000        0
# algorithm          : deterministic
# ignoring probs <=  : 0
# Branch length floor: 0
# DE strategy        : 2
#    F               : 0.3
#    CR              : 0.8
#    tolerance       : 3e-06
# nthreads           : 32
# lgo input file     : bcf2.lgo
# site pat input file: ../../chrX/boot_chrX/boot28.opf
# free parameters    : 15
# points in DE swarm : 45
# output state file  : b1boot28.state
# Including singleton site patterns.
# cost function      : KL
Initial parameter values
Fixed:
      zero = 0
       one = 1
    Tbecnw = 75200
Free:
       pc1 = 0
       pc2 = 0
       pc3 = 0
       pc4 = 0
       pc5 = 0
       pc6 = 0
       pc7 = 0
       pc8 = 0
       pc9 = 0
      pc10 = 0
      pc11 = 0
      pc12 = 0
      pc13 = 0
      pc14 = 0
      pc15 = 0
Constrained:
     Tecnw = 34696.8
       Tnw = 2841.08
       Tec = 1826.1
     twoNb = 1.95322e+06
     twoNe = 9945.05
     twoNc = 305236
     twoNn = 288543
     twoNw = 1.84111e+06
    twoNec = 167056
    twoNnw = 105792
  twoNecnw = 28725.7
  twoNbecnw = 50255.9
        m2 = 0.0277895
        m3 = 0.253418
        m6 = 2.58689e-05
        Tb = 18261.5
        Tc = 1420.54
        Tf = 710.271
DiffEv reached_goal. cost=2.68914e-03 spread=2.86229e-06
Fitted parameter values
Free:
       pc1 = 2.51565
       pc2 = 1.82664
       pc3 = 0.944871
       pc4 = 1.98243
       pc5 = -0.19474
       pc6 = 1.74139
       pc7 = -1.78577
       pc8 = -1.94129
       pc9 = -0.129319
      pc10 = -0.571764
      pc11 = 0.15494
      pc12 = -0.548074
      pc13 = 0.0747358
      pc14 = 0.173595
      pc15 = 0.00594626
Constrained:
     Tecnw = 34585.9
       Tnw = 9.56172
       Tec = 90.6901
     twoNb = 4.64425e+06
     twoNe = 1879.25
     twoNc = 649219
     twoNn = 304901
     twoNw = 1.88716e+06
    twoNec = 172283
    twoNnw = 123227
  twoNecnw = 28024.3
  twoNbecnw = 49401.1
        m2 = 0.0363007
        m3 = 0.242236
        m6 = 3.17172e-06
        Tb = 17338.3
        Tc = 4.78086
        Tf = 2.39043
#       SitePat  BranchLen
              b 117196.8183900
              e 44561.1946333
              c 45093.8910849
              n 41298.7661107
              w 44422.5593437
            b:e 1457.4414031
            b:c 1479.3418496
            b:n 1029.7984597
            b:w 1124.3660405
            e:c 10871.3797559
            e:n 4702.9820970
            e:w 3292.0050277
            c:n 4170.2439410
            c:w 3389.9411246
            n:w 11912.4698952
          b:e:c 1200.9969874
          b:e:n 566.1594124
          b:e:w 543.4794514
          b:c:n 544.2544270
          b:c:w 565.0775383
          b:n:w 1196.0014495
          e:c:n 5210.0088924
          e:c:w 4286.0304429
          e:n:w 5753.7230850
          c:n:w 5655.8288043
        b:e:c:n 1126.2525884
        b:e:c:w 1025.0069595
        b:e:n:w 1451.7652336
        b:c:n:w 1430.1715738
        e:c:n:w 45888.5057942
