########################################
# legofit: estimate population history #
#       version 2.3.4-4-g53f8760       #
########################################

# Program was compiled: Sep 21 2021 14:36:42
# Program was run: Wed Sep 22 16:21:43 2021

# cmd: legofit -1 -d 0 -t 32 --ptsPerDim 3 --stateOut b1boot33.state --tol 3e-6 -S 5000 bcf2.lgo ../../chrX/boot_chrX/boot33.opf
# Stage nOptItr nSimReps
#     0    5000        0
# algorithm          : deterministic
# ignoring probs <=  : 0
# Branch length floor: 0
# DE strategy        : 2
#    F               : 0.3
#    CR              : 0.8
#    tolerance       : 3e-06
# nthreads           : 32
# lgo input file     : bcf2.lgo
# site pat input file: ../../chrX/boot_chrX/boot33.opf
# free parameters    : 15
# points in DE swarm : 45
# output state file  : b1boot33.state
# Including singleton site patterns.
# cost function      : KL
Initial parameter values
Fixed:
      zero = 0
       one = 1
    Tbecnw = 75200
Free:
       pc1 = 0
       pc2 = 0
       pc3 = 0
       pc4 = 0
       pc5 = 0
       pc6 = 0
       pc7 = 0
       pc8 = 0
       pc9 = 0
      pc10 = 0
      pc11 = 0
      pc12 = 0
      pc13 = 0
      pc14 = 0
      pc15 = 0
Constrained:
     Tecnw = 34696.8
       Tnw = 2841.08
       Tec = 1826.1
     twoNb = 1.95322e+06
     twoNe = 9945.05
     twoNc = 305236
     twoNn = 288543
     twoNw = 1.84111e+06
    twoNec = 167056
    twoNnw = 105792
  twoNecnw = 28725.7
  twoNbecnw = 50255.9
        m2 = 0.0277895
        m3 = 0.253418
        m6 = 2.58689e-05
        Tb = 18261.5
        Tc = 1420.54
        Tf = 710.271
DiffEv reached_goal. cost=2.67489e-03 spread=2.64197e-06
Fitted parameter values
Free:
       pc1 = 2.96026
       pc2 = 0.51637
       pc3 = 1.27489
       pc4 = 1.91726
       pc5 = 0.713399
       pc6 = -0.704942
       pc7 = -0.787866
       pc8 = -1.99502
       pc9 = -0.569871
      pc10 = 0.748821
      pc11 = 0.134788
      pc12 = -0.950729
      pc13 = 0.314235
      pc14 = -0.201862
      pc15 = 0.0177557
Constrained:
     Tecnw = 35147.9
       Tnw = 51.3005
       Tec = 88.3166
     twoNb = 4.19681e+06
     twoNe = 1384.8
     twoNc = 152348
     twoNn = 503770
     twoNw = 2.1436e+06
    twoNec = 171043
    twoNnw = 119783
  twoNecnw = 27519.9
  twoNbecnw = 51476.8
        m2 = 0.0330684
        m3 = 0.238948
        m6 = 1.97505e-05
        Tb = 17618.1
        Tc = 25.6503
        Tf = 12.8251
#       SitePat  BranchLen
              b 119107.3180193
              e 44710.6034307
              c 45231.6139231
              n 41376.0763710
              w 44557.0228511
            b:e 1476.3759664
            b:c 1498.0458348
            b:n 1050.5851584
            b:w 1158.0256008
            e:c 11101.6662025
            e:n 4656.6958333
            e:w 3244.6661149
            c:n 4135.4180015
            c:w 3339.8218454
            n:w 12213.2242172
          b:e:c 1254.7942969
          b:e:n 575.7194397
          b:e:w 553.2294104
          b:c:n 554.0203341
          b:c:w 574.6213193
          b:n:w 1249.5887810
          e:c:n 5253.2183550
          e:c:w 4288.5474983
          e:n:w 5743.2019354
          c:n:w 5648.3142593
        b:e:c:n 1159.9664930
        b:e:c:w 1045.7653457
        b:e:n:w 1469.7845301
        b:c:n:w 1448.4211434
        e:c:n:w 47642.0268211
