########################################
# legofit: estimate population history #
#       version 2.3.4-4-g53f8760       #
########################################

# Program was compiled: Sep 21 2021 14:36:42
# Program was run: Wed Sep 22 16:20:46 2021

# cmd: legofit -1 -d 0 -t 32 --ptsPerDim 3 --stateOut b1boot1.state --tol 3e-6 -S 5000 bcf2.lgo ../../chrX/boot_chrX/boot1.opf
# Stage nOptItr nSimReps
#     0    5000        0
# algorithm          : deterministic
# ignoring probs <=  : 0
# Branch length floor: 0
# DE strategy        : 2
#    F               : 0.3
#    CR              : 0.8
#    tolerance       : 3e-06
# nthreads           : 32
# lgo input file     : bcf2.lgo
# site pat input file: ../../chrX/boot_chrX/boot1.opf
# free parameters    : 15
# points in DE swarm : 45
# output state file  : b1boot1.state
# Including singleton site patterns.
# cost function      : KL
Initial parameter values
Fixed:
      zero = 0
       one = 1
    Tbecnw = 75200
Free:
       pc1 = 0
       pc2 = 0
       pc3 = 0
       pc4 = 0
       pc5 = 0
       pc6 = 0
       pc7 = 0
       pc8 = 0
       pc9 = 0
      pc10 = 0
      pc11 = 0
      pc12 = 0
      pc13 = 0
      pc14 = 0
      pc15 = 0
Constrained:
     Tecnw = 34696.8
       Tnw = 2841.08
       Tec = 1826.1
     twoNb = 1.95322e+06
     twoNe = 9945.05
     twoNc = 305236
     twoNn = 288543
     twoNw = 1.84111e+06
    twoNec = 167056
    twoNnw = 105792
  twoNecnw = 28725.7
  twoNbecnw = 50255.9
        m2 = 0.0277895
        m3 = 0.253418
        m6 = 2.58689e-05
        Tb = 18261.5
        Tc = 1420.54
        Tf = 710.271
DiffEv reached_goal. cost=2.78230e-03 spread=2.34266e-06
Fitted parameter values
Free:
       pc1 = 3.05845
       pc2 = 1.35816
       pc3 = -0.198738
       pc4 = 1.90374
       pc5 = 1.33661
       pc6 = 0.403053
       pc7 = -0.250654
       pc8 = -1.92248
       pc9 = -1.11367
      pc10 = -0.129599
      pc11 = 0.463939
      pc12 = 0.158018
      pc13 = 0.111101
      pc14 = 0.00212011
      pc15 = 0.00500318
Constrained:
     Tecnw = 35499.1
       Tnw = 19.2246
       Tec = 136.282
     twoNb = 4.71759e+06
     twoNe = 3377.77
     twoNc = 354454
     twoNn = 121000
     twoNw = 2.5566e+06
    twoNec = 171332
    twoNnw = 118564
  twoNecnw = 28226.4
  twoNbecnw = 50901.8
        m2 = 0.0336288
        m3 = 0.255426
        m6 = 2.71107e-05
        Tb = 17817.7
        Tc = 9.61232
        Tf = 4.80616
#       SitePat  BranchLen
              b 118294.7251203
              e 45210.3837882
              c 45678.9686128
              n 41809.5592066
              w 45195.0523815
            b:e 1509.0995574
            b:c 1528.8658984
            b:n 1087.7123696
            b:w 1208.9672198
            e:c 11253.6014543
            e:n 4749.4930209
            e:w 3302.3420144
            c:n 4280.5304645
            c:w 3387.7299973
            n:w 12353.4939698
          b:e:c 1296.1338316
          b:e:n 597.1253596
          b:e:w 576.5509885
          b:c:n 577.3175021
          b:c:w 596.1158956
          b:n:w 1291.4248874
          e:c:n 5364.9410500
          e:c:w 4327.6708973
          e:n:w 5759.5357063
          c:n:w 5674.5263331
        b:e:c:n 1210.8060799
        b:e:c:w 1083.0556586
        b:e:n:w 1503.7977258
        b:c:n:w 1484.2734572
        e:c:n:w 46101.4344192
