########################################
# legofit: estimate population history #
#       version 2.3.4-4-g53f8760       #
########################################

# Program was compiled: Sep 21 2021 14:36:42
# Program was run: Wed Sep 22 16:21:51 2021

# cmd: legofit -1 -d 0 -t 32 --ptsPerDim 3 --stateOut b1boot38.state --tol 3e-6 -S 5000 bcf2.lgo ../../chrX/boot_chrX/boot38.opf
# Stage nOptItr nSimReps
#     0    5000        0
# algorithm          : deterministic
# ignoring probs <=  : 0
# Branch length floor: 0
# DE strategy        : 2
#    F               : 0.3
#    CR              : 0.8
#    tolerance       : 3e-06
# nthreads           : 32
# lgo input file     : bcf2.lgo
# site pat input file: ../../chrX/boot_chrX/boot38.opf
# free parameters    : 15
# points in DE swarm : 45
# output state file  : b1boot38.state
# Including singleton site patterns.
# cost function      : KL
Initial parameter values
Fixed:
      zero = 0
       one = 1
    Tbecnw = 75200
Free:
       pc1 = 0
       pc2 = 0
       pc3 = 0
       pc4 = 0
       pc5 = 0
       pc6 = 0
       pc7 = 0
       pc8 = 0
       pc9 = 0
      pc10 = 0
      pc11 = 0
      pc12 = 0
      pc13 = 0
      pc14 = 0
      pc15 = 0
Constrained:
     Tecnw = 34696.8
       Tnw = 2841.08
       Tec = 1826.1
     twoNb = 1.95322e+06
     twoNe = 9945.05
     twoNc = 305236
     twoNn = 288543
     twoNw = 1.84111e+06
    twoNec = 167056
    twoNnw = 105792
  twoNecnw = 28725.7
  twoNbecnw = 50255.9
        m2 = 0.0277895
        m3 = 0.253418
        m6 = 2.58689e-05
        Tb = 18261.5
        Tc = 1420.54
        Tf = 710.271
DiffEv reached_goal. cost=2.75561e-03 spread=2.71217e-06
Fitted parameter values
Free:
       pc1 = 3.28517
       pc2 = 1.65424
       pc3 = 0.296025
       pc4 = 1.97677
       pc5 = 0.642577
       pc6 = 0.947572
       pc7 = -0.147371
       pc8 = -1.89144
       pc9 = 0.928059
      pc10 = -0.194041
      pc11 = 0.458643
      pc12 = -0.983355
      pc13 = 0.282943
      pc14 = 0.119905
      pc15 = -0.00898352
Constrained:
     Tecnw = 34906.6
       Tnw = 72.8314
       Tec = 47.5513
     twoNb = 4.52366e+06
     twoNe = 252.265
     twoNc = 692393
     twoNn = 292321
     twoNw = 1.03255e+06
    twoNec = 174013
    twoNnw = 123184
  twoNecnw = 27352.9
  twoNbecnw = 50523.8
        m2 = 0.0344921
        m3 = 0.259432
        m6 = 3.55604e-05
        Tb = 17477.1
        Tc = 36.4157
        Tf = 18.2078
#       SitePat  BranchLen
              b 118345.9448335
              e 44453.5697952
              c 45003.9622907
              n 41289.0910375
              w 44623.7932528
            b:e 1443.6316660
            b:c 1466.1298041
            b:n 1030.3938667
            b:w 1132.7550216
            e:c 10763.5357790
            e:n 4764.5963235
            e:w 3269.6564648
            c:n 4213.7372729
            c:w 3370.3386262
            n:w 11685.8714769
          b:e:c 1188.6807476
          b:e:n 568.4523159
          b:e:w 545.0865248
          b:c:n 545.9034649
          b:c:w 567.3214460
          b:n:w 1183.8223733
          e:c:n 5259.3413498
          e:c:w 4271.9914663
          e:n:w 5695.9987146
          c:n:w 5595.7843439
        b:e:c:n 1134.6261985
        b:e:c:w 1025.1990272
        b:e:n:w 1438.9330788
        b:c:n:w 1416.7476349
        e:c:n:w 47210.3285516
