########################################
# legofit: estimate population history #
#       version 2.3.4-4-g53f8760       #
########################################

# Program was compiled: Sep 21 2021 14:36:42
# Program was run: Wed Sep 22 16:21:09 2021

# cmd: legofit -1 -d 0 -t 32 --ptsPerDim 3 --stateOut b1boot15.state --tol 3e-6 -S 5000 bcf2.lgo ../../chrX/boot_chrX/boot15.opf
# Stage nOptItr nSimReps
#     0    5000        0
# algorithm          : deterministic
# ignoring probs <=  : 0
# Branch length floor: 0
# DE strategy        : 2
#    F               : 0.3
#    CR              : 0.8
#    tolerance       : 3e-06
# nthreads           : 32
# lgo input file     : bcf2.lgo
# site pat input file: ../../chrX/boot_chrX/boot15.opf
# free parameters    : 15
# points in DE swarm : 45
# output state file  : b1boot15.state
# Including singleton site patterns.
# cost function      : KL
Initial parameter values
Fixed:
      zero = 0
       one = 1
    Tbecnw = 75200
Free:
       pc1 = 0
       pc2 = 0
       pc3 = 0
       pc4 = 0
       pc5 = 0
       pc6 = 0
       pc7 = 0
       pc8 = 0
       pc9 = 0
      pc10 = 0
      pc11 = 0
      pc12 = 0
      pc13 = 0
      pc14 = 0
      pc15 = 0
Constrained:
     Tecnw = 34696.8
       Tnw = 2841.08
       Tec = 1826.1
     twoNb = 1.95322e+06
     twoNe = 9945.05
     twoNc = 305236
     twoNn = 288543
     twoNw = 1.84111e+06
    twoNec = 167056
    twoNnw = 105792
  twoNecnw = 28725.7
  twoNbecnw = 50255.9
        m2 = 0.0277895
        m3 = 0.253418
        m6 = 2.58689e-05
        Tb = 18261.5
        Tc = 1420.54
        Tf = 710.271
DiffEv reached_goal. cost=2.55557e-03 spread=2.92414e-06
Fitted parameter values
Free:
       pc1 = 2.75718
       pc2 = 0.595686
       pc3 = 1.17757
       pc4 = 1.98582
       pc5 = 1.24516
       pc6 = -1.40355
       pc7 = -1.34864
       pc8 = -1.98112
       pc9 = -0.929513
      pc10 = -1.26754
      pc11 = -0.729305
      pc12 = -0.236889
      pc13 = 0.414656
      pc14 = -0.0202579
      pc15 = 0.00310109
Constrained:
     Tecnw = 34905.4
       Tnw = 19.0251
       Tec = 68.9841
     twoNb = 4.3367e+06
     twoNe = 1467.36
     twoNc = 69309.4
     twoNn = 577920
     twoNw = 2.79957e+06
    twoNec = 177494
    twoNnw = 122293
  twoNecnw = 29002.2
  twoNbecnw = 51764.2
        m2 = 0.0358925
        m3 = 0.2507
        m6 = 7.82686e-06
        Tb = 17487.2
        Tc = 9.51254
        Tf = 4.75627
#       SitePat  BranchLen
              b 118812.2341724
              e 45444.2860005
              c 45944.7117227
              n 41983.0756880
              w 45197.6047903
            b:e 1589.4761675
            b:c 1611.5609730
            b:n 1137.5599023
            b:w 1248.2710538
            e:c 11119.6589523
            e:n 4862.4608286
            e:w 3445.0583716
            c:n 4361.9283617
            c:w 3538.7922054
            n:w 12277.5856265
          b:e:c 1326.1327700
          b:e:n 629.4509189
          b:e:w 606.4831372
          b:c:n 607.3538848
          b:c:w 628.2754965
          b:n:w 1320.6499507
          e:c:n 5418.4443849
          e:c:w 4454.0517754
          e:n:w 5962.7787010
          c:n:w 5869.1519115
        b:e:c:n 1250.4775049
        b:e:c:w 1132.2146442
        b:e:n:w 1581.8369233
        b:c:n:w 1560.0564930
        e:c:n:w 46219.2229120
