########################################
# legofit: estimate population history #
#       version 2.3.4-4-g53f8760       #
########################################

# Program was compiled: Sep 21 2021 14:36:42
# Program was run: Wed Sep 22 16:20:59 2021

# cmd: legofit -1 -d 0 -t 32 --ptsPerDim 3 --stateOut b1boot10.state --tol 3e-6 -S 5000 bcf2.lgo ../../chrX/boot_chrX/boot10.opf
# Stage nOptItr nSimReps
#     0    5000        0
# algorithm          : deterministic
# ignoring probs <=  : 0
# Branch length floor: 0
# DE strategy        : 2
#    F               : 0.3
#    CR              : 0.8
#    tolerance       : 3e-06
# nthreads           : 32
# lgo input file     : bcf2.lgo
# site pat input file: ../../chrX/boot_chrX/boot10.opf
# free parameters    : 15
# points in DE swarm : 45
# output state file  : b1boot10.state
# Including singleton site patterns.
# cost function      : KL
Initial parameter values
Fixed:
      zero = 0
       one = 1
    Tbecnw = 75200
Free:
       pc1 = 0
       pc2 = 0
       pc3 = 0
       pc4 = 0
       pc5 = 0
       pc6 = 0
       pc7 = 0
       pc8 = 0
       pc9 = 0
      pc10 = 0
      pc11 = 0
      pc12 = 0
      pc13 = 0
      pc14 = 0
      pc15 = 0
Constrained:
     Tecnw = 34696.8
       Tnw = 2841.08
       Tec = 1826.1
     twoNb = 1.95322e+06
     twoNe = 9945.05
     twoNc = 305236
     twoNn = 288543
     twoNw = 1.84111e+06
    twoNec = 167056
    twoNnw = 105792
  twoNecnw = 28725.7
  twoNbecnw = 50255.9
        m2 = 0.0277895
        m3 = 0.253418
        m6 = 2.58689e-05
        Tb = 18261.5
        Tc = 1420.54
        Tf = 710.271
DiffEv reached_goal. cost=2.54710e-03 spread=2.94498e-06
Fitted parameter values
Free:
       pc1 = 2.63856
       pc2 = 0.699033
       pc3 = 0.709633
       pc4 = 1.81105
       pc5 = 0.625099
       pc6 = -0.275571
       pc7 = -1.32764
       pc8 = -1.99221
       pc9 = -0.643467
      pc10 = -0.915228
      pc11 = 0.62778
      pc12 = -0.31644
      pc13 = 0.765186
      pc14 = 0.18944
      pc15 = 0.0321357
Constrained:
     Tecnw = 34925.9
       Tnw = 23.2973
       Tec = 105.14
     twoNb = 4.56862e+06
     twoNe = 3049.41
     twoNc = 426080
     twoNn = 444870
     twoNw = 2.37337e+06
    twoNec = 172637
    twoNnw = 126902
  twoNecnw = 28594.2
  twoNbecnw = 51056.3
        m2 = 0.031941
        m3 = 0.248998
        m6 = 2.81867e-06
        Tb = 17515.5
        Tc = 11.6487
        Tf = 5.82433
#       SitePat  BranchLen
              b 118455.6904254
              e 44963.0731286
              c 45336.0728996
              n 42021.4947471
              w 45191.0292361
            b:e 1494.4367590
            b:c 1510.2092404
            b:n 1104.9462105
            b:w 1219.5964095
            e:c 11144.4040580
            e:n 4713.5888976
            e:w 3401.8365663
            c:n 4340.5525489
            c:w 3470.5556996
            n:w 11946.6769731
          b:e:c 1277.4969515
          b:e:n 603.9298394
          b:e:w 587.4201109
          b:c:n 588.1533088
          b:c:w 603.0037978
          b:n:w 1272.9124103
          e:c:n 5422.5148261
          e:c:w 4442.7085114
          e:n:w 5736.0459255
          c:n:w 5667.3634602
        b:e:c:n 1221.4068355
        b:e:c:w 1100.4368824
        b:e:n:w 1485.2930372
        b:c:n:w 1469.7133092
        e:c:n:w 46400.0531984
