########################################
# legofit: estimate population history #
#       version 2.3.4-4-g53f8760       #
########################################

# Program was compiled: Sep 21 2021 14:36:42
# Program was run: Wed Sep 22 16:20:57 2021

# cmd: legofit -1 -d 0 -t 32 --ptsPerDim 3 --stateOut b1boot7.state --tol 3e-6 -S 5000 bcf2.lgo ../../chrX/boot_chrX/boot7.opf
# Stage nOptItr nSimReps
#     0    5000        0
# algorithm          : deterministic
# ignoring probs <=  : 0
# Branch length floor: 0
# DE strategy        : 2
#    F               : 0.3
#    CR              : 0.8
#    tolerance       : 3e-06
# nthreads           : 32
# lgo input file     : bcf2.lgo
# site pat input file: ../../chrX/boot_chrX/boot7.opf
# free parameters    : 15
# points in DE swarm : 45
# output state file  : b1boot7.state
# Including singleton site patterns.
# cost function      : KL
Initial parameter values
Fixed:
      zero = 0
       one = 1
    Tbecnw = 75200
Free:
       pc1 = 0
       pc2 = 0
       pc3 = 0
       pc4 = 0
       pc5 = 0
       pc6 = 0
       pc7 = 0
       pc8 = 0
       pc9 = 0
      pc10 = 0
      pc11 = 0
      pc12 = 0
      pc13 = 0
      pc14 = 0
      pc15 = 0
Constrained:
     Tecnw = 34696.8
       Tnw = 2841.08
       Tec = 1826.1
     twoNb = 1.95322e+06
     twoNe = 9945.05
     twoNc = 305236
     twoNn = 288543
     twoNw = 1.84111e+06
    twoNec = 167056
    twoNnw = 105792
  twoNecnw = 28725.7
  twoNbecnw = 50255.9
        m2 = 0.0277895
        m3 = 0.253418
        m6 = 2.58689e-05
        Tb = 18261.5
        Tc = 1420.54
        Tf = 710.271
DiffEv reached_goal. cost=2.69109e-03 spread=2.64625e-06
Fitted parameter values
Free:
       pc1 = 3.09245
       pc2 = 1.56797
       pc3 = -0.442806
       pc4 = 1.95901
       pc5 = 1.20969
       pc6 = 1.05666
       pc7 = -1.35964
       pc8 = -1.69177
       pc9 = -1.38399
      pc10 = -0.220081
      pc11 = 0.790136
      pc12 = 0.243618
      pc13 = 0.473972
      pc14 = 0.31399
      pc15 = 0.0359159
Constrained:
     Tecnw = 35423.8
       Tnw = 15.6901
       Tec = 73.1987
     twoNb = 4.9159e+06
     twoNe = 1488.11
     twoNc = 516116
     twoNn = 90505.7
     twoNw = 3.34928e+06
    twoNec = 168688
    twoNnw = 124742
  twoNecnw = 28261.8
  twoNbecnw = 50279.5
        m2 = 0.0333281
        m3 = 0.254804
        m6 = 5.18396e-06
        Tb = 17748.5
        Tc = 7.84507
        Tf = 3.92253
#       SitePat  BranchLen
              b 117779.8106252
              e 44900.1957861
              c 45444.1621283
              n 41933.7505258
              w 45425.3030685
            b:e 1473.8236391
            b:c 1496.4692561
            b:n 1082.3451021
            b:w 1208.6796869
            e:c 11246.8893188
            e:n 4833.0509505
            e:w 3307.9053766
            c:n 4289.0155689
            c:w 3406.3254587
            n:w 12025.2866832
          b:e:c 1268.8822945
          b:e:n 595.2100435
          b:e:w 571.8340996
          b:c:n 572.5568591
          b:c:w 594.2200612
          b:n:w 1264.4245468
          e:c:n 5426.3254673
          e:c:w 4350.4094755
          e:n:w 5678.5124079
          c:n:w 5580.1615240
        b:e:c:n 1210.4300269
        b:e:c:w 1078.0073171
        b:e:n:w 1472.7850505
        b:c:n:w 1450.4064975
        e:c:n:w 45705.6238522
