########################################
# legofit: estimate population history #
#       version 2.3.4-4-g53f8760       #
########################################

# Program was compiled: Sep 21 2021 14:36:42
# Program was run: Wed Sep 22 16:21:20 2021

# cmd: legofit -1 -d 0 -t 32 --ptsPerDim 3 --stateOut b1boot18.state --tol 3e-6 -S 5000 bcf2.lgo ../../chrX/boot_chrX/boot18.opf
# Stage nOptItr nSimReps
#     0    5000        0
# algorithm          : deterministic
# ignoring probs <=  : 0
# Branch length floor: 0
# DE strategy        : 2
#    F               : 0.3
#    CR              : 0.8
#    tolerance       : 3e-06
# nthreads           : 32
# lgo input file     : bcf2.lgo
# site pat input file: ../../chrX/boot_chrX/boot18.opf
# free parameters    : 15
# points in DE swarm : 45
# output state file  : b1boot18.state
# Including singleton site patterns.
# cost function      : KL
Initial parameter values
Fixed:
      zero = 0
       one = 1
    Tbecnw = 75200
Free:
       pc1 = 0
       pc2 = 0
       pc3 = 0
       pc4 = 0
       pc5 = 0
       pc6 = 0
       pc7 = 0
       pc8 = 0
       pc9 = 0
      pc10 = 0
      pc11 = 0
      pc12 = 0
      pc13 = 0
      pc14 = 0
      pc15 = 0
Constrained:
     Tecnw = 34696.8
       Tnw = 2841.08
       Tec = 1826.1
     twoNb = 1.95322e+06
     twoNe = 9945.05
     twoNc = 305236
     twoNn = 288543
     twoNw = 1.84111e+06
    twoNec = 167056
    twoNnw = 105792
  twoNecnw = 28725.7
  twoNbecnw = 50255.9
        m2 = 0.0277895
        m3 = 0.253418
        m6 = 2.58689e-05
        Tb = 18261.5
        Tc = 1420.54
        Tf = 710.271
DiffEv reached_goal. cost=2.67073e-03 spread=2.34673e-06
Fitted parameter values
Free:
       pc1 = 3.90107
       pc2 = 1.98883
       pc3 = -1.56772
       pc4 = 1.77759
       pc5 = 0.778552
       pc6 = 1.33446
       pc7 = -1.59095
       pc8 = -1.91603
       pc9 = 0.392224
      pc10 = -0.907733
      pc11 = 0.141729
      pc12 = -0.808194
      pc13 = 0.227613
      pc14 = 0.410328
      pc15 = -0.00758352
Constrained:
     Tecnw = 34905.1
       Tnw = 27.3423
       Tec = 60.4612
     twoNb = 4.75154e+06
     twoNe = 857.448
     twoNc = 1.15316e+06
     twoNn = 154737
     twoNw = 3.22605e+06
    twoNec = 175284
    twoNnw = 125522
  twoNecnw = 27683.6
  twoNbecnw = 50443.5
        m2 = 0.0371346
        m3 = 0.267692
        m6 = 1.94737e-05
        Tb = 17482.8
        Tc = 13.6711
        Tf = 6.83557
#       SitePat  BranchLen
              b 118092.5556256
              e 44591.7006433
              c 45295.5885441
              n 41422.4526975
              w 44954.1941861
            b:e 1480.7467885
            b:c 1510.1325108
            b:n 1053.0688864
            b:w 1159.5487701
            e:c 10709.7762621
            e:n 4978.0126821
            e:w 3315.0335728
            c:n 4273.8693525
            c:w 3444.5014946
            n:w 11596.5301133
          b:e:c 1198.8516981
          b:e:n 587.9938418
          b:e:w 557.7231707
          b:c:n 558.5797199
          b:c:w 586.7302076
          b:n:w 1193.8815332
          e:c:n 5333.6051483
          e:c:w 4303.7354088
          e:n:w 5782.6618348
          c:n:w 5653.4500347
        b:e:c:n 1161.5278556
        b:e:c:w 1047.6433732
        b:e:n:w 1482.3579104
        b:c:n:w 1453.3785802
        e:c:n:w 46593.3502815
