########################################
# legofit: estimate population history #
#       version 2.3.4-4-g53f8760       #
########################################

# Program was compiled: Sep 21 2021 14:36:42
# Program was run: Wed Sep 22 16:21:43 2021

# cmd: legofit -1 -d 0 -t 32 --ptsPerDim 3 --stateOut b1boot32.state --tol 3e-6 -S 5000 bcf2.lgo ../../chrX/boot_chrX/boot32.opf
# Stage nOptItr nSimReps
#     0    5000        0
# algorithm          : deterministic
# ignoring probs <=  : 0
# Branch length floor: 0
# DE strategy        : 2
#    F               : 0.3
#    CR              : 0.8
#    tolerance       : 3e-06
# nthreads           : 32
# lgo input file     : bcf2.lgo
# site pat input file: ../../chrX/boot_chrX/boot32.opf
# free parameters    : 15
# points in DE swarm : 45
# output state file  : b1boot32.state
# Including singleton site patterns.
# cost function      : KL
Initial parameter values
Fixed:
      zero = 0
       one = 1
    Tbecnw = 75200
Free:
       pc1 = 0
       pc2 = 0
       pc3 = 0
       pc4 = 0
       pc5 = 0
       pc6 = 0
       pc7 = 0
       pc8 = 0
       pc9 = 0
      pc10 = 0
      pc11 = 0
      pc12 = 0
      pc13 = 0
      pc14 = 0
      pc15 = 0
Constrained:
     Tecnw = 34696.8
       Tnw = 2841.08
       Tec = 1826.1
     twoNb = 1.95322e+06
     twoNe = 9945.05
     twoNc = 305236
     twoNn = 288543
     twoNw = 1.84111e+06
    twoNec = 167056
    twoNnw = 105792
  twoNecnw = 28725.7
  twoNbecnw = 50255.9
        m2 = 0.0277895
        m3 = 0.253418
        m6 = 2.58689e-05
        Tb = 18261.5
        Tc = 1420.54
        Tf = 710.271
DiffEv reached_goal. cost=2.61506e-03 spread=2.41242e-06
Fitted parameter values
Free:
       pc1 = 2.59844
       pc2 = 1.61013
       pc3 = 2.1262
       pc4 = 1.92118
       pc5 = -0.307831
       pc6 = 0.258827
       pc7 = -0.565691
       pc8 = -1.88366
       pc9 = -0.314207
      pc10 = 0.529652
      pc11 = -0.0317954
      pc12 = -0.433392
      pc13 = 0.297206
      pc14 = 0.162537
      pc15 = 0.0634312
Constrained:
     Tecnw = 34996.8
       Tnw = 54.3314
       Tec = 226.865
     twoNb = 4.27403e+06
     twoNe = 5233.54
     twoNc = 133135
     twoNn = 489994
     twoNw = 956836
    twoNec = 167817
    twoNnw = 126167
  twoNecnw = 27676
  twoNbecnw = 50185
        m2 = 0.0357956
        m3 = 0.23661
        m6 = 1.96936e-05
        Tb = 17611.9
        Tc = 27.1657
        Tf = 13.5829
#       SitePat  BranchLen
              b 117902.9392269
              e 44706.7074152
              c 45142.0183802
              n 41673.1273392
              w 44739.0662514
            b:e 1466.7629333
            b:c 1484.7558249
            b:n 1046.0011441
            b:w 1142.1971554
            e:c 11057.4488567
            e:n 4593.8633773
            e:w 3268.9497426
            c:n 4158.2961273
            c:w 3348.5560147
            n:w 11919.7079953
          b:e:c 1224.0742219
          b:e:n 567.1515849
          b:e:w 548.2966841
          b:c:n 549.1304243
          b:c:w 566.0489164
          b:n:w 1218.5889122
          e:c:n 5235.0218793
          e:c:w 4312.6966144
          e:n:w 5702.9282902
          c:n:w 5623.5790488
        b:e:c:n 1144.2264884
        b:e:c:w 1041.0069858
        b:e:n:w 1455.2371719
        b:c:n:w 1437.5124629
        e:c:n:w 46469.5578913
