########################################
# legofit: estimate population history #
#       version 2.3.4-4-g53f8760       #
########################################

# Program was compiled: Sep 21 2021 14:36:42
# Program was run: Wed Sep 22 16:22:11 2021

# cmd: legofit -1 -d 0 -t 32 --ptsPerDim 3 --stateOut b1boot49.state --tol 3e-6 -S 5000 bcf2.lgo ../../chrX/boot_chrX/boot49.opf
# Stage nOptItr nSimReps
#     0    5000        0
# algorithm          : deterministic
# ignoring probs <=  : 0
# Branch length floor: 0
# DE strategy        : 2
#    F               : 0.3
#    CR              : 0.8
#    tolerance       : 3e-06
# nthreads           : 32
# lgo input file     : bcf2.lgo
# site pat input file: ../../chrX/boot_chrX/boot49.opf
# free parameters    : 15
# points in DE swarm : 45
# output state file  : b1boot49.state
# Including singleton site patterns.
# cost function      : KL
Initial parameter values
Fixed:
      zero = 0
       one = 1
    Tbecnw = 75200
Free:
       pc1 = 0
       pc2 = 0
       pc3 = 0
       pc4 = 0
       pc5 = 0
       pc6 = 0
       pc7 = 0
       pc8 = 0
       pc9 = 0
      pc10 = 0
      pc11 = 0
      pc12 = 0
      pc13 = 0
      pc14 = 0
      pc15 = 0
Constrained:
     Tecnw = 34696.8
       Tnw = 2841.08
       Tec = 1826.1
     twoNb = 1.95322e+06
     twoNe = 9945.05
     twoNc = 305236
     twoNn = 288543
     twoNw = 1.84111e+06
    twoNec = 167056
    twoNnw = 105792
  twoNecnw = 28725.7
  twoNbecnw = 50255.9
        m2 = 0.0277895
        m3 = 0.253418
        m6 = 2.58689e-05
        Tb = 18261.5
        Tc = 1420.54
        Tf = 710.271
DiffEv reached_goal. cost=2.61018e-03 spread=2.70338e-06
Fitted parameter values
Free:
       pc1 = 3.27634
       pc2 = 1.48356
       pc3 = 0.425207
       pc4 = 1.906
       pc5 = 1.58023
       pc6 = 0.522275
       pc7 = -1.27366
       pc8 = -1.98284
       pc9 = -1.13669
      pc10 = -1.28016
      pc11 = -0.0329302
      pc12 = -0.733025
      pc13 = 0.551308
      pc14 = 0.439188
      pc15 = 0.0299455
Constrained:
     Tecnw = 34820.7
       Tnw = 1.50811
       Tec = 19.3606
     twoNb = 4.99931e+06
     twoNe = 421.681
     twoNc = 317958
     twoNn = 207696
     twoNw = 2.912e+06
    twoNec = 178383
    twoNnw = 129608
  twoNecnw = 28341
  twoNbecnw = 50934.4
        m2 = 0.0356621
        m3 = 0.257941
        m6 = 1.08601e-06
        Tb = 17420
        Tc = 0.754056
        Tf = 0.377028
#       SitePat  BranchLen
              b 118344.1084692
              e 44974.8958171
              c 45530.0598443
              n 41918.7192743
              w 45207.3321793
            b:e 1514.7268717
            b:c 1538.3688022
            b:n 1096.8910691
            b:w 1202.9381350
            e:c 10819.3752556
            e:n 4897.9712888
            e:w 3414.8399395
            c:n 4342.7933103
            c:w 3517.7166222
            n:w 11665.1328578
          b:e:c 1241.6620728
          b:e:n 608.7679732
          b:e:w 584.3657251
          b:c:n 585.1244703
          b:c:w 607.7163348
          b:n:w 1237.0821802
          e:c:n 5386.6153343
          e:c:w 4414.6540237
          e:n:w 5824.2732143
          c:n:w 5721.4105183
        b:e:c:n 1204.7870531
        b:e:c:w 1092.1068138
        b:e:n:w 1512.8219117
        b:c:n:w 1489.4728387
        e:c:n:w 46369.0774264
