########################################
# legofit: estimate population history #
#       version 2.3.4-4-g53f8760       #
########################################

# Program was compiled: Sep 21 2021 14:36:42
# Program was run: Wed Sep 22 16:21:24 2021

# cmd: legofit -1 -d 0 -t 32 --ptsPerDim 3 --stateOut b1boot22.state --tol 3e-6 -S 5000 bcf2.lgo ../../chrX/boot_chrX/boot22.opf
# Stage nOptItr nSimReps
#     0    5000        0
# algorithm          : deterministic
# ignoring probs <=  : 0
# Branch length floor: 0
# DE strategy        : 2
#    F               : 0.3
#    CR              : 0.8
#    tolerance       : 3e-06
# nthreads           : 32
# lgo input file     : bcf2.lgo
# site pat input file: ../../chrX/boot_chrX/boot22.opf
# free parameters    : 15
# points in DE swarm : 45
# output state file  : b1boot22.state
# Including singleton site patterns.
# cost function      : KL
Initial parameter values
Fixed:
      zero = 0
       one = 1
    Tbecnw = 75200
Free:
       pc1 = 0
       pc2 = 0
       pc3 = 0
       pc4 = 0
       pc5 = 0
       pc6 = 0
       pc7 = 0
       pc8 = 0
       pc9 = 0
      pc10 = 0
      pc11 = 0
      pc12 = 0
      pc13 = 0
      pc14 = 0
      pc15 = 0
Constrained:
     Tecnw = 34696.8
       Tnw = 2841.08
       Tec = 1826.1
     twoNb = 1.95322e+06
     twoNe = 9945.05
     twoNc = 305236
     twoNn = 288543
     twoNw = 1.84111e+06
    twoNec = 167056
    twoNnw = 105792
  twoNecnw = 28725.7
  twoNbecnw = 50255.9
        m2 = 0.0277895
        m3 = 0.253418
        m6 = 2.58689e-05
        Tb = 18261.5
        Tc = 1420.54
        Tf = 710.271
DiffEv reached_goal. cost=2.51004e-03 spread=2.77458e-06
Fitted parameter values
Free:
       pc1 = 2.56666
       pc2 = 1.88072
       pc3 = 0.225835
       pc4 = 1.88444
       pc5 = 1.15608
       pc6 = 1.62537
       pc7 = -0.895863
       pc8 = -1.45175
       pc9 = -0.971974
      pc10 = -0.437496
      pc11 = 0.335482
      pc12 = -0.0195641
      pc13 = 0.104658
      pc14 = -0.0250161
      pc15 = -0.0100364
Constrained:
     Tecnw = 35058.1
       Tnw = 17.0624
       Tec = 60.148
     twoNb = 4.67578e+06
     twoNe = 1132.24
     twoNc = 372000
     twoNn = 57325.9
     twoNw = 2.42854e+06
    twoNec = 171434
    twoNnw = 117964
  twoNecnw = 28204.4
  twoNbecnw = 49778.3
        m2 = 0.0345692
        m3 = 0.255399
        m6 = 1.10039e-05
        Tb = 17559.1
        Tc = 8.53122
        Tf = 4.26561
#       SitePat  BranchLen
              b 117419.8577425
              e 44780.3343456
              c 45344.0415310
              n 41366.6756257
              w 44772.0152579
            b:e 1470.1930658
            b:c 1493.5110607
            b:n 1049.1962257
            b:w 1163.4355142
            e:c 11074.4583278
            e:n 4795.8551991
            e:w 3278.3339395
            c:n 4231.9964426
            c:w 3381.0752857
            n:w 12195.8192278
          b:e:c 1244.1595302
          b:e:n 579.7362269
          b:e:w 555.6236451
          b:c:n 556.4018464
          b:c:w 578.6543061
          b:n:w 1239.3797472
          e:c:n 5304.0027310
          e:c:w 4275.6140376
          e:n:w 5741.6448733
          c:n:w 5639.0554649
        b:e:c:n 1165.2878875
        b:e:c:w 1044.4001989
        b:e:n:w 1467.6071521
        b:c:n:w 1444.5925102
        e:c:n:w 45694.7854990
