########################################
# legofit: estimate population history #
#       version 2.3.4-4-g53f8760       #
########################################

# Program was compiled: Sep 21 2021 14:36:42
# Program was run: Wed Sep 22 16:21:08 2021

# cmd: legofit -1 -d 0 -t 32 --ptsPerDim 3 --stateOut b1boot12.state --tol 3e-6 -S 5000 bcf2.lgo ../../chrX/boot_chrX/boot12.opf
# Stage nOptItr nSimReps
#     0    5000        0
# algorithm          : deterministic
# ignoring probs <=  : 0
# Branch length floor: 0
# DE strategy        : 2
#    F               : 0.3
#    CR              : 0.8
#    tolerance       : 3e-06
# nthreads           : 32
# lgo input file     : bcf2.lgo
# site pat input file: ../../chrX/boot_chrX/boot12.opf
# free parameters    : 15
# points in DE swarm : 45
# output state file  : b1boot12.state
# Including singleton site patterns.
# cost function      : KL
Initial parameter values
Fixed:
      zero = 0
       one = 1
    Tbecnw = 75200
Free:
       pc1 = 0
       pc2 = 0
       pc3 = 0
       pc4 = 0
       pc5 = 0
       pc6 = 0
       pc7 = 0
       pc8 = 0
       pc9 = 0
      pc10 = 0
      pc11 = 0
      pc12 = 0
      pc13 = 0
      pc14 = 0
      pc15 = 0
Constrained:
     Tecnw = 34696.8
       Tnw = 2841.08
       Tec = 1826.1
     twoNb = 1.95322e+06
     twoNe = 9945.05
     twoNc = 305236
     twoNn = 288543
     twoNw = 1.84111e+06
    twoNec = 167056
    twoNnw = 105792
  twoNecnw = 28725.7
  twoNbecnw = 50255.9
        m2 = 0.0277895
        m3 = 0.253418
        m6 = 2.58689e-05
        Tb = 18261.5
        Tc = 1420.54
        Tf = 710.271
DiffEv reached_goal. cost=2.68859e-03 spread=2.25418e-06
Fitted parameter values
Free:
       pc1 = 2.87571
       pc2 = 1.50356
       pc3 = 1.06874
       pc4 = 1.9901
       pc5 = 0.7746
       pc6 = 0.140762
       pc7 = -1.1288
       pc8 = -1.91723
       pc9 = -0.638134
      pc10 = 0.336681
      pc11 = 0.47564
      pc12 = -0.43756
      pc13 = 0.762091
      pc14 = 0.0823427
      pc15 = 0.0429912
Constrained:
     Tecnw = 35139.6
       Tnw = 6.20187
       Tec = 47.8838
     twoNb = 4.6445e+06
     twoNe = 980.319
     twoNc = 267258
     twoNn = 379977
     twoNw = 2.05138e+06
    twoNec = 166310
    twoNnw = 125427
  twoNecnw = 27777.5
  twoNbecnw = 50717.2
        m2 = 0.0340442
        m3 = 0.246802
        m6 = 5.41227e-06
        Tb = 17593.7
        Tc = 3.10093
        Tf = 1.55047
#       SitePat  BranchLen
              b 118353.1874859
              e 44529.0733317
              c 45071.8730695
              n 41620.8333162
              w 44990.7480039
            b:e 1460.9217659
            b:c 1483.4071171
            b:n 1060.7006975
            b:w 1176.2652318
            e:c 11187.2464666
            e:n 4756.0026434
            e:w 3270.6554775
            c:n 4213.1318931
            c:w 3369.3305717
            n:w 11930.2665562
          b:e:c 1243.4755933
          b:e:n 579.9529167
          b:e:w 556.6940927
          b:c:n 557.4597601
          b:c:w 578.8930635
          b:n:w 1238.6160737
          e:c:n 5365.6215310
          e:c:w 4333.0973991
          e:n:w 5679.5981652
          c:n:w 5580.9942642
        b:e:c:n 1178.1084560
        b:e:c:w 1056.1273736
        b:e:n:w 1457.4802856
        b:c:n:w 1435.2889394
        e:c:n:w 46762.5233546
