########################################
# legofit: estimate population history #
#       version 2.3.4-4-g53f8760       #
########################################

# Program was compiled: Sep 21 2021 14:36:42
# Program was run: Wed Sep 22 16:20:49 2021

# cmd: legofit -1 -d 0 -t 32 --ptsPerDim 3 --stateOut b1boot4.state --tol 3e-6 -S 5000 bcf2.lgo ../../chrX/boot_chrX/boot4.opf
# Stage nOptItr nSimReps
#     0    5000        0
# algorithm          : deterministic
# ignoring probs <=  : 0
# Branch length floor: 0
# DE strategy        : 2
#    F               : 0.3
#    CR              : 0.8
#    tolerance       : 3e-06
# nthreads           : 32
# lgo input file     : bcf2.lgo
# site pat input file: ../../chrX/boot_chrX/boot4.opf
# free parameters    : 15
# points in DE swarm : 45
# output state file  : b1boot4.state
# Including singleton site patterns.
# cost function      : KL
Initial parameter values
Fixed:
      zero = 0
       one = 1
    Tbecnw = 75200
Free:
       pc1 = 0
       pc2 = 0
       pc3 = 0
       pc4 = 0
       pc5 = 0
       pc6 = 0
       pc7 = 0
       pc8 = 0
       pc9 = 0
      pc10 = 0
      pc11 = 0
      pc12 = 0
      pc13 = 0
      pc14 = 0
      pc15 = 0
Constrained:
     Tecnw = 34696.8
       Tnw = 2841.08
       Tec = 1826.1
     twoNb = 1.95322e+06
     twoNe = 9945.05
     twoNc = 305236
     twoNn = 288543
     twoNw = 1.84111e+06
    twoNec = 167056
    twoNnw = 105792
  twoNecnw = 28725.7
  twoNbecnw = 50255.9
        m2 = 0.0277895
        m3 = 0.253418
        m6 = 2.58689e-05
        Tb = 18261.5
        Tc = 1420.54
        Tf = 710.271
DiffEv reached_goal. cost=2.67284e-03 spread=2.85216e-06
Fitted parameter values
Free:
       pc1 = 3.37956
       pc2 = 1.71672
       pc3 = 0.0199527
       pc4 = 1.79752
       pc5 = 1.8907
       pc6 = 0.173726
       pc7 = -0.962302
       pc8 = -1.99681
       pc9 = -1.36091
      pc10 = -0.0607655
      pc11 = 0.61301
      pc12 = -0.729373
      pc13 = 0.513822
      pc14 = 0.0370475
      pc15 = 0.00999085
Constrained:
     Tecnw = 35285.3
       Tnw = 22.9762
       Tec = 74.3313
     twoNb = 5.06731e+06
     twoNe = 1319.53
     twoNc = 273721
     twoNn = 149066
     twoNw = 3.00042e+06
    twoNec = 171274
    twoNnw = 121647
  twoNecnw = 27717.2
  twoNbecnw = 51268.5
        m2 = 0.0340867
        m3 = 0.258117
        m6 = 1.43505e-06
        Tb = 17679.8
        Tc = 11.4881
        Tf = 5.74404
#       SitePat  BranchLen
              b 118808.1110764
              e 44765.7988547
              c 45360.8192705
              n 41551.9089022
              w 45031.9248782
            b:e 1484.0230100
            b:c 1508.9262539
            b:n 1068.3966120
            b:w 1187.5049753
            e:c 11061.5491323
            e:n 4843.7578579
            e:w 3282.4048953
            c:n 4248.7180465
            c:w 3390.7669928
            n:w 12010.9495463
          b:e:c 1253.6384725
          b:e:n 590.5628061
          b:e:w 564.9291903
          b:c:n 565.6574273
          b:c:w 589.5383555
          b:n:w 1249.2223379
          e:c:n 5366.6855278
          e:c:w 4313.9263942
          e:n:w 5743.3035904
          c:n:w 5634.9609326
        b:e:c:n 1189.2255403
        b:e:c:w 1063.9170386
        b:e:n:w 1484.9802576
        b:c:n:w 1460.3731829
        e:c:n:w 47060.3039688
