########################################
# legofit: estimate population history #
#       version 2.3.4-4-g53f8760       #
########################################

# Program was compiled: Sep 21 2021 14:36:42
# Program was run: Wed Sep 22 16:20:52 2021

# cmd: legofit -1 -d 0 -t 32 --ptsPerDim 3 --stateOut b1boot5.state --tol 3e-6 -S 5000 bcf2.lgo ../../chrX/boot_chrX/boot5.opf
# Stage nOptItr nSimReps
#     0    5000        0
# algorithm          : deterministic
# ignoring probs <=  : 0
# Branch length floor: 0
# DE strategy        : 2
#    F               : 0.3
#    CR              : 0.8
#    tolerance       : 3e-06
# nthreads           : 32
# lgo input file     : bcf2.lgo
# site pat input file: ../../chrX/boot_chrX/boot5.opf
# free parameters    : 15
# points in DE swarm : 45
# output state file  : b1boot5.state
# Including singleton site patterns.
# cost function      : KL
Initial parameter values
Fixed:
      zero = 0
       one = 1
    Tbecnw = 75200
Free:
       pc1 = 0
       pc2 = 0
       pc3 = 0
       pc4 = 0
       pc5 = 0
       pc6 = 0
       pc7 = 0
       pc8 = 0
       pc9 = 0
      pc10 = 0
      pc11 = 0
      pc12 = 0
      pc13 = 0
      pc14 = 0
      pc15 = 0
Constrained:
     Tecnw = 34696.8
       Tnw = 2841.08
       Tec = 1826.1
     twoNb = 1.95322e+06
     twoNe = 9945.05
     twoNc = 305236
     twoNn = 288543
     twoNw = 1.84111e+06
    twoNec = 167056
    twoNnw = 105792
  twoNecnw = 28725.7
  twoNbecnw = 50255.9
        m2 = 0.0277895
        m3 = 0.253418
        m6 = 2.58689e-05
        Tb = 18261.5
        Tc = 1420.54
        Tf = 710.271
DiffEv reached_goal. cost=2.64079e-03 spread=2.64213e-06
Fitted parameter values
Free:
       pc1 = 2.24031
       pc2 = 1.78296
       pc3 = 0.401941
       pc4 = 1.91226
       pc5 = -0.0377512
       pc6 = 1.92748
       pc7 = -1.62821
       pc8 = -0.898799
       pc9 = -0.763815
      pc10 = -0.418467
      pc11 = 0.18428
      pc12 = 0.679723
      pc13 = 0.236204
      pc14 = 0.30884
      pc15 = 0.0247359
Constrained:
     Tecnw = 35037.5
       Tnw = 8.53916
       Tec = 147.171
     twoNb = 4.20417e+06
     twoNe = 2721.55
     twoNc = 517386
     twoNn = 200655
     twoNw = 2.65923e+06
    twoNec = 167429
    twoNnw = 124100
  twoNecnw = 28564.1
  twoNbecnw = 48799.7
        m2 = 0.0348005
        m3 = 0.249138
        m6 = 8.2353e-06
        Tb = 17592.4
        Tc = 4.26958
        Tf = 2.13479
#       SitePat  BranchLen
              b 116469.9349364
              e 44660.1994825
              c 45290.2531183
              n 41639.9794426
              w 45100.4673444
            b:e 1451.4940450
            b:c 1477.3957675
            b:n 1053.0336778
            b:w 1171.8723684
            e:c 11159.4519064
            e:n 4863.6111042
            e:w 3293.4678514
            c:n 4233.4483792
            c:w 3407.8724921
            n:w 12010.8905780
          b:e:c 1236.3255065
          b:e:n 581.7514101
          b:e:w 554.9966202
          b:c:n 555.8378538
          b:c:w 580.5359115
          b:n:w 1230.9834410
          e:c:n 5364.1052229
          e:c:w 4308.5008260
          e:n:w 5679.2168757
          c:n:w 5564.9216271
        b:e:c:n 1173.9484278
        b:e:c:w 1048.0021044
        b:e:n:w 1448.8711034
        b:c:n:w 1423.3433429
        e:c:n:w 44634.3840304
