########################################
# legofit: estimate population history #
#       version 2.3.4-4-g53f8760       #
########################################

# Program was compiled: Sep 21 2021 14:36:42
# Program was run: Wed Sep 22 16:22:11 2021

# cmd: legofit -1 -d 0 -t 32 --ptsPerDim 3 --stateOut b1boot48.state --tol 3e-6 -S 5000 bcf2.lgo ../../chrX/boot_chrX/boot48.opf
# Stage nOptItr nSimReps
#     0    5000        0
# algorithm          : deterministic
# ignoring probs <=  : 0
# Branch length floor: 0
# DE strategy        : 2
#    F               : 0.3
#    CR              : 0.8
#    tolerance       : 3e-06
# nthreads           : 32
# lgo input file     : bcf2.lgo
# site pat input file: ../../chrX/boot_chrX/boot48.opf
# free parameters    : 15
# points in DE swarm : 45
# output state file  : b1boot48.state
# Including singleton site patterns.
# cost function      : KL
Initial parameter values
Fixed:
      zero = 0
       one = 1
    Tbecnw = 75200
Free:
       pc1 = 0
       pc2 = 0
       pc3 = 0
       pc4 = 0
       pc5 = 0
       pc6 = 0
       pc7 = 0
       pc8 = 0
       pc9 = 0
      pc10 = 0
      pc11 = 0
      pc12 = 0
      pc13 = 0
      pc14 = 0
      pc15 = 0
Constrained:
     Tecnw = 34696.8
       Tnw = 2841.08
       Tec = 1826.1
     twoNb = 1.95322e+06
     twoNe = 9945.05
     twoNc = 305236
     twoNn = 288543
     twoNw = 1.84111e+06
    twoNec = 167056
    twoNnw = 105792
  twoNecnw = 28725.7
  twoNbecnw = 50255.9
        m2 = 0.0277895
        m3 = 0.253418
        m6 = 2.58689e-05
        Tb = 18261.5
        Tc = 1420.54
        Tf = 710.271
DiffEv reached_goal. cost=2.62028e-03 spread=2.90659e-06
Fitted parameter values
Free:
       pc1 = 3.06064
       pc2 = 1.53481
       pc3 = 1.81839
       pc4 = 1.99879
       pc5 = -0.0229702
       pc6 = -0.0599481
       pc7 = -1.1594
       pc8 = -1.92571
       pc9 = 0.0204964
      pc10 = -0.555276
      pc11 = -0.14862
      pc12 = -0.394267
      pc13 = 0.151009
      pc14 = 0.456429
      pc15 = 0.0446598
Constrained:
     Tecnw = 34938.5
       Tnw = 1.07745
       Tec = 152.463
     twoNb = 4.44545e+06
     twoNe = 3668.45
     twoNc = 326061
     twoNn = 577498
     twoNw = 1.36073e+06
    twoNec = 175378
    twoNnw = 129571
  twoNecnw = 28098.4
  twoNbecnw = 50398.3
        m2 = 0.0370236
        m3 = 0.244738
        m6 = 1.07448e-05
        Tb = 17545.5
        Tc = 0.538725
        Tf = 0.269363
#       SitePat  BranchLen
              b 117906.2305646
              e 45058.4912789
              c 45552.0592194
              n 41955.1827944
              w 45060.7539154
            b:e 1510.0439844
            b:c 1530.9005479
            b:n 1077.9425502
            b:w 1173.2187778
            e:c 10877.1033475
            e:n 4745.6301101
            e:w 3361.8549775
            c:n 4251.9237663
            c:w 3452.9062734
            n:w 11778.6241203
          b:e:c 1234.7466944
          b:e:n 591.9807868
          b:e:w 570.2654738
          b:c:n 571.1086347
          b:c:w 590.8360645
          b:n:w 1229.3758153
          e:c:n 5284.0647702
          e:c:w 4370.5437298
          e:n:w 5801.7436354
          c:n:w 5710.8311492
        b:e:c:n 1175.3032249
        b:e:c:w 1072.7574255
        b:e:n:w 1501.3734900
        b:c:n:w 1480.8180815
        e:c:n:w 46060.9991872
