########################################
# legofit: estimate population history #
#       version 2.3.4-4-g53f8760       #
########################################

# Program was compiled: Sep 21 2021 14:36:42
# Program was run: Wed Sep 22 16:21:10 2021

# cmd: legofit -1 -d 0 -t 32 --ptsPerDim 3 --stateOut b1boot16.state --tol 3e-6 -S 5000 bcf2.lgo ../../chrX/boot_chrX/boot16.opf
# Stage nOptItr nSimReps
#     0    5000        0
# algorithm          : deterministic
# ignoring probs <=  : 0
# Branch length floor: 0
# DE strategy        : 2
#    F               : 0.3
#    CR              : 0.8
#    tolerance       : 3e-06
# nthreads           : 32
# lgo input file     : bcf2.lgo
# site pat input file: ../../chrX/boot_chrX/boot16.opf
# free parameters    : 15
# points in DE swarm : 45
# output state file  : b1boot16.state
# Including singleton site patterns.
# cost function      : KL
Initial parameter values
Fixed:
      zero = 0
       one = 1
    Tbecnw = 75200
Free:
       pc1 = 0
       pc2 = 0
       pc3 = 0
       pc4 = 0
       pc5 = 0
       pc6 = 0
       pc7 = 0
       pc8 = 0
       pc9 = 0
      pc10 = 0
      pc11 = 0
      pc12 = 0
      pc13 = 0
      pc14 = 0
      pc15 = 0
Constrained:
     Tecnw = 34696.8
       Tnw = 2841.08
       Tec = 1826.1
     twoNb = 1.95322e+06
     twoNe = 9945.05
     twoNc = 305236
     twoNn = 288543
     twoNw = 1.84111e+06
    twoNec = 167056
    twoNnw = 105792
  twoNecnw = 28725.7
  twoNbecnw = 50255.9
        m2 = 0.0277895
        m3 = 0.253418
        m6 = 2.58689e-05
        Tb = 18261.5
        Tc = 1420.54
        Tf = 710.271
DiffEv reached_goal. cost=2.62682e-03 spread=2.99606e-06
Fitted parameter values
Free:
       pc1 = 3.67564
       pc2 = 1.9326
       pc3 = -1.24736
       pc4 = 1.93089
       pc5 = 0.708321
       pc6 = 1.56785
       pc7 = -0.80492
       pc8 = -1.88016
       pc9 = -0.296362
      pc10 = 0.320181
      pc11 = -0.44465
      pc12 = -0.00482532
      pc13 = -0.165918
      pc14 = 0.201339
      pc15 = 0.0190137
Constrained:
     Tecnw = 35365.9
       Tnw = 9.80196
       Tec = 65.9884
     twoNb = 4.40934e+06
     twoNe = 1365.28
     twoNc = 825686
     twoNn = 31290.3
     twoNw = 3.13115e+06
    twoNec = 169930
    twoNnw = 120463
  twoNecnw = 27648.1
  twoNbecnw = 50190.9
        m2 = 0.0383651
        m3 = 0.25646
        m6 = 4.18048e-05
        Tb = 17715.9
        Tc = 4.90098
        Tf = 2.45049
#       SitePat  BranchLen
              b 117774.7129834
              e 44960.4573003
              c 45517.5235587
              n 41567.2114850
              w 44974.1945877
            b:e 1503.3273683
            b:c 1526.6270269
            b:n 1053.4048820
            b:w 1157.6380766
            e:c 11057.4554237
            e:n 4772.8390480
            e:w 3248.1311533
            c:n 4215.1973035
            c:w 3349.6880818
            n:w 12098.5409845
          b:e:c 1240.8267412
          b:e:n 577.7637129
          b:e:w 553.4628006
          b:c:n 554.4001640
          b:c:w 576.4740597
          b:n:w 1235.1280061
          e:c:n 5266.8638528
          e:c:w 4260.1649587
          e:n:w 5775.4257619
          c:n:w 5674.4459605
        b:e:c:n 1159.8105407
        b:e:c:w 1047.7372704
        b:e:n:w 1496.1832408
        b:c:n:w 1473.2342310
        e:c:n:w 46010.2819310
