########################################
# legofit: estimate population history #
#       version 2.3.4-4-g53f8760       #
########################################

# Program was compiled: Sep 21 2021 14:36:42
# Program was run: Wed Sep 22 16:22:00 2021

# cmd: legofit -1 -d 0 -t 32 --ptsPerDim 3 --stateOut b1boot40.state --tol 3e-6 -S 5000 bcf2.lgo ../../chrX/boot_chrX/boot40.opf
# Stage nOptItr nSimReps
#     0    5000        0
# algorithm          : deterministic
# ignoring probs <=  : 0
# Branch length floor: 0
# DE strategy        : 2
#    F               : 0.3
#    CR              : 0.8
#    tolerance       : 3e-06
# nthreads           : 32
# lgo input file     : bcf2.lgo
# site pat input file: ../../chrX/boot_chrX/boot40.opf
# free parameters    : 15
# points in DE swarm : 45
# output state file  : b1boot40.state
# Including singleton site patterns.
# cost function      : KL
Initial parameter values
Fixed:
      zero = 0
       one = 1
    Tbecnw = 75200
Free:
       pc1 = 0
       pc2 = 0
       pc3 = 0
       pc4 = 0
       pc5 = 0
       pc6 = 0
       pc7 = 0
       pc8 = 0
       pc9 = 0
      pc10 = 0
      pc11 = 0
      pc12 = 0
      pc13 = 0
      pc14 = 0
      pc15 = 0
Constrained:
     Tecnw = 34696.8
       Tnw = 2841.08
       Tec = 1826.1
     twoNb = 1.95322e+06
     twoNe = 9945.05
     twoNc = 305236
     twoNn = 288543
     twoNw = 1.84111e+06
    twoNec = 167056
    twoNnw = 105792
  twoNecnw = 28725.7
  twoNbecnw = 50255.9
        m2 = 0.0277895
        m3 = 0.253418
        m6 = 2.58689e-05
        Tb = 18261.5
        Tc = 1420.54
        Tf = 710.271
DiffEv reached_goal. cost=2.54238e-03 spread=2.59547e-06
Fitted parameter values
Free:
       pc1 = 2.45755
       pc2 = 1.50753
       pc3 = 1.2673
       pc4 = 1.85605
       pc5 = 0.430204
       pc6 = 1.29714
       pc7 = -0.786193
       pc8 = -1.98865
       pc9 = -0.00603936
      pc10 = -0.765832
      pc11 = 0.0211935
      pc12 = -0.766184
      pc13 = 0.0703671
      pc14 = 0.00132672
      pc15 = -0.0171278
Constrained:
     Tecnw = 34555.9
       Tnw = 0.870272
       Tec = 60.8382
     twoNb = 4.51198e+06
     twoNe = 1412.94
     twoNc = 422467
     twoNn = 277632
     twoNw = 1.20629e+06
    twoNec = 176132
    twoNnw = 121050
  twoNecnw = 28058.5
  twoNbecnw = 50045.4
        m2 = 0.0353422
        m3 = 0.246954
        m6 = 1.52217e-05
        Tb = 17308.4
        Tc = 0.435136
        Tf = 0.217568
#       SitePat  BranchLen
              b 117759.4397093
              e 44674.6064767
              c 45184.4559442
              n 41249.9214435
              w 44360.0530518
            b:e 1473.7868168
            b:c 1494.9307106
            b:n 1040.3361622
            b:w 1135.2831349
            e:c 10809.9564722
            e:n 4711.4446298
            e:w 3317.3118325
            c:n 4201.3923544
            c:w 3411.5971324
            n:w 11974.6519719
          b:e:c 1212.9949014
          b:e:n 573.9409176
          b:e:w 551.9838123
          b:c:n 552.7749168
          b:c:w 572.8530054
          b:n:w 1208.0050190
          e:c:n 5216.4242853
          e:c:w 4299.0168965
          e:n:w 5795.8304180
          c:n:w 5701.7484682
        b:e:c:n 1137.1961456
        b:e:c:w 1035.3319895
        b:e:n:w 1467.0064903
        b:c:n:w 1446.1588620
        e:c:n:w 46385.1905091
