########################################
# legofit: estimate population history #
#       version 2.3.4-4-g53f8760       #
########################################

# Program was compiled: Sep 21 2021 14:36:42
# Program was run: Thu Sep 23 10:55:18 2021

# cmd: legofit -1 -d 0 -t 32 --ptsPerDim 3 --stateOut b1boot30.state --tol 3e-6 -S 5000 aef2.lgo ../../boot/boot30.opf
# Stage nOptItr nSimReps
#     0    5000        0
# algorithm          : deterministic
# ignoring probs <=  : 0
# Branch length floor: 0
# DE strategy        : 2
#    F               : 0.3
#    CR              : 0.8
#    tolerance       : 3e-06
# nthreads           : 32
# lgo input file     : aef2.lgo
# site pat input file: ../../boot/boot30.opf
# free parameters    : 16
# points in DE swarm : 48
# output state file  : b1boot30.state
# Including singleton site patterns.
# cost function      : KL
Initial parameter values
Fixed:
      zero = 0
       one = 1
    Tbecnw = 75200
Free:
       pc1 = 0
       pc2 = 0
       pc3 = 0
       pc4 = 0
       pc5 = 0
       pc6 = 0
       pc7 = 0
       pc8 = 0
       pc9 = 0
      pc10 = 0
      pc11 = 0
      pc12 = 0
      pc13 = 0
      pc14 = 0
      pc15 = 0
      pc16 = 0
Constrained:
   Tgbecnw = 95727.9
     Tecnw = 26241.5
       Tnw = 19006.6
       Tec = 9739.26
     twoNb = 716647
     twoNe = 845315
     twoNc = 732336
     twoNw = 890683
    twoNec = 145729
    twoNnw = 31647.1
  twoNecnw = 79818.3
  twoNbecnw = 9395.55
  twoNgbecnw = 247511
         m = 0.14388
        m5 = 0.188196
        m6 = 0.0139527
        Ta = 37600
        Te = 9503.31
        Tf = 4751.65
DiffEv reached_goal. cost=1.97328e-03 spread=2.33459e-06
Fitted parameter values
Free:
       pc1 = -0.741176
       pc2 = -3.9989
       pc3 = 1.54269
       pc4 = 0.346435
       pc5 = -0.523694
       pc6 = 0.592325
       pc7 = 0.688182
       pc8 = 1.98825
       pc9 = 0.268496
      pc10 = -0.107201
      pc11 = 0.192044
      pc12 = -0.102535
      pc13 = -0.00982424
      pc14 = -0.0884187
      pc15 = 0.00150518
      pc16 = 0.00618786
Constrained:
   Tgbecnw = 83108.6
     Tecnw = 24234.3
       Tnw = 21692.8
       Tec = 10945.3
     twoNb = 735025
     twoNe = 1.35561e+06
     twoNc = 849003
     twoNw = 1.48751e+06
    twoNec = 114137
    twoNnw = 10634.8
  twoNecnw = 83276.8
  twoNbecnw = 3634.11
  twoNgbecnw = 256029
         m = 0.138361
        m5 = 0.196206
        m6 = 0.0196724
        Ta = 37600
        Te = 10846.4
        Tf = 5423.19
#       SitePat  BranchLen
              b 126477.5326392
              e 49193.4142177
              c 51741.2955731
              n 46490.6274681
              w 46431.4975955
            b:e 2147.2721352
            b:c 2439.2792749
            b:n 1819.6056452
            b:w 1814.7156402
            e:c 10526.2494952
            e:n 5579.0552410
            e:w 5627.9255977
            c:n 4923.6129914
            c:w 4918.2789541
            n:w 12881.9735255
          b:e:c 2199.0179507
          b:e:n 1162.4232845
          b:e:w 1165.9729218
          b:c:n 1176.4993073
          b:c:w 1172.4608258
          b:n:w 2155.9763123
          e:c:n 4493.0502390
          e:c:w 4508.6437922
          e:n:w 6742.8115799
          c:n:w 5560.0191178
        b:e:c:n 2105.0724376
        b:e:c:w 2110.4512868
        b:e:n:w 2783.2040961
        b:c:n:w 2470.6330298
        e:c:n:w 52855.5525119
