########################################
# legofit: estimate population history #
#       version 2.3.4-4-g53f8760       #
########################################

# Program was compiled: Sep 21 2021 14:36:42
# Program was run: Thu Sep 23 10:56:04 2021

# cmd: legofit -1 -d 0 -t 32 --ptsPerDim 3 --stateOut b1boot46.state --tol 3e-6 -S 5000 aef2.lgo ../../boot/boot46.opf
# Stage nOptItr nSimReps
#     0    5000        0
# algorithm          : deterministic
# ignoring probs <=  : 0
# Branch length floor: 0
# DE strategy        : 2
#    F               : 0.3
#    CR              : 0.8
#    tolerance       : 3e-06
# nthreads           : 32
# lgo input file     : aef2.lgo
# site pat input file: ../../boot/boot46.opf
# free parameters    : 16
# points in DE swarm : 48
# output state file  : b1boot46.state
# Including singleton site patterns.
# cost function      : KL
Initial parameter values
Fixed:
      zero = 0
       one = 1
    Tbecnw = 75200
Free:
       pc1 = 0
       pc2 = 0
       pc3 = 0
       pc4 = 0
       pc5 = 0
       pc6 = 0
       pc7 = 0
       pc8 = 0
       pc9 = 0
      pc10 = 0
      pc11 = 0
      pc12 = 0
      pc13 = 0
      pc14 = 0
      pc15 = 0
      pc16 = 0
Constrained:
   Tgbecnw = 95727.9
     Tecnw = 26241.5
       Tnw = 19006.6
       Tec = 9739.26
     twoNb = 716647
     twoNe = 845315
     twoNc = 732336
     twoNw = 890683
    twoNec = 145729
    twoNnw = 31647.1
  twoNecnw = 79818.3
  twoNbecnw = 9395.55
  twoNgbecnw = 247511
         m = 0.14388
        m5 = 0.188196
        m6 = 0.0139527
        Ta = 37600
        Te = 9503.31
        Tf = 4751.65
DiffEv reached_goal. cost=1.90338e-03 spread=2.97470e-06
Fitted parameter values
Free:
       pc1 = -1.03023
       pc2 = -3.99316
       pc3 = 1.2438
       pc4 = 1.50192
       pc5 = -0.635714
       pc6 = 0.746769
       pc7 = 1.30743
       pc8 = 1.97682
       pc9 = 0.298342
      pc10 = -0.061608
      pc11 = 0.772536
      pc12 = 0.330249
      pc13 = 0.0681138
      pc14 = -0.00896398
      pc15 = 0.00757
      pc16 = 0.00902844
Constrained:
   Tgbecnw = 83655.5
     Tecnw = 24086.1
       Tnw = 21452.6
       Tec = 10929.2
     twoNb = 549012
     twoNe = 2.15638e+06
     twoNc = 206504
     twoNw = 1.62804e+06
    twoNec = 116223
    twoNnw = 11207.5
  twoNecnw = 83826.8
  twoNbecnw = 3961.39
  twoNgbecnw = 245441
         m = 0.145215
        m5 = 0.190132
        m6 = 0.0221049
        Ta = 37600
        Te = 10726.3
        Tf = 5363.16
#       SitePat  BranchLen
              b 126759.7487827
              e 49362.7680241
              c 51769.3868881
              n 46577.3876922
              w 46524.0149782
            b:e 2165.8695894
            b:c 2440.3534176
            b:n 1832.7194740
            b:w 1828.3117632
            e:c 10517.6186167
            e:n 5617.7057619
            e:w 5660.5733014
            c:n 4993.4134033
            c:w 4989.8050581
            n:w 12896.2135719
          b:e:c 2198.8408516
          b:e:n 1173.2605334
          b:e:w 1176.2964115
          b:c:n 1186.1474488
          b:c:w 1182.6757889
          b:n:w 2156.3152159
          e:c:n 4532.3023979
          e:c:w 4546.4159175
          e:n:w 6731.9194544
          c:n:w 5620.3611923
        b:e:c:n 2118.6107119
        b:e:c:w 2123.4542045
        b:e:n:w 2783.0290392
        b:c:n:w 2489.2789182
        e:c:n:w 52906.2473356
