########################################
# legofit: estimate population history #
#       version 2.3.4-4-g53f8760       #
########################################

# Program was compiled: Sep 21 2021 14:36:42
# Program was run: Thu Sep 23 10:55:59 2021

# cmd: legofit -1 -d 0 -t 32 --ptsPerDim 3 --stateOut b1boot41.state --tol 3e-6 -S 5000 aef2.lgo ../../boot/boot41.opf
# Stage nOptItr nSimReps
#     0    5000        0
# algorithm          : deterministic
# ignoring probs <=  : 0
# Branch length floor: 0
# DE strategy        : 2
#    F               : 0.3
#    CR              : 0.8
#    tolerance       : 3e-06
# nthreads           : 32
# lgo input file     : aef2.lgo
# site pat input file: ../../boot/boot41.opf
# free parameters    : 16
# points in DE swarm : 48
# output state file  : b1boot41.state
# Including singleton site patterns.
# cost function      : KL
Initial parameter values
Fixed:
      zero = 0
       one = 1
    Tbecnw = 75200
Free:
       pc1 = 0
       pc2 = 0
       pc3 = 0
       pc4 = 0
       pc5 = 0
       pc6 = 0
       pc7 = 0
       pc8 = 0
       pc9 = 0
      pc10 = 0
      pc11 = 0
      pc12 = 0
      pc13 = 0
      pc14 = 0
      pc15 = 0
      pc16 = 0
Constrained:
   Tgbecnw = 95727.9
     Tecnw = 26241.5
       Tnw = 19006.6
       Tec = 9739.26
     twoNb = 716647
     twoNe = 845315
     twoNc = 732336
     twoNw = 890683
    twoNec = 145729
    twoNnw = 31647.1
  twoNecnw = 79818.3
  twoNbecnw = 9395.55
  twoNgbecnw = 247511
         m = 0.14388
        m5 = 0.188196
        m6 = 0.0139527
        Ta = 37600
        Te = 9503.31
        Tf = 4751.65
DiffEv reached_goal. cost=1.96064e-03 spread=2.48284e-06
Fitted parameter values
Free:
       pc1 = -0.0141555
       pc2 = -3.51655
       pc3 = 1.07359
       pc4 = 1.35134
       pc5 = -0.965661
       pc6 = 0.671223
       pc7 = 0.886882
       pc8 = 1.99563
       pc9 = 0.0823769
      pc10 = -0.251977
      pc11 = 0.49976
      pc12 = 0.245653
      pc13 = -0.0300366
      pc14 = -0.0149329
      pc15 = -0.00819833
      pc16 = 0.000573729
Constrained:
   Tgbecnw = 81002.4
     Tecnw = 24372.1
       Tnw = 20291.5
       Tec = 10224
     twoNb = 515103
     twoNe = 2.02951e+06
     twoNc = 640878
     twoNw = 1.49353e+06
    twoNec = 121760
    twoNnw = 17485.4
  twoNecnw = 81413.4
  twoNbecnw = 2760.67
  twoNgbecnw = 244342
         m = 0.141902
        m5 = 0.192456
        m6 = 0.0219503
        Ta = 37600
        Te = 10145.7
        Tf = 5072.86
#       SitePat  BranchLen
              b 125372.9461773
              e 48937.5800356
              c 51373.8538170
              n 46265.8294403
              w 46209.5543655
            b:e 2144.6430257
            b:c 2419.8789202
            b:n 1826.7425948
            b:w 1822.1770206
            e:c 10483.8748886
            e:n 5568.7236427
            e:w 5614.1807236
            c:n 4930.9102133
            c:w 4927.1586426
            n:w 12817.1034061
          b:e:c 2185.6317320
          b:e:n 1165.4092044
          b:e:w 1168.5770454
          b:c:n 1178.4641317
          b:c:w 1174.8457853
          b:n:w 2144.6488718
          e:c:n 4517.1721280
          e:c:w 4531.7416927
          e:n:w 6664.9725517
          c:n:w 5553.5342808
        b:e:c:n 2110.4526693
        b:e:c:w 2115.4687490
        b:e:n:w 2759.0245153
        b:c:n:w 2464.4649537
        e:c:n:w 52085.9227925
