########################################
# legofit: estimate population history #
#       version 2.3.4-4-g53f8760       #
########################################

# Program was compiled: Sep 21 2021 14:36:42
# Program was run: Thu Sep 23 10:55:23 2021

# cmd: legofit -1 -d 0 -t 32 --ptsPerDim 3 --stateOut b1boot33.state --tol 3e-6 -S 5000 aef2.lgo ../../boot/boot33.opf
# Stage nOptItr nSimReps
#     0    5000        0
# algorithm          : deterministic
# ignoring probs <=  : 0
# Branch length floor: 0
# DE strategy        : 2
#    F               : 0.3
#    CR              : 0.8
#    tolerance       : 3e-06
# nthreads           : 32
# lgo input file     : aef2.lgo
# site pat input file: ../../boot/boot33.opf
# free parameters    : 16
# points in DE swarm : 48
# output state file  : b1boot33.state
# Including singleton site patterns.
# cost function      : KL
Initial parameter values
Fixed:
      zero = 0
       one = 1
    Tbecnw = 75200
Free:
       pc1 = 0
       pc2 = 0
       pc3 = 0
       pc4 = 0
       pc5 = 0
       pc6 = 0
       pc7 = 0
       pc8 = 0
       pc9 = 0
      pc10 = 0
      pc11 = 0
      pc12 = 0
      pc13 = 0
      pc14 = 0
      pc15 = 0
      pc16 = 0
Constrained:
   Tgbecnw = 95727.9
     Tecnw = 26241.5
       Tnw = 19006.6
       Tec = 9739.26
     twoNb = 716647
     twoNe = 845315
     twoNc = 732336
     twoNw = 890683
    twoNec = 145729
    twoNnw = 31647.1
  twoNecnw = 79818.3
  twoNbecnw = 9395.55
  twoNgbecnw = 247511
         m = 0.14388
        m5 = 0.188196
        m6 = 0.0139527
        Ta = 37600
        Te = 9503.31
        Tf = 4751.65
DiffEv reached_goal. cost=1.93451e-03 spread=2.76245e-06
Fitted parameter values
Free:
       pc1 = -1.34791
       pc2 = -3.69266
       pc3 = 1.92362
       pc4 = 0.0936434
       pc5 = -0.935132
       pc6 = 1.18089
       pc7 = 1.27446
       pc8 = 1.99436
       pc9 = -0.0166937
      pc10 = -0.135008
      pc11 = 0.152143
      pc12 = -0.00544781
      pc13 = -0.0297717
      pc14 = 0.00671821
      pc15 = 0.0165634
      pc16 = 0.00142768
Constrained:
   Tgbecnw = 85661.5
     Tecnw = 24436
       Tnw = 21972.9
       Tec = 11498
     twoNb = 1.27602e+06
     twoNe = 1.61447e+06
     twoNc = 1.02763e+06
     twoNw = 1.59936e+06
    twoNec = 108887
    twoNnw = 10360.1
  twoNecnw = 83592.8
  twoNbecnw = 4879.97
  twoNgbecnw = 242439
         m = 0.147764
        m5 = 0.198225
        m6 = 0.0216299
        Ta = 37600
        Te = 10986.4
        Tf = 5493.21
#       SitePat  BranchLen
              b 127408.2695669
              e 49468.8996128
              c 52014.4318042
              n 46830.4902102
              w 46773.2501583
            b:e 2146.5726245
            b:c 2437.3353246
            b:n 1826.5471761
            b:w 1821.8271028
            e:c 10607.0990403
            e:n 5614.6785661
            e:w 5661.2245892
            c:n 4958.9234387
            c:w 4954.4527184
            n:w 12911.9848124
          b:e:c 2196.8193570
          b:e:n 1162.5280264
          b:e:w 1165.8578739
          b:c:n 1176.0706773
          b:c:w 1172.2824214
          b:n:w 2155.7979681
          e:c:n 4545.1304644
          e:c:w 4560.2952137
          e:n:w 6779.1251878
          c:n:w 5596.1199946
        b:e:c:n 2104.8074006
        b:e:c:w 2109.9858825
        b:e:n:w 2771.5498148
        b:c:n:w 2460.8199163
        e:c:n:w 53222.4974793
