########################################
# legofit: estimate population history #
#       version 2.3.4-4-g53f8760       #
########################################

# Program was compiled: Sep 21 2021 14:36:42
# Program was run: Thu Sep 23 10:56:10 2021

# cmd: legofit -1 -d 0 -t 32 --ptsPerDim 3 --stateOut b1boot47.state --tol 3e-6 -S 5000 aef2.lgo ../../boot/boot47.opf
# Stage nOptItr nSimReps
#     0    5000        0
# algorithm          : deterministic
# ignoring probs <=  : 0
# Branch length floor: 0
# DE strategy        : 2
#    F               : 0.3
#    CR              : 0.8
#    tolerance       : 3e-06
# nthreads           : 32
# lgo input file     : aef2.lgo
# site pat input file: ../../boot/boot47.opf
# free parameters    : 16
# points in DE swarm : 48
# output state file  : b1boot47.state
# Including singleton site patterns.
# cost function      : KL
Initial parameter values
Fixed:
      zero = 0
       one = 1
    Tbecnw = 75200
Free:
       pc1 = 0
       pc2 = 0
       pc3 = 0
       pc4 = 0
       pc5 = 0
       pc6 = 0
       pc7 = 0
       pc8 = 0
       pc9 = 0
      pc10 = 0
      pc11 = 0
      pc12 = 0
      pc13 = 0
      pc14 = 0
      pc15 = 0
      pc16 = 0
Constrained:
   Tgbecnw = 95727.9
     Tecnw = 26241.5
       Tnw = 19006.6
       Tec = 9739.26
     twoNb = 716647
     twoNe = 845315
     twoNc = 732336
     twoNw = 890683
    twoNec = 145729
    twoNnw = 31647.1
  twoNecnw = 79818.3
  twoNbecnw = 9395.55
  twoNgbecnw = 247511
         m = 0.14388
        m5 = 0.188196
        m6 = 0.0139527
        Ta = 37600
        Te = 9503.31
        Tf = 4751.65
DiffEv reached_goal. cost=1.94601e-03 spread=2.70794e-06
Fitted parameter values
Free:
       pc1 = -1.29162
       pc2 = -3.98554
       pc3 = 0.667105
       pc4 = 0.961145
       pc5 = -1.40907
       pc6 = 0.167379
       pc7 = 1.15737
       pc8 = 1.91676
       pc9 = 0.190273
      pc10 = -0.282141
      pc11 = 0.473506
      pc12 = 0.205606
      pc13 = -0.0107803
      pc14 = 0.00385828
      pc15 = 0.0175115
      pc16 = 0.0206197
Constrained:
   Tgbecnw = 84446
     Tecnw = 24145.6
       Tnw = 21783.2
       Tec = 10920.3
     twoNb = 459658
     twoNe = 2.20738e+06
     twoNc = 1.28703e+06
     twoNw = 1.57155e+06
    twoNec = 117363
    twoNnw = 10112.5
  twoNecnw = 83296.9
  twoNbecnw = 4348.15
  twoNgbecnw = 242791
         m = 0.145098
        m5 = 0.188302
        m6 = 0.0149876
        Ta = 37600
        Te = 10891.6
        Tf = 5445.81
#       SitePat  BranchLen
              b 126663.9968275
              e 49366.9006501
              c 51828.4327428
              n 46688.1506097
              w 46635.4721262
            b:e 2163.9413596
            b:c 2446.0788609
            b:n 1838.8998218
            b:w 1834.5143721
            e:c 10562.2365597
            e:n 5618.9762318
            e:w 5664.1762682
            c:n 4984.6906937
            c:w 4978.1732818
            n:w 12878.6223538
          b:e:c 2203.8294251
          b:e:n 1173.5289005
          b:e:w 1176.9345988
          b:c:n 1186.9213572
          b:c:w 1183.0862835
          b:n:w 2162.1819647
          e:c:n 4556.5805318
          e:c:w 4570.5763908
          e:n:w 6753.6697798
          c:n:w 5612.4262117
        b:e:c:n 2121.6249471
        b:e:c:w 2126.4397721
        b:e:n:w 2784.8236546
        b:c:n:w 2483.1420119
        e:c:n:w 52705.7050874
