########################################
# legofit: estimate population history #
#       version 2.3.4-4-g53f8760       #
########################################

# Program was compiled: Sep 21 2021 14:36:42
# Program was run: Thu Sep 23 10:54:30 2021

# cmd: legofit -1 -d 0 -t 32 --ptsPerDim 3 --stateOut b1boot15.state --tol 3e-6 -S 5000 aef2.lgo ../../boot/boot15.opf
# Stage nOptItr nSimReps
#     0    5000        0
# algorithm          : deterministic
# ignoring probs <=  : 0
# Branch length floor: 0
# DE strategy        : 2
#    F               : 0.3
#    CR              : 0.8
#    tolerance       : 3e-06
# nthreads           : 32
# lgo input file     : aef2.lgo
# site pat input file: ../../boot/boot15.opf
# free parameters    : 16
# points in DE swarm : 48
# output state file  : b1boot15.state
# Including singleton site patterns.
# cost function      : KL
Initial parameter values
Fixed:
      zero = 0
       one = 1
    Tbecnw = 75200
Free:
       pc1 = 0
       pc2 = 0
       pc3 = 0
       pc4 = 0
       pc5 = 0
       pc6 = 0
       pc7 = 0
       pc8 = 0
       pc9 = 0
      pc10 = 0
      pc11 = 0
      pc12 = 0
      pc13 = 0
      pc14 = 0
      pc15 = 0
      pc16 = 0
Constrained:
   Tgbecnw = 95727.9
     Tecnw = 26241.5
       Tnw = 19006.6
       Tec = 9739.26
     twoNb = 716647
     twoNe = 845315
     twoNc = 732336
     twoNw = 890683
    twoNec = 145729
    twoNnw = 31647.1
  twoNecnw = 79818.3
  twoNbecnw = 9395.55
  twoNgbecnw = 247511
         m = 0.14388
        m5 = 0.188196
        m6 = 0.0139527
        Ta = 37600
        Te = 9503.31
        Tf = 4751.65
DiffEv reached_goal. cost=1.95779e-03 spread=2.94989e-06
Fitted parameter values
Free:
       pc1 = 0.455082
       pc2 = -3.59169
       pc3 = 1.4442
       pc4 = 0.857047
       pc5 = 0.0712038
       pc6 = 0.780961
       pc7 = 0.881996
       pc8 = 1.89629
       pc9 = -0.116764
      pc10 = -0.228849
      pc11 = 0.283247
      pc12 = -0.0458382
      pc13 = -0.0298386
      pc14 = -0.0155516
      pc15 = -0.0179225
      pc16 = 0.00103709
Constrained:
   Tgbecnw = 80033.8
     Tecnw = 24489.9
       Tnw = 20100.2
       Tec = 10489.1
     twoNb = 805752
     twoNe = 1.32418e+06
     twoNc = 78989
     twoNw = 1.45731e+06
    twoNec = 118860
    twoNnw = 18600.4
  twoNecnw = 79634.3
  twoNbecnw = 2241.94
  twoNgbecnw = 258199
         m = 0.132055
        m5 = 0.1951
        m6 = 0.0218218
        Ta = 37600
        Te = 10050.1
        Tf = 5025.06
#       SitePat  BranchLen
              b 124777.5423002
              e 48602.6310284
              c 51078.9378042
              n 45934.3609385
              w 45877.0125554
            b:e 2109.8382477
            b:c 2388.1540178
            b:n 1795.7472435
            b:w 1791.1441035
            e:c 10398.0513915
            e:n 5510.4858685
            e:w 5557.0025678
            c:n 4863.6895638
            c:w 4859.7443072
            n:w 12744.0836269
          b:e:c 2156.6284207
          b:e:n 1144.0524203
          b:e:w 1147.2699987
          b:c:n 1157.1816572
          b:c:w 1153.5120879
          b:n:w 2116.1463624
          e:c:n 4473.3865575
          e:c:w 4488.1634978
          e:n:w 6635.9665667
          c:n:w 5503.7143563
        b:e:c:n 2072.7686953
        b:e:c:w 2077.8238261
        b:e:n:w 2720.1723264
        b:c:n:w 2422.4852301
        e:c:n:w 51936.2255244
