########################################
# legofit: estimate population history #
#       version 2.3.4-4-g53f8760       #
########################################

# Program was compiled: Sep 21 2021 14:36:42
# Program was run: Thu Sep 23 10:55:59 2021

# cmd: legofit -1 -d 0 -t 32 --ptsPerDim 3 --stateOut b1boot45.state --tol 3e-6 -S 5000 aef2.lgo ../../boot/boot45.opf
# Stage nOptItr nSimReps
#     0    5000        0
# algorithm          : deterministic
# ignoring probs <=  : 0
# Branch length floor: 0
# DE strategy        : 2
#    F               : 0.3
#    CR              : 0.8
#    tolerance       : 3e-06
# nthreads           : 32
# lgo input file     : aef2.lgo
# site pat input file: ../../boot/boot45.opf
# free parameters    : 16
# points in DE swarm : 48
# output state file  : b1boot45.state
# Including singleton site patterns.
# cost function      : KL
Initial parameter values
Fixed:
      zero = 0
       one = 1
    Tbecnw = 75200
Free:
       pc1 = 0
       pc2 = 0
       pc3 = 0
       pc4 = 0
       pc5 = 0
       pc6 = 0
       pc7 = 0
       pc8 = 0
       pc9 = 0
      pc10 = 0
      pc11 = 0
      pc12 = 0
      pc13 = 0
      pc14 = 0
      pc15 = 0
      pc16 = 0
Constrained:
   Tgbecnw = 95727.9
     Tecnw = 26241.5
       Tnw = 19006.6
       Tec = 9739.26
     twoNb = 716647
     twoNe = 845315
     twoNc = 732336
     twoNw = 890683
    twoNec = 145729
    twoNnw = 31647.1
  twoNecnw = 79818.3
  twoNbecnw = 9395.55
  twoNgbecnw = 247511
         m = 0.14388
        m5 = 0.188196
        m6 = 0.0139527
        Ta = 37600
        Te = 9503.31
        Tf = 4751.65
DiffEv reached_goal. cost=1.98872e-03 spread=2.53808e-06
Fitted parameter values
Free:
       pc1 = -0.0663203
       pc2 = -3.98583
       pc3 = 1.21106
       pc4 = 1.04533
       pc5 = -1.57169
       pc6 = 0.610321
       pc7 = 1.69149
       pc8 = 1.93162
       pc9 = 0.157659
      pc10 = -0.234768
      pc11 = 0.609113
      pc12 = -0.0501161
      pc13 = 0.0174976
      pc14 = -0.0398588
      pc15 = -0.00123089
      pc16 = -0.00714088
Constrained:
   Tgbecnw = 80793.6
     Tecnw = 24382.4
       Tnw = 20856.9
       Tec = 10593.8
     twoNb = 800818
     twoNe = 2.5071e+06
     twoNc = 1.10472e+06
     twoNw = 1.66603e+06
    twoNec = 119326
    twoNnw = 15036
  twoNecnw = 80771.6
  twoNbecnw = 2592.55
  twoNgbecnw = 256649
         m = 0.135915
        m5 = 0.193443
        m6 = 0.0206429
        Ta = 37600
        Te = 10428.4
        Tf = 5214.21
#       SitePat  BranchLen
              b 125569.1052784
              e 48840.4017009
              c 51283.7794933
              n 46183.8457367
              w 46132.9621256
            b:e 2122.2146352
            b:c 2399.1233615
            b:n 1804.6629850
            b:w 1800.5219619
            e:c 10402.7237825
            e:n 5535.3468524
            e:w 5576.9555035
            c:n 4897.8665400
            c:w 4893.8713661
            n:w 12714.1237915
          b:e:c 2163.4338167
          b:e:n 1152.5071265
          b:e:w 1155.4505313
          b:c:n 1165.3641550
          b:c:w 1162.0116139
          b:n:w 2122.3923300
          e:c:n 4484.7673635
          e:c:w 4498.0374973
          e:n:w 6645.0957587
          c:n:w 5522.2824161
        b:e:c:n 2085.5493065
        b:e:c:w 2090.0994658
        b:e:n:w 2735.1058165
        b:c:n:w 2438.7789791
        e:c:n:w 52478.6322059
