########################################
# legofit: estimate population history #
#       version 2.3.4-4-g53f8760       #
########################################

# Program was compiled: Sep 21 2021 14:36:42
# Program was run: Thu Sep 23 10:55:59 2021

# cmd: legofit -1 -d 0 -t 32 --ptsPerDim 3 --stateOut b1boot43.state --tol 3e-6 -S 5000 aef2.lgo ../../boot/boot43.opf
# Stage nOptItr nSimReps
#     0    5000        0
# algorithm          : deterministic
# ignoring probs <=  : 0
# Branch length floor: 0
# DE strategy        : 2
#    F               : 0.3
#    CR              : 0.8
#    tolerance       : 3e-06
# nthreads           : 32
# lgo input file     : aef2.lgo
# site pat input file: ../../boot/boot43.opf
# free parameters    : 16
# points in DE swarm : 48
# output state file  : b1boot43.state
# Including singleton site patterns.
# cost function      : KL
Initial parameter values
Fixed:
      zero = 0
       one = 1
    Tbecnw = 75200
Free:
       pc1 = 0
       pc2 = 0
       pc3 = 0
       pc4 = 0
       pc5 = 0
       pc6 = 0
       pc7 = 0
       pc8 = 0
       pc9 = 0
      pc10 = 0
      pc11 = 0
      pc12 = 0
      pc13 = 0
      pc14 = 0
      pc15 = 0
      pc16 = 0
Constrained:
   Tgbecnw = 95727.9
     Tecnw = 26241.5
       Tnw = 19006.6
       Tec = 9739.26
     twoNb = 716647
     twoNe = 845315
     twoNc = 732336
     twoNw = 890683
    twoNec = 145729
    twoNnw = 31647.1
  twoNecnw = 79818.3
  twoNbecnw = 9395.55
  twoNgbecnw = 247511
         m = 0.14388
        m5 = 0.188196
        m6 = 0.0139527
        Ta = 37600
        Te = 9503.31
        Tf = 4751.65
DiffEv reached_goal. cost=1.97414e-03 spread=2.91177e-06
Fitted parameter values
Free:
       pc1 = -1.18913
       pc2 = -3.88625
       pc3 = 0.158983
       pc4 = -0.112483
       pc5 = -1.30021
       pc6 = -0.917702
       pc7 = 0.929045
       pc8 = 1.95278
       pc9 = -0.434904
      pc10 = -0.614133
      pc11 = 0.0623011
      pc12 = -0.246558
      pc13 = -0.0616429
      pc14 = -0.024112
      pc15 = 0.00399925
      pc16 = 0.0145194
Constrained:
   Tgbecnw = 84020.4
     Tecnw = 24387
       Tnw = 21692.8
       Tec = 11213.7
     twoNb = 459686
     twoNe = 1.3832e+06
     twoNc = 2.20362e+06
     twoNw = 1.54095e+06
    twoNec = 118991
    twoNnw = 11633.2
  twoNecnw = 80840.6
  twoNbecnw = 4113.74
  twoNgbecnw = 250685
         m = 0.137884
        m5 = 0.185125
        m6 = 0.00428276
        Ta = 37600
        Te = 10846.4
        Tf = 5423.21
#       SitePat  BranchLen
              b 126311.5186832
              e 49182.8956105
              c 51711.8545037
              n 46588.8966824
              w 46540.5641953
            b:e 2156.3990582
            b:c 2448.1068680
            b:n 1840.7673922
            b:w 1836.7205427
            e:c 10495.9927544
            e:n 5583.2538382
            e:w 5629.4215799
            c:n 4934.1692614
            c:w 4923.5415666
            n:w 12786.4766527
          b:e:c 2202.7133703
          b:e:n 1171.2905940
          b:e:w 1175.0533352
          b:c:n 1185.1842698
          b:c:w 1181.0295300
          b:n:w 2162.0472453
          e:c:n 4563.9145585
          e:c:w 4576.7069986
          e:n:w 6749.4686501
          c:n:w 5575.4743469
        b:e:c:n 2119.0422749
        b:e:c:w 2123.4811230
        b:e:n:w 2781.2256597
        b:c:n:w 2469.6479794
        e:c:n:w 52653.3685206
