########################################
# legofit: estimate population history #
#       version 2.3.4-4-g53f8760       #
########################################

# Program was compiled: Sep 21 2021 14:36:42
# Program was run: Thu Sep 23 10:53:52 2021

# cmd: legofit -1 -d 0 -t 32 --ptsPerDim 3 --stateOut b1boot3.state --tol 3e-6 -S 5000 aef2.lgo ../../boot/boot3.opf
# Stage nOptItr nSimReps
#     0    5000        0
# algorithm          : deterministic
# ignoring probs <=  : 0
# Branch length floor: 0
# DE strategy        : 2
#    F               : 0.3
#    CR              : 0.8
#    tolerance       : 3e-06
# nthreads           : 32
# lgo input file     : aef2.lgo
# site pat input file: ../../boot/boot3.opf
# free parameters    : 16
# points in DE swarm : 48
# output state file  : b1boot3.state
# Including singleton site patterns.
# cost function      : KL
Initial parameter values
Fixed:
      zero = 0
       one = 1
    Tbecnw = 75200
Free:
       pc1 = 0
       pc2 = 0
       pc3 = 0
       pc4 = 0
       pc5 = 0
       pc6 = 0
       pc7 = 0
       pc8 = 0
       pc9 = 0
      pc10 = 0
      pc11 = 0
      pc12 = 0
      pc13 = 0
      pc14 = 0
      pc15 = 0
      pc16 = 0
Constrained:
   Tgbecnw = 95727.9
     Tecnw = 26241.5
       Tnw = 19006.6
       Tec = 9739.26
     twoNb = 716647
     twoNe = 845315
     twoNc = 732336
     twoNw = 890683
    twoNec = 145729
    twoNnw = 31647.1
  twoNecnw = 79818.3
  twoNbecnw = 9395.55
  twoNgbecnw = 247511
         m = 0.14388
        m5 = 0.188196
        m6 = 0.0139527
        Ta = 37600
        Te = 9503.31
        Tf = 4751.65
DiffEv reached_goal. cost=1.95961e-03 spread=2.98947e-06
Fitted parameter values
Free:
       pc1 = -0.490674
       pc2 = -3.69507
       pc3 = 1.47466
       pc4 = 0.542075
       pc5 = -1.54479
       pc6 = 0.382996
       pc7 = 0.590386
       pc8 = 1.99393
       pc9 = 0.0692584
      pc10 = -0.202335
      pc11 = 0.319943
      pc12 = 0.141916
      pc13 = 0.0509092
      pc14 = -0.0162006
      pc15 = 0.00315697
      pc16 = 0.00794118
Constrained:
   Tgbecnw = 82800.8
     Tecnw = 24341.5
       Tnw = 20987.5
       Tec = 10707.2
     twoNb = 505332
     twoNe = 1.77168e+06
     twoNc = 1.61572e+06
     twoNw = 1.51059e+06
    twoNec = 117979
    twoNnw = 14326.6
  twoNecnw = 82359.4
  twoNbecnw = 3579.5
  twoNgbecnw = 246719
         m = 0.14262
        m5 = 0.19573
        m6 = 0.0220139
        Ta = 37600
        Te = 10493.7
        Tf = 5246.87
#       SitePat  BranchLen
              b 126335.5681209
              e 49174.8342764
              c 51659.1191866
              n 46494.1592331
              w 46436.1405218
            b:e 2163.0330086
            b:c 2446.7626906
            b:n 1840.2461660
            b:w 1835.4700160
            e:c 10499.0366072
            e:n 5610.9209773
            e:w 5657.8705370
            c:n 4965.3879592
            c:w 4961.2455988
            n:w 12836.8821672
          b:e:c 2200.9635616
          b:e:n 1175.8354006
          b:e:w 1179.1669960
          b:c:n 1189.3187124
          b:c:w 1185.5174293
          b:n:w 2159.3384591
          e:c:n 4539.8710725
          e:c:w 4555.0825845
          e:n:w 6732.5215995
          c:n:w 5590.3946455
        b:e:c:n 2124.8743545
        b:e:c:w 2130.1201921
        b:e:n:w 2787.9438480
        b:c:n:w 2484.3804209
        e:c:n:w 52706.4643609
