########################################
# legofit: estimate population history #
#       version 2.3.4-4-g53f8760       #
########################################

# Program was compiled: Sep 21 2021 14:36:42
# Program was run: Thu Sep 23 10:55:04 2021

# cmd: legofit -1 -d 0 -t 32 --ptsPerDim 3 --stateOut b1boot26.state --tol 3e-6 -S 5000 aef2.lgo ../../boot/boot26.opf
# Stage nOptItr nSimReps
#     0    5000        0
# algorithm          : deterministic
# ignoring probs <=  : 0
# Branch length floor: 0
# DE strategy        : 2
#    F               : 0.3
#    CR              : 0.8
#    tolerance       : 3e-06
# nthreads           : 32
# lgo input file     : aef2.lgo
# site pat input file: ../../boot/boot26.opf
# free parameters    : 16
# points in DE swarm : 48
# output state file  : b1boot26.state
# Including singleton site patterns.
# cost function      : KL
Initial parameter values
Fixed:
      zero = 0
       one = 1
    Tbecnw = 75200
Free:
       pc1 = 0
       pc2 = 0
       pc3 = 0
       pc4 = 0
       pc5 = 0
       pc6 = 0
       pc7 = 0
       pc8 = 0
       pc9 = 0
      pc10 = 0
      pc11 = 0
      pc12 = 0
      pc13 = 0
      pc14 = 0
      pc15 = 0
      pc16 = 0
Constrained:
   Tgbecnw = 95727.9
     Tecnw = 26241.5
       Tnw = 19006.6
       Tec = 9739.26
     twoNb = 716647
     twoNe = 845315
     twoNc = 732336
     twoNw = 890683
    twoNec = 145729
    twoNnw = 31647.1
  twoNecnw = 79818.3
  twoNbecnw = 9395.55
  twoNgbecnw = 247511
         m = 0.14388
        m5 = 0.188196
        m6 = 0.0139527
        Ta = 37600
        Te = 9503.31
        Tf = 4751.65
DiffEv reached_goal. cost=1.94699e-03 spread=2.89195e-06
Fitted parameter values
Free:
       pc1 = 0.0650774
       pc2 = -3.97429
       pc3 = 1.4995
       pc4 = 1.15638
       pc5 = -0.854491
       pc6 = 0.142604
       pc7 = 1.44653
       pc8 = 1.93924
       pc9 = 0.0577009
      pc10 = 0.0123737
      pc11 = 0.725178
      pc12 = -0.0699986
      pc13 = -0.0311779
      pc14 = -0.11738
      pc15 = -0.00433581
      pc16 = 0.00945197
Constrained:
   Tgbecnw = 81007.4
     Tecnw = 24397.3
       Tnw = 20481.9
       Tec = 10604.7
     twoNb = 482821
     twoNe = 1.97839e+06
     twoNc = 686222
     twoNw = 1.71181e+06
    twoNec = 118526
    twoNnw = 16802.4
  twoNecnw = 81325.3
  twoNbecnw = 2651.82
  twoNgbecnw = 265205
         m = 0.130166
        m5 = 0.192473
        m6 = 0.0213803
        Ta = 37600
        Te = 10240.9
        Tf = 5120.47
#       SitePat  BranchLen
              b 125342.2343766
              e 48926.1198876
              c 51352.2216669
              n 46273.2226397
              w 46224.0385527
            b:e 2137.1781696
            b:c 2411.9033503
            b:n 1821.5552583
            b:w 1817.5575330
            e:c 10437.5968644
            e:n 5547.2051528
            e:w 5587.1388742
            c:n 4909.0777413
            c:w 4905.6088126
            n:w 12757.2667645
          b:e:c 2181.8215422
          b:e:n 1163.1571102
          b:e:w 1165.9572275
          b:c:n 1175.9465662
          b:c:w 1172.7460351
          b:n:w 2140.4867762
          e:c:n 4490.4323679
          e:c:w 4503.1516621
          e:n:w 6620.8844492
          c:n:w 5514.4401429
        b:e:c:n 2109.4124689
        b:e:c:w 2113.8106080
        b:e:n:w 2755.0823908
        b:c:n:w 2460.7789465
        e:c:n:w 52230.6795840
