########################################
# legofit: estimate population history #
#       version 2.3.4-4-g53f8760       #
########################################

# Program was compiled: Sep 21 2021 14:36:42
# Program was run: Thu Sep 23 10:53:52 2021

# cmd: legofit -1 -d 0 -t 32 --ptsPerDim 3 --stateOut b1boot1.state --tol 3e-6 -S 5000 aef2.lgo ../../boot/boot1.opf
# Stage nOptItr nSimReps
#     0    5000        0
# algorithm          : deterministic
# ignoring probs <=  : 0
# Branch length floor: 0
# DE strategy        : 2
#    F               : 0.3
#    CR              : 0.8
#    tolerance       : 3e-06
# nthreads           : 32
# lgo input file     : aef2.lgo
# site pat input file: ../../boot/boot1.opf
# free parameters    : 16
# points in DE swarm : 48
# output state file  : b1boot1.state
# Including singleton site patterns.
# cost function      : KL
Initial parameter values
Fixed:
      zero = 0
       one = 1
    Tbecnw = 75200
Free:
       pc1 = 0
       pc2 = 0
       pc3 = 0
       pc4 = 0
       pc5 = 0
       pc6 = 0
       pc7 = 0
       pc8 = 0
       pc9 = 0
      pc10 = 0
      pc11 = 0
      pc12 = 0
      pc13 = 0
      pc14 = 0
      pc15 = 0
      pc16 = 0
Constrained:
   Tgbecnw = 95727.9
     Tecnw = 26241.5
       Tnw = 19006.6
       Tec = 9739.26
     twoNb = 716647
     twoNe = 845315
     twoNc = 732336
     twoNw = 890683
    twoNec = 145729
    twoNnw = 31647.1
  twoNecnw = 79818.3
  twoNbecnw = 9395.55
  twoNgbecnw = 247511
         m = 0.14388
        m5 = 0.188196
        m6 = 0.0139527
        Ta = 37600
        Te = 9503.31
        Tf = 4751.65
DiffEv reached_goal. cost=1.95036e-03 spread=1.97878e-06
Fitted parameter values
Free:
       pc1 = 0.222289
       pc2 = -3.99794
       pc3 = 1.43105
       pc4 = 1.43391
       pc5 = -1.46328
       pc6 = 0.260277
       pc7 = 0.995599
       pc8 = 1.7197
       pc9 = 0.0976608
      pc10 = -0.443827
      pc11 = 0.190427
      pc12 = -0.118688
      pc13 = 0.0402243
      pc14 = -0.0912859
      pc15 = -0.0234631
      pc16 = -0.00653164
Constrained:
   Tgbecnw = 79390.7
     Tecnw = 24493.3
       Tnw = 20652.5
       Tec = 10559.8
     twoNb = 157857
     twoNe = 2.26109e+06
     twoNc = 1.02442e+06
     twoNw = 1.56886e+06
    twoNec = 120054
    twoNnw = 16131.3
  twoNecnw = 79539.9
  twoNbecnw = 1980.66
  twoNgbecnw = 253359
         m = 0.13421
        m5 = 0.19664
        m6 = 0.0200409
        Ta = 37600
        Te = 10326.3
        Tf = 5163.13
#       SitePat  BranchLen
              b 124706.9583433
              e 48661.0361641
              c 51183.7032053
              n 45953.9701805
              w 45900.0866781
            b:e 2141.8354462
            b:c 2431.6834672
            b:n 1815.7573332
            b:w 1811.3319397
            e:c 10378.0648423
            e:n 5520.2554584
            e:w 5564.7023041
            c:n 4866.2225532
            c:w 4861.6161153
            n:w 12742.6152315
          b:e:c 2187.8824187
          b:e:n 1159.7131593
          b:e:w 1162.9088880
          b:c:n 1173.1970132
          b:c:w 1169.5655891
          b:n:w 2145.7296259
          e:c:n 4483.0059692
          e:c:w 4497.0490638
          e:n:w 6703.5923563
          c:n:w 5538.0444090
        b:e:c:n 2096.7488658
        b:e:c:w 2101.6099548
        b:e:n:w 2769.5413112
        b:c:n:w 2459.5527353
        e:c:n:w 51906.0698888
