########################################
# legofit: estimate population history #
#       version 2.3.4-4-g53f8760       #
########################################

# Program was compiled: Sep 21 2021 14:36:42
# Program was run: Thu Sep 23 10:56:13 2021

# cmd: legofit -1 -d 0 -t 32 --ptsPerDim 3 --stateOut b1boot48.state --tol 3e-6 -S 5000 aef2.lgo ../../boot/boot48.opf
# Stage nOptItr nSimReps
#     0    5000        0
# algorithm          : deterministic
# ignoring probs <=  : 0
# Branch length floor: 0
# DE strategy        : 2
#    F               : 0.3
#    CR              : 0.8
#    tolerance       : 3e-06
# nthreads           : 32
# lgo input file     : aef2.lgo
# site pat input file: ../../boot/boot48.opf
# free parameters    : 16
# points in DE swarm : 48
# output state file  : b1boot48.state
# Including singleton site patterns.
# cost function      : KL
Initial parameter values
Fixed:
      zero = 0
       one = 1
    Tbecnw = 75200
Free:
       pc1 = 0
       pc2 = 0
       pc3 = 0
       pc4 = 0
       pc5 = 0
       pc6 = 0
       pc7 = 0
       pc8 = 0
       pc9 = 0
      pc10 = 0
      pc11 = 0
      pc12 = 0
      pc13 = 0
      pc14 = 0
      pc15 = 0
      pc16 = 0
Constrained:
   Tgbecnw = 95727.9
     Tecnw = 26241.5
       Tnw = 19006.6
       Tec = 9739.26
     twoNb = 716647
     twoNe = 845315
     twoNc = 732336
     twoNw = 890683
    twoNec = 145729
    twoNnw = 31647.1
  twoNecnw = 79818.3
  twoNbecnw = 9395.55
  twoNgbecnw = 247511
         m = 0.14388
        m5 = 0.188196
        m6 = 0.0139527
        Ta = 37600
        Te = 9503.31
        Tf = 4751.65
DiffEv reached_goal. cost=1.97300e-03 spread=2.47930e-06
Fitted parameter values
Free:
       pc1 = -0.286418
       pc2 = -3.98571
       pc3 = 1.13186
       pc4 = 1.10139
       pc5 = -0.130459
       pc6 = 0.988958
       pc7 = 0.226698
       pc8 = 1.97294
       pc9 = 0.224711
      pc10 = -0.115349
      pc11 = -0.197123
      pc12 = 0.0456573
      pc13 = 0.0446109
      pc14 = -0.018355
      pc15 = -0.0036009
      pc16 = -0.00502137
Constrained:
   Tgbecnw = 80673.1
     Tecnw = 24035.6
       Tnw = 20844
       Tec = 10648.7
     twoNb = 488636
     twoNe = 1.45511e+06
     twoNc = 143958
     twoNw = 1.29026e+06
    twoNec = 115861
    twoNnw = 13747.1
  twoNecnw = 82540.5
  twoNbecnw = 2584.82
  twoNgbecnw = 247135
         m = 0.142011
        m5 = 0.197163
        m6 = 0.0184247
        Ta = 37600
        Te = 10422
        Tf = 5211
#       SitePat  BranchLen
              b 125538.7805259
              e 48839.0425349
              c 51375.7393340
              n 46256.1200383
              w 46190.2014916
            b:e 2132.1728688
            b:c 2419.3332807
            b:n 1822.5471853
            b:w 1817.1451700
            e:c 10452.8901510
            e:n 5597.8781367
            e:w 5653.0809388
            c:n 4941.1835640
            c:w 4934.6483286
            n:w 12753.0087732
          b:e:c 2176.1388407
          b:e:n 1164.6471601
          b:e:w 1168.6567925
          b:c:n 1179.1577271
          b:c:w 1174.6064338
          b:n:w 2134.8133799
          e:c:n 4509.6587156
          e:c:w 4526.9096955
          e:n:w 6683.1805610
          c:n:w 5521.6109448
        b:e:c:n 2108.7634935
        b:e:c:w 2114.7071697
        b:e:n:w 2762.7779997
        b:c:n:w 2455.1573795
        e:c:n:w 52278.9003485
