########################################
# legofit: estimate population history #
#       version 2.3.4-4-g53f8760       #
########################################

# Program was compiled: Sep 21 2021 14:36:42
# Program was run: Thu Sep 23 10:55:42 2021

# cmd: legofit -1 -d 0 -t 32 --ptsPerDim 3 --stateOut b1boot40.state --tol 3e-6 -S 5000 aef2.lgo ../../boot/boot40.opf
# Stage nOptItr nSimReps
#     0    5000        0
# algorithm          : deterministic
# ignoring probs <=  : 0
# Branch length floor: 0
# DE strategy        : 2
#    F               : 0.3
#    CR              : 0.8
#    tolerance       : 3e-06
# nthreads           : 32
# lgo input file     : aef2.lgo
# site pat input file: ../../boot/boot40.opf
# free parameters    : 16
# points in DE swarm : 48
# output state file  : b1boot40.state
# Including singleton site patterns.
# cost function      : KL
Initial parameter values
Fixed:
      zero = 0
       one = 1
    Tbecnw = 75200
Free:
       pc1 = 0
       pc2 = 0
       pc3 = 0
       pc4 = 0
       pc5 = 0
       pc6 = 0
       pc7 = 0
       pc8 = 0
       pc9 = 0
      pc10 = 0
      pc11 = 0
      pc12 = 0
      pc13 = 0
      pc14 = 0
      pc15 = 0
      pc16 = 0
Constrained:
   Tgbecnw = 95727.9
     Tecnw = 26241.5
       Tnw = 19006.6
       Tec = 9739.26
     twoNb = 716647
     twoNe = 845315
     twoNc = 732336
     twoNw = 890683
    twoNec = 145729
    twoNnw = 31647.1
  twoNecnw = 79818.3
  twoNbecnw = 9395.55
  twoNgbecnw = 247511
         m = 0.14388
        m5 = 0.188196
        m6 = 0.0139527
        Ta = 37600
        Te = 9503.31
        Tf = 4751.65
DiffEv reached_goal. cost=1.95738e-03 spread=2.38797e-06
Fitted parameter values
Free:
       pc1 = -0.903222
       pc2 = -3.97626
       pc3 = 1.35478
       pc4 = 0.576802
       pc5 = -0.776245
       pc6 = 0.168223
       pc7 = 1.13064
       pc8 = 1.99203
       pc9 = -0.12718
      pc10 = -0.114931
      pc11 = 0.230405
      pc12 = 0.013261
      pc13 = -0.0197813
      pc14 = 0.0330574
      pc15 = 0.0109785
      pc16 = 0.0193909
Constrained:
   Tgbecnw = 83898.2
     Tecnw = 24244.9
       Tnw = 21272.9
       Tec = 11188.5
     twoNb = 618328
     twoNe = 1.57705e+06
     twoNc = 1.01586e+06
     twoNw = 1.62498e+06
    twoNec = 112993
    twoNnw = 12726.8
  twoNecnw = 82171.6
  twoNbecnw = 4028.73
  twoNgbecnw = 251682
         m = 0.139115
        m5 = 0.192743
        m6 = 0.0165103
        Ta = 37600
        Te = 10636.4
        Tf = 5318.22
#       SitePat  BranchLen
              b 126454.7799818
              e 49116.9006069
              c 51618.1120422
              n 46491.7522347
              w 46440.1546146
            b:e 2144.5270578
            b:c 2429.3964361
            b:n 1829.4741641
            b:w 1825.2242276
            e:c 10529.4520301
            e:n 5601.6626605
            e:w 5645.4670095
            c:n 4953.0736740
            c:w 4947.2717661
            n:w 12833.9332591
          b:e:c 2189.8927746
          b:e:n 1165.3239255
          b:e:w 1168.5603077
          b:c:n 1178.6190442
          b:c:w 1174.9678141
          b:n:w 2149.2712121
          e:c:n 4548.0921118
          e:c:w 4561.6872909
          e:n:w 6729.1749749
          c:n:w 5574.7477695
        b:e:c:n 2109.8143287
        b:e:c:w 2114.4791131
        b:e:n:w 2764.6668362
        b:c:n:w 2460.0948328
        e:c:n:w 52769.3910281
