########################################
# legofit: estimate population history #
#       version 2.3.4-4-g53f8760       #
########################################

# Program was compiled: Sep 21 2021 14:36:42
# Program was run: Thu Sep 23 10:54:22 2021

# cmd: legofit -1 -d 0 -t 32 --ptsPerDim 3 --stateOut b1boot12.state --tol 3e-6 -S 5000 aef2.lgo ../../boot/boot12.opf
# Stage nOptItr nSimReps
#     0    5000        0
# algorithm          : deterministic
# ignoring probs <=  : 0
# Branch length floor: 0
# DE strategy        : 2
#    F               : 0.3
#    CR              : 0.8
#    tolerance       : 3e-06
# nthreads           : 32
# lgo input file     : aef2.lgo
# site pat input file: ../../boot/boot12.opf
# free parameters    : 16
# points in DE swarm : 48
# output state file  : b1boot12.state
# Including singleton site patterns.
# cost function      : KL
Initial parameter values
Fixed:
      zero = 0
       one = 1
    Tbecnw = 75200
Free:
       pc1 = 0
       pc2 = 0
       pc3 = 0
       pc4 = 0
       pc5 = 0
       pc6 = 0
       pc7 = 0
       pc8 = 0
       pc9 = 0
      pc10 = 0
      pc11 = 0
      pc12 = 0
      pc13 = 0
      pc14 = 0
      pc15 = 0
      pc16 = 0
Constrained:
   Tgbecnw = 95727.9
     Tecnw = 26241.5
       Tnw = 19006.6
       Tec = 9739.26
     twoNb = 716647
     twoNe = 845315
     twoNc = 732336
     twoNw = 890683
    twoNec = 145729
    twoNnw = 31647.1
  twoNecnw = 79818.3
  twoNbecnw = 9395.55
  twoNgbecnw = 247511
         m = 0.14388
        m5 = 0.188196
        m6 = 0.0139527
        Ta = 37600
        Te = 9503.31
        Tf = 4751.65
DiffEv reached_goal. cost=1.93712e-03 spread=2.85025e-06
Fitted parameter values
Free:
       pc1 = 0.00997649
       pc2 = -2.94141
       pc3 = 1.67248
       pc4 = 1.34342
       pc5 = -1.26652
       pc6 = 0.95345
       pc7 = 1.74992
       pc8 = 1.93203
       pc9 = 0.0959212
      pc10 = -0.122759
      pc11 = 0.570473
      pc12 = 0.183282
      pc13 = -0.0237567
      pc14 = -0.012363
      pc15 = 0.00428758
      pc16 = 0.0068586
Constrained:
   Tgbecnw = 83425.4
     Tecnw = 24775.1
       Tnw = 20074
       Tec = 10229.5
     twoNb = 928282
     twoNe = 2.35437e+06
     twoNc = 574435
     twoNw = 1.6966e+06
    twoNec = 123208
    twoNnw = 20266.2
  twoNecnw = 81014.3
  twoNbecnw = 3889.11
  twoNgbecnw = 243250
         m = 0.142681
        m5 = 0.196004
        m6 = 0.025075
        Ta = 37600
        Te = 10037
        Tf = 5018.49
#       SitePat  BranchLen
              b 126098.2697931
              e 49201.7936378
              c 51646.3259449
              n 46565.7459563
              w 46514.2145082
            b:e 2150.6963152
            b:c 2425.6934980
            b:n 1837.8442212
            b:w 1833.6986203
            e:c 10520.2069567
            e:n 5599.0352485
            e:w 5639.6817762
            c:n 4952.9872492
            c:w 4950.6200871
            n:w 12834.1144267
          b:e:c 2186.9905735
          b:e:n 1170.4960010
          b:e:w 1173.2440865
          b:c:n 1182.9221484
          b:c:w 1179.7743269
          b:n:w 2147.4649752
          e:c:n 4552.8542315
          e:c:w 4566.1063141
          e:n:w 6684.3636712
          c:n:w 5574.9410525
        b:e:c:n 2117.2488972
        b:e:c:w 2121.7942340
        b:e:n:w 2758.4474352
        b:c:n:w 2464.4938646
        e:c:n:w 52406.1196117
