########################################
# legofit: estimate population history #
#       version 2.3.4-4-g53f8760       #
########################################

# Program was compiled: Sep 21 2021 14:36:42
# Program was run: Thu Sep 23 10:55:42 2021

# cmd: legofit -1 -d 0 -t 32 --ptsPerDim 3 --stateOut b1boot38.state --tol 3e-6 -S 5000 aef2.lgo ../../boot/boot38.opf
# Stage nOptItr nSimReps
#     0    5000        0
# algorithm          : deterministic
# ignoring probs <=  : 0
# Branch length floor: 0
# DE strategy        : 2
#    F               : 0.3
#    CR              : 0.8
#    tolerance       : 3e-06
# nthreads           : 32
# lgo input file     : aef2.lgo
# site pat input file: ../../boot/boot38.opf
# free parameters    : 16
# points in DE swarm : 48
# output state file  : b1boot38.state
# Including singleton site patterns.
# cost function      : KL
Initial parameter values
Fixed:
      zero = 0
       one = 1
    Tbecnw = 75200
Free:
       pc1 = 0
       pc2 = 0
       pc3 = 0
       pc4 = 0
       pc5 = 0
       pc6 = 0
       pc7 = 0
       pc8 = 0
       pc9 = 0
      pc10 = 0
      pc11 = 0
      pc12 = 0
      pc13 = 0
      pc14 = 0
      pc15 = 0
      pc16 = 0
Constrained:
   Tgbecnw = 95727.9
     Tecnw = 26241.5
       Tnw = 19006.6
       Tec = 9739.26
     twoNb = 716647
     twoNe = 845315
     twoNc = 732336
     twoNw = 890683
    twoNec = 145729
    twoNnw = 31647.1
  twoNecnw = 79818.3
  twoNbecnw = 9395.55
  twoNgbecnw = 247511
         m = 0.14388
        m5 = 0.188196
        m6 = 0.0139527
        Ta = 37600
        Te = 9503.31
        Tf = 4751.65
DiffEv reached_goal. cost=1.94316e-03 spread=2.26828e-06
Fitted parameter values
Free:
       pc1 = -0.157641
       pc2 = -3.47634
       pc3 = 1.62604
       pc4 = 0.535238
       pc5 = -0.712567
       pc6 = 0.364439
       pc7 = 0.824631
       pc8 = 1.9828
       pc9 = 0.0223408
      pc10 = -0.387721
      pc11 = 0.523828
      pc12 = 0.0557427
      pc13 = -0.0150889
      pc14 = -0.0244364
      pc15 = -2.21495e-05
      pc16 = -0.000147148
Constrained:
   Tgbecnw = 82303.7
     Tecnw = 24556.7
       Tnw = 20926
       Tec = 10533.4
     twoNb = 668185
     twoNe = 1.39653e+06
     twoNc = 963403
     twoNw = 1.55891e+06
    twoNec = 120059
    twoNnw = 15354.7
  twoNecnw = 80790.3
  twoNbecnw = 3303.6
  twoNgbecnw = 252303
         m = 0.137313
        m5 = 0.194144
        m6 = 0.0231431
        Ta = 37600
        Te = 10463
        Tf = 5231.51
#       SitePat  BranchLen
              b 125749.0747736
              e 49002.0232864
              c 51445.4483402
              n 46315.5360006
              w 46259.7327800
            b:e 2132.5348289
            b:c 2409.9542047
            b:n 1810.1505836
            b:w 1805.6123547
            e:c 10458.4913024
            e:n 5542.3163621
            e:w 5586.9453652
            c:n 4907.4523829
            c:w 4904.0648260
            n:w 12782.2634486
          b:e:c 2173.5930638
          b:e:n 1154.2743071
          b:e:w 1157.3707639
          b:c:n 1167.1730040
          b:c:w 1163.6345086
          b:n:w 2132.6752372
          e:c:n 4500.8076531
          e:c:w 4515.3694274
          e:n:w 6683.2580848
          c:n:w 5557.5775494
        b:e:c:n 2087.5536423
        b:e:c:w 2092.5339098
        b:e:n:w 2742.6155590
        b:c:n:w 2446.0337417
        e:c:n:w 52395.0969266
