########################################
# legofit: estimate population history #
#       version 2.3.4-4-g53f8760       #
########################################

# Program was compiled: Sep 21 2021 14:36:42
# Program was run: Thu Sep 23 10:53:57 2021

# cmd: legofit -1 -d 0 -t 32 --ptsPerDim 3 --stateOut b1boot4.state --tol 3e-6 -S 5000 aef2.lgo ../../boot/boot4.opf
# Stage nOptItr nSimReps
#     0    5000        0
# algorithm          : deterministic
# ignoring probs <=  : 0
# Branch length floor: 0
# DE strategy        : 2
#    F               : 0.3
#    CR              : 0.8
#    tolerance       : 3e-06
# nthreads           : 32
# lgo input file     : aef2.lgo
# site pat input file: ../../boot/boot4.opf
# free parameters    : 16
# points in DE swarm : 48
# output state file  : b1boot4.state
# Including singleton site patterns.
# cost function      : KL
Initial parameter values
Fixed:
      zero = 0
       one = 1
    Tbecnw = 75200
Free:
       pc1 = 0
       pc2 = 0
       pc3 = 0
       pc4 = 0
       pc5 = 0
       pc6 = 0
       pc7 = 0
       pc8 = 0
       pc9 = 0
      pc10 = 0
      pc11 = 0
      pc12 = 0
      pc13 = 0
      pc14 = 0
      pc15 = 0
      pc16 = 0
Constrained:
   Tgbecnw = 95727.9
     Tecnw = 26241.5
       Tnw = 19006.6
       Tec = 9739.26
     twoNb = 716647
     twoNe = 845315
     twoNc = 732336
     twoNw = 890683
    twoNec = 145729
    twoNnw = 31647.1
  twoNecnw = 79818.3
  twoNbecnw = 9395.55
  twoNgbecnw = 247511
         m = 0.14388
        m5 = 0.188196
        m6 = 0.0139527
        Ta = 37600
        Te = 9503.31
        Tf = 4751.65
DiffEv reached_goal. cost=1.97757e-03 spread=2.79103e-06
Fitted parameter values
Free:
       pc1 = -0.306504
       pc2 = -3.93347
       pc3 = 1.29415
       pc4 = 2.36064
       pc5 = -1.63251
       pc6 = 0.478567
       pc7 = 1.39493
       pc8 = 1.84895
       pc9 = 0.271644
      pc10 = -0.0768439
      pc11 = 0.209147
      pc12 = 0.0604095
      pc13 = -0.00301633
      pc14 = -0.0197667
      pc15 = -0.0182016
      pc16 = -0.0111546
Constrained:
   Tgbecnw = 81105.6
     Tecnw = 24305.8
       Tnw = 20466.7
       Tec = 10457.2
     twoNb = 3613.56
     twoNe = 2.88605e+06
     twoNc = 520910
     twoNw = 1.67347e+06
    twoNec = 118836
    twoNnw = 16427.8
  twoNecnw = 81968
  twoNbecnw = 2807.95
  twoNgbecnw = 243340
         m = 0.145334
        m5 = 0.195805
        m6 = 0.0189776
        Ta = 37600
        Te = 10233.4
        Tf = 5116.69
#       SitePat  BranchLen
              b 125919.2186493
              e 48942.3956413
              c 51467.6466666
              n 46304.3542566
              w 46254.0789936
            b:e 2134.3132573
            b:c 2419.0917445
            b:n 1821.2279678
            b:w 1817.1487012
            e:c 10489.2367782
            e:n 5585.3499951
            e:w 5627.2134339
            c:n 4922.6746922
            c:w 4918.0630680
            n:w 12826.1062439
          b:e:c 2181.0364484
          b:e:n 1162.1759845
          b:e:w 1165.1697831
          b:c:n 1175.3960026
          b:c:w 1171.9975425
          b:n:w 2139.9810926
          e:c:n 4512.7992160
          e:c:w 4525.8226644
          e:n:w 6684.9586817
          c:n:w 5531.5333252
        b:e:c:n 2105.5081403
        b:e:c:w 2109.9920684
        b:e:n:w 2758.7327588
        b:c:n:w 2453.9064942
        e:c:n:w 52550.1917840
