########################################
# legofit: estimate population history #
#       version 2.3.4-4-g53f8760       #
########################################

# Program was compiled: Sep 21 2021 14:36:42
# Program was run: Thu Sep 23 10:54:51 2021

# cmd: legofit -1 -d 0 -t 32 --ptsPerDim 3 --stateOut b1boot23.state --tol 3e-6 -S 5000 aef2.lgo ../../boot/boot23.opf
# Stage nOptItr nSimReps
#     0    5000        0
# algorithm          : deterministic
# ignoring probs <=  : 0
# Branch length floor: 0
# DE strategy        : 2
#    F               : 0.3
#    CR              : 0.8
#    tolerance       : 3e-06
# nthreads           : 32
# lgo input file     : aef2.lgo
# site pat input file: ../../boot/boot23.opf
# free parameters    : 16
# points in DE swarm : 48
# output state file  : b1boot23.state
# Including singleton site patterns.
# cost function      : KL
Initial parameter values
Fixed:
      zero = 0
       one = 1
    Tbecnw = 75200
Free:
       pc1 = 0
       pc2 = 0
       pc3 = 0
       pc4 = 0
       pc5 = 0
       pc6 = 0
       pc7 = 0
       pc8 = 0
       pc9 = 0
      pc10 = 0
      pc11 = 0
      pc12 = 0
      pc13 = 0
      pc14 = 0
      pc15 = 0
      pc16 = 0
Constrained:
   Tgbecnw = 95727.9
     Tecnw = 26241.5
       Tnw = 19006.6
       Tec = 9739.26
     twoNb = 716647
     twoNe = 845315
     twoNc = 732336
     twoNw = 890683
    twoNec = 145729
    twoNnw = 31647.1
  twoNecnw = 79818.3
  twoNbecnw = 9395.55
  twoNgbecnw = 247511
         m = 0.14388
        m5 = 0.188196
        m6 = 0.0139527
        Ta = 37600
        Te = 9503.31
        Tf = 4751.65
DiffEv reached_goal. cost=1.93898e-03 spread=1.89197e-06
Fitted parameter values
Free:
       pc1 = 0.367809
       pc2 = -3.91258
       pc3 = 1.87667
       pc4 = 0.442242
       pc5 = -0.631257
       pc6 = 0.747861
       pc7 = 1.45723
       pc8 = 1.87898
       pc9 = 0.474747
      pc10 = 0.250024
      pc11 = 0.678137
      pc12 = -0.000236172
      pc13 = 0.0525554
      pc14 = -0.0329901
      pc15 = 0.0138762
      pc16 = 0.0450576
Constrained:
   Tgbecnw = 82335.8
     Tecnw = 24303.4
       Tnw = 20583.4
       Tec = 10399.6
     twoNb = 1.03632e+06
     twoNe = 1.77696e+06
     twoNc = 630199
     twoNw = 1.62221e+06
    twoNec = 118418
    twoNnw = 15692.9
  twoNecnw = 81336.4
  twoNbecnw = 3190.6
  twoNgbecnw = 275112
         m = 0.123423
        m5 = 0.19732
        m6 = 0.0263672
        Ta = 37600
        Te = 10291.7
        Tf = 5145.86
#       SitePat  BranchLen
              b 125290.0784416
              e 48839.6828531
              c 51296.7892539
              n 46112.3998369
              w 46057.6511941
            b:e 2143.5711859
            b:c 2422.9459555
            b:n 1817.4830513
            b:w 1813.0196768
            e:c 10452.9753747
            e:n 5564.2705321
            e:w 5606.9721473
            c:n 4922.8704802
            c:w 4920.6401043
            n:w 12812.1236837
          b:e:c 2184.2545825
          b:e:n 1161.9728722
          b:e:w 1164.8739751
          b:c:n 1174.9201841
          b:c:w 1171.5769879
          b:n:w 2142.2512053
          e:c:n 4493.1372063
          e:c:w 4507.4146098
          e:n:w 6689.0252899
          c:n:w 5559.6509840
        b:e:c:n 2101.4746516
        b:e:c:w 2106.3801193
        b:e:n:w 2763.4505164
        b:c:n:w 2464.4254221
        e:c:n:w 52143.2229114
