########################################
# legofit: estimate population history #
#       version 2.3.4-4-g53f8760       #
########################################

# Program was compiled: Sep 21 2021 14:36:42
# Program was run: Thu Sep 23 10:55:23 2021

# cmd: legofit -1 -d 0 -t 32 --ptsPerDim 3 --stateOut b1boot32.state --tol 3e-6 -S 5000 aef2.lgo ../../boot/boot32.opf
# Stage nOptItr nSimReps
#     0    5000        0
# algorithm          : deterministic
# ignoring probs <=  : 0
# Branch length floor: 0
# DE strategy        : 2
#    F               : 0.3
#    CR              : 0.8
#    tolerance       : 3e-06
# nthreads           : 32
# lgo input file     : aef2.lgo
# site pat input file: ../../boot/boot32.opf
# free parameters    : 16
# points in DE swarm : 48
# output state file  : b1boot32.state
# Including singleton site patterns.
# cost function      : KL
Initial parameter values
Fixed:
      zero = 0
       one = 1
    Tbecnw = 75200
Free:
       pc1 = 0
       pc2 = 0
       pc3 = 0
       pc4 = 0
       pc5 = 0
       pc6 = 0
       pc7 = 0
       pc8 = 0
       pc9 = 0
      pc10 = 0
      pc11 = 0
      pc12 = 0
      pc13 = 0
      pc14 = 0
      pc15 = 0
      pc16 = 0
Constrained:
   Tgbecnw = 95727.9
     Tecnw = 26241.5
       Tnw = 19006.6
       Tec = 9739.26
     twoNb = 716647
     twoNe = 845315
     twoNc = 732336
     twoNw = 890683
    twoNec = 145729
    twoNnw = 31647.1
  twoNecnw = 79818.3
  twoNbecnw = 9395.55
  twoNgbecnw = 247511
         m = 0.14388
        m5 = 0.188196
        m6 = 0.0139527
        Ta = 37600
        Te = 9503.31
        Tf = 4751.65
DiffEv reached_goal. cost=1.99639e-03 spread=2.57940e-06
Fitted parameter values
Free:
       pc1 = -1.05208
       pc2 = -3.96302
       pc3 = 1.24237
       pc4 = -0.144332
       pc5 = -1.07564
       pc6 = 0.197034
       pc7 = 1.3319
       pc8 = 1.95181
       pc9 = 0.131011
      pc10 = -0.245829
      pc11 = 0.0543871
      pc12 = -0.313807
      pc13 = 0.0157522
      pc14 = -0.0534107
      pc15 = 0.0146726
      pc16 = 0.00766789
Constrained:
   Tgbecnw = 84761.9
     Tecnw = 24366
       Tnw = 22076.4
       Tec = 11226.7
     twoNb = 993770
     twoNe = 1.56917e+06
     twoNc = 1.53015e+06
     twoNw = 1.60472e+06
    twoNec = 115149
    twoNnw = 9718.87
  twoNecnw = 82228.9
  twoNbecnw = 4361.08
  twoNgbecnw = 257932
         m = 0.136594
        m5 = 0.194605
        m6 = 0.0133775
        Ta = 37600
        Te = 11038.2
        Tf = 5519.11
#       SitePat  BranchLen
              b 126889.3909339
              e 49266.5730121
              c 51834.2559443
              n 46648.2657762
              w 46595.4702754
            b:e 2145.8065121
            b:c 2441.4387403
            b:n 1825.6864638
            b:w 1821.2858339
            e:c 10501.3767362
            e:n 5594.8683096
            e:w 5641.0828627
            c:n 4935.8974260
            c:w 4928.4518899
            n:w 12800.5818588
          b:e:c 2192.5542315
          b:e:n 1164.6978712
          b:e:w 1168.2369230
          b:c:n 1178.6390851
          b:c:w 1174.6696188
          b:n:w 2150.9859602
          e:c:n 4529.6062951
          e:c:w 4543.6327789
          e:n:w 6764.0014046
          c:n:w 5567.9203289
        b:e:c:n 2105.3338645
        b:e:c:w 2110.1649088
        b:e:n:w 2777.4572043
        b:c:n:w 2461.4510664
        e:c:n:w 53102.4063032
