########################################
# legofit: estimate population history #
#       version 2.3.4-4-g53f8760       #
########################################

# Program was compiled: Sep 21 2021 14:36:42
# Program was run: Thu Sep 23 10:54:18 2021

# cmd: legofit -1 -d 0 -t 32 --ptsPerDim 3 --stateOut b1boot11.state --tol 3e-6 -S 5000 aef2.lgo ../../boot/boot11.opf
# Stage nOptItr nSimReps
#     0    5000        0
# algorithm          : deterministic
# ignoring probs <=  : 0
# Branch length floor: 0
# DE strategy        : 2
#    F               : 0.3
#    CR              : 0.8
#    tolerance       : 3e-06
# nthreads           : 32
# lgo input file     : aef2.lgo
# site pat input file: ../../boot/boot11.opf
# free parameters    : 16
# points in DE swarm : 48
# output state file  : b1boot11.state
# Including singleton site patterns.
# cost function      : KL
Initial parameter values
Fixed:
      zero = 0
       one = 1
    Tbecnw = 75200
Free:
       pc1 = 0
       pc2 = 0
       pc3 = 0
       pc4 = 0
       pc5 = 0
       pc6 = 0
       pc7 = 0
       pc8 = 0
       pc9 = 0
      pc10 = 0
      pc11 = 0
      pc12 = 0
      pc13 = 0
      pc14 = 0
      pc15 = 0
      pc16 = 0
Constrained:
   Tgbecnw = 95727.9
     Tecnw = 26241.5
       Tnw = 19006.6
       Tec = 9739.26
     twoNb = 716647
     twoNe = 845315
     twoNc = 732336
     twoNw = 890683
    twoNec = 145729
    twoNnw = 31647.1
  twoNecnw = 79818.3
  twoNbecnw = 9395.55
  twoNgbecnw = 247511
         m = 0.14388
        m5 = 0.188196
        m6 = 0.0139527
        Ta = 37600
        Te = 9503.31
        Tf = 4751.65
DiffEv reached_goal. cost=1.97151e-03 spread=2.49923e-06
Fitted parameter values
Free:
       pc1 = 0.0752271
       pc2 = -3.9568
       pc3 = 0.925835
       pc4 = 0.620861
       pc5 = -0.307549
       pc6 = 0.422709
       pc7 = 1.12866
       pc8 = 1.91954
       pc9 = 0.22292
      pc10 = -0.232908
      pc11 = -0.0591038
      pc12 = -0.267744
      pc13 = -0.017848
      pc14 = -0.0257182
      pc15 = 0.00700217
      pc16 = 0.0184748
Constrained:
   Tgbecnw = 80905.4
     Tecnw = 24272.7
       Tnw = 20876.3
       Tec = 10471.4
     twoNb = 800926
     twoNe = 1.57445e+06
     twoNc = 518639
     twoNw = 1.46578e+06
    twoNec = 119710
    twoNnw = 14537.9
  twoNecnw = 80150.9
  twoNbecnw = 2627.65
  twoNgbecnw = 263131
         m = 0.129137
        m5 = 0.194699
        m6 = 0.0138302
        Ta = 37600
        Te = 10438.1
        Tf = 5219.07
#       SitePat  BranchLen
              b 125070.6204377
              e 48641.9275802
              c 51190.5661858
              n 46083.1095453
              w 46027.8294796
            b:e 2133.2104554
            b:c 2424.9814494
            b:n 1822.1356221
            b:w 1817.5745816
            e:c 10438.0513749
            e:n 5552.0510646
            e:w 5600.2765211
            c:n 4893.2134931
            c:w 4885.7829155
            n:w 12711.8915974
          b:e:c 2182.7560460
          b:e:n 1161.2997422
          b:e:w 1164.9405736
          b:c:n 1175.3343313
          b:c:w 1171.2436742
          b:n:w 2141.8382199
          e:c:n 4513.4231302
          e:c:w 4527.9083170
          e:n:w 6695.2565859
          c:n:w 5519.9491574
        b:e:c:n 2103.4410987
        b:e:c:w 2108.4519650
        b:e:n:w 2762.1595504
        b:c:n:w 2450.0508667
        e:c:n:w 52104.8846088
