########################################
# legofit: estimate population history #
#       version 2.3.4-4-g53f8760       #
########################################

# Program was compiled: Sep 21 2021 14:36:42
# Program was run: Thu Sep 23 10:54:39 2021

# cmd: legofit -1 -d 0 -t 32 --ptsPerDim 3 --stateOut b1boot18.state --tol 3e-6 -S 5000 aef2.lgo ../../boot/boot18.opf
# Stage nOptItr nSimReps
#     0    5000        0
# algorithm          : deterministic
# ignoring probs <=  : 0
# Branch length floor: 0
# DE strategy        : 2
#    F               : 0.3
#    CR              : 0.8
#    tolerance       : 3e-06
# nthreads           : 32
# lgo input file     : aef2.lgo
# site pat input file: ../../boot/boot18.opf
# free parameters    : 16
# points in DE swarm : 48
# output state file  : b1boot18.state
# Including singleton site patterns.
# cost function      : KL
Initial parameter values
Fixed:
      zero = 0
       one = 1
    Tbecnw = 75200
Free:
       pc1 = 0
       pc2 = 0
       pc3 = 0
       pc4 = 0
       pc5 = 0
       pc6 = 0
       pc7 = 0
       pc8 = 0
       pc9 = 0
      pc10 = 0
      pc11 = 0
      pc12 = 0
      pc13 = 0
      pc14 = 0
      pc15 = 0
      pc16 = 0
Constrained:
   Tgbecnw = 95727.9
     Tecnw = 26241.5
       Tnw = 19006.6
       Tec = 9739.26
     twoNb = 716647
     twoNe = 845315
     twoNc = 732336
     twoNw = 890683
    twoNec = 145729
    twoNnw = 31647.1
  twoNecnw = 79818.3
  twoNbecnw = 9395.55
  twoNgbecnw = 247511
         m = 0.14388
        m5 = 0.188196
        m6 = 0.0139527
        Ta = 37600
        Te = 9503.31
        Tf = 4751.65
DiffEv reached_goal. cost=1.97944e-03 spread=2.94544e-06
Fitted parameter values
Free:
       pc1 = -0.270654
       pc2 = -3.98384
       pc3 = 1.81489
       pc4 = 1.27194
       pc5 = -1.46278
       pc6 = 1.34533
       pc7 = 1.44509
       pc8 = 1.8286
       pc9 = 0.478802
      pc10 = -0.0365059
      pc11 = 0.588976
      pc12 = 0.220139
      pc13 = -0.0113282
      pc14 = -0.0149393
      pc15 = 0.0275312
      pc16 = 0.006314
Constrained:
   Tgbecnw = 82020.8
     Tecnw = 24291.9
       Tnw = 21148.1
       Tec = 10585.2
     twoNb = 840460
     twoNe = 2.59576e+06
     twoNc = 669273
     twoNw = 1.60498e+06
    twoNec = 114702
    twoNnw = 13447.2
  twoNecnw = 82435.9
  twoNbecnw = 3186.84
  twoNgbecnw = 250104
         m = 0.139796
        m5 = 0.198249
        m6 = 0.0277873
        Ta = 37600
        Te = 10574.1
        Tf = 5287.03
#       SitePat  BranchLen
              b 125818.7896324
              e 49004.1931748
              c 51424.6976991
              n 46431.4484043
              w 46373.9612494
            b:e 2140.5931906
            b:c 2416.1366458
            b:n 1826.8236131
            b:w 1822.1093698
            e:c 10519.1244563
            e:n 5582.7083902
            e:w 5627.0016470
            c:n 4951.7396732
            c:w 4949.8194741
            n:w 12750.8795731
          b:e:c 2182.9851051
          b:e:n 1165.3486763
          b:e:w 1168.3462385
          b:c:n 1178.3211721
          b:c:w 1174.8568252
          b:n:w 2142.3187671
          e:c:n 4523.2078103
          e:c:w 4538.3219076
          e:n:w 6666.9271694
          c:n:w 5554.5735351
        b:e:c:n 2111.8989739
        b:e:c:w 2117.0800019
        b:e:n:w 2756.5675215
        b:c:n:w 2461.5409837
        e:c:n:w 52379.4124536
