########################################
# legofit: estimate population history #
#       version 2.3.4-4-g53f8760       #
########################################

# Program was compiled: Sep 21 2021 14:36:42
# Program was run: Thu Sep 23 10:54:52 2021

# cmd: legofit -1 -d 0 -t 32 --ptsPerDim 3 --stateOut b1boot22.state --tol 3e-6 -S 5000 aef2.lgo ../../boot/boot22.opf
# Stage nOptItr nSimReps
#     0    5000        0
# algorithm          : deterministic
# ignoring probs <=  : 0
# Branch length floor: 0
# DE strategy        : 2
#    F               : 0.3
#    CR              : 0.8
#    tolerance       : 3e-06
# nthreads           : 32
# lgo input file     : aef2.lgo
# site pat input file: ../../boot/boot22.opf
# free parameters    : 16
# points in DE swarm : 48
# output state file  : b1boot22.state
# Including singleton site patterns.
# cost function      : KL
Initial parameter values
Fixed:
      zero = 0
       one = 1
    Tbecnw = 75200
Free:
       pc1 = 0
       pc2 = 0
       pc3 = 0
       pc4 = 0
       pc5 = 0
       pc6 = 0
       pc7 = 0
       pc8 = 0
       pc9 = 0
      pc10 = 0
      pc11 = 0
      pc12 = 0
      pc13 = 0
      pc14 = 0
      pc15 = 0
      pc16 = 0
Constrained:
   Tgbecnw = 95727.9
     Tecnw = 26241.5
       Tnw = 19006.6
       Tec = 9739.26
     twoNb = 716647
     twoNe = 845315
     twoNc = 732336
     twoNw = 890683
    twoNec = 145729
    twoNnw = 31647.1
  twoNecnw = 79818.3
  twoNbecnw = 9395.55
  twoNgbecnw = 247511
         m = 0.14388
        m5 = 0.188196
        m6 = 0.0139527
        Ta = 37600
        Te = 9503.31
        Tf = 4751.65
DiffEv reached_goal. cost=1.94843e-03 spread=2.12017e-06
Fitted parameter values
Free:
       pc1 = -0.511036
       pc2 = -3.85604
       pc3 = 1.606
       pc4 = 1.21789
       pc5 = -1.8899
       pc6 = 0.872027
       pc7 = 1.53551
       pc8 = 1.94904
       pc9 = 0.476249
      pc10 = -0.120721
      pc11 = 0.341185
      pc12 = 0.0413375
      pc13 = 0.106166
      pc14 = -0.0657636
      pc15 = -0.00010889
      pc16 = 0.00792958
Constrained:
   Tgbecnw = 82711.7
     Tecnw = 24337
       Tnw = 21261
       Tec = 10641.4
     twoNb = 696912
     twoNe = 2.66654e+06
     twoNc = 1.14357e+06
     twoNw = 1.66832e+06
    twoNec = 118931
    twoNnw = 12984.7
  twoNecnw = 82596.1
  twoNbecnw = 3535.87
  twoNgbecnw = 247248
         m = 0.142684
        m5 = 0.198324
        m6 = 0.0225302
        Ta = 37600
        Te = 10630.5
        Tf = 5315.26
#       SitePat  BranchLen
              b 126390.8210563
              e 49205.0260693
              c 51732.3585607
              n 46469.4185263
              w 46415.7281540
            b:e 2168.1425647
            b:c 2458.5496029
            b:n 1837.0266110
            b:w 1832.5836494
            e:c 10482.9426919
            e:n 5612.3283729
            e:w 5655.6699965
            c:n 4956.4548028
            c:w 4952.6746180
            n:w 12857.4787935
          b:e:c 2206.3062665
          b:e:n 1176.3460843
          b:e:w 1179.4332802
          b:c:n 1189.8080572
          b:c:w 1186.2821788
          b:n:w 2163.5109687
          e:c:n 4524.3023180
          e:c:w 4538.4312515
          e:n:w 6767.1814294
          c:n:w 5598.7178865
        b:e:c:n 2122.7946873
        b:e:c:w 2127.6763314
        b:e:n:w 2801.9307156
        b:c:n:w 2491.2128059
        e:c:n:w 52763.9128006
