########################################
# legofit: estimate population history #
#       version 2.3.4-4-g53f8760       #
########################################

# Program was compiled: Sep 21 2021 14:36:42
# Program was run: Thu Sep 23 10:54:14 2021

# cmd: legofit -1 -d 0 -t 32 --ptsPerDim 3 --stateOut b1boot8.state --tol 3e-6 -S 5000 aef2.lgo ../../boot/boot8.opf
# Stage nOptItr nSimReps
#     0    5000        0
# algorithm          : deterministic
# ignoring probs <=  : 0
# Branch length floor: 0
# DE strategy        : 2
#    F               : 0.3
#    CR              : 0.8
#    tolerance       : 3e-06
# nthreads           : 32
# lgo input file     : aef2.lgo
# site pat input file: ../../boot/boot8.opf
# free parameters    : 16
# points in DE swarm : 48
# output state file  : b1boot8.state
# Including singleton site patterns.
# cost function      : KL
Initial parameter values
Fixed:
      zero = 0
       one = 1
    Tbecnw = 75200
Free:
       pc1 = 0
       pc2 = 0
       pc3 = 0
       pc4 = 0
       pc5 = 0
       pc6 = 0
       pc7 = 0
       pc8 = 0
       pc9 = 0
      pc10 = 0
      pc11 = 0
      pc12 = 0
      pc13 = 0
      pc14 = 0
      pc15 = 0
      pc16 = 0
Constrained:
   Tgbecnw = 95727.9
     Tecnw = 26241.5
       Tnw = 19006.6
       Tec = 9739.26
     twoNb = 716647
     twoNe = 845315
     twoNc = 732336
     twoNw = 890683
    twoNec = 145729
    twoNnw = 31647.1
  twoNecnw = 79818.3
  twoNbecnw = 9395.55
  twoNgbecnw = 247511
         m = 0.14388
        m5 = 0.188196
        m6 = 0.0139527
        Ta = 37600
        Te = 9503.31
        Tf = 4751.65
DiffEv reached_goal. cost=1.94445e-03 spread=1.63704e-06
Fitted parameter values
Free:
       pc1 = -0.378444
       pc2 = -3.90586
       pc3 = 1.17914
       pc4 = 0.90845
       pc5 = -0.457356
       pc6 = 1.84571
       pc7 = 1.56856
       pc8 = 1.95492
       pc9 = -0.440687
      pc10 = -0.577608
      pc11 = 0.594897
      pc12 = 0.129528
      pc13 = -0.0478505
      pc14 = 0.000821751
      pc15 = -0.0161253
      pc16 = -0.0408507
Constrained:
   Tgbecnw = 79535.3
     Tecnw = 24429.4
       Tnw = 21029.6
       Tec = 11310
     twoNb = 1.47646e+06
     twoNe = 2.06391e+06
     twoNc = 110156
     twoNw = 1.49649e+06
    twoNec = 111382
    twoNnw = 14297.4
  twoNecnw = 80341.7
  twoNbecnw = 2096.34
  twoNgbecnw = 238961
         m = 0.14517
        m5 = 0.191914
        m6 = 0.0233602
        Ta = 37600
        Te = 10514.8
        Tf = 5257.4
#       SitePat  BranchLen
              b 125007.7272648
              e 48793.9495467
              c 51196.4124011
              n 46090.7875041
              w 46033.3993418
            b:e 2127.9582633
            b:c 2402.3195031
            b:n 1804.6323758
            b:w 1799.9387217
            e:c 10421.4235768
            e:n 5499.1606745
            e:w 5544.8357328
            c:n 4878.3953740
            c:w 4875.0614286
            n:w 12746.4640220
          b:e:c 2175.0720371
          b:e:n 1149.1790884
          b:e:w 1152.3546591
          b:c:n 1162.0970425
          b:c:w 1158.4616372
          b:n:w 2133.9509336
          e:c:n 4487.3184544
          e:c:w 4502.3655040
          e:n:w 6658.8507098
          c:n:w 5546.9274602
        b:e:c:n 2082.6081068
        b:e:c:w 2087.7615954
        b:e:n:w 2735.8523751
        b:c:n:w 2442.4662031
        e:c:n:w 52003.6894827
