########################################
# legofit: estimate population history #
#       version 2.3.4-4-g53f8760       #
########################################

# Program was compiled: Sep 21 2021 14:36:42
# Program was run: Thu Sep 23 10:55:04 2021

# cmd: legofit -1 -d 0 -t 32 --ptsPerDim 3 --stateOut b1boot25.state --tol 3e-6 -S 5000 aef2.lgo ../../boot/boot25.opf
# Stage nOptItr nSimReps
#     0    5000        0
# algorithm          : deterministic
# ignoring probs <=  : 0
# Branch length floor: 0
# DE strategy        : 2
#    F               : 0.3
#    CR              : 0.8
#    tolerance       : 3e-06
# nthreads           : 32
# lgo input file     : aef2.lgo
# site pat input file: ../../boot/boot25.opf
# free parameters    : 16
# points in DE swarm : 48
# output state file  : b1boot25.state
# Including singleton site patterns.
# cost function      : KL
Initial parameter values
Fixed:
      zero = 0
       one = 1
    Tbecnw = 75200
Free:
       pc1 = 0
       pc2 = 0
       pc3 = 0
       pc4 = 0
       pc5 = 0
       pc6 = 0
       pc7 = 0
       pc8 = 0
       pc9 = 0
      pc10 = 0
      pc11 = 0
      pc12 = 0
      pc13 = 0
      pc14 = 0
      pc15 = 0
      pc16 = 0
Constrained:
   Tgbecnw = 95727.9
     Tecnw = 26241.5
       Tnw = 19006.6
       Tec = 9739.26
     twoNb = 716647
     twoNe = 845315
     twoNc = 732336
     twoNw = 890683
    twoNec = 145729
    twoNnw = 31647.1
  twoNecnw = 79818.3
  twoNbecnw = 9395.55
  twoNgbecnw = 247511
         m = 0.14388
        m5 = 0.188196
        m6 = 0.0139527
        Ta = 37600
        Te = 9503.31
        Tf = 4751.65
DiffEv reached_goal. cost=1.96158e-03 spread=2.64631e-06
Fitted parameter values
Free:
       pc1 = -0.617473
       pc2 = -3.98186
       pc3 = 0.968923
       pc4 = 1.06108
       pc5 = -1.88099
       pc6 = 0.420028
       pc7 = 0.774999
       pc8 = 1.98842
       pc9 = 0.168859
      pc10 = -0.357883
      pc11 = 0.113973
      pc12 = 0.049024
      pc13 = 0.0830376
      pc14 = -0.0657507
      pc15 = -0.0199957
      pc16 = -0.00587263
Constrained:
   Tgbecnw = 81400.9
     Tecnw = 24214.4
       Tnw = 21200.5
       Tec = 10719.4
     twoNb = 349442
     twoNe = 2.30842e+06
     twoNc = 1.56438e+06
     twoNw = 1.49573e+06
    twoNec = 119194
    twoNnw = 12710.1
  twoNecnw = 82342
  twoNbecnw = 2943.49
  twoNgbecnw = 241398
         m = 0.145436
        m5 = 0.194796
        m6 = 0.0172346
        Ta = 37600
        Te = 10600.2
        Tf = 5300.11
#       SitePat  BranchLen
              b 125607.2328814
              e 49035.1206445
              c 51580.9629930
              n 46284.1947143
              w 46227.8212370
            b:e 2125.8961686
            b:c 2414.0448772
            b:n 1799.7805703
            b:w 1795.1806040
            e:c 10414.3853347
            e:n 5570.1792417
            e:w 5617.8042436
            c:n 4911.7703776
            c:w 4905.7629941
            n:w 12820.1065211
          b:e:c 2167.1384652
          b:e:n 1152.3144933
          b:e:w 1155.7847966
          b:c:n 1166.1029022
          b:c:w 1162.1757024
          b:n:w 2124.6189545
          e:c:n 4474.9702393
          e:c:w 4489.7260981
          e:n:w 6716.3569428
          c:n:w 5540.9647081
        b:e:c:n 2080.5248201
        b:e:c:w 2085.5816829
        b:e:n:w 2752.2267094
        b:c:n:w 2443.8986862
        e:c:n:w 52194.4924334
