########################################
# legofit: estimate population history #
#       version 2.3.4-4-g53f8760       #
########################################

# Program was compiled: Sep 21 2021 14:36:42
# Program was run: Thu Sep 23 10:54:14 2021

# cmd: legofit -1 -d 0 -t 32 --ptsPerDim 3 --stateOut b1boot10.state --tol 3e-6 -S 5000 aef2.lgo ../../boot/boot10.opf
# Stage nOptItr nSimReps
#     0    5000        0
# algorithm          : deterministic
# ignoring probs <=  : 0
# Branch length floor: 0
# DE strategy        : 2
#    F               : 0.3
#    CR              : 0.8
#    tolerance       : 3e-06
# nthreads           : 32
# lgo input file     : aef2.lgo
# site pat input file: ../../boot/boot10.opf
# free parameters    : 16
# points in DE swarm : 48
# output state file  : b1boot10.state
# Including singleton site patterns.
# cost function      : KL
Initial parameter values
Fixed:
      zero = 0
       one = 1
    Tbecnw = 75200
Free:
       pc1 = 0
       pc2 = 0
       pc3 = 0
       pc4 = 0
       pc5 = 0
       pc6 = 0
       pc7 = 0
       pc8 = 0
       pc9 = 0
      pc10 = 0
      pc11 = 0
      pc12 = 0
      pc13 = 0
      pc14 = 0
      pc15 = 0
      pc16 = 0
Constrained:
   Tgbecnw = 95727.9
     Tecnw = 26241.5
       Tnw = 19006.6
       Tec = 9739.26
     twoNb = 716647
     twoNe = 845315
     twoNc = 732336
     twoNw = 890683
    twoNec = 145729
    twoNnw = 31647.1
  twoNecnw = 79818.3
  twoNbecnw = 9395.55
  twoNgbecnw = 247511
         m = 0.14388
        m5 = 0.188196
        m6 = 0.0139527
        Ta = 37600
        Te = 9503.31
        Tf = 4751.65
DiffEv reached_goal. cost=1.96370e-03 spread=2.96336e-06
Fitted parameter values
Free:
       pc1 = -1.22998
       pc2 = -3.98156
       pc3 = -0.0103836
       pc4 = 0.72784
       pc5 = -0.696097
       pc6 = 0.310737
       pc7 = 1.53657
       pc8 = 1.93519
       pc9 = 0.14373
      pc10 = -0.368553
      pc11 = 0.279895
      pc12 = -0.014965
      pc13 = -0.00822904
      pc14 = 0.0187154
      pc15 = 0.00953395
      pc16 = 0.018558
Constrained:
   Tgbecnw = 84088
     Tecnw = 24108.4
       Tnw = 21818.2
       Tec = 10942.5
     twoNb = 898450
     twoNe = 2.05076e+06
     twoNc = 790586
     twoNw = 1.50468e+06
    twoNec = 119393
    twoNnw = 9785.75
  twoNecnw = 82322.7
  twoNbecnw = 4153.96
  twoNgbecnw = 247668
         m = 0.141725
        m5 = 0.185295
        m6 = 0.00813415
        Ta = 37600
        Te = 10909.1
        Tf = 5454.56
#       SitePat  BranchLen
              b 126615.1744394
              e 49225.2318094
              c 51732.4868267
              n 46533.3444498
              w 46482.1289178
            b:e 2159.5202862
            b:c 2447.8567010
            b:n 1833.3171549
            b:w 1829.0329178
            e:c 10525.4303426
            e:n 5600.6988172
            e:w 5647.6893391
            c:n 4958.8524064
            c:w 4949.4499530
            n:w 12866.4801891
          b:e:c 2202.1638627
          b:e:n 1169.5855140
          b:e:w 1173.3154837
          b:c:n 1183.4240619
          b:c:w 1179.2756316
          b:n:w 2160.2702808
          e:c:n 4550.2803929
          e:c:w 4563.9078564
          e:n:w 6770.7515226
          c:n:w 5603.5823021
        b:e:c:n 2113.4955653
        b:e:c:w 2118.1982630
        b:e:n:w 2784.3215087
        b:c:n:w 2476.1863981
        e:c:n:w 52840.5475054
