########################################
# legofit: estimate population history #
#       version 2.3.4-4-g53f8760       #
########################################

# Program was compiled: Sep 21 2021 14:36:42
# Program was run: Thu Sep 23 10:54:14 2021

# cmd: legofit -1 -d 0 -t 32 --ptsPerDim 3 --stateOut b1boot9.state --tol 3e-6 -S 5000 aef2.lgo ../../boot/boot9.opf
# Stage nOptItr nSimReps
#     0    5000        0
# algorithm          : deterministic
# ignoring probs <=  : 0
# Branch length floor: 0
# DE strategy        : 2
#    F               : 0.3
#    CR              : 0.8
#    tolerance       : 3e-06
# nthreads           : 32
# lgo input file     : aef2.lgo
# site pat input file: ../../boot/boot9.opf
# free parameters    : 16
# points in DE swarm : 48
# output state file  : b1boot9.state
# Including singleton site patterns.
# cost function      : KL
Initial parameter values
Fixed:
      zero = 0
       one = 1
    Tbecnw = 75200
Free:
       pc1 = 0
       pc2 = 0
       pc3 = 0
       pc4 = 0
       pc5 = 0
       pc6 = 0
       pc7 = 0
       pc8 = 0
       pc9 = 0
      pc10 = 0
      pc11 = 0
      pc12 = 0
      pc13 = 0
      pc14 = 0
      pc15 = 0
      pc16 = 0
Constrained:
   Tgbecnw = 95727.9
     Tecnw = 26241.5
       Tnw = 19006.6
       Tec = 9739.26
     twoNb = 716647
     twoNe = 845315
     twoNc = 732336
     twoNw = 890683
    twoNec = 145729
    twoNnw = 31647.1
  twoNecnw = 79818.3
  twoNbecnw = 9395.55
  twoNgbecnw = 247511
         m = 0.14388
        m5 = 0.188196
        m6 = 0.0139527
        Ta = 37600
        Te = 9503.31
        Tf = 4751.65
DiffEv reached_goal. cost=1.96178e-03 spread=2.98066e-06
Fitted parameter values
Free:
       pc1 = -0.468132
       pc2 = -3.92005
       pc3 = 0.413106
       pc4 = 0.214447
       pc5 = 0.015273
       pc6 = -0.201878
       pc7 = 0.69281
       pc8 = 1.82315
       pc9 = -0.701333
      pc10 = -0.368682
      pc11 = 0.498797
      pc12 = -0.11981
      pc13 = -0.115247
      pc14 = -0.095672
      pc15 = -0.0254287
      pc16 = 0.00300817
Constrained:
   Tgbecnw = 81342.7
     Tecnw = 24409.9
       Tnw = 20737.2
       Tec = 11275.2
     twoNb = 640551
     twoNe = 978874
     twoNc = 904432
     twoNw = 1.42386e+06
    twoNec = 115727
    twoNnw = 15633.5
  twoNecnw = 80651
  twoNbecnw = 2835.12
  twoNgbecnw = 258875
         m = 0.13256
        m5 = 0.18389
        m6 = 0.0119055
        Ta = 37600
        Te = 10368.6
        Tf = 5184.29
#       SitePat  BranchLen
              b 125269.6718180
              e 48968.5163845
              c 51416.4658115
              n 46245.1021726
              w 46191.8607022
            b:e 2134.2070498
            b:c 2412.1000186
            b:n 1813.7725728
            b:w 1809.4274297
            e:c 10439.9046642
            e:n 5511.7561051
            e:w 5558.7666695
            c:n 4877.3540271
            c:w 4869.7868394
            n:w 12823.8021546
          b:e:c 2186.2614288
          b:e:n 1154.6524595
          b:e:w 1158.1915566
          b:c:n 1168.1097830
          b:c:w 1164.1398036
          b:n:w 2144.6965616
          e:c:n 4488.4202658
          e:c:w 4502.2183596
          e:n:w 6647.7152423
          c:n:w 5523.1477234
        b:e:c:n 2095.6456921
        b:e:c:w 2100.4217176
        b:e:n:w 2749.8013747
        b:c:n:w 2452.5028354
        e:c:n:w 52117.1231317
