########################################
# legofit: estimate population history #
#       version 2.3.4-4-g53f8760       #
########################################

# Program was compiled: Sep 21 2021 14:36:42
# Program was run: Thu Sep 23 10:55:27 2021

# cmd: legofit -1 -d 0 -t 32 --ptsPerDim 3 --stateOut b1boot34.state --tol 3e-6 -S 5000 aef2.lgo ../../boot/boot34.opf
# Stage nOptItr nSimReps
#     0    5000        0
# algorithm          : deterministic
# ignoring probs <=  : 0
# Branch length floor: 0
# DE strategy        : 2
#    F               : 0.3
#    CR              : 0.8
#    tolerance       : 3e-06
# nthreads           : 32
# lgo input file     : aef2.lgo
# site pat input file: ../../boot/boot34.opf
# free parameters    : 16
# points in DE swarm : 48
# output state file  : b1boot34.state
# Including singleton site patterns.
# cost function      : KL
Initial parameter values
Fixed:
      zero = 0
       one = 1
    Tbecnw = 75200
Free:
       pc1 = 0
       pc2 = 0
       pc3 = 0
       pc4 = 0
       pc5 = 0
       pc6 = 0
       pc7 = 0
       pc8 = 0
       pc9 = 0
      pc10 = 0
      pc11 = 0
      pc12 = 0
      pc13 = 0
      pc14 = 0
      pc15 = 0
      pc16 = 0
Constrained:
   Tgbecnw = 95727.9
     Tecnw = 26241.5
       Tnw = 19006.6
       Tec = 9739.26
     twoNb = 716647
     twoNe = 845315
     twoNc = 732336
     twoNw = 890683
    twoNec = 145729
    twoNnw = 31647.1
  twoNecnw = 79818.3
  twoNbecnw = 9395.55
  twoNgbecnw = 247511
         m = 0.14388
        m5 = 0.188196
        m6 = 0.0139527
        Ta = 37600
        Te = 9503.31
        Tf = 4751.65
DiffEv reached_goal. cost=1.96237e-03 spread=2.87573e-06
Fitted parameter values
Free:
       pc1 = -0.963188
       pc2 = -3.8339
       pc3 = 1.82199
       pc4 = 0.680945
       pc5 = -0.024168
       pc6 = -0.123637
       pc7 = 0.338143
       pc8 = 1.99277
       pc9 = 0.0543429
      pc10 = -0.395593
      pc11 = -0.106688
      pc12 = 0.00931774
      pc13 = 0.0810989
      pc14 = 0.0388566
      pc15 = 0.0117108
      pc16 = 0.0159688
Constrained:
   Tgbecnw = 84150.6
     Tecnw = 24265.4
       Tnw = 21716.1
       Tec = 11112.2
     twoNb = 139359
     twoNe = 825595
     twoNc = 593287
     twoNw = 1.5479e+06
    twoNec = 115099
    twoNnw = 10759.1
  twoNecnw = 81679.9
  twoNbecnw = 4175.46
  twoNgbecnw = 247346
         m = 0.140166
        m5 = 0.196008
        m6 = 0.0174313
        Ta = 37600
        Te = 10858.1
        Tf = 5429.04
#       SitePat  BranchLen
              b 126232.2873976
              e 49082.9385096
              c 51628.4477048
              n 46393.6077654
              w 46337.7984769
            b:e 2141.1795534
            b:c 2432.8355555
            b:n 1816.1320323
            b:w 1811.5115760
            e:c 10477.0637823
            e:n 5598.1072720
            e:w 5645.1744980
            c:n 4945.4922874
            c:w 4939.3827896
            n:w 12815.9550224
          b:e:c 2180.3367637
          b:e:n 1159.2515456
          b:e:w 1162.7337398
          b:c:n 1172.8713676
          b:c:w 1168.9439957
          b:n:w 2139.0729855
          e:c:n 4535.5650162
          e:c:w 4550.4165764
          e:n:w 6787.6407933
          c:n:w 5600.5382910
        b:e:c:n 2090.4580567
        b:e:c:w 2095.5236908
        b:e:n:w 2763.1834421
        b:c:n:w 2451.6973622
        e:c:n:w 52548.4458247
