########################################
# legofit: estimate population history #
#       version 2.3.4-4-g53f8760       #
########################################

# Program was compiled: Sep 21 2021 14:36:42
# Program was run: Fri Sep 24 06:55:23 2021

# cmd: legofit -1 -d 0 -t 32 --ptsPerDim 3 --stateOut b1.state --tol 3e-6 -S 5000 acdf2.lgo ../../pan.opf
# Stage nOptItr nSimReps
#     0    5000        0
# algorithm          : deterministic
# ignoring probs <=  : 0
# Branch length floor: 0
# DE strategy        : 2
#    F               : 0.3
#    CR              : 0.8
#    tolerance       : 3e-06
# nthreads           : 32
# lgo input file     : acdf2.lgo
# site pat input file: ../../pan.opf
# free parameters    : 18
# points in DE swarm : 54
# output state file  : b1.state
# Including singleton site patterns.
# cost function      : KL
Initial parameter values
Fixed:
      zero = 0
       one = 1
    Tbecnw = 75200
Free:
       pc1 = 0
       pc2 = 0
       pc3 = 0
       pc4 = 0
       pc5 = 0
       pc6 = 0
       pc7 = 0
       pc8 = 0
       pc9 = 0
      pc10 = 0
      pc11 = 0
      pc12 = 0
      pc13 = 0
      pc14 = 0
      pc15 = 0
      pc16 = 0
      pc17 = 0
      pc18 = 0
Constrained:
   Tgbecnw = 110439
     Tecnw = 25843.7
       Tnw = 22365.5
       Tec = 12790.9
     twoNb = 1.65438e+06
     twoNe = 29918.2
     twoNc = 466150
     twoNn = 1.32598e+06
     twoNw = 5.38288e+06
    twoNec = 130361
    twoNnw = 13035.8
  twoNecnw = 84784.6
  twoNbecnw = 15641.3
  twoNgbecnw = 223747
         m = 0.172255
        m3 = 0.195746
        m4 = 0.0257077
        m6 = 2.33066e-06
        Ta = 43995.5
        Tc = 11182.8
        Td = 5591.38
        Tf = 2795.69
DiffEv reached_goal. cost=1.73499e-03 spread=2.55985e-06
Fitted parameter values
Free:
       pc1 = -3.95407
       pc2 = -3.9073
       pc3 = 1.24899
       pc4 = -0.493304
       pc5 = 1.84274
       pc6 = -0.332943
       pc7 = -0.199055
       pc8 = 1.70991
       pc9 = 1.24157
      pc10 = -1.2296
      pc11 = 1.08502
      pc12 = 0.152093
      pc13 = 0.0120637
      pc14 = 0.0508573
      pc15 = 0.000477182
      pc16 = 0.0010153
      pc17 = -0.0730381
      pc18 = 0.00107343
Constrained:
   Tgbecnw = 83962.5
     Tecnw = 24071.2
       Tnw = 21046.4
       Tec = 11376.5
     twoNb = 1.92588e+06
     twoNe = 16406.7
     twoNc = 887792
     twoNn = 3.55322e+06
     twoNw = 4.62494e+06
    twoNec = 126462
    twoNnw = 11348.8
  twoNecnw = 77545.4
  twoNbecnw = 3960.22
  twoNgbecnw = 259935
         m = 0.132554
        m3 = 0.192608
        m4 = 0.0263865
        m6 = 6.29824e-06
        Ta = 43288.2
        Tc = 10523.2
        Td = 5261.59
        Tf = 2630.79
#       SitePat  BranchLen
              b 125740.0094802
              e 49271.5802181
              c 51137.9624312
              n 45472.1860991
              w 47307.4510262
            b:e 2108.9008388
            b:c 2496.7090018
            b:n 1702.5332874
            b:w 1865.1726037
            e:c 10488.3806920
            e:n 5842.0928593
            e:w 4954.7508217
            c:n 5210.2709623
            c:w 4881.0528619
            n:w 12727.7391048
          b:e:c 2118.0127263
          b:e:n 1133.6791378
          b:e:w 1105.3565494
          b:c:n 1107.6691599
          b:c:w 1149.2030132
          b:n:w 2074.7657515
          e:c:n 4942.2235030
          e:c:w 4323.5187139
          e:n:w 6295.6745954
          c:n:w 5628.0342795
        b:e:c:n 2138.8963941
        b:e:c:w 1963.0458130
        b:e:n:w 3309.2148725
        b:c:n:w 2410.3477287
        e:c:n:w 52428.1890774
