########################################
# legofit: estimate population history #
#       version 2.3.4-4-g53f8760       #
########################################

# Program was compiled: Sep 21 2021 14:36:42
# Program was run: Fri Sep 24 06:57:14 2021

# cmd: legofit -1 -d 0 -t 32 --ptsPerDim 3 --stateOut b1boot15.state --tol 3e-6 -S 5000 acdf2.lgo ../../boot/boot15.opf
# Stage nOptItr nSimReps
#     0    5000        0
# algorithm          : deterministic
# ignoring probs <=  : 0
# Branch length floor: 0
# DE strategy        : 2
#    F               : 0.3
#    CR              : 0.8
#    tolerance       : 3e-06
# nthreads           : 32
# lgo input file     : acdf2.lgo
# site pat input file: ../../boot/boot15.opf
# free parameters    : 18
# points in DE swarm : 54
# output state file  : b1boot15.state
# Including singleton site patterns.
# cost function      : KL
Initial parameter values
Fixed:
      zero = 0
       one = 1
    Tbecnw = 75200
Free:
       pc1 = 0
       pc2 = 0
       pc3 = 0
       pc4 = 0
       pc5 = 0
       pc6 = 0
       pc7 = 0
       pc8 = 0
       pc9 = 0
      pc10 = 0
      pc11 = 0
      pc12 = 0
      pc13 = 0
      pc14 = 0
      pc15 = 0
      pc16 = 0
      pc17 = 0
      pc18 = 0
Constrained:
   Tgbecnw = 110439
     Tecnw = 25843.7
       Tnw = 22365.5
       Tec = 12790.9
     twoNb = 1.65438e+06
     twoNe = 29918.2
     twoNc = 466150
     twoNn = 1.32598e+06
     twoNw = 5.38288e+06
    twoNec = 130361
    twoNnw = 13035.8
  twoNecnw = 84784.6
  twoNbecnw = 15641.3
  twoNgbecnw = 223747
         m = 0.172255
        m3 = 0.195746
        m4 = 0.0257077
        m6 = 2.33066e-06
        Ta = 43995.5
        Tc = 11182.8
        Td = 5591.38
        Tf = 2795.69
DiffEv reached_goal. cost=1.73823e-03 spread=2.80347e-06
Fitted parameter values
Free:
       pc1 = -3.79012
       pc2 = -3.72163
       pc3 = 0.8624
       pc4 = 1.5246
       pc5 = 1.17893
       pc6 = 0.0965479
       pc7 = 1.45473
       pc8 = 1.87122
       pc9 = 1.94646
      pc10 = -1.27598
      pc11 = 0.645806
      pc12 = -0.094882
      pc13 = 0.420333
      pc14 = -0.0513096
      pc15 = 0.0812173
      pc16 = -0.0113505
      pc17 = -0.0576258
      pc18 = -0.00593564
Constrained:
   Tgbecnw = 83769.9
     Tecnw = 24150.2
       Tnw = 20430.7
       Tec = 11918.4
     twoNb = 1.73298e+06
     twoNe = 33448.2
     twoNc = 745271
     twoNn = 1.89033e+06
     twoNw = 7.81949e+06
    twoNec = 121666
    twoNnw = 13878.5
  twoNecnw = 76608.3
  twoNbecnw = 3856.69
  twoNgbecnw = 261638
         m = 0.130338
        m3 = 0.197287
        m4 = 0.0254671
        m6 = 1.03993e-05
        Ta = 43559.2
        Tc = 10215.3
        Td = 5107.67
        Tf = 2553.84
#       SitePat  BranchLen
              b 125400.5659475
              e 49145.6622187
              c 50952.8573348
              n 45287.1825170
              w 47141.4472182
            b:e 2087.5077717
            b:c 2466.3025777
            b:n 1684.9681491
            b:w 1849.4779450
            e:c 10417.3762580
            e:n 5819.9674974
            e:w 4929.0970388
            c:n 5195.8530986
            c:w 4861.5285185
            n:w 12707.3953504
          b:e:c 2094.2810085
          b:e:n 1121.9638467
          b:e:w 1093.9275289
          b:c:n 1096.2531932
          b:c:w 1137.5226324
          b:n:w 2051.7446872
          e:c:n 4939.5272547
          e:c:w 4310.4575922
          e:n:w 6262.1282372
          c:n:w 5612.1621417
        b:e:c:n 2117.8740133
        b:e:c:w 1940.1310960
        b:e:n:w 3245.1071563
        b:c:n:w 2382.8813757
        e:c:n:w 52245.5008340
