########################################
# legofit: estimate population history #
#       version 2.3.4-4-g53f8760       #
########################################

# Program was compiled: Sep 21 2021 14:36:42
# Program was run: Fri Sep 24 06:56:11 2021

# cmd: legofit -1 -d 0 -t 32 --ptsPerDim 3 --stateOut b1boot5.state --tol 3e-6 -S 5000 acdf2.lgo ../../boot/boot5.opf
# Stage nOptItr nSimReps
#     0    5000        0
# algorithm          : deterministic
# ignoring probs <=  : 0
# Branch length floor: 0
# DE strategy        : 2
#    F               : 0.3
#    CR              : 0.8
#    tolerance       : 3e-06
# nthreads           : 32
# lgo input file     : acdf2.lgo
# site pat input file: ../../boot/boot5.opf
# free parameters    : 18
# points in DE swarm : 54
# output state file  : b1boot5.state
# Including singleton site patterns.
# cost function      : KL
Initial parameter values
Fixed:
      zero = 0
       one = 1
    Tbecnw = 75200
Free:
       pc1 = 0
       pc2 = 0
       pc3 = 0
       pc4 = 0
       pc5 = 0
       pc6 = 0
       pc7 = 0
       pc8 = 0
       pc9 = 0
      pc10 = 0
      pc11 = 0
      pc12 = 0
      pc13 = 0
      pc14 = 0
      pc15 = 0
      pc16 = 0
      pc17 = 0
      pc18 = 0
Constrained:
   Tgbecnw = 110439
     Tecnw = 25843.7
       Tnw = 22365.5
       Tec = 12790.9
     twoNb = 1.65438e+06
     twoNe = 29918.2
     twoNc = 466150
     twoNn = 1.32598e+06
     twoNw = 5.38288e+06
    twoNec = 130361
    twoNnw = 13035.8
  twoNecnw = 84784.6
  twoNbecnw = 15641.3
  twoNgbecnw = 223747
         m = 0.172255
        m3 = 0.195746
        m4 = 0.0257077
        m6 = 2.33066e-06
        Ta = 43995.5
        Tc = 11182.8
        Td = 5591.38
        Tf = 2795.69
DiffEv reached_goal. cost=1.74537e-03 spread=2.61353e-06
Fitted parameter values
Free:
       pc1 = -3.86454
       pc2 = -3.68184
       pc3 = 1.31248
       pc4 = -1.73255
       pc5 = 1.99804
       pc6 = 1.49776
       pc7 = 0.360619
       pc8 = 1.47131
       pc9 = 1.59561
      pc10 = -0.671296
      pc11 = 1.13901
      pc12 = 0.523716
      pc13 = 0.0234044
      pc14 = 0.0399144
      pc15 = 0.0695014
      pc16 = -0.0173823
      pc17 = -0.04203
      pc18 = 0.0079357
Constrained:
   Tgbecnw = 85064.5
     Tecnw = 24057.8
       Tnw = 21227.1
       Tec = 11229
     twoNb = 2.53936e+06
     twoNe = 10863.8
     twoNc = 740635
     twoNn = 1.49895e+06
     twoNw = 2.08081e+06
    twoNec = 127904
    twoNnw = 10457.2
  twoNecnw = 77247
  twoNbecnw = 4461.71
  twoNgbecnw = 256708
         m = 0.133081
        m3 = 0.193056
        m4 = 0.0268162
        m6 = 7.10206e-06
        Ta = 43214.5
        Tc = 10613.6
        Td = 5306.78
        Tf = 2653.39
#       SitePat  BranchLen
              b 125771.5803483
              e 49223.9666498
              c 51165.9454247
              n 45354.0313438
              w 47229.8559556
            b:e 2103.9596035
            b:c 2486.4614223
            b:n 1689.7810119
            b:w 1854.8000767
            e:c 10509.8789825
            e:n 5871.5787061
            e:w 4946.4077437
            c:n 5198.4140563
            c:w 4879.7472811
            n:w 12789.9292691
          b:e:c 2112.3393663
          b:e:n 1127.3573394
          b:e:w 1096.1821260
          b:c:n 1097.9971091
          b:c:w 1142.3066666
          b:n:w 2069.8072030
          e:c:n 4952.2660764
          e:c:w 4320.2792022
          e:n:w 6342.7477734
          c:n:w 5658.1579089
        b:e:c:n 2121.3290976
        b:e:c:w 1943.1756888
        b:e:n:w 3314.9018556
        b:c:n:w 2398.0714605
        e:c:n:w 52343.6806322
