########################################
# legofit: estimate population history #
#       version 2.3.4-4-g53f8760       #
########################################

# Program was compiled: Sep 21 2021 14:36:42
# Program was run: Fri Sep 24 06:58:09 2021

# cmd: legofit -1 -d 0 -t 32 --ptsPerDim 3 --stateOut b1boot23.state --tol 3e-6 -S 5000 acdf2.lgo ../../boot/boot23.opf
# Stage nOptItr nSimReps
#     0    5000        0
# algorithm          : deterministic
# ignoring probs <=  : 0
# Branch length floor: 0
# DE strategy        : 2
#    F               : 0.3
#    CR              : 0.8
#    tolerance       : 3e-06
# nthreads           : 32
# lgo input file     : acdf2.lgo
# site pat input file: ../../boot/boot23.opf
# free parameters    : 18
# points in DE swarm : 54
# output state file  : b1boot23.state
# Including singleton site patterns.
# cost function      : KL
Initial parameter values
Fixed:
      zero = 0
       one = 1
    Tbecnw = 75200
Free:
       pc1 = 0
       pc2 = 0
       pc3 = 0
       pc4 = 0
       pc5 = 0
       pc6 = 0
       pc7 = 0
       pc8 = 0
       pc9 = 0
      pc10 = 0
      pc11 = 0
      pc12 = 0
      pc13 = 0
      pc14 = 0
      pc15 = 0
      pc16 = 0
      pc17 = 0
      pc18 = 0
Constrained:
   Tgbecnw = 110439
     Tecnw = 25843.7
       Tnw = 22365.5
       Tec = 12790.9
     twoNb = 1.65438e+06
     twoNe = 29918.2
     twoNc = 466150
     twoNn = 1.32598e+06
     twoNw = 5.38288e+06
    twoNec = 130361
    twoNnw = 13035.8
  twoNecnw = 84784.6
  twoNbecnw = 15641.3
  twoNgbecnw = 223747
         m = 0.172255
        m3 = 0.195746
        m4 = 0.0257077
        m6 = 2.33066e-06
        Ta = 43995.5
        Tc = 11182.8
        Td = 5591.38
        Tf = 2795.69
DiffEv reached_goal. cost=1.71751e-03 spread=2.97982e-06
Fitted parameter values
Free:
       pc1 = -3.65818
       pc2 = -3.95944
       pc3 = 0.606387
       pc4 = -1.19816
       pc5 = 1.59437
       pc6 = -0.873681
       pc7 = 0.747658
       pc8 = 1.53533
       pc9 = 1.84104
      pc10 = -0.38694
      pc11 = 0.715471
      pc12 = 0.264235
      pc13 = 0.180483
      pc14 = -0.0424633
      pc15 = 0.0343335
      pc16 = -0.0233154
      pc17 = -0.0702008
      pc18 = 0.0065609
Constrained:
   Tgbecnw = 83961.4
     Tecnw = 24148.6
       Tnw = 21113.2
       Tec = 11811.2
     twoNb = 1.75584e+06
     twoNe = 23055.2
     twoNc = 469984
     twoNn = 2.95025e+06
     twoNw = 1.59508e+06
    twoNec = 123513
    twoNnw = 11281.6
  twoNecnw = 76017.6
  twoNbecnw = 3967.81
  twoNgbecnw = 261444
         m = 0.128067
        m3 = 0.189557
        m4 = 0.0259971
        m6 = 6.1955e-06
        Ta = 43505.6
        Tc = 10556.6
        Td = 5278.29
        Tf = 2639.15
#       SitePat  BranchLen
              b 125142.8415873
              e 49127.3615654
              c 50968.2541613
              n 45265.3796824
              w 47063.3994524
            b:e 2113.7717189
            b:c 2498.9261535
            b:n 1699.1269744
            b:w 1860.0243468
            e:c 10441.6065823
            e:n 5809.6710401
            e:w 4932.0448539
            c:n 5173.1650502
            c:w 4863.8430837
            n:w 12729.1447869
          b:e:c 2121.7946996
          b:e:n 1130.3367768
          b:e:w 1100.9560232
          b:c:n 1103.7691901
          b:c:w 1145.9842175
          b:n:w 2077.8962292
          e:c:n 4941.2028174
          e:c:w 4330.1312002
          e:n:w 6330.0116776
          c:n:w 5663.4546822
        b:e:c:n 2127.7189578
        b:e:c:w 1953.9873115
        b:e:n:w 3282.9606594
        b:c:n:w 2409.7173594
        e:c:n:w 52026.2567387
