########################################
# legofit: estimate population history #
#       version 2.3.4-4-g53f8760       #
########################################

# Program was compiled: Sep 21 2021 14:36:42
# Program was run: Fri Sep 24 06:56:39 2021

# cmd: legofit -1 -d 0 -t 32 --ptsPerDim 3 --stateOut b1boot10.state --tol 3e-6 -S 5000 acdf2.lgo ../../boot/boot10.opf
# Stage nOptItr nSimReps
#     0    5000        0
# algorithm          : deterministic
# ignoring probs <=  : 0
# Branch length floor: 0
# DE strategy        : 2
#    F               : 0.3
#    CR              : 0.8
#    tolerance       : 3e-06
# nthreads           : 32
# lgo input file     : acdf2.lgo
# site pat input file: ../../boot/boot10.opf
# free parameters    : 18
# points in DE swarm : 54
# output state file  : b1boot10.state
# Including singleton site patterns.
# cost function      : KL
Initial parameter values
Fixed:
      zero = 0
       one = 1
    Tbecnw = 75200
Free:
       pc1 = 0
       pc2 = 0
       pc3 = 0
       pc4 = 0
       pc5 = 0
       pc6 = 0
       pc7 = 0
       pc8 = 0
       pc9 = 0
      pc10 = 0
      pc11 = 0
      pc12 = 0
      pc13 = 0
      pc14 = 0
      pc15 = 0
      pc16 = 0
      pc17 = 0
      pc18 = 0
Constrained:
   Tgbecnw = 110439
     Tecnw = 25843.7
       Tnw = 22365.5
       Tec = 12790.9
     twoNb = 1.65438e+06
     twoNe = 29918.2
     twoNc = 466150
     twoNn = 1.32598e+06
     twoNw = 5.38288e+06
    twoNec = 130361
    twoNnw = 13035.8
  twoNecnw = 84784.6
  twoNbecnw = 15641.3
  twoNgbecnw = 223747
         m = 0.172255
        m3 = 0.195746
        m4 = 0.0257077
        m6 = 2.33066e-06
        Ta = 43995.5
        Tc = 11182.8
        Td = 5591.38
        Tf = 2795.69
DiffEv reached_goal. cost=1.73765e-03 spread=2.94928e-06
Fitted parameter values
Free:
       pc1 = -3.72184
       pc2 = -3.89927
       pc3 = 1.07467
       pc4 = -1.66543
       pc5 = 1.97308
       pc6 = -0.80566
       pc7 = -0.0227473
       pc8 = 1.80351
       pc9 = 1.7188
      pc10 = -0.974113
      pc11 = 0.962692
      pc12 = 0.437506
      pc13 = 0.053639
      pc14 = -0.0938285
      pc15 = 0.0384139
      pc16 = -0.00100266
      pc17 = -0.11972
      pc18 = 0.00133199
Constrained:
   Tgbecnw = 83323.6
     Tecnw = 24059.8
       Tnw = 21432.7
       Tec = 11387.8
     twoNb = 2.01265e+06
     twoNe = 13435.5
     twoNc = 601973
     twoNn = 3.78498e+06
     twoNw = 2.01491e+06
    twoNec = 128412
    twoNnw = 9860.43
  twoNecnw = 76598.6
  twoNbecnw = 3727.02
  twoNgbecnw = 255369
         m = 0.134839
        m3 = 0.186661
        m4 = 0.0263141
        m6 = 5.50695e-06
        Ta = 43293.9
        Tc = 10716.4
        Td = 5358.18
        Tf = 2679.09
#       SitePat  BranchLen
              b 125748.5949010
              e 49207.6618962
              c 51040.8521222
              n 45392.5560961
              w 47127.0854178
            b:e 2119.1007523
            b:c 2506.2086247
            b:n 1705.1231329
            b:w 1859.7339532
            e:c 10448.6077027
            e:n 5791.9239478
            e:w 4958.3470328
            c:n 5192.6228934
            c:w 4878.0858750
            n:w 12699.1999987
          b:e:c 2122.4158148
          b:e:n 1132.8456875
          b:e:w 1106.3913936
          b:c:n 1108.9217236
          b:c:w 1147.7949967
          b:n:w 2078.7891069
          e:c:n 4924.8251637
          e:c:w 4338.4097754
          e:n:w 6334.9763255
          c:n:w 5668.6474188
        b:e:c:n 2129.5874539
        b:e:c:w 1962.5576544
        b:e:n:w 3309.5187400
        b:c:n:w 2417.6316516
        e:c:n:w 52568.0467162
