########################################
# legofit: estimate population history #
#       version 2.3.4-4-g53f8760       #
########################################

# Program was compiled: Sep 21 2021 14:36:42
# Program was run: Fri Sep 24 07:01:02 2021

# cmd: legofit -1 -d 0 -t 32 --ptsPerDim 3 --stateOut b1boot44.state --tol 3e-6 -S 5000 acdf2.lgo ../../boot/boot44.opf
# Stage nOptItr nSimReps
#     0    5000        0
# algorithm          : deterministic
# ignoring probs <=  : 0
# Branch length floor: 0
# DE strategy        : 2
#    F               : 0.3
#    CR              : 0.8
#    tolerance       : 3e-06
# nthreads           : 32
# lgo input file     : acdf2.lgo
# site pat input file: ../../boot/boot44.opf
# free parameters    : 18
# points in DE swarm : 54
# output state file  : b1boot44.state
# Including singleton site patterns.
# cost function      : KL
Initial parameter values
Fixed:
      zero = 0
       one = 1
    Tbecnw = 75200
Free:
       pc1 = 0
       pc2 = 0
       pc3 = 0
       pc4 = 0
       pc5 = 0
       pc6 = 0
       pc7 = 0
       pc8 = 0
       pc9 = 0
      pc10 = 0
      pc11 = 0
      pc12 = 0
      pc13 = 0
      pc14 = 0
      pc15 = 0
      pc16 = 0
      pc17 = 0
      pc18 = 0
Constrained:
   Tgbecnw = 110439
     Tecnw = 25843.7
       Tnw = 22365.5
       Tec = 12790.9
     twoNb = 1.65438e+06
     twoNe = 29918.2
     twoNc = 466150
     twoNn = 1.32598e+06
     twoNw = 5.38288e+06
    twoNec = 130361
    twoNnw = 13035.8
  twoNecnw = 84784.6
  twoNbecnw = 15641.3
  twoNgbecnw = 223747
         m = 0.172255
        m3 = 0.195746
        m4 = 0.0257077
        m6 = 2.33066e-06
        Ta = 43995.5
        Tc = 11182.8
        Td = 5591.38
        Tf = 2795.69
DiffEv reached_goal. cost=1.73516e-03 spread=2.96345e-06
Fitted parameter values
Free:
       pc1 = -3.89788
       pc2 = -3.60766
       pc3 = -0.0994707
       pc4 = 0.800976
       pc5 = 1.90516
       pc6 = -0.12268
       pc7 = 1.52294
       pc8 = 1.88845
       pc9 = 1.65473
      pc10 = -0.270867
      pc11 = 1.08916
      pc12 = 0.205167
      pc13 = 0.330223
      pc14 = 0.0173378
      pc15 = 0.0858296
      pc16 = -0.0270771
      pc17 = -0.040794
      pc18 = -0.00824726
Constrained:
   Tgbecnw = 83089.8
     Tecnw = 24093.4
       Tnw = 21053.5
       Tec = 11504.2
     twoNb = 1.36539e+06
     twoNe = 18170.3
     twoNc = 663755
     twoNn = 1.09771e+06
     twoNw = 5.04498e+06
    twoNec = 125220
    twoNnw = 11267.2
  twoNecnw = 76089.7
  twoNbecnw = 3560.87
  twoNgbecnw = 263786
         m = 0.126674
        m3 = 0.197591
        m4 = 0.0255758
        m6 = 8.35199e-06
        Ta = 43352.1
        Tc = 10526.8
        Td = 5263.38
        Tf = 2631.69
#       SitePat  BranchLen
              b 124775.5875391
              e 48969.7266554
              c 50781.7915331
              n 45164.2149403
              w 47045.4332503
            b:e 2097.3011551
            b:c 2491.8870064
            b:n 1689.2444140
            b:w 1856.5129529
            e:c 10424.4168755
            e:n 5833.3582840
            e:w 4918.6095427
            c:n 5184.8534727
            c:w 4855.7978070
            n:w 12648.9117649
          b:e:c 2106.6631795
          b:e:n 1126.5323929
          b:e:w 1096.5882803
          b:c:n 1099.7839041
          b:c:w 1143.2350996
          b:n:w 2062.3133675
          e:c:n 4947.3248764
          e:c:w 4309.9109734
          e:n:w 6287.6197204
          c:n:w 5624.6838691
        b:e:c:n 2126.5409344
        b:e:c:w 1945.7653126
        b:e:n:w 3247.2733023
        b:c:n:w 2394.9762419
        e:c:n:w 51822.5739968
