########################################
# legofit: estimate population history #
#       version 2.3.4-4-g53f8760       #
########################################

# Program was compiled: Sep 21 2021 14:36:42
# Program was run: Fri Sep 24 07:07:01 2021

# cmd: legofit -1 -d 0 -t 32 --ptsPerDim 3 --stateOut b1boot47.state --tol 3e-6 -S 5000 acdf2.lgo ../../boot/boot47.opf
# Stage nOptItr nSimReps
#     0    5000        0
# algorithm          : deterministic
# ignoring probs <=  : 0
# Branch length floor: 0
# DE strategy        : 2
#    F               : 0.3
#    CR              : 0.8
#    tolerance       : 3e-06
# nthreads           : 32
# lgo input file     : acdf2.lgo
# site pat input file: ../../boot/boot47.opf
# free parameters    : 18
# points in DE swarm : 54
# output state file  : b1boot47.state
# Including singleton site patterns.
# cost function      : KL
Initial parameter values
Fixed:
      zero = 0
       one = 1
    Tbecnw = 75200
Free:
       pc1 = 0
       pc2 = 0
       pc3 = 0
       pc4 = 0
       pc5 = 0
       pc6 = 0
       pc7 = 0
       pc8 = 0
       pc9 = 0
      pc10 = 0
      pc11 = 0
      pc12 = 0
      pc13 = 0
      pc14 = 0
      pc15 = 0
      pc16 = 0
      pc17 = 0
      pc18 = 0
Constrained:
   Tgbecnw = 110439
     Tecnw = 25843.7
       Tnw = 22365.5
       Tec = 12790.9
     twoNb = 1.65438e+06
     twoNe = 29918.2
     twoNc = 466150
     twoNn = 1.32598e+06
     twoNw = 5.38288e+06
    twoNec = 130361
    twoNnw = 13035.8
  twoNecnw = 84784.6
  twoNbecnw = 15641.3
  twoNgbecnw = 223747
         m = 0.172255
        m3 = 0.195746
        m4 = 0.0257077
        m6 = 2.33066e-06
        Ta = 43995.5
        Tc = 11182.8
        Td = 5591.38
        Tf = 2795.69
DiffEv reached_goal. cost=1.73855e-03 spread=2.99561e-06
Fitted parameter values
Free:
       pc1 = -3.94759
       pc2 = -3.92362
       pc3 = 0.979515
       pc4 = -0.360751
       pc5 = 1.91813
       pc6 = -0.439136
       pc7 = 0.625341
       pc8 = 1.76279
       pc9 = 1.90828
      pc10 = -0.921449
      pc11 = 0.772215
      pc12 = 0.0670126
      pc13 = 0.289642
      pc14 = 0.00673058
      pc15 = 0.0556158
      pc16 = 0.025297
      pc17 = -0.0478645
      pc18 = 0.00678946
Constrained:
   Tgbecnw = 82322.5
     Tecnw = 23983.8
       Tnw = 20784.2
       Tec = 11441
     twoNb = 1.88568e+06
     twoNe = 20847.4
     twoNc = 623514
     twoNn = 2.88802e+06
     twoNw = 4.17579e+06
    twoNec = 124281
    twoNnw = 11987.9
  twoNecnw = 76546.5
  twoNbecnw = 3248.28
  twoNgbecnw = 258645
         m = 0.131217
        m3 = 0.192764
        m4 = 0.0259536
        m6 = 6.94883e-06
        Ta = 43320.5
        Tc = 10392.1
        Td = 5196.05
        Tf = 2598.03
#       SitePat  BranchLen
              b 124953.2244375
              e 48966.8213543
              c 50782.3467758
              n 45185.3045071
              w 47001.5366138
            b:e 2093.3714654
            b:c 2473.5298946
            b:n 1690.7440776
            b:w 1852.0085791
            e:c 10448.9481857
            e:n 5797.8454701
            e:w 4928.5571243
            c:n 5185.7221653
            c:w 4854.2336946
            n:w 12675.5761278
          b:e:c 2104.2782124
          b:e:n 1123.7726872
          b:e:w 1096.6869509
          b:c:n 1099.2003549
          b:c:w 1139.3467694
          b:n:w 2061.2126108
          e:c:n 4930.9083905
          e:c:w 4315.4531003
          e:n:w 6268.3968359
          c:n:w 5613.1769644
        b:e:c:n 2122.9915858
        b:e:c:w 1948.6664062
        b:e:n:w 3263.9511603
        b:c:n:w 2391.8459916
        e:c:n:w 52004.1826922
