########################################
# legofit: estimate population history #
#       version 2.3.4-4-g53f8760       #
########################################

# Program was compiled: Sep 21 2021 14:36:42
# Program was run: Fri Sep 24 06:58:57 2021

# cmd: legofit -1 -d 0 -t 32 --ptsPerDim 3 --stateOut b1boot28.state --tol 3e-6 -S 5000 acdf2.lgo ../../boot/boot28.opf
# Stage nOptItr nSimReps
#     0    5000        0
# algorithm          : deterministic
# ignoring probs <=  : 0
# Branch length floor: 0
# DE strategy        : 2
#    F               : 0.3
#    CR              : 0.8
#    tolerance       : 3e-06
# nthreads           : 32
# lgo input file     : acdf2.lgo
# site pat input file: ../../boot/boot28.opf
# free parameters    : 18
# points in DE swarm : 54
# output state file  : b1boot28.state
# Including singleton site patterns.
# cost function      : KL
Initial parameter values
Fixed:
      zero = 0
       one = 1
    Tbecnw = 75200
Free:
       pc1 = 0
       pc2 = 0
       pc3 = 0
       pc4 = 0
       pc5 = 0
       pc6 = 0
       pc7 = 0
       pc8 = 0
       pc9 = 0
      pc10 = 0
      pc11 = 0
      pc12 = 0
      pc13 = 0
      pc14 = 0
      pc15 = 0
      pc16 = 0
      pc17 = 0
      pc18 = 0
Constrained:
   Tgbecnw = 110439
     Tecnw = 25843.7
       Tnw = 22365.5
       Tec = 12790.9
     twoNb = 1.65438e+06
     twoNe = 29918.2
     twoNc = 466150
     twoNn = 1.32598e+06
     twoNw = 5.38288e+06
    twoNec = 130361
    twoNnw = 13035.8
  twoNecnw = 84784.6
  twoNbecnw = 15641.3
  twoNgbecnw = 223747
         m = 0.172255
        m3 = 0.195746
        m4 = 0.0257077
        m6 = 2.33066e-06
        Ta = 43995.5
        Tc = 11182.8
        Td = 5591.38
        Tf = 2795.69
DiffEv reached_goal. cost=1.72994e-03 spread=2.20248e-06
Fitted parameter values
Free:
       pc1 = -3.87528
       pc2 = -3.86737
       pc3 = 0.748738
       pc4 = -0.178347
       pc5 = 1.92034
       pc6 = -0.60658
       pc7 = 0.6095
       pc8 = 1.5424
       pc9 = 1.74873
      pc10 = -1.40023
      pc11 = 0.614954
      pc12 = 0.115307
      pc13 = 0.166177
      pc14 = 0.0648964
      pc15 = 0.042914
      pc16 = -0.0228326
      pc17 = -0.0375393
      pc18 = -0.00735088
Constrained:
   Tgbecnw = 83293.7
     Tecnw = 24040.6
       Tnw = 20931.4
       Tec = 11662.8
     twoNb = 1.84384e+06
     twoNe = 20287.8
     twoNc = 599731
     twoNn = 3.05271e+06
     twoNw = 5.40874e+06
    twoNec = 123100
    twoNnw = 11710.9
  twoNecnw = 76140.8
  twoNbecnw = 3626.28
  twoNgbecnw = 268543
         m = 0.12402
        m3 = 0.190956
        m4 = 0.0259305
        m6 = 6.39884e-06
        Ta = 43431.4
        Tc = 10465.7
        Td = 5232.84
        Tf = 2616.42
#       SitePat  BranchLen
              b 124818.7906544
              e 48947.8820760
              c 50827.0575369
              n 45186.5497082
              w 47040.6925717
            b:e 2103.0973450
            b:c 2482.4671108
            b:n 1699.4632620
            b:w 1864.7835841
            e:c 10426.1080921
            e:n 5852.1477146
            e:w 4930.9460827
            c:n 5176.6675465
            c:w 4872.3675178
            n:w 12644.9806532
          b:e:c 2112.3829753
          b:e:n 1133.3493940
          b:e:w 1101.2019338
          b:c:n 1104.0325098
          b:c:w 1149.4963100
          b:n:w 2069.0651028
          e:c:n 4955.2959584
          e:c:w 4326.6547554
          e:n:w 6290.3498897
          c:n:w 5623.3930983
        b:e:c:n 2135.7973488
        b:e:c:w 1957.1606866
        b:e:n:w 3277.7896512
        b:c:n:w 2401.2820662
        e:c:n:w 51859.9964221
