########################################
# legofit: estimate population history #
#       version 2.3.4-4-g53f8760       #
########################################

# Program was compiled: Sep 21 2021 14:36:42
# Program was run: Fri Sep 24 07:07:01 2021

# cmd: legofit -1 -d 0 -t 32 --ptsPerDim 3 --stateOut b1boot46.state --tol 3e-6 -S 5000 acdf2.lgo ../../boot/boot46.opf
# Stage nOptItr nSimReps
#     0    5000        0
# algorithm          : deterministic
# ignoring probs <=  : 0
# Branch length floor: 0
# DE strategy        : 2
#    F               : 0.3
#    CR              : 0.8
#    tolerance       : 3e-06
# nthreads           : 32
# lgo input file     : acdf2.lgo
# site pat input file: ../../boot/boot46.opf
# free parameters    : 18
# points in DE swarm : 54
# output state file  : b1boot46.state
# Including singleton site patterns.
# cost function      : KL
Initial parameter values
Fixed:
      zero = 0
       one = 1
    Tbecnw = 75200
Free:
       pc1 = 0
       pc2 = 0
       pc3 = 0
       pc4 = 0
       pc5 = 0
       pc6 = 0
       pc7 = 0
       pc8 = 0
       pc9 = 0
      pc10 = 0
      pc11 = 0
      pc12 = 0
      pc13 = 0
      pc14 = 0
      pc15 = 0
      pc16 = 0
      pc17 = 0
      pc18 = 0
Constrained:
   Tgbecnw = 110439
     Tecnw = 25843.7
       Tnw = 22365.5
       Tec = 12790.9
     twoNb = 1.65438e+06
     twoNe = 29918.2
     twoNc = 466150
     twoNn = 1.32598e+06
     twoNw = 5.38288e+06
    twoNec = 130361
    twoNnw = 13035.8
  twoNecnw = 84784.6
  twoNbecnw = 15641.3
  twoNgbecnw = 223747
         m = 0.172255
        m3 = 0.195746
        m4 = 0.0257077
        m6 = 2.33066e-06
        Ta = 43995.5
        Tc = 11182.8
        Td = 5591.38
        Tf = 2795.69
DiffEv reached_goal. cost=1.68175e-03 spread=2.92375e-06
Fitted parameter values
Free:
       pc1 = -2.79129
       pc2 = -3.90512
       pc3 = 0.817876
       pc4 = 0.653783
       pc5 = 1.77722
       pc6 = 1.60629
       pc7 = 1.50825
       pc8 = 1.68348
       pc9 = 0.624166
      pc10 = -1.32578
      pc11 = 0.976263
      pc12 = 0.512754
      pc13 = 0.255967
      pc14 = -0.029642
      pc15 = 0.106089
      pc16 = -0.0572946
      pc17 = -0.0326484
      pc18 = -0.00704645
Constrained:
   Tgbecnw = 87749.6
     Tecnw = 24070.1
       Tnw = 21553.4
       Tec = 12329
     twoNb = 2.07266e+06
     twoNe = 27995.9
     twoNc = 1.13783e+06
     twoNn = 126136
     twoNw = 7.04628e+06
    twoNec = 116916
    twoNnw = 9435.48
  twoNecnw = 77997.6
  twoNbecnw = 5629.99
  twoNgbecnw = 258117
         m = 0.132989
        m3 = 0.191272
        m4 = 0.0260641
        m6 = 8.48135e-06
        Ta = 43764.5
        Tc = 10776.7
        Td = 5388.36
        Tf = 2694.18
#       SitePat  BranchLen
              b 126702.8915891
              e 49540.4035016
              c 51428.7249759
              n 45709.5762579
              w 47550.9537282
            b:e 2134.8739194
            b:c 2518.6739482
            b:n 1722.7027027
            b:w 1888.2061821
            e:c 10564.1081531
            e:n 5907.7418232
            e:w 5008.3860661
            c:n 5255.1478319
            c:w 4942.5351480
            n:w 12822.2253595
          b:e:c 2139.4892176
          b:e:n 1146.0369719
          b:e:w 1115.3836218
          b:c:n 1117.1451349
          b:c:w 1160.8025497
          b:n:w 2097.7217367
          e:c:n 5016.5283312
          e:c:w 4387.1193018
          e:n:w 6387.0355950
          c:n:w 5713.0675732
        b:e:c:n 2156.1623118
        b:e:c:w 1977.6547677
        b:e:n:w 3326.0680676
        b:c:n:w 2429.8319521
        e:c:n:w 52826.6534762
