########################################
# legofit: estimate population history #
#       version 2.3.4-4-g53f8760       #
########################################

# Program was compiled: Sep 21 2021 14:36:42
# Program was run: Fri Sep 24 06:59:50 2021

# cmd: legofit -1 -d 0 -t 32 --ptsPerDim 3 --stateOut b1boot35.state --tol 3e-6 -S 5000 acdf2.lgo ../../boot/boot35.opf
# Stage nOptItr nSimReps
#     0    5000        0
# algorithm          : deterministic
# ignoring probs <=  : 0
# Branch length floor: 0
# DE strategy        : 2
#    F               : 0.3
#    CR              : 0.8
#    tolerance       : 3e-06
# nthreads           : 32
# lgo input file     : acdf2.lgo
# site pat input file: ../../boot/boot35.opf
# free parameters    : 18
# points in DE swarm : 54
# output state file  : b1boot35.state
# Including singleton site patterns.
# cost function      : KL
Initial parameter values
Fixed:
      zero = 0
       one = 1
    Tbecnw = 75200
Free:
       pc1 = 0
       pc2 = 0
       pc3 = 0
       pc4 = 0
       pc5 = 0
       pc6 = 0
       pc7 = 0
       pc8 = 0
       pc9 = 0
      pc10 = 0
      pc11 = 0
      pc12 = 0
      pc13 = 0
      pc14 = 0
      pc15 = 0
      pc16 = 0
      pc17 = 0
      pc18 = 0
Constrained:
   Tgbecnw = 110439
     Tecnw = 25843.7
       Tnw = 22365.5
       Tec = 12790.9
     twoNb = 1.65438e+06
     twoNe = 29918.2
     twoNc = 466150
     twoNn = 1.32598e+06
     twoNw = 5.38288e+06
    twoNec = 130361
    twoNnw = 13035.8
  twoNecnw = 84784.6
  twoNbecnw = 15641.3
  twoNgbecnw = 223747
         m = 0.172255
        m3 = 0.195746
        m4 = 0.0257077
        m6 = 2.33066e-06
        Ta = 43995.5
        Tc = 11182.8
        Td = 5591.38
        Tf = 2795.69
DiffEv reached_goal. cost=1.71555e-03 spread=1.90949e-06
Fitted parameter values
Free:
       pc1 = -3.932
       pc2 = -3.99228
       pc3 = 1.80737
       pc4 = -0.0230736
       pc5 = 1.72857
       pc6 = 1.00192
       pc7 = 0.291672
       pc8 = 1.78009
       pc9 = 1.97488
      pc10 = -1.63114
      pc11 = 0.997895
      pc12 = 0.645942
      pc13 = 0.184481
      pc14 = -0.0405654
      pc15 = 0.0575831
      pc16 = 0.0215115
      pc17 = -0.125033
      pc18 = -0.00391509
Constrained:
   Tgbecnw = 81807.3
     Tecnw = 24077.3
       Tnw = 21111.1
       Tec = 11611.8
     twoNb = 2.44877e+06
     twoNe = 21377.5
     twoNc = 865834
     twoNn = 2.46623e+06
     twoNw = 6.30698e+06
    twoNec = 124448
    twoNnw = 10993.7
  twoNecnw = 76161.8
  twoNbecnw = 3082.19
  twoNgbecnw = 249095
         m = 0.137218
        m3 = 0.194694
        m4 = 0.026418
        m6 = 9.23112e-06
        Ta = 43405.9
        Tc = 10555.5
        Td = 5277.77
        Tf = 2638.88
#       SitePat  BranchLen
              b 125084.2411118
              e 49027.4294650
              c 50872.4013313
              n 45195.9820796
              w 47008.3082948
            b:e 2103.7254363
            b:c 2484.4600313
            b:n 1692.3174601
            b:w 1854.1912422
            e:c 10418.6277115
            e:n 5788.9865097
            e:w 4923.7412372
            c:n 5178.4461107
            c:w 4846.6187422
            n:w 12672.5630553
          b:e:c 2111.2658716
          b:e:n 1126.1727381
          b:e:w 1099.1503618
          b:c:n 1101.1919093
          b:c:w 1141.2187131
          b:n:w 2068.3389034
          e:c:n 4928.6256715
          e:c:w 4313.3720973
          e:n:w 6303.4905179
          c:n:w 5636.1792653
        b:e:c:n 2123.1891115
        b:e:c:w 1948.3109018
        b:e:n:w 3288.4246257
        b:c:n:w 2400.6042987
        e:c:n:w 52122.2909497
