########################################
# legofit: estimate population history #
#       version 2.3.4-4-g53f8760       #
########################################

# Program was compiled: Sep 21 2021 14:36:42
# Program was run: Fri Sep 24 06:58:01 2021

# cmd: legofit -1 -d 0 -t 32 --ptsPerDim 3 --stateOut b1boot19.state --tol 3e-6 -S 5000 acdf2.lgo ../../boot/boot19.opf
# Stage nOptItr nSimReps
#     0    5000        0
# algorithm          : deterministic
# ignoring probs <=  : 0
# Branch length floor: 0
# DE strategy        : 2
#    F               : 0.3
#    CR              : 0.8
#    tolerance       : 3e-06
# nthreads           : 32
# lgo input file     : acdf2.lgo
# site pat input file: ../../boot/boot19.opf
# free parameters    : 18
# points in DE swarm : 54
# output state file  : b1boot19.state
# Including singleton site patterns.
# cost function      : KL
Initial parameter values
Fixed:
      zero = 0
       one = 1
    Tbecnw = 75200
Free:
       pc1 = 0
       pc2 = 0
       pc3 = 0
       pc4 = 0
       pc5 = 0
       pc6 = 0
       pc7 = 0
       pc8 = 0
       pc9 = 0
      pc10 = 0
      pc11 = 0
      pc12 = 0
      pc13 = 0
      pc14 = 0
      pc15 = 0
      pc16 = 0
      pc17 = 0
      pc18 = 0
Constrained:
   Tgbecnw = 110439
     Tecnw = 25843.7
       Tnw = 22365.5
       Tec = 12790.9
     twoNb = 1.65438e+06
     twoNe = 29918.2
     twoNc = 466150
     twoNn = 1.32598e+06
     twoNw = 5.38288e+06
    twoNec = 130361
    twoNnw = 13035.8
  twoNecnw = 84784.6
  twoNbecnw = 15641.3
  twoNgbecnw = 223747
         m = 0.172255
        m3 = 0.195746
        m4 = 0.0257077
        m6 = 2.33066e-06
        Ta = 43995.5
        Tc = 11182.8
        Td = 5591.38
        Tf = 2795.69
DiffEv reached_goal. cost=1.73568e-03 spread=2.80282e-06
Fitted parameter values
Free:
       pc1 = -3.34229
       pc2 = -3.9168
       pc3 = 0.157019
       pc4 = -0.118243
       pc5 = 1.90951
       pc6 = 1.30401
       pc7 = 0.97741
       pc8 = 1.9185
       pc9 = 1.6328
      pc10 = -0.0541069
      pc11 = 0.529584
      pc12 = 0.455209
      pc13 = 0.107681
      pc14 = 0.0332928
      pc15 = 0.032717
      pc16 = -0.0177551
      pc17 = -0.00546594
      pc18 = -0.00183279
Constrained:
   Tgbecnw = 85129.8
     Tecnw = 24136.1
       Tnw = 21755.5
       Tec = 11848.9
     twoNb = 2.08076e+06
     twoNe = 18302.9
     twoNc = 811877
     twoNn = 569687
     twoNw = 3.16721e+06
    twoNec = 120746
    twoNnw = 8594.03
  twoNecnw = 77226
  twoNbecnw = 4417.58
  twoNgbecnw = 267260
         m = 0.127969
        m3 = 0.200712
        m4 = 0.025839
        m6 = 7.72411e-06
        Ta = 43524.4
        Tc = 10877.7
        Td = 5438.86
        Tf = 2719.43
#       SitePat  BranchLen
              b 125941.8626712
              e 49263.3278620
              c 51134.1314651
              n 45364.8853217
              w 47291.5524325
            b:e 2115.2036050
            b:c 2489.4816702
            b:n 1692.8450796
            b:w 1865.0885312
            e:c 10526.3842397
            e:n 5848.5987899
            e:w 4919.0953618
            c:n 5198.3023726
            c:w 4856.8213651
            n:w 12788.5096956
          b:e:c 2131.0930987
          b:e:n 1129.3458123
          b:e:w 1099.1837467
          b:c:n 1100.9525136
          b:c:w 1144.9259987
          b:n:w 2087.3480732
          e:c:n 4960.9582026
          e:c:w 4305.2755274
          e:n:w 6322.8739831
          c:n:w 5662.3856010
        b:e:c:n 2134.9150989
        b:e:c:w 1948.8602277
        b:e:n:w 3302.5672526
        b:c:n:w 2413.1950118
        e:c:n:w 52589.1859985
