########################################
# legofit: estimate population history #
#       version 2.3.4-4-g53f8760       #
########################################

# Program was compiled: Sep 21 2021 14:36:42
# Program was run: Fri Sep 24 07:07:02 2021

# cmd: legofit -1 -d 0 -t 32 --ptsPerDim 3 --stateOut b1boot45.state --tol 3e-6 -S 5000 acdf2.lgo ../../boot/boot45.opf
# Stage nOptItr nSimReps
#     0    5000        0
# algorithm          : deterministic
# ignoring probs <=  : 0
# Branch length floor: 0
# DE strategy        : 2
#    F               : 0.3
#    CR              : 0.8
#    tolerance       : 3e-06
# nthreads           : 32
# lgo input file     : acdf2.lgo
# site pat input file: ../../boot/boot45.opf
# free parameters    : 18
# points in DE swarm : 54
# output state file  : b1boot45.state
# Including singleton site patterns.
# cost function      : KL
Initial parameter values
Fixed:
      zero = 0
       one = 1
    Tbecnw = 75200
Free:
       pc1 = 0
       pc2 = 0
       pc3 = 0
       pc4 = 0
       pc5 = 0
       pc6 = 0
       pc7 = 0
       pc8 = 0
       pc9 = 0
      pc10 = 0
      pc11 = 0
      pc12 = 0
      pc13 = 0
      pc14 = 0
      pc15 = 0
      pc16 = 0
      pc17 = 0
      pc18 = 0
Constrained:
   Tgbecnw = 110439
     Tecnw = 25843.7
       Tnw = 22365.5
       Tec = 12790.9
     twoNb = 1.65438e+06
     twoNe = 29918.2
     twoNc = 466150
     twoNn = 1.32598e+06
     twoNw = 5.38288e+06
    twoNec = 130361
    twoNnw = 13035.8
  twoNecnw = 84784.6
  twoNbecnw = 15641.3
  twoNgbecnw = 223747
         m = 0.172255
        m3 = 0.195746
        m4 = 0.0257077
        m6 = 2.33066e-06
        Ta = 43995.5
        Tc = 11182.8
        Td = 5591.38
        Tf = 2795.69
DiffEv reached_goal. cost=1.76704e-03 spread=2.68943e-06
Fitted parameter values
Free:
       pc1 = -3.99149
       pc2 = -3.89679
       pc3 = -0.215142
       pc4 = 0.178252
       pc5 = 1.86411
       pc6 = -0.580001
       pc7 = 1.72125
       pc8 = 1.71124
       pc9 = 1.87397
      pc10 = -0.937228
      pc11 = 1.78266
      pc12 = 0.142191
      pc13 = 0.0758696
      pc14 = 0.012956
      pc15 = 0.0498504
      pc16 = -0.00119665
      pc17 = -0.016089
      pc18 = 0.0139128
Constrained:
   Tgbecnw = 82523.6
     Tecnw = 23890
       Tnw = 21154
       Tec = 11431.1
     twoNb = 1.25709e+06
     twoNe = 15252.1
     twoNc = 464329
     twoNn = 1.64747e+06
     twoNw = 4.968e+06
    twoNec = 123667
    twoNnw = 10265.4
  twoNecnw = 76816.3
  twoNbecnw = 3233.71
  twoNgbecnw = 275039
         m = 0.12388
        m3 = 0.189365
        m4 = 0.0259045
        m6 = 9.27244e-06
        Ta = 43315.6
        Tc = 10577
        Td = 5288.5
        Tf = 2644.25
#       SitePat  BranchLen
              b 125082.8984729
              e 48899.8520184
              c 50732.8161855
              n 45144.9932210
              w 46967.2217120
            b:e 2080.2481985
            b:c 2482.7243444
            b:n 1678.8310718
            b:w 1839.4273640
            e:c 10430.2538240
            e:n 5808.4300784
            e:w 4914.0503327
            c:n 5160.5763035
            c:w 4847.9552260
            n:w 12640.8651325
          b:e:c 2095.6380543
          b:e:n 1118.1402228
          b:e:w 1088.4766886
          b:c:n 1092.2761979
          b:c:w 1135.1664469
          b:n:w 2050.3936010
          e:c:n 4905.3173767
          e:c:w 4290.0897089
          e:n:w 6254.2157360
          c:n:w 5587.8112269
        b:e:c:n 2112.7786371
        b:e:c:w 1938.9556301
        b:e:n:w 3257.7307422
        b:c:n:w 2381.8177007
        e:c:n:w 52241.3265104
