########################################
# legofit: estimate population history #
#       version 2.3.4-4-g53f8760       #
########################################

# Program was compiled: Sep 21 2021 14:36:42
# Program was run: Fri Sep 24 06:58:09 2021

# cmd: legofit -1 -d 0 -t 32 --ptsPerDim 3 --stateOut b1boot22.state --tol 3e-6 -S 5000 acdf2.lgo ../../boot/boot22.opf
# Stage nOptItr nSimReps
#     0    5000        0
# algorithm          : deterministic
# ignoring probs <=  : 0
# Branch length floor: 0
# DE strategy        : 2
#    F               : 0.3
#    CR              : 0.8
#    tolerance       : 3e-06
# nthreads           : 32
# lgo input file     : acdf2.lgo
# site pat input file: ../../boot/boot22.opf
# free parameters    : 18
# points in DE swarm : 54
# output state file  : b1boot22.state
# Including singleton site patterns.
# cost function      : KL
Initial parameter values
Fixed:
      zero = 0
       one = 1
    Tbecnw = 75200
Free:
       pc1 = 0
       pc2 = 0
       pc3 = 0
       pc4 = 0
       pc5 = 0
       pc6 = 0
       pc7 = 0
       pc8 = 0
       pc9 = 0
      pc10 = 0
      pc11 = 0
      pc12 = 0
      pc13 = 0
      pc14 = 0
      pc15 = 0
      pc16 = 0
      pc17 = 0
      pc18 = 0
Constrained:
   Tgbecnw = 110439
     Tecnw = 25843.7
       Tnw = 22365.5
       Tec = 12790.9
     twoNb = 1.65438e+06
     twoNe = 29918.2
     twoNc = 466150
     twoNn = 1.32598e+06
     twoNw = 5.38288e+06
    twoNec = 130361
    twoNnw = 13035.8
  twoNecnw = 84784.6
  twoNbecnw = 15641.3
  twoNgbecnw = 223747
         m = 0.172255
        m3 = 0.195746
        m4 = 0.0257077
        m6 = 2.33066e-06
        Ta = 43995.5
        Tc = 11182.8
        Td = 5591.38
        Tf = 2795.69
DiffEv reached_goal. cost=1.73205e-03 spread=2.95758e-06
Fitted parameter values
Free:
       pc1 = -3.82784
       pc2 = -3.69915
       pc3 = 0.240873
       pc4 = 1.21297
       pc5 = 1.5229
       pc6 = 0.685623
       pc7 = 1.15334
       pc8 = 0.816799
       pc9 = 1.97873
      pc10 = -0.782916
      pc11 = 1.50988
      pc12 = 0.421127
      pc13 = 0.178462
      pc14 = -0.0928004
      pc15 = 0.0484965
      pc16 = -0.00371497
      pc17 = -0.0477963
      pc18 = -0.0184464
Constrained:
   Tgbecnw = 84183.7
     Tecnw = 24197.9
       Tnw = 21308
       Tec = 11895.2
     twoNb = 1.56767e+06
     twoNe = 28657.7
     twoNc = 539958
     twoNn = 959007
     twoNw = 7.26691e+06
    twoNec = 122036
    twoNnw = 10692.2
  twoNecnw = 76015.6
  twoNbecnw = 4063.29
  twoNgbecnw = 263478
         m = 0.128151
        m3 = 0.202213
        m4 = 0.0262339
        m6 = 9.67205e-06
        Ta = 43547.6
        Tc = 10654
        Td = 5326.99
        Tf = 2663.49
#       SitePat  BranchLen
              b 125553.1225579
              e 49173.3170783
              c 50964.5276685
              n 45379.9953927
              w 47221.7601203
            b:e 2125.0466530
            b:c 2518.5121454
            b:n 1713.7362867
            b:w 1880.6982416
            e:c 10456.5721883
            e:n 5807.5674754
            e:w 4956.6759939
            c:n 5231.1584156
            c:w 4870.8639894
            n:w 12659.2644381
          b:e:c 2130.6667348
          b:e:n 1138.0867892
          b:e:w 1113.5923567
          b:c:n 1116.3647043
          b:c:w 1154.1845269
          b:n:w 2086.9760793
          e:c:n 4981.9529683
          e:c:w 4351.3741485
          e:n:w 6328.8641057
          c:n:w 5667.5211626
        b:e:c:n 2151.2255621
        b:e:c:w 1970.9382170
        b:e:n:w 3303.1494722
        b:c:n:w 2423.1668913
        e:c:n:w 52390.4378953
