########################################
# legofit: estimate population history #
#       version 2.3.4-4-g53f8760       #
########################################

# Program was compiled: Sep 21 2021 14:36:42
# Program was run: Fri Sep 24 07:00:16 2021

# cmd: legofit -1 -d 0 -t 32 --ptsPerDim 3 --stateOut b1boot37.state --tol 3e-6 -S 5000 acdf2.lgo ../../boot/boot37.opf
# Stage nOptItr nSimReps
#     0    5000        0
# algorithm          : deterministic
# ignoring probs <=  : 0
# Branch length floor: 0
# DE strategy        : 2
#    F               : 0.3
#    CR              : 0.8
#    tolerance       : 3e-06
# nthreads           : 32
# lgo input file     : acdf2.lgo
# site pat input file: ../../boot/boot37.opf
# free parameters    : 18
# points in DE swarm : 54
# output state file  : b1boot37.state
# Including singleton site patterns.
# cost function      : KL
Initial parameter values
Fixed:
      zero = 0
       one = 1
    Tbecnw = 75200
Free:
       pc1 = 0
       pc2 = 0
       pc3 = 0
       pc4 = 0
       pc5 = 0
       pc6 = 0
       pc7 = 0
       pc8 = 0
       pc9 = 0
      pc10 = 0
      pc11 = 0
      pc12 = 0
      pc13 = 0
      pc14 = 0
      pc15 = 0
      pc16 = 0
      pc17 = 0
      pc18 = 0
Constrained:
   Tgbecnw = 110439
     Tecnw = 25843.7
       Tnw = 22365.5
       Tec = 12790.9
     twoNb = 1.65438e+06
     twoNe = 29918.2
     twoNc = 466150
     twoNn = 1.32598e+06
     twoNw = 5.38288e+06
    twoNec = 130361
    twoNnw = 13035.8
  twoNecnw = 84784.6
  twoNbecnw = 15641.3
  twoNgbecnw = 223747
         m = 0.172255
        m3 = 0.195746
        m4 = 0.0257077
        m6 = 2.33066e-06
        Ta = 43995.5
        Tc = 11182.8
        Td = 5591.38
        Tf = 2795.69
DiffEv reached_goal. cost=1.73752e-03 spread=2.98593e-06
Fitted parameter values
Free:
       pc1 = -3.89961
       pc2 = -3.95532
       pc3 = 0.624726
       pc4 = -1.0667
       pc5 = 1.68338
       pc6 = 0.364213
       pc7 = -0.276072
       pc8 = 1.91926
       pc9 = 1.42103
      pc10 = -0.408831
      pc11 = 0.598655
      pc12 = 0.448055
      pc13 = -0.124182
      pc14 = 0.0625304
      pc15 = 0.0416184
      pc16 = 0.0137968
      pc17 = 0.00196134
      pc18 = 0.00126849
Constrained:
   Tgbecnw = 85129.5
     Tecnw = 24218.4
       Tnw = 21627.6
       Tec = 11436.3
     twoNb = 2.1291e+06
     twoNe = 11531.4
     twoNc = 863839
     twoNn = 2.82336e+06
     twoNw = 1.94388e+06
    twoNec = 125809
    twoNnw = 9499.75
  twoNecnw = 76224
  twoNbecnw = 4389.97
  twoNgbecnw = 270835
         m = 0.125902
        m3 = 0.197893
        m4 = 0.0262635
        m6 = 6.32939e-06
        Ta = 43318.1
        Tc = 10813.8
        Td = 5406.91
        Tf = 2703.45
#       SitePat  BranchLen
              b 125933.0146820
              e 49115.0433246
              c 51017.5316569
              n 45317.5335167
              w 47222.9739869
            b:e 2098.4543114
            b:c 2476.0352203
            b:n 1686.4437202
            b:w 1855.3721086
            e:c 10490.3146985
            e:n 5841.1661982
            e:w 4916.5272763
            c:n 5185.5025814
            c:w 4850.9107844
            n:w 12689.4565706
          b:e:c 2110.3672386
          b:e:n 1123.5064475
          b:e:w 1093.3208108
          b:c:n 1095.4283210
          b:c:w 1139.0057725
          b:n:w 2067.6881861
          e:c:n 4959.5028461
          e:c:w 4313.2930948
          e:n:w 6312.9397303
          c:n:w 5642.6857255
        b:e:c:n 2120.6898086
        b:e:c:w 1938.3696054
        b:e:n:w 3297.0941108
        b:c:n:w 2390.9517391
        e:c:n:w 52695.1529897
