########################################
# legofit: estimate population history #
#       version 2.3.4-4-g53f8760       #
########################################

# Program was compiled: Sep 21 2021 14:36:42
# Program was run: Fri Sep 24 06:56:20 2021

# cmd: legofit -1 -d 0 -t 32 --ptsPerDim 3 --stateOut b1boot8.state --tol 3e-6 -S 5000 acdf2.lgo ../../boot/boot8.opf
# Stage nOptItr nSimReps
#     0    5000        0
# algorithm          : deterministic
# ignoring probs <=  : 0
# Branch length floor: 0
# DE strategy        : 2
#    F               : 0.3
#    CR              : 0.8
#    tolerance       : 3e-06
# nthreads           : 32
# lgo input file     : acdf2.lgo
# site pat input file: ../../boot/boot8.opf
# free parameters    : 18
# points in DE swarm : 54
# output state file  : b1boot8.state
# Including singleton site patterns.
# cost function      : KL
Initial parameter values
Fixed:
      zero = 0
       one = 1
    Tbecnw = 75200
Free:
       pc1 = 0
       pc2 = 0
       pc3 = 0
       pc4 = 0
       pc5 = 0
       pc6 = 0
       pc7 = 0
       pc8 = 0
       pc9 = 0
      pc10 = 0
      pc11 = 0
      pc12 = 0
      pc13 = 0
      pc14 = 0
      pc15 = 0
      pc16 = 0
      pc17 = 0
      pc18 = 0
Constrained:
   Tgbecnw = 110439
     Tecnw = 25843.7
       Tnw = 22365.5
       Tec = 12790.9
     twoNb = 1.65438e+06
     twoNe = 29918.2
     twoNc = 466150
     twoNn = 1.32598e+06
     twoNw = 5.38288e+06
    twoNec = 130361
    twoNnw = 13035.8
  twoNecnw = 84784.6
  twoNbecnw = 15641.3
  twoNgbecnw = 223747
         m = 0.172255
        m3 = 0.195746
        m4 = 0.0257077
        m6 = 2.33066e-06
        Ta = 43995.5
        Tc = 11182.8
        Td = 5591.38
        Tf = 2795.69
DiffEv reached_goal. cost=1.72661e-03 spread=2.66376e-06
Fitted parameter values
Free:
       pc1 = -3.94033
       pc2 = -3.9866
       pc3 = 1.6325
       pc4 = -1.34615
       pc5 = 1.97313
       pc6 = 1.81363
       pc7 = 1.09623
       pc8 = 1.85965
       pc9 = 1.32193
      pc10 = -0.829019
      pc11 = 1.52485
      pc12 = 0.472581
      pc13 = 0.104637
      pc14 = 0.0107309
      pc15 = 0.0574918
      pc16 = -0.0262133
      pc17 = -0.0811045
      pc18 = -0.000571338
Constrained:
   Tgbecnw = 83456
     Tecnw = 23883
       Tnw = 20874.5
       Tec = 11269
     twoNb = 2.48569e+06
     twoNe = 14706.9
     twoNc = 950732
     twoNn = 789170
     twoNw = 2.7572e+06
    twoNec = 126332
    twoNnw = 11340.8
  twoNecnw = 77890
  twoNbecnw = 3762.67
  twoNgbecnw = 253615
         m = 0.135425
        m3 = 0.189309
        m4 = 0.0267835
        m6 = 8.9596e-06
        Ta = 43234.5
        Tc = 10437.3
        Td = 5218.63
        Tf = 2609.31
#       SitePat  BranchLen
              b 125316.3025955
              e 49152.7566876
              c 51072.5786733
              n 45340.1418607
              w 47171.5635600
            b:e 2087.9389233
            b:c 2470.2360948
            b:n 1685.2332853
            b:w 1845.4607718
            e:c 10466.6212817
            e:n 5858.1016977
            e:w 4953.2973261
            c:n 5195.6115541
            c:w 4883.8520477
            n:w 12734.0351868
          b:e:c 2095.7248324
          b:e:n 1124.2581266
          b:e:w 1094.0070686
          b:c:n 1095.9935609
          b:c:w 1139.2608040
          b:n:w 2053.3202917
          e:c:n 4922.8043885
          e:c:w 4307.9465673
          e:n:w 6287.9994309
          c:n:w 5610.8332611
        b:e:c:n 2116.4646471
        b:e:c:w 1943.2209756
        b:e:n:w 3296.3518807
        b:c:n:w 2386.3446619
        e:c:n:w 52042.6251698
