########################################
# legofit: estimate population history #
#       version 2.3.4-4-g53f8760       #
########################################

# Program was compiled: Sep 21 2021 14:36:42
# Program was run: Fri Sep 24 06:59:02 2021

# cmd: legofit -1 -d 0 -t 32 --ptsPerDim 3 --stateOut b1boot29.state --tol 3e-6 -S 5000 acdf2.lgo ../../boot/boot29.opf
# Stage nOptItr nSimReps
#     0    5000        0
# algorithm          : deterministic
# ignoring probs <=  : 0
# Branch length floor: 0
# DE strategy        : 2
#    F               : 0.3
#    CR              : 0.8
#    tolerance       : 3e-06
# nthreads           : 32
# lgo input file     : acdf2.lgo
# site pat input file: ../../boot/boot29.opf
# free parameters    : 18
# points in DE swarm : 54
# output state file  : b1boot29.state
# Including singleton site patterns.
# cost function      : KL
Initial parameter values
Fixed:
      zero = 0
       one = 1
    Tbecnw = 75200
Free:
       pc1 = 0
       pc2 = 0
       pc3 = 0
       pc4 = 0
       pc5 = 0
       pc6 = 0
       pc7 = 0
       pc8 = 0
       pc9 = 0
      pc10 = 0
      pc11 = 0
      pc12 = 0
      pc13 = 0
      pc14 = 0
      pc15 = 0
      pc16 = 0
      pc17 = 0
      pc18 = 0
Constrained:
   Tgbecnw = 110439
     Tecnw = 25843.7
       Tnw = 22365.5
       Tec = 12790.9
     twoNb = 1.65438e+06
     twoNe = 29918.2
     twoNc = 466150
     twoNn = 1.32598e+06
     twoNw = 5.38288e+06
    twoNec = 130361
    twoNnw = 13035.8
  twoNecnw = 84784.6
  twoNbecnw = 15641.3
  twoNgbecnw = 223747
         m = 0.172255
        m3 = 0.195746
        m4 = 0.0257077
        m6 = 2.33066e-06
        Ta = 43995.5
        Tc = 11182.8
        Td = 5591.38
        Tf = 2795.69
DiffEv reached_goal. cost=1.75339e-03 spread=2.83926e-06
Fitted parameter values
Free:
       pc1 = -3.98353
       pc2 = -3.87672
       pc3 = 0.399837
       pc4 = 0.405999
       pc5 = 1.56727
       pc6 = -0.0576101
       pc7 = 0.666223
       pc8 = 1.86133
       pc9 = 1.33742
      pc10 = -1.75095
      pc11 = 1.68095
      pc12 = 0.647523
      pc13 = -0.0863064
      pc14 = -0.0827847
      pc15 = 0.0373675
      pc16 = -0.0139054
      pc17 = -0.0590178
      pc18 = 0.0127183
Constrained:
   Tgbecnw = 83908.4
     Tecnw = 24114.3
       Tnw = 21641.4
       Tec = 11487.4
     twoNb = 1.61773e+06
     twoNe = 13872
     twoNc = 848152
     twoNn = 2.50545e+06
     twoNw = 6.83622e+06
    twoNec = 126352
    twoNnw = 9125.07
  twoNecnw = 75732.8
  twoNbecnw = 3867.21
  twoNgbecnw = 271430
         m = 0.123947
        m3 = 0.190148
        m4 = 0.0262435
        m6 = 9.52582e-06
        Ta = 43343.7
        Tc = 10820.7
        Td = 5410.35
        Tf = 2705.17
#       SitePat  BranchLen
              b 125270.5150573
              e 49046.3134976
              c 50856.1800052
              n 45223.3456027
              w 46980.4464046
            b:e 2099.8484261
            b:c 2485.8700038
            b:n 1684.7256184
            b:w 1841.1420421
            e:c 10437.8805891
            e:n 5752.1249557
            e:w 4918.5709692
            c:n 5163.3354296
            c:w 4836.5731887
            n:w 12674.9908772
          b:e:c 2109.3008383
          b:e:n 1117.6817323
          b:e:w 1092.1612881
          b:c:n 1095.3348967
          b:c:w 1133.3672988
          b:n:w 2064.7793369
          e:c:n 4908.3802511
          e:c:w 4311.5956766
          e:n:w 6311.5203795
          c:n:w 5652.6888231
        b:e:c:n 2106.8783364
        b:e:c:w 1937.9499549
        b:e:n:w 3279.5494465
        b:c:n:w 2394.4206553
        e:c:n:w 52283.7689843
