########################################
# legofit: estimate population history #
#       version 2.3.4-4-g53f8760       #
########################################

# Program was compiled: Sep 21 2021 14:36:42
# Program was run: Fri Sep 24 06:59:05 2021

# cmd: legofit -1 -d 0 -t 32 --ptsPerDim 3 --stateOut b1boot30.state --tol 3e-6 -S 5000 acdf2.lgo ../../boot/boot30.opf
# Stage nOptItr nSimReps
#     0    5000        0
# algorithm          : deterministic
# ignoring probs <=  : 0
# Branch length floor: 0
# DE strategy        : 2
#    F               : 0.3
#    CR              : 0.8
#    tolerance       : 3e-06
# nthreads           : 32
# lgo input file     : acdf2.lgo
# site pat input file: ../../boot/boot30.opf
# free parameters    : 18
# points in DE swarm : 54
# output state file  : b1boot30.state
# Including singleton site patterns.
# cost function      : KL
Initial parameter values
Fixed:
      zero = 0
       one = 1
    Tbecnw = 75200
Free:
       pc1 = 0
       pc2 = 0
       pc3 = 0
       pc4 = 0
       pc5 = 0
       pc6 = 0
       pc7 = 0
       pc8 = 0
       pc9 = 0
      pc10 = 0
      pc11 = 0
      pc12 = 0
      pc13 = 0
      pc14 = 0
      pc15 = 0
      pc16 = 0
      pc17 = 0
      pc18 = 0
Constrained:
   Tgbecnw = 110439
     Tecnw = 25843.7
       Tnw = 22365.5
       Tec = 12790.9
     twoNb = 1.65438e+06
     twoNe = 29918.2
     twoNc = 466150
     twoNn = 1.32598e+06
     twoNw = 5.38288e+06
    twoNec = 130361
    twoNnw = 13035.8
  twoNecnw = 84784.6
  twoNbecnw = 15641.3
  twoNgbecnw = 223747
         m = 0.172255
        m3 = 0.195746
        m4 = 0.0257077
        m6 = 2.33066e-06
        Ta = 43995.5
        Tc = 11182.8
        Td = 5591.38
        Tf = 2795.69
DiffEv reached_goal. cost=1.75638e-03 spread=2.42620e-06
Fitted parameter values
Free:
       pc1 = -3.78939
       pc2 = -3.96908
       pc3 = 0.797704
       pc4 = 1.24753
       pc5 = 1.88383
       pc6 = 0.195634
       pc7 = 0.722262
       pc8 = 1.93812
       pc9 = 0.861051
      pc10 = -1.83867
      pc11 = 1.69999
      pc12 = 1.13623
      pc13 = -0.136645
      pc14 = 0.0274081
      pc15 = -0.0563677
      pc16 = 0.0220281
      pc17 = -0.127347
      pc18 = 0.0142773
Constrained:
   Tgbecnw = 81842
     Tecnw = 24258.5
       Tnw = 21868.6
       Tec = 11808.9
     twoNb = 1.59407e+06
     twoNe = 15559.8
     twoNc = 1.1406e+06
     twoNn = 2.01648e+06
     twoNw = 8.69902e+06
    twoNec = 122806
    twoNnw = 8747.66
  twoNecnw = 75677.6
  twoNbecnw = 3036.4
  twoNgbecnw = 259850
         m = 0.131197
        m3 = 0.190747
        m4 = 0.0262469
        m6 = 9.18238e-06
        Ta = 43504.5
        Tc = 10934.3
        Td = 5467.16
        Tf = 2733.58
#       SitePat  BranchLen
              b 125101.6698532
              e 49026.2891143
              c 50885.8126981
              n 45214.5467585
              w 47046.7068829
            b:e 2100.3345722
            b:c 2499.7509552
            b:n 1683.3139082
            b:w 1847.1463595
            e:c 10422.1826961
            e:n 5769.8527705
            e:w 4872.2816780
            c:n 5119.4970939
            c:w 4807.2646777
            n:w 12649.0738969
          b:e:c 2119.3037981
          b:e:n 1120.8559483
          b:e:w 1090.5539639
          b:c:n 1093.6559002
          b:c:w 1137.2118915
          b:n:w 2074.0855360
          e:c:n 4904.5230156
          e:c:w 4282.1664000
          e:n:w 6298.4479350
          c:n:w 5619.8021390
        b:e:c:n 2116.8434382
        b:e:c:w 1939.7569800
        b:e:n:w 3283.2737844
        b:c:n:w 2398.8939698
        e:c:n:w 52259.9852054
