########################################
# legofit: estimate population history #
#       version 2.3.4-4-g53f8760       #
########################################

# Program was compiled: Sep 21 2021 14:36:42
# Program was run: Fri Sep 24 06:58:09 2021

# cmd: legofit -1 -d 0 -t 32 --ptsPerDim 3 --stateOut b1boot21.state --tol 3e-6 -S 5000 acdf2.lgo ../../boot/boot21.opf
# Stage nOptItr nSimReps
#     0    5000        0
# algorithm          : deterministic
# ignoring probs <=  : 0
# Branch length floor: 0
# DE strategy        : 2
#    F               : 0.3
#    CR              : 0.8
#    tolerance       : 3e-06
# nthreads           : 32
# lgo input file     : acdf2.lgo
# site pat input file: ../../boot/boot21.opf
# free parameters    : 18
# points in DE swarm : 54
# output state file  : b1boot21.state
# Including singleton site patterns.
# cost function      : KL
Initial parameter values
Fixed:
      zero = 0
       one = 1
    Tbecnw = 75200
Free:
       pc1 = 0
       pc2 = 0
       pc3 = 0
       pc4 = 0
       pc5 = 0
       pc6 = 0
       pc7 = 0
       pc8 = 0
       pc9 = 0
      pc10 = 0
      pc11 = 0
      pc12 = 0
      pc13 = 0
      pc14 = 0
      pc15 = 0
      pc16 = 0
      pc17 = 0
      pc18 = 0
Constrained:
   Tgbecnw = 110439
     Tecnw = 25843.7
       Tnw = 22365.5
       Tec = 12790.9
     twoNb = 1.65438e+06
     twoNe = 29918.2
     twoNc = 466150
     twoNn = 1.32598e+06
     twoNw = 5.38288e+06
    twoNec = 130361
    twoNnw = 13035.8
  twoNecnw = 84784.6
  twoNbecnw = 15641.3
  twoNgbecnw = 223747
         m = 0.172255
        m3 = 0.195746
        m4 = 0.0257077
        m6 = 2.33066e-06
        Ta = 43995.5
        Tc = 11182.8
        Td = 5591.38
        Tf = 2795.69
DiffEv reached_goal. cost=1.73073e-03 spread=1.73658e-06
Fitted parameter values
Free:
       pc1 = -3.8465
       pc2 = -3.99632
       pc3 = 1.59933
       pc4 = -1.01261
       pc5 = 1.18753
       pc6 = 0.259838
       pc7 = -0.872915
       pc8 = 1.76657
       pc9 = 1.81684
      pc10 = -1.62813
      pc11 = 1.72232
      pc12 = 0.557709
      pc13 = -0.0290274
      pc14 = -0.0185928
      pc15 = 0.0915107
      pc16 = 0.0150956
      pc17 = -0.0800901
      pc18 = 0.00932374
Constrained:
   Tgbecnw = 85136.1
     Tecnw = 24106.5
       Tnw = 21620.7
       Tec = 11411.8
     twoNb = 2.26162e+06
     twoNe = 12972.1
     twoNc = 828544
     twoNn = 4.20439e+06
     twoNw = 4.26812e+06
    twoNec = 127163
    twoNnw = 9175.88
  twoNecnw = 77264
  twoNbecnw = 4584.16
  twoNgbecnw = 248946
         m = 0.138967
        m3 = 0.193094
        m4 = 0.0268853
        m6 = 9.16931e-06
        Ta = 43305.9
        Tc = 10810.4
        Td = 5405.18
        Tf = 2702.59
#       SitePat  BranchLen
              b 126306.3035928
              e 49410.6555501
              c 51270.4713087
              n 45543.0010675
              w 47334.3327266
            b:e 2133.1929509
            b:c 2525.6153226
            b:n 1712.5543904
            b:w 1872.7249817
            e:c 10543.4327640
            e:n 5823.3414896
            e:w 4979.7539621
            c:n 5232.2240745
            c:w 4892.4079219
            n:w 12807.8811863
          b:e:c 2138.3700702
          b:e:n 1136.9858763
          b:e:w 1111.5835071
          b:c:n 1113.4434081
          b:c:w 1151.5357844
          b:n:w 2095.3969780
          e:c:n 4965.6139766
          e:c:w 4357.6859977
          e:n:w 6386.9170900
          c:n:w 5708.4219455
        b:e:c:n 2140.7382212
        b:e:c:w 1967.8776229
        b:e:n:w 3341.3192248
        b:c:n:w 2429.6293746
        e:c:n:w 52739.8035132
