########################################
# legofit: estimate population history #
#       version 2.3.4-4-g53f8760       #
########################################

# Program was compiled: Sep 21 2021 14:36:42
# Program was run: Fri Sep 24 07:00:52 2021

# cmd: legofit -1 -d 0 -t 32 --ptsPerDim 3 --stateOut b1boot42.state --tol 3e-6 -S 5000 acdf2.lgo ../../boot/boot42.opf
# Stage nOptItr nSimReps
#     0    5000        0
# algorithm          : deterministic
# ignoring probs <=  : 0
# Branch length floor: 0
# DE strategy        : 2
#    F               : 0.3
#    CR              : 0.8
#    tolerance       : 3e-06
# nthreads           : 32
# lgo input file     : acdf2.lgo
# site pat input file: ../../boot/boot42.opf
# free parameters    : 18
# points in DE swarm : 54
# output state file  : b1boot42.state
# Including singleton site patterns.
# cost function      : KL
Initial parameter values
Fixed:
      zero = 0
       one = 1
    Tbecnw = 75200
Free:
       pc1 = 0
       pc2 = 0
       pc3 = 0
       pc4 = 0
       pc5 = 0
       pc6 = 0
       pc7 = 0
       pc8 = 0
       pc9 = 0
      pc10 = 0
      pc11 = 0
      pc12 = 0
      pc13 = 0
      pc14 = 0
      pc15 = 0
      pc16 = 0
      pc17 = 0
      pc18 = 0
Constrained:
   Tgbecnw = 110439
     Tecnw = 25843.7
       Tnw = 22365.5
       Tec = 12790.9
     twoNb = 1.65438e+06
     twoNe = 29918.2
     twoNc = 466150
     twoNn = 1.32598e+06
     twoNw = 5.38288e+06
    twoNec = 130361
    twoNnw = 13035.8
  twoNecnw = 84784.6
  twoNbecnw = 15641.3
  twoNgbecnw = 223747
         m = 0.172255
        m3 = 0.195746
        m4 = 0.0257077
        m6 = 2.33066e-06
        Ta = 43995.5
        Tc = 11182.8
        Td = 5591.38
        Tf = 2795.69
DiffEv reached_goal. cost=1.73244e-03 spread=2.54205e-06
Fitted parameter values
Free:
       pc1 = -3.72924
       pc2 = -3.84914
       pc3 = 1.43344
       pc4 = 0.443712
       pc5 = 1.42077
       pc6 = -0.283754
       pc7 = -0.0299665
       pc8 = 1.42426
       pc9 = 1.82637
      pc10 = -1.81397
      pc11 = -0.147005
      pc12 = 0.391833
      pc13 = 0.159207
      pc14 = -0.00305424
      pc15 = -0.0196814
      pc16 = 0.0613491
      pc17 = -0.0213489
      pc18 = 0.0123219
Constrained:
   Tgbecnw = 83855.2
     Tecnw = 24379
       Tnw = 20995.2
       Tec = 12019.2
     twoNb = 2.22308e+06
     twoNe = 31048.1
     twoNc = 754405
     twoNn = 3.73991e+06
     twoNw = 7.21465e+06
    twoNec = 120086
    twoNnw = 12533.5
  twoNecnw = 74925.4
  twoNbecnw = 3891.05
  twoNgbecnw = 263438
         m = 0.126677
        m3 = 0.195576
        m4 = 0.0258687
        m6 = 6.61829e-06
        Ta = 43609.6
        Tc = 10497.6
        Td = 5248.8
        Tf = 2624.4
#       SitePat  BranchLen
              b 124989.8584556
              e 48983.2607263
              c 50798.9248175
              n 45223.7093433
              w 47061.7814935
            b:e 2077.0209400
            b:c 2443.0400582
            b:n 1677.0083601
            b:w 1841.0681941
            e:c 10435.1934588
            e:n 5755.8418647
            e:w 4887.1496261
            c:n 5152.6111681
            c:w 4812.7170929
            n:w 12633.8739066
          b:e:c 2090.9968636
          b:e:n 1110.6866664
          b:e:w 1084.1457877
          b:c:n 1086.2763658
          b:c:w 1125.6747881
          b:n:w 2049.7898344
          e:c:n 4943.8649990
          e:c:w 4314.3791626
          e:n:w 6259.3987920
          c:n:w 5609.7885558
        b:e:c:n 2101.7220312
        b:e:c:w 1924.8046536
        b:e:n:w 3235.4225358
        b:c:n:w 2363.8936845
        e:c:n:w 51997.5215193
