########################################
# legofit: estimate population history #
#       version 2.3.4-4-g53f8760       #
########################################

# Program was compiled: Sep 21 2021 14:36:42
# Program was run: Fri Sep 24 06:57:15 2021

# cmd: legofit -1 -d 0 -t 32 --ptsPerDim 3 --stateOut b1boot14.state --tol 3e-6 -S 5000 acdf2.lgo ../../boot/boot14.opf
# Stage nOptItr nSimReps
#     0    5000        0
# algorithm          : deterministic
# ignoring probs <=  : 0
# Branch length floor: 0
# DE strategy        : 2
#    F               : 0.3
#    CR              : 0.8
#    tolerance       : 3e-06
# nthreads           : 32
# lgo input file     : acdf2.lgo
# site pat input file: ../../boot/boot14.opf
# free parameters    : 18
# points in DE swarm : 54
# output state file  : b1boot14.state
# Including singleton site patterns.
# cost function      : KL
Initial parameter values
Fixed:
      zero = 0
       one = 1
    Tbecnw = 75200
Free:
       pc1 = 0
       pc2 = 0
       pc3 = 0
       pc4 = 0
       pc5 = 0
       pc6 = 0
       pc7 = 0
       pc8 = 0
       pc9 = 0
      pc10 = 0
      pc11 = 0
      pc12 = 0
      pc13 = 0
      pc14 = 0
      pc15 = 0
      pc16 = 0
      pc17 = 0
      pc18 = 0
Constrained:
   Tgbecnw = 110439
     Tecnw = 25843.7
       Tnw = 22365.5
       Tec = 12790.9
     twoNb = 1.65438e+06
     twoNe = 29918.2
     twoNc = 466150
     twoNn = 1.32598e+06
     twoNw = 5.38288e+06
    twoNec = 130361
    twoNnw = 13035.8
  twoNecnw = 84784.6
  twoNbecnw = 15641.3
  twoNgbecnw = 223747
         m = 0.172255
        m3 = 0.195746
        m4 = 0.0257077
        m6 = 2.33066e-06
        Ta = 43995.5
        Tc = 11182.8
        Td = 5591.38
        Tf = 2795.69
DiffEv reached_goal. cost=1.71656e-03 spread=2.99759e-06
Fitted parameter values
Free:
       pc1 = -3.94474
       pc2 = -3.98028
       pc3 = -0.236803
       pc4 = 1.5077
       pc5 = 1.91722
       pc6 = 0.48644
       pc7 = 0.666317
       pc8 = 1.75597
       pc9 = 1.42312
      pc10 = -0.620506
      pc11 = 0.882998
      pc12 = -0.0375413
      pc13 = 0.0919822
      pc14 = -0.00610593
      pc15 = 0.0553582
      pc16 = -0.0543373
      pc17 = -0.0114086
      pc18 = -0.00596599
Constrained:
   Tgbecnw = 84187.5
     Tecnw = 24010.9
       Tnw = 21366
       Tec = 11632.7
     twoNb = 1.4986e+06
     twoNe = 20590.2
     twoNc = 896398
     twoNn = 1.41888e+06
     twoNw = 6.87517e+06
    twoNec = 123127
    twoNnw = 9505.08
  twoNecnw = 76987.3
  twoNbecnw = 3929
  twoNgbecnw = 280698
         m = 0.120289
        m3 = 0.205976
        m4 = 0.0257027
        m6 = 8.1667e-06
        Ta = 43416.4
        Tc = 10683
        Td = 5341.51
        Tf = 2670.75
#       SitePat  BranchLen
              b 125408.0770974
              e 49134.3625569
              c 50931.2431539
              n 45186.5063880
              w 47090.0556556
            b:e 2117.7695527
            b:c 2498.9434372
            b:n 1692.6870263
            b:w 1863.4062462
            e:c 10470.6212955
            e:n 5815.7910215
            e:w 4922.6041780
            c:n 5212.4384955
            c:w 4848.8823341
            n:w 12765.3368899
          b:e:c 2130.1170393
          b:e:n 1129.5501484
          b:e:w 1103.0693166
          b:c:n 1105.7851250
          b:c:w 1146.2140550
          b:n:w 2084.1806663
          e:c:n 4938.3861004
          e:c:w 4291.5798376
          e:n:w 6301.0253406
          c:n:w 5654.8860945
        b:e:c:n 2137.5604570
        b:e:c:w 1952.8931387
        b:e:n:w 3295.4171728
        b:c:n:w 2421.1962297
        e:c:n:w 52346.1199154
