########################################
# legofit: estimate population history #
#       version 2.3.4-4-g53f8760       #
########################################

# Program was compiled: Sep 21 2021 14:36:42
# Program was run: Fri Sep 24 06:55:31 2021

# cmd: legofit -1 -d 0 -t 32 --ptsPerDim 3 --stateOut b1boot0.state --tol 3e-6 -S 5000 acdf2.lgo ../../boot/boot0.opf
# Stage nOptItr nSimReps
#     0    5000        0
# algorithm          : deterministic
# ignoring probs <=  : 0
# Branch length floor: 0
# DE strategy        : 2
#    F               : 0.3
#    CR              : 0.8
#    tolerance       : 3e-06
# nthreads           : 32
# lgo input file     : acdf2.lgo
# site pat input file: ../../boot/boot0.opf
# free parameters    : 18
# points in DE swarm : 54
# output state file  : b1boot0.state
# Including singleton site patterns.
# cost function      : KL
Initial parameter values
Fixed:
      zero = 0
       one = 1
    Tbecnw = 75200
Free:
       pc1 = 0
       pc2 = 0
       pc3 = 0
       pc4 = 0
       pc5 = 0
       pc6 = 0
       pc7 = 0
       pc8 = 0
       pc9 = 0
      pc10 = 0
      pc11 = 0
      pc12 = 0
      pc13 = 0
      pc14 = 0
      pc15 = 0
      pc16 = 0
      pc17 = 0
      pc18 = 0
Constrained:
   Tgbecnw = 110439
     Tecnw = 25843.7
       Tnw = 22365.5
       Tec = 12790.9
     twoNb = 1.65438e+06
     twoNe = 29918.2
     twoNc = 466150
     twoNn = 1.32598e+06
     twoNw = 5.38288e+06
    twoNec = 130361
    twoNnw = 13035.8
  twoNecnw = 84784.6
  twoNbecnw = 15641.3
  twoNgbecnw = 223747
         m = 0.172255
        m3 = 0.195746
        m4 = 0.0257077
        m6 = 2.33066e-06
        Ta = 43995.5
        Tc = 11182.8
        Td = 5591.38
        Tf = 2795.69
DiffEv reached_goal. cost=1.73171e-03 spread=2.89668e-06
Fitted parameter values
Free:
       pc1 = -3.88217
       pc2 = -3.91659
       pc3 = 0.858825
       pc4 = -0.428121
       pc5 = 1.95049
       pc6 = 1.09068
       pc7 = 1.41108
       pc8 = 1.46904
       pc9 = 1.92806
      pc10 = -0.806808
      pc11 = 1.59113
      pc12 = 0.60061
      pc13 = 0.0540379
      pc14 = 0.0452847
      pc15 = -0.00392894
      pc16 = 0.0162344
      pc17 = -0.0633462
      pc18 = 0.0037756
Constrained:
   Tgbecnw = 82126
     Tecnw = 24003.5
       Tnw = 21208.9
       Tec = 11549.5
     twoNb = 2.03868e+06
     twoNe = 17361.5
     twoNc = 624679
     twoNn = 782845
     twoNw = 4.31778e+06
    twoNec = 122771
    twoNnw = 10435.3
  twoNecnw = 77053.2
  twoNbecnw = 3159.27
  twoNgbecnw = 259362
         m = 0.132218
        m3 = 0.192357
        m4 = 0.0264688
        m6 = 9.39726e-06
        Ta = 43374.7
        Tc = 10604.5
        Td = 5302.23
        Tf = 2651.12
#       SitePat  BranchLen
              b 125198.6825022
              e 49044.6419291
              c 50925.6521647
              n 45278.8690078
              w 47129.8707919
            b:e 2102.5409643
            b:c 2489.2040496
            b:n 1696.7401720
            b:w 1861.5755446
            e:c 10466.1058893
            e:n 5823.3790326
            e:w 4922.4686484
            c:n 5176.7003130
            c:w 4853.1536151
            n:w 12677.3656237
          b:e:c 2118.2272197
          b:e:n 1130.3975376
          b:e:w 1100.8230393
          b:c:n 1103.2460020
          b:c:w 1146.2961241
          b:n:w 2074.5399813
          e:c:n 4932.4617245
          e:c:w 4305.9170224
          e:n:w 6277.7058213
          c:n:w 5606.1985447
        b:e:c:n 2136.6511500
        b:e:c:w 1958.3401536
        b:e:n:w 3303.8995163
        b:c:n:w 2405.4052216
        e:c:n:w 52203.0099838
