########################################
# legofit: estimate population history #
#       version 2.3.4-4-g53f8760       #
########################################

# Program was compiled: Sep 21 2021 14:36:42
# Program was run: Fri Sep 24 06:55:36 2021

# cmd: legofit -1 -d 0 -t 32 --ptsPerDim 3 --stateOut b1boot2.state --tol 3e-6 -S 5000 acdf2.lgo ../../boot/boot2.opf
# Stage nOptItr nSimReps
#     0    5000        0
# algorithm          : deterministic
# ignoring probs <=  : 0
# Branch length floor: 0
# DE strategy        : 2
#    F               : 0.3
#    CR              : 0.8
#    tolerance       : 3e-06
# nthreads           : 32
# lgo input file     : acdf2.lgo
# site pat input file: ../../boot/boot2.opf
# free parameters    : 18
# points in DE swarm : 54
# output state file  : b1boot2.state
# Including singleton site patterns.
# cost function      : KL
Initial parameter values
Fixed:
      zero = 0
       one = 1
    Tbecnw = 75200
Free:
       pc1 = 0
       pc2 = 0
       pc3 = 0
       pc4 = 0
       pc5 = 0
       pc6 = 0
       pc7 = 0
       pc8 = 0
       pc9 = 0
      pc10 = 0
      pc11 = 0
      pc12 = 0
      pc13 = 0
      pc14 = 0
      pc15 = 0
      pc16 = 0
      pc17 = 0
      pc18 = 0
Constrained:
   Tgbecnw = 110439
     Tecnw = 25843.7
       Tnw = 22365.5
       Tec = 12790.9
     twoNb = 1.65438e+06
     twoNe = 29918.2
     twoNc = 466150
     twoNn = 1.32598e+06
     twoNw = 5.38288e+06
    twoNec = 130361
    twoNnw = 13035.8
  twoNecnw = 84784.6
  twoNbecnw = 15641.3
  twoNgbecnw = 223747
         m = 0.172255
        m3 = 0.195746
        m4 = 0.0257077
        m6 = 2.33066e-06
        Ta = 43995.5
        Tc = 11182.8
        Td = 5591.38
        Tf = 2795.69
DiffEv reached_goal. cost=1.74362e-03 spread=2.80797e-06
Fitted parameter values
Free:
       pc1 = -3.95879
       pc2 = -3.95582
       pc3 = 0.993489
       pc4 = -0.214024
       pc5 = 1.90732
       pc6 = 1.17556
       pc7 = 1.09465
       pc8 = 1.92039
       pc9 = 1.71698
      pc10 = -1.55523
      pc11 = -0.237418
      pc12 = 0.61339
      pc13 = -0.0977406
      pc14 = 0.0349431
      pc15 = -0.048602
      pc16 = -0.0110922
      pc17 = -0.0033088
      pc18 = -0.0080564
Constrained:
   Tgbecnw = 82509.5
     Tecnw = 24214.2
       Tnw = 21129.2
       Tec = 11785.7
     twoNb = 2.55948e+06
     twoNe = 20532.5
     twoNc = 840494
     twoNn = 1.48185e+06
     twoNw = 5.59024e+06
    twoNec = 121724
    twoNnw = 11490.6
  twoNecnw = 74865.4
  twoNbecnw = 3206.87
  twoNgbecnw = 283566
         m = 0.116025
        m3 = 0.192411
        m4 = 0.0258417
        m6 = 7.62635e-06
        Ta = 43492.8
        Tc = 10564.6
        Td = 5282.29
        Tf = 2641.15
#       SitePat  BranchLen
              b 124480.9621069
              e 48762.0141794
              c 50658.7281033
              n 45034.3600436
              w 46909.5824557
            b:e 2090.0730164
            b:c 2445.5417218
            b:n 1686.7493675
            b:w 1854.5606900
            e:c 10391.8140497
            e:n 5803.5687449
            e:w 4874.3846936
            c:n 5126.8574269
            c:w 4819.1059482
            n:w 12572.7542208
          b:e:c 2105.9423930
          b:e:n 1123.8804023
          b:e:w 1091.4771298
          b:c:n 1093.9829631
          b:c:w 1139.8332256
          b:n:w 2063.1357939
          e:c:n 4936.2195704
          e:c:w 4297.9326883
          e:n:w 6246.1473694
          c:n:w 5592.1739197
        b:e:c:n 2122.8800283
        b:e:c:w 1941.6217158
        b:e:n:w 3269.9242459
        b:c:n:w 2385.2461306
        e:c:n:w 51837.9310464
