########################################
# legofit: estimate population history #
#       version 2.3.4-4-g53f8760       #
########################################

# Program was compiled: Sep 21 2021 14:36:42
# Program was run: Fri Sep 24 06:58:04 2021

# cmd: legofit -1 -d 0 -t 32 --ptsPerDim 3 --stateOut b1boot20.state --tol 3e-6 -S 5000 acdf2.lgo ../../boot/boot20.opf
# Stage nOptItr nSimReps
#     0    5000        0
# algorithm          : deterministic
# ignoring probs <=  : 0
# Branch length floor: 0
# DE strategy        : 2
#    F               : 0.3
#    CR              : 0.8
#    tolerance       : 3e-06
# nthreads           : 32
# lgo input file     : acdf2.lgo
# site pat input file: ../../boot/boot20.opf
# free parameters    : 18
# points in DE swarm : 54
# output state file  : b1boot20.state
# Including singleton site patterns.
# cost function      : KL
Initial parameter values
Fixed:
      zero = 0
       one = 1
    Tbecnw = 75200
Free:
       pc1 = 0
       pc2 = 0
       pc3 = 0
       pc4 = 0
       pc5 = 0
       pc6 = 0
       pc7 = 0
       pc8 = 0
       pc9 = 0
      pc10 = 0
      pc11 = 0
      pc12 = 0
      pc13 = 0
      pc14 = 0
      pc15 = 0
      pc16 = 0
      pc17 = 0
      pc18 = 0
Constrained:
   Tgbecnw = 110439
     Tecnw = 25843.7
       Tnw = 22365.5
       Tec = 12790.9
     twoNb = 1.65438e+06
     twoNe = 29918.2
     twoNc = 466150
     twoNn = 1.32598e+06
     twoNw = 5.38288e+06
    twoNec = 130361
    twoNnw = 13035.8
  twoNecnw = 84784.6
  twoNbecnw = 15641.3
  twoNgbecnw = 223747
         m = 0.172255
        m3 = 0.195746
        m4 = 0.0257077
        m6 = 2.33066e-06
        Ta = 43995.5
        Tc = 11182.8
        Td = 5591.38
        Tf = 2795.69
DiffEv reached_goal. cost=1.72737e-03 spread=2.38143e-06
Fitted parameter values
Free:
       pc1 = -3.97793
       pc2 = -3.96381
       pc3 = 0.692547
       pc4 = -0.610852
       pc5 = 1.99837
       pc6 = -0.216668
       pc7 = 0.278217
       pc8 = 1.7548
       pc9 = 1.62557
      pc10 = -1.42557
      pc11 = 1.17924
      pc12 = 0.440613
      pc13 = 0.00642527
      pc14 = 0.00256154
      pc15 = 0.0658691
      pc16 = -0.0183981
      pc17 = -0.0617339
      pc18 = -0.0058507
Constrained:
   Tgbecnw = 83141.1
     Tecnw = 23984.5
       Tnw = 21448.5
       Tec = 11399.1
     twoNb = 1.90872e+06
     twoNe = 11715.9
     twoNc = 703725
     twoNn = 3.00946e+06
     twoNw = 4.68838e+06
    twoNec = 126262
    twoNnw = 9508.93
  twoNecnw = 76059.8
  twoNbecnw = 3550.38
  twoNgbecnw = 267717
         m = 0.125762
        m3 = 0.190176
        m4 = 0.0262866
        m6 = 7.11851e-06
        Ta = 43299.5
        Tc = 10724.3
        Td = 5362.13
        Tf = 2681.07
#       SitePat  BranchLen
              b 124993.9231135
              e 48899.9068677
              c 50791.8244993
              n 45150.9578968
              w 46977.1610411
            b:e 2084.8592121
            b:c 2467.0318238
            b:n 1680.1401272
            b:w 1841.1850134
            e:c 10398.6804273
            e:n 5827.7968850
            e:w 4923.2217445
            c:n 5163.7336886
            c:w 4859.0179164
            n:w 12596.7377717
          b:e:c 2091.5412539
          b:e:n 1120.5285429
          b:e:w 1089.5727827
          b:c:n 1092.4219923
          b:c:w 1136.3280279
          b:n:w 2048.2500697
          e:c:n 4923.3594317
          e:c:w 4306.4472002
          e:n:w 6289.0680980
          c:n:w 5616.8268825
        b:e:c:n 2108.2334020
        b:e:c:w 1934.2382405
        b:e:n:w 3271.6304055
        b:c:n:w 2379.3993000
        e:c:n:w 52070.1992211
