########################################
# legofit: estimate population history #
#       version 2.3.4-4-g53f8760       #
########################################

# Program was compiled: Sep 21 2021 14:36:42
# Program was run: Fri Sep 24 06:56:49 2021

# cmd: legofit -1 -d 0 -t 32 --ptsPerDim 3 --stateOut b1boot11.state --tol 3e-6 -S 5000 acdf2.lgo ../../boot/boot11.opf
# Stage nOptItr nSimReps
#     0    5000        0
# algorithm          : deterministic
# ignoring probs <=  : 0
# Branch length floor: 0
# DE strategy        : 2
#    F               : 0.3
#    CR              : 0.8
#    tolerance       : 3e-06
# nthreads           : 32
# lgo input file     : acdf2.lgo
# site pat input file: ../../boot/boot11.opf
# free parameters    : 18
# points in DE swarm : 54
# output state file  : b1boot11.state
# Including singleton site patterns.
# cost function      : KL
Initial parameter values
Fixed:
      zero = 0
       one = 1
    Tbecnw = 75200
Free:
       pc1 = 0
       pc2 = 0
       pc3 = 0
       pc4 = 0
       pc5 = 0
       pc6 = 0
       pc7 = 0
       pc8 = 0
       pc9 = 0
      pc10 = 0
      pc11 = 0
      pc12 = 0
      pc13 = 0
      pc14 = 0
      pc15 = 0
      pc16 = 0
      pc17 = 0
      pc18 = 0
Constrained:
   Tgbecnw = 110439
     Tecnw = 25843.7
       Tnw = 22365.5
       Tec = 12790.9
     twoNb = 1.65438e+06
     twoNe = 29918.2
     twoNc = 466150
     twoNn = 1.32598e+06
     twoNw = 5.38288e+06
    twoNec = 130361
    twoNnw = 13035.8
  twoNecnw = 84784.6
  twoNbecnw = 15641.3
  twoNgbecnw = 223747
         m = 0.172255
        m3 = 0.195746
        m4 = 0.0257077
        m6 = 2.33066e-06
        Ta = 43995.5
        Tc = 11182.8
        Td = 5591.38
        Tf = 2795.69
DiffEv reached_goal. cost=1.75597e-03 spread=2.16221e-06
Fitted parameter values
Free:
       pc1 = -3.91703
       pc2 = -3.19757
       pc3 = 0.39626
       pc4 = 0.50303
       pc5 = 1.14902
       pc6 = -0.262306
       pc7 = 0.53101
       pc8 = 1.44046
       pc9 = 1.81251
      pc10 = -1.40357
      pc11 = 1.72126
      pc12 = 0.386969
      pc13 = 0.0391581
      pc14 = -0.0311786
      pc15 = 0.0487698
      pc16 = -0.0313835
      pc17 = -0.0683014
      pc18 = -0.0222237
Constrained:
   Tgbecnw = 86096
     Tecnw = 24330.4
       Tnw = 21333.5
       Tec = 11428.5
     twoNb = 1.53451e+06
     twoNe = 15279.3
     twoNc = 569445
     twoNn = 2.68878e+06
     twoNw = 6.74157e+06
    twoNec = 129812
    twoNnw = 11292.7
  twoNecnw = 76574.2
  twoNbecnw = 4909.42
  twoNgbecnw = 260915
         m = 0.12988
        m3 = 0.194484
        m4 = 0.0262289
        m6 = 9.81782e-06
        Ta = 43314.2
        Tc = 10666.7
        Td = 5333.36
        Tf = 2666.68
#       SitePat  BranchLen
              b 126036.2590653
              e 49435.6515375
              c 51271.7025304
              n 45665.5826284
              w 47490.3675426
            b:e 2133.1682806
            b:c 2532.2499023
            b:n 1723.6163931
            b:w 1886.9862100
            e:c 10485.7310580
            e:n 5861.8840186
            e:w 4986.6985416
            c:n 5242.0865948
            c:w 4910.0107538
            n:w 12689.8279409
          b:e:c 2132.8101238
          b:e:n 1146.1745052
          b:e:w 1118.4162420
          b:c:n 1121.2333239
          b:c:w 1161.9486264
          b:n:w 2089.6453131
          e:c:n 4989.3207587
          e:c:w 4371.7971625
          e:n:w 6354.6746566
          c:n:w 5682.3811354
        b:e:c:n 2156.7502137
        b:e:c:w 1980.4233576
        b:e:n:w 3315.2684902
        b:c:n:w 2430.3229738
        e:c:n:w 52496.5045061
