########################################
# legofit: estimate population history #
#       version 2.3.4-4-g53f8760       #
########################################

# Program was compiled: Sep 21 2021 14:36:42
# Program was run: Fri Sep 24 06:56:22 2021

# cmd: legofit -1 -d 0 -t 32 --ptsPerDim 3 --stateOut b1boot9.state --tol 3e-6 -S 5000 acdf2.lgo ../../boot/boot9.opf
# Stage nOptItr nSimReps
#     0    5000        0
# algorithm          : deterministic
# ignoring probs <=  : 0
# Branch length floor: 0
# DE strategy        : 2
#    F               : 0.3
#    CR              : 0.8
#    tolerance       : 3e-06
# nthreads           : 32
# lgo input file     : acdf2.lgo
# site pat input file: ../../boot/boot9.opf
# free parameters    : 18
# points in DE swarm : 54
# output state file  : b1boot9.state
# Including singleton site patterns.
# cost function      : KL
Initial parameter values
Fixed:
      zero = 0
       one = 1
    Tbecnw = 75200
Free:
       pc1 = 0
       pc2 = 0
       pc3 = 0
       pc4 = 0
       pc5 = 0
       pc6 = 0
       pc7 = 0
       pc8 = 0
       pc9 = 0
      pc10 = 0
      pc11 = 0
      pc12 = 0
      pc13 = 0
      pc14 = 0
      pc15 = 0
      pc16 = 0
      pc17 = 0
      pc18 = 0
Constrained:
   Tgbecnw = 110439
     Tecnw = 25843.7
       Tnw = 22365.5
       Tec = 12790.9
     twoNb = 1.65438e+06
     twoNe = 29918.2
     twoNc = 466150
     twoNn = 1.32598e+06
     twoNw = 5.38288e+06
    twoNec = 130361
    twoNnw = 13035.8
  twoNecnw = 84784.6
  twoNbecnw = 15641.3
  twoNgbecnw = 223747
         m = 0.172255
        m3 = 0.195746
        m4 = 0.0257077
        m6 = 2.33066e-06
        Ta = 43995.5
        Tc = 11182.8
        Td = 5591.38
        Tf = 2795.69
DiffEv reached_goal. cost=1.73420e-03 spread=2.66237e-06
Fitted parameter values
Free:
       pc1 = -3.74277
       pc2 = -3.03154
       pc3 = 0.250033
       pc4 = 1.2231
       pc5 = 1.87223
       pc6 = -0.0743146
       pc7 = 0.262047
       pc8 = 1.9997
       pc9 = 1.67586
      pc10 = 0.257349
      pc11 = 0.43975
      pc12 = 0.15368
      pc13 = 0.287911
      pc14 = 0.0945327
      pc15 = 0.0307438
      pc16 = -0.000681744
      pc17 = -0.0881771
      pc18 = -0.00144697
Constrained:
   Tgbecnw = 84346
     Tecnw = 24459
       Tnw = 21163
       Tec = 11370.9
     twoNb = 1.54523e+06
     twoNe = 15556.9
     twoNc = 798757
     twoNn = 1.91363e+06
     twoNw = 5.17704e+06
    twoNec = 129708
    twoNnw = 11823.9
  twoNecnw = 77236.9
  twoNbecnw = 4213.77
  twoNgbecnw = 250040
         m = 0.139081
        m3 = 0.208591
        m4 = 0.0254237
        m6 = 6.59893e-06
        Ta = 43285.5
        Tc = 10581.5
        Td = 5290.75
        Tf = 2645.38
#       SitePat  BranchLen
              b 126150.3983154
              e 49491.8305815
              c 51315.4742554
              n 45517.3430941
              w 47508.3551026
            b:e 2125.0261127
            b:c 2523.3519347
            b:n 1699.1634897
            b:w 1876.3796040
            e:c 10505.7770502
            e:n 5871.2314564
            e:w 4914.9291083
            c:n 5219.1160989
            c:w 4855.1195616
            n:w 12815.1744702
          b:e:c 2135.6421179
          b:e:n 1136.7701529
          b:e:w 1106.7879990
          b:c:n 1108.6345667
          b:c:w 1152.9016362
          b:n:w 2091.2660561
          e:c:n 4967.6113425
          e:c:w 4296.8982195
          e:n:w 6324.2515824
          c:n:w 5657.8012963
        b:e:c:n 2148.6899892
        b:e:c:w 1957.1889592
        b:e:n:w 3287.1539127
        b:c:n:w 2425.5810763
        e:c:n:w 52655.1478182
