########################################
# legofit: estimate population history #
#       version 2.3.4-4-g53f8760       #
########################################

# Program was compiled: Sep 21 2021 14:36:42
# Program was run: Fri Sep 24 06:59:26 2021

# cmd: legofit -1 -d 0 -t 32 --ptsPerDim 3 --stateOut b1boot31.state --tol 3e-6 -S 5000 acdf2.lgo ../../boot/boot31.opf
# Stage nOptItr nSimReps
#     0    5000        0
# algorithm          : deterministic
# ignoring probs <=  : 0
# Branch length floor: 0
# DE strategy        : 2
#    F               : 0.3
#    CR              : 0.8
#    tolerance       : 3e-06
# nthreads           : 32
# lgo input file     : acdf2.lgo
# site pat input file: ../../boot/boot31.opf
# free parameters    : 18
# points in DE swarm : 54
# output state file  : b1boot31.state
# Including singleton site patterns.
# cost function      : KL
Initial parameter values
Fixed:
      zero = 0
       one = 1
    Tbecnw = 75200
Free:
       pc1 = 0
       pc2 = 0
       pc3 = 0
       pc4 = 0
       pc5 = 0
       pc6 = 0
       pc7 = 0
       pc8 = 0
       pc9 = 0
      pc10 = 0
      pc11 = 0
      pc12 = 0
      pc13 = 0
      pc14 = 0
      pc15 = 0
      pc16 = 0
      pc17 = 0
      pc18 = 0
Constrained:
   Tgbecnw = 110439
     Tecnw = 25843.7
       Tnw = 22365.5
       Tec = 12790.9
     twoNb = 1.65438e+06
     twoNe = 29918.2
     twoNc = 466150
     twoNn = 1.32598e+06
     twoNw = 5.38288e+06
    twoNec = 130361
    twoNnw = 13035.8
  twoNecnw = 84784.6
  twoNbecnw = 15641.3
  twoNgbecnw = 223747
         m = 0.172255
        m3 = 0.195746
        m4 = 0.0257077
        m6 = 2.33066e-06
        Ta = 43995.5
        Tc = 11182.8
        Td = 5591.38
        Tf = 2795.69
DiffEv reached_goal. cost=1.72790e-03 spread=2.54319e-06
Fitted parameter values
Free:
       pc1 = -3.95936
       pc2 = -3.87024
       pc3 = 0.763004
       pc4 = 0.0279212
       pc5 = 1.98544
       pc6 = 0.965362
       pc7 = 1.30801
       pc8 = 1.59303
       pc9 = 1.85922
      pc10 = -1.08448
      pc11 = 1.18722
      pc12 = 0.123946
      pc13 = 0.256276
      pc14 = -0.0945975
      pc15 = 0.0770584
      pc16 = -0.0362579
      pc17 = -0.0481669
      pc18 = -0.0139163
Constrained:
   Tgbecnw = 83183
     Tecnw = 23860.4
       Tnw = 20883.8
       Tec = 11406.7
     twoNb = 2.03482e+06
     twoNe = 21079.6
     twoNc = 674646
     twoNn = 1.07838e+06
     twoNw = 5.48498e+06
    twoNec = 125167
    twoNnw = 11195.8
  twoNecnw = 77031.9
  twoNbecnw = 3593.95
  twoNgbecnw = 265472
         m = 0.12731
        m3 = 0.194448
        m4 = 0.0261684
        m6 = 8.98192e-06
        Ta = 43303.4
        Tc = 10441.9
        Td = 5220.95
        Tf = 2610.47
#       SitePat  BranchLen
              b 125130.9556461
              e 49059.9788688
              c 50865.9324410
              n 45264.2631010
              w 47048.8622582
            b:e 2113.0731667
            b:c 2486.2783004
            b:n 1706.6384926
            b:w 1866.0989585
            e:c 10451.1201646
            e:n 5810.0883767
            e:w 4971.1517311
            c:n 5227.8521199
            c:w 4887.1586999
            n:w 12684.5390887
          b:e:c 2116.9991125
          b:e:n 1134.5232976
          b:e:w 1109.6434679
          b:c:n 1112.0854969
          b:c:w 1149.9297634
          b:n:w 2073.6159672
          e:c:n 4942.3727067
          e:c:w 4337.4036151
          e:n:w 6290.6440879
          c:n:w 5643.0000702
        b:e:c:n 2140.0783302
        b:e:c:w 1967.6534275
        b:e:n:w 3298.1635291
        b:c:n:w 2415.0292179
        e:c:n:w 52077.8727083
