########################################
# legofit: estimate population history #
#       version 2.3.4-4-g53f8760       #
########################################

# Program was compiled: Sep 21 2021 14:36:42
# Program was run: Fri Sep 24 07:07:01 2021

# cmd: legofit -1 -d 0 -t 32 --ptsPerDim 3 --stateOut b1boot48.state --tol 3e-6 -S 5000 acdf2.lgo ../../boot/boot48.opf
# Stage nOptItr nSimReps
#     0    5000        0
# algorithm          : deterministic
# ignoring probs <=  : 0
# Branch length floor: 0
# DE strategy        : 2
#    F               : 0.3
#    CR              : 0.8
#    tolerance       : 3e-06
# nthreads           : 32
# lgo input file     : acdf2.lgo
# site pat input file: ../../boot/boot48.opf
# free parameters    : 18
# points in DE swarm : 54
# output state file  : b1boot48.state
# Including singleton site patterns.
# cost function      : KL
Initial parameter values
Fixed:
      zero = 0
       one = 1
    Tbecnw = 75200
Free:
       pc1 = 0
       pc2 = 0
       pc3 = 0
       pc4 = 0
       pc5 = 0
       pc6 = 0
       pc7 = 0
       pc8 = 0
       pc9 = 0
      pc10 = 0
      pc11 = 0
      pc12 = 0
      pc13 = 0
      pc14 = 0
      pc15 = 0
      pc16 = 0
      pc17 = 0
      pc18 = 0
Constrained:
   Tgbecnw = 110439
     Tecnw = 25843.7
       Tnw = 22365.5
       Tec = 12790.9
     twoNb = 1.65438e+06
     twoNe = 29918.2
     twoNc = 466150
     twoNn = 1.32598e+06
     twoNw = 5.38288e+06
    twoNec = 130361
    twoNnw = 13035.8
  twoNecnw = 84784.6
  twoNbecnw = 15641.3
  twoNgbecnw = 223747
         m = 0.172255
        m3 = 0.195746
        m4 = 0.0257077
        m6 = 2.33066e-06
        Ta = 43995.5
        Tc = 11182.8
        Td = 5591.38
        Tf = 2795.69
DiffEv reached_goal. cost=1.75067e-03 spread=2.86466e-06
Fitted parameter values
Free:
       pc1 = -3.89446
       pc2 = -3.90463
       pc3 = 0.993556
       pc4 = -1.50244
       pc5 = 1.4592
       pc6 = 0.365643
       pc7 = 0.184325
       pc8 = 1.68042
       pc9 = 1.5448
      pc10 = -0.389648
      pc11 = 1.75152
      pc12 = 0.4664
      pc13 = -0.00875311
      pc14 = 0.043455
      pc15 = 0.0679661
      pc16 = -0.00542638
      pc17 = -0.0578428
      pc18 = -0.00515248
Constrained:
   Tgbecnw = 84979.3
     Tecnw = 24095.5
       Tnw = 21368
       Tec = 11353.3
     twoNb = 1.97991e+06
     twoNe = 11982.6
     twoNc = 734530
     twoNn = 2.52702e+06
     twoNw = 1.33274e+06
    twoNec = 127144
    twoNnw = 10248.8
  twoNecnw = 77409.1
  twoNbecnw = 4462.39
  twoNgbecnw = 253862
         m = 0.135401
        m3 = 0.192403
        m4 = 0.0267488
        m6 = 8.26122e-06
        Ta = 43276.6
        Tc = 10684
        Td = 5342
        Tf = 2671
#       SitePat  BranchLen
              b 125990.0787381
              e 49305.4377725
              c 51224.2841279
              n 45532.5369872
              w 47395.6556315
            b:e 2117.6047032
            b:c 2515.0681782
            b:n 1709.7194230
            b:w 1874.9405157
            e:c 10511.4782946
            e:n 5889.6991660
            e:w 4974.1600476
            c:n 5223.9330995
            c:w 4905.2330822
            n:w 12724.4744308
          b:e:c 2123.5547490
          b:e:n 1139.7570018
          b:e:w 1108.9295441
          b:c:n 1111.1635579
          b:c:w 1155.1977317
          b:n:w 2080.9243424
          e:c:n 4978.3041514
          e:c:w 4349.4246430
          e:n:w 6348.6697177
          c:n:w 5659.5562402
        b:e:c:n 2145.4860168
        b:e:c:w 1967.0582081
        b:e:n:w 3325.5184268
        b:c:n:w 2415.3398810
        e:c:n:w 52495.2590562
