########################################
# legofit: estimate population history #
#       version 2.3.4-4-g53f8760       #
########################################

# Program was compiled: Sep 21 2021 14:36:42
# Program was run: Fri Sep 24 07:00:43 2021

# cmd: legofit -1 -d 0 -t 32 --ptsPerDim 3 --stateOut b1boot41.state --tol 3e-6 -S 5000 acdf2.lgo ../../boot/boot41.opf
# Stage nOptItr nSimReps
#     0    5000        0
# algorithm          : deterministic
# ignoring probs <=  : 0
# Branch length floor: 0
# DE strategy        : 2
#    F               : 0.3
#    CR              : 0.8
#    tolerance       : 3e-06
# nthreads           : 32
# lgo input file     : acdf2.lgo
# site pat input file: ../../boot/boot41.opf
# free parameters    : 18
# points in DE swarm : 54
# output state file  : b1boot41.state
# Including singleton site patterns.
# cost function      : KL
Initial parameter values
Fixed:
      zero = 0
       one = 1
    Tbecnw = 75200
Free:
       pc1 = 0
       pc2 = 0
       pc3 = 0
       pc4 = 0
       pc5 = 0
       pc6 = 0
       pc7 = 0
       pc8 = 0
       pc9 = 0
      pc10 = 0
      pc11 = 0
      pc12 = 0
      pc13 = 0
      pc14 = 0
      pc15 = 0
      pc16 = 0
      pc17 = 0
      pc18 = 0
Constrained:
   Tgbecnw = 110439
     Tecnw = 25843.7
       Tnw = 22365.5
       Tec = 12790.9
     twoNb = 1.65438e+06
     twoNe = 29918.2
     twoNc = 466150
     twoNn = 1.32598e+06
     twoNw = 5.38288e+06
    twoNec = 130361
    twoNnw = 13035.8
  twoNecnw = 84784.6
  twoNbecnw = 15641.3
  twoNgbecnw = 223747
         m = 0.172255
        m3 = 0.195746
        m4 = 0.0257077
        m6 = 2.33066e-06
        Ta = 43995.5
        Tc = 11182.8
        Td = 5591.38
        Tf = 2795.69
DiffEv reached_goal. cost=1.71712e-03 spread=2.82163e-06
Fitted parameter values
Free:
       pc1 = -3.8039
       pc2 = -3.98704
       pc3 = 0.662635
       pc4 = 0.279995
       pc5 = 1.7662
       pc6 = -1.00177
       pc7 = -0.378187
       pc8 = 1.51621
       pc9 = 1.63589
      pc10 = -1.24597
      pc11 = 1.01832
      pc12 = -0.217016
      pc13 = 0.194315
      pc14 = 0.00161512
      pc15 = 0.0585538
      pc16 = -0.0491355
      pc17 = -0.0802461
      pc18 = -0.0153548
Constrained:
   Tgbecnw = 84567.5
     Tecnw = 23966.7
       Tnw = 21146
       Tec = 11609.9
     twoNb = 1.58898e+06
     twoNe = 21214.9
     twoNc = 701782
     twoNn = 4.10607e+06
     twoNw = 5.83265e+06
    twoNec = 124816
    twoNnw = 10502.7
  twoNecnw = 77725.3
  twoNbecnw = 4203.88
  twoNgbecnw = 262882
         m = 0.129302
        m3 = 0.197526
        m4 = 0.026051
        m6 = 6.24741e-06
        Ta = 43405
        Tc = 10573
        Td = 5286.5
        Tf = 2643.25
#       SitePat  BranchLen
              b 125488.5317482
              e 49302.4090233
              c 51121.3721997
              n 45438.6333378
              w 47274.6348559
            b:e 2116.1862251
            b:c 2505.9289052
            b:n 1703.7280354
            b:w 1867.1861218
            e:c 10458.6876332
            e:n 5852.1068595
            e:w 4974.8636178
            c:n 5237.4643648
            c:w 4899.3072772
            n:w 12733.7185334
          b:e:c 2119.1936804
          b:e:n 1136.2728664
          b:e:w 1109.0447693
          b:c:n 1111.6686700
          b:c:w 1152.2044993
          b:n:w 2074.9547921
          e:c:n 4947.3494123
          e:c:w 4326.7482234
          e:n:w 6311.9834196
          c:n:w 5652.8922617
        b:e:c:n 2141.2482809
        b:e:c:w 1964.4824623
        b:e:n:w 3296.5274618
        b:c:n:w 2418.5556395
        e:c:n:w 52148.6106477
