########################################
# legofit: estimate population history #
#       version 2.3.4-4-g53f8760       #
########################################

# Program was compiled: Sep 21 2021 14:36:42
# Program was run: Fri Sep 24 07:01:02 2021

# cmd: legofit -1 -d 0 -t 32 --ptsPerDim 3 --stateOut b1boot43.state --tol 3e-6 -S 5000 acdf2.lgo ../../boot/boot43.opf
# Stage nOptItr nSimReps
#     0    5000        0
# algorithm          : deterministic
# ignoring probs <=  : 0
# Branch length floor: 0
# DE strategy        : 2
#    F               : 0.3
#    CR              : 0.8
#    tolerance       : 3e-06
# nthreads           : 32
# lgo input file     : acdf2.lgo
# site pat input file: ../../boot/boot43.opf
# free parameters    : 18
# points in DE swarm : 54
# output state file  : b1boot43.state
# Including singleton site patterns.
# cost function      : KL
Initial parameter values
Fixed:
      zero = 0
       one = 1
    Tbecnw = 75200
Free:
       pc1 = 0
       pc2 = 0
       pc3 = 0
       pc4 = 0
       pc5 = 0
       pc6 = 0
       pc7 = 0
       pc8 = 0
       pc9 = 0
      pc10 = 0
      pc11 = 0
      pc12 = 0
      pc13 = 0
      pc14 = 0
      pc15 = 0
      pc16 = 0
      pc17 = 0
      pc18 = 0
Constrained:
   Tgbecnw = 110439
     Tecnw = 25843.7
       Tnw = 22365.5
       Tec = 12790.9
     twoNb = 1.65438e+06
     twoNe = 29918.2
     twoNc = 466150
     twoNn = 1.32598e+06
     twoNw = 5.38288e+06
    twoNec = 130361
    twoNnw = 13035.8
  twoNecnw = 84784.6
  twoNbecnw = 15641.3
  twoNgbecnw = 223747
         m = 0.172255
        m3 = 0.195746
        m4 = 0.0257077
        m6 = 2.33066e-06
        Ta = 43995.5
        Tc = 11182.8
        Td = 5591.38
        Tf = 2795.69
DiffEv reached_goal. cost=1.76319e-03 spread=2.42671e-06
Fitted parameter values
Free:
       pc1 = -3.85432
       pc2 = -3.75381
       pc3 = 0.406746
       pc4 = -1.24382
       pc5 = 1.97587
       pc6 = -0.173842
       pc7 = 1.67197
       pc8 = 1.08283
       pc9 = 1.30552
      pc10 = -0.587451
      pc11 = 0.975493
      pc12 = -0.01033
      pc13 = 0.0112955
      pc14 = -0.0260497
      pc15 = -0.0218151
      pc16 = -0.0125663
      pc17 = 0.0137427
      pc18 = -0.00206258
Constrained:
   Tgbecnw = 85023
     Tecnw = 24018.7
       Tnw = 20680.9
       Tec = 11510.9
     twoNb = 1.72842e+06
     twoNe = 22474
     twoNc = 477870
     twoNn = 1.3664e+06
     twoNw = 2.42828e+06
    twoNec = 123956
    twoNnw = 12831.1
  twoNecnw = 77031.5
  twoNbecnw = 4290.62
  twoNgbecnw = 278429
         m = 0.120892
        m3 = 0.185665
        m4 = 0.0262393
        m6 = 5.86183e-06
        Ta = 43355.5
        Tc = 10340.5
        Td = 5170.23
        Tf = 2585.11
#       SitePat  BranchLen
              b 125441.6080898
              e 49153.7387639
              c 50997.0379163
              n 45454.9847606
              w 47224.4666074
            b:e 2104.3280615
            b:c 2483.5056785
            b:n 1710.5106470
            b:w 1867.8400446
            e:c 10490.4232371
            e:n 5824.7959675
            e:w 4970.8262973
            c:n 5209.3978540
            c:w 4893.0227457
            n:w 12685.0765754
          b:e:c 2113.7496434
          b:e:n 1134.1568326
          b:e:w 1106.8521196
          b:c:n 1109.8899017
          b:c:w 1149.9185875
          b:n:w 2070.9661108
          e:c:n 4951.1139173
          e:c:w 4351.9768490
          e:n:w 6271.6625720
          c:n:w 5617.5059574
        b:e:c:n 2141.0150176
        b:e:c:w 1970.9616472
        b:e:n:w 3298.4432139
        b:c:n:w 2404.5248121
        e:c:n:w 52224.2266430
