########################################
# legofit: estimate population history #
#       version 2.3.4-4-g53f8760       #
########################################

# Program was compiled: Sep 21 2021 14:36:42
# Program was run: Fri Sep 24 06:58:45 2021

# cmd: legofit -1 -d 0 -t 32 --ptsPerDim 3 --stateOut b1boot25.state --tol 3e-6 -S 5000 acdf2.lgo ../../boot/boot25.opf
# Stage nOptItr nSimReps
#     0    5000        0
# algorithm          : deterministic
# ignoring probs <=  : 0
# Branch length floor: 0
# DE strategy        : 2
#    F               : 0.3
#    CR              : 0.8
#    tolerance       : 3e-06
# nthreads           : 32
# lgo input file     : acdf2.lgo
# site pat input file: ../../boot/boot25.opf
# free parameters    : 18
# points in DE swarm : 54
# output state file  : b1boot25.state
# Including singleton site patterns.
# cost function      : KL
Initial parameter values
Fixed:
      zero = 0
       one = 1
    Tbecnw = 75200
Free:
       pc1 = 0
       pc2 = 0
       pc3 = 0
       pc4 = 0
       pc5 = 0
       pc6 = 0
       pc7 = 0
       pc8 = 0
       pc9 = 0
      pc10 = 0
      pc11 = 0
      pc12 = 0
      pc13 = 0
      pc14 = 0
      pc15 = 0
      pc16 = 0
      pc17 = 0
      pc18 = 0
Constrained:
   Tgbecnw = 110439
     Tecnw = 25843.7
       Tnw = 22365.5
       Tec = 12790.9
     twoNb = 1.65438e+06
     twoNe = 29918.2
     twoNc = 466150
     twoNn = 1.32598e+06
     twoNw = 5.38288e+06
    twoNec = 130361
    twoNnw = 13035.8
  twoNecnw = 84784.6
  twoNbecnw = 15641.3
  twoNgbecnw = 223747
         m = 0.172255
        m3 = 0.195746
        m4 = 0.0257077
        m6 = 2.33066e-06
        Ta = 43995.5
        Tc = 11182.8
        Td = 5591.38
        Tf = 2795.69
DiffEv reached_goal. cost=1.74409e-03 spread=2.82183e-06
Fitted parameter values
Free:
       pc1 = -3.92155
       pc2 = -3.6187
       pc3 = 1.71732
       pc4 = -1.04906
       pc5 = 1.60896
       pc6 = 0.63303
       pc7 = -0.441448
       pc8 = 1.98158
       pc9 = 1.87119
      pc10 = -1.68258
      pc11 = 0.105559
      pc12 = 0.251351
      pc13 = 0.0637712
      pc14 = 0.0361335
      pc15 = 0.0305335
      pc16 = -0.015185
      pc17 = -0.0454401
      pc18 = -0.00264497
Constrained:
   Tgbecnw = 85064.1
     Tecnw = 24194.5
       Tnw = 20991.2
       Tec = 11314.2
     twoNb = 2.73161e+06
     twoNe = 14578.6
     twoNc = 821163
     twoNn = 3.61698e+06
     twoNw = 4.46874e+06
    twoNec = 128444
    twoNnw = 11904.8
  twoNecnw = 76684.3
  twoNbecnw = 4419.72
  twoNgbecnw = 261667
         m = 0.129127
        m3 = 0.19375
        m4 = 0.0262404
        m6 = 6.89111e-06
        Ta = 43257.1
        Tc = 10495.6
        Td = 5247.8
        Tf = 2623.9
#       SitePat  BranchLen
              b 125471.4418265
              e 49206.7854920
              c 51115.5389080
              n 45363.9305399
              w 47237.4889013
            b:e 2095.7217871
            b:c 2462.6968945
            b:n 1686.8785701
            b:w 1851.6630294
            e:c 10468.8087928
            e:n 5856.0591696
            e:w 4933.5235691
            c:n 5190.0755475
            c:w 4870.1187362
            n:w 12733.8781963
          b:e:c 2101.9871725
          b:e:n 1124.9188142
          b:e:w 1094.0579861
          b:c:n 1095.7612540
          b:c:w 1139.7071321
          b:n:w 2060.1987128
          e:c:n 4946.2934991
          e:c:w 4315.2275495
          e:n:w 6302.0943319
          c:n:w 5636.4611196
        b:e:c:n 2117.1120725
        b:e:c:w 1939.2425633
        b:e:n:w 3285.3698455
        b:c:n:w 2388.1709720
        e:c:n:w 52127.7264191
