########################################
# legofit: estimate population history #
#       version 2.3.4-4-g53f8760       #
########################################

# Program was compiled: Sep 21 2021 14:36:42
# Program was run: Fri Sep 24 06:57:49 2021

# cmd: legofit -1 -d 0 -t 32 --ptsPerDim 3 --stateOut b1boot18.state --tol 3e-6 -S 5000 acdf2.lgo ../../boot/boot18.opf
# Stage nOptItr nSimReps
#     0    5000        0
# algorithm          : deterministic
# ignoring probs <=  : 0
# Branch length floor: 0
# DE strategy        : 2
#    F               : 0.3
#    CR              : 0.8
#    tolerance       : 3e-06
# nthreads           : 32
# lgo input file     : acdf2.lgo
# site pat input file: ../../boot/boot18.opf
# free parameters    : 18
# points in DE swarm : 54
# output state file  : b1boot18.state
# Including singleton site patterns.
# cost function      : KL
Initial parameter values
Fixed:
      zero = 0
       one = 1
    Tbecnw = 75200
Free:
       pc1 = 0
       pc2 = 0
       pc3 = 0
       pc4 = 0
       pc5 = 0
       pc6 = 0
       pc7 = 0
       pc8 = 0
       pc9 = 0
      pc10 = 0
      pc11 = 0
      pc12 = 0
      pc13 = 0
      pc14 = 0
      pc15 = 0
      pc16 = 0
      pc17 = 0
      pc18 = 0
Constrained:
   Tgbecnw = 110439
     Tecnw = 25843.7
       Tnw = 22365.5
       Tec = 12790.9
     twoNb = 1.65438e+06
     twoNe = 29918.2
     twoNc = 466150
     twoNn = 1.32598e+06
     twoNw = 5.38288e+06
    twoNec = 130361
    twoNnw = 13035.8
  twoNecnw = 84784.6
  twoNbecnw = 15641.3
  twoNgbecnw = 223747
         m = 0.172255
        m3 = 0.195746
        m4 = 0.0257077
        m6 = 2.33066e-06
        Ta = 43995.5
        Tc = 11182.8
        Td = 5591.38
        Tf = 2795.69
DiffEv reached_goal. cost=1.74390e-03 spread=2.78583e-06
Fitted parameter values
Free:
       pc1 = -3.85456
       pc2 = -3.68999
       pc3 = 0.807001
       pc4 = -0.597602
       pc5 = 1.53875
       pc6 = 0.618974
       pc7 = 0.666922
       pc8 = 1.57028
       pc9 = 1.95673
      pc10 = -0.348023
      pc11 = 0.118945
      pc12 = 0.105759
      pc13 = 0.161123
      pc14 = 0.000448628
      pc15 = 0.0463116
      pc16 = -0.030505
      pc17 = -0.0254553
      pc18 = -0.0121356
Constrained:
   Tgbecnw = 84960.1
     Tecnw = 24234.7
       Tnw = 20842
       Tec = 11672.4
     twoNb = 2.23064e+06
     twoNe = 23727
     twoNc = 621278
     twoNn = 1.91016e+06
     twoNw = 2.88138e+06
    twoNec = 124879
    twoNnw = 12544.5
  twoNecnw = 76260.5
  twoNbecnw = 4342.36
  twoNgbecnw = 268221
         m = 0.125568
        m3 = 0.198958
        m4 = 0.0259311
        m6 = 7.0726e-06
        Ta = 43436.2
        Tc = 10421
        Td = 5210.51
        Tf = 2605.26
#       SitePat  BranchLen
              b 125524.5845591
              e 49176.2809102
              c 51046.8138697
              n 45317.1137593
              w 47208.2495895
            b:e 2106.3604783
            b:c 2475.6168719
            b:n 1695.8579232
            b:w 1864.3306547
            e:c 10450.1234600
            e:n 5849.0636049
            e:w 4933.3252421
            c:n 5202.0806819
            c:w 4868.0034653
            n:w 12719.6314879
          b:e:c 2112.4694834
          b:e:n 1130.6514638
          b:e:w 1100.9271854
          b:c:n 1102.9079242
          b:c:w 1146.0272616
          b:n:w 2070.0576977
          e:c:n 4964.6851708
          e:c:w 4323.3649200
          e:n:w 6302.6353455
          c:n:w 5644.2686032
        b:e:c:n 2131.6258788
        b:e:c:w 1949.7580882
        b:e:n:w 3287.1665397
        b:c:n:w 2400.6916903
        e:c:n:w 52280.5963312
