########################################
# legofit: estimate population history #
#            version 2.3.3             #
########################################

# Program was compiled: Sep 12 2021 17:54:39
# Program was run: Wed Sep 15 10:16:04 2021

# cmd: legofit -1 -d 0 -t 32 --ptsPerDim 3 --stateOut b1.state --tol 3e-6 -S 5000 abcd2.lgo ../../chrX/pan_chrX.opf
# Stage nOptItr nSimReps
#     0    5000        0
# algorithm          : deterministic
# ignoring probs <=  : 0
# Branch length floor: 0
# DE strategy        : 2
#    F               : 0.3
#    CR              : 0.8
#    tolerance       : 3e-06
# nthreads           : 32
# lgo input file     : abcd2.lgo
# site pat input file: ../../chrX/pan_chrX.opf
# free parameters    : 17
# points in DE swarm : 51
# output state file  : b1.state
# Including singleton site patterns.
# cost function      : KL
Initial parameter values
Fixed:
      zero = 0
       one = 1
    Tbecnw = 75200
Free:
       pc1 = 0
       pc2 = 0
       pc3 = 0
       pc4 = 0
       pc5 = 0
       pc6 = 0
       pc7 = 0
       pc8 = 0
       pc9 = 0
      pc10 = 0
      pc11 = 0
      pc12 = 0
      pc13 = 0
      pc14 = 0
      pc15 = 0
      pc16 = 0
      pc17 = 0
Constrained:
   Tgbecnw = 237086
     Tecnw = 27652
       Tnw = 20826.5
       Tec = 10731
     twoNb = 1.21375e+06
     twoNe = 15678.3
     twoNc = 1.32561e+06
     twoNn = 349586
    twoNec = 89540.3
    twoNnw = 21153.7
  twoNecnw = 61225.3
  twoNbecnw = 23363.1
  twoNgbecnw = 265937
         m = 0.0902046
        m2 = 0.0211428
        m3 = 0.236943
        m4 = 0.0119124
        Tb = 19191.5
        Ta = 47195.7
        Tc = 10413.3
        Td = 5206.63
DiffEv reached_goal. cost=1.92773e-03 spread=2.72338e-06
Fitted parameter values
Free:
       pc1 = -0.371892
       pc2 = 1.74174
       pc3 = 1.53095
       pc4 = -0.468717
       pc5 = 0.230617
       pc6 = 1.23832
       pc7 = -0.894108
       pc8 = -0.421473
       pc9 = 0.924705
      pc10 = -1.65284
      pc11 = -1.84852
      pc12 = 0.386499
      pc13 = 0.0251237
      pc14 = -0.3472
      pc15 = 0.10379
      pc16 = -0.137649
      pc17 = 0.0382561
Constrained:
   Tgbecnw = 113825
     Tecnw = 26408.8
       Tnw = 18589.4
       Tec = 9605.94
     twoNb = 1.41138e+06
     twoNe = 25442.6
     twoNc = 1.15565e+06
     twoNn = 1.06564e+06
    twoNec = 91855.6
    twoNnw = 23784.1
  twoNecnw = 58812
  twoNbecnw = 12242.2
  twoNgbecnw = 283938
         m = 0.0938923
        m2 = 0.019675
        m3 = 0.245932
        m4 = 0.0102377
        Tb = 18007.4
        Ta = 46603.7
        Tc = 9294.68
        Td = 4647.34
#       SitePat  BranchLen
              b 119898.6996995
              e 45595.6100794
              c 46265.4879603
              n 42429.3156205
              w 45145.1185112
            b:e 1275.5717588
            b:c 1390.1409478
            b:n 967.9885725
            b:w 1096.3437701
            e:c 11417.4773086
            e:n 4876.4972523
            e:w 3893.6157419
            c:n 4670.2830387
            c:w 3855.3620745
            n:w 12373.3364864
          b:e:c 1255.5099178
          b:e:n 561.5328574
          b:e:w 565.0798634
          b:c:n 556.5305119
          b:c:w 573.7612103
          b:n:w 1277.0972289
          e:c:n 4931.7208733
          e:c:w 3920.0705905
          e:n:w 5310.8891485
          c:n:w 5066.6924461
        b:e:c:n 1169.0764282
        b:e:c:w 1113.5934362
        b:e:n:w 1994.7464972
        b:c:n:w 1695.2849231
        e:c:n:w 47509.9661397
