########################################
# legofit: estimate population history #
#            version 2.3.3             #
########################################

# Program was compiled: Sep 12 2021 17:54:39
# Program was run: Thu Sep 16 07:37:37 2021

# cmd: legofit -1 -d 0 -t 32 --ptsPerDim 3 --stateOut b1boot22.state --tol 3e-6 -S 5000 abcd2.lgo ../../chrX/boot_chrX/boot22.opf
# Stage nOptItr nSimReps
#     0    5000        0
# algorithm          : deterministic
# ignoring probs <=  : 0
# Branch length floor: 0
# DE strategy        : 2
#    F               : 0.3
#    CR              : 0.8
#    tolerance       : 3e-06
# nthreads           : 32
# lgo input file     : abcd2.lgo
# site pat input file: ../../chrX/boot_chrX/boot22.opf
# free parameters    : 17
# points in DE swarm : 51
# output state file  : b1boot22.state
# Including singleton site patterns.
# cost function      : KL
Initial parameter values
Fixed:
      zero = 0
       one = 1
    Tbecnw = 75200
Free:
       pc1 = 0
       pc2 = 0
       pc3 = 0
       pc4 = 0
       pc5 = 0
       pc6 = 0
       pc7 = 0
       pc8 = 0
       pc9 = 0
      pc10 = 0
      pc11 = 0
      pc12 = 0
      pc13 = 0
      pc14 = 0
      pc15 = 0
      pc16 = 0
      pc17 = 0
Constrained:
   Tgbecnw = 237086
     Tecnw = 27652
       Tnw = 20826.5
       Tec = 10731
     twoNb = 1.21375e+06
     twoNe = 15678.3
     twoNc = 1.32561e+06
     twoNn = 349586
    twoNec = 89540.3
    twoNnw = 21153.7
  twoNecnw = 61225.3
  twoNbecnw = 23363.1
  twoNgbecnw = 265937
         m = 0.0902046
        m2 = 0.0211428
        m3 = 0.236943
        m4 = 0.0119124
        Tb = 19191.5
        Ta = 47195.7
        Tc = 10413.3
        Td = 5206.63
DiffEv reached_goal. cost=1.87629e-03 spread=2.83653e-06
Fitted parameter values
Free:
       pc1 = -2.15622
       pc2 = 1.72517
       pc3 = -2.18743
       pc4 = -0.726956
       pc5 = 1.26639
       pc6 = 1.19658
       pc7 = -0.531539
       pc8 = 0.302633
       pc9 = 0.155917
      pc10 = -0.77939
      pc11 = -0.895314
      pc12 = -0.0968496
      pc13 = 0.221836
      pc14 = -0.099768
      pc15 = 0.282342
      pc16 = 0.0569842
      pc17 = 0.0373497
Constrained:
   Tgbecnw = 122206
     Tecnw = 26466.4
       Tnw = 20159.5
       Tec = 11240.9
     twoNb = 942158
     twoNe = 79802.7
     twoNc = 2.19507e+06
     twoNn = 495043
    twoNec = 79666.5
    twoNnw = 18410.8
  twoNecnw = 60660.2
  twoNbecnw = 14886.2
  twoNgbecnw = 252987
         m = 0.102183
        m2 = 0.017045
        m3 = 0.243871
        m4 = 0.0146483
        Tb = 18853.7
        Ta = 47026.8
        Tc = 10079.8
        Td = 5039.89
#       SitePat  BranchLen
              b 120884.2783557
              e 46005.8857168
              c 46910.8135401
              n 42868.3794859
              w 45714.7569345
            b:e 1303.6993075
            b:c 1490.9671447
            b:n 988.4929230
            b:w 1130.2435054
            e:c 11745.5787378
            e:n 4938.9651722
            e:w 3924.4636210
            c:n 4675.5773433
            c:w 3862.4964710
            n:w 12741.7410792
          b:e:c 1311.1914280
          b:e:n 569.7237654
          b:e:w 570.2861992
          b:c:n 563.7538028
          b:c:w 580.9353493
          b:n:w 1326.7371984
          e:c:n 5063.9655904
          e:c:w 3972.6589964
          e:n:w 5494.9991170
          c:n:w 5138.0654590
        b:e:c:n 1197.7818870
        b:e:c:w 1110.7989370
        b:e:n:w 2056.4021417
        b:c:n:w 1641.8157862
        e:c:n:w 47460.7074436
