########################################
# legofit: estimate population history #
#            version 2.3.3             #
########################################

# Program was compiled: Sep 12 2021 17:54:39
# Program was run: Thu Sep 16 06:07:52 2021

# cmd: legofit -1 -d 0 -t 32 --ptsPerDim 3 --stateOut b1boot18.state --tol 3e-6 -S 5000 abcd2.lgo ../../chrX/boot_chrX/boot18.opf
# Stage nOptItr nSimReps
#     0    5000        0
# algorithm          : deterministic
# ignoring probs <=  : 0
# Branch length floor: 0
# DE strategy        : 2
#    F               : 0.3
#    CR              : 0.8
#    tolerance       : 3e-06
# nthreads           : 32
# lgo input file     : abcd2.lgo
# site pat input file: ../../chrX/boot_chrX/boot18.opf
# free parameters    : 17
# points in DE swarm : 51
# output state file  : b1boot18.state
# Including singleton site patterns.
# cost function      : KL
Initial parameter values
Fixed:
      zero = 0
       one = 1
    Tbecnw = 75200
Free:
       pc1 = 0
       pc2 = 0
       pc3 = 0
       pc4 = 0
       pc5 = 0
       pc6 = 0
       pc7 = 0
       pc8 = 0
       pc9 = 0
      pc10 = 0
      pc11 = 0
      pc12 = 0
      pc13 = 0
      pc14 = 0
      pc15 = 0
      pc16 = 0
      pc17 = 0
Constrained:
   Tgbecnw = 237086
     Tecnw = 27652
       Tnw = 20826.5
       Tec = 10731
     twoNb = 1.21375e+06
     twoNe = 15678.3
     twoNc = 1.32561e+06
     twoNn = 349586
    twoNec = 89540.3
    twoNnw = 21153.7
  twoNecnw = 61225.3
  twoNbecnw = 23363.1
  twoNgbecnw = 265937
         m = 0.0902046
        m2 = 0.0211428
        m3 = 0.236943
        m4 = 0.0119124
        Tb = 19191.5
        Ta = 47195.7
        Tc = 10413.3
        Td = 5206.63
DiffEv reached_goal. cost=1.93301e-03 spread=2.52188e-06
Fitted parameter values
Free:
       pc1 = -1.90574
       pc2 = 1.09878
       pc3 = 0.990778
       pc4 = 0.875951
       pc5 = -0.231366
       pc6 = 1.06804
       pc7 = -0.098969
       pc8 = -0.531196
       pc9 = -0.0328852
      pc10 = -0.986914
      pc11 = -0.155269
      pc12 = -0.355178
      pc13 = 0.0293213
      pc14 = -0.0976065
      pc15 = -0.205524
      pc16 = -0.101541
      pc17 = -0.000211163
Constrained:
   Tgbecnw = 119259
     Tecnw = 26399.7
       Tnw = 21043.9
       Tec = 11138.2
     twoNb = 1.56043e+06
     twoNe = 15387.2
     twoNc = 2.25636e+06
     twoNn = 685828
    twoNec = 84803
    twoNnw = 17011.8
  twoNecnw = 61035.5
  twoNbecnw = 14580.8
  twoNgbecnw = 221682
         m = 0.124101
        m2 = 0.021918
        m3 = 0.243062
        m4 = 0.0123812
        Tb = 18768.9
        Ta = 46984.5
        Tc = 10522
        Td = 5260.98
#       SitePat  BranchLen
              b 122425.3398995
              e 46391.9374351
              c 47452.4151482
              n 43371.1028918
              w 46232.9676361
            b:e 1316.7693425
            b:c 1475.5851855
            b:n 988.7262092
            b:w 1119.4082155
            e:c 11370.4915427
            e:n 5211.2647854
            e:w 4012.7935501
            c:n 4721.0257896
            c:w 4020.3602537
            n:w 12213.7422881
          b:e:c 1251.3725570
          b:e:n 581.9973798
          b:e:w 572.9585052
          b:c:n 563.7834101
          b:c:w 596.8397358
          b:n:w 1279.8207876
          e:c:n 5066.6919064
          e:c:w 4002.5980795
          e:n:w 5518.2676636
          c:n:w 5156.2776688
        b:e:c:n 1183.7971718
        b:e:c:w 1130.4636523
        b:e:n:w 2135.2045898
        b:c:n:w 1754.9058774
        e:c:n:w 48630.3648954
