########################################
# legofit: estimate population history #
#            version 2.3.3             #
########################################

# Program was compiled: Sep 12 2021 17:54:39
# Program was run: Wed Sep 15 15:21:14 2021

# cmd: legofit -1 -d 0 -t 32 --ptsPerDim 3 --stateOut b1boot4.state --tol 3e-6 -S 5000 abcd2.lgo ../../chrX/boot_chrX/boot4.opf
# Stage nOptItr nSimReps
#     0    5000        0
# algorithm          : deterministic
# ignoring probs <=  : 0
# Branch length floor: 0
# DE strategy        : 2
#    F               : 0.3
#    CR              : 0.8
#    tolerance       : 3e-06
# nthreads           : 32
# lgo input file     : abcd2.lgo
# site pat input file: ../../chrX/boot_chrX/boot4.opf
# free parameters    : 17
# points in DE swarm : 51
# output state file  : b1boot4.state
# Including singleton site patterns.
# cost function      : KL
Initial parameter values
Fixed:
      zero = 0
       one = 1
    Tbecnw = 75200
Free:
       pc1 = 0
       pc2 = 0
       pc3 = 0
       pc4 = 0
       pc5 = 0
       pc6 = 0
       pc7 = 0
       pc8 = 0
       pc9 = 0
      pc10 = 0
      pc11 = 0
      pc12 = 0
      pc13 = 0
      pc14 = 0
      pc15 = 0
      pc16 = 0
      pc17 = 0
Constrained:
   Tgbecnw = 237086
     Tecnw = 27652
       Tnw = 20826.5
       Tec = 10731
     twoNb = 1.21375e+06
     twoNe = 15678.3
     twoNc = 1.32561e+06
     twoNn = 349586
    twoNec = 89540.3
    twoNnw = 21153.7
  twoNecnw = 61225.3
  twoNbecnw = 23363.1
  twoNgbecnw = 265937
         m = 0.0902046
        m2 = 0.0211428
        m3 = 0.236943
        m4 = 0.0119124
        Tb = 19191.5
        Ta = 47195.7
        Tc = 10413.3
        Td = 5206.63
DiffEv reached_goal. cost=2.02223e-03 spread=2.76819e-06
Fitted parameter values
Free:
       pc1 = 0.0546616
       pc2 = 1.48499
       pc3 = 0.141003
       pc4 = -0.457627
       pc5 = 0.0628932
       pc6 = 0.338334
       pc7 = 0.575168
       pc8 = -0.703774
       pc9 = 0.805195
      pc10 = -0.148914
      pc11 = -0.665438
      pc12 = -0.171522
      pc13 = 0.0785484
      pc14 = 0.125278
      pc15 = 0.0759078
      pc16 = -0.00197988
      pc17 = 0.0253745
Constrained:
   Tgbecnw = 128318
     Tecnw = 27296.8
       Tnw = 19650.5
       Tec = 10027.7
     twoNb = 1.16365e+06
     twoNe = 5931.31
     twoNc = 1.12559e+06
     twoNn = 295552
    twoNec = 91344.5
    twoNnw = 23412.9
  twoNecnw = 57993.5
  twoNbecnw = 16753.5
  twoNgbecnw = 243942
         m = 0.105795
        m2 = 0.0198967
        m3 = 0.237175
        m4 = 0.0115319
        Tb = 18662.3
        Ta = 46931.1
        Tc = 9825.26
        Td = 4912.63
#       SitePat  BranchLen
              b 122647.7175565
              e 46204.6690616
              c 47154.4160687
              n 43197.9170910
              w 46111.4001396
            b:e 1331.9633199
            b:c 1484.8330843
            b:n 1007.7178028
            b:w 1148.3822191
            e:c 11717.7582504
            e:n 5085.4365624
            e:w 3920.8950594
            c:n 4661.6526180
            c:w 3919.5139462
            n:w 12552.7705135
          b:e:c 1305.4830273
          b:e:n 583.7888203
          b:e:w 576.5201175
          b:c:n 568.7023066
          b:c:w 596.6816948
          b:n:w 1329.8064807
          e:c:n 5143.6857189
          e:c:w 4050.2846053
          e:n:w 5538.4301386
          c:n:w 5202.7406949
        b:e:c:n 1206.6973612
        b:e:c:w 1131.9205530
        b:e:n:w 2065.0241133
        b:c:n:w 1718.1866572
        e:c:n:w 48840.8687595
