########################################
# legofit: estimate population history #
#            version 2.3.3             #
########################################

# Program was compiled: Sep 12 2021 17:54:39
# Program was run: Thu Sep 16 10:44:17 2021

# cmd: legofit -1 -d 0 -t 32 --ptsPerDim 3 --stateOut b1boot48.state --tol 3e-6 -S 5000 abcd2.lgo ../../chrX/boot_chrX/boot48.opf
# Stage nOptItr nSimReps
#     0    5000        0
# algorithm          : deterministic
# ignoring probs <=  : 0
# Branch length floor: 0
# DE strategy        : 2
#    F               : 0.3
#    CR              : 0.8
#    tolerance       : 3e-06
# nthreads           : 32
# lgo input file     : abcd2.lgo
# site pat input file: ../../chrX/boot_chrX/boot48.opf
# free parameters    : 17
# points in DE swarm : 51
# output state file  : b1boot48.state
# Including singleton site patterns.
# cost function      : KL
Initial parameter values
Fixed:
      zero = 0
       one = 1
    Tbecnw = 75200
Free:
       pc1 = 0
       pc2 = 0
       pc3 = 0
       pc4 = 0
       pc5 = 0
       pc6 = 0
       pc7 = 0
       pc8 = 0
       pc9 = 0
      pc10 = 0
      pc11 = 0
      pc12 = 0
      pc13 = 0
      pc14 = 0
      pc15 = 0
      pc16 = 0
      pc17 = 0
Constrained:
   Tgbecnw = 237086
     Tecnw = 27652
       Tnw = 20826.5
       Tec = 10731
     twoNb = 1.21375e+06
     twoNe = 15678.3
     twoNc = 1.32561e+06
     twoNn = 349586
    twoNec = 89540.3
    twoNnw = 21153.7
  twoNecnw = 61225.3
  twoNbecnw = 23363.1
  twoNgbecnw = 265937
         m = 0.0902046
        m2 = 0.0211428
        m3 = 0.236943
        m4 = 0.0119124
        Tb = 19191.5
        Ta = 47195.7
        Tc = 10413.3
        Td = 5206.63
DiffEv reached_goal. cost=1.92986e-03 spread=2.81885e-06
Fitted parameter values
Free:
       pc1 = -1.22811
       pc2 = 0.808359
       pc3 = 2.20792
       pc4 = 0.184886
       pc5 = -0.506395
       pc6 = 0.434857
       pc7 = -0.678352
       pc8 = -0.029562
       pc9 = 0.660383
      pc10 = -1.36233
      pc11 = -0.983879
      pc12 = -0.990368
      pc13 = 0.314746
      pc14 = -0.180861
      pc15 = 0.0392144
      pc16 = -0.0545123
      pc17 = -0.0635802
Constrained:
   Tgbecnw = 121560
     Tecnw = 26578.6
       Tnw = 20837.1
       Tec = 10887
     twoNb = 1.58203e+06
     twoNe = 26894.5
     twoNc = 1.56249e+06
     twoNn = 980367
    twoNec = 86191.3
    twoNnw = 18399.3
  twoNecnw = 58636.9
  twoNbecnw = 15014
  twoNgbecnw = 243958
         m = 0.104265
        m2 = 0.0224413
        m3 = 0.228757
        m4 = 0.00985466
        Tb = 18732.8
        Ta = 46966.4
        Tc = 10418.6
        Td = 5209.28
#       SitePat  BranchLen
              b 120851.6681142
              e 46239.6138440
              c 46928.6022777
              n 43300.3068993
              w 45805.3903536
            b:e 1333.1870780
            b:c 1446.1926382
            b:n 1009.1811312
            b:w 1128.4282440
            e:c 11457.2415021
            e:n 4923.4291743
            e:w 3990.3700863
            c:n 4683.1197900
            c:w 3962.6240357
            n:w 12229.6859534
          b:e:c 1284.2936423
          b:e:n 580.5006027
          b:e:w 581.7711968
          b:c:n 573.0874120
          b:c:w 592.5043027
          b:n:w 1312.0971319
          e:c:n 5015.2556031
          e:c:w 4067.9524321
          e:n:w 5471.6928293
          c:n:w 5219.1656317
        b:e:c:n 1192.2820970
        b:e:c:w 1148.1221159
        b:e:n:w 2060.6395169
        b:c:n:w 1775.9081377
        e:c:n:w 47523.5119985
