########################################
# legofit: estimate population history #
#            version 2.3.3             #
########################################

# Program was compiled: Sep 12 2021 17:54:39
# Program was run: Thu Sep 16 03:01:34 2021

# cmd: legofit -1 -d 0 -t 32 --ptsPerDim 3 --stateOut b1boot10.state --tol 3e-6 -S 5000 abcd2.lgo ../../chrX/boot_chrX/boot10.opf
# Stage nOptItr nSimReps
#     0    5000        0
# algorithm          : deterministic
# ignoring probs <=  : 0
# Branch length floor: 0
# DE strategy        : 2
#    F               : 0.3
#    CR              : 0.8
#    tolerance       : 3e-06
# nthreads           : 32
# lgo input file     : abcd2.lgo
# site pat input file: ../../chrX/boot_chrX/boot10.opf
# free parameters    : 17
# points in DE swarm : 51
# output state file  : b1boot10.state
# Including singleton site patterns.
# cost function      : KL
Initial parameter values
Fixed:
      zero = 0
       one = 1
    Tbecnw = 75200
Free:
       pc1 = 0
       pc2 = 0
       pc3 = 0
       pc4 = 0
       pc5 = 0
       pc6 = 0
       pc7 = 0
       pc8 = 0
       pc9 = 0
      pc10 = 0
      pc11 = 0
      pc12 = 0
      pc13 = 0
      pc14 = 0
      pc15 = 0
      pc16 = 0
      pc17 = 0
Constrained:
   Tgbecnw = 237086
     Tecnw = 27652
       Tnw = 20826.5
       Tec = 10731
     twoNb = 1.21375e+06
     twoNe = 15678.3
     twoNc = 1.32561e+06
     twoNn = 349586
    twoNec = 89540.3
    twoNnw = 21153.7
  twoNecnw = 61225.3
  twoNbecnw = 23363.1
  twoNgbecnw = 265937
         m = 0.0902046
        m2 = 0.0211428
        m3 = 0.236943
        m4 = 0.0119124
        Tb = 19191.5
        Ta = 47195.7
        Tc = 10413.3
        Td = 5206.63
DiffEv reached_goal. cost=1.86483e-03 spread=2.39692e-06
Fitted parameter values
Free:
       pc1 = 0.524998
       pc2 = 1.95423
       pc3 = -0.528278
       pc4 = -0.753526
       pc5 = -0.609047
       pc6 = 0.0407099
       pc7 = 0.552294
       pc8 = -1.08997
       pc9 = 1.40216
      pc10 = -0.820794
      pc11 = -0.258346
      pc12 = -0.111194
      pc13 = 0.174077
      pc14 = 0.104456
      pc15 = 0.143717
      pc16 = 0.0660338
      pc17 = -0.0444665
Constrained:
   Tgbecnw = 120962
     Tecnw = 26932
       Tnw = 18599.6
       Tec = 9509.99
     twoNb = 1.25504e+06
     twoNe = 19916.9
     twoNc = 176244
     twoNn = 46215.5
    twoNec = 91782.2
    twoNnw = 26874
  twoNecnw = 56888.8
  twoNbecnw = 14889.4
  twoNgbecnw = 256428
         m = 0.0969365
        m2 = 0.0202183
        m3 = 0.234722
        m4 = 0.0121612
        Tb = 18221
        Ta = 46710.5
        Tc = 9299.8
        Td = 4649.9
#       SitePat  BranchLen
              b 120489.2839127
              e 45683.7260870
              c 46430.9536258
              n 42955.7492061
              w 45622.2685132
            b:e 1331.2095803
            b:c 1474.5800374
            b:n 1028.7413490
            b:w 1159.8336238
            e:c 11637.1764842
            e:n 4899.9384349
            e:w 3956.0051185
            c:n 4697.5618250
            c:w 3899.3327047
            n:w 12300.2202359
          b:e:c 1309.1784932
          b:e:n 587.2392404
          b:e:w 590.6203050
          b:c:n 583.0163621
          b:c:w 598.5582324
          b:n:w 1331.5190787
          e:c:n 5110.5603947
          e:c:w 4102.0921353
          e:n:w 5445.7996485
          c:n:w 5151.2357445
        b:e:c:n 1226.8566845
        b:e:c:w 1160.9529094
        b:e:n:w 2063.6176837
        b:c:n:w 1722.9174576
        e:c:n:w 47553.1520576
