########################################
# legofit: estimate population history #
#            version 2.3.3             #
########################################

# Program was compiled: Sep 12 2021 17:54:39
# Program was run: Thu Sep 16 05:57:53 2021

# cmd: legofit -1 -d 0 -t 32 --ptsPerDim 3 --stateOut b1boot17.state --tol 3e-6 -S 5000 abcd2.lgo ../../chrX/boot_chrX/boot17.opf
# Stage nOptItr nSimReps
#     0    5000        0
# algorithm          : deterministic
# ignoring probs <=  : 0
# Branch length floor: 0
# DE strategy        : 2
#    F               : 0.3
#    CR              : 0.8
#    tolerance       : 3e-06
# nthreads           : 32
# lgo input file     : abcd2.lgo
# site pat input file: ../../chrX/boot_chrX/boot17.opf
# free parameters    : 17
# points in DE swarm : 51
# output state file  : b1boot17.state
# Including singleton site patterns.
# cost function      : KL
Initial parameter values
Fixed:
      zero = 0
       one = 1
    Tbecnw = 75200
Free:
       pc1 = 0
       pc2 = 0
       pc3 = 0
       pc4 = 0
       pc5 = 0
       pc6 = 0
       pc7 = 0
       pc8 = 0
       pc9 = 0
      pc10 = 0
      pc11 = 0
      pc12 = 0
      pc13 = 0
      pc14 = 0
      pc15 = 0
      pc16 = 0
      pc17 = 0
Constrained:
   Tgbecnw = 237086
     Tecnw = 27652
       Tnw = 20826.5
       Tec = 10731
     twoNb = 1.21375e+06
     twoNe = 15678.3
     twoNc = 1.32561e+06
     twoNn = 349586
    twoNec = 89540.3
    twoNnw = 21153.7
  twoNecnw = 61225.3
  twoNbecnw = 23363.1
  twoNgbecnw = 265937
         m = 0.0902046
        m2 = 0.0211428
        m3 = 0.236943
        m4 = 0.0119124
        Tb = 19191.5
        Ta = 47195.7
        Tc = 10413.3
        Td = 5206.63
DiffEv reached_goal. cost=1.91868e-03 spread=2.67746e-06
Fitted parameter values
Free:
       pc1 = -3.95041
       pc2 = 1.86769
       pc3 = -0.204076
       pc4 = 1.20867
       pc5 = -1.67483
       pc6 = 0.447714
       pc7 = 1.02175
       pc8 = 1.26638
       pc9 = -0.613907
      pc10 = -0.82358
      pc11 = -0.662792
      pc12 = 0.00183485
      pc13 = 0.00337381
      pc14 = 0.154215
      pc15 = 0.315421
      pc16 = -0.116584
      pc17 = -0.0568955
Constrained:
   Tgbecnw = 111081
     Tecnw = 25908.6
       Tnw = 20843.2
       Tec = 11565.3
     twoNb = 1.79902e+06
     twoNe = 60342.8
     twoNc = 4.82593e+06
     twoNn = 121966
    twoNec = 71456.8
    twoNnw = 15734.5
  twoNecnw = 63455.1
  twoNbecnw = 12220.9
  twoNgbecnw = 217991
         m = 0.131399
        m2 = 0.0205407
        m3 = 0.22933
        m4 = 0.0118742
        Tb = 18737
        Ta = 46968.5
        Tc = 10421.6
        Td = 5210.81
#       SitePat  BranchLen
              b 121489.5651909
              e 45874.0193041
              c 46683.8568909
              n 43175.2724072
              w 45961.9007662
            b:e 1265.7621704
            b:c 1405.0556154
            b:n 967.2381558
            b:w 1098.6047589
            e:c 11933.8265699
            e:n 4915.0192138
            e:w 3897.7478066
            c:n 4646.4712544
            c:w 3860.5695230
            n:w 12542.4783836
          b:e:c 1267.4059245
          b:e:n 550.5658150
          b:e:w 552.1664967
          b:c:n 542.6264004
          b:c:w 563.3777207
          b:n:w 1297.5315540
          e:c:n 5034.3496312
          e:c:w 3960.4255552
          e:n:w 5290.6067382
          c:n:w 4997.7735481
        b:e:c:n 1171.7179136
        b:e:c:w 1108.4682475
        b:e:n:w 2044.2742529
        b:c:n:w 1690.4306477
        e:c:n:w 48148.4357899
