########################################
# legofit: estimate population history #
#            version 2.3.3             #
########################################

# Program was compiled: Sep 12 2021 17:54:39
# Program was run: Wed Sep 15 13:18:46 2021

# cmd: legofit -1 -d 0 -t 32 --ptsPerDim 3 --stateOut b1boot3.state --tol 3e-6 -S 5000 abcd2.lgo ../../chrX/boot_chrX/boot3.opf
# Stage nOptItr nSimReps
#     0    5000        0
# algorithm          : deterministic
# ignoring probs <=  : 0
# Branch length floor: 0
# DE strategy        : 2
#    F               : 0.3
#    CR              : 0.8
#    tolerance       : 3e-06
# nthreads           : 32
# lgo input file     : abcd2.lgo
# site pat input file: ../../chrX/boot_chrX/boot3.opf
# free parameters    : 17
# points in DE swarm : 51
# output state file  : b1boot3.state
# Including singleton site patterns.
# cost function      : KL
Initial parameter values
Fixed:
      zero = 0
       one = 1
    Tbecnw = 75200
Free:
       pc1 = 0
       pc2 = 0
       pc3 = 0
       pc4 = 0
       pc5 = 0
       pc6 = 0
       pc7 = 0
       pc8 = 0
       pc9 = 0
      pc10 = 0
      pc11 = 0
      pc12 = 0
      pc13 = 0
      pc14 = 0
      pc15 = 0
      pc16 = 0
      pc17 = 0
Constrained:
   Tgbecnw = 237086
     Tecnw = 27652
       Tnw = 20826.5
       Tec = 10731
     twoNb = 1.21375e+06
     twoNe = 15678.3
     twoNc = 1.32561e+06
     twoNn = 349586
    twoNec = 89540.3
    twoNnw = 21153.7
  twoNecnw = 61225.3
  twoNbecnw = 23363.1
  twoNgbecnw = 265937
         m = 0.0902046
        m2 = 0.0211428
        m3 = 0.236943
        m4 = 0.0119124
        Tb = 19191.5
        Ta = 47195.7
        Tc = 10413.3
        Td = 5206.63
DiffEv reached_goal. cost=1.96374e-03 spread=2.68587e-06
Fitted parameter values
Free:
       pc1 = -0.861272
       pc2 = 0.472124
       pc3 = 0.842728
       pc4 = 0.191386
       pc5 = 0.294476
       pc6 = 1.00276
       pc7 = -0.715428
       pc8 = -0.533326
       pc9 = 0.0349908
      pc10 = -0.650131
      pc11 = -0.359651
      pc12 = -0.683536
      pc13 = 0.121979
      pc14 = 0.173063
      pc15 = 0.147249
      pc16 = -0.13142
      pc17 = -0.0858722
Constrained:
   Tgbecnw = 135543
     Tecnw = 27372.1
       Tnw = 21296.1
       Tec = 10999.5
     twoNb = 1.34015e+06
     twoNe = 16976.6
     twoNc = 1.41287e+06
     twoNn = 824790
    twoNec = 84495.5
    twoNnw = 18400.4
  twoNecnw = 59759.2
  twoNbecnw = 17844.4
  twoNgbecnw = 253118
         m = 0.10068
        m2 = 0.0215185
        m3 = 0.242504
        m4 = 0.0122403
        Tb = 19185.8
        Ta = 47192.9
        Tc = 10648
        Td = 5324.02
#       SitePat  BranchLen
              b 122617.0785036
              e 46785.8222722
              c 47652.5972765
              n 43843.0951926
              w 46739.7588834
            b:e 1315.5108828
            b:c 1459.3506544
            b:n 997.0979635
            b:w 1136.2050521
            e:c 11839.6178761
            e:n 5021.1006570
            e:w 3937.5770075
            c:n 4715.9508339
            c:w 3904.3337472
            n:w 12543.8923201
          b:e:c 1290.9240797
          b:e:n 570.4568602
          b:e:w 570.3343751
          b:c:n 560.8834674
          b:c:w 583.4442764
          b:n:w 1322.8845075
          e:c:n 5135.3191198
          e:c:w 4032.2625152
          e:n:w 5487.8161655
          c:n:w 5175.1872287
        b:e:c:n 1188.0461649
        b:e:c:w 1128.0344566
        b:e:n:w 2104.2215004
        b:c:n:w 1741.0921178
        e:c:n:w 48178.5212756
