########################################
# legofit: estimate population history #
#            version 2.3.3             #
########################################

# Program was compiled: Sep 12 2021 17:54:39
# Program was run: Thu Sep 16 10:45:48 2021

# cmd: legofit -1 -d 0 -t 32 --ptsPerDim 3 --stateOut b1boot45.state --tol 3e-6 -S 5000 abcd2.lgo ../../chrX/boot_chrX/boot45.opf
# Stage nOptItr nSimReps
#     0    5000        0
# algorithm          : deterministic
# ignoring probs <=  : 0
# Branch length floor: 0
# DE strategy        : 2
#    F               : 0.3
#    CR              : 0.8
#    tolerance       : 3e-06
# nthreads           : 32
# lgo input file     : abcd2.lgo
# site pat input file: ../../chrX/boot_chrX/boot45.opf
# free parameters    : 17
# points in DE swarm : 51
# output state file  : b1boot45.state
# Including singleton site patterns.
# cost function      : KL
Initial parameter values
Fixed:
      zero = 0
       one = 1
    Tbecnw = 75200
Free:
       pc1 = 0
       pc2 = 0
       pc3 = 0
       pc4 = 0
       pc5 = 0
       pc6 = 0
       pc7 = 0
       pc8 = 0
       pc9 = 0
      pc10 = 0
      pc11 = 0
      pc12 = 0
      pc13 = 0
      pc14 = 0
      pc15 = 0
      pc16 = 0
      pc17 = 0
Constrained:
   Tgbecnw = 237086
     Tecnw = 27652
       Tnw = 20826.5
       Tec = 10731
     twoNb = 1.21375e+06
     twoNe = 15678.3
     twoNc = 1.32561e+06
     twoNn = 349586
    twoNec = 89540.3
    twoNnw = 21153.7
  twoNecnw = 61225.3
  twoNbecnw = 23363.1
  twoNgbecnw = 265937
         m = 0.0902046
        m2 = 0.0211428
        m3 = 0.236943
        m4 = 0.0119124
        Tb = 19191.5
        Ta = 47195.7
        Tc = 10413.3
        Td = 5206.63
DiffEv reached_goal. cost=1.72470e-03 spread=2.61295e-06
Fitted parameter values
Free:
       pc1 = -3.52847
       pc2 = 1.36192
       pc3 = 1.31462
       pc4 = -0.21995
       pc5 = 1.51781
       pc6 = 0.740456
       pc7 = -0.171045
       pc8 = 1.35912
       pc9 = -0.506014
      pc10 = -1.13942
      pc11 = 0.407679
      pc12 = -0.277445
      pc13 = -0.168047
      pc14 = 0.349838
      pc15 = -0.0498649
      pc16 = -0.00517056
      pc17 = 0.060685
Constrained:
   Tgbecnw = 117980
     Tecnw = 25456.3
       Tnw = 21438.3
       Tec = 11572.5
     twoNb = 1.0285e+06
     twoNe = 21367.9
     twoNc = 3.46286e+06
     twoNn = 1.01129e+06
    twoNec = 72371.3
    twoNnw = 12814.8
  twoNecnw = 65087.2
  twoNbecnw = 13661.3
  twoNgbecnw = 236527
         m = 0.118611
        m2 = 0.0208584
        m3 = 0.218591
        m4 = 0.0127986
        Tb = 18514.4
        Ta = 46857.2
        Tc = 10719.2
        Td = 5359.58
#       SitePat  BranchLen
              b 121673.2842389
              e 46082.7208992
              c 47097.5710132
              n 43314.8205409
              w 46054.4352582
            b:e 1291.0934578
            b:c 1463.1101162
            b:n 973.8509904
            b:w 1098.5553213
            e:c 11841.2272501
            e:n 5098.8283219
            e:w 3985.7017472
            c:n 4652.0127183
            c:w 3980.0500262
            n:w 12567.8960177
          b:e:c 1264.4845432
          b:e:n 562.4744739
          b:e:w 554.7187465
          b:c:n 546.9827003
          b:c:w 576.1761148
          b:n:w 1290.0236242
          e:c:n 5021.9041565
          e:c:w 3983.3691075
          e:n:w 5411.4912255
          c:n:w 5057.9761323
        b:e:c:n 1169.3610941
        b:e:c:w 1107.2287395
        b:e:n:w 2093.8321156
        b:c:n:w 1706.9819964
        e:c:n:w 47903.7228632
