########################################
# legofit: estimate population history #
#            version 2.3.3             #
########################################

# Program was compiled: Sep 12 2021 17:54:39
# Program was run: Thu Sep 16 05:09:05 2021

# cmd: legofit -1 -d 0 -t 32 --ptsPerDim 3 --stateOut b1boot15.state --tol 3e-6 -S 5000 abcd2.lgo ../../chrX/boot_chrX/boot15.opf
# Stage nOptItr nSimReps
#     0    5000        0
# algorithm          : deterministic
# ignoring probs <=  : 0
# Branch length floor: 0
# DE strategy        : 2
#    F               : 0.3
#    CR              : 0.8
#    tolerance       : 3e-06
# nthreads           : 32
# lgo input file     : abcd2.lgo
# site pat input file: ../../chrX/boot_chrX/boot15.opf
# free parameters    : 17
# points in DE swarm : 51
# output state file  : b1boot15.state
# Including singleton site patterns.
# cost function      : KL
Initial parameter values
Fixed:
      zero = 0
       one = 1
    Tbecnw = 75200
Free:
       pc1 = 0
       pc2 = 0
       pc3 = 0
       pc4 = 0
       pc5 = 0
       pc6 = 0
       pc7 = 0
       pc8 = 0
       pc9 = 0
      pc10 = 0
      pc11 = 0
      pc12 = 0
      pc13 = 0
      pc14 = 0
      pc15 = 0
      pc16 = 0
      pc17 = 0
Constrained:
   Tgbecnw = 237086
     Tecnw = 27652
       Tnw = 20826.5
       Tec = 10731
     twoNb = 1.21375e+06
     twoNe = 15678.3
     twoNc = 1.32561e+06
     twoNn = 349586
    twoNec = 89540.3
    twoNnw = 21153.7
  twoNecnw = 61225.3
  twoNbecnw = 23363.1
  twoNgbecnw = 265937
         m = 0.0902046
        m2 = 0.0211428
        m3 = 0.236943
        m4 = 0.0119124
        Tb = 19191.5
        Ta = 47195.7
        Tc = 10413.3
        Td = 5206.63
DiffEv reached_goal. cost=1.92970e-03 spread=2.89944e-06
Fitted parameter values
Free:
       pc1 = -3.33769
       pc2 = 1.07313
       pc3 = -0.332922
       pc4 = -1.40423
       pc5 = 0.43495
       pc6 = 0.388582
       pc7 = 0.653429
       pc8 = -0.598391
       pc9 = 0.248751
      pc10 = -1.8092
      pc11 = 0.43621
      pc12 = -0.495585
      pc13 = 0.32377
      pc14 = -0.122183
      pc15 = 0.00400363
      pc16 = 0.100542
      pc17 = 0.0423232
Constrained:
   Tgbecnw = 105449
     Tecnw = 24727.7
       Tnw = 22196.5
       Tec = 11623.1
     twoNb = 1.13607e+06
     twoNe = 35576
     twoNc = 1.37571e+06
     twoNn = 338350
    twoNec = 74005.3
    twoNnw = 7686.84
  twoNecnw = 61349
  twoNbecnw = 10519.8
  twoNgbecnw = 257767
         m = 0.100317
        m2 = 0.0199243
        m3 = 0.228503
        m4 = 0.013312
        Tb = 18175.4
        Ta = 46687.7
        Tc = 11098.2
        Td = 5549.12
#       SitePat  BranchLen
              b 118381.6486520
              e 45282.4911229
              c 46098.8436314
              n 42154.9949190
              w 44560.7566321
            b:e 1374.2736413
            b:c 1534.4953155
            b:n 1026.0985729
            b:w 1148.2375963
            e:c 11342.2258057
            e:n 4888.6518260
            e:w 4017.3039423
            c:n 4651.0359160
            c:w 3961.7201389
            n:w 12325.4562780
          b:e:c 1353.3169442
          b:e:n 599.7161269
          b:e:w 600.8298689
          b:c:n 594.3404103
          b:c:w 611.7870100
          b:n:w 1365.1444312
          e:c:n 4916.3491311
          e:c:w 3993.8140640
          e:n:w 5563.4518063
          c:n:w 5242.8964831
        b:e:c:n 1238.2779807
        b:e:c:w 1175.0156773
        b:e:n:w 2147.7049088
        b:c:n:w 1779.3042111
        e:c:n:w 46436.7688369
