########################################
# legofit: estimate population history #
#            version 2.3.3             #
########################################

# Program was compiled: Sep 12 2021 17:54:39
# Program was run: Wed Sep 15 18:39:58 2021

# cmd: legofit -1 -d 0 -t 32 --ptsPerDim 3 --stateOut b1boot6.state --tol 3e-6 -S 5000 abcd2.lgo ../../chrX/boot_chrX/boot6.opf
# Stage nOptItr nSimReps
#     0    5000        0
# algorithm          : deterministic
# ignoring probs <=  : 0
# Branch length floor: 0
# DE strategy        : 2
#    F               : 0.3
#    CR              : 0.8
#    tolerance       : 3e-06
# nthreads           : 32
# lgo input file     : abcd2.lgo
# site pat input file: ../../chrX/boot_chrX/boot6.opf
# free parameters    : 17
# points in DE swarm : 51
# output state file  : b1boot6.state
# Including singleton site patterns.
# cost function      : KL
Initial parameter values
Fixed:
      zero = 0
       one = 1
    Tbecnw = 75200
Free:
       pc1 = 0
       pc2 = 0
       pc3 = 0
       pc4 = 0
       pc5 = 0
       pc6 = 0
       pc7 = 0
       pc8 = 0
       pc9 = 0
      pc10 = 0
      pc11 = 0
      pc12 = 0
      pc13 = 0
      pc14 = 0
      pc15 = 0
      pc16 = 0
      pc17 = 0
Constrained:
   Tgbecnw = 237086
     Tecnw = 27652
       Tnw = 20826.5
       Tec = 10731
     twoNb = 1.21375e+06
     twoNe = 15678.3
     twoNc = 1.32561e+06
     twoNn = 349586
    twoNec = 89540.3
    twoNnw = 21153.7
  twoNecnw = 61225.3
  twoNbecnw = 23363.1
  twoNgbecnw = 265937
         m = 0.0902046
        m2 = 0.0211428
        m3 = 0.236943
        m4 = 0.0119124
        Tb = 19191.5
        Ta = 47195.7
        Tc = 10413.3
        Td = 5206.63
DiffEv reached_goal. cost=1.78067e-03 spread=2.47438e-06
Fitted parameter values
Free:
       pc1 = -1.83583
       pc2 = 1.96292
       pc3 = 0.370783
       pc4 = -1.06275
       pc5 = 1.20353
       pc6 = 0.495507
       pc7 = 0.183677
       pc8 = -1.35749
       pc9 = 0.837906
      pc10 = -0.977117
      pc11 = -0.915562
      pc12 = -0.0733146
      pc13 = -0.185964
      pc14 = -0.18888
      pc15 = -0.0944866
      pc16 = 0.12071
      pc17 = 0.0875809
Constrained:
   Tgbecnw = 104755
     Tecnw = 25786.1
       Tnw = 20573.2
       Tec = 10499.9
     twoNb = 1.10666e+06
     twoNe = 8447.95
     twoNc = 795288
     twoNn = 646658
    twoNec = 85098.7
    twoNnw = 16264.6
  twoNecnw = 59287.1
  twoNbecnw = 10688.2
  twoNgbecnw = 217433
         m = 0.125622
        m2 = 0.0180361
        m3 = 0.236879
        m4 = 0.0121675
        Tb = 18143
        Ta = 46671.5
        Tc = 10286.6
        Td = 5143.3
#       SitePat  BranchLen
              b 119694.8713692
              e 45190.0965214
              c 46056.2340869
              n 42310.0575255
              w 44971.6334020
            b:e 1286.8164938
            b:c 1449.5200458
            b:n 971.0042221
            b:w 1094.9800670
            e:c 11267.1138306
            e:n 4957.4126546
            e:w 3934.8906451
            c:n 4623.9217695
            c:w 3909.8377113
            n:w 12095.2435586
          b:e:c 1253.5354357
          b:e:n 568.0074185
          b:e:w 564.1797587
          b:c:n 557.7929604
          b:c:w 579.5435071
          b:n:w 1267.0568772
          e:c:n 4949.8888251
          e:c:w 3954.2740022
          e:n:w 5418.3297730
          c:n:w 5089.5648387
        b:e:c:n 1172.8841155
        b:e:c:w 1101.6304660
        b:e:n:w 1984.5774555
        b:c:n:w 1637.8956186
        e:c:n:w 47580.6588956
