########################################
# legofit: estimate population history #
#            version 2.3.3             #
########################################

# Program was compiled: Sep 12 2021 17:54:39
# Program was run: Thu Sep 16 03:17:25 2021

# cmd: legofit -1 -d 0 -t 32 --ptsPerDim 3 --stateOut b1boot11.state --tol 3e-6 -S 5000 abcd2.lgo ../../chrX/boot_chrX/boot11.opf
# Stage nOptItr nSimReps
#     0    5000        0
# algorithm          : deterministic
# ignoring probs <=  : 0
# Branch length floor: 0
# DE strategy        : 2
#    F               : 0.3
#    CR              : 0.8
#    tolerance       : 3e-06
# nthreads           : 32
# lgo input file     : abcd2.lgo
# site pat input file: ../../chrX/boot_chrX/boot11.opf
# free parameters    : 17
# points in DE swarm : 51
# output state file  : b1boot11.state
# Including singleton site patterns.
# cost function      : KL
Initial parameter values
Fixed:
      zero = 0
       one = 1
    Tbecnw = 75200
Free:
       pc1 = 0
       pc2 = 0
       pc3 = 0
       pc4 = 0
       pc5 = 0
       pc6 = 0
       pc7 = 0
       pc8 = 0
       pc9 = 0
      pc10 = 0
      pc11 = 0
      pc12 = 0
      pc13 = 0
      pc14 = 0
      pc15 = 0
      pc16 = 0
      pc17 = 0
Constrained:
   Tgbecnw = 237086
     Tecnw = 27652
       Tnw = 20826.5
       Tec = 10731
     twoNb = 1.21375e+06
     twoNe = 15678.3
     twoNc = 1.32561e+06
     twoNn = 349586
    twoNec = 89540.3
    twoNnw = 21153.7
  twoNecnw = 61225.3
  twoNbecnw = 23363.1
  twoNgbecnw = 265937
         m = 0.0902046
        m2 = 0.0211428
        m3 = 0.236943
        m4 = 0.0119124
        Tb = 19191.5
        Ta = 47195.7
        Tc = 10413.3
        Td = 5206.63
DiffEv reached_goal. cost=1.93113e-03 spread=2.84316e-06
Fitted parameter values
Free:
       pc1 = -1.30691
       pc2 = 0.140416
       pc3 = 0.940897
       pc4 = 0.797073
       pc5 = -0.518493
       pc6 = 1.09949
       pc7 = -1.36299
       pc8 = -0.336824
       pc9 = 1.0364
      pc10 = -1.24145
      pc11 = -0.268114
      pc12 = -0.38585
      pc13 = 0.0977683
      pc14 = -0.0798219
      pc15 = 0.412765
      pc16 = 0.109733
      pc17 = 0.0270284
Constrained:
   Tgbecnw = 131898
     Tecnw = 26995.8
       Tnw = 20545.8
       Tec = 10764.2
     twoNb = 1.53759e+06
     twoNe = 54318.7
     twoNc = 941729
     twoNn = 866898
    twoNec = 81054.9
    twoNnw = 18521.2
  twoNecnw = 61051.8
  twoNbecnw = 17432.1
  twoNgbecnw = 235410
         m = 0.114193
        m2 = 0.0230065
        m3 = 0.247878
        m4 = 0.0114381
        Tb = 18880
        Ta = 47040
        Tc = 10272.9
        Td = 5136.45
#       SitePat  BranchLen
              b 123996.8056622
              e 46747.9143402
              c 47472.0192254
              n 43490.0152372
              w 46436.5535242
            b:e 1345.9843229
            b:c 1478.0921296
            b:n 1001.1499211
            b:w 1140.8493070
            e:c 12148.1894004
            e:n 4949.0433974
            e:w 3918.5477091
            c:n 4761.2978837
            c:w 3866.2692725
            n:w 12990.1964348
          b:e:c 1323.2140481
          b:e:n 565.5319967
          b:e:w 572.1900143
          b:c:n 560.8093407
          b:c:w 578.8122036
          b:n:w 1361.1091669
          e:c:n 5162.3579599
          e:c:w 4027.3181056
          e:n:w 5529.3130428
          c:n:w 5254.4771663
        b:e:c:n 1194.4836004
        b:e:c:w 1144.1492772
        b:e:n:w 2151.7048359
        b:c:n:w 1808.4522952
        e:c:n:w 49443.3965280
