########################################
# legofit: estimate population history #
#            version 2.3.3             #
########################################

# Program was compiled: Sep 12 2021 17:54:39
# Program was run: Thu Sep 16 09:06:07 2021

# cmd: legofit -1 -d 0 -t 32 --ptsPerDim 3 --stateOut b1boot28.state --tol 3e-6 -S 5000 abcd2.lgo ../../chrX/boot_chrX/boot28.opf
# Stage nOptItr nSimReps
#     0    5000        0
# algorithm          : deterministic
# ignoring probs <=  : 0
# Branch length floor: 0
# DE strategy        : 2
#    F               : 0.3
#    CR              : 0.8
#    tolerance       : 3e-06
# nthreads           : 32
# lgo input file     : abcd2.lgo
# site pat input file: ../../chrX/boot_chrX/boot28.opf
# free parameters    : 17
# points in DE swarm : 51
# output state file  : b1boot28.state
# Including singleton site patterns.
# cost function      : KL
Initial parameter values
Fixed:
      zero = 0
       one = 1
    Tbecnw = 75200
Free:
       pc1 = 0
       pc2 = 0
       pc3 = 0
       pc4 = 0
       pc5 = 0
       pc6 = 0
       pc7 = 0
       pc8 = 0
       pc9 = 0
      pc10 = 0
      pc11 = 0
      pc12 = 0
      pc13 = 0
      pc14 = 0
      pc15 = 0
      pc16 = 0
      pc17 = 0
Constrained:
   Tgbecnw = 237086
     Tecnw = 27652
       Tnw = 20826.5
       Tec = 10731
     twoNb = 1.21375e+06
     twoNe = 15678.3
     twoNc = 1.32561e+06
     twoNn = 349586
    twoNec = 89540.3
    twoNnw = 21153.7
  twoNecnw = 61225.3
  twoNbecnw = 23363.1
  twoNgbecnw = 265937
         m = 0.0902046
        m2 = 0.0211428
        m3 = 0.236943
        m4 = 0.0119124
        Tb = 19191.5
        Ta = 47195.7
        Tc = 10413.3
        Td = 5206.63
DiffEv reached_goal. cost=1.99219e-03 spread=2.72503e-06
Fitted parameter values
Free:
       pc1 = -0.0773051
       pc2 = 1.84671
       pc3 = 0.337756
       pc4 = -0.437686
       pc5 = -0.831823
       pc6 = -0.0856363
       pc7 = -0.266667
       pc8 = -1.54424
       pc9 = 0.1357
      pc10 = -1.04169
      pc11 = -0.46282
      pc12 = 0.330333
      pc13 = 0.122654
      pc14 = -0.253021
      pc15 = -0.0354364
      pc16 = -0.0818864
      pc17 = 0.0685651
Constrained:
   Tgbecnw = 127850
     Tecnw = 26706
       Tnw = 19401.2
       Tec = 9748.84
     twoNb = 1.68718e+06
     twoNe = 3107.03
     twoNc = 375775
     twoNn = 365196
    twoNec = 93265.6
    twoNnw = 22348.3
  twoNecnw = 59140.3
  twoNbecnw = 15760.5
  twoNgbecnw = 275814
         m = 0.0937247
        m2 = 0.0196986
        m3 = 0.235386
        m4 = 0.0123209
        Tb = 18227.4
        Ta = 46713.7
        Tc = 9700.6
        Td = 4850.3
#       SitePat  BranchLen
              b 121418.2706681
              e 46202.2419043
              c 47026.3605021
              n 43005.1216283
              w 45644.2016399
            b:e 1280.7835723
            b:c 1412.5532770
            b:n 972.6492482
            b:w 1097.9400995
            e:c 11566.1961213
            e:n 4933.7481998
            e:w 3957.7832358
            c:n 4682.8497403
            c:w 3911.5005612
            n:w 12557.2790824
          b:e:c 1257.9457626
          b:e:n 561.8610510
          b:e:w 563.5105271
          b:c:n 555.2172578
          b:c:w 573.3963462
          b:n:w 1283.9911435
          e:c:n 4976.8526440
          e:c:w 3991.7801666
          e:n:w 5466.8944999
          c:n:w 5169.6586875
        b:e:c:n 1155.7205906
        b:e:c:w 1103.9078255
        b:e:n:w 2062.0959470
        b:c:n:w 1697.3824612
        e:c:n:w 47915.9040160
