########################################
# legofit: estimate population history #
#            version 2.3.3             #
########################################

# Program was compiled: Sep 12 2021 17:54:39
# Program was run: Thu Sep 16 08:19:11 2021

# cmd: legofit -1 -d 0 -t 32 --ptsPerDim 3 --stateOut b1boot24.state --tol 3e-6 -S 5000 abcd2.lgo ../../chrX/boot_chrX/boot24.opf
# Stage nOptItr nSimReps
#     0    5000        0
# algorithm          : deterministic
# ignoring probs <=  : 0
# Branch length floor: 0
# DE strategy        : 2
#    F               : 0.3
#    CR              : 0.8
#    tolerance       : 3e-06
# nthreads           : 32
# lgo input file     : abcd2.lgo
# site pat input file: ../../chrX/boot_chrX/boot24.opf
# free parameters    : 17
# points in DE swarm : 51
# output state file  : b1boot24.state
# Including singleton site patterns.
# cost function      : KL
Initial parameter values
Fixed:
      zero = 0
       one = 1
    Tbecnw = 75200
Free:
       pc1 = 0
       pc2 = 0
       pc3 = 0
       pc4 = 0
       pc5 = 0
       pc6 = 0
       pc7 = 0
       pc8 = 0
       pc9 = 0
      pc10 = 0
      pc11 = 0
      pc12 = 0
      pc13 = 0
      pc14 = 0
      pc15 = 0
      pc16 = 0
      pc17 = 0
Constrained:
   Tgbecnw = 237086
     Tecnw = 27652
       Tnw = 20826.5
       Tec = 10731
     twoNb = 1.21375e+06
     twoNe = 15678.3
     twoNc = 1.32561e+06
     twoNn = 349586
    twoNec = 89540.3
    twoNnw = 21153.7
  twoNecnw = 61225.3
  twoNbecnw = 23363.1
  twoNgbecnw = 265937
         m = 0.0902046
        m2 = 0.0211428
        m3 = 0.236943
        m4 = 0.0119124
        Tb = 19191.5
        Ta = 47195.7
        Tc = 10413.3
        Td = 5206.63
DiffEv reached_goal. cost=1.98114e-03 spread=2.80108e-06
Fitted parameter values
Free:
       pc1 = -2.34414
       pc2 = 0.962473
       pc3 = -0.651885
       pc4 = -1.23465
       pc5 = -0.366965
       pc6 = 0.66877
       pc7 = 0.173999
       pc8 = -1.22112
       pc9 = 0.0985552
      pc10 = -1.91841
      pc11 = 0.291339
      pc12 = -0.447787
      pc13 = 0.199995
      pc14 = 0.137254
      pc15 = 0.0269665
      pc16 = -0.0493326
      pc17 = -0.0291545
Constrained:
   Tgbecnw = 111382
     Tecnw = 25438.4
       Tnw = 21513.4
       Tec = 11473.4
     twoNb = 1.37502e+06
     twoNe = 32708.3
     twoNc = 741929
     twoNn = 279371
    twoNec = 74840.6
    twoNnw = 12123.5
  twoNecnw = 60006.8
  twoNbecnw = 11414.4
  twoNgbecnw = 299202
         m = 0.0876989
        m2 = 0.0202237
        m3 = 0.238309
        m4 = 0.0136915
        Tb = 18455.9
        Ta = 46827.9
        Tc = 10756.7
        Td = 5378.34
#       SitePat  BranchLen
              b 118832.0447480
              e 45145.4700365
              c 46073.2996803
              n 42294.2396557
              w 44963.1949028
            b:e 1270.4543735
            b:c 1422.4201965
            b:n 968.6217010
            b:w 1100.2340186
            e:c 11346.6048252
            e:n 4927.4955983
            e:w 3923.9693632
            c:n 4614.7477267
            c:w 3882.3896850
            n:w 12098.3123066
          b:e:c 1263.5285386
          b:e:n 564.7275868
          b:e:w 564.0712819
          b:c:n 556.1291136
          b:c:w 578.5786511
          b:n:w 1284.4709371
          e:c:n 4963.8693281
          e:c:w 3938.4302446
          e:n:w 5385.6262457
          c:n:w 5051.9440241
        b:e:c:n 1177.9565597
        b:e:c:w 1116.9191607
        b:e:n:w 2098.6771708
        b:c:n:w 1700.9824788
        e:c:n:w 46812.0164663
