########################################
# legofit: estimate population history #
#            version 2.3.3             #
########################################

# Program was compiled: Sep 12 2021 17:54:39
# Program was run: Thu Sep 16 09:22:01 2021

# cmd: legofit -1 -d 0 -t 32 --ptsPerDim 3 --stateOut b1boot29.state --tol 3e-6 -S 5000 abcd2.lgo ../../chrX/boot_chrX/boot29.opf
# Stage nOptItr nSimReps
#     0    5000        0
# algorithm          : deterministic
# ignoring probs <=  : 0
# Branch length floor: 0
# DE strategy        : 2
#    F               : 0.3
#    CR              : 0.8
#    tolerance       : 3e-06
# nthreads           : 32
# lgo input file     : abcd2.lgo
# site pat input file: ../../chrX/boot_chrX/boot29.opf
# free parameters    : 17
# points in DE swarm : 51
# output state file  : b1boot29.state
# Including singleton site patterns.
# cost function      : KL
Initial parameter values
Fixed:
      zero = 0
       one = 1
    Tbecnw = 75200
Free:
       pc1 = 0
       pc2 = 0
       pc3 = 0
       pc4 = 0
       pc5 = 0
       pc6 = 0
       pc7 = 0
       pc8 = 0
       pc9 = 0
      pc10 = 0
      pc11 = 0
      pc12 = 0
      pc13 = 0
      pc14 = 0
      pc15 = 0
      pc16 = 0
      pc17 = 0
Constrained:
   Tgbecnw = 237086
     Tecnw = 27652
       Tnw = 20826.5
       Tec = 10731
     twoNb = 1.21375e+06
     twoNe = 15678.3
     twoNc = 1.32561e+06
     twoNn = 349586
    twoNec = 89540.3
    twoNnw = 21153.7
  twoNecnw = 61225.3
  twoNbecnw = 23363.1
  twoNgbecnw = 265937
         m = 0.0902046
        m2 = 0.0211428
        m3 = 0.236943
        m4 = 0.0119124
        Tb = 19191.5
        Ta = 47195.7
        Tc = 10413.3
        Td = 5206.63
DiffEv reached_goal. cost=1.91771e-03 spread=2.31523e-06
Fitted parameter values
Free:
       pc1 = -1.16292
       pc2 = 0.282955
       pc3 = -1.46792
       pc4 = -0.0277442
       pc5 = -0.786611
       pc6 = 1.15239
       pc7 = 0.331451
       pc8 = -1.31342
       pc9 = 1.22211
      pc10 = -0.399368
      pc11 = -0.673735
      pc12 = -0.128299
      pc13 = 0.234419
      pc14 = -0.192227
      pc15 = 0.420796
      pc16 = -0.104987
      pc17 = -0.147857
Constrained:
   Tgbecnw = 125116
     Tecnw = 27229.3
       Tnw = 21186.7
       Tec = 10993
     twoNb = 1.31266e+06
     twoNe = 58402.5
     twoNc = 722665
     twoNn = 13567.2
    twoNec = 84008.5
    twoNnw = 17833.6
  twoNecnw = 58944.7
  twoNbecnw = 15536.1
  twoNgbecnw = 241788
         m = 0.110459
        m2 = 0.02021
        m3 = 0.261926
        m4 = 0.0122558
        Tb = 19111.1
        Ta = 47155.6
        Tc = 10593.3
        Td = 5296.67
#       SitePat  BranchLen
              b 122221.3360270
              e 46317.1787715
              c 47053.9297673
              n 43379.3958644
              w 46341.3726968
            b:e 1267.4360129
            b:c 1409.9733970
            b:n 958.3847253
            b:w 1095.3685091
            e:c 11625.6653665
            e:n 4915.8831492
            e:w 3892.4145986
            c:n 4740.8486344
            c:w 3830.6070136
            n:w 12292.6702236
          b:e:c 1238.7959214
          b:e:n 547.5398063
          b:e:w 553.9711101
          b:c:n 544.1787400
          b:c:w 559.6868131
          b:n:w 1267.1480911
          e:c:n 5086.6925913
          e:c:w 3956.7952176
          e:n:w 5379.6140839
          c:n:w 5092.7566525
        b:e:c:n 1152.0081874
        b:e:c:w 1094.7158055
        b:e:n:w 2029.5336837
        b:c:n:w 1671.5900560
        e:c:n:w 48553.4229847
