########################################
# legofit: estimate population history #
#            version 2.3.3             #
########################################

# Program was compiled: Sep 12 2021 17:54:39
# Program was run: Wed Sep 15 12:19:12 2021

# cmd: legofit -1 -d 0 -t 32 --ptsPerDim 3 --stateOut b1boot2.state --tol 3e-6 -S 5000 abcd2.lgo ../../chrX/boot_chrX/boot2.opf
# Stage nOptItr nSimReps
#     0    5000        0
# algorithm          : deterministic
# ignoring probs <=  : 0
# Branch length floor: 0
# DE strategy        : 2
#    F               : 0.3
#    CR              : 0.8
#    tolerance       : 3e-06
# nthreads           : 32
# lgo input file     : abcd2.lgo
# site pat input file: ../../chrX/boot_chrX/boot2.opf
# free parameters    : 17
# points in DE swarm : 51
# output state file  : b1boot2.state
# Including singleton site patterns.
# cost function      : KL
Initial parameter values
Fixed:
      zero = 0
       one = 1
    Tbecnw = 75200
Free:
       pc1 = 0
       pc2 = 0
       pc3 = 0
       pc4 = 0
       pc5 = 0
       pc6 = 0
       pc7 = 0
       pc8 = 0
       pc9 = 0
      pc10 = 0
      pc11 = 0
      pc12 = 0
      pc13 = 0
      pc14 = 0
      pc15 = 0
      pc16 = 0
      pc17 = 0
Constrained:
   Tgbecnw = 237086
     Tecnw = 27652
       Tnw = 20826.5
       Tec = 10731
     twoNb = 1.21375e+06
     twoNe = 15678.3
     twoNc = 1.32561e+06
     twoNn = 349586
    twoNec = 89540.3
    twoNnw = 21153.7
  twoNecnw = 61225.3
  twoNbecnw = 23363.1
  twoNgbecnw = 265937
         m = 0.0902046
        m2 = 0.0211428
        m3 = 0.236943
        m4 = 0.0119124
        Tb = 19191.5
        Ta = 47195.7
        Tc = 10413.3
        Td = 5206.63
DiffEv reached_goal. cost=1.96338e-03 spread=2.97086e-06
Fitted parameter values
Free:
       pc1 = -1.30398
       pc2 = 1.38001
       pc3 = -1.14197
       pc4 = 0.136337
       pc5 = -1.10533
       pc6 = 0.79965
       pc7 = 0.46749
       pc8 = -0.272298
       pc9 = 0.245159
      pc10 = -1.01496
      pc11 = -0.260905
      pc12 = 0.0100965
      pc13 = 0.378695
      pc14 = -0.149303
      pc15 = 0.275576
      pc16 = -0.131314
      pc17 = 0.0177841
Constrained:
   Tgbecnw = 123971
     Tecnw = 26593.4
       Tnw = 19909.3
       Tec = 10626.8
     twoNb = 1.49289e+06
     twoNe = 53030.8
     twoNc = 2.03733e+06
     twoNn = 49742.1
    twoNec = 84716.5
    twoNnw = 19348
  twoNecnw = 59895.4
  twoNbecnw = 14921.2
  twoNgbecnw = 266491
         m = 0.0965566
        m2 = 0.0204886
        m3 = 0.244502
        m4 = 0.0130807
        Tb = 18610.1
        Ta = 46905
        Tc = 9954.63
        Td = 4977.32
#       SitePat  BranchLen
              b 120579.2589401
              e 46164.6376026
              c 46991.2095474
              n 42795.5943406
              w 45561.7032570
            b:e 1282.8341466
            b:c 1424.7623643
            b:n 959.8964294
            b:w 1091.6308189
            e:c 11650.9531038
            e:n 4888.3633702
            e:w 3891.7842799
            c:n 4655.8067966
            c:w 3836.7883007
            n:w 12728.5735958
          b:e:c 1270.9291307
          b:e:n 553.0864091
          b:e:w 556.4565420
          b:c:n 547.5443024
          b:c:w 565.3923750
          b:n:w 1296.8595133
          e:c:n 4969.2527765
          e:c:w 3921.6622762
          e:n:w 5455.9124636
          c:n:w 5149.0934389
        b:e:c:n 1152.9074390
        b:e:c:w 1097.0340620
        b:e:n:w 2080.4453005
        b:c:n:w 1702.9228723
        e:c:n:w 47225.7020609
