########################################
# legofit: estimate population history #
#            version 2.3.3             #
########################################

# Program was compiled: Sep 12 2021 17:54:39
# Program was run: Thu Sep 16 10:17:11 2021

# cmd: legofit -1 -d 0 -t 32 --ptsPerDim 3 --stateOut b1boot35.state --tol 3e-6 -S 5000 abcd2.lgo ../../chrX/boot_chrX/boot35.opf
# Stage nOptItr nSimReps
#     0    5000        0
# algorithm          : deterministic
# ignoring probs <=  : 0
# Branch length floor: 0
# DE strategy        : 2
#    F               : 0.3
#    CR              : 0.8
#    tolerance       : 3e-06
# nthreads           : 32
# lgo input file     : abcd2.lgo
# site pat input file: ../../chrX/boot_chrX/boot35.opf
# free parameters    : 17
# points in DE swarm : 51
# output state file  : b1boot35.state
# Including singleton site patterns.
# cost function      : KL
Initial parameter values
Fixed:
      zero = 0
       one = 1
    Tbecnw = 75200
Free:
       pc1 = 0
       pc2 = 0
       pc3 = 0
       pc4 = 0
       pc5 = 0
       pc6 = 0
       pc7 = 0
       pc8 = 0
       pc9 = 0
      pc10 = 0
      pc11 = 0
      pc12 = 0
      pc13 = 0
      pc14 = 0
      pc15 = 0
      pc16 = 0
      pc17 = 0
Constrained:
   Tgbecnw = 237086
     Tecnw = 27652
       Tnw = 20826.5
       Tec = 10731
     twoNb = 1.21375e+06
     twoNe = 15678.3
     twoNc = 1.32561e+06
     twoNn = 349586
    twoNec = 89540.3
    twoNnw = 21153.7
  twoNecnw = 61225.3
  twoNbecnw = 23363.1
  twoNgbecnw = 265937
         m = 0.0902046
        m2 = 0.0211428
        m3 = 0.236943
        m4 = 0.0119124
        Tb = 19191.5
        Ta = 47195.7
        Tc = 10413.3
        Td = 5206.63
DiffEv reached_goal. cost=2.02897e-03 spread=2.91154e-06
Fitted parameter values
Free:
       pc1 = -0.527858
       pc2 = 1.96479
       pc3 = -0.77868
       pc4 = 0.754077
       pc5 = 0.0285299
       pc6 = 1.2903
       pc7 = 1.44492
       pc8 = -0.0191928
       pc9 = 0.228268
      pc10 = 0.473343
      pc11 = -0.668556
      pc12 = 0.615869
      pc13 = -0.0136824
      pc14 = -0.185352
      pc15 = 0.023369
      pc16 = -0.249116
      pc17 = -0.0536258
Constrained:
   Tgbecnw = 125350
     Tecnw = 27402.6
       Tnw = 19422.8
       Tec = 9925.23
     twoNb = 1.15433e+06
     twoNe = 15080.4
     twoNc = 3.21078e+06
     twoNn = 43314.4
    twoNec = 95334.4
    twoNnw = 24831.5
  twoNecnw = 60401.2
  twoNbecnw = 16040.9
  twoNgbecnw = 221904
         m = 0.125153
        m2 = 0.0194793
        m3 = 0.252532
        m4 = 0.0125703
        Tb = 18663.9
        Ta = 46932
        Tc = 9711.39
        Td = 4855.69
#       SitePat  BranchLen
              b 123834.2950420
              e 46894.5847836
              c 47724.6130152
              n 43855.5615927
              w 46742.5838427
            b:e 1311.1925767
            b:c 1474.8773807
            b:n 992.2609636
            b:w 1121.0390728
            e:c 11604.5346981
            e:n 5059.1780024
            e:w 3998.6080661
            c:n 4804.3249442
            c:w 3949.8493592
            n:w 12443.7449583
          b:e:c 1254.0052728
          b:e:n 571.8057196
          b:e:w 573.6529999
          b:c:n 564.9792321
          b:c:w 583.3672113
          b:n:w 1279.2225244
          e:c:n 5073.1259848
          e:c:w 4009.1288573
          e:n:w 5447.3511481
          c:n:w 5130.8538547
        b:e:c:n 1180.1730139
        b:e:c:w 1123.1801222
        b:e:n:w 2074.4314232
        b:c:n:w 1697.9395354
        e:c:n:w 49461.4699317
