########################################
# legofit: estimate population history #
#            version 2.3.3             #
########################################

# Program was compiled: Sep 12 2021 17:54:39
# Program was run: Thu Sep 16 00:44:07 2021

# cmd: legofit -1 -d 0 -t 32 --ptsPerDim 3 --stateOut b1boot7.state --tol 3e-6 -S 5000 abcd2.lgo ../../chrX/boot_chrX/boot7.opf
# Stage nOptItr nSimReps
#     0    5000        0
# algorithm          : deterministic
# ignoring probs <=  : 0
# Branch length floor: 0
# DE strategy        : 2
#    F               : 0.3
#    CR              : 0.8
#    tolerance       : 3e-06
# nthreads           : 32
# lgo input file     : abcd2.lgo
# site pat input file: ../../chrX/boot_chrX/boot7.opf
# free parameters    : 17
# points in DE swarm : 51
# output state file  : b1boot7.state
# Including singleton site patterns.
# cost function      : KL
Initial parameter values
Fixed:
      zero = 0
       one = 1
    Tbecnw = 75200
Free:
       pc1 = 0
       pc2 = 0
       pc3 = 0
       pc4 = 0
       pc5 = 0
       pc6 = 0
       pc7 = 0
       pc8 = 0
       pc9 = 0
      pc10 = 0
      pc11 = 0
      pc12 = 0
      pc13 = 0
      pc14 = 0
      pc15 = 0
      pc16 = 0
      pc17 = 0
Constrained:
   Tgbecnw = 237086
     Tecnw = 27652
       Tnw = 20826.5
       Tec = 10731
     twoNb = 1.21375e+06
     twoNe = 15678.3
     twoNc = 1.32561e+06
     twoNn = 349586
    twoNec = 89540.3
    twoNnw = 21153.7
  twoNecnw = 61225.3
  twoNbecnw = 23363.1
  twoNgbecnw = 265937
         m = 0.0902046
        m2 = 0.0211428
        m3 = 0.236943
        m4 = 0.0119124
        Tb = 19191.5
        Ta = 47195.7
        Tc = 10413.3
        Td = 5206.63
DiffEv reached_goal. cost=1.92911e-03 spread=2.68443e-06
Fitted parameter values
Free:
       pc1 = -0.316265
       pc2 = 0.954529
       pc3 = 0.432322
       pc4 = 0.827313
       pc5 = 0.342908
       pc6 = 1.60981
       pc7 = -0.752808
       pc8 = -0.333232
       pc9 = -0.542856
      pc10 = -0.574638
      pc11 = -0.449753
      pc12 = 0.100995
      pc13 = 0.035806
      pc14 = 0.224885
      pc15 = 0.178351
      pc16 = -0.0646192
      pc17 = -0.0791394
Constrained:
   Tgbecnw = 142416
     Tecnw = 27602.6
       Tnw = 20113.7
       Tec = 10258.6
     twoNb = 1.40623e+06
     twoNe = 12517.2
     twoNc = 2.20309e+06
     twoNn = 825814
    twoNec = 87370.6
    twoNnw = 22893.1
  twoNecnw = 60659.3
  twoNbecnw = 19253
  twoNgbecnw = 260509
         m = 0.0966941
        m2 = 0.0210452
        m3 = 0.253728
        m4 = 0.0132063
        Tb = 18930.6
        Ta = 47065.3
        Tc = 10056.9
        Td = 5028.44
#       SitePat  BranchLen
              b 123335.4939228
              e 46960.0121945
              c 47852.9892140
              n 44118.4822847
              w 47248.3362381
            b:e 1335.9564194
            b:c 1486.2823094
            b:n 1032.0699511
            b:w 1187.3661998
            e:c 12089.8823323
            e:n 5129.6928605
            e:w 3990.0660402
            c:n 4847.0516228
            c:w 3941.9683355
            n:w 12685.3124448
          b:e:c 1323.0279106
          b:e:n 588.8557224
          b:e:w 590.7700450
          b:c:n 580.5835259
          b:c:w 602.0269545
          b:n:w 1357.0490204
          e:c:n 5283.0060711
          e:c:w 4091.4229279
          e:n:w 5490.0487858
          c:n:w 5167.4746462
        b:e:c:n 1237.1285249
        b:e:c:w 1164.9138735
        b:e:n:w 2151.0030541
        b:c:n:w 1758.0283956
        e:c:n:w 48304.7693922
