########################################
# legofit: estimate population history #
#            version 2.3.3             #
########################################

# Program was compiled: Sep 12 2021 17:54:39
# Program was run: Thu Sep 16 09:58:44 2021

# cmd: legofit -1 -d 0 -t 32 --ptsPerDim 3 --stateOut b1boot32.state --tol 3e-6 -S 5000 abcd2.lgo ../../chrX/boot_chrX/boot32.opf
# Stage nOptItr nSimReps
#     0    5000        0
# algorithm          : deterministic
# ignoring probs <=  : 0
# Branch length floor: 0
# DE strategy        : 2
#    F               : 0.3
#    CR              : 0.8
#    tolerance       : 3e-06
# nthreads           : 32
# lgo input file     : abcd2.lgo
# site pat input file: ../../chrX/boot_chrX/boot32.opf
# free parameters    : 17
# points in DE swarm : 51
# output state file  : b1boot32.state
# Including singleton site patterns.
# cost function      : KL
Initial parameter values
Fixed:
      zero = 0
       one = 1
    Tbecnw = 75200
Free:
       pc1 = 0
       pc2 = 0
       pc3 = 0
       pc4 = 0
       pc5 = 0
       pc6 = 0
       pc7 = 0
       pc8 = 0
       pc9 = 0
      pc10 = 0
      pc11 = 0
      pc12 = 0
      pc13 = 0
      pc14 = 0
      pc15 = 0
      pc16 = 0
      pc17 = 0
Constrained:
   Tgbecnw = 237086
     Tecnw = 27652
       Tnw = 20826.5
       Tec = 10731
     twoNb = 1.21375e+06
     twoNe = 15678.3
     twoNc = 1.32561e+06
     twoNn = 349586
    twoNec = 89540.3
    twoNnw = 21153.7
  twoNecnw = 61225.3
  twoNbecnw = 23363.1
  twoNgbecnw = 265937
         m = 0.0902046
        m2 = 0.0211428
        m3 = 0.236943
        m4 = 0.0119124
        Tb = 19191.5
        Ta = 47195.7
        Tc = 10413.3
        Td = 5206.63
DiffEv reached_goal. cost=1.92566e-03 spread=2.80412e-06
Fitted parameter values
Free:
       pc1 = -3.79888
       pc2 = 0.73803
       pc3 = -0.784041
       pc4 = -1.04668
       pc5 = -0.591786
       pc6 = -1.40819
       pc7 = -0.861359
       pc8 = -0.714923
       pc9 = 0.647144
      pc10 = -0.815488
      pc11 = 0.413218
      pc12 = -0.949374
      pc13 = 0.126738
      pc14 = -0.331371
      pc15 = 0.334373
      pc16 = -0.000806465
      pc17 = -0.0643074
Constrained:
   Tgbecnw = 119581
     Tecnw = 25939.6
       Tnw = 23142
       Tec = 12359.8
     twoNb = 1.51811e+06
     twoNe = 74461.4
     twoNc = 172484
     twoNn = 236593
    twoNec = 71777
    twoNnw = 8806.41
  twoNecnw = 63031.6
  twoNbecnw = 14636.6
  twoNgbecnw = 220228
         m = 0.126802
        m2 = 0.0193943
        m3 = 0.209579
        m4 = 0.0128843
        Tb = 19149.7
        Ta = 47174.8
        Tc = 11571
        Td = 5785.5
#       SitePat  BranchLen
              b 122829.3318983
              e 46527.4080818
              c 47314.3938777
              n 43780.1349904
              w 46132.4252862
            b:e 1310.3101764
            b:c 1462.4098229
            b:n 993.9865463
            b:w 1107.3570537
            e:c 11827.1391970
            e:n 4831.6235177
            e:w 4008.3397934
            c:n 4640.0999337
            c:w 3944.6607680
            n:w 12522.2149915
          b:e:c 1297.1911653
          b:e:n 563.0802689
          b:e:w 566.5593612
          b:c:n 558.8145545
          b:c:w 573.0458937
          b:n:w 1323.5777278
          e:c:n 4968.1078392
          e:c:w 4056.6170773
          e:n:w 5488.1975357
          c:n:w 5183.1686462
        b:e:c:n 1172.9633007
        b:e:c:w 1119.8057847
        b:e:n:w 2092.4484551
        b:c:n:w 1711.3734953
        e:c:n:w 48852.4644693
