########################################
# legofit: estimate population history #
#            version 2.3.3             #
########################################

# Program was compiled: Sep 12 2021 17:54:39
# Program was run: Thu Sep 16 10:23:17 2021

# cmd: legofit -1 -d 0 -t 32 --ptsPerDim 3 --stateOut b1boot38.state --tol 3e-6 -S 5000 abcd2.lgo ../../chrX/boot_chrX/boot38.opf
# Stage nOptItr nSimReps
#     0    5000        0
# algorithm          : deterministic
# ignoring probs <=  : 0
# Branch length floor: 0
# DE strategy        : 2
#    F               : 0.3
#    CR              : 0.8
#    tolerance       : 3e-06
# nthreads           : 32
# lgo input file     : abcd2.lgo
# site pat input file: ../../chrX/boot_chrX/boot38.opf
# free parameters    : 17
# points in DE swarm : 51
# output state file  : b1boot38.state
# Including singleton site patterns.
# cost function      : KL
Initial parameter values
Fixed:
      zero = 0
       one = 1
    Tbecnw = 75200
Free:
       pc1 = 0
       pc2 = 0
       pc3 = 0
       pc4 = 0
       pc5 = 0
       pc6 = 0
       pc7 = 0
       pc8 = 0
       pc9 = 0
      pc10 = 0
      pc11 = 0
      pc12 = 0
      pc13 = 0
      pc14 = 0
      pc15 = 0
      pc16 = 0
      pc17 = 0
Constrained:
   Tgbecnw = 237086
     Tecnw = 27652
       Tnw = 20826.5
       Tec = 10731
     twoNb = 1.21375e+06
     twoNe = 15678.3
     twoNc = 1.32561e+06
     twoNn = 349586
    twoNec = 89540.3
    twoNnw = 21153.7
  twoNecnw = 61225.3
  twoNbecnw = 23363.1
  twoNgbecnw = 265937
         m = 0.0902046
        m2 = 0.0211428
        m3 = 0.236943
        m4 = 0.0119124
        Tb = 19191.5
        Ta = 47195.7
        Tc = 10413.3
        Td = 5206.63
DiffEv reached_goal. cost=2.01073e-03 spread=2.73301e-06
Fitted parameter values
Free:
       pc1 = -2.37542
       pc2 = 1.04099
       pc3 = -1.30235
       pc4 = -0.791829
       pc5 = -0.329684
       pc6 = -0.320953
       pc7 = -0.379329
       pc8 = -0.788861
       pc9 = 0.482305
      pc10 = -0.698852
      pc11 = 0.0928748
      pc12 = -0.444995
      pc13 = 0.101162
      pc14 = -0.0272231
      pc15 = -0.0324363
      pc16 = 0.0193173
      pc17 = 0.00219503
Constrained:
   Tgbecnw = 126401
     Tecnw = 26315.4
       Tnw = 21407
       Tec = 11867.4
     twoNb = 1.3639e+06
     twoNe = 55712.8
     twoNc = 629702
     twoNn = 165138
    twoNec = 78016.8
    twoNnw = 15683.6
  twoNecnw = 61289.8
  twoNbecnw = 15805.4
  twoNgbecnw = 245273
         m = 0.114005
        m2 = 0.0191142
        m3 = 0.228675
        m4 = 0.0135123
        Tb = 19091.4
        Ta = 47145.7
        Tc = 10703.5
        Td = 5351.76
#       SitePat  BranchLen
              b 123719.8990378
              e 46408.5441849
              c 47346.8436331
              n 43575.6142351
              w 46179.2658621
            b:e 1284.0557408
            b:c 1448.2834821
            b:n 981.7563243
            b:w 1105.0148017
            e:c 11583.1255023
            e:n 5002.3192651
            e:w 4026.8046179
            c:n 4701.2228236
            c:w 3981.5304274
            n:w 12351.4567907
          b:e:c 1251.9710987
          b:e:n 564.3660164
          b:e:w 563.6258999
          b:c:n 555.5408653
          b:c:w 575.9619468
          b:n:w 1279.1809658
          e:c:n 5053.6048420
          e:c:w 4057.0898082
          e:n:w 5493.8931157
          c:n:w 5150.2077574
        b:e:c:n 1163.4962154
        b:e:c:w 1108.6272811
        b:e:n:w 2104.8468272
        b:c:n:w 1688.8645646
        e:c:n:w 49729.1210784
