########################################
# legofit: estimate population history #
#            version 2.3.3             #
########################################

# Program was compiled: Sep 12 2021 17:54:39
# Program was run: Thu Sep 16 10:06:57 2021

# cmd: legofit -1 -d 0 -t 32 --ptsPerDim 3 --stateOut b1boot34.state --tol 3e-6 -S 5000 abcd2.lgo ../../chrX/boot_chrX/boot34.opf
# Stage nOptItr nSimReps
#     0    5000        0
# algorithm          : deterministic
# ignoring probs <=  : 0
# Branch length floor: 0
# DE strategy        : 2
#    F               : 0.3
#    CR              : 0.8
#    tolerance       : 3e-06
# nthreads           : 32
# lgo input file     : abcd2.lgo
# site pat input file: ../../chrX/boot_chrX/boot34.opf
# free parameters    : 17
# points in DE swarm : 51
# output state file  : b1boot34.state
# Including singleton site patterns.
# cost function      : KL
Initial parameter values
Fixed:
      zero = 0
       one = 1
    Tbecnw = 75200
Free:
       pc1 = 0
       pc2 = 0
       pc3 = 0
       pc4 = 0
       pc5 = 0
       pc6 = 0
       pc7 = 0
       pc8 = 0
       pc9 = 0
      pc10 = 0
      pc11 = 0
      pc12 = 0
      pc13 = 0
      pc14 = 0
      pc15 = 0
      pc16 = 0
      pc17 = 0
Constrained:
   Tgbecnw = 237086
     Tecnw = 27652
       Tnw = 20826.5
       Tec = 10731
     twoNb = 1.21375e+06
     twoNe = 15678.3
     twoNc = 1.32561e+06
     twoNn = 349586
    twoNec = 89540.3
    twoNnw = 21153.7
  twoNecnw = 61225.3
  twoNbecnw = 23363.1
  twoNgbecnw = 265937
         m = 0.0902046
        m2 = 0.0211428
        m3 = 0.236943
        m4 = 0.0119124
        Tb = 19191.5
        Ta = 47195.7
        Tc = 10413.3
        Td = 5206.63
DiffEv reached_goal. cost=1.86030e-03 spread=2.89294e-06
Fitted parameter values
Free:
       pc1 = -3.2132
       pc2 = 1.64503
       pc3 = -1.77024
       pc4 = 0.244003
       pc5 = -1.58458
       pc6 = -0.277658
       pc7 = -0.65844
       pc8 = -0.231105
       pc9 = 0.0969109
      pc10 = -1.27927
      pc11 = -0.45638
      pc12 = -0.864791
      pc13 = 0.282264
      pc14 = -0.19617
      pc15 = 0.323214
      pc16 = 0.146592
      pc17 = -0.0562159
Constrained:
   Tgbecnw = 118901
     Tecnw = 26164.5
       Tnw = 21122.1
       Tec = 11951.6
     twoNb = 1.83451e+06
     twoNe = 96991.6
     twoNc = 1.84847e+06
     twoNn = 120067
    twoNec = 73156.5
    twoNnw = 16025.3
  twoNecnw = 60305.3
  twoNbecnw = 14164.3
  twoNgbecnw = 228718
         m = 0.120398
        m2 = 0.0193475
        m3 = 0.226871
        m4 = 0.013863
        Tb = 19058
        Ta = 47129
        Tc = 10561.1
        Td = 5280.53
#       SitePat  BranchLen
              b 122070.8249274
              e 45796.6914089
              c 46687.0852765
              n 43139.3417402
              w 45737.1279108
            b:e 1235.7470495
            b:c 1390.9837759
            b:n 951.7212803
            b:w 1074.5423115
            e:c 11652.3559885
            e:n 4869.9798757
            e:w 3942.6345924
            c:n 4628.7054932
            c:w 3881.8102830
            n:w 12292.4995797
          b:e:c 1225.7098596
          b:e:n 540.9611029
          b:e:w 543.5163237
          b:c:n 534.9966613
          b:c:w 552.1539395
          b:n:w 1254.7982984
          e:c:n 5037.7934715
          e:c:w 4027.6739501
          e:n:w 5398.1165471
          c:n:w 5063.7834579
        b:e:c:n 1134.4037827
        b:e:c:w 1078.4441622
        b:e:n:w 2048.7992240
        b:c:n:w 1636.9270435
        e:c:n:w 48741.7028886
