########################################
# legofit: estimate population history #
#            version 2.3.3             #
########################################

# Program was compiled: Sep 12 2021 17:54:39
# Program was run: Thu Sep 16 06:52:28 2021

# cmd: legofit -1 -d 0 -t 32 --ptsPerDim 3 --stateOut b1boot20.state --tol 3e-6 -S 5000 abcd2.lgo ../../chrX/boot_chrX/boot20.opf
# Stage nOptItr nSimReps
#     0    5000        0
# algorithm          : deterministic
# ignoring probs <=  : 0
# Branch length floor: 0
# DE strategy        : 2
#    F               : 0.3
#    CR              : 0.8
#    tolerance       : 3e-06
# nthreads           : 32
# lgo input file     : abcd2.lgo
# site pat input file: ../../chrX/boot_chrX/boot20.opf
# free parameters    : 17
# points in DE swarm : 51
# output state file  : b1boot20.state
# Including singleton site patterns.
# cost function      : KL
Initial parameter values
Fixed:
      zero = 0
       one = 1
    Tbecnw = 75200
Free:
       pc1 = 0
       pc2 = 0
       pc3 = 0
       pc4 = 0
       pc5 = 0
       pc6 = 0
       pc7 = 0
       pc8 = 0
       pc9 = 0
      pc10 = 0
      pc11 = 0
      pc12 = 0
      pc13 = 0
      pc14 = 0
      pc15 = 0
      pc16 = 0
      pc17 = 0
Constrained:
   Tgbecnw = 237086
     Tecnw = 27652
       Tnw = 20826.5
       Tec = 10731
     twoNb = 1.21375e+06
     twoNe = 15678.3
     twoNc = 1.32561e+06
     twoNn = 349586
    twoNec = 89540.3
    twoNnw = 21153.7
  twoNecnw = 61225.3
  twoNbecnw = 23363.1
  twoNgbecnw = 265937
         m = 0.0902046
        m2 = 0.0211428
        m3 = 0.236943
        m4 = 0.0119124
        Tb = 19191.5
        Ta = 47195.7
        Tc = 10413.3
        Td = 5206.63
DiffEv reached_goal. cost=1.91489e-03 spread=2.85213e-06
Fitted parameter values
Free:
       pc1 = -2.83117
       pc2 = 1.57468
       pc3 = -1.54342
       pc4 = 0.297091
       pc5 = -0.0114478
       pc6 = 1.37429
       pc7 = 0.997183
       pc8 = 0.944273
       pc9 = 0.1842
      pc10 = -1.03286
      pc11 = 0.172407
      pc12 = -0.293176
      pc13 = 0.439766
      pc14 = -0.455933
      pc15 = 0.396354
      pc16 = 0.00461342
      pc17 = -0.0517192
Constrained:
   Tgbecnw = 114007
     Tecnw = 25805.8
       Tnw = 20908
       Tec = 10990.3
     twoNb = 1.11543e+06
     twoNe = 77724.3
     twoNc = 3.6055e+06
     twoNn = 122614
    twoNec = 80480.9
    twoNnw = 14625.1
  twoNecnw = 61564.6
  twoNbecnw = 12827.9
  twoNgbecnw = 237911
         m = 0.114729
        m2 = 0.0205264
        m3 = 0.240814
        m4 = 0.0140419
        Tb = 18398
        Ta = 46799
        Tc = 10454
        Td = 5227.01
#       SitePat  BranchLen
              b 120691.5277936
              e 45992.7780996
              c 46798.2774422
              n 42787.2125677
              w 45391.3136464
            b:e 1305.0407306
            b:c 1475.5141271
            b:n 968.5501391
            b:w 1086.3525326
            e:c 11529.5889445
            e:n 4871.2662672
            e:w 3963.4792511
            c:n 4689.4726629
            c:w 3888.2652322
            n:w 12516.8277315
          b:e:c 1266.8025028
          b:e:n 557.0092981
          b:e:w 562.5088747
          b:c:n 554.4451403
          b:c:w 568.6578967
          b:n:w 1287.7200388
          e:c:n 4921.2739029
          e:c:w 3937.1835073
          e:n:w 5472.0043549
          c:n:w 5148.9875029
        b:e:c:n 1158.3638545
        b:e:c:w 1109.8329580
        b:e:n:w 2113.5325944
        b:c:n:w 1713.9992912
        e:c:n:w 47659.1930898
