########################################
# legofit: estimate population history #
#            version 2.3.3             #
########################################

# Program was compiled: Sep 12 2021 17:54:39
# Program was run: Thu Sep 16 07:54:17 2021

# cmd: legofit -1 -d 0 -t 32 --ptsPerDim 3 --stateOut b1boot23.state --tol 3e-6 -S 5000 abcd2.lgo ../../chrX/boot_chrX/boot23.opf
# Stage nOptItr nSimReps
#     0    5000        0
# algorithm          : deterministic
# ignoring probs <=  : 0
# Branch length floor: 0
# DE strategy        : 2
#    F               : 0.3
#    CR              : 0.8
#    tolerance       : 3e-06
# nthreads           : 32
# lgo input file     : abcd2.lgo
# site pat input file: ../../chrX/boot_chrX/boot23.opf
# free parameters    : 17
# points in DE swarm : 51
# output state file  : b1boot23.state
# Including singleton site patterns.
# cost function      : KL
Initial parameter values
Fixed:
      zero = 0
       one = 1
    Tbecnw = 75200
Free:
       pc1 = 0
       pc2 = 0
       pc3 = 0
       pc4 = 0
       pc5 = 0
       pc6 = 0
       pc7 = 0
       pc8 = 0
       pc9 = 0
      pc10 = 0
      pc11 = 0
      pc12 = 0
      pc13 = 0
      pc14 = 0
      pc15 = 0
      pc16 = 0
      pc17 = 0
Constrained:
   Tgbecnw = 237086
     Tecnw = 27652
       Tnw = 20826.5
       Tec = 10731
     twoNb = 1.21375e+06
     twoNe = 15678.3
     twoNc = 1.32561e+06
     twoNn = 349586
    twoNec = 89540.3
    twoNnw = 21153.7
  twoNecnw = 61225.3
  twoNbecnw = 23363.1
  twoNgbecnw = 265937
         m = 0.0902046
        m2 = 0.0211428
        m3 = 0.236943
        m4 = 0.0119124
        Tb = 19191.5
        Ta = 47195.7
        Tc = 10413.3
        Td = 5206.63
DiffEv reached_goal. cost=1.97849e-03 spread=2.91137e-06
Fitted parameter values
Free:
       pc1 = -1.89429
       pc2 = 1.17522
       pc3 = -0.138996
       pc4 = -1.53687
       pc5 = 1.24366
       pc6 = 0.378771
       pc7 = 0.487909
       pc8 = -0.600458
       pc9 = 0.693718
      pc10 = -0.640499
      pc11 = -0.111321
      pc12 = 0.484738
      pc13 = -0.0462988
      pc14 = -0.00837479
      pc15 = 0.0316357
      pc16 = -0.012479
      pc17 = 0.0337923
Constrained:
   Tgbecnw = 117682
     Tecnw = 25855.8
       Tnw = 20948.7
       Tec = 10670.2
     twoNb = 866086
     twoNe = 13967.7
     twoNc = 944486
     twoNn = 410509
    twoNec = 82357.3
    twoNnw = 15099.6
  twoNecnw = 62354.8
  twoNbecnw = 13683.9
  twoNgbecnw = 253501
         m = 0.105402
        m2 = 0.0184971
        m3 = 0.235119
        m4 = 0.0122873
        Tb = 18263
        Ta = 46731.5
        Tc = 10474.4
        Td = 5237.19
#       SitePat  BranchLen
              b 120768.1273743
              e 46004.9791118
              c 46772.1863681
              n 43066.2660965
              w 45737.5893853
            b:e 1328.8390321
            b:c 1491.2796863
            b:n 1004.9900004
            b:w 1131.9353986
            e:c 11681.5729005
            e:n 4965.3842796
            e:w 4004.1535234
            c:n 4731.4237148
            c:w 3954.0547613
            n:w 12506.0841305
          b:e:c 1306.1399188
          b:e:n 579.6084283
          b:e:w 580.8520949
          b:c:n 574.1709589
          b:c:w 590.8236665
          b:n:w 1321.7216368
          e:c:n 5010.7454229
          e:c:w 4003.1353841
          e:n:w 5446.4640813
          c:n:w 5146.4487727
        b:e:c:n 1207.2550393
        b:e:c:w 1137.2997753
        b:e:n:w 2045.9740918
        b:c:n:w 1695.8665863
        e:c:n:w 47462.4809457
