########################################
# legofit: estimate population history #
#            version 2.3.3             #
########################################

# Program was compiled: Sep 12 2021 17:54:39
# Program was run: Thu Sep 16 08:41:59 2021

# cmd: legofit -1 -d 0 -t 32 --ptsPerDim 3 --stateOut b1boot26.state --tol 3e-6 -S 5000 abcd2.lgo ../../chrX/boot_chrX/boot26.opf
# Stage nOptItr nSimReps
#     0    5000        0
# algorithm          : deterministic
# ignoring probs <=  : 0
# Branch length floor: 0
# DE strategy        : 2
#    F               : 0.3
#    CR              : 0.8
#    tolerance       : 3e-06
# nthreads           : 32
# lgo input file     : abcd2.lgo
# site pat input file: ../../chrX/boot_chrX/boot26.opf
# free parameters    : 17
# points in DE swarm : 51
# output state file  : b1boot26.state
# Including singleton site patterns.
# cost function      : KL
Initial parameter values
Fixed:
      zero = 0
       one = 1
    Tbecnw = 75200
Free:
       pc1 = 0
       pc2 = 0
       pc3 = 0
       pc4 = 0
       pc5 = 0
       pc6 = 0
       pc7 = 0
       pc8 = 0
       pc9 = 0
      pc10 = 0
      pc11 = 0
      pc12 = 0
      pc13 = 0
      pc14 = 0
      pc15 = 0
      pc16 = 0
      pc17 = 0
Constrained:
   Tgbecnw = 237086
     Tecnw = 27652
       Tnw = 20826.5
       Tec = 10731
     twoNb = 1.21375e+06
     twoNe = 15678.3
     twoNc = 1.32561e+06
     twoNn = 349586
    twoNec = 89540.3
    twoNnw = 21153.7
  twoNecnw = 61225.3
  twoNbecnw = 23363.1
  twoNgbecnw = 265937
         m = 0.0902046
        m2 = 0.0211428
        m3 = 0.236943
        m4 = 0.0119124
        Tb = 19191.5
        Ta = 47195.7
        Tc = 10413.3
        Td = 5206.63
DiffEv reached_goal. cost=1.93689e-03 spread=2.50803e-06
Fitted parameter values
Free:
       pc1 = 0.613996
       pc2 = 1.46758
       pc3 = 0.915075
       pc4 = 0.704752
       pc5 = 0.447721
       pc6 = 1.20746
       pc7 = -1.36218
       pc8 = 0.307452
       pc9 = 1.48398
      pc10 = -1.18001
      pc11 = -0.0998313
      pc12 = -0.254357
      pc13 = 0.23081
      pc14 = -0.317797
      pc15 = 0.138963
      pc16 = 0.0187024
      pc17 = 0.0042123
Constrained:
   Tgbecnw = 131652
     Tecnw = 27301.6
       Tnw = 18099.5
       Tec = 9440.06
     twoNb = 1.19844e+06
     twoNe = 45763.6
     twoNc = 995004
     twoNn = 983344
    twoNec = 96451.2
    twoNnw = 29083
  twoNecnw = 59353.2
  twoNbecnw = 17737.8
  twoNgbecnw = 236828
         m = 0.106255
        m2 = 0.0228391
        m3 = 0.2406
        m4 = 0.0121942
        Tb = 18370.8
        Ta = 46785.4
        Tc = 9049.76
        Td = 4524.88
#       SitePat  BranchLen
              b 122570.1771175
              e 46955.0234842
              c 47694.2874216
              n 43759.3680109
              w 46463.6689194
            b:e 1396.4143854
            b:c 1544.1112487
            b:n 1054.3457511
            b:w 1180.5792571
            e:c 11795.1817876
            e:n 5015.9593780
            e:w 4052.4448734
            c:n 4826.4879605
            c:w 3991.6655702
            n:w 12742.4911939
          b:e:c 1333.9148532
          b:e:n 601.4119936
          b:e:w 606.4193166
          b:c:n 597.3729340
          b:c:w 613.1530829
          b:n:w 1362.7193626
          e:c:n 5132.6725767
          e:c:w 4127.1313704
          e:n:w 5579.4224212
          c:n:w 5287.1419016
        b:e:c:n 1239.8022010
        b:e:c:w 1192.3584793
        b:e:n:w 2176.0860300
        b:c:n:w 1828.9616324
        e:c:n:w 48093.5848950
