########################################
# legofit: estimate population history #
#            version 2.3.3             #
########################################

# Program was compiled: Sep 12 2021 17:54:39
# Program was run: Thu Sep 16 10:04:23 2021

# cmd: legofit -1 -d 0 -t 32 --ptsPerDim 3 --stateOut b1boot33.state --tol 3e-6 -S 5000 abcd2.lgo ../../chrX/boot_chrX/boot33.opf
# Stage nOptItr nSimReps
#     0    5000        0
# algorithm          : deterministic
# ignoring probs <=  : 0
# Branch length floor: 0
# DE strategy        : 2
#    F               : 0.3
#    CR              : 0.8
#    tolerance       : 3e-06
# nthreads           : 32
# lgo input file     : abcd2.lgo
# site pat input file: ../../chrX/boot_chrX/boot33.opf
# free parameters    : 17
# points in DE swarm : 51
# output state file  : b1boot33.state
# Including singleton site patterns.
# cost function      : KL
Initial parameter values
Fixed:
      zero = 0
       one = 1
    Tbecnw = 75200
Free:
       pc1 = 0
       pc2 = 0
       pc3 = 0
       pc4 = 0
       pc5 = 0
       pc6 = 0
       pc7 = 0
       pc8 = 0
       pc9 = 0
      pc10 = 0
      pc11 = 0
      pc12 = 0
      pc13 = 0
      pc14 = 0
      pc15 = 0
      pc16 = 0
      pc17 = 0
Constrained:
   Tgbecnw = 237086
     Tecnw = 27652
       Tnw = 20826.5
       Tec = 10731
     twoNb = 1.21375e+06
     twoNe = 15678.3
     twoNc = 1.32561e+06
     twoNn = 349586
    twoNec = 89540.3
    twoNnw = 21153.7
  twoNecnw = 61225.3
  twoNbecnw = 23363.1
  twoNgbecnw = 265937
         m = 0.0902046
        m2 = 0.0211428
        m3 = 0.236943
        m4 = 0.0119124
        Tb = 19191.5
        Ta = 47195.7
        Tc = 10413.3
        Td = 5206.63
DiffEv reached_goal. cost=1.98413e-03 spread=2.66694e-06
Fitted parameter values
Free:
       pc1 = -2.10692
       pc2 = 0.201331
       pc3 = 0.0612795
       pc4 = 0.164846
       pc5 = -1.32041
       pc6 = -0.247264
       pc7 = 0.169606
       pc8 = 0.165558
       pc9 = 0.517884
      pc10 = 0.00755637
      pc11 = -0.671816
      pc12 = -0.5219
      pc13 = 0.260598
      pc14 = -0.0976628
      pc15 = 0.283699
      pc16 = -0.055233
      pc17 = -0.0175715
Constrained:
   Tgbecnw = 137523
     Tecnw = 27148.7
       Tnw = 21846.6
       Tec = 11712.4
     twoNb = 1.54183e+06
     twoNe = 53518.6
     twoNc = 1.93469e+06
     twoNn = 183352
    twoNec = 80333.5
    twoNnw = 15362.1
  twoNecnw = 61214.2
  twoNbecnw = 18783
  twoNgbecnw = 234862
         m = 0.116809
        m2 = 0.0209632
        m3 = 0.230654
        m4 = 0.0104076
        Tb = 19430.6
        Ta = 47315.3
        Tc = 10923.3
        Td = 5461.65
#       SitePat  BranchLen
              b 125872.9612555
              e 47272.4948205
              c 47997.1047737
              n 43947.1072491
              w 46639.6402612
            b:e 1364.2031363
            b:c 1490.0815692
            b:n 1012.4734585
            b:w 1144.1012352
            e:c 12067.6776502
            e:n 4930.8678528
            e:w 3960.5871655
            c:n 4707.3141126
            c:w 3925.2155127
            n:w 13030.5346977
          b:e:c 1341.6939362
          b:e:n 573.9309306
          b:e:w 576.6456931
          b:c:n 566.8860754
          b:c:w 585.6487579
          b:n:w 1376.4739222
          e:c:n 5109.8639420
          e:c:w 4069.5896874
          e:n:w 5619.4406311
          c:n:w 5351.4419708
        b:e:c:n 1193.4470374
        b:e:c:w 1140.4624129
        b:e:n:w 2126.6459159
        b:c:n:w 1801.1232376
        e:c:n:w 50819.2281963
