########################################
# legofit: estimate population history #
#            version 2.3.3             #
########################################

# Program was compiled: Sep 12 2021 17:54:39
# Program was run: Thu Sep 16 03:36:26 2021

# cmd: legofit -1 -d 0 -t 32 --ptsPerDim 3 --stateOut b1boot12.state --tol 3e-6 -S 5000 abcd2.lgo ../../chrX/boot_chrX/boot12.opf
# Stage nOptItr nSimReps
#     0    5000        0
# algorithm          : deterministic
# ignoring probs <=  : 0
# Branch length floor: 0
# DE strategy        : 2
#    F               : 0.3
#    CR              : 0.8
#    tolerance       : 3e-06
# nthreads           : 32
# lgo input file     : abcd2.lgo
# site pat input file: ../../chrX/boot_chrX/boot12.opf
# free parameters    : 17
# points in DE swarm : 51
# output state file  : b1boot12.state
# Including singleton site patterns.
# cost function      : KL
Initial parameter values
Fixed:
      zero = 0
       one = 1
    Tbecnw = 75200
Free:
       pc1 = 0
       pc2 = 0
       pc3 = 0
       pc4 = 0
       pc5 = 0
       pc6 = 0
       pc7 = 0
       pc8 = 0
       pc9 = 0
      pc10 = 0
      pc11 = 0
      pc12 = 0
      pc13 = 0
      pc14 = 0
      pc15 = 0
      pc16 = 0
      pc17 = 0
Constrained:
   Tgbecnw = 237086
     Tecnw = 27652
       Tnw = 20826.5
       Tec = 10731
     twoNb = 1.21375e+06
     twoNe = 15678.3
     twoNc = 1.32561e+06
     twoNn = 349586
    twoNec = 89540.3
    twoNnw = 21153.7
  twoNecnw = 61225.3
  twoNbecnw = 23363.1
  twoNgbecnw = 265937
         m = 0.0902046
        m2 = 0.0211428
        m3 = 0.236943
        m4 = 0.0119124
        Tb = 19191.5
        Ta = 47195.7
        Tc = 10413.3
        Td = 5206.63
DiffEv reached_goal. cost=1.95803e-03 spread=2.61002e-06
Fitted parameter values
Free:
       pc1 = -1.78132
       pc2 = 0.158732
       pc3 = 0.387567
       pc4 = -0.382454
       pc5 = -0.315616
       pc6 = 1.30352
       pc7 = -0.855314
       pc8 = -0.393993
       pc9 = 1.81754
      pc10 = -1.76756
      pc11 = -0.5706
      pc12 = -0.235047
      pc13 = 0.0685566
      pc14 = 0.0112531
      pc15 = 0.408767
      pc16 = 0.0221173
      pc17 = -0.0584877
Constrained:
   Tgbecnw = 115407
     Tecnw = 26204.8
       Tnw = 20389.8
       Tec = 10980.2
     twoNb = 1.27394e+06
     twoNe = 67646
     twoNc = 431701
     twoNn = 715139
    twoNec = 76477.2
    twoNnw = 17488
  twoNecnw = 60485.3
  twoNbecnw = 12856.2
  twoNgbecnw = 264428
         m = 0.10446
        m2 = 0.0219536
        m3 = 0.250516
        m4 = 0.0108909
        Tb = 18592.5
        Ta = 46896.3
        Tc = 10194.9
        Td = 5097.45
#       SitePat  BranchLen
              b 121151.0513627
              e 45615.7820649
              c 46316.7089806
              n 42740.9940680
              w 45660.7340256
            b:e 1290.3743808
            b:c 1418.4425720
            b:n 976.8663347
            b:w 1115.0681760
            e:c 11765.0810848
            e:n 4906.7049633
            e:w 3875.1629366
            c:n 4700.5634135
            c:w 3831.8198941
            n:w 12399.0027439
          b:e:c 1276.3501593
          b:e:n 557.5219448
          b:e:w 562.9317493
          b:c:n 552.4994771
          b:c:w 571.5872589
          b:n:w 1306.0926486
          e:c:n 5082.4037564
          e:c:w 3956.3984147
          e:n:w 5313.7644474
          c:n:w 5053.0885154
        b:e:c:n 1186.8724537
        b:e:c:w 1130.7240176
        b:e:n:w 2066.1655247
        b:c:n:w 1743.6977873
        e:c:n:w 48320.0083135
