########################################
# legofit: estimate population history #
#            version 2.3.3             #
########################################

# Program was compiled: Sep 12 2021 17:54:39
# Program was run: Wed Sep 15 11:22:41 2021

# cmd: legofit -1 -d 0 -t 32 --ptsPerDim 3 --stateOut b1boot1.state --tol 3e-6 -S 5000 abcd2.lgo ../../chrX/boot_chrX/boot1.opf
# Stage nOptItr nSimReps
#     0    5000        0
# algorithm          : deterministic
# ignoring probs <=  : 0
# Branch length floor: 0
# DE strategy        : 2
#    F               : 0.3
#    CR              : 0.8
#    tolerance       : 3e-06
# nthreads           : 32
# lgo input file     : abcd2.lgo
# site pat input file: ../../chrX/boot_chrX/boot1.opf
# free parameters    : 17
# points in DE swarm : 51
# output state file  : b1boot1.state
# Including singleton site patterns.
# cost function      : KL
Initial parameter values
Fixed:
      zero = 0
       one = 1
    Tbecnw = 75200
Free:
       pc1 = 0
       pc2 = 0
       pc3 = 0
       pc4 = 0
       pc5 = 0
       pc6 = 0
       pc7 = 0
       pc8 = 0
       pc9 = 0
      pc10 = 0
      pc11 = 0
      pc12 = 0
      pc13 = 0
      pc14 = 0
      pc15 = 0
      pc16 = 0
      pc17 = 0
Constrained:
   Tgbecnw = 237086
     Tecnw = 27652
       Tnw = 20826.5
       Tec = 10731
     twoNb = 1.21375e+06
     twoNe = 15678.3
     twoNc = 1.32561e+06
     twoNn = 349586
    twoNec = 89540.3
    twoNnw = 21153.7
  twoNecnw = 61225.3
  twoNbecnw = 23363.1
  twoNgbecnw = 265937
         m = 0.0902046
        m2 = 0.0211428
        m3 = 0.236943
        m4 = 0.0119124
        Tb = 19191.5
        Ta = 47195.7
        Tc = 10413.3
        Td = 5206.63
DiffEv reached_goal. cost=2.00188e-03 spread=2.08324e-06
Fitted parameter values
Free:
       pc1 = -2.73769
       pc2 = 1.17067
       pc3 = -0.458767
       pc4 = 0.799188
       pc5 = -1.4425
       pc6 = 1.65796
       pc7 = 1.02426
       pc8 = 0.552103
       pc9 = 0.0985816
      pc10 = -1.65601
      pc11 = -0.301892
      pc12 = -0.00183386
      pc13 = 0.391774
      pc14 = -0.22671
      pc15 = 0.607265
      pc16 = -0.166942
      pc17 = -0.127203
Constrained:
   Tgbecnw = 107946
     Tecnw = 25814.2
       Tnw = 20715.2
       Tec = 10710.8
     twoNb = 1.5779e+06
     twoNe = 66968.4
     twoNc = 3.63893e+06
     twoNn = 160085
    twoNec = 77150.3
    twoNnw = 14679.1
  twoNecnw = 61313.2
  twoNbecnw = 10939.7
  twoNgbecnw = 261070
         m = 0.103236
        m2 = 0.022047
        m3 = 0.250085
        m4 = 0.0123213
        Tb = 18262.5
        Ta = 46731.3
        Tc = 10357.6
        Td = 5178.79
#       SitePat  BranchLen
              b 119208.5106935
              e 45548.7968339
              c 46252.0105881
              n 42399.6268242
              w 45222.0952562
            b:e 1310.9898766
            b:c 1442.5020117
            b:n 981.4688193
            b:w 1119.2459921
            e:c 11735.0064615
            e:n 4822.1794832
            e:w 3855.2481186
            c:n 4668.6438908
            c:w 3790.0377366
            n:w 12568.5210192
          b:e:c 1314.0968739
          b:e:n 563.7862185
          b:e:w 572.1338148
          b:c:n 561.7850124
          b:c:w 577.5760841
          b:n:w 1339.8316481
          e:c:n 4964.9006359
          e:c:w 3883.2634416
          e:n:w 5340.8048313
          c:n:w 5071.5458171
        b:e:c:n 1201.7092616
        b:e:c:w 1144.4997624
        b:e:n:w 2122.7744198
        b:c:n:w 1772.6123303
        e:c:n:w 46853.3331588
