########################################
# legofit: estimate population history #
#            version 2.3.3             #
########################################

# Program was compiled: Sep 12 2021 17:54:39
# Program was run: Thu Sep 16 06:41:28 2021

# cmd: legofit -1 -d 0 -t 32 --ptsPerDim 3 --stateOut b1boot19.state --tol 3e-6 -S 5000 abcd2.lgo ../../chrX/boot_chrX/boot19.opf
# Stage nOptItr nSimReps
#     0    5000        0
# algorithm          : deterministic
# ignoring probs <=  : 0
# Branch length floor: 0
# DE strategy        : 2
#    F               : 0.3
#    CR              : 0.8
#    tolerance       : 3e-06
# nthreads           : 32
# lgo input file     : abcd2.lgo
# site pat input file: ../../chrX/boot_chrX/boot19.opf
# free parameters    : 17
# points in DE swarm : 51
# output state file  : b1boot19.state
# Including singleton site patterns.
# cost function      : KL
Initial parameter values
Fixed:
      zero = 0
       one = 1
    Tbecnw = 75200
Free:
       pc1 = 0
       pc2 = 0
       pc3 = 0
       pc4 = 0
       pc5 = 0
       pc6 = 0
       pc7 = 0
       pc8 = 0
       pc9 = 0
      pc10 = 0
      pc11 = 0
      pc12 = 0
      pc13 = 0
      pc14 = 0
      pc15 = 0
      pc16 = 0
      pc17 = 0
Constrained:
   Tgbecnw = 237086
     Tecnw = 27652
       Tnw = 20826.5
       Tec = 10731
     twoNb = 1.21375e+06
     twoNe = 15678.3
     twoNc = 1.32561e+06
     twoNn = 349586
    twoNec = 89540.3
    twoNnw = 21153.7
  twoNecnw = 61225.3
  twoNbecnw = 23363.1
  twoNgbecnw = 265937
         m = 0.0902046
        m2 = 0.0211428
        m3 = 0.236943
        m4 = 0.0119124
        Tb = 19191.5
        Ta = 47195.7
        Tc = 10413.3
        Td = 5206.63
DiffEv reached_goal. cost=1.85514e-03 spread=2.98170e-06
Fitted parameter values
Free:
       pc1 = -1.24126
       pc2 = 1.91613
       pc3 = -1.4872
       pc4 = 0.577149
       pc5 = 0.206814
       pc6 = 1.65625
       pc7 = 1.08136
       pc8 = -0.0290472
       pc9 = -0.251468
      pc10 = -0.514007
      pc11 = 0.164015
      pc12 = -0.485346
      pc13 = 0.108475
      pc14 = 0.361004
      pc15 = 0.398887
      pc16 = -0.13056
      pc17 = 0.0264208
Constrained:
   Tgbecnw = 118240
     Tecnw = 27086.1
       Tnw = 19990.2
       Tec = 10502.6
     twoNb = 1.12578e+06
     twoNe = 32201.4
     twoNc = 3.20562e+06
     twoNn = 118004
    twoNec = 82234.2
    twoNnw = 19814
  twoNecnw = 59019.1
  twoNbecnw = 14053.9
  twoNgbecnw = 236653
         m = 0.110975
        m2 = 0.0204489
        m3 = 0.248114
        m4 = 0.0149594
        Tb = 18794.4
        Ta = 46997.2
        Tc = 9995.1
        Td = 4997.55
#       SitePat  BranchLen
              b 120726.2620176
              e 45922.8117580
              c 46862.8050411
              n 42684.1282343
              w 45691.3205472
            b:e 1289.9989261
            b:c 1474.3958867
            b:n 955.8533977
            b:w 1097.6439229
            e:c 11882.5413203
            e:n 4862.5362062
            e:w 3776.2686964
            c:n 4582.7879483
            c:w 3717.8970888
            n:w 12836.1203580
          b:e:c 1293.7886077
          b:e:n 546.4389313
          b:e:w 548.2638599
          b:c:n 539.6145732
          b:c:w 559.5185593
          b:n:w 1317.6214815
          e:c:n 5022.1448467
          e:c:w 3875.9572073
          e:n:w 5447.2314456
          c:n:w 5081.3407909
        b:e:c:n 1162.6634020
        b:e:c:w 1089.2977214
        b:e:n:w 2106.2717427
        b:c:n:w 1681.4615036
        e:c:n:w 47562.8802981
