########################################
# legofit: estimate population history #
#            version 2.3.3             #
########################################

# Program was compiled: Sep 12 2021 17:54:39
# Program was run: Thu Sep 16 07:24:32 2021

# cmd: legofit -1 -d 0 -t 32 --ptsPerDim 3 --stateOut b1boot21.state --tol 3e-6 -S 5000 abcd2.lgo ../../chrX/boot_chrX/boot21.opf
# Stage nOptItr nSimReps
#     0    5000        0
# algorithm          : deterministic
# ignoring probs <=  : 0
# Branch length floor: 0
# DE strategy        : 2
#    F               : 0.3
#    CR              : 0.8
#    tolerance       : 3e-06
# nthreads           : 32
# lgo input file     : abcd2.lgo
# site pat input file: ../../chrX/boot_chrX/boot21.opf
# free parameters    : 17
# points in DE swarm : 51
# output state file  : b1boot21.state
# Including singleton site patterns.
# cost function      : KL
Initial parameter values
Fixed:
      zero = 0
       one = 1
    Tbecnw = 75200
Free:
       pc1 = 0
       pc2 = 0
       pc3 = 0
       pc4 = 0
       pc5 = 0
       pc6 = 0
       pc7 = 0
       pc8 = 0
       pc9 = 0
      pc10 = 0
      pc11 = 0
      pc12 = 0
      pc13 = 0
      pc14 = 0
      pc15 = 0
      pc16 = 0
      pc17 = 0
Constrained:
   Tgbecnw = 237086
     Tecnw = 27652
       Tnw = 20826.5
       Tec = 10731
     twoNb = 1.21375e+06
     twoNe = 15678.3
     twoNc = 1.32561e+06
     twoNn = 349586
    twoNec = 89540.3
    twoNnw = 21153.7
  twoNecnw = 61225.3
  twoNbecnw = 23363.1
  twoNgbecnw = 265937
         m = 0.0902046
        m2 = 0.0211428
        m3 = 0.236943
        m4 = 0.0119124
        Tb = 19191.5
        Ta = 47195.7
        Tc = 10413.3
        Td = 5206.63
DiffEv reached_goal. cost=1.98843e-03 spread=2.95236e-06
Fitted parameter values
Free:
       pc1 = -0.907293
       pc2 = 1.17934
       pc3 = -0.100947
       pc4 = 0.885561
       pc5 = 0.18127
       pc6 = 1.83936
       pc7 = 0.426687
       pc8 = 0.117172
       pc9 = 0.144114
      pc10 = -0.277594
      pc11 = -1.22468
      pc12 = 0.051009
      pc13 = 0.27776
      pc14 = -0.363007
      pc15 = 0.377114
      pc16 = -0.0074278
      pc17 = 0.000814821
Constrained:
   Tgbecnw = 128095
     Tecnw = 27264.1
       Tnw = 20235.3
       Tec = 10144.5
     twoNb = 1.25908e+06
     twoNe = 37823.5
     twoNc = 3.12747e+06
     twoNn = 532895
    twoNec = 90583.9
    twoNnw = 19890.7
  twoNecnw = 59369.6
  twoNbecnw = 16678.9
  twoNgbecnw = 229936
         m = 0.112777
        m2 = 0.0202657
        m3 = 0.258166
        m4 = 0.0120009
        Tb = 18704.3
        Ta = 46952.2
        Tc = 10117.7
        Td = 5058.83
#       SitePat  BranchLen
              b 122475.7788483
              e 46682.1795437
              c 47335.3450942
              n 43297.7718728
              w 46161.9882679
            b:e 1324.4126159
            b:c 1464.6441425
            b:n 982.9803095
            b:w 1116.0164892
            e:c 11796.6859712
            e:n 4878.4446805
            e:w 3921.8772825
            c:n 4770.4320914
            c:w 3847.3510018
            n:w 12787.8650376
          b:e:c 1291.9884333
          b:e:n 560.1760074
          b:e:w 568.9798388
          b:c:n 559.6603810
          b:c:w 571.0350731
          b:n:w 1317.9857504
          e:c:n 5057.7662067
          e:c:w 3976.6006807
          e:n:w 5514.8936562
          c:n:w 5243.7037140
        b:e:c:n 1171.8457392
        b:e:c:w 1115.2287223
        b:e:n:w 2058.7621421
        b:c:n:w 1717.5541238
        e:c:n:w 48377.2075159
