########################################
# legofit: estimate population history #
#            version 2.3.3             #
########################################

# Program was compiled: Sep 12 2021 17:54:39
# Program was run: Thu Sep 16 08:46:36 2021

# cmd: legofit -1 -d 0 -t 32 --ptsPerDim 3 --stateOut b1boot27.state --tol 3e-6 -S 5000 abcd2.lgo ../../chrX/boot_chrX/boot27.opf
# Stage nOptItr nSimReps
#     0    5000        0
# algorithm          : deterministic
# ignoring probs <=  : 0
# Branch length floor: 0
# DE strategy        : 2
#    F               : 0.3
#    CR              : 0.8
#    tolerance       : 3e-06
# nthreads           : 32
# lgo input file     : abcd2.lgo
# site pat input file: ../../chrX/boot_chrX/boot27.opf
# free parameters    : 17
# points in DE swarm : 51
# output state file  : b1boot27.state
# Including singleton site patterns.
# cost function      : KL
Initial parameter values
Fixed:
      zero = 0
       one = 1
    Tbecnw = 75200
Free:
       pc1 = 0
       pc2 = 0
       pc3 = 0
       pc4 = 0
       pc5 = 0
       pc6 = 0
       pc7 = 0
       pc8 = 0
       pc9 = 0
      pc10 = 0
      pc11 = 0
      pc12 = 0
      pc13 = 0
      pc14 = 0
      pc15 = 0
      pc16 = 0
      pc17 = 0
Constrained:
   Tgbecnw = 237086
     Tecnw = 27652
       Tnw = 20826.5
       Tec = 10731
     twoNb = 1.21375e+06
     twoNe = 15678.3
     twoNc = 1.32561e+06
     twoNn = 349586
    twoNec = 89540.3
    twoNnw = 21153.7
  twoNecnw = 61225.3
  twoNbecnw = 23363.1
  twoNgbecnw = 265937
         m = 0.0902046
        m2 = 0.0211428
        m3 = 0.236943
        m4 = 0.0119124
        Tb = 19191.5
        Ta = 47195.7
        Tc = 10413.3
        Td = 5206.63
DiffEv reached_goal. cost=2.01370e-03 spread=2.94699e-06
Fitted parameter values
Free:
       pc1 = -0.390606
       pc2 = 1.19496
       pc3 = 1.12971
       pc4 = 0.729745
       pc5 = -0.0456812
       pc6 = 1.00637
       pc7 = -1.87817
       pc8 = 1.14805
       pc9 = 1.74746
      pc10 = -1.84911
      pc11 = 0.361435
      pc12 = -0.439921
      pc13 = 0.360425
      pc14 = -0.660275
      pc15 = 0.686433
      pc16 = 0.0103387
      pc17 = -0.0427701
Constrained:
   Tgbecnw = 127551
     Tecnw = 26806.6
       Tnw = 18609
       Tec = 9391.08
     twoNb = 1.29883e+06
     twoNe = 84459.9
     twoNc = 1.15171e+06
     twoNn = 1.07606e+06
    twoNec = 90525.9
    twoNnw = 25032.4
  twoNecnw = 61297.9
  twoNbecnw = 16372.7
  twoNgbecnw = 250780
         m = 0.104552
        m2 = 0.0241798
        m3 = 0.230659
        m4 = 0.0119046
        Tb = 18098.9
        Ta = 46649.4
        Tc = 9304.48
        Td = 4652.24
#       SitePat  BranchLen
              b 122380.3346164
              e 46857.1821915
              c 47505.6269415
              n 43566.6420978
              w 46181.4731507
            b:e 1399.4289613
            b:c 1534.7577071
            b:n 1045.2925276
            b:w 1167.6069548
            e:c 12087.4002022
            e:n 4881.6820482
            e:w 3995.1554129
            c:n 4772.9604898
            c:w 3920.6171229
            n:w 13050.2939486
          b:e:c 1360.2802223
          b:e:n 589.3303160
          b:e:w 599.0109771
          b:c:n 588.9442155
          b:c:w 601.3572019
          b:n:w 1393.4047362
          e:c:n 5050.5313501
          e:c:w 4068.4612087
          e:n:w 5525.4532229
          c:n:w 5264.3854850
        b:e:c:n 1232.9394714
        b:e:c:w 1194.6405498
        b:e:n:w 2221.0425877
        b:c:n:w 1879.6364304
        e:c:n:w 48125.4691509
