########################################
# legofit: estimate population history #
#            version 2.3.3             #
########################################

# Program was compiled: Sep 12 2021 17:54:39
# Program was run: Thu Sep 16 10:23:48 2021

# cmd: legofit -1 -d 0 -t 32 --ptsPerDim 3 --stateOut b1boot39.state --tol 3e-6 -S 5000 abcd2.lgo ../../chrX/boot_chrX/boot39.opf
# Stage nOptItr nSimReps
#     0    5000        0
# algorithm          : deterministic
# ignoring probs <=  : 0
# Branch length floor: 0
# DE strategy        : 2
#    F               : 0.3
#    CR              : 0.8
#    tolerance       : 3e-06
# nthreads           : 32
# lgo input file     : abcd2.lgo
# site pat input file: ../../chrX/boot_chrX/boot39.opf
# free parameters    : 17
# points in DE swarm : 51
# output state file  : b1boot39.state
# Including singleton site patterns.
# cost function      : KL
Initial parameter values
Fixed:
      zero = 0
       one = 1
    Tbecnw = 75200
Free:
       pc1 = 0
       pc2 = 0
       pc3 = 0
       pc4 = 0
       pc5 = 0
       pc6 = 0
       pc7 = 0
       pc8 = 0
       pc9 = 0
      pc10 = 0
      pc11 = 0
      pc12 = 0
      pc13 = 0
      pc14 = 0
      pc15 = 0
      pc16 = 0
      pc17 = 0
Constrained:
   Tgbecnw = 237086
     Tecnw = 27652
       Tnw = 20826.5
       Tec = 10731
     twoNb = 1.21375e+06
     twoNe = 15678.3
     twoNc = 1.32561e+06
     twoNn = 349586
    twoNec = 89540.3
    twoNnw = 21153.7
  twoNecnw = 61225.3
  twoNbecnw = 23363.1
  twoNgbecnw = 265937
         m = 0.0902046
        m2 = 0.0211428
        m3 = 0.236943
        m4 = 0.0119124
        Tb = 19191.5
        Ta = 47195.7
        Tc = 10413.3
        Td = 5206.63
DiffEv reached_goal. cost=1.97209e-03 spread=2.60866e-06
Fitted parameter values
Free:
       pc1 = 0.00269304
       pc2 = 1.43467
       pc3 = 2.32195
       pc4 = -0.661248
       pc5 = -0.482328
       pc6 = 0.0436657
       pc7 = 0.089125
       pc8 = 0.45871
       pc9 = 1.24848
      pc10 = -1.04949
      pc11 = -0.998163
      pc12 = -0.549375
      pc13 = 0.175729
      pc14 = -0.0838289
      pc15 = 0.0317645
      pc16 = -0.188981
      pc17 = -0.0391226
Constrained:
   Tgbecnw = 122651
     Tecnw = 26752.8
       Tnw = 19195.9
       Tec = 9902.24
     twoNb = 1.31462e+06
     twoNe = 11138.6
     twoNc = 1.38009e+06
     twoNn = 751246
    twoNec = 92505.7
    twoNnw = 24388.7
  twoNecnw = 58000.7
  twoNbecnw = 14512
  twoNgbecnw = 282527
         m = 0.0943095
        m2 = 0.0219967
        m3 = 0.219419
        m4 = 0.00878709
        Tb = 18327.5
        Ta = 46763.8
        Tc = 9597.93
        Td = 4798.97
#       SitePat  BranchLen
              b 121481.1029259
              e 46011.1728159
              c 46729.9309173
              n 43001.5933462
              w 45507.9842809
            b:e 1297.9628947
            b:c 1405.5253804
            b:n 979.3859554
            b:w 1094.0526290
            e:c 11458.9785668
            e:n 4911.4820765
            e:w 3921.0688071
            c:n 4597.5413265
            c:w 3918.0154801
            n:w 12323.7243482
          b:e:c 1252.0593752
          b:e:n 564.4559857
          b:e:w 562.0291968
          b:c:n 553.7963635
          b:c:w 577.1818228
          b:n:w 1279.8984540
          e:c:n 4940.7627386
          e:c:w 4009.3745995
          e:n:w 5385.0338575
          c:n:w 5140.0007137
        b:e:c:n 1156.9558136
        b:e:c:w 1116.2668336
        b:e:n:w 2021.7591800
        b:c:n:w 1752.9727355
        e:c:n:w 48486.0430816
