########################################
# legofit: estimate population history #
#            version 2.3.3             #
########################################

# Program was compiled: Sep 12 2021 17:54:39
# Program was run: Thu Sep 16 04:54:23 2021

# cmd: legofit -1 -d 0 -t 32 --ptsPerDim 3 --stateOut b1boot14.state --tol 3e-6 -S 5000 abcd2.lgo ../../chrX/boot_chrX/boot14.opf
# Stage nOptItr nSimReps
#     0    5000        0
# algorithm          : deterministic
# ignoring probs <=  : 0
# Branch length floor: 0
# DE strategy        : 2
#    F               : 0.3
#    CR              : 0.8
#    tolerance       : 3e-06
# nthreads           : 32
# lgo input file     : abcd2.lgo
# site pat input file: ../../chrX/boot_chrX/boot14.opf
# free parameters    : 17
# points in DE swarm : 51
# output state file  : b1boot14.state
# Including singleton site patterns.
# cost function      : KL
Initial parameter values
Fixed:
      zero = 0
       one = 1
    Tbecnw = 75200
Free:
       pc1 = 0
       pc2 = 0
       pc3 = 0
       pc4 = 0
       pc5 = 0
       pc6 = 0
       pc7 = 0
       pc8 = 0
       pc9 = 0
      pc10 = 0
      pc11 = 0
      pc12 = 0
      pc13 = 0
      pc14 = 0
      pc15 = 0
      pc16 = 0
      pc17 = 0
Constrained:
   Tgbecnw = 237086
     Tecnw = 27652
       Tnw = 20826.5
       Tec = 10731
     twoNb = 1.21375e+06
     twoNe = 15678.3
     twoNc = 1.32561e+06
     twoNn = 349586
    twoNec = 89540.3
    twoNnw = 21153.7
  twoNecnw = 61225.3
  twoNbecnw = 23363.1
  twoNgbecnw = 265937
         m = 0.0902046
        m2 = 0.0211428
        m3 = 0.236943
        m4 = 0.0119124
        Tb = 19191.5
        Ta = 47195.7
        Tc = 10413.3
        Td = 5206.63
DiffEv reached_goal. cost=1.79513e-03 spread=2.89994e-06
Fitted parameter values
Free:
       pc1 = -0.964123
       pc2 = 1.05254
       pc3 = 0.808671
       pc4 = 0.233876
       pc5 = -1.63232
       pc6 = -0.442179
       pc7 = 0.407051
       pc8 = -0.339706
       pc9 = 0.837464
      pc10 = -0.56717
      pc11 = -0.636503
      pc12 = -0.715244
      pc13 = 0.302434
      pc14 = -0.0328418
      pc15 = 0.183115
      pc16 = 0.054222
      pc17 = -0.0142782
Constrained:
   Tgbecnw = 128544
     Tecnw = 26975.9
       Tnw = 20494.7
       Tec = 10687.6
     twoNb = 1.67215e+06
     twoNe = 29621.1
     twoNc = 1.43076e+06
     twoNn = 211823
    twoNec = 86065.8
    twoNnw = 20150.3
  twoNecnw = 58378.6
  twoNbecnw = 16783.2
  twoNgbecnw = 227170
         m = 0.11238
        m2 = 0.0218179
        m3 = 0.225505
        m4 = 0.0101591
        Tb = 18831.8
        Ta = 47015.9
        Tc = 10247.4
        Td = 5123.69
#       SitePat  BranchLen
              b 122213.4642504
              e 46369.4757088
              c 47059.2822051
              n 43386.5837164
              w 45945.3770824
            b:e 1295.2431368
            b:c 1411.0063241
            b:n 975.8986985
            b:w 1094.0662262
            e:c 11725.6007208
            e:n 4868.8452732
            e:w 3938.0144053
            c:n 4650.1762588
            c:w 3902.7289097
            n:w 12512.1213252
          b:e:c 1257.8453446
          b:e:n 553.5341914
          b:e:w 556.0235607
          b:c:n 547.1579273
          b:c:w 564.6663908
          b:n:w 1289.7624609
          e:c:n 5040.1622350
          e:c:w 4065.9315975
          e:n:w 5486.1637031
          c:n:w 5228.2765655
        b:e:c:n 1145.3427403
        b:e:c:w 1100.8929321
        b:e:n:w 2015.0453943
        b:c:n:w 1719.0506695
        e:c:n:w 48320.8797138
