########################################
# legofit: estimate population history #
#            version 2.3.3             #
########################################

# Program was compiled: Sep 12 2021 17:54:39
# Program was run: Thu Sep 16 10:19:44 2021

# cmd: legofit -1 -d 0 -t 32 --ptsPerDim 3 --stateOut b1boot37.state --tol 3e-6 -S 5000 abcd2.lgo ../../chrX/boot_chrX/boot37.opf
# Stage nOptItr nSimReps
#     0    5000        0
# algorithm          : deterministic
# ignoring probs <=  : 0
# Branch length floor: 0
# DE strategy        : 2
#    F               : 0.3
#    CR              : 0.8
#    tolerance       : 3e-06
# nthreads           : 32
# lgo input file     : abcd2.lgo
# site pat input file: ../../chrX/boot_chrX/boot37.opf
# free parameters    : 17
# points in DE swarm : 51
# output state file  : b1boot37.state
# Including singleton site patterns.
# cost function      : KL
Initial parameter values
Fixed:
      zero = 0
       one = 1
    Tbecnw = 75200
Free:
       pc1 = 0
       pc2 = 0
       pc3 = 0
       pc4 = 0
       pc5 = 0
       pc6 = 0
       pc7 = 0
       pc8 = 0
       pc9 = 0
      pc10 = 0
      pc11 = 0
      pc12 = 0
      pc13 = 0
      pc14 = 0
      pc15 = 0
      pc16 = 0
      pc17 = 0
Constrained:
   Tgbecnw = 237086
     Tecnw = 27652
       Tnw = 20826.5
       Tec = 10731
     twoNb = 1.21375e+06
     twoNe = 15678.3
     twoNc = 1.32561e+06
     twoNn = 349586
    twoNec = 89540.3
    twoNnw = 21153.7
  twoNecnw = 61225.3
  twoNbecnw = 23363.1
  twoNgbecnw = 265937
         m = 0.0902046
        m2 = 0.0211428
        m3 = 0.236943
        m4 = 0.0119124
        Tb = 19191.5
        Ta = 47195.7
        Tc = 10413.3
        Td = 5206.63
DiffEv reached_goal. cost=1.81157e-03 spread=2.86224e-06
Fitted parameter values
Free:
       pc1 = 0.493065
       pc2 = 1.39687
       pc3 = -0.426363
       pc4 = 1.55331
       pc5 = -1.3358
       pc6 = 0.858336
       pc7 = -0.442594
       pc8 = -1.08532
       pc9 = 0.327962
      pc10 = -0.39903
      pc11 = -0.310014
      pc12 = -0.111843
      pc13 = 0.263529
      pc14 = -0.180627
      pc15 = 0.092632
      pc16 = -0.0324611
      pc17 = -0.0933293
Constrained:
   Tgbecnw = 138309
     Tecnw = 27975.3
       Tnw = 19215.6
       Tec = 9929.52
     twoNb = 1.77061e+06
     twoNe = 31010.6
     twoNc = 1.3492e+06
     twoNn = 277910
    twoNec = 95685.4
    twoNnw = 27744.2
  twoNecnw = 58299.3
  twoNbecnw = 19603
  twoNgbecnw = 222123
         m = 0.111995
        m2 = 0.0218673
        m3 = 0.253193
        m4 = 0.0131819
        Tb = 18952.4
        Ta = 47076.2
        Tc = 9607.8
        Td = 4803.9
#       SitePat  BranchLen
              b 124010.2090870
              e 47223.4348148
              c 48064.9918284
              n 44264.5631848
              w 47172.7467074
            b:e 1374.9572966
            b:c 1524.3333387
            b:n 1057.5727791
            b:w 1199.6175342
            e:c 11810.1792851
            e:n 5102.5679809
            e:w 4061.3544459
            c:n 4879.2840268
            c:w 3999.5561077
            n:w 12526.9514958
          b:e:c 1323.7099871
          b:e:n 604.3572567
          b:e:w 608.7111735
          b:c:n 598.4566021
          b:c:w 616.2990717
          b:n:w 1357.9062149
          e:c:n 5266.8589945
          e:c:w 4172.9124667
          e:n:w 5604.9334762
          c:n:w 5282.3519298
        b:e:c:n 1248.6582213
        b:e:c:w 1191.1216106
        b:e:n:w 2184.2516738
        b:c:n:w 1799.2950547
        e:c:n:w 48921.4486681
