########################################
# legofit: estimate population history #
#       version 2.3.4-4-g53f8760       #
########################################

# Program was compiled: Sep 21 2021 14:36:42
# Program was run: Sun Sep 26 03:34:10 2021

# cmd: legofit -1 -d 0 -t 32 --ptsPerDim 3 --stateOut b1boot49.state --tol 3e-6 -S 5000 abde2.lgo ../../chrX/boot_chrX/boot49.opf
# Stage nOptItr nSimReps
#     0    5000        0
# algorithm          : deterministic
# ignoring probs <=  : 0
# Branch length floor: 0
# DE strategy        : 2
#    F               : 0.3
#    CR              : 0.8
#    tolerance       : 3e-06
# nthreads           : 32
# lgo input file     : abde2.lgo
# site pat input file: ../../chrX/boot_chrX/boot49.opf
# free parameters    : 17
# points in DE swarm : 51
# output state file  : b1boot49.state
# Including singleton site patterns.
# cost function      : KL
Initial parameter values
Fixed:
      zero = 0
       one = 1
    Tbecnw = 75200
Free:
       pc1 = 0
       pc2 = 0
       pc3 = 0
       pc4 = 0
       pc5 = 0
       pc6 = 0
       pc7 = 0
       pc8 = 0
       pc9 = 0
      pc10 = 0
      pc11 = 0
      pc12 = 0
      pc13 = 0
      pc14 = 0
      pc15 = 0
      pc16 = 0
      pc17 = 0
Constrained:
   Tgbecnw = 125734
     Tecnw = 24874.1
       Tnw = 18545.2
       Tec = 9321.72
     twoNb = 1.19147e+06
     twoNe = 1.14664e+06
     twoNc = 1.83237e+06
     twoNw = 1.59298e+06
    twoNec = 78056.7
    twoNnw = 28147.9
  twoNecnw = 63861.4
  twoNbecnw = 13943.6
  twoNgbecnw = 397581
         m = 0.0694819
        m2 = 0.0210758
        m4 = 0.000459607
        m5 = 0.144107
        Tb = 17097.9
        Ta = 46149
        Td = 4660.86
        Te = 9272.62
DiffEv reached_goal. cost=2.16355e-03 spread=2.62683e-06
Fitted parameter values
Free:
       pc1 = -3.99036
       pc2 = 1.94439
       pc3 = 0.555327
       pc4 = -1.49886
       pc5 = 1.9412
       pc6 = 0.34355
       pc7 = -0.356606
       pc8 = -0.639466
       pc9 = -0.797218
      pc10 = 1.44259
      pc11 = 1.67983
      pc12 = 0.118493
      pc13 = 0.654165
      pc14 = 0.108215
      pc15 = -0.175072
      pc16 = -0.0548296
      pc17 = -0.00898673
Constrained:
   Tgbecnw = 104725
     Tecnw = 23710.8
       Tnw = 19992.7
       Tec = 10073.6
     twoNb = 949046
     twoNe = 1.46311e+06
     twoNc = 3.04996e+06
     twoNw = 3.09155e+06
    twoNec = 70515.2
    twoNnw = 17205.5
  twoNecnw = 63663.8
  twoNbecnw = 8865.65
  twoNgbecnw = 396724
         m = 0.0685775
        m2 = 0.0219019
        m4 = 0.00113387
        m5 = 0.149117
        Tb = 16892.2
        Ta = 46046.1
        Td = 5036.8
        Te = 9996.35
#       SitePat  BranchLen
              b 118197.9260540
              e 44190.3249360
              c 46147.2788101
              n 43405.6133814
              w 43389.7052689
            b:e 1270.7980682
            b:c 1437.8378424
            b:n 1064.3826546
            b:w 1063.5832031
            e:c 11331.9932455
            e:n 4633.0119699
            e:w 4648.9200824
            c:n 4146.1844173
            c:w 4142.1010467
            n:w 11780.1676672
          b:e:c 1286.6591320
          b:e:n 596.3620179
          b:e:w 597.1614694
          b:c:n 600.4996701
          b:c:w 599.6515560
          b:n:w 1305.1352590
          e:c:n 4336.4260494
          e:c:w 4340.5094200
          e:n:w 5705.1198940
          c:n:w 4823.5567950
        b:e:c:n 1161.3344394
        b:e:c:w 1162.1825535
        b:e:n:w 1958.4208687
        b:c:n:w 1703.0091491
        e:c:n:w 46785.7198863
