########################################
# legofit: estimate population history #
#       version 2.3.4-4-g53f8760       #
########################################

# Program was compiled: Sep 21 2021 14:36:42
# Program was run: Sun Sep 26 03:22:33 2021

# cmd: legofit -1 -d 0 -t 32 --ptsPerDim 3 --stateOut b1boot21.state --tol 3e-6 -S 5000 abde2.lgo ../../chrX/boot_chrX/boot21.opf
# Stage nOptItr nSimReps
#     0    5000        0
# algorithm          : deterministic
# ignoring probs <=  : 0
# Branch length floor: 0
# DE strategy        : 2
#    F               : 0.3
#    CR              : 0.8
#    tolerance       : 3e-06
# nthreads           : 32
# lgo input file     : abde2.lgo
# site pat input file: ../../chrX/boot_chrX/boot21.opf
# free parameters    : 17
# points in DE swarm : 51
# output state file  : b1boot21.state
# Including singleton site patterns.
# cost function      : KL
Initial parameter values
Fixed:
      zero = 0
       one = 1
    Tbecnw = 75200
Free:
       pc1 = 0
       pc2 = 0
       pc3 = 0
       pc4 = 0
       pc5 = 0
       pc6 = 0
       pc7 = 0
       pc8 = 0
       pc9 = 0
      pc10 = 0
      pc11 = 0
      pc12 = 0
      pc13 = 0
      pc14 = 0
      pc15 = 0
      pc16 = 0
      pc17 = 0
Constrained:
   Tgbecnw = 125734
     Tecnw = 24874.1
       Tnw = 18545.2
       Tec = 9321.72
     twoNb = 1.19147e+06
     twoNe = 1.14664e+06
     twoNc = 1.83237e+06
     twoNw = 1.59298e+06
    twoNec = 78056.7
    twoNnw = 28147.9
  twoNecnw = 63861.4
  twoNbecnw = 13943.6
  twoNgbecnw = 397581
         m = 0.0694819
        m2 = 0.0210758
        m4 = 0.000459607
        m5 = 0.144107
        Tb = 17097.9
        Ta = 46149
        Td = 4660.86
        Te = 9272.62
DiffEv reached_goal. cost=2.34115e-03 spread=2.12541e-06
Fitted parameter values
Free:
       pc1 = -3.99857
       pc2 = 1.97085
       pc3 = 0.0319242
       pc4 = -1.93037
       pc5 = 0.267676
       pc6 = -0.281378
       pc7 = 0.824539
       pc8 = 0.146732
       pc9 = -0.706492
      pc10 = 1.96936
      pc11 = 0.0210416
      pc12 = -0.267939
      pc13 = 0.348039
      pc14 = 0.096764
      pc15 = -0.0200295
      pc16 = -0.0705501
      pc17 = 0.0053582
Constrained:
   Tgbecnw = 106595
     Tecnw = 23738.5
       Tnw = 19666.8
       Tec = 9904.15
     twoNb = 1.02394e+06
     twoNe = 2.05427e+06
     twoNc = 2.72056e+06
     twoNw = 2.54228e+06
    twoNec = 70898.5
    twoNnw = 17136
  twoNecnw = 64104.7
  twoNbecnw = 8956.08
  twoNgbecnw = 442703
         m = 0.0614866
        m2 = 0.0199526
        m4 = 0.000219566
        m5 = 0.131281
        Tb = 16821.3
        Ta = 46010.7
        Td = 4952.07
        Te = 9833.41
#       SitePat  BranchLen
              b 117871.1390328
              e 44144.7819118
              c 45945.8140797
              n 42984.6076064
              w 42968.0295313
            b:e 1224.9422799
            b:c 1364.9411449
            b:n 1013.9541743
            b:w 1013.1556085
            e:c 11589.8297393
            e:n 4473.1880405
            e:w 4489.7661156
            c:n 4024.3917218
            c:w 4020.2092398
            n:w 12273.0557688
          b:e:c 1276.0063772
          b:e:n 561.7269844
          b:e:w 562.5255501
          b:c:n 565.2456243
          b:c:w 564.3993500
          b:n:w 1293.9838266
          e:c:n 4228.2259049
          e:c:w 4232.4083869
          e:n:w 5654.5170824
          c:n:w 4828.1730035
        b:e:c:n 1104.5711007
        b:e:c:w 1105.4173750
        b:e:n:w 1843.9922846
        b:c:n:w 1642.2660747
        e:c:n:w 46516.3677218
