########################################
# legofit: estimate population history #
#       version 2.3.4-4-g53f8760       #
########################################

# Program was compiled: Sep 21 2021 14:36:42
# Program was run: Sun Sep 26 03:28:03 2021

# cmd: legofit -1 -d 0 -t 32 --ptsPerDim 3 --stateOut b1boot34.state --tol 3e-6 -S 5000 abde2.lgo ../../chrX/boot_chrX/boot34.opf
# Stage nOptItr nSimReps
#     0    5000        0
# algorithm          : deterministic
# ignoring probs <=  : 0
# Branch length floor: 0
# DE strategy        : 2
#    F               : 0.3
#    CR              : 0.8
#    tolerance       : 3e-06
# nthreads           : 32
# lgo input file     : abde2.lgo
# site pat input file: ../../chrX/boot_chrX/boot34.opf
# free parameters    : 17
# points in DE swarm : 51
# output state file  : b1boot34.state
# Including singleton site patterns.
# cost function      : KL
Initial parameter values
Fixed:
      zero = 0
       one = 1
    Tbecnw = 75200
Free:
       pc1 = 0
       pc2 = 0
       pc3 = 0
       pc4 = 0
       pc5 = 0
       pc6 = 0
       pc7 = 0
       pc8 = 0
       pc9 = 0
      pc10 = 0
      pc11 = 0
      pc12 = 0
      pc13 = 0
      pc14 = 0
      pc15 = 0
      pc16 = 0
      pc17 = 0
Constrained:
   Tgbecnw = 125734
     Tecnw = 24874.1
       Tnw = 18545.2
       Tec = 9321.72
     twoNb = 1.19147e+06
     twoNe = 1.14664e+06
     twoNc = 1.83237e+06
     twoNw = 1.59298e+06
    twoNec = 78056.7
    twoNnw = 28147.9
  twoNecnw = 63861.4
  twoNbecnw = 13943.6
  twoNgbecnw = 397581
         m = 0.0694819
        m2 = 0.0210758
        m4 = 0.000459607
        m5 = 0.144107
        Tb = 17097.9
        Ta = 46149
        Td = 4660.86
        Te = 9272.62
DiffEv reached_goal. cost=2.00964e-03 spread=2.87242e-06
Fitted parameter values
Free:
       pc1 = -3.84144
       pc2 = 1.95376
       pc3 = -0.501028
       pc4 = -1.35149
       pc5 = 1.99439
       pc6 = 0.252665
       pc7 = -0.418021
       pc8 = -0.406647
       pc9 = 1.8401
      pc10 = 0.106798
      pc11 = -0.366993
      pc12 = -0.663145
      pc13 = 0.294149
      pc14 = -0.142716
      pc15 = -0.0598873
      pc16 = -0.0935707
      pc17 = 0.0321542
Constrained:
   Tgbecnw = 109244
     Tecnw = 24033.5
       Tnw = 19322.4
       Tec = 9829.14
     twoNb = 2.09165e+06
     twoNe = 1.04044e+06
     twoNc = 903472
     twoNw = 2.16506e+06
    twoNec = 67064.9
    twoNnw = 20652.8
  twoNecnw = 63476
  twoNbecnw = 9347.58
  twoNgbecnw = 481247
         m = 0.0583322
        m2 = 0.0196379
        m4 = 0.00104733
        m5 = 0.163329
        Tb = 16931.3
        Ta = 46065.6
        Td = 4914.57
        Te = 9661.21
#       SitePat  BranchLen
              b 118816.5915173
              e 43709.8839547
              c 45941.5731299
              n 43190.3270830
              w 43166.1436445
            b:e 1145.1630194
            b:c 1311.6942928
            b:n 1004.0798624
            b:w 1002.9487402
            e:c 11631.5398095
            e:n 4553.3022914
            e:w 4577.4857299
            c:n 3998.6777980
            c:w 3992.6616075
            n:w 11977.8464068
          b:e:c 1229.8733462
          b:e:n 551.3619376
          b:e:w 552.4930597
          b:c:n 555.6278013
          b:c:w 554.4323837
          b:n:w 1258.0202122
          e:c:n 4274.3757780
          e:c:w 4280.3919685
          e:n:w 5646.7701405
          c:n:w 4651.7976492
        b:e:c:n 1088.2287199
        b:e:c:w 1089.4241375
        b:e:n:w 1849.8828122
        b:c:n:w 1579.8782686
        e:c:n:w 47409.5234688
