########################################
# legofit: estimate population history #
#       version 2.3.4-4-g53f8760       #
########################################

# Program was compiled: Sep 21 2021 14:36:42
# Program was run: Sun Sep 26 03:24:45 2021

# cmd: legofit -1 -d 0 -t 32 --ptsPerDim 3 --stateOut b1boot26.state --tol 3e-6 -S 5000 abde2.lgo ../../chrX/boot_chrX/boot26.opf
# Stage nOptItr nSimReps
#     0    5000        0
# algorithm          : deterministic
# ignoring probs <=  : 0
# Branch length floor: 0
# DE strategy        : 2
#    F               : 0.3
#    CR              : 0.8
#    tolerance       : 3e-06
# nthreads           : 32
# lgo input file     : abde2.lgo
# site pat input file: ../../chrX/boot_chrX/boot26.opf
# free parameters    : 17
# points in DE swarm : 51
# output state file  : b1boot26.state
# Including singleton site patterns.
# cost function      : KL
Initial parameter values
Fixed:
      zero = 0
       one = 1
    Tbecnw = 75200
Free:
       pc1 = 0
       pc2 = 0
       pc3 = 0
       pc4 = 0
       pc5 = 0
       pc6 = 0
       pc7 = 0
       pc8 = 0
       pc9 = 0
      pc10 = 0
      pc11 = 0
      pc12 = 0
      pc13 = 0
      pc14 = 0
      pc15 = 0
      pc16 = 0
      pc17 = 0
Constrained:
   Tgbecnw = 125734
     Tecnw = 24874.1
       Tnw = 18545.2
       Tec = 9321.72
     twoNb = 1.19147e+06
     twoNe = 1.14664e+06
     twoNc = 1.83237e+06
     twoNw = 1.59298e+06
    twoNec = 78056.7
    twoNnw = 28147.9
  twoNecnw = 63861.4
  twoNbecnw = 13943.6
  twoNgbecnw = 397581
         m = 0.0694819
        m2 = 0.0210758
        m4 = 0.000459607
        m5 = 0.144107
        Tb = 17097.9
        Ta = 46149
        Td = 4660.86
        Te = 9272.62
DiffEv reached_goal. cost=2.19447e-03 spread=2.64488e-06
Fitted parameter values
Free:
       pc1 = -3.98458
       pc2 = 1.95959
       pc3 = 0.0889723
       pc4 = -1.96059
       pc5 = 0.347539
       pc6 = 0.270959
       pc7 = -0.537355
       pc8 = 0.300062
       pc9 = -1.06012
      pc10 = 1.9677
      pc11 = 1.54767
      pc12 = -0.207194
      pc13 = 0.725934
      pc14 = 0.165728
      pc15 = -0.231163
      pc16 = 0.0181178
      pc17 = 0.123003
Constrained:
   Tgbecnw = 106707
     Tecnw = 23510
       Tnw = 19453.2
       Tec = 9975.4
     twoNb = 828848
     twoNe = 960937
     twoNc = 3.63976e+06
     twoNw = 2.87225e+06
    twoNec = 70159.7
    twoNnw = 17978.9
  twoNecnw = 64386
  twoNbecnw = 9238.51
  twoNgbecnw = 424882
         m = 0.0621796
        m2 = 0.0218093
        m4 = 0.000982542
        m5 = 0.132028
        Tb = 16742.7
        Ta = 45971.3
        Td = 4987.7
        Te = 9726.6
#       SitePat  BranchLen
              b 117599.7742555
              e 44246.2663566
              c 46049.2589167
              n 43189.2751421
              w 43174.4667005
            b:e 1299.9875255
            b:c 1454.4081848
            b:n 1071.1070180
            b:w 1070.3626765
            e:c 11555.7063987
            e:n 4574.9667485
            e:w 4589.7751900
            c:n 4126.3576740
            c:w 4122.5845093
            n:w 12166.0233706
          b:e:c 1324.6900150
          b:e:n 596.5287315
          b:e:w 597.2730730
          b:c:n 600.3729180
          b:c:w 599.5829800
          b:n:w 1340.2295328
          e:c:n 4327.1065812
          e:c:w 4330.8797458
          e:n:w 5714.9778224
          c:n:w 4895.9509327
        b:e:c:n 1169.4181751
        b:e:c:w 1170.2081131
        b:e:n:w 1954.2105839
        b:c:n:w 1725.4699016
        e:c:n:w 46121.6287011
