########################################
# legofit: estimate population history #
#       version 2.3.4-4-g53f8760       #
########################################

# Program was compiled: Sep 21 2021 14:36:42
# Program was run: Sun Sep 26 03:26:42 2021

# cmd: legofit -1 -d 0 -t 32 --ptsPerDim 3 --stateOut b1boot31.state --tol 3e-6 -S 5000 abde2.lgo ../../chrX/boot_chrX/boot31.opf
# Stage nOptItr nSimReps
#     0    5000        0
# algorithm          : deterministic
# ignoring probs <=  : 0
# Branch length floor: 0
# DE strategy        : 2
#    F               : 0.3
#    CR              : 0.8
#    tolerance       : 3e-06
# nthreads           : 32
# lgo input file     : abde2.lgo
# site pat input file: ../../chrX/boot_chrX/boot31.opf
# free parameters    : 17
# points in DE swarm : 51
# output state file  : b1boot31.state
# Including singleton site patterns.
# cost function      : KL
Initial parameter values
Fixed:
      zero = 0
       one = 1
    Tbecnw = 75200
Free:
       pc1 = 0
       pc2 = 0
       pc3 = 0
       pc4 = 0
       pc5 = 0
       pc6 = 0
       pc7 = 0
       pc8 = 0
       pc9 = 0
      pc10 = 0
      pc11 = 0
      pc12 = 0
      pc13 = 0
      pc14 = 0
      pc15 = 0
      pc16 = 0
      pc17 = 0
Constrained:
   Tgbecnw = 125734
     Tecnw = 24874.1
       Tnw = 18545.2
       Tec = 9321.72
     twoNb = 1.19147e+06
     twoNe = 1.14664e+06
     twoNc = 1.83237e+06
     twoNw = 1.59298e+06
    twoNec = 78056.7
    twoNnw = 28147.9
  twoNecnw = 63861.4
  twoNbecnw = 13943.6
  twoNgbecnw = 397581
         m = 0.0694819
        m2 = 0.0210758
        m4 = 0.000459607
        m5 = 0.144107
        Tb = 17097.9
        Ta = 46149
        Td = 4660.86
        Te = 9272.62
DiffEv reached_goal. cost=2.26911e-03 spread=1.77217e-06
Fitted parameter values
Free:
       pc1 = -3.97578
       pc2 = 1.93364
       pc3 = -0.441941
       pc4 = -1.87814
       pc5 = 1.98356
       pc6 = -0.717867
       pc7 = 0.474255
       pc8 = -0.586384
       pc9 = 0.127973
      pc10 = 1.09541
      pc11 = -0.21629
      pc12 = -0.182082
      pc13 = 0.473763
      pc14 = 0.0815596
      pc15 = -0.154841
      pc16 = -0.0910417
      pc17 = 0.0252594
Constrained:
   Tgbecnw = 105939
     Tecnw = 23961.7
       Tnw = 19963.5
       Tec = 10109.2
     twoNb = 1.30408e+06
     twoNe = 1.64904e+06
     twoNc = 1.98176e+06
     twoNw = 2.73552e+06
    twoNec = 70244.7
    twoNnw = 17938.5
  twoNecnw = 62568
  twoNbecnw = 8928.08
  twoNgbecnw = 435866
         m = 0.0616061
        m2 = 0.0189654
        m4 = 0.000655495
        m5 = 0.150179
        Tb = 17035.4
        Ta = 46117.7
        Td = 5054.58
        Te = 9981.74
#       SitePat  BranchLen
              b 117930.0603581
              e 43905.0752982
              c 45864.7807771
              n 43203.7702367
              w 43185.8294940
            b:e 1215.2108321
            b:c 1371.2725393
            b:n 1044.5372595
            b:w 1043.6483589
            e:c 11381.7903312
            e:n 4564.4197505
            e:w 4582.3604932
            c:n 4075.8906786
            c:w 4071.3001940
            n:w 11806.8832361
          b:e:c 1270.0540881
          b:e:n 580.5187608
          b:e:w 581.4076613
          b:c:n 584.4542234
          b:c:w 583.5134847
          b:n:w 1288.8345062
          e:c:n 4316.2681900
          e:c:w 4320.8586746
          e:n:w 5662.6222193
          c:n:w 4773.2469763
        b:e:c:n 1135.3704652
        b:e:c:w 1136.3112039
        b:e:n:w 1848.2953976
        b:c:n:w 1615.4515266
        e:c:n:w 46728.3773658
