########################################
# legofit: estimate population history #
#       version 2.3.4-4-g53f8760       #
########################################

# Program was compiled: Sep 21 2021 14:36:42
# Program was run: Sun Sep 26 03:21:22 2021

# cmd: legofit -1 -d 0 -t 32 --ptsPerDim 3 --stateOut b1boot18.state --tol 3e-6 -S 5000 abde2.lgo ../../chrX/boot_chrX/boot18.opf
# Stage nOptItr nSimReps
#     0    5000        0
# algorithm          : deterministic
# ignoring probs <=  : 0
# Branch length floor: 0
# DE strategy        : 2
#    F               : 0.3
#    CR              : 0.8
#    tolerance       : 3e-06
# nthreads           : 32
# lgo input file     : abde2.lgo
# site pat input file: ../../chrX/boot_chrX/boot18.opf
# free parameters    : 17
# points in DE swarm : 51
# output state file  : b1boot18.state
# Including singleton site patterns.
# cost function      : KL
Initial parameter values
Fixed:
      zero = 0
       one = 1
    Tbecnw = 75200
Free:
       pc1 = 0
       pc2 = 0
       pc3 = 0
       pc4 = 0
       pc5 = 0
       pc6 = 0
       pc7 = 0
       pc8 = 0
       pc9 = 0
      pc10 = 0
      pc11 = 0
      pc12 = 0
      pc13 = 0
      pc14 = 0
      pc15 = 0
      pc16 = 0
      pc17 = 0
Constrained:
   Tgbecnw = 125734
     Tecnw = 24874.1
       Tnw = 18545.2
       Tec = 9321.72
     twoNb = 1.19147e+06
     twoNe = 1.14664e+06
     twoNc = 1.83237e+06
     twoNw = 1.59298e+06
    twoNec = 78056.7
    twoNnw = 28147.9
  twoNecnw = 63861.4
  twoNbecnw = 13943.6
  twoNgbecnw = 397581
         m = 0.0694819
        m2 = 0.0210758
        m4 = 0.000459607
        m5 = 0.144107
        Tb = 17097.9
        Ta = 46149
        Td = 4660.86
        Te = 9272.62
DiffEv reached_goal. cost=2.32313e-03 spread=2.68998e-06
Fitted parameter values
Free:
       pc1 = -3.91648
       pc2 = 1.93576
       pc3 = 0.616851
       pc4 = -1.55732
       pc5 = 1.96139
       pc6 = 0.731466
       pc7 = -0.535081
       pc8 = -1.10389
       pc9 = -0.536516
      pc10 = 1.3998
      pc11 = 1.23777
      pc12 = 0.364539
      pc13 = 0.743558
      pc14 = -0.028391
      pc15 = -0.210515
      pc16 = -0.130996
      pc17 = 0.0743882
Constrained:
   Tgbecnw = 104619
     Tecnw = 23587.3
       Tnw = 19745.3
       Tec = 10026.4
     twoNb = 879832
     twoNe = 1.33861e+06
     twoNc = 2.92013e+06
     twoNw = 2.88581e+06
    twoNec = 71254.8
    twoNnw = 17623.5
  twoNecnw = 64307.8
  twoNbecnw = 8715.05
  twoNgbecnw = 396439
         m = 0.0708883
        m2 = 0.0215591
        m4 = 0.0010663
        m5 = 0.154709
        Tb = 16806.9
        Ta = 46003.4
        Td = 5013.22
        Te = 9872.63
#       SitePat  BranchLen
              b 118612.2519717
              e 44180.5670116
              c 46224.9844487
              n 43273.4646069
              w 43255.9651148
            b:e 1237.2225716
            b:c 1406.6190326
            b:n 1026.1700889
            b:w 1025.3222772
            e:c 11213.3137085
            e:n 4652.4141737
            e:w 4669.9136657
            c:n 4141.3388850
            c:w 4136.8903434
            n:w 11786.2685094
          b:e:c 1241.3308162
          b:e:n 578.4088009
          b:e:w 579.2566126
          b:c:n 582.6057503
          b:c:w 581.7062298
          b:n:w 1259.2321113
          e:c:n 4278.0250077
          e:c:w 4282.4735493
          e:n:w 5708.0778798
          c:n:w 4790.9645230
        b:e:c:n 1119.8375360
        b:e:c:w 1120.7370564
        b:e:n:w 1924.0191254
        b:c:n:w 1664.7706074
        e:c:n:w 47173.8931730
