########################################
# legofit: estimate population history #
#       version 2.3.4-4-g53f8760       #
########################################

# Program was compiled: Sep 21 2021 14:36:42
# Program was run: Sun Sep 26 03:20:51 2021

# cmd: legofit -1 -d 0 -t 32 --ptsPerDim 3 --stateOut b1boot17.state --tol 3e-6 -S 5000 abde2.lgo ../../chrX/boot_chrX/boot17.opf
# Stage nOptItr nSimReps
#     0    5000        0
# algorithm          : deterministic
# ignoring probs <=  : 0
# Branch length floor: 0
# DE strategy        : 2
#    F               : 0.3
#    CR              : 0.8
#    tolerance       : 3e-06
# nthreads           : 32
# lgo input file     : abde2.lgo
# site pat input file: ../../chrX/boot_chrX/boot17.opf
# free parameters    : 17
# points in DE swarm : 51
# output state file  : b1boot17.state
# Including singleton site patterns.
# cost function      : KL
Initial parameter values
Fixed:
      zero = 0
       one = 1
    Tbecnw = 75200
Free:
       pc1 = 0
       pc2 = 0
       pc3 = 0
       pc4 = 0
       pc5 = 0
       pc6 = 0
       pc7 = 0
       pc8 = 0
       pc9 = 0
      pc10 = 0
      pc11 = 0
      pc12 = 0
      pc13 = 0
      pc14 = 0
      pc15 = 0
      pc16 = 0
      pc17 = 0
Constrained:
   Tgbecnw = 125734
     Tecnw = 24874.1
       Tnw = 18545.2
       Tec = 9321.72
     twoNb = 1.19147e+06
     twoNe = 1.14664e+06
     twoNc = 1.83237e+06
     twoNw = 1.59298e+06
    twoNec = 78056.7
    twoNnw = 28147.9
  twoNecnw = 63861.4
  twoNbecnw = 13943.6
  twoNgbecnw = 397581
         m = 0.0694819
        m2 = 0.0210758
        m4 = 0.000459607
        m5 = 0.144107
        Tb = 17097.9
        Ta = 46149
        Td = 4660.86
        Te = 9272.62
DiffEv reached_goal. cost=2.21943e-03 spread=2.62037e-06
Fitted parameter values
Free:
       pc1 = -3.94744
       pc2 = 1.96717
       pc3 = 1.74641
       pc4 = -1.94371
       pc5 = 1.79796
       pc6 = 0.846322
       pc7 = 0.841614
       pc8 = 0.544663
       pc9 = -0.336771
      pc10 = 1.9924
      pc11 = 0.104936
      pc12 = -0.934262
      pc13 = 0.537928
      pc14 = 0.0869212
      pc15 = -0.0773086
      pc16 = -0.110778
      pc17 = -0.0363738
Constrained:
   Tgbecnw = 103202
     Tecnw = 23723.4
       Tnw = 19262.5
       Tec = 9726.01
     twoNb = 2.49259e+06
     twoNe = 2.72026e+06
     twoNc = 3.22866e+06
     twoNw = 2.78071e+06
    twoNec = 66527.9
    twoNnw = 19704.2
  twoNecnw = 64865
  twoNbecnw = 8282.27
  twoNgbecnw = 397257
         m = 0.0705371
        m2 = 0.020876
        m4 = 0.000210573
        m5 = 0.140618
        Tb = 16724.7
        Ta = 45962.4
        Td = 4863.01
        Te = 9631.26
#       SitePat  BranchLen
              b 118182.0402082
              e 43881.3241972
              c 45769.0861828
              n 43297.0876854
              w 43280.8747512
            b:e 1176.0111552
            b:c 1315.9231379
            b:n 1021.7320412
            b:w 1020.9638436
            e:c 11846.3923218
            e:n 4493.0901580
            e:w 4509.3030922
            c:n 4015.6284229
            c:w 4011.5933492
            n:w 12122.5194354
          b:e:c 1262.2763061
          b:e:n 558.2640805
          b:e:w 559.0322781
          b:c:n 561.8239290
          b:c:w 561.0088810
          b:n:w 1292.5109041
          e:c:n 4283.5388412
          e:c:w 4287.5739148
          e:n:w 5528.3319162
          c:n:w 4686.2045749
        b:e:c:n 1114.5319788
        b:e:c:w 1115.3470268
        b:e:n:w 1855.6650048
        b:c:n:w 1639.7533891
        e:c:n:w 46766.2019859
