########################################
# legofit: estimate population history #
#       version 2.3.4-4-g53f8760       #
########################################

# Program was compiled: Sep 21 2021 14:36:42
# Program was run: Sun Sep 26 03:28:38 2021

# cmd: legofit -1 -d 0 -t 32 --ptsPerDim 3 --stateOut b1boot35.state --tol 3e-6 -S 5000 abde2.lgo ../../chrX/boot_chrX/boot35.opf
# Stage nOptItr nSimReps
#     0    5000        0
# algorithm          : deterministic
# ignoring probs <=  : 0
# Branch length floor: 0
# DE strategy        : 2
#    F               : 0.3
#    CR              : 0.8
#    tolerance       : 3e-06
# nthreads           : 32
# lgo input file     : abde2.lgo
# site pat input file: ../../chrX/boot_chrX/boot35.opf
# free parameters    : 17
# points in DE swarm : 51
# output state file  : b1boot35.state
# Including singleton site patterns.
# cost function      : KL
Initial parameter values
Fixed:
      zero = 0
       one = 1
    Tbecnw = 75200
Free:
       pc1 = 0
       pc2 = 0
       pc3 = 0
       pc4 = 0
       pc5 = 0
       pc6 = 0
       pc7 = 0
       pc8 = 0
       pc9 = 0
      pc10 = 0
      pc11 = 0
      pc12 = 0
      pc13 = 0
      pc14 = 0
      pc15 = 0
      pc16 = 0
      pc17 = 0
Constrained:
   Tgbecnw = 125734
     Tecnw = 24874.1
       Tnw = 18545.2
       Tec = 9321.72
     twoNb = 1.19147e+06
     twoNe = 1.14664e+06
     twoNc = 1.83237e+06
     twoNw = 1.59298e+06
    twoNec = 78056.7
    twoNnw = 28147.9
  twoNecnw = 63861.4
  twoNbecnw = 13943.6
  twoNgbecnw = 397581
         m = 0.0694819
        m2 = 0.0210758
        m4 = 0.000459607
        m5 = 0.144107
        Tb = 17097.9
        Ta = 46149
        Td = 4660.86
        Te = 9272.62
DiffEv reached_goal. cost=2.29964e-03 spread=2.24390e-06
Fitted parameter values
Free:
       pc1 = -3.9304
       pc2 = 1.96176
       pc3 = 0.275329
       pc4 = -1.85681
       pc5 = 1.89422
       pc6 = 1.40565
       pc7 = 0.0554074
       pc8 = -0.30241
       pc9 = -1.24185
      pc10 = 1.9425
      pc11 = -0.543105
      pc12 = 0.162683
      pc13 = 0.185409
      pc14 = 0.0958674
      pc15 = -0.138849
      pc16 = -0.148717
      pc17 = -0.0380382
Constrained:
   Tgbecnw = 104064
     Tecnw = 23733.7
       Tnw = 19696.8
       Tec = 9870.07
     twoNb = 1.26079e+06
     twoNe = 1.92787e+06
     twoNc = 5.55255e+06
     twoNw = 2.66967e+06
    twoNec = 71111.5
    twoNnw = 18138.1
  twoNecnw = 65825.1
  twoNbecnw = 8357.2
  twoNgbecnw = 421688
         m = 0.069089
        m2 = 0.0200977
        m4 = 0.000210226
        m5 = 0.150195
        Tb = 16801.9
        Ta = 46000.9
        Td = 4935.03
        Te = 9848.41
#       SitePat  BranchLen
              b 119178.5543104
              e 44354.6763876
              c 46338.6501679
              n 43521.7033057
              w 43503.2570325
            b:e 1204.6849630
            b:c 1355.7812450
            b:n 1022.8283737
            b:w 1021.9462874
            e:c 11433.0409667
            e:n 4601.7389788
            e:w 4620.1852519
            c:n 4098.1253072
            c:w 4093.5167426
            n:w 11942.5815790
          b:e:c 1247.6811154
          b:e:n 572.1270007
          b:e:w 573.0090870
          b:c:n 576.1160460
          b:c:w 575.1786315
          b:n:w 1269.9560199
          e:c:n 4234.9085630
          e:c:w 4239.5171276
          e:n:w 5595.1899505
          c:n:w 4711.7079141
        b:e:c:n 1118.8817162
        b:e:c:w 1119.8191307
        b:e:n:w 1877.0600150
        b:c:n:w 1649.5955652
        e:c:n:w 47570.6993389
