########################################
# legofit: estimate population history #
#       version 2.3.4-4-g53f8760       #
########################################

# Program was compiled: Sep 21 2021 14:36:42
# Program was run: Sun Sep 26 03:30:39 2021

# cmd: legofit -1 -d 0 -t 32 --ptsPerDim 3 --stateOut b1boot41.state --tol 3e-6 -S 5000 abde2.lgo ../../chrX/boot_chrX/boot41.opf
# Stage nOptItr nSimReps
#     0    5000        0
# algorithm          : deterministic
# ignoring probs <=  : 0
# Branch length floor: 0
# DE strategy        : 2
#    F               : 0.3
#    CR              : 0.8
#    tolerance       : 3e-06
# nthreads           : 32
# lgo input file     : abde2.lgo
# site pat input file: ../../chrX/boot_chrX/boot41.opf
# free parameters    : 17
# points in DE swarm : 51
# output state file  : b1boot41.state
# Including singleton site patterns.
# cost function      : KL
Initial parameter values
Fixed:
      zero = 0
       one = 1
    Tbecnw = 75200
Free:
       pc1 = 0
       pc2 = 0
       pc3 = 0
       pc4 = 0
       pc5 = 0
       pc6 = 0
       pc7 = 0
       pc8 = 0
       pc9 = 0
      pc10 = 0
      pc11 = 0
      pc12 = 0
      pc13 = 0
      pc14 = 0
      pc15 = 0
      pc16 = 0
      pc17 = 0
Constrained:
   Tgbecnw = 125734
     Tecnw = 24874.1
       Tnw = 18545.2
       Tec = 9321.72
     twoNb = 1.19147e+06
     twoNe = 1.14664e+06
     twoNc = 1.83237e+06
     twoNw = 1.59298e+06
    twoNec = 78056.7
    twoNnw = 28147.9
  twoNecnw = 63861.4
  twoNbecnw = 13943.6
  twoNgbecnw = 397581
         m = 0.0694819
        m2 = 0.0210758
        m4 = 0.000459607
        m5 = 0.144107
        Tb = 17097.9
        Ta = 46149
        Td = 4660.86
        Te = 9272.62
DiffEv reached_goal. cost=2.16768e-03 spread=2.45762e-06
Fitted parameter values
Free:
       pc1 = -3.88628
       pc2 = 1.99069
       pc3 = -0.209957
       pc4 = -1.80506
       pc5 = 1.19192
       pc6 = 0.316046
       pc7 = -0.323064
       pc8 = -1.24806
       pc9 = 0.184548
      pc10 = 1.8666
      pc11 = 0.811344
      pc12 = 0.145189
      pc13 = 0.0360449
      pc14 = 0.0343494
      pc15 = -0.116466
      pc16 = -0.135283
      pc17 = 0.0607628
Constrained:
   Tgbecnw = 104358
     Tecnw = 23785.6
       Tnw = 19499.7
       Tec = 9888.68
     twoNb = 564747
     twoNe = 1.34235e+06
     twoNc = 1.83172e+06
     twoNw = 2.67617e+06
    twoNec = 71854.8
    twoNnw = 18126.9
  twoNecnw = 65142.4
  twoNbecnw = 8423.26
  twoNgbecnw = 441183
         m = 0.0653845
        m2 = 0.0203877
        m4 = 0.0012535
        m5 = 0.148771
        Tb = 16837.1
        Ta = 46018.6
        Td = 4944.34
        Te = 9749.86
#       SitePat  BranchLen
              b 119148.6338847
              e 44317.4326963
              c 46416.5832678
              n 43134.0275120
              w 43116.1290141
            b:e 1282.1694684
            b:c 1465.9570658
            b:n 1030.6057785
            b:w 1029.7350031
            e:c 11430.7206854
            e:n 4570.8887587
            e:w 4588.7872566
            c:n 4047.7569434
            c:w 4043.2954734
            n:w 12241.6307754
          b:e:c 1297.2704855
          b:e:n 578.9107881
          b:e:w 579.7815634
          b:c:n 583.5604972
          b:c:w 582.6330930
          b:n:w 1306.8218282
          e:c:n 4198.6985262
          e:c:w 4203.1599962
          e:n:w 5768.9420691
          c:n:w 4810.1868448
        b:e:c:n 1130.6272512
        b:e:c:w 1131.5546554
        b:e:n:w 1939.3473014
        b:c:n:w 1676.2866995
        e:c:n:w 47745.6039413
