########################################
# legofit: estimate population history #
#       version 2.3.4-4-g53f8760       #
########################################

# Program was compiled: Sep 21 2021 14:36:42
# Program was run: Sun Sep 26 03:16:54 2021

# cmd: legofit -1 -d 0 -t 32 --ptsPerDim 3 --stateOut b1boot6.state --tol 3e-6 -S 5000 abde2.lgo ../../chrX/boot_chrX/boot6.opf
# Stage nOptItr nSimReps
#     0    5000        0
# algorithm          : deterministic
# ignoring probs <=  : 0
# Branch length floor: 0
# DE strategy        : 2
#    F               : 0.3
#    CR              : 0.8
#    tolerance       : 3e-06
# nthreads           : 32
# lgo input file     : abde2.lgo
# site pat input file: ../../chrX/boot_chrX/boot6.opf
# free parameters    : 17
# points in DE swarm : 51
# output state file  : b1boot6.state
# Including singleton site patterns.
# cost function      : KL
Initial parameter values
Fixed:
      zero = 0
       one = 1
    Tbecnw = 75200
Free:
       pc1 = 0
       pc2 = 0
       pc3 = 0
       pc4 = 0
       pc5 = 0
       pc6 = 0
       pc7 = 0
       pc8 = 0
       pc9 = 0
      pc10 = 0
      pc11 = 0
      pc12 = 0
      pc13 = 0
      pc14 = 0
      pc15 = 0
      pc16 = 0
      pc17 = 0
Constrained:
   Tgbecnw = 125734
     Tecnw = 24874.1
       Tnw = 18545.2
       Tec = 9321.72
     twoNb = 1.19147e+06
     twoNe = 1.14664e+06
     twoNc = 1.83237e+06
     twoNw = 1.59298e+06
    twoNec = 78056.7
    twoNnw = 28147.9
  twoNecnw = 63861.4
  twoNbecnw = 13943.6
  twoNgbecnw = 397581
         m = 0.0694819
        m2 = 0.0210758
        m4 = 0.000459607
        m5 = 0.144107
        Tb = 17097.9
        Ta = 46149
        Td = 4660.86
        Te = 9272.62
DiffEv reached_goal. cost=2.11998e-03 spread=2.61918e-06
Fitted parameter values
Free:
       pc1 = -3.91522
       pc2 = 1.99952
       pc3 = -2.60529
       pc4 = -1.77207
       pc5 = 1.89764
       pc6 = -1.48886
       pc7 = 0.848168
       pc8 = -0.415689
       pc9 = 0.465242
      pc10 = 1.93331
      pc11 = 1.04506
      pc12 = 0.0160564
      pc13 = 0.492417
      pc14 = -0.225393
      pc15 = 0.040848
      pc16 = -0.00560532
      pc17 = -0.0581772
Constrained:
   Tgbecnw = 108892
     Tecnw = 23988.5
       Tnw = 20073.4
       Tec = 10053.4
     twoNb = 426512
     twoNe = 2.09866e+06
     twoNc = 2.11669e+06
     twoNw = 3.14445e+06
    twoNec = 72779.6
    twoNnw = 17302.5
  twoNecnw = 60967.7
  twoNbecnw = 9361.72
  twoNgbecnw = 494572
         m = 0.0534269
        m2 = 0.0183674
        m4 = 0.00201156
        m5 = 0.143126
        Tb = 17021
        Ta = 46110.5
        Td = 5026.72
        Te = 10036.7
#       SitePat  BranchLen
              b 117630.9386951
              e 43709.1847373
              c 45617.7840826
              n 42874.9374766
              w 42860.1850971
            b:e 1258.3626447
            b:c 1442.3918224
            b:n 1017.0778110
            b:w 1016.3550448
            e:c 11221.0056060
            e:n 4521.2789046
            e:w 4536.0312841
            c:n 4050.4894775
            c:w 4046.6845493
            n:w 11776.3960265
          b:e:c 1253.9612013
          b:e:n 567.5516967
          b:e:w 568.2744628
          b:c:n 571.8473254
          b:c:w 571.0822451
          b:n:w 1255.8950393
          e:c:n 4291.6299748
          e:c:w 4295.4349031
          e:n:w 5727.0371924
          c:n:w 4836.6984788
        b:e:c:n 1105.5539751
        b:e:c:w 1106.3190555
        b:e:n:w 1814.4893730
        b:c:n:w 1565.2323023
        e:c:n:w 46769.2177327
