########################################
# legofit: estimate population history #
#       version 2.3.4-4-g53f8760       #
########################################

# Program was compiled: Sep 21 2021 14:36:42
# Program was run: Sun Sep 26 03:19:28 2021

# cmd: legofit -1 -d 0 -t 32 --ptsPerDim 3 --stateOut b1boot14.state --tol 3e-6 -S 5000 abde2.lgo ../../chrX/boot_chrX/boot14.opf
# Stage nOptItr nSimReps
#     0    5000        0
# algorithm          : deterministic
# ignoring probs <=  : 0
# Branch length floor: 0
# DE strategy        : 2
#    F               : 0.3
#    CR              : 0.8
#    tolerance       : 3e-06
# nthreads           : 32
# lgo input file     : abde2.lgo
# site pat input file: ../../chrX/boot_chrX/boot14.opf
# free parameters    : 17
# points in DE swarm : 51
# output state file  : b1boot14.state
# Including singleton site patterns.
# cost function      : KL
Initial parameter values
Fixed:
      zero = 0
       one = 1
    Tbecnw = 75200
Free:
       pc1 = 0
       pc2 = 0
       pc3 = 0
       pc4 = 0
       pc5 = 0
       pc6 = 0
       pc7 = 0
       pc8 = 0
       pc9 = 0
      pc10 = 0
      pc11 = 0
      pc12 = 0
      pc13 = 0
      pc14 = 0
      pc15 = 0
      pc16 = 0
      pc17 = 0
Constrained:
   Tgbecnw = 125734
     Tecnw = 24874.1
       Tnw = 18545.2
       Tec = 9321.72
     twoNb = 1.19147e+06
     twoNe = 1.14664e+06
     twoNc = 1.83237e+06
     twoNw = 1.59298e+06
    twoNec = 78056.7
    twoNnw = 28147.9
  twoNecnw = 63861.4
  twoNbecnw = 13943.6
  twoNgbecnw = 397581
         m = 0.0694819
        m2 = 0.0210758
        m4 = 0.000459607
        m5 = 0.144107
        Tb = 17097.9
        Ta = 46149
        Td = 4660.86
        Te = 9272.62
DiffEv reached_goal. cost=2.06352e-03 spread=2.76561e-06
Fitted parameter values
Free:
       pc1 = -3.97465
       pc2 = 1.88308
       pc3 = 0.737977
       pc4 = -1.77727
       pc5 = 0.478384
       pc6 = -1.35766
       pc7 = 0.670137
       pc8 = 1.05664
       pc9 = -0.627385
      pc10 = 1.90453
      pc11 = 0.413049
      pc12 = -0.265061
      pc13 = 0.490047
      pc14 = 0.027116
      pc15 = -0.134482
      pc16 = -0.0653106
      pc17 = 0.0403584
Constrained:
   Tgbecnw = 108360
     Tecnw = 23788.7
       Tnw = 19781.9
       Tec = 10045.1
     twoNb = 1.75189e+06
     twoNe = 1.7974e+06
     twoNc = 1.67251e+06
     twoNw = 3.08078e+06
    twoNec = 71324.1
    twoNnw = 17598.4
  twoNecnw = 62902.7
  twoNbecnw = 9430.05
  twoNgbecnw = 437640
         m = 0.0615891
        m2 = 0.0204938
        m4 = 9.9876e-06
        m5 = 0.125892
        Tb = 16916.9
        Ta = 46058.5
        Td = 5022.57
        Te = 9890.95
#       SitePat  BranchLen
              b 117983.1427920
              e 44132.0690791
              c 45787.5522957
              n 43078.2560123
              w 43065.0518489
            b:e 1198.9270434
            b:c 1323.1783543
            b:n 1011.5007725
            b:w 1010.8668807
            e:c 11489.3963757
            e:n 4476.8278324
            e:w 4490.0319958
            c:n 4062.2268702
            c:w 4058.8603883
            n:w 12031.6084104
          b:e:c 1246.9811613
          b:e:n 559.3500285
          b:e:w 559.9839203
          b:c:n 562.2857105
          b:c:w 561.6163297
          b:n:w 1270.9369011
          e:c:n 4280.2710878
          e:c:w 4283.6375698
          e:n:w 5590.5209570
          c:n:w 4836.6605593
        b:e:c:n 1096.5106731
        b:e:c:w 1097.1800539
        b:e:n:w 1829.4016922
        b:c:n:w 1644.7320309
        e:c:n:w 46625.5049432
