########################################
# legofit: estimate population history #
#       version 2.3.4-4-g53f8760       #
########################################

# Program was compiled: Sep 21 2021 14:36:42
# Program was run: Sun Sep 26 03:28:49 2021

# cmd: legofit -1 -d 0 -t 32 --ptsPerDim 3 --stateOut b1boot36.state --tol 3e-6 -S 5000 abde2.lgo ../../chrX/boot_chrX/boot36.opf
# Stage nOptItr nSimReps
#     0    5000        0
# algorithm          : deterministic
# ignoring probs <=  : 0
# Branch length floor: 0
# DE strategy        : 2
#    F               : 0.3
#    CR              : 0.8
#    tolerance       : 3e-06
# nthreads           : 32
# lgo input file     : abde2.lgo
# site pat input file: ../../chrX/boot_chrX/boot36.opf
# free parameters    : 17
# points in DE swarm : 51
# output state file  : b1boot36.state
# Including singleton site patterns.
# cost function      : KL
Initial parameter values
Fixed:
      zero = 0
       one = 1
    Tbecnw = 75200
Free:
       pc1 = 0
       pc2 = 0
       pc3 = 0
       pc4 = 0
       pc5 = 0
       pc6 = 0
       pc7 = 0
       pc8 = 0
       pc9 = 0
      pc10 = 0
      pc11 = 0
      pc12 = 0
      pc13 = 0
      pc14 = 0
      pc15 = 0
      pc16 = 0
      pc17 = 0
Constrained:
   Tgbecnw = 125734
     Tecnw = 24874.1
       Tnw = 18545.2
       Tec = 9321.72
     twoNb = 1.19147e+06
     twoNe = 1.14664e+06
     twoNc = 1.83237e+06
     twoNw = 1.59298e+06
    twoNec = 78056.7
    twoNnw = 28147.9
  twoNecnw = 63861.4
  twoNbecnw = 13943.6
  twoNgbecnw = 397581
         m = 0.0694819
        m2 = 0.0210758
        m4 = 0.000459607
        m5 = 0.144107
        Tb = 17097.9
        Ta = 46149
        Td = 4660.86
        Te = 9272.62
DiffEv reached_goal. cost=2.25753e-03 spread=2.93941e-06
Fitted parameter values
Free:
       pc1 = -3.81363
       pc2 = 1.9662
       pc3 = 0.0952627
       pc4 = -1.7163
       pc5 = 0.482393
       pc6 = -0.396388
       pc7 = -0.749601
       pc8 = 0.396045
       pc9 = -1.06676
      pc10 = 1.93155
      pc11 = 1.36209
      pc12 = -0.149687
      pc13 = 0.520905
      pc14 = -0.0516441
      pc15 = -0.142947
      pc16 = -0.0271801
      pc17 = 0.0295651
Constrained:
   Tgbecnw = 108408
     Tecnw = 23681.3
       Tnw = 19558.7
       Tec = 9927.49
     twoNb = 837009
     twoNe = 695857
     twoNc = 3.11729e+06
     twoNw = 3.11996e+06
    twoNec = 71008
    twoNnw = 18403.5
  twoNecnw = 63834.2
  twoNbecnw = 9438.99
  twoNgbecnw = 439930
         m = 0.0632099
        m2 = 0.0216159
        m4 = 0.000766174
        m5 = 0.132154
        Tb = 16804.4
        Ta = 46002.2
        Td = 4963.74
        Te = 9779.35
#       SitePat  BranchLen
              b 118730.5562983
              e 44217.1364341
              c 45993.0169801
              n 43224.9400664
              w 43211.2519934
            b:e 1244.7808732
            b:c 1390.2995266
            b:n 1024.6102889
            b:w 1023.9512023
            e:c 11498.1937947
            e:n 4538.0159083
            e:w 4551.7039813
            c:n 4094.2470199
            c:w 4090.7789327
            n:w 12039.2398261
          b:e:c 1261.7429975
          b:e:n 569.0001015
          b:e:w 569.6591882
          b:c:n 572.4467281
          b:c:w 571.7488796
          b:n:w 1281.1584170
          e:c:n 4291.2658746
          e:c:w 4294.7339617
          e:n:w 5639.0989819
          c:n:w 4836.9066868
        b:e:c:n 1114.8861637
        b:e:c:w 1115.5840122
        b:e:n:w 1900.0355825
        b:c:n:w 1679.9862834
        e:c:n:w 47244.6087659
