########################################
# legofit: estimate population history #
#       version 2.3.4-4-g53f8760       #
########################################

# Program was compiled: Sep 21 2021 14:36:42
# Program was run: Sun Sep 26 03:21:46 2021

# cmd: legofit -1 -d 0 -t 32 --ptsPerDim 3 --stateOut b1boot19.state --tol 3e-6 -S 5000 abde2.lgo ../../chrX/boot_chrX/boot19.opf
# Stage nOptItr nSimReps
#     0    5000        0
# algorithm          : deterministic
# ignoring probs <=  : 0
# Branch length floor: 0
# DE strategy        : 2
#    F               : 0.3
#    CR              : 0.8
#    tolerance       : 3e-06
# nthreads           : 32
# lgo input file     : abde2.lgo
# site pat input file: ../../chrX/boot_chrX/boot19.opf
# free parameters    : 17
# points in DE swarm : 51
# output state file  : b1boot19.state
# Including singleton site patterns.
# cost function      : KL
Initial parameter values
Fixed:
      zero = 0
       one = 1
    Tbecnw = 75200
Free:
       pc1 = 0
       pc2 = 0
       pc3 = 0
       pc4 = 0
       pc5 = 0
       pc6 = 0
       pc7 = 0
       pc8 = 0
       pc9 = 0
      pc10 = 0
      pc11 = 0
      pc12 = 0
      pc13 = 0
      pc14 = 0
      pc15 = 0
      pc16 = 0
      pc17 = 0
Constrained:
   Tgbecnw = 125734
     Tecnw = 24874.1
       Tnw = 18545.2
       Tec = 9321.72
     twoNb = 1.19147e+06
     twoNe = 1.14664e+06
     twoNc = 1.83237e+06
     twoNw = 1.59298e+06
    twoNec = 78056.7
    twoNnw = 28147.9
  twoNecnw = 63861.4
  twoNbecnw = 13943.6
  twoNgbecnw = 397581
         m = 0.0694819
        m2 = 0.0210758
        m4 = 0.000459607
        m5 = 0.144107
        Tb = 17097.9
        Ta = 46149
        Td = 4660.86
        Te = 9272.62
DiffEv reached_goal. cost=2.29099e-03 spread=2.97869e-06
Fitted parameter values
Free:
       pc1 = -3.99039
       pc2 = 1.9817
       pc3 = 0.28608
       pc4 = -1.8395
       pc5 = 1.01039
       pc6 = -0.423209
       pc7 = 0.527322
       pc8 = -0.265487
       pc9 = 0.269774
      pc10 = 1.99966
      pc11 = 0.74851
      pc12 = -0.735443
      pc13 = 0.084432
      pc14 = 0.216077
      pc15 = 0.0667052
      pc16 = -0.086004
      pc17 = -0.0674627
Constrained:
   Tgbecnw = 104790
     Tecnw = 23944.8
       Tnw = 19533.4
       Tec = 9782.11
     twoNb = 1.2852e+06
     twoNe = 2.0383e+06
     twoNc = 1.14221e+06
     twoNw = 2.81764e+06
    twoNec = 68621.2
    twoNnw = 18070.5
  twoNecnw = 64168.7
  twoNbecnw = 8517.85
  twoNgbecnw = 436491
         m = 0.0623993
        m2 = 0.0202725
        m4 = 0.000908686
        m5 = 0.137512
        Tb = 16863.5
        Ta = 46031.7
        Td = 4891.06
        Te = 9766.7
#       SitePat  BranchLen
              b 117621.9047173
              e 44001.0711768
              c 45966.3349865
              n 42977.5859400
              w 42961.9984692
            b:e 1206.4258137
            b:c 1361.0055290
            b:n 1011.2638320
            b:w 1010.5185237
            e:c 11799.1281531
            e:n 4428.2832065
            e:w 4443.8706773
            c:n 3942.1212406
            c:w 3938.2459023
            n:w 12411.1622222
          b:e:c 1290.0389621
          b:e:n 555.0765537
          b:e:w 555.8218620
          b:c:n 558.8593748
          b:c:w 558.0684150
          b:n:w 1311.7874659
          e:c:n 4202.2923021
          e:c:w 4206.1676404
          e:n:w 5655.2937070
          c:n:w 4756.9238942
        b:e:c:n 1103.4223288
        b:e:c:w 1104.2132886
        b:e:n:w 1872.7500315
        b:c:n:w 1637.0336721
        e:c:n:w 46334.3347393
