########################################
# legofit: estimate population history #
#       version 2.3.4-4-g53f8760       #
########################################

# Program was compiled: Sep 21 2021 14:36:42
# Program was run: Sun Sep 26 03:22:48 2021

# cmd: legofit -1 -d 0 -t 32 --ptsPerDim 3 --stateOut b1boot22.state --tol 3e-6 -S 5000 abde2.lgo ../../chrX/boot_chrX/boot22.opf
# Stage nOptItr nSimReps
#     0    5000        0
# algorithm          : deterministic
# ignoring probs <=  : 0
# Branch length floor: 0
# DE strategy        : 2
#    F               : 0.3
#    CR              : 0.8
#    tolerance       : 3e-06
# nthreads           : 32
# lgo input file     : abde2.lgo
# site pat input file: ../../chrX/boot_chrX/boot22.opf
# free parameters    : 17
# points in DE swarm : 51
# output state file  : b1boot22.state
# Including singleton site patterns.
# cost function      : KL
Initial parameter values
Fixed:
      zero = 0
       one = 1
    Tbecnw = 75200
Free:
       pc1 = 0
       pc2 = 0
       pc3 = 0
       pc4 = 0
       pc5 = 0
       pc6 = 0
       pc7 = 0
       pc8 = 0
       pc9 = 0
      pc10 = 0
      pc11 = 0
      pc12 = 0
      pc13 = 0
      pc14 = 0
      pc15 = 0
      pc16 = 0
      pc17 = 0
Constrained:
   Tgbecnw = 125734
     Tecnw = 24874.1
       Tnw = 18545.2
       Tec = 9321.72
     twoNb = 1.19147e+06
     twoNe = 1.14664e+06
     twoNc = 1.83237e+06
     twoNw = 1.59298e+06
    twoNec = 78056.7
    twoNnw = 28147.9
  twoNecnw = 63861.4
  twoNbecnw = 13943.6
  twoNgbecnw = 397581
         m = 0.0694819
        m2 = 0.0210758
        m4 = 0.000459607
        m5 = 0.144107
        Tb = 17097.9
        Ta = 46149
        Td = 4660.86
        Te = 9272.62
DiffEv reached_goal. cost=2.25644e-03 spread=2.68524e-06
Fitted parameter values
Free:
       pc1 = -3.8975
       pc2 = 1.98091
       pc3 = -1.01872
       pc4 = -1.88587
       pc5 = 1.13175
       pc6 = -0.941153
       pc7 = -0.0841289
       pc8 = -0.789679
       pc9 = 0.263874
      pc10 = 1.99275
      pc11 = 0.545569
      pc12 = -0.462869
      pc13 = 0.40404
      pc14 = 0.146855
      pc15 = -0.131059
      pc16 = -0.0579182
      pc17 = 0.120232
Constrained:
   Tgbecnw = 106712
     Tecnw = 23885.8
       Tnw = 19375.1
       Tec = 9927.49
     twoNb = 511948
     twoNe = 1.25932e+06
     twoNc = 1.40345e+06
     twoNw = 2.96146e+06
    twoNec = 69937.9
    twoNnw = 18991
  twoNecnw = 63388.8
  twoNbecnw = 8985.67
  twoNgbecnw = 453209
         m = 0.0582017
        m2 = 0.0192148
        m4 = 0.00121937
        m5 = 0.142027
        Tb = 16906.6
        Ta = 46053.3
        Td = 4963.75
        Te = 9687.54
#       SitePat  BranchLen
              b 117144.9515359
              e 43895.1120503
              c 45874.1429628
              n 42921.1442087
              w 42905.8872209
            b:e 1262.1757763
            b:c 1436.1643102
            b:n 1025.0034424
            b:w 1024.2646031
            e:c 11572.8621774
            e:n 4500.2934879
            e:w 4515.5504756
            c:n 4006.0032753
            c:w 4002.1748446
            n:w 12241.4930092
          b:e:c 1294.1094790
          b:e:n 567.8710101
          b:e:w 568.6098494
          b:c:n 572.0680859
          b:c:w 571.2837615
          b:n:w 1300.3207308
          e:c:n 4247.7661411
          e:c:w 4251.5945718
          e:n:w 5726.4954109
          c:n:w 4812.0740691
        b:e:c:n 1118.8682786
        b:e:c:w 1119.6526030
        b:e:n:w 1839.3634764
        b:c:n:w 1601.5602151
        e:c:n:w 45965.9424290
