########################################
# legofit: estimate population history #
#       version 2.3.4-4-g53f8760       #
########################################

# Program was compiled: Sep 21 2021 14:36:42
# Program was run: Sun Sep 26 03:17:19 2021

# cmd: legofit -1 -d 0 -t 32 --ptsPerDim 3 --stateOut b1boot8.state --tol 3e-6 -S 5000 abde2.lgo ../../chrX/boot_chrX/boot8.opf
# Stage nOptItr nSimReps
#     0    5000        0
# algorithm          : deterministic
# ignoring probs <=  : 0
# Branch length floor: 0
# DE strategy        : 2
#    F               : 0.3
#    CR              : 0.8
#    tolerance       : 3e-06
# nthreads           : 32
# lgo input file     : abde2.lgo
# site pat input file: ../../chrX/boot_chrX/boot8.opf
# free parameters    : 17
# points in DE swarm : 51
# output state file  : b1boot8.state
# Including singleton site patterns.
# cost function      : KL
Initial parameter values
Fixed:
      zero = 0
       one = 1
    Tbecnw = 75200
Free:
       pc1 = 0
       pc2 = 0
       pc3 = 0
       pc4 = 0
       pc5 = 0
       pc6 = 0
       pc7 = 0
       pc8 = 0
       pc9 = 0
      pc10 = 0
      pc11 = 0
      pc12 = 0
      pc13 = 0
      pc14 = 0
      pc15 = 0
      pc16 = 0
      pc17 = 0
Constrained:
   Tgbecnw = 125734
     Tecnw = 24874.1
       Tnw = 18545.2
       Tec = 9321.72
     twoNb = 1.19147e+06
     twoNe = 1.14664e+06
     twoNc = 1.83237e+06
     twoNw = 1.59298e+06
    twoNec = 78056.7
    twoNnw = 28147.9
  twoNecnw = 63861.4
  twoNbecnw = 13943.6
  twoNgbecnw = 397581
         m = 0.0694819
        m2 = 0.0210758
        m4 = 0.000459607
        m5 = 0.144107
        Tb = 17097.9
        Ta = 46149
        Td = 4660.86
        Te = 9272.62
DiffEv reached_goal. cost=2.23900e-03 spread=2.96648e-06
Fitted parameter values
Free:
       pc1 = -3.97628
       pc2 = 1.98532
       pc3 = -0.011589
       pc4 = -1.43677
       pc5 = 1.79139
       pc6 = 0.757869
       pc7 = -0.214958
       pc8 = -0.429821
       pc9 = 0.405281
      pc10 = 1.96757
      pc11 = 0.0380646
      pc12 = -0.104639
      pc13 = 0.444758
      pc14 = 0.189322
      pc15 = -0.141306
      pc16 = -0.0228597
      pc17 = 0.104349
Constrained:
   Tgbecnw = 105768
     Tecnw = 23689.7
       Tnw = 19147.1
       Tec = 9754.1
     twoNb = 1.4129e+06
     twoNe = 1.84485e+06
     twoNc = 2.78055e+06
     twoNw = 2.81189e+06
    twoNec = 69999.1
    twoNnw = 19451.2
  twoNecnw = 65395.4
  twoNbecnw = 8926.67
  twoNgbecnw = 443245
         m = 0.0623274
        m2 = 0.0201207
        m4 = 0.000880059
        m5 = 0.153343
        Tb = 16721.9
        Ta = 45960.9
        Td = 4877.05
        Te = 9573.54
#       SitePat  BranchLen
              b 118774.0407635
              e 44220.9844870
              c 46375.1987284
              n 43209.2501216
              w 43191.7999639
            b:e 1281.2700570
            b:c 1456.6246848
            b:n 1089.4200168
            b:w 1088.5354473
            e:c 11638.3396737
            e:n 4629.5781794
            e:w 4647.0283370
            c:n 4091.3796489
            c:w 4087.0061591
            n:w 12318.0552288
          b:e:c 1353.8450565
          b:e:n 607.7841037
          b:e:w 608.6686732
          b:c:n 612.2668140
          b:c:w 611.3268112
          b:n:w 1373.7404910
          e:c:n 4299.9394521
          e:c:w 4304.3129419
          e:n:w 5802.5526666
          c:n:w 4829.5436285
        b:e:c:n 1191.2960461
        b:e:c:w 1192.2360489
        b:e:n:w 1988.5093774
        b:c:n:w 1723.0293915
        e:c:n:w 47186.2487546
