########################################
# legofit: estimate population history #
#       version 2.3.4-4-g53f8760       #
########################################

# Program was compiled: Sep 21 2021 14:36:42
# Program was run: Sun Sep 26 03:26:51 2021

# cmd: legofit -1 -d 0 -t 32 --ptsPerDim 3 --stateOut b1boot32.state --tol 3e-6 -S 5000 abde2.lgo ../../chrX/boot_chrX/boot32.opf
# Stage nOptItr nSimReps
#     0    5000        0
# algorithm          : deterministic
# ignoring probs <=  : 0
# Branch length floor: 0
# DE strategy        : 2
#    F               : 0.3
#    CR              : 0.8
#    tolerance       : 3e-06
# nthreads           : 32
# lgo input file     : abde2.lgo
# site pat input file: ../../chrX/boot_chrX/boot32.opf
# free parameters    : 17
# points in DE swarm : 51
# output state file  : b1boot32.state
# Including singleton site patterns.
# cost function      : KL
Initial parameter values
Fixed:
      zero = 0
       one = 1
    Tbecnw = 75200
Free:
       pc1 = 0
       pc2 = 0
       pc3 = 0
       pc4 = 0
       pc5 = 0
       pc6 = 0
       pc7 = 0
       pc8 = 0
       pc9 = 0
      pc10 = 0
      pc11 = 0
      pc12 = 0
      pc13 = 0
      pc14 = 0
      pc15 = 0
      pc16 = 0
      pc17 = 0
Constrained:
   Tgbecnw = 125734
     Tecnw = 24874.1
       Tnw = 18545.2
       Tec = 9321.72
     twoNb = 1.19147e+06
     twoNe = 1.14664e+06
     twoNc = 1.83237e+06
     twoNw = 1.59298e+06
    twoNec = 78056.7
    twoNnw = 28147.9
  twoNecnw = 63861.4
  twoNbecnw = 13943.6
  twoNgbecnw = 397581
         m = 0.0694819
        m2 = 0.0210758
        m4 = 0.000459607
        m5 = 0.144107
        Tb = 17097.9
        Ta = 46149
        Td = 4660.86
        Te = 9272.62
DiffEv reached_goal. cost=2.09345e-03 spread=2.88346e-06
Fitted parameter values
Free:
       pc1 = -3.87441
       pc2 = 1.8258
       pc3 = -0.51527
       pc4 = -1.77341
       pc5 = 1.8964
       pc6 = 0.251373
       pc7 = 1.68105
       pc8 = -0.266002
       pc9 = -1.13991
      pc10 = 1.75882
      pc11 = 0.804005
      pc12 = -0.688643
      pc13 = 0.0613657
      pc14 = 0.0746373
      pc15 = 0.00646179
      pc16 = -0.0694519
      pc17 = -0.0530503
Constrained:
   Tgbecnw = 104636
     Tecnw = 24151.8
       Tnw = 20153.2
       Tec = 10114.4
     twoNb = 903276
     twoNe = 3.21618e+06
     twoNc = 4.37452e+06
     twoNw = 2.68944e+06
    twoNec = 68911.8
    twoNnw = 17035.5
  twoNecnw = 62929.5
  twoNbecnw = 8585.81
  twoNgbecnw = 421643
         m = 0.0654434
        m2 = 0.0200156
        m4 = 0.00100598
        m5 = 0.139469
        Tb = 17133.1
        Ta = 46166.6
        Td = 5057.22
        Te = 10076.6
#       SitePat  BranchLen
              b 118157.2384430
              e 44021.9820859
              c 45934.0838704
              n 43195.7846187
              w 43178.8187817
            b:e 1216.8607523
            b:c 1374.2163875
            b:n 1015.4632361
            b:w 1014.6420800
            e:c 11609.7855550
            e:n 4443.9954479
            e:w 4460.9612849
            c:n 3972.4847152
            c:w 3968.2020273
            n:w 12078.3378959
          b:e:c 1273.8594712
          b:e:n 558.9100388
          b:e:w 559.7311949
          b:c:n 562.7967008
          b:c:w 561.9259914
          b:n:w 1292.2981264
          e:c:n 4238.5603221
          e:c:w 4242.8430100
          e:n:w 5629.4715172
          c:n:w 4753.4383848
        b:e:c:n 1106.5832756
        b:e:c:w 1107.4539849
        b:e:n:w 1858.1095050
        b:c:n:w 1622.8737338
        e:c:n:w 46953.8555549
