########################################
# legofit: estimate population history #
#       version 2.3.4-4-g53f8760       #
########################################

# Program was compiled: Sep 21 2021 14:36:42
# Program was run: Sun Sep 26 03:21:55 2021

# cmd: legofit -1 -d 0 -t 32 --ptsPerDim 3 --stateOut b1boot20.state --tol 3e-6 -S 5000 abde2.lgo ../../chrX/boot_chrX/boot20.opf
# Stage nOptItr nSimReps
#     0    5000        0
# algorithm          : deterministic
# ignoring probs <=  : 0
# Branch length floor: 0
# DE strategy        : 2
#    F               : 0.3
#    CR              : 0.8
#    tolerance       : 3e-06
# nthreads           : 32
# lgo input file     : abde2.lgo
# site pat input file: ../../chrX/boot_chrX/boot20.opf
# free parameters    : 17
# points in DE swarm : 51
# output state file  : b1boot20.state
# Including singleton site patterns.
# cost function      : KL
Initial parameter values
Fixed:
      zero = 0
       one = 1
    Tbecnw = 75200
Free:
       pc1 = 0
       pc2 = 0
       pc3 = 0
       pc4 = 0
       pc5 = 0
       pc6 = 0
       pc7 = 0
       pc8 = 0
       pc9 = 0
      pc10 = 0
      pc11 = 0
      pc12 = 0
      pc13 = 0
      pc14 = 0
      pc15 = 0
      pc16 = 0
      pc17 = 0
Constrained:
   Tgbecnw = 125734
     Tecnw = 24874.1
       Tnw = 18545.2
       Tec = 9321.72
     twoNb = 1.19147e+06
     twoNe = 1.14664e+06
     twoNc = 1.83237e+06
     twoNw = 1.59298e+06
    twoNec = 78056.7
    twoNnw = 28147.9
  twoNecnw = 63861.4
  twoNbecnw = 13943.6
  twoNgbecnw = 397581
         m = 0.0694819
        m2 = 0.0210758
        m4 = 0.000459607
        m5 = 0.144107
        Tb = 17097.9
        Ta = 46149
        Td = 4660.86
        Te = 9272.62
DiffEv reached_goal. cost=2.20342e-03 spread=2.75665e-06
Fitted parameter values
Free:
       pc1 = -3.98287
       pc2 = 1.98923
       pc3 = 0.780927
       pc4 = -1.70639
       pc5 = 1.14084
       pc6 = 1.70065
       pc7 = 0.441063
       pc8 = 0.609003
       pc9 = -1.64525
      pc10 = 1.95065
      pc11 = 1.25054
      pc12 = 0.0884279
      pc13 = 0.899272
      pc14 = 0.0501123
      pc15 = -0.00704969
      pc16 = -0.0325037
      pc17 = 0.0281976
Constrained:
   Tgbecnw = 105543
     Tecnw = 23402.5
       Tnw = 19637.9
       Tec = 9868.75
     twoNb = 1.41716e+06
     twoNe = 2.41133e+06
     twoNc = 5.82226e+06
     twoNw = 2.66274e+06
    twoNec = 70616.4
    twoNnw = 16322.8
  twoNecnw = 64803.1
  twoNbecnw = 8910.28
  twoNgbecnw = 401855
         m = 0.0684188
        m2 = 0.0223449
        m4 = 0.000665832
        m5 = 0.137904
        Tb = 16635.6
        Ta = 45917.8
        Td = 4934.38
        Te = 9818.93
#       SitePat  BranchLen
              b 118088.3575063
              e 44221.6769016
              c 46120.4728526
              n 42995.4202730
              w 42978.7557879
            b:e 1229.4276313
            b:c 1378.4241006
            b:n 1016.5995095
            b:w 1015.7949968
            e:c 11456.8732119
            e:n 4560.6705318
            e:w 4577.3350169
            c:n 4090.7838170
            c:w 4086.5524973
            n:w 12165.3391961
          b:e:c 1261.4646844
          b:e:n 568.3716350
          b:e:w 569.1761477
          b:c:n 572.0501140
          b:c:w 571.1974174
          b:n:w 1284.7932155
          e:c:n 4245.3432865
          e:c:w 4249.5746062
          e:n:w 5711.3028392
          c:n:w 4850.5829850
        b:e:c:n 1107.8481379
        b:e:c:w 1108.7008344
        b:e:n:w 1930.7631120
        b:c:n:w 1698.6600143
        e:c:n:w 46603.1005762
