########################################
# legofit: estimate population history #
#       version 2.3.4-4-g53f8760       #
########################################

# Program was compiled: Sep 21 2021 14:36:42
# Program was run: Sun Sep 26 03:32:03 2021

# cmd: legofit -1 -d 0 -t 32 --ptsPerDim 3 --stateOut b1boot44.state --tol 3e-6 -S 5000 abde2.lgo ../../chrX/boot_chrX/boot44.opf
# Stage nOptItr nSimReps
#     0    5000        0
# algorithm          : deterministic
# ignoring probs <=  : 0
# Branch length floor: 0
# DE strategy        : 2
#    F               : 0.3
#    CR              : 0.8
#    tolerance       : 3e-06
# nthreads           : 32
# lgo input file     : abde2.lgo
# site pat input file: ../../chrX/boot_chrX/boot44.opf
# free parameters    : 17
# points in DE swarm : 51
# output state file  : b1boot44.state
# Including singleton site patterns.
# cost function      : KL
Initial parameter values
Fixed:
      zero = 0
       one = 1
    Tbecnw = 75200
Free:
       pc1 = 0
       pc2 = 0
       pc3 = 0
       pc4 = 0
       pc5 = 0
       pc6 = 0
       pc7 = 0
       pc8 = 0
       pc9 = 0
      pc10 = 0
      pc11 = 0
      pc12 = 0
      pc13 = 0
      pc14 = 0
      pc15 = 0
      pc16 = 0
      pc17 = 0
Constrained:
   Tgbecnw = 125734
     Tecnw = 24874.1
       Tnw = 18545.2
       Tec = 9321.72
     twoNb = 1.19147e+06
     twoNe = 1.14664e+06
     twoNc = 1.83237e+06
     twoNw = 1.59298e+06
    twoNec = 78056.7
    twoNnw = 28147.9
  twoNecnw = 63861.4
  twoNbecnw = 13943.6
  twoNgbecnw = 397581
         m = 0.0694819
        m2 = 0.0210758
        m4 = 0.000459607
        m5 = 0.144107
        Tb = 17097.9
        Ta = 46149
        Td = 4660.86
        Te = 9272.62
DiffEv reached_goal. cost=2.15019e-03 spread=2.99251e-06
Fitted parameter values
Free:
       pc1 = -3.98088
       pc2 = 1.9594
       pc3 = 0.424025
       pc4 = -1.72572
       pc5 = 1.93606
       pc6 = 0.93262
       pc7 = -0.60783
       pc8 = -0.0149717
       pc9 = -0.594239
      pc10 = 1.16528
      pc11 = 0.415801
      pc12 = -0.157761
      pc13 = 0.82259
      pc14 = 0.0626376
      pc15 = -0.0508961
      pc16 = -0.041895
      pc17 = 0.0701328
Constrained:
   Tgbecnw = 106173
     Tecnw = 23630.5
       Tnw = 19537.3
       Tec = 9892.3
     twoNb = 1.6229e+06
     twoNe = 1.13143e+06
     twoNc = 4.21155e+06
     twoNw = 2.75417e+06
    twoNec = 68691.5
    twoNnw = 17632.8
  twoNecnw = 64238.8
  twoNbecnw = 9045.58
  twoNgbecnw = 415805
         m = 0.0662868
        m2 = 0.0211119
        m4 = 0.000666275
        m5 = 0.152025
        Tb = 16761.4
        Ta = 45980.7
        Td = 4946.15
        Te = 9768.64
#       SitePat  BranchLen
              b 118452.7007288
              e 43980.1359628
              c 46072.4100643
              n 43005.1032221
              w 42987.3766381
            b:e 1218.7140289
            b:c 1382.1420785
            b:n 1031.0002370
            b:w 1030.1367456
            e:c 11541.9031499
            e:n 4578.4046683
            e:w 4596.1312523
            c:n 4059.2741576
            c:w 4054.7883847
            n:w 12146.2072697
          b:e:c 1277.0414886
          b:e:n 573.2422773
          b:e:w 574.1057686
          b:c:n 577.2478083
          b:c:w 576.3332060
          b:n:w 1301.0813073
          e:c:n 4274.6456292
          e:c:w 4279.1314021
          e:n:w 5751.2017043
          c:n:w 4801.7778796
        b:e:c:n 1121.9513897
        b:e:c:w 1122.8659919
        b:e:n:w 1920.3751754
        b:c:n:w 1668.3372424
        e:c:n:w 47017.4256700
