########################################
# legofit: estimate population history #
#       version 2.3.4-4-g53f8760       #
########################################

# Program was compiled: Sep 21 2021 14:36:42
# Program was run: Sun Sep 26 03:24:54 2021

# cmd: legofit -1 -d 0 -t 32 --ptsPerDim 3 --stateOut b1boot27.state --tol 3e-6 -S 5000 abde2.lgo ../../chrX/boot_chrX/boot27.opf
# Stage nOptItr nSimReps
#     0    5000        0
# algorithm          : deterministic
# ignoring probs <=  : 0
# Branch length floor: 0
# DE strategy        : 2
#    F               : 0.3
#    CR              : 0.8
#    tolerance       : 3e-06
# nthreads           : 32
# lgo input file     : abde2.lgo
# site pat input file: ../../chrX/boot_chrX/boot27.opf
# free parameters    : 17
# points in DE swarm : 51
# output state file  : b1boot27.state
# Including singleton site patterns.
# cost function      : KL
Initial parameter values
Fixed:
      zero = 0
       one = 1
    Tbecnw = 75200
Free:
       pc1 = 0
       pc2 = 0
       pc3 = 0
       pc4 = 0
       pc5 = 0
       pc6 = 0
       pc7 = 0
       pc8 = 0
       pc9 = 0
      pc10 = 0
      pc11 = 0
      pc12 = 0
      pc13 = 0
      pc14 = 0
      pc15 = 0
      pc16 = 0
      pc17 = 0
Constrained:
   Tgbecnw = 125734
     Tecnw = 24874.1
       Tnw = 18545.2
       Tec = 9321.72
     twoNb = 1.19147e+06
     twoNe = 1.14664e+06
     twoNc = 1.83237e+06
     twoNw = 1.59298e+06
    twoNec = 78056.7
    twoNnw = 28147.9
  twoNecnw = 63861.4
  twoNbecnw = 13943.6
  twoNgbecnw = 397581
         m = 0.0694819
        m2 = 0.0210758
        m4 = 0.000459607
        m5 = 0.144107
        Tb = 17097.9
        Ta = 46149
        Td = 4660.86
        Te = 9272.62
DiffEv reached_goal. cost=2.17814e-03 spread=2.21345e-06
Fitted parameter values
Free:
       pc1 = -3.88578
       pc2 = 1.94286
       pc3 = 2.06347
       pc4 = -1.88292
       pc5 = -0.104998
       pc6 = 1.44582
       pc7 = 0.492396
       pc8 = -0.154689
       pc9 = -0.575498
      pc10 = 1.99483
      pc11 = 0.823312
      pc12 = -0.453152
      pc13 = 0.193453
      pc14 = 0.30141
      pc15 = -0.0227996
      pc16 = -0.0766078
      pc17 = -0.0585051
Constrained:
   Tgbecnw = 102654
     Tecnw = 23554.6
       Tnw = 19255.2
       Tec = 9635.51
     twoNb = 1.48942e+06
     twoNe = 2.25421e+06
     twoNc = 2.34734e+06
     twoNw = 2.16695e+06
    twoNec = 69054.5
    twoNnw = 18095.4
  twoNecnw = 66813.8
  twoNbecnw = 8324.14
  twoNgbecnw = 391697
         m = 0.0708076
        m2 = 0.0223436
        m4 = 0.000231208
        m5 = 0.133108
        Tb = 16595
        Ta = 45897.5
        Td = 4817.75
        Te = 9627.59
#       SitePat  BranchLen
              b 118222.1624667
              e 44473.1700907
              c 46363.5386866
              n 43333.1727865
              w 43313.4504945
            b:e 1290.7415943
            b:c 1441.2941383
            b:n 1077.7753471
            b:w 1076.7875935
            e:c 11901.1414174
            e:n 4527.7829481
            e:w 4547.5052402
            c:n 4055.8742981
            c:w 4050.9687881
            n:w 12553.6335928
          b:e:c 1365.0004510
          b:e:n 596.1590928
          b:e:w 597.1468464
          b:c:n 600.3127549
          b:c:w 599.2603249
          b:n:w 1389.1777897
          e:c:n 4257.4361171
          e:c:w 4262.3416270
          e:n:w 5691.2899883
          c:n:w 4836.0948905
        b:e:c:n 1183.2280389
        b:e:c:w 1184.2804689
        b:e:n:w 1998.8344697
        b:c:n:w 1775.2863734
        e:c:n:w 46521.3894595
