########################################
# legofit: estimate population history #
#       version 2.3.4-4-g53f8760       #
########################################

# Program was compiled: Sep 21 2021 14:36:42
# Program was run: Sun Sep 26 03:24:56 2021

# cmd: legofit -1 -d 0 -t 32 --ptsPerDim 3 --stateOut b1boot28.state --tol 3e-6 -S 5000 abde2.lgo ../../chrX/boot_chrX/boot28.opf
# Stage nOptItr nSimReps
#     0    5000        0
# algorithm          : deterministic
# ignoring probs <=  : 0
# Branch length floor: 0
# DE strategy        : 2
#    F               : 0.3
#    CR              : 0.8
#    tolerance       : 3e-06
# nthreads           : 32
# lgo input file     : abde2.lgo
# site pat input file: ../../chrX/boot_chrX/boot28.opf
# free parameters    : 17
# points in DE swarm : 51
# output state file  : b1boot28.state
# Including singleton site patterns.
# cost function      : KL
Initial parameter values
Fixed:
      zero = 0
       one = 1
    Tbecnw = 75200
Free:
       pc1 = 0
       pc2 = 0
       pc3 = 0
       pc4 = 0
       pc5 = 0
       pc6 = 0
       pc7 = 0
       pc8 = 0
       pc9 = 0
      pc10 = 0
      pc11 = 0
      pc12 = 0
      pc13 = 0
      pc14 = 0
      pc15 = 0
      pc16 = 0
      pc17 = 0
Constrained:
   Tgbecnw = 125734
     Tecnw = 24874.1
       Tnw = 18545.2
       Tec = 9321.72
     twoNb = 1.19147e+06
     twoNe = 1.14664e+06
     twoNc = 1.83237e+06
     twoNw = 1.59298e+06
    twoNec = 78056.7
    twoNnw = 28147.9
  twoNecnw = 63861.4
  twoNbecnw = 13943.6
  twoNgbecnw = 397581
         m = 0.0694819
        m2 = 0.0210758
        m4 = 0.000459607
        m5 = 0.144107
        Tb = 17097.9
        Ta = 46149
        Td = 4660.86
        Te = 9272.62
DiffEv reached_goal. cost=2.18664e-03 spread=1.52208e-06
Fitted parameter values
Free:
       pc1 = -3.9986
       pc2 = 1.99432
       pc3 = -0.570789
       pc4 = -1.84147
       pc5 = 1.55338
       pc6 = 0.678957
       pc7 = 0.771723
       pc8 = -0.492399
       pc9 = -0.331284
      pc10 = 1.98878
      pc11 = 0.601121
      pc12 = -0.16581
      pc13 = 0.744019
      pc14 = 0.0481177
      pc15 = 0.0397893
      pc16 = -0.0700876
      pc17 = -0.0132309
Constrained:
   Tgbecnw = 105453
     Tecnw = 23630.2
       Tnw = 19606.6
       Tec = 9829.63
     twoNb = 909805
     twoNe = 2.50847e+06
     twoNc = 3.74518e+06
     twoNw = 2.62375e+06
    twoNec = 70118.6
    twoNnw = 17247.4
  twoNecnw = 63915.3
  twoNbecnw = 8699.12
  twoNgbecnw = 431422
         m = 0.062974
        m2 = 0.0199708
        m4 = 0.00117317
        m5 = 0.14529
        Tb = 16729.9
        Ta = 45964.9
        Td = 4914.82
        Te = 9803.3
#       SitePat  BranchLen
              b 117605.8009003
              e 43888.1326915
              c 45895.4354705
              n 42892.0004854
              w 42874.2704333
            b:e 1208.4624976
            b:c 1371.1893619
            b:n 1003.9901973
            b:w 1003.1434560
            e:c 11468.9503809
            e:n 4531.4732125
            e:w 4549.2032646
            c:n 4034.5185122
            c:w 4030.0387335
            n:w 12104.7206178
          b:e:c 1250.5673164
          b:e:n 558.7072255
          b:e:w 559.5539668
          b:c:n 562.7327953
          b:c:w 561.8349988
          b:n:w 1267.0275043
          e:c:n 4233.1052437
          e:c:w 4237.5850224
          e:n:w 5697.7858426
          c:n:w 4782.8571414
        b:e:c:n 1094.1890075
        b:e:c:w 1095.0868039
        b:e:n:w 1854.9830851
        b:c:n:w 1609.6947571
        e:c:n:w 46379.1783866
