########################################
# legofit: estimate population history #
#       version 2.3.4-4-g53f8760       #
########################################

# Program was compiled: Sep 21 2021 14:36:42
# Program was run: Sun Sep 26 03:15:34 2021

# cmd: legofit -1 -d 0 -t 32 --ptsPerDim 3 --stateOut b1boot4.state --tol 3e-6 -S 5000 abde2.lgo ../../chrX/boot_chrX/boot4.opf
# Stage nOptItr nSimReps
#     0    5000        0
# algorithm          : deterministic
# ignoring probs <=  : 0
# Branch length floor: 0
# DE strategy        : 2
#    F               : 0.3
#    CR              : 0.8
#    tolerance       : 3e-06
# nthreads           : 32
# lgo input file     : abde2.lgo
# site pat input file: ../../chrX/boot_chrX/boot4.opf
# free parameters    : 17
# points in DE swarm : 51
# output state file  : b1boot4.state
# Including singleton site patterns.
# cost function      : KL
Initial parameter values
Fixed:
      zero = 0
       one = 1
    Tbecnw = 75200
Free:
       pc1 = 0
       pc2 = 0
       pc3 = 0
       pc4 = 0
       pc5 = 0
       pc6 = 0
       pc7 = 0
       pc8 = 0
       pc9 = 0
      pc10 = 0
      pc11 = 0
      pc12 = 0
      pc13 = 0
      pc14 = 0
      pc15 = 0
      pc16 = 0
      pc17 = 0
Constrained:
   Tgbecnw = 125734
     Tecnw = 24874.1
       Tnw = 18545.2
       Tec = 9321.72
     twoNb = 1.19147e+06
     twoNe = 1.14664e+06
     twoNc = 1.83237e+06
     twoNw = 1.59298e+06
    twoNec = 78056.7
    twoNnw = 28147.9
  twoNecnw = 63861.4
  twoNbecnw = 13943.6
  twoNgbecnw = 397581
         m = 0.0694819
        m2 = 0.0210758
        m4 = 0.000459607
        m5 = 0.144107
        Tb = 17097.9
        Ta = 46149
        Td = 4660.86
        Te = 9272.62
DiffEv reached_goal. cost=2.33205e-03 spread=2.30814e-06
Fitted parameter values
Free:
       pc1 = -3.92832
       pc2 = 1.94655
       pc3 = -1.11536
       pc4 = -1.22581
       pc5 = 1.98873
       pc6 = -0.534168
       pc7 = -0.231426
       pc8 = -0.776192
       pc9 = 0.151254
      pc10 = 1.78815
      pc11 = -1.24905
      pc12 = -0.0790483
      pc13 = 0.280983
      pc14 = 0.0788809
      pc15 = -0.0189781
      pc16 = -0.0308042
      pc17 = -0.0231536
Constrained:
   Tgbecnw = 108601
     Tecnw = 23987.2
       Tnw = 19539
       Tec = 9790.5
     twoNb = 821550
     twoNe = 1.45528e+06
     twoNc = 2.6382e+06
     twoNw = 2.98707e+06
    twoNec = 70726.3
    twoNnw = 19121.2
  twoNecnw = 64122.1
  twoNbecnw = 9402.94
  twoNgbecnw = 473256
         m = 0.0586137
        m2 = 0.0181305
        m4 = 0.000326153
        m5 = 0.156033
        Tb = 16888.8
        Ta = 46044.4
        Td = 4895.25
        Te = 9769.49
#       SitePat  BranchLen
              b 118925.1855616
              e 44029.2115034
              c 46137.5854622
              n 43238.4947640
              w 43221.5923559
            b:e 1243.8343058
            b:c 1412.9082027
            b:n 1054.0838463
            b:w 1053.2485844
            e:c 11578.6528113
            e:n 4588.4250875
            e:w 4605.3274956
            c:n 4056.3796575
            c:w 4052.1267666
            n:w 12134.8545951
          b:e:c 1305.0586511
          b:e:n 585.3339436
          b:e:w 586.1692055
          b:c:n 589.5070849
          b:c:w 588.6218373
          b:n:w 1319.5043202
          e:c:n 4291.0202072
          e:c:w 4295.2730981
          e:n:w 5741.3478324
          c:n:w 4779.2243098
        b:e:c:n 1148.0207575
        b:e:c:w 1148.9060052
        b:e:n:w 1857.0885074
        b:c:n:w 1620.3845496
        e:c:n:w 47434.1860072
