########################################
# legofit: estimate population history #
#       version 2.3.4-4-g53f8760       #
########################################

# Program was compiled: Sep 21 2021 14:36:42
# Program was run: Sun Sep 26 03:17:14 2021

# cmd: legofit -1 -d 0 -t 32 --ptsPerDim 3 --stateOut b1boot7.state --tol 3e-6 -S 5000 abde2.lgo ../../chrX/boot_chrX/boot7.opf
# Stage nOptItr nSimReps
#     0    5000        0
# algorithm          : deterministic
# ignoring probs <=  : 0
# Branch length floor: 0
# DE strategy        : 2
#    F               : 0.3
#    CR              : 0.8
#    tolerance       : 3e-06
# nthreads           : 32
# lgo input file     : abde2.lgo
# site pat input file: ../../chrX/boot_chrX/boot7.opf
# free parameters    : 17
# points in DE swarm : 51
# output state file  : b1boot7.state
# Including singleton site patterns.
# cost function      : KL
Initial parameter values
Fixed:
      zero = 0
       one = 1
    Tbecnw = 75200
Free:
       pc1 = 0
       pc2 = 0
       pc3 = 0
       pc4 = 0
       pc5 = 0
       pc6 = 0
       pc7 = 0
       pc8 = 0
       pc9 = 0
      pc10 = 0
      pc11 = 0
      pc12 = 0
      pc13 = 0
      pc14 = 0
      pc15 = 0
      pc16 = 0
      pc17 = 0
Constrained:
   Tgbecnw = 125734
     Tecnw = 24874.1
       Tnw = 18545.2
       Tec = 9321.72
     twoNb = 1.19147e+06
     twoNe = 1.14664e+06
     twoNc = 1.83237e+06
     twoNw = 1.59298e+06
    twoNec = 78056.7
    twoNnw = 28147.9
  twoNecnw = 63861.4
  twoNbecnw = 13943.6
  twoNgbecnw = 397581
         m = 0.0694819
        m2 = 0.0210758
        m4 = 0.000459607
        m5 = 0.144107
        Tb = 17097.9
        Ta = 46149
        Td = 4660.86
        Te = 9272.62
DiffEv reached_goal. cost=2.30266e-03 spread=2.37454e-06
Fitted parameter values
Free:
       pc1 = -3.95673
       pc2 = 1.78772
       pc3 = 0.250965
       pc4 = -1.73373
       pc5 = 1.30005
       pc6 = 1.62434
       pc7 = 0.226077
       pc8 = 1.22444
       pc9 = -0.456383
      pc10 = 1.91244
      pc11 = 0.775904
      pc12 = -0.785549
      pc13 = 0.492608
      pc14 = 0.198059
      pc15 = -0.225619
      pc16 = 0.0141365
      pc17 = 0.0300796
Constrained:
   Tgbecnw = 107268
     Tecnw = 23662
       Tnw = 19229.1
       Tec = 9815.01
     twoNb = 2.15303e+06
     twoNe = 2.23607e+06
     twoNc = 5.18994e+06
     twoNw = 2.60431e+06
    twoNec = 67162.3
    twoNnw = 20262.1
  twoNecnw = 65410.8
  twoNbecnw = 9191.84
  twoNgbecnw = 438309
         m = 0.0616209
        m2 = 0.0215128
        m4 = 0.000970444
        m5 = 0.138854
        Tb = 16738.5
        Ta = 45969.2
        Td = 4907.5
        Te = 9614.54
#       SitePat  BranchLen
              b 117828.8325793
              e 44166.2632569
              c 46042.7040352
              n 43600.7686817
              w 43583.4987763
            b:e 1219.3755155
            b:c 1365.0880628
            b:n 1064.6267641
            b:w 1063.7831209
            e:c 11816.3647320
            e:n 4569.9108570
            e:w 4587.1807624
            c:n 4098.7524713
            c:w 4094.4313610
            n:w 12079.6993508
          b:e:c 1296.7402979
          b:e:n 584.1659919
          b:e:w 585.0096351
          b:c:n 587.9372741
          b:c:w 587.0426623
          b:n:w 1325.8694632
          e:c:n 4346.3049305
          e:c:w 4350.6260407
          e:n:w 5560.4922342
          c:n:w 4733.8083385
        b:e:c:n 1160.4671681
        b:e:c:w 1161.3617799
        b:e:n:w 1928.8257144
        b:c:n:w 1691.4597476
        e:c:n:w 46117.4969364
