########################################
# legofit: estimate population history #
#       version 2.3.4-4-g53f8760       #
########################################

# Program was compiled: Sep 21 2021 14:36:42
# Program was run: Sun Sep 26 03:15:15 2021

# cmd: legofit -1 -d 0 -t 32 --ptsPerDim 3 --stateOut b1boot2.state --tol 3e-6 -S 5000 abde2.lgo ../../chrX/boot_chrX/boot2.opf
# Stage nOptItr nSimReps
#     0    5000        0
# algorithm          : deterministic
# ignoring probs <=  : 0
# Branch length floor: 0
# DE strategy        : 2
#    F               : 0.3
#    CR              : 0.8
#    tolerance       : 3e-06
# nthreads           : 32
# lgo input file     : abde2.lgo
# site pat input file: ../../chrX/boot_chrX/boot2.opf
# free parameters    : 17
# points in DE swarm : 51
# output state file  : b1boot2.state
# Including singleton site patterns.
# cost function      : KL
Initial parameter values
Fixed:
      zero = 0
       one = 1
    Tbecnw = 75200
Free:
       pc1 = 0
       pc2 = 0
       pc3 = 0
       pc4 = 0
       pc5 = 0
       pc6 = 0
       pc7 = 0
       pc8 = 0
       pc9 = 0
      pc10 = 0
      pc11 = 0
      pc12 = 0
      pc13 = 0
      pc14 = 0
      pc15 = 0
      pc16 = 0
      pc17 = 0
Constrained:
   Tgbecnw = 125734
     Tecnw = 24874.1
       Tnw = 18545.2
       Tec = 9321.72
     twoNb = 1.19147e+06
     twoNe = 1.14664e+06
     twoNc = 1.83237e+06
     twoNw = 1.59298e+06
    twoNec = 78056.7
    twoNnw = 28147.9
  twoNecnw = 63861.4
  twoNbecnw = 13943.6
  twoNgbecnw = 397581
         m = 0.0694819
        m2 = 0.0210758
        m4 = 0.000459607
        m5 = 0.144107
        Tb = 17097.9
        Ta = 46149
        Td = 4660.86
        Te = 9272.62
DiffEv reached_goal. cost=2.22463e-03 spread=2.60139e-06
Fitted parameter values
Free:
       pc1 = -3.99066
       pc2 = 1.92511
       pc3 = 0.65199
       pc4 = -1.92607
       pc5 = 1.59024
       pc6 = 1.63074
       pc7 = -0.146893
       pc8 = 0.1917
       pc9 = -0.966676
      pc10 = 1.90183
      pc11 = 0.342045
      pc12 = -0.090041
      pc13 = 0.480736
      pc14 = 0.311183
      pc15 = 0.00362093
      pc16 = -0.0836747
      pc17 = 0.0104016
Constrained:
   Tgbecnw = 104359
     Tecnw = 23597.5
       Tnw = 19472.6
       Tec = 9764.74
     twoNb = 1.62764e+06
     twoNe = 1.79694e+06
     twoNc = 5.21162e+06
     twoNw = 2.67063e+06
    twoNec = 69619.5
    twoNnw = 17150.8
  twoNecnw = 65861.1
  twoNbecnw = 8540.57
  twoNgbecnw = 408434
         m = 0.0670871
        m2 = 0.0212148
        m4 = 0.00058997
        m5 = 0.145844
        Tb = 16681.1
        Ta = 45940.6
        Td = 4882.37
        Te = 9736.28
#       SitePat  BranchLen
              b 117659.0065795
              e 44238.6353436
              c 46309.7988400
              n 43039.6616379
              w 43022.1597034
            b:e 1216.6814767
            b:c 1375.8690390
            b:n 1017.0274097
            b:w 1016.1870596
            e:c 11628.1504085
            e:n 4538.6189720
            e:w 4556.1209065
            c:n 4022.9904306
            c:w 4018.6298354
            n:w 12388.6252373
          b:e:c 1283.0654231
          b:e:n 566.3445291
          b:e:w 567.1848792
          b:c:n 570.3618798
          b:c:w 569.4691776
          b:n:w 1305.8588626
          e:c:n 4193.1614750
          e:c:w 4197.5220702
          e:n:w 5723.9986897
          c:n:w 4783.5136801
        b:e:c:n 1111.6508337
        b:e:c:w 1112.5435359
        b:e:n:w 1914.9130892
        b:c:n:w 1671.8649873
        e:c:n:w 46109.4372167
