########################################
# legofit: estimate population history #
#       version 2.3.4-4-g53f8760       #
########################################

# Program was compiled: Sep 21 2021 14:36:42
# Program was run: Sun Sep 26 03:19:06 2021

# cmd: legofit -1 -d 0 -t 32 --ptsPerDim 3 --stateOut b1boot13.state --tol 3e-6 -S 5000 abde2.lgo ../../chrX/boot_chrX/boot13.opf
# Stage nOptItr nSimReps
#     0    5000        0
# algorithm          : deterministic
# ignoring probs <=  : 0
# Branch length floor: 0
# DE strategy        : 2
#    F               : 0.3
#    CR              : 0.8
#    tolerance       : 3e-06
# nthreads           : 32
# lgo input file     : abde2.lgo
# site pat input file: ../../chrX/boot_chrX/boot13.opf
# free parameters    : 17
# points in DE swarm : 51
# output state file  : b1boot13.state
# Including singleton site patterns.
# cost function      : KL
Initial parameter values
Fixed:
      zero = 0
       one = 1
    Tbecnw = 75200
Free:
       pc1 = 0
       pc2 = 0
       pc3 = 0
       pc4 = 0
       pc5 = 0
       pc6 = 0
       pc7 = 0
       pc8 = 0
       pc9 = 0
      pc10 = 0
      pc11 = 0
      pc12 = 0
      pc13 = 0
      pc14 = 0
      pc15 = 0
      pc16 = 0
      pc17 = 0
Constrained:
   Tgbecnw = 125734
     Tecnw = 24874.1
       Tnw = 18545.2
       Tec = 9321.72
     twoNb = 1.19147e+06
     twoNe = 1.14664e+06
     twoNc = 1.83237e+06
     twoNw = 1.59298e+06
    twoNec = 78056.7
    twoNnw = 28147.9
  twoNecnw = 63861.4
  twoNbecnw = 13943.6
  twoNgbecnw = 397581
         m = 0.0694819
        m2 = 0.0210758
        m4 = 0.000459607
        m5 = 0.144107
        Tb = 17097.9
        Ta = 46149
        Td = 4660.86
        Te = 9272.62
DiffEv reached_goal. cost=2.29110e-03 spread=2.35968e-06
Fitted parameter values
Free:
       pc1 = -3.96228
       pc2 = 1.91491
       pc3 = 0.21028
       pc4 = -1.4728
       pc5 = 1.99776
       pc6 = -0.145975
       pc7 = -0.40059
       pc8 = -1.3863
       pc9 = 0.623035
      pc10 = 1.25878
      pc11 = 0.912323
      pc12 = -0.444594
      pc13 = 0.0913401
      pc14 = 0.187241
      pc15 = -0.0507897
      pc16 = -0.11141
      pc17 = -0.0606197
Constrained:
   Tgbecnw = 104459
     Tecnw = 24033.9
       Tnw = 19727.1
       Tec = 9900.17
     twoNb = 978149
     twoNe = 1.31845e+06
     twoNc = 697693
     twoNw = 2.8637e+06
    twoNec = 68409.8
    twoNnw = 18546.6
  twoNecnw = 64151.5
  twoNbecnw = 8555.82
  twoNgbecnw = 423456
         m = 0.0656095
        m2 = 0.0205308
        m4 = 0.00125084
        m5 = 0.155706
        Tb = 16967
        Ta = 46083.5
        Td = 4950.08
        Te = 9863.54
#       SitePat  BranchLen
              b 118329.6571531
              e 44030.8115157
              c 46189.0380934
              n 43294.3568463
              w 43276.6647154
            b:e 1229.0352374
            b:c 1407.2777018
            b:n 1037.5253786
            b:w 1036.6625191
            e:c 11622.5743901
            e:n 4543.9282508
            e:w 4561.6203817
            c:n 4007.3736383
            c:w 4002.9506033
            n:w 12101.4811733
          b:e:c 1291.6537662
          b:e:n 574.1454768
          b:e:w 575.0083364
          b:c:n 578.5865889
          b:c:w 577.6700611
          b:n:w 1311.4161783
          e:c:n 4254.0829917
          e:c:w 4258.5060268
          e:n:w 5701.6494671
          c:n:w 4724.7439505
        b:e:c:n 1133.3272418
        b:e:c:w 1134.2437696
        b:e:n:w 1919.4117331
        b:c:n:w 1647.9697434
        e:c:n:w 46953.5923827
