########################################
# legofit: estimate population history #
#       version 2.3.4-4-g53f8760       #
########################################

# Program was compiled: Sep 21 2021 14:36:42
# Program was run: Sun Sep 26 03:15:10 2021

# cmd: legofit -1 -d 0 -t 32 --ptsPerDim 3 --stateOut b1boot1.state --tol 3e-6 -S 5000 abde2.lgo ../../chrX/boot_chrX/boot1.opf
# Stage nOptItr nSimReps
#     0    5000        0
# algorithm          : deterministic
# ignoring probs <=  : 0
# Branch length floor: 0
# DE strategy        : 2
#    F               : 0.3
#    CR              : 0.8
#    tolerance       : 3e-06
# nthreads           : 32
# lgo input file     : abde2.lgo
# site pat input file: ../../chrX/boot_chrX/boot1.opf
# free parameters    : 17
# points in DE swarm : 51
# output state file  : b1boot1.state
# Including singleton site patterns.
# cost function      : KL
Initial parameter values
Fixed:
      zero = 0
       one = 1
    Tbecnw = 75200
Free:
       pc1 = 0
       pc2 = 0
       pc3 = 0
       pc4 = 0
       pc5 = 0
       pc6 = 0
       pc7 = 0
       pc8 = 0
       pc9 = 0
      pc10 = 0
      pc11 = 0
      pc12 = 0
      pc13 = 0
      pc14 = 0
      pc15 = 0
      pc16 = 0
      pc17 = 0
Constrained:
   Tgbecnw = 125734
     Tecnw = 24874.1
       Tnw = 18545.2
       Tec = 9321.72
     twoNb = 1.19147e+06
     twoNe = 1.14664e+06
     twoNc = 1.83237e+06
     twoNw = 1.59298e+06
    twoNec = 78056.7
    twoNnw = 28147.9
  twoNecnw = 63861.4
  twoNbecnw = 13943.6
  twoNgbecnw = 397581
         m = 0.0694819
        m2 = 0.0210758
        m4 = 0.000459607
        m5 = 0.144107
        Tb = 17097.9
        Ta = 46149
        Td = 4660.86
        Te = 9272.62
DiffEv reached_goal. cost=2.31716e-03 spread=2.17347e-06
Fitted parameter values
Free:
       pc1 = -3.94975
       pc2 = 1.96209
       pc3 = -1.34193
       pc4 = -1.73041
       pc5 = 0.91952
       pc6 = 0.648023
       pc7 = -0.614807
       pc8 = 0.443608
       pc9 = 0.104888
      pc10 = 1.85981
      pc11 = -0.723441
      pc12 = -0.240564
      pc13 = -0.219469
      pc14 = 0.206479
      pc15 = -0.0138801
      pc16 = 0.013262
      pc17 = -0.0320663
Constrained:
   Tgbecnw = 108727
     Tecnw = 23914.6
       Tnw = 19306.5
       Tec = 9687.57
     twoNb = 1.2858e+06
     twoNe = 996493
     twoNc = 4.27924e+06
     twoNw = 2.53081e+06
    twoNec = 70450.9
    twoNnw = 19253.9
  twoNecnw = 65857.7
  twoNbecnw = 9269.56
  twoNgbecnw = 505048
         m = 0.0541206
        m2 = 0.0192758
        m4 = 0.000705424
        m5 = 0.145201
        Tb = 16801.1
        Ta = 46000.5
        Td = 4843.79
        Te = 9653.25
#       SitePat  BranchLen
              b 118278.1579489
              e 44363.1249577
              c 46427.2996132
              n 43355.7945604
              w 43337.3147075
            b:e 1254.7761248
            b:c 1418.4617136
            b:n 1067.4552853
            b:w 1066.5386413
            e:c 11791.2873765
            e:n 4551.5482069
            e:w 4570.0280598
            c:n 4034.7933083
            c:w 4030.2135469
            n:w 12453.8021959
          b:e:c 1343.1952573
          b:e:n 590.7775225
          b:e:w 591.6941666
          b:c:n 595.0417750
          b:c:w 594.0680787
          b:n:w 1362.5906772
          e:c:n 4250.1139990
          e:c:w 4254.6937604
          e:n:w 5717.0284780
          c:n:w 4783.0426407
        b:e:c:n 1166.4000955
        b:e:c:w 1167.3737918
        b:e:n:w 1927.5962701
        b:c:n:w 1683.6530999
        e:c:n:w 46568.1424335
