########################################
# legofit: estimate population history #
#       version 2.3.4-4-g53f8760       #
########################################

# Program was compiled: Sep 21 2021 14:36:42
# Program was run: Sun Sep 26 03:29:48 2021

# cmd: legofit -1 -d 0 -t 32 --ptsPerDim 3 --stateOut b1boot39.state --tol 3e-6 -S 5000 abde2.lgo ../../chrX/boot_chrX/boot39.opf
# Stage nOptItr nSimReps
#     0    5000        0
# algorithm          : deterministic
# ignoring probs <=  : 0
# Branch length floor: 0
# DE strategy        : 2
#    F               : 0.3
#    CR              : 0.8
#    tolerance       : 3e-06
# nthreads           : 32
# lgo input file     : abde2.lgo
# site pat input file: ../../chrX/boot_chrX/boot39.opf
# free parameters    : 17
# points in DE swarm : 51
# output state file  : b1boot39.state
# Including singleton site patterns.
# cost function      : KL
Initial parameter values
Fixed:
      zero = 0
       one = 1
    Tbecnw = 75200
Free:
       pc1 = 0
       pc2 = 0
       pc3 = 0
       pc4 = 0
       pc5 = 0
       pc6 = 0
       pc7 = 0
       pc8 = 0
       pc9 = 0
      pc10 = 0
      pc11 = 0
      pc12 = 0
      pc13 = 0
      pc14 = 0
      pc15 = 0
      pc16 = 0
      pc17 = 0
Constrained:
   Tgbecnw = 125734
     Tecnw = 24874.1
       Tnw = 18545.2
       Tec = 9321.72
     twoNb = 1.19147e+06
     twoNe = 1.14664e+06
     twoNc = 1.83237e+06
     twoNw = 1.59298e+06
    twoNec = 78056.7
    twoNnw = 28147.9
  twoNecnw = 63861.4
  twoNbecnw = 13943.6
  twoNgbecnw = 397581
         m = 0.0694819
        m2 = 0.0210758
        m4 = 0.000459607
        m5 = 0.144107
        Tb = 17097.9
        Ta = 46149
        Td = 4660.86
        Te = 9272.62
DiffEv reached_goal. cost=2.20096e-03 spread=2.04632e-06
Fitted parameter values
Free:
       pc1 = -3.92636
       pc2 = 1.96393
       pc3 = 0.599108
       pc4 = -0.830417
       pc5 = 1.51855
       pc6 = -0.91644
       pc7 = -0.402238
       pc8 = -0.216398
       pc9 = -0.636729
      pc10 = 1.87552
      pc11 = 0.198418
      pc12 = -0.11685
      pc13 = 0.239997
      pc14 = 0.107314
      pc15 = -0.107838
      pc16 = -0.066509
      pc17 = -0.0189147
Constrained:
   Tgbecnw = 108303
     Tecnw = 23976.9
       Tnw = 19715.1
       Tec = 9918.17
     twoNb = 1.01876e+06
     twoNe = 1.43371e+06
     twoNc = 1.80008e+06
     twoNw = 3.42929e+06
    twoNec = 70775.8
    twoNnw = 18723.2
  twoNecnw = 63947.4
  twoNbecnw = 9433.37
  twoNgbecnw = 434906
         m = 0.0644934
        m2 = 0.0206881
        m4 = 3.8671e-05
        m5 = 0.145205
        Tb = 16947.6
        Ta = 46073.8
        Td = 4959.09
        Te = 9857.54
#       SitePat  BranchLen
              b 118981.1305840
              e 44231.8051373
              c 46159.3533867
              n 43358.7722416
              w 43344.9671946
            b:e 1222.3517264
            b:c 1371.8179855
            b:n 1024.9550693
            b:w 1024.2909748
            e:c 11535.5053586
            e:n 4547.1787473
            e:w 4560.9837943
            c:n 4059.7898112
            c:w 4056.3166625
            n:w 12042.3300190
          b:e:c 1263.2426584
          b:e:n 568.3850984
          b:e:w 569.0491929
          b:c:n 571.9051395
          b:c:w 571.2022175
          b:n:w 1284.7330832
          e:c:n 4273.2222906
          e:c:w 4276.6954393
          e:n:w 5653.0816374
          c:n:w 4780.1341618
        b:e:c:n 1114.5925985
        b:e:c:w 1115.2955205
        b:e:n:w 1869.9934178
        b:c:n:w 1652.3093748
        e:c:n:w 47403.8720994
