########################################
# legofit: estimate population history #
#       version 2.3.4-4-g53f8760       #
########################################

# Program was compiled: Sep 21 2021 14:36:42
# Program was run: Sun Sep 26 03:24:32 2021

# cmd: legofit -1 -d 0 -t 32 --ptsPerDim 3 --stateOut b1boot25.state --tol 3e-6 -S 5000 abde2.lgo ../../chrX/boot_chrX/boot25.opf
# Stage nOptItr nSimReps
#     0    5000        0
# algorithm          : deterministic
# ignoring probs <=  : 0
# Branch length floor: 0
# DE strategy        : 2
#    F               : 0.3
#    CR              : 0.8
#    tolerance       : 3e-06
# nthreads           : 32
# lgo input file     : abde2.lgo
# site pat input file: ../../chrX/boot_chrX/boot25.opf
# free parameters    : 17
# points in DE swarm : 51
# output state file  : b1boot25.state
# Including singleton site patterns.
# cost function      : KL
Initial parameter values
Fixed:
      zero = 0
       one = 1
    Tbecnw = 75200
Free:
       pc1 = 0
       pc2 = 0
       pc3 = 0
       pc4 = 0
       pc5 = 0
       pc6 = 0
       pc7 = 0
       pc8 = 0
       pc9 = 0
      pc10 = 0
      pc11 = 0
      pc12 = 0
      pc13 = 0
      pc14 = 0
      pc15 = 0
      pc16 = 0
      pc17 = 0
Constrained:
   Tgbecnw = 125734
     Tecnw = 24874.1
       Tnw = 18545.2
       Tec = 9321.72
     twoNb = 1.19147e+06
     twoNe = 1.14664e+06
     twoNc = 1.83237e+06
     twoNw = 1.59298e+06
    twoNec = 78056.7
    twoNnw = 28147.9
  twoNecnw = 63861.4
  twoNbecnw = 13943.6
  twoNgbecnw = 397581
         m = 0.0694819
        m2 = 0.0210758
        m4 = 0.000459607
        m5 = 0.144107
        Tb = 17097.9
        Ta = 46149
        Td = 4660.86
        Te = 9272.62
DiffEv reached_goal. cost=2.17379e-03 spread=2.76509e-06
Fitted parameter values
Free:
       pc1 = -3.8979
       pc2 = 1.98438
       pc3 = 0.68632
       pc4 = -1.96572
       pc5 = 1.96505
       pc6 = 1.24703
       pc7 = -0.37815
       pc8 = 1.00721
       pc9 = 0.0867907
      pc10 = 1.89624
      pc11 = 0.24241
      pc12 = -0.199163
      pc13 = 0.282778
      pc14 = 0.121883
      pc15 = 0.0261591
      pc16 = -0.0657484
      pc17 = -0.0104828
Constrained:
   Tgbecnw = 105354
     Tecnw = 23689.6
       Tnw = 19212.7
       Tec = 9645.42
     twoNb = 2.5994e+06
     twoNe = 1.58983e+06
     twoNc = 4.28816e+06
     twoNw = 2.87428e+06
    twoNec = 69665.9
    twoNnw = 18741.5
  twoNecnw = 65599.1
  twoNbecnw = 8645.87
  twoNgbecnw = 442486
         m = 0.0646419
        m2 = 0.0209639
        m4 = 0.000798027
        m5 = 0.146653
        Tb = 16667.5
        Ta = 45933.8
        Td = 4822.71
        Te = 9606.36
#       SitePat  BranchLen
              b 119069.1187867
              e 44208.0527001
              c 46303.1096649
              n 43087.6427541
              w 43071.3865719
            b:e 1211.7992585
            b:c 1371.1603019
            b:n 1029.3924004
            b:w 1028.6092534
            e:c 11698.2260454
            e:n 4540.9337565
            e:w 4557.1899387
            c:n 4019.6472782
            c:w 4015.6166370
            n:w 12389.2996477
          b:e:c 1293.4349844
          b:e:n 571.0744599
          b:e:w 571.8576069
          b:c:n 575.0240842
          b:c:w 574.1926517
          b:n:w 1321.1281887
          e:c:n 4217.5138844
          e:c:w 4221.5445257
          e:n:w 5711.0610396
          c:n:w 4768.8009845
        b:e:c:n 1124.1207028
        b:e:c:w 1124.9521352
        b:e:n:w 1951.7047905
        b:c:n:w 1696.1219323
        e:c:n:w 47510.2257902
