########################################
# legofit: estimate population history #
#       version 2.3.4-4-g53f8760       #
########################################

# Program was compiled: Sep 21 2021 14:36:42
# Program was run: Sun Sep 26 03:25:11 2021

# cmd: legofit -1 -d 0 -t 32 --ptsPerDim 3 --stateOut b1boot29.state --tol 3e-6 -S 5000 abde2.lgo ../../chrX/boot_chrX/boot29.opf
# Stage nOptItr nSimReps
#     0    5000        0
# algorithm          : deterministic
# ignoring probs <=  : 0
# Branch length floor: 0
# DE strategy        : 2
#    F               : 0.3
#    CR              : 0.8
#    tolerance       : 3e-06
# nthreads           : 32
# lgo input file     : abde2.lgo
# site pat input file: ../../chrX/boot_chrX/boot29.opf
# free parameters    : 17
# points in DE swarm : 51
# output state file  : b1boot29.state
# Including singleton site patterns.
# cost function      : KL
Initial parameter values
Fixed:
      zero = 0
       one = 1
    Tbecnw = 75200
Free:
       pc1 = 0
       pc2 = 0
       pc3 = 0
       pc4 = 0
       pc5 = 0
       pc6 = 0
       pc7 = 0
       pc8 = 0
       pc9 = 0
      pc10 = 0
      pc11 = 0
      pc12 = 0
      pc13 = 0
      pc14 = 0
      pc15 = 0
      pc16 = 0
      pc17 = 0
Constrained:
   Tgbecnw = 125734
     Tecnw = 24874.1
       Tnw = 18545.2
       Tec = 9321.72
     twoNb = 1.19147e+06
     twoNe = 1.14664e+06
     twoNc = 1.83237e+06
     twoNw = 1.59298e+06
    twoNec = 78056.7
    twoNnw = 28147.9
  twoNecnw = 63861.4
  twoNbecnw = 13943.6
  twoNgbecnw = 397581
         m = 0.0694819
        m2 = 0.0210758
        m4 = 0.000459607
        m5 = 0.144107
        Tb = 17097.9
        Ta = 46149
        Td = 4660.86
        Te = 9272.62
DiffEv reached_goal. cost=2.29129e-03 spread=2.52035e-06
Fitted parameter values
Free:
       pc1 = -3.88593
       pc2 = 1.99004
       pc3 = -0.724615
       pc4 = -1.80028
       pc5 = 1.8693
       pc6 = -0.598356
       pc7 = -0.081498
       pc8 = 0.242096
       pc9 = -0.477613
      pc10 = 1.20566
      pc11 = 1.12018
      pc12 = -0.491612
      pc13 = 0.456066
      pc14 = -0.0574726
      pc15 = -0.0569289
      pc16 = -0.0477496
      pc17 = -0.0405757
Constrained:
   Tgbecnw = 107714
     Tecnw = 24004.1
       Tnw = 19980.7
       Tec = 10072
     twoNb = 1.24431e+06
     twoNe = 1.21958e+06
     twoNc = 3.28291e+06
     twoNw = 3.05667e+06
    twoNec = 69109.5
    twoNnw = 18046.1
  twoNecnw = 61993.9
  twoNbecnw = 9184.5
  twoNgbecnw = 447657
         m = 0.0607036
        m2 = 0.0204545
        m4 = 0.00121278
        m5 = 0.14273
        Tb = 17038.1
        Ta = 46119
        Td = 5036.02
        Te = 9990.37
#       SitePat  BranchLen
              b 118007.0671528
              e 43816.5719849
              c 45710.1703974
              n 43147.7110077
              w 43132.5013962
            b:e 1175.0815581
            b:c 1325.5530267
            b:n 1000.7563838
            b:w 1000.0334464
            e:c 11454.0106383
            e:n 4492.3487685
            e:w 4507.5583801
            c:n 4024.4142567
            c:w 4020.5423162
            n:w 11796.7194859
          b:e:c 1222.9616962
          b:e:n 551.4943863
          b:e:w 552.2173237
          b:c:n 555.0220209
          b:c:w 554.2583122
          b:n:w 1246.2365676
          e:c:n 4289.1999688
          e:c:w 4293.0719093
          e:n:w 5592.2328018
          c:n:w 4737.4872668
        b:e:c:n 1084.7706310
        b:e:c:w 1085.5343397
        b:e:n:w 1838.6033135
        b:c:n:w 1598.6609051
        e:c:n:w 46842.5934345
