########################################
# legofit: estimate population history #
#       version 2.3.4-4-g53f8760       #
########################################

# Program was compiled: Sep 21 2021 14:36:42
# Program was run: Sat Oct  9 12:53:29 2021

# cmd: legofit -1 -d 0 -t 32 --ptsPerDim 3 --stateOut b1boot0.state --tol 3e-6 -S 5000 ae2.lgo ../../boot/boot0.opf
# Stage nOptItr nSimReps
#     0    5000        0
# algorithm          : deterministic
# ignoring probs <=  : 0
# Branch length floor: 0
# DE strategy        : 2
#    F               : 0.3
#    CR              : 0.8
#    tolerance       : 3e-06
# nthreads           : 32
# lgo input file     : ae2.lgo
# site pat input file: ../../boot/boot0.opf
# free parameters    : 14
# points in DE swarm : 42
# output state file  : b1boot0.state
# Including singleton site patterns.
# cost function      : KL
Initial parameter values
Fixed:
      zero = 0
       one = 1
    Tbecnw = 75200
Free:
       pc1 = 0
       pc2 = 0
       pc3 = 0
       pc4 = 0
       pc5 = 0
       pc6 = 0
       pc7 = 0
       pc8 = 0
       pc9 = 0
      pc10 = 0
      pc11 = 0
      pc12 = 0
      pc13 = 0
      pc14 = 0
Constrained:
   Tgbecnw = 101138
     Tecnw = 25493.2
       Tnw = 23322
       Tec = 14962.8
     twoNb = 90228.4
     twoNe = 181289
     twoNw = 1.45933e+06
    twoNec = 97339.5
    twoNnw = 9425.26
  twoNecnw = 89458.6
  twoNbecnw = 12800.2
  twoNgbecnw = 199052
         m = 0.199667
        m5 = 0.175906
        Ta = 37600
        Te = 7481.39
DiffEv reached_goal. cost=1.94951e-03 spread=2.74354e-06
Fitted parameter values
Free:
       pc1 = -3.80457
       pc2 = 0.225667
       pc3 = -1.93
       pc4 = -0.813674
       pc5 = 0.375336
       pc6 = -0.615727
       pc7 = -1.02385
       pc8 = -1.41928
       pc9 = -0.176917
      pc10 = 0.0956904
      pc11 = 0.0945952
      pc12 = -0.00356447
      pc13 = -0.00425482
      pc14 = 0.00793853
Constrained:
   Tgbecnw = 84862.4
     Tecnw = 23753.1
       Tnw = 22905.2
       Tec = 9734.36
     twoNb = 133570
     twoNe = 332848
     twoNw = 3.01641e+06
    twoNec = 135981
    twoNnw = 3642.64
  twoNecnw = 85430.3
  twoNbecnw = 4618.68
  twoNgbecnw = 232436
         m = 0.15659
        m5 = 0.172982
        Ta = 37600
        Te = 4867.18
#       SitePat  BranchLen
              b 127535.5689935
              e 49734.4099600
              c 52168.1024234
              n 46962.8257768
              w 46922.8909643
            b:e 2179.9716675
            b:c 2460.5504004
            b:n 1837.7443022
            b:w 1834.6339390
            e:c 10611.0446968
            e:n 5635.5572217
            e:w 5675.4920342
            c:n 5012.7500151
            c:w 5002.8914818
            n:w 12960.6551845
          b:e:c 2214.9522034
          b:e:n 1178.0934790
          b:e:w 1181.2038423
          b:c:n 1191.1382792
          b:c:w 1187.7177342
          b:n:w 2170.8890478
          e:c:n 4546.1776622
          e:c:w 4556.0361955
          e:n:w 6779.0366145
          c:n:w 5640.7519101
        b:e:c:n 2125.4547592
        b:e:c:w 2128.8753043
        b:e:n:w 2805.3688133
        b:c:n:w 2505.2313883
        e:c:n:w 53185.7196998
