########################################
# legofit: estimate population history #
#       version 2.3.4-4-g53f8760       #
########################################

# Program was compiled: Sep 21 2021 14:36:42
# Program was run: Sat Oct  9 12:54:20 2021

# cmd: legofit -1 -d 0 -t 32 --ptsPerDim 3 --stateOut b1boot37.state --tol 3e-6 -S 5000 ae2.lgo ../../boot/boot37.opf
# Stage nOptItr nSimReps
#     0    5000        0
# algorithm          : deterministic
# ignoring probs <=  : 0
# Branch length floor: 0
# DE strategy        : 2
#    F               : 0.3
#    CR              : 0.8
#    tolerance       : 3e-06
# nthreads           : 32
# lgo input file     : ae2.lgo
# site pat input file: ../../boot/boot37.opf
# free parameters    : 14
# points in DE swarm : 42
# output state file  : b1boot37.state
# Including singleton site patterns.
# cost function      : KL
Initial parameter values
Fixed:
      zero = 0
       one = 1
    Tbecnw = 75200
Free:
       pc1 = 0
       pc2 = 0
       pc3 = 0
       pc4 = 0
       pc5 = 0
       pc6 = 0
       pc7 = 0
       pc8 = 0
       pc9 = 0
      pc10 = 0
      pc11 = 0
      pc12 = 0
      pc13 = 0
      pc14 = 0
Constrained:
   Tgbecnw = 101138
     Tecnw = 25493.2
       Tnw = 23322
       Tec = 14962.8
     twoNb = 90228.4
     twoNe = 181289
     twoNw = 1.45933e+06
    twoNec = 97339.5
    twoNnw = 9425.26
  twoNecnw = 89458.6
  twoNbecnw = 12800.2
  twoNgbecnw = 199052
         m = 0.199667
        m5 = 0.175906
        Ta = 37600
        Te = 7481.39
DiffEv reached_goal. cost=1.97450e-03 spread=2.91752e-06
Fitted parameter values
Free:
       pc1 = -3.99533
       pc2 = 2.30826
       pc3 = -1.8454
       pc4 = -1.28084
       pc5 = 0.918674
       pc6 = -0.494613
       pc7 = 1.00968
       pc8 = -1.4002
       pc9 = -0.0520341
      pc10 = 0.0545888
      pc11 = 0.130396
      pc12 = -0.0175282
      pc13 = -0.0116282
      pc14 = 0.0168521
Constrained:
   Tgbecnw = 83729.1
     Tecnw = 24268.2
       Tnw = 21845.9
       Tec = 6876.5
     twoNb = 83790.7
     twoNe = 17515.9
     twoNw = 3.94563e+06
    twoNec = 169053
    twoNnw = 10475.1
  twoNecnw = 83650.8
  twoNbecnw = 4152.72
  twoNgbecnw = 227448
         m = 0.162521
        m5 = 0.174098
        Ta = 37600
        Te = 3438.25
#       SitePat  BranchLen
              b 127840.8981864
              e 49668.9076449
              c 52119.5346096
              n 46968.0764902
              w 46935.7030004
            b:e 2176.4463172
            b:c 2456.0515789
            b:n 1837.6926328
            b:w 1835.2486416
            e:c 10637.2223598
            e:n 5617.8276107
            e:w 5650.2011005
            c:n 4978.0079708
            c:w 4970.2957723
            n:w 12941.2838539
          b:e:c 2206.8835264
          b:e:n 1178.3527102
          b:e:w 1180.7967014
          b:c:n 1190.5964937
          b:c:w 1187.9110858
          b:n:w 2163.6217584
          e:c:n 4539.3504932
          e:c:w 4547.0626918
          e:n:w 6746.9274786
          c:n:w 5616.0254820
        b:e:c:n 2123.3727997
        b:e:c:w 2126.0582076
        b:e:n:w 2797.2372973
        b:c:n:w 2498.2738676
        e:c:n:w 53602.7948658
