########################################
# legofit: estimate population history #
#       version 2.3.4-4-g53f8760       #
########################################

# Program was compiled: Sep 21 2021 14:36:42
# Program was run: Sat Oct  9 12:54:37 2021

# cmd: legofit -1 -d 0 -t 32 --ptsPerDim 3 --stateOut b1boot48.state --tol 3e-6 -S 5000 ae2.lgo ../../boot/boot48.opf
# Stage nOptItr nSimReps
#     0    5000        0
# algorithm          : deterministic
# ignoring probs <=  : 0
# Branch length floor: 0
# DE strategy        : 2
#    F               : 0.3
#    CR              : 0.8
#    tolerance       : 3e-06
# nthreads           : 32
# lgo input file     : ae2.lgo
# site pat input file: ../../boot/boot48.opf
# free parameters    : 14
# points in DE swarm : 42
# output state file  : b1boot48.state
# Including singleton site patterns.
# cost function      : KL
Initial parameter values
Fixed:
      zero = 0
       one = 1
    Tbecnw = 75200
Free:
       pc1 = 0
       pc2 = 0
       pc3 = 0
       pc4 = 0
       pc5 = 0
       pc6 = 0
       pc7 = 0
       pc8 = 0
       pc9 = 0
      pc10 = 0
      pc11 = 0
      pc12 = 0
      pc13 = 0
      pc14 = 0
Constrained:
   Tgbecnw = 101138
     Tecnw = 25493.2
       Tnw = 23322
       Tec = 14962.8
     twoNb = 90228.4
     twoNe = 181289
     twoNw = 1.45933e+06
    twoNec = 97339.5
    twoNnw = 9425.26
  twoNecnw = 89458.6
  twoNbecnw = 12800.2
  twoNgbecnw = 199052
         m = 0.199667
        m5 = 0.175906
        Ta = 37600
        Te = 7481.39
DiffEv reached_goal. cost=1.97056e-03 spread=2.58681e-06
Fitted parameter values
Free:
       pc1 = -3.96303
       pc2 = -0.0406022
       pc3 = -1.91351
       pc4 = -0.203059
       pc5 = 0.505972
       pc6 = 0.793594
       pc7 = -0.747957
       pc8 = -1.86902
       pc9 = -0.248447
      pc10 = 0.0602562
      pc11 = 0.0427001
      pc12 = 0.0100392
      pc13 = -0.0139523
      pc14 = 0.00464466
Constrained:
   Tgbecnw = 85144.7
     Tecnw = 23636.3
       Tnw = 22877.4
       Tec = 10518.3
     twoNb = 13878.5
     twoNe = 407393
     twoNw = 3.35497e+06
    twoNec = 126140
    twoNnw = 3274.25
  twoNecnw = 85746.1
  twoNbecnw = 4800.62
  twoNgbecnw = 228086
         m = 0.15953
        m5 = 0.173592
        Ta = 37600
        Te = 5259.16
#       SitePat  BranchLen
              b 127616.2443902
              e 49734.4770067
              c 52170.3448285
              n 46971.2294378
              w 46936.1597020
            b:e 2185.7960277
            b:c 2466.9347979
            b:n 1847.2243296
            b:w 1844.4694656
            e:c 10635.3316290
            e:n 5660.9341607
            e:w 5696.0038964
            c:n 5034.9193216
            c:w 5026.1804059
            n:w 12985.6544441
          b:e:c 2222.1340990
          b:e:n 1182.7239156
          b:e:w 1185.4787795
          b:c:n 1195.3788492
          b:c:w 1192.3507154
          b:n:w 2178.6492664
          e:c:n 4576.6125873
          e:c:w 4585.3515030
          e:n:w 6799.3903239
          c:n:w 5659.3608317
        b:e:c:n 2135.1263950
        b:e:c:w 2138.1545289
        b:e:n:w 2810.9766297
        b:c:n:w 2510.3109900
        e:c:n:w 53163.4616973
