########################################
# legofit: estimate population history #
#       version 2.3.4-4-g53f8760       #
########################################

# Program was compiled: Sep 21 2021 14:36:42
# Program was run: Sat Oct  9 12:54:12 2021

# cmd: legofit -1 -d 0 -t 32 --ptsPerDim 3 --stateOut b1boot34.state --tol 3e-6 -S 5000 ae2.lgo ../../boot/boot34.opf
# Stage nOptItr nSimReps
#     0    5000        0
# algorithm          : deterministic
# ignoring probs <=  : 0
# Branch length floor: 0
# DE strategy        : 2
#    F               : 0.3
#    CR              : 0.8
#    tolerance       : 3e-06
# nthreads           : 32
# lgo input file     : ae2.lgo
# site pat input file: ../../boot/boot34.opf
# free parameters    : 14
# points in DE swarm : 42
# output state file  : b1boot34.state
# Including singleton site patterns.
# cost function      : KL
Initial parameter values
Fixed:
      zero = 0
       one = 1
    Tbecnw = 75200
Free:
       pc1 = 0
       pc2 = 0
       pc3 = 0
       pc4 = 0
       pc5 = 0
       pc6 = 0
       pc7 = 0
       pc8 = 0
       pc9 = 0
      pc10 = 0
      pc11 = 0
      pc12 = 0
      pc13 = 0
      pc14 = 0
Constrained:
   Tgbecnw = 101138
     Tecnw = 25493.2
       Tnw = 23322
       Tec = 14962.8
     twoNb = 90228.4
     twoNe = 181289
     twoNw = 1.45933e+06
    twoNec = 97339.5
    twoNnw = 9425.26
  twoNecnw = 89458.6
  twoNbecnw = 12800.2
  twoNgbecnw = 199052
         m = 0.199667
        m5 = 0.175906
        Ta = 37600
        Te = 7481.39
DiffEv reached_goal. cost=1.95950e-03 spread=2.45553e-06
Fitted parameter values
Free:
       pc1 = -3.95352
       pc2 = 3.25909
       pc3 = -1.97255
       pc4 = -1.17215
       pc5 = 1.34021
       pc6 = -1.05983
       pc7 = 0.237702
       pc8 = -1.90288
       pc9 = -0.203857
      pc10 = -0.034891
      pc11 = 0.016878
      pc12 = -0.0229316
      pc13 = 0.120668
      pc14 = 0.0218125
Constrained:
   Tgbecnw = 85752.4
     Tecnw = 24329.6
       Tnw = 21827.2
       Tec = 3615.18
     twoNb = 121242
     twoNe = 73146.6
     twoNw = 4.1553e+06
    twoNec = 212068
    twoNnw = 10784.5
  twoNecnw = 82929
  twoNbecnw = 5092.47
  twoNgbecnw = 228059
         m = 0.157649
        m5 = 0.171382
        Ta = 37600
        Te = 1807.59
#       SitePat  BranchLen
              b 127595.9016152
              e 49714.1835291
              c 52135.3578228
              n 46937.9612196
              w 46904.3783131
            b:e 2187.8880957
            b:c 2463.7155222
            b:n 1831.5640579
            b:w 1829.0838554
            e:c 10658.4577216
            e:n 5641.7710765
            e:w 5675.3539830
            c:n 5012.5679437
            c:w 5004.6944231
            n:w 12966.2984956
          b:e:c 2195.8127226
          b:e:n 1179.4560404
          b:e:w 1181.9362429
          b:c:n 1191.3531687
          b:c:w 1188.6342011
          b:n:w 2152.0930606
          e:c:n 4546.0583095
          e:c:w 4553.9318302
          e:n:w 6806.4110059
          c:n:w 5685.0994049
        b:e:c:n 2109.5329428
        b:e:c:w 2112.2519104
        b:e:n:w 2797.3011974
        b:c:n:w 2502.8786844
        e:c:n:w 53159.0567098
