########################################
# legofit: estimate population history #
#       version 2.3.4-4-g53f8760       #
########################################

# Program was compiled: Sep 21 2021 14:36:42
# Program was run: Sat Oct  9 12:53:29 2021

# cmd: legofit -1 -d 0 -t 32 --ptsPerDim 3 --stateOut b1boot2.state --tol 3e-6 -S 5000 ae2.lgo ../../boot/boot2.opf
# Stage nOptItr nSimReps
#     0    5000        0
# algorithm          : deterministic
# ignoring probs <=  : 0
# Branch length floor: 0
# DE strategy        : 2
#    F               : 0.3
#    CR              : 0.8
#    tolerance       : 3e-06
# nthreads           : 32
# lgo input file     : ae2.lgo
# site pat input file: ../../boot/boot2.opf
# free parameters    : 14
# points in DE swarm : 42
# output state file  : b1boot2.state
# Including singleton site patterns.
# cost function      : KL
Initial parameter values
Fixed:
      zero = 0
       one = 1
    Tbecnw = 75200
Free:
       pc1 = 0
       pc2 = 0
       pc3 = 0
       pc4 = 0
       pc5 = 0
       pc6 = 0
       pc7 = 0
       pc8 = 0
       pc9 = 0
      pc10 = 0
      pc11 = 0
      pc12 = 0
      pc13 = 0
      pc14 = 0
Constrained:
   Tgbecnw = 101138
     Tecnw = 25493.2
       Tnw = 23322
       Tec = 14962.8
     twoNb = 90228.4
     twoNe = 181289
     twoNw = 1.45933e+06
    twoNec = 97339.5
    twoNnw = 9425.26
  twoNecnw = 89458.6
  twoNbecnw = 12800.2
  twoNgbecnw = 199052
         m = 0.199667
        m5 = 0.175906
        Ta = 37600
        Te = 7481.39
DiffEv reached_goal. cost=1.96473e-03 spread=1.89096e-06
Fitted parameter values
Free:
       pc1 = -3.99608
       pc2 = 1.00549
       pc3 = -1.97675
       pc4 = -1.35396
       pc5 = 1.02999
       pc6 = -0.085087
       pc7 = 0.357458
       pc8 = -1.41507
       pc9 = 0.234362
      pc10 = -0.0587212
      pc11 = 0.0827165
      pc12 = 0.00775835
      pc13 = 0.0291084
      pc14 = 0.00738759
Constrained:
   Tgbecnw = 83568.4
     Tecnw = 23638.6
       Tnw = 22254.6
       Tec = 8527.21
     twoNb = 69661.1
     twoNe = 105701
     twoNw = 3.53017e+06
    twoNec = 149038
    twoNnw = 6034.24
  twoNecnw = 86056.1
  twoNbecnw = 4045.79
  twoNgbecnw = 228878
         m = 0.160089
        m5 = 0.174158
        Ta = 37600
        Te = 4263.6
#       SitePat  BranchLen
              b 127254.6728643
              e 49678.4685203
              c 52117.7213559
              n 46923.1411514
              w 46888.3167817
            b:e 2177.6004045
            b:c 2455.7162431
            b:n 1839.4503740
            b:w 1836.7740574
            e:c 10583.5774029
            e:n 5664.0645590
            e:w 5698.8889287
            c:n 5029.5514177
            c:w 5021.0830085
            n:w 12938.2669006
          b:e:c 2204.8788349
          b:e:n 1183.5737036
          b:e:w 1186.2500202
          b:c:n 1196.2770267
          b:c:w 1193.3297372
          b:n:w 2160.6146575
          e:c:n 4535.9108066
          e:c:w 4544.3792158
          e:n:w 6741.2883722
          c:n:w 5614.3545980
        b:e:c:n 2132.8235927
        b:e:c:w 2135.7708822
        b:e:n:w 2806.0569624
        b:c:n:w 2508.1580835
        e:c:n:w 52998.4152383
