########################################
# legofit: estimate population history #
#       version 2.3.4-4-g53f8760       #
########################################

# Program was compiled: Sep 21 2021 14:36:42
# Program was run: Sat Oct  9 12:53:54 2021

# cmd: legofit -1 -d 0 -t 32 --ptsPerDim 3 --stateOut b1boot23.state --tol 3e-6 -S 5000 ae2.lgo ../../boot/boot23.opf
# Stage nOptItr nSimReps
#     0    5000        0
# algorithm          : deterministic
# ignoring probs <=  : 0
# Branch length floor: 0
# DE strategy        : 2
#    F               : 0.3
#    CR              : 0.8
#    tolerance       : 3e-06
# nthreads           : 32
# lgo input file     : ae2.lgo
# site pat input file: ../../boot/boot23.opf
# free parameters    : 14
# points in DE swarm : 42
# output state file  : b1boot23.state
# Including singleton site patterns.
# cost function      : KL
Initial parameter values
Fixed:
      zero = 0
       one = 1
    Tbecnw = 75200
Free:
       pc1 = 0
       pc2 = 0
       pc3 = 0
       pc4 = 0
       pc5 = 0
       pc6 = 0
       pc7 = 0
       pc8 = 0
       pc9 = 0
      pc10 = 0
      pc11 = 0
      pc12 = 0
      pc13 = 0
      pc14 = 0
Constrained:
   Tgbecnw = 101138
     Tecnw = 25493.2
       Tnw = 23322
       Tec = 14962.8
     twoNb = 90228.4
     twoNe = 181289
     twoNw = 1.45933e+06
    twoNec = 97339.5
    twoNnw = 9425.26
  twoNecnw = 89458.6
  twoNbecnw = 12800.2
  twoNgbecnw = 199052
         m = 0.199667
        m5 = 0.175906
        Ta = 37600
        Te = 7481.39
DiffEv reached_goal. cost=1.93704e-03 spread=2.30015e-06
Fitted parameter values
Free:
       pc1 = -3.99279
       pc2 = 1.22048
       pc3 = -1.77615
       pc4 = -1.12648
       pc5 = 1.53526
       pc6 = 0.395574
       pc7 = 0.616154
       pc8 = -1.1405
       pc9 = -0.0407804
      pc10 = -0.0430182
      pc11 = 0.142292
      pc12 = 0.024815
      pc13 = 0.00282747
      pc14 = 0.0195152
Constrained:
   Tgbecnw = 84213.1
     Tecnw = 23848.9
       Tnw = 22345.2
       Tec = 7678.38
     twoNb = 12073.1
     twoNe = 66350.4
     twoNw = 3.32404e+06
    twoNec = 157049
    twoNnw = 6419.63
  twoNecnw = 85525.4
  twoNbecnw = 4337.47
  twoNgbecnw = 231138
         m = 0.157504
        m5 = 0.175218
        Ta = 37600
        Te = 3839.19
#       SitePat  BranchLen
              b 127358.7858659
              e 49689.1169534
              c 52184.9895427
              n 46916.3524743
              w 46877.9530215
            b:e 2188.2676901
            b:c 2475.0471874
            b:n 1841.3726696
            b:w 1838.4311606
            e:c 10670.5041505
            e:n 5641.0284898
            e:w 5679.4279426
            c:n 4997.2376818
            c:w 4987.9694574
            n:w 13032.4481621
          b:e:c 2225.2625337
          b:e:n 1182.4325827
          b:e:w 1185.3740917
          b:c:n 1195.5857648
          b:c:w 1192.3482548
          b:n:w 2180.1431767
          e:c:n 4530.2890504
          e:c:w 4539.5572748
          e:n:w 6793.1912991
          c:n:w 5632.5680031
        b:e:c:n 2132.5018553
        b:e:c:w 2135.7393653
        b:e:n:w 2824.4489122
        b:c:n:w 2517.5420697
        e:c:n:w 53056.1409888
