########################################
# legofit: estimate population history #
#       version 2.3.4-4-g53f8760       #
########################################

# Program was compiled: Sep 21 2021 14:36:42
# Program was run: Sat Oct  9 12:53:55 2021

# cmd: legofit -1 -d 0 -t 32 --ptsPerDim 3 --stateOut b1boot22.state --tol 3e-6 -S 5000 ae2.lgo ../../boot/boot22.opf
# Stage nOptItr nSimReps
#     0    5000        0
# algorithm          : deterministic
# ignoring probs <=  : 0
# Branch length floor: 0
# DE strategy        : 2
#    F               : 0.3
#    CR              : 0.8
#    tolerance       : 3e-06
# nthreads           : 32
# lgo input file     : ae2.lgo
# site pat input file: ../../boot/boot22.opf
# free parameters    : 14
# points in DE swarm : 42
# output state file  : b1boot22.state
# Including singleton site patterns.
# cost function      : KL
Initial parameter values
Fixed:
      zero = 0
       one = 1
    Tbecnw = 75200
Free:
       pc1 = 0
       pc2 = 0
       pc3 = 0
       pc4 = 0
       pc5 = 0
       pc6 = 0
       pc7 = 0
       pc8 = 0
       pc9 = 0
      pc10 = 0
      pc11 = 0
      pc12 = 0
      pc13 = 0
      pc14 = 0
Constrained:
   Tgbecnw = 101138
     Tecnw = 25493.2
       Tnw = 23322
       Tec = 14962.8
     twoNb = 90228.4
     twoNe = 181289
     twoNw = 1.45933e+06
    twoNec = 97339.5
    twoNnw = 9425.26
  twoNecnw = 89458.6
  twoNbecnw = 12800.2
  twoNgbecnw = 199052
         m = 0.199667
        m5 = 0.175906
        Ta = 37600
        Te = 7481.39
DiffEv reached_goal. cost=1.94936e-03 spread=2.96604e-06
Fitted parameter values
Free:
       pc1 = -3.95843
       pc2 = 1.32653
       pc3 = -1.68612
       pc4 = -0.256383
       pc5 = 0.803172
       pc6 = -0.1135
       pc7 = -0.908493
       pc8 = -1.26758
       pc9 = -0.0652878
      pc10 = 0.0598678
      pc11 = 0.0407297
      pc12 = 0.0128834
      pc13 = 0.031457
      pc14 = 0.00174699
Constrained:
   Tgbecnw = 86549.7
     Tecnw = 24008.7
       Tnw = 22347.9
       Tec = 7325.77
     twoNb = 76754.5
     twoNe = 337790
     twoNw = 3.03415e+06
    twoNec = 164124
    twoNnw = 7248.49
  twoNecnw = 84851
  twoNbecnw = 5374.01
  twoNgbecnw = 235702
         m = 0.153528
        m5 = 0.174147
        Ta = 37600
        Te = 3662.88
#       SitePat  BranchLen
              b 127973.0435098
              e 49827.9925646
              c 52273.9077547
              n 47146.3748407
              w 47103.7902695
            b:e 2197.4584731
            b:c 2478.2002603
            b:n 1858.2153167
            b:w 1854.9540011
            e:c 10675.3668130
            e:n 5679.9164659
            e:w 5722.5010371
            c:n 5049.7753495
            c:w 5039.4763682
            n:w 12958.4066695
          b:e:c 2220.2837114
          b:e:n 1192.1805449
          b:e:w 1195.4418604
          b:c:n 1205.2918031
          b:c:w 1201.7102196
          b:n:w 2177.1193796
          e:c:n 4583.1380014
          e:c:w 4593.4369827
          e:n:w 6797.4899424
          c:n:w 5664.7405377
        b:e:c:n 2144.6593263
        b:e:c:w 2148.2409099
        b:e:n:w 2820.9198600
        b:c:n:w 2520.7984554
        e:c:n:w 53389.4911385
