########################################
# legofit: estimate population history #
#       version 2.3.4-4-g53f8760       #
########################################

# Program was compiled: Sep 21 2021 14:36:42
# Program was run: Sat Oct  9 12:54:20 2021

# cmd: legofit -1 -d 0 -t 32 --ptsPerDim 3 --stateOut b1boot39.state --tol 3e-6 -S 5000 ae2.lgo ../../boot/boot39.opf
# Stage nOptItr nSimReps
#     0    5000        0
# algorithm          : deterministic
# ignoring probs <=  : 0
# Branch length floor: 0
# DE strategy        : 2
#    F               : 0.3
#    CR              : 0.8
#    tolerance       : 3e-06
# nthreads           : 32
# lgo input file     : ae2.lgo
# site pat input file: ../../boot/boot39.opf
# free parameters    : 14
# points in DE swarm : 42
# output state file  : b1boot39.state
# Including singleton site patterns.
# cost function      : KL
Initial parameter values
Fixed:
      zero = 0
       one = 1
    Tbecnw = 75200
Free:
       pc1 = 0
       pc2 = 0
       pc3 = 0
       pc4 = 0
       pc5 = 0
       pc6 = 0
       pc7 = 0
       pc8 = 0
       pc9 = 0
      pc10 = 0
      pc11 = 0
      pc12 = 0
      pc13 = 0
      pc14 = 0
Constrained:
   Tgbecnw = 101138
     Tecnw = 25493.2
       Tnw = 23322
       Tec = 14962.8
     twoNb = 90228.4
     twoNe = 181289
     twoNw = 1.45933e+06
    twoNec = 97339.5
    twoNnw = 9425.26
  twoNecnw = 89458.6
  twoNbecnw = 12800.2
  twoNgbecnw = 199052
         m = 0.199667
        m5 = 0.175906
        Ta = 37600
        Te = 7481.39
DiffEv reached_goal. cost=1.93364e-03 spread=2.98264e-06
Fitted parameter values
Free:
       pc1 = -3.96862
       pc2 = 0.392628
       pc3 = -1.89161
       pc4 = -1.90429
       pc5 = 1.23193
       pc6 = -1.10036
       pc7 = 0.441945
       pc8 = -1.56107
       pc9 = -0.00400424
      pc10 = -0.0325483
      pc11 = 0.0412534
      pc12 = 0.0395654
      pc13 = -0.0162175
      pc14 = -0.000255421
Constrained:
   Tgbecnw = 83845.2
     Tecnw = 23474.2
       Tnw = 22738.5
       Tec = 9244.97
     twoNb = 133431
     twoNe = 13791.3
     twoNw = 3.4877e+06
    twoNec = 137679
    twoNnw = 3177.23
  twoNecnw = 85362
  twoNbecnw = 4111.56
  twoNgbecnw = 236668
         m = 0.151607
        m5 = 0.171879
        Ta = 37600
        Te = 4622.49
#       SitePat  BranchLen
              b 126821.1315229
              e 49450.8101123
              c 51849.8269312
              n 46727.3768752
              w 46692.9283541
            b:e 2172.8059867
            b:c 2449.1091049
            b:n 1834.4522498
            b:w 1831.7714566
            e:c 10625.1117451
            e:n 5631.1197471
            e:w 5665.5682682
            c:n 5013.8646172
            c:w 5005.3530333
            n:w 12925.9672695
          b:e:c 2209.1902403
          b:e:n 1176.0903891
          b:e:w 1178.7711823
          b:c:n 1188.6327675
          b:c:w 1185.6824547
          b:n:w 2165.3114944
          e:c:n 4544.6816596
          e:c:w 4553.1932435
          e:n:w 6749.0210614
          c:n:w 5627.4746073
        b:e:c:n 2124.5816068
        b:e:c:w 2127.5319197
        b:e:n:w 2795.6595862
        b:c:n:w 2499.9028172
        e:c:n:w 52756.4880306
