########################################
# legofit: estimate population history #
#       version 2.3.4-4-g53f8760       #
########################################

# Program was compiled: Sep 21 2021 14:36:42
# Program was run: Sat Oct  9 12:54:03 2021

# cmd: legofit -1 -d 0 -t 32 --ptsPerDim 3 --stateOut b1boot27.state --tol 3e-6 -S 5000 ae2.lgo ../../boot/boot27.opf
# Stage nOptItr nSimReps
#     0    5000        0
# algorithm          : deterministic
# ignoring probs <=  : 0
# Branch length floor: 0
# DE strategy        : 2
#    F               : 0.3
#    CR              : 0.8
#    tolerance       : 3e-06
# nthreads           : 32
# lgo input file     : ae2.lgo
# site pat input file: ../../boot/boot27.opf
# free parameters    : 14
# points in DE swarm : 42
# output state file  : b1boot27.state
# Including singleton site patterns.
# cost function      : KL
Initial parameter values
Fixed:
      zero = 0
       one = 1
    Tbecnw = 75200
Free:
       pc1 = 0
       pc2 = 0
       pc3 = 0
       pc4 = 0
       pc5 = 0
       pc6 = 0
       pc7 = 0
       pc8 = 0
       pc9 = 0
      pc10 = 0
      pc11 = 0
      pc12 = 0
      pc13 = 0
      pc14 = 0
Constrained:
   Tgbecnw = 101138
     Tecnw = 25493.2
       Tnw = 23322
       Tec = 14962.8
     twoNb = 90228.4
     twoNe = 181289
     twoNw = 1.45933e+06
    twoNec = 97339.5
    twoNnw = 9425.26
  twoNecnw = 89458.6
  twoNbecnw = 12800.2
  twoNgbecnw = 199052
         m = 0.199667
        m5 = 0.175906
        Ta = 37600
        Te = 7481.39
DiffEv reached_goal. cost=1.94373e-03 spread=2.63979e-06
Fitted parameter values
Free:
       pc1 = -3.92404
       pc2 = 2.0322
       pc3 = -1.80364
       pc4 = -1.99434
       pc5 = 1.13764
       pc6 = -1.79863
       pc7 = 0.0131881
       pc8 = -1.40452
       pc9 = -0.111193
      pc10 = 0.0213937
      pc11 = 0.0496838
      pc12 = -0.011754
      pc13 = 0.0412199
      pc14 = 0.0130188
Constrained:
   Tgbecnw = 83990.9
     Tecnw = 23971.9
       Tnw = 22236.4
       Tec = 5860.59
     twoNb = 194427
     twoNe = 14742.2
     twoNw = 3.429e+06
    twoNec = 181118
    twoNnw = 7476.02
  twoNecnw = 83809
  twoNbecnw = 4220.82
  twoNgbecnw = 234060
         m = 0.155405
        m5 = 0.170683
        Ta = 37600
        Te = 2930.3
#       SitePat  BranchLen
              b 127489.3802897
              e 49555.4644776
              c 51956.1933123
              n 46809.1017105
              w 46770.9076918
            b:e 2188.6053158
            b:c 2464.7223344
            b:n 1837.7492664
            b:w 1834.8559637
            e:c 10639.7672310
            e:n 5621.7512981
            e:w 5659.9453169
            c:n 5003.3730564
            c:w 4994.2299864
            n:w 12933.9688379
          b:e:c 2210.4150848
          b:e:n 1181.4974773
          b:e:w 1184.3907800
          b:c:n 1194.0859140
          b:c:w 1190.9065494
          b:n:w 2166.0306921
          e:c:n 4537.6902265
          e:c:w 4546.8332964
          e:n:w 6772.2019795
          c:n:w 5655.5667170
        b:e:c:n 2123.6747972
        b:e:c:w 2126.8541618
        b:e:n:w 2807.6206945
        b:c:n:w 2512.3994698
        e:c:n:w 53356.4766536
