########################################
# legofit: estimate population history #
#       version 2.3.4-4-g53f8760       #
########################################

# Program was compiled: Sep 21 2021 14:36:42
# Program was run: Sat Oct  9 12:53:46 2021

# cmd: legofit -1 -d 0 -t 32 --ptsPerDim 3 --stateOut b1boot13.state --tol 3e-6 -S 5000 ae2.lgo ../../boot/boot13.opf
# Stage nOptItr nSimReps
#     0    5000        0
# algorithm          : deterministic
# ignoring probs <=  : 0
# Branch length floor: 0
# DE strategy        : 2
#    F               : 0.3
#    CR              : 0.8
#    tolerance       : 3e-06
# nthreads           : 32
# lgo input file     : ae2.lgo
# site pat input file: ../../boot/boot13.opf
# free parameters    : 14
# points in DE swarm : 42
# output state file  : b1boot13.state
# Including singleton site patterns.
# cost function      : KL
Initial parameter values
Fixed:
      zero = 0
       one = 1
    Tbecnw = 75200
Free:
       pc1 = 0
       pc2 = 0
       pc3 = 0
       pc4 = 0
       pc5 = 0
       pc6 = 0
       pc7 = 0
       pc8 = 0
       pc9 = 0
      pc10 = 0
      pc11 = 0
      pc12 = 0
      pc13 = 0
      pc14 = 0
Constrained:
   Tgbecnw = 101138
     Tecnw = 25493.2
       Tnw = 23322
       Tec = 14962.8
     twoNb = 90228.4
     twoNe = 181289
     twoNw = 1.45933e+06
    twoNec = 97339.5
    twoNnw = 9425.26
  twoNecnw = 89458.6
  twoNbecnw = 12800.2
  twoNgbecnw = 199052
         m = 0.199667
        m5 = 0.175906
        Ta = 37600
        Te = 7481.39
DiffEv reached_goal. cost=1.95089e-03 spread=2.42318e-06
Fitted parameter values
Free:
       pc1 = -3.98058
       pc2 = 1.12239
       pc3 = -1.9985
       pc4 = -0.804406
       pc5 = 1.05222
       pc6 = -0.997489
       pc7 = 0.372456
       pc8 = -1.15065
       pc9 = -0.00312798
      pc10 = 0.0988434
      pc11 = 0.104038
      pc12 = 0.0419771
      pc13 = -0.0385812
      pc14 = 0.00939319
Constrained:
   Tgbecnw = 85763.8
     Tecnw = 24013.6
       Tnw = 22488.8
       Tec = 8106.5
     twoNb = 120094
     twoNe = 110853
     twoNw = 3.58149e+06
    twoNec = 150934
    twoNnw = 6536.83
  twoNecnw = 84425.6
  twoNbecnw = 4936.21
  twoNgbecnw = 243071
         m = 0.147855
        m5 = 0.175588
        Ta = 37600
        Te = 4053.25
#       SitePat  BranchLen
              b 127563.5666317
              e 49627.2420303
              c 52105.7368972
              n 46962.2898761
              w 46926.8362524
            b:e 2181.2446188
            b:c 2466.9487504
            b:n 1844.0027294
            b:w 1841.2772264
            e:c 10706.3088636
            e:n 5627.7764589
            e:w 5663.2300825
            c:n 4988.1917587
            c:w 4979.5896906
            n:w 12981.9168564
          b:e:c 2223.4869637
          b:e:n 1179.2611176
          b:e:w 1181.9866206
          b:c:n 1192.0130731
          b:c:w 1189.0174635
          b:n:w 2180.0387030
          e:c:n 4553.6510204
          e:c:w 4562.2530885
          e:n:w 6781.9053486
          c:n:w 5626.6355739
        b:e:c:n 2130.8664131
        b:e:c:w 2133.8620227
        b:e:n:w 2810.0126502
        b:c:n:w 2504.5257202
        e:c:n:w 53259.0234048
