########################################
# legofit: estimate population history #
#       version 2.3.4-4-g53f8760       #
########################################

# Program was compiled: Sep 21 2021 14:36:42
# Program was run: Sat Oct  9 12:54:04 2021

# cmd: legofit -1 -d 0 -t 32 --ptsPerDim 3 --stateOut b1boot26.state --tol 3e-6 -S 5000 ae2.lgo ../../boot/boot26.opf
# Stage nOptItr nSimReps
#     0    5000        0
# algorithm          : deterministic
# ignoring probs <=  : 0
# Branch length floor: 0
# DE strategy        : 2
#    F               : 0.3
#    CR              : 0.8
#    tolerance       : 3e-06
# nthreads           : 32
# lgo input file     : ae2.lgo
# site pat input file: ../../boot/boot26.opf
# free parameters    : 14
# points in DE swarm : 42
# output state file  : b1boot26.state
# Including singleton site patterns.
# cost function      : KL
Initial parameter values
Fixed:
      zero = 0
       one = 1
    Tbecnw = 75200
Free:
       pc1 = 0
       pc2 = 0
       pc3 = 0
       pc4 = 0
       pc5 = 0
       pc6 = 0
       pc7 = 0
       pc8 = 0
       pc9 = 0
      pc10 = 0
      pc11 = 0
      pc12 = 0
      pc13 = 0
      pc14 = 0
Constrained:
   Tgbecnw = 101138
     Tecnw = 25493.2
       Tnw = 23322
       Tec = 14962.8
     twoNb = 90228.4
     twoNe = 181289
     twoNw = 1.45933e+06
    twoNec = 97339.5
    twoNnw = 9425.26
  twoNecnw = 89458.6
  twoNbecnw = 12800.2
  twoNgbecnw = 199052
         m = 0.199667
        m5 = 0.175906
        Ta = 37600
        Te = 7481.39
DiffEv reached_goal. cost=1.94509e-03 spread=2.91208e-06
Fitted parameter values
Free:
       pc1 = -3.98429
       pc2 = 2.03136
       pc3 = -1.97757
       pc4 = -1.24495
       pc5 = 0.0700851
       pc6 = -0.876123
       pc7 = -0.663975
       pc8 = -1.95286
       pc9 = 0.115271
      pc10 = 0.0594721
      pc11 = 0.0762633
      pc12 = -0.0255587
      pc13 = -0.0126036
      pc14 = 0.000166077
Constrained:
   Tgbecnw = 83258.9
     Tecnw = 23990.3
       Tnw = 21893
       Tec = 6878.59
     twoNb = 161168
     twoNe = 268181
     twoNw = 3.76595e+06
    twoNec = 167983
    twoNnw = 9239.16
  twoNecnw = 84529.5
  twoNbecnw = 3981.18
  twoNgbecnw = 221308
         m = 0.165952
        m5 = 0.170593
        Ta = 37600
        Te = 3439.29
#       SitePat  BranchLen
              b 127340.0678744
              e 49654.6699080
              c 52025.7659642
              n 47010.4264504
              w 46977.0774526
            b:e 2177.9438414
            b:c 2447.6188721
            b:n 1845.5385156
            b:w 1843.0123926
            e:c 10647.5286557
            e:n 5640.4809573
            e:w 5673.8299550
            c:n 5020.4728285
            c:w 5012.4839326
            n:w 12893.8932028
          b:e:c 2202.3625069
          b:e:n 1183.8013575
          b:e:w 1186.3274805
          b:c:n 1195.8997675
          b:c:w 1193.1226969
          b:n:w 2159.7687386
          e:c:n 4559.8527465
          e:c:w 4567.8416424
          e:n:w 6708.8195845
          c:n:w 5619.0776795
        b:e:c:n 2134.3777927
        b:e:c:w 2137.1548633
        b:e:n:w 2791.1503274
        b:c:n:w 2502.5816703
        e:c:n:w 53074.5870787
