########################################
# legofit: estimate population history #
#       version 2.3.4-4-g53f8760       #
########################################

# Program was compiled: Sep 21 2021 14:36:42
# Program was run: Sat Oct  9 12:53:38 2021

# cmd: legofit -1 -d 0 -t 32 --ptsPerDim 3 --stateOut b1boot10.state --tol 3e-6 -S 5000 ae2.lgo ../../boot/boot10.opf
# Stage nOptItr nSimReps
#     0    5000        0
# algorithm          : deterministic
# ignoring probs <=  : 0
# Branch length floor: 0
# DE strategy        : 2
#    F               : 0.3
#    CR              : 0.8
#    tolerance       : 3e-06
# nthreads           : 32
# lgo input file     : ae2.lgo
# site pat input file: ../../boot/boot10.opf
# free parameters    : 14
# points in DE swarm : 42
# output state file  : b1boot10.state
# Including singleton site patterns.
# cost function      : KL
Initial parameter values
Fixed:
      zero = 0
       one = 1
    Tbecnw = 75200
Free:
       pc1 = 0
       pc2 = 0
       pc3 = 0
       pc4 = 0
       pc5 = 0
       pc6 = 0
       pc7 = 0
       pc8 = 0
       pc9 = 0
      pc10 = 0
      pc11 = 0
      pc12 = 0
      pc13 = 0
      pc14 = 0
Constrained:
   Tgbecnw = 101138
     Tecnw = 25493.2
       Tnw = 23322
       Tec = 14962.8
     twoNb = 90228.4
     twoNe = 181289
     twoNw = 1.45933e+06
    twoNec = 97339.5
    twoNnw = 9425.26
  twoNecnw = 89458.6
  twoNbecnw = 12800.2
  twoNgbecnw = 199052
         m = 0.199667
        m5 = 0.175906
        Ta = 37600
        Te = 7481.39
DiffEv reached_goal. cost=1.96011e-03 spread=2.71411e-06
Fitted parameter values
Free:
       pc1 = -3.9857
       pc2 = 1.42873
       pc3 = -1.9133
       pc4 = -0.00240348
       pc5 = 1.61322
       pc6 = 0.624208
       pc7 = -1.69374
       pc8 = -1.812
       pc9 = -0.921226
      pc10 = 0.173932
      pc11 = 0.0732093
      pc12 = -0.035489
      pc13 = 0.0770097
      pc14 = 0.00942181
Constrained:
   Tgbecnw = 86454.6
     Tecnw = 24049.7
       Tnw = 23125.1
       Tec = 4909.87
     twoNb = 5325.08
     twoNe = 440972
     twoNw = 3.03173e+06
    twoNec = 193503
    twoNnw = 3954.62
  twoNecnw = 84188.7
  twoNbecnw = 5355.07
  twoNgbecnw = 234443
         m = 0.154779
        m5 = 0.17182
        Ta = 37600
        Te = 2454.94
#       SitePat  BranchLen
              b 128143.3259294
              e 49780.3356666
              c 52204.4507165
              n 47063.2295771
              w 47016.6081834
            b:e 2206.5022290
            b:c 2488.6875369
            b:n 1847.1029697
            b:w 1843.5596566
            e:c 10710.4436933
            e:n 5648.4948603
            e:w 5695.1162541
            c:n 5035.3173033
            c:w 5024.1124605
            n:w 12950.8383445
          b:e:c 2222.7909526
          b:e:n 1187.9126791
          b:e:w 1191.4559923
          b:c:n 1201.2089411
          b:c:w 1197.3209555
          b:n:w 2178.0777838
          e:c:n 4562.1616185
          e:c:w 4573.3664613
          e:n:w 6849.8105495
          c:n:w 5709.8768503
        b:e:c:n 2129.0349592
        b:e:c:w 2132.9229447
        b:e:n:w 2828.6289571
        b:c:n:w 2527.2824241
        e:c:n:w 53606.8370936
