########################################
# legofit: estimate population history #
#       version 2.3.4-4-g53f8760       #
########################################

# Program was compiled: Sep 21 2021 14:36:42
# Program was run: Sat Oct  9 12:54:20 2021

# cmd: legofit -1 -d 0 -t 32 --ptsPerDim 3 --stateOut b1boot40.state --tol 3e-6 -S 5000 ae2.lgo ../../boot/boot40.opf
# Stage nOptItr nSimReps
#     0    5000        0
# algorithm          : deterministic
# ignoring probs <=  : 0
# Branch length floor: 0
# DE strategy        : 2
#    F               : 0.3
#    CR              : 0.8
#    tolerance       : 3e-06
# nthreads           : 32
# lgo input file     : ae2.lgo
# site pat input file: ../../boot/boot40.opf
# free parameters    : 14
# points in DE swarm : 42
# output state file  : b1boot40.state
# Including singleton site patterns.
# cost function      : KL
Initial parameter values
Fixed:
      zero = 0
       one = 1
    Tbecnw = 75200
Free:
       pc1 = 0
       pc2 = 0
       pc3 = 0
       pc4 = 0
       pc5 = 0
       pc6 = 0
       pc7 = 0
       pc8 = 0
       pc9 = 0
      pc10 = 0
      pc11 = 0
      pc12 = 0
      pc13 = 0
      pc14 = 0
Constrained:
   Tgbecnw = 101138
     Tecnw = 25493.2
       Tnw = 23322
       Tec = 14962.8
     twoNb = 90228.4
     twoNe = 181289
     twoNw = 1.45933e+06
    twoNec = 97339.5
    twoNnw = 9425.26
  twoNecnw = 89458.6
  twoNbecnw = 12800.2
  twoNgbecnw = 199052
         m = 0.199667
        m5 = 0.175906
        Ta = 37600
        Te = 7481.39
DiffEv reached_goal. cost=1.95951e-03 spread=2.96088e-06
Fitted parameter values
Free:
       pc1 = -3.8781
       pc2 = 2.84398
       pc3 = -1.6417
       pc4 = -0.869014
       pc5 = 0.473894
       pc6 = -1.8191
       pc7 = 0.336877
       pc8 = -0.802047
       pc9 = 0.665026
      pc10 = -0.00517848
      pc11 = 0.0069927
      pc12 = 0.0398993
      pc13 = -0.00117522
      pc14 = -0.0233654
Constrained:
   Tgbecnw = 87124.7
     Tecnw = 24390.4
       Tnw = 21268.9
       Tec = 5974.16
     twoNb = 201740
     twoNe = 81279.8
     twoNw = 3.54998e+06
    twoNec = 178290
    twoNnw = 13845.7
  twoNecnw = 83925.4
  twoNbecnw = 5599.79
  twoNgbecnw = 238978
         m = 0.152207
        m5 = 0.175576
        Ta = 37600
        Te = 2987.08
#       SitePat  BranchLen
              b 128370.0883240
              e 49839.2093876
              c 52300.5988262
              n 47269.3562867
              w 47232.5270887
            b:e 2190.6362229
            b:c 2468.9058099
            b:n 1865.6257204
            b:w 1862.8661397
            e:c 10727.7470555
            e:n 5687.7451083
            e:w 5724.5743064
            c:n 5040.1439599
            c:w 5031.4509453
            n:w 12958.2079026
          b:e:c 2213.9894283
          b:e:n 1194.2546566
          b:e:w 1197.0142372
          b:c:n 1206.7351655
          b:c:w 1203.7066652
          b:n:w 2172.5963911
          e:c:n 4598.8512734
          e:c:w 4607.5442879
          e:n:w 6752.0318174
          c:n:w 5631.3668883
        b:e:c:n 2151.3290042
        b:e:c:w 2154.3575046
        b:e:n:w 2808.4826399
        b:c:n:w 2511.0401159
        e:c:n:w 53723.8610953
