########################################
# legofit: estimate population history #
#       version 2.3.4-4-g53f8760       #
########################################

# Program was compiled: Sep 21 2021 14:36:42
# Program was run: Sat Oct  9 12:54:03 2021

# cmd: legofit -1 -d 0 -t 32 --ptsPerDim 3 --stateOut b1boot29.state --tol 3e-6 -S 5000 ae2.lgo ../../boot/boot29.opf
# Stage nOptItr nSimReps
#     0    5000        0
# algorithm          : deterministic
# ignoring probs <=  : 0
# Branch length floor: 0
# DE strategy        : 2
#    F               : 0.3
#    CR              : 0.8
#    tolerance       : 3e-06
# nthreads           : 32
# lgo input file     : ae2.lgo
# site pat input file: ../../boot/boot29.opf
# free parameters    : 14
# points in DE swarm : 42
# output state file  : b1boot29.state
# Including singleton site patterns.
# cost function      : KL
Initial parameter values
Fixed:
      zero = 0
       one = 1
    Tbecnw = 75200
Free:
       pc1 = 0
       pc2 = 0
       pc3 = 0
       pc4 = 0
       pc5 = 0
       pc6 = 0
       pc7 = 0
       pc8 = 0
       pc9 = 0
      pc10 = 0
      pc11 = 0
      pc12 = 0
      pc13 = 0
      pc14 = 0
Constrained:
   Tgbecnw = 101138
     Tecnw = 25493.2
       Tnw = 23322
       Tec = 14962.8
     twoNb = 90228.4
     twoNe = 181289
     twoNw = 1.45933e+06
    twoNec = 97339.5
    twoNnw = 9425.26
  twoNecnw = 89458.6
  twoNbecnw = 12800.2
  twoNgbecnw = 199052
         m = 0.199667
        m5 = 0.175906
        Ta = 37600
        Te = 7481.39
DiffEv reached_goal. cost=1.96704e-03 spread=2.82079e-06
Fitted parameter values
Free:
       pc1 = -3.91367
       pc2 = 0.956233
       pc3 = -1.98316
       pc4 = -0.576325
       pc5 = 0.727513
       pc6 = -1.00996
       pc7 = -0.00699612
       pc8 = -0.605661
       pc9 = -0.12471
      pc10 = 0.0337482
      pc11 = 0.0803524
      pc12 = 0.0193317
      pc13 = -0.00131315
      pc14 = 0.0128562
Constrained:
   Tgbecnw = 85811.9
     Tecnw = 24102.2
       Tnw = 22563.3
       Tec = 8695.61
     twoNb = 136394
     twoNe = 176310
     twoNw = 3.09972e+06
    twoNec = 147882
    twoNnw = 6553.42
  twoNecnw = 83949.7
  twoNbecnw = 4966.83
  twoNgbecnw = 241321
         m = 0.149636
        m5 = 0.177531
        Ta = 37600
        Te = 4347.81
#       SitePat  BranchLen
              b 127714.3018885
              e 49652.7389107
              c 52168.5099519
              n 46911.1965238
              w 46870.5400244
            b:e 2170.7783861
            b:c 2460.0434365
            b:n 1829.4382365
            b:w 1826.3164689
            e:c 10617.1550481
            e:n 5620.6959193
            e:w 5661.3524187
            c:n 4975.8333599
            c:w 4965.9396216
            n:w 12962.4158649
          b:e:c 2207.8596862
          b:e:n 1171.6828945
          b:e:w 1174.8046620
          b:c:n 1184.8731903
          b:c:w 1181.4443943
          b:n:w 2164.2200682
          e:c:n 4535.5432834
          e:c:w 4545.4370217
          e:n:w 6802.7333352
          c:n:w 5627.2376505
        b:e:c:n 2111.4107186
        b:e:c:w 2114.8395146
        b:e:n:w 2798.8458325
        b:c:n:w 2489.7507540
        e:c:n:w 53414.7325002
