########################################
# legofit: estimate population history #
#       version 2.3.4-4-g53f8760       #
########################################

# Program was compiled: Sep 21 2021 14:36:42
# Program was run: Sat Oct  9 12:53:54 2021

# cmd: legofit -1 -d 0 -t 32 --ptsPerDim 3 --stateOut b1boot20.state --tol 3e-6 -S 5000 ae2.lgo ../../boot/boot20.opf
# Stage nOptItr nSimReps
#     0    5000        0
# algorithm          : deterministic
# ignoring probs <=  : 0
# Branch length floor: 0
# DE strategy        : 2
#    F               : 0.3
#    CR              : 0.8
#    tolerance       : 3e-06
# nthreads           : 32
# lgo input file     : ae2.lgo
# site pat input file: ../../boot/boot20.opf
# free parameters    : 14
# points in DE swarm : 42
# output state file  : b1boot20.state
# Including singleton site patterns.
# cost function      : KL
Initial parameter values
Fixed:
      zero = 0
       one = 1
    Tbecnw = 75200
Free:
       pc1 = 0
       pc2 = 0
       pc3 = 0
       pc4 = 0
       pc5 = 0
       pc6 = 0
       pc7 = 0
       pc8 = 0
       pc9 = 0
      pc10 = 0
      pc11 = 0
      pc12 = 0
      pc13 = 0
      pc14 = 0
Constrained:
   Tgbecnw = 101138
     Tecnw = 25493.2
       Tnw = 23322
       Tec = 14962.8
     twoNb = 90228.4
     twoNe = 181289
     twoNw = 1.45933e+06
    twoNec = 97339.5
    twoNnw = 9425.26
  twoNecnw = 89458.6
  twoNbecnw = 12800.2
  twoNgbecnw = 199052
         m = 0.199667
        m5 = 0.175906
        Ta = 37600
        Te = 7481.39
DiffEv reached_goal. cost=1.95776e-03 spread=2.91156e-06
Fitted parameter values
Free:
       pc1 = -3.99875
       pc2 = 2.19424
       pc3 = -1.91368
       pc4 = -1.18862
       pc5 = 1.35665
       pc6 = -0.299661
       pc7 = 0.561995
       pc8 = -1.38307
       pc9 = 0.0232871
      pc10 = -0.0848845
      pc11 = 0.0400817
      pc12 = 0.013698
      pc13 = 0.0228418
      pc14 = 0.00441667
Constrained:
   Tgbecnw = 84771.1
     Tecnw = 24020.2
       Tnw = 21971.1
       Tec = 5843.09
     twoNb = 68057.6
     twoNe = 54874
     twoNw = 3.72614e+06
    twoNec = 179290
    twoNnw = 8916.74
  twoNecnw = 84431.5
  twoNbecnw = 4602.8
  twoNgbecnw = 229114
         m = 0.159117
        m5 = 0.174178
        Ta = 37600
        Te = 2921.54
#       SitePat  BranchLen
              b 127542.4175709
              e 49624.5149308
              c 52069.0587107
              n 46956.3748562
              w 46920.6999916
            b:e 2166.8974197
            b:c 2443.8550960
            b:n 1829.5531315
            b:w 1826.8844409
            e:c 10661.8879857
            e:n 5647.2019160
            e:w 5682.8767806
            c:n 5010.7863621
            c:w 5002.3020187
            n:w 12929.6281698
          b:e:c 2189.8393208
          b:e:n 1175.0533891
          b:e:w 1177.7220797
          b:c:n 1187.4482682
          b:c:w 1184.5163150
          b:n:w 2146.8345925
          e:c:n 4541.5063215
          e:c:w 4549.9906650
          e:n:w 6750.0344381
          c:n:w 5622.4809740
        b:e:c:n 2113.5584617
        b:e:c:w 2116.4904148
        b:e:n:w 2783.2600336
        b:c:n:w 2487.1132428
        e:c:n:w 53190.6096202
