########################################
# legofit: estimate population history #
#       version 2.3.4-4-g53f8760       #
########################################

# Program was compiled: Sep 21 2021 14:36:42
# Program was run: Sat Oct  9 12:54:12 2021

# cmd: legofit -1 -d 0 -t 32 --ptsPerDim 3 --stateOut b1boot30.state --tol 3e-6 -S 5000 ae2.lgo ../../boot/boot30.opf
# Stage nOptItr nSimReps
#     0    5000        0
# algorithm          : deterministic
# ignoring probs <=  : 0
# Branch length floor: 0
# DE strategy        : 2
#    F               : 0.3
#    CR              : 0.8
#    tolerance       : 3e-06
# nthreads           : 32
# lgo input file     : ae2.lgo
# site pat input file: ../../boot/boot30.opf
# free parameters    : 14
# points in DE swarm : 42
# output state file  : b1boot30.state
# Including singleton site patterns.
# cost function      : KL
Initial parameter values
Fixed:
      zero = 0
       one = 1
    Tbecnw = 75200
Free:
       pc1 = 0
       pc2 = 0
       pc3 = 0
       pc4 = 0
       pc5 = 0
       pc6 = 0
       pc7 = 0
       pc8 = 0
       pc9 = 0
      pc10 = 0
      pc11 = 0
      pc12 = 0
      pc13 = 0
      pc14 = 0
Constrained:
   Tgbecnw = 101138
     Tecnw = 25493.2
       Tnw = 23322
       Tec = 14962.8
     twoNb = 90228.4
     twoNe = 181289
     twoNw = 1.45933e+06
    twoNec = 97339.5
    twoNnw = 9425.26
  twoNecnw = 89458.6
  twoNbecnw = 12800.2
  twoNgbecnw = 199052
         m = 0.199667
        m5 = 0.175906
        Ta = 37600
        Te = 7481.39
DiffEv reached_goal. cost=1.97252e-03 spread=2.97787e-06
Fitted parameter values
Free:
       pc1 = -3.91137
       pc2 = 1.0029
       pc3 = -1.89052
       pc4 = -0.910764
       pc5 = 0.687466
       pc6 = -0.127244
       pc7 = -1.39699
       pc8 = -1.85033
       pc9 = -0.0736896
      pc10 = 0.102418
      pc11 = 0.0425214
      pc12 = -0.0251335
      pc13 = 0.0277978
      pc14 = 0.018302
Constrained:
   Tgbecnw = 84519.6
     Tecnw = 23692.6
       Tnw = 22566.7
       Tec = 7379.56
     twoNb = 98789
     twoNe = 368679
     twoNw = 3.14218e+06
    twoNec = 162646
    twoNnw = 4820.6
  twoNecnw = 85961.9
  twoNbecnw = 4497.95
  twoNgbecnw = 228220
         m = 0.162083
        m5 = 0.170708
        Ta = 37600
        Te = 3689.78
#       SitePat  BranchLen
              b 127886.4597704
              e 49756.9189071
              c 52181.8448011
              n 46924.3187364
              w 46883.9795617
            b:e 2186.7002950
            b:c 2464.4081863
            b:n 1833.6080038
            b:w 1830.5273014
            e:c 10655.0296581
            e:n 5647.0316911
            e:w 5687.3708658
            c:n 5024.6277625
            c:w 5014.8568581
            n:w 13030.4883769
          b:e:c 2213.2599526
          b:e:n 1179.3825842
          b:e:w 1182.4632866
          b:c:n 1192.3189628
          b:c:w 1188.9299507
          b:n:w 2168.0676059
          e:c:n 4531.5186280
          e:c:w 4541.2895324
          e:n:w 6791.1820454
          c:n:w 5661.1740877
        b:e:c:n 2122.2048460
        b:e:c:w 2125.5938580
        b:e:n:w 2811.1337537
        b:c:n:w 2514.0228198
        e:c:n:w 53468.0012732
