########################################
# legofit: estimate population history #
#       version 2.3.4-4-g53f8760       #
########################################

# Program was compiled: Sep 21 2021 14:36:42
# Program was run: Sat Oct  9 12:53:46 2021

# cmd: legofit -1 -d 0 -t 32 --ptsPerDim 3 --stateOut b1boot17.state --tol 3e-6 -S 5000 ae2.lgo ../../boot/boot17.opf
# Stage nOptItr nSimReps
#     0    5000        0
# algorithm          : deterministic
# ignoring probs <=  : 0
# Branch length floor: 0
# DE strategy        : 2
#    F               : 0.3
#    CR              : 0.8
#    tolerance       : 3e-06
# nthreads           : 32
# lgo input file     : ae2.lgo
# site pat input file: ../../boot/boot17.opf
# free parameters    : 14
# points in DE swarm : 42
# output state file  : b1boot17.state
# Including singleton site patterns.
# cost function      : KL
Initial parameter values
Fixed:
      zero = 0
       one = 1
    Tbecnw = 75200
Free:
       pc1 = 0
       pc2 = 0
       pc3 = 0
       pc4 = 0
       pc5 = 0
       pc6 = 0
       pc7 = 0
       pc8 = 0
       pc9 = 0
      pc10 = 0
      pc11 = 0
      pc12 = 0
      pc13 = 0
      pc14 = 0
Constrained:
   Tgbecnw = 101138
     Tecnw = 25493.2
       Tnw = 23322
       Tec = 14962.8
     twoNb = 90228.4
     twoNe = 181289
     twoNw = 1.45933e+06
    twoNec = 97339.5
    twoNnw = 9425.26
  twoNecnw = 89458.6
  twoNbecnw = 12800.2
  twoNgbecnw = 199052
         m = 0.199667
        m5 = 0.175906
        Ta = 37600
        Te = 7481.39
DiffEv reached_goal. cost=1.97847e-03 spread=1.97969e-06
Fitted parameter values
Free:
       pc1 = -3.98512
       pc2 = 0.619257
       pc3 = -1.76925
       pc4 = -0.937411
       pc5 = 0.114254
       pc6 = -1.05765
       pc7 = -0.248789
       pc8 = -1.87795
       pc9 = -0.0366796
      pc10 = 0.122961
      pc11 = 0.0603312
      pc12 = 0.0227017
      pc13 = -0.0441083
      pc14 = 0.00791479
Constrained:
   Tgbecnw = 84889.7
     Tecnw = 23848.4
       Tnw = 22463.2
       Tec = 10218.6
     twoNb = 151771
     twoNe = 246805
     twoNw = 3.67209e+06
    twoNec = 129302
    twoNnw = 5976.99
  twoNecnw = 84298.5
  twoNbecnw = 4633.33
  twoNgbecnw = 233883
         m = 0.15314
        m5 = 0.171529
        Ta = 37600
        Te = 5109.28
#       SitePat  BranchLen
              b 127201.1307296
              e 49598.6049534
              c 52000.5697925
              n 46869.2273629
              w 46837.9198400
            b:e 2180.3572150
            b:c 2457.2370968
            b:n 1845.4549710
            b:w 1843.0095615
            e:c 10646.7442759
            e:n 5622.8388904
            e:w 5654.1464133
            c:n 5001.8403989
            c:w 4994.0960838
            n:w 12967.8330927
          b:e:c 2221.5439661
          b:e:n 1178.3641164
          b:e:w 1180.8095259
          b:c:n 1190.4893019
          b:c:w 1187.8028031
          b:n:w 2178.8466675
          e:c:n 4574.2279051
          e:c:w 4581.9722202
          e:n:w 6763.4830264
          c:n:w 5642.5670084
        b:e:c:n 2131.4436886
        b:e:c:w 2134.1301874
        b:e:n:w 2798.0482986
        b:c:n:w 2502.0499541
        e:c:n:w 52964.0034007
