########################################
# legofit: estimate population history #
#       version 2.3.4-4-g53f8760       #
########################################

# Program was compiled: Sep 21 2021 14:36:42
# Program was run: Sat Oct  9 12:53:54 2021

# cmd: legofit -1 -d 0 -t 32 --ptsPerDim 3 --stateOut b1boot18.state --tol 3e-6 -S 5000 ae2.lgo ../../boot/boot18.opf
# Stage nOptItr nSimReps
#     0    5000        0
# algorithm          : deterministic
# ignoring probs <=  : 0
# Branch length floor: 0
# DE strategy        : 2
#    F               : 0.3
#    CR              : 0.8
#    tolerance       : 3e-06
# nthreads           : 32
# lgo input file     : ae2.lgo
# site pat input file: ../../boot/boot18.opf
# free parameters    : 14
# points in DE swarm : 42
# output state file  : b1boot18.state
# Including singleton site patterns.
# cost function      : KL
Initial parameter values
Fixed:
      zero = 0
       one = 1
    Tbecnw = 75200
Free:
       pc1 = 0
       pc2 = 0
       pc3 = 0
       pc4 = 0
       pc5 = 0
       pc6 = 0
       pc7 = 0
       pc8 = 0
       pc9 = 0
      pc10 = 0
      pc11 = 0
      pc12 = 0
      pc13 = 0
      pc14 = 0
Constrained:
   Tgbecnw = 101138
     Tecnw = 25493.2
       Tnw = 23322
       Tec = 14962.8
     twoNb = 90228.4
     twoNe = 181289
     twoNw = 1.45933e+06
    twoNec = 97339.5
    twoNnw = 9425.26
  twoNecnw = 89458.6
  twoNbecnw = 12800.2
  twoNgbecnw = 199052
         m = 0.199667
        m5 = 0.175906
        Ta = 37600
        Te = 7481.39
DiffEv reached_goal. cost=1.97746e-03 spread=2.58166e-06
Fitted parameter values
Free:
       pc1 = -3.9557
       pc2 = 0.740523
       pc3 = -1.96035
       pc4 = -0.564703
       pc5 = 0.848981
       pc6 = 0.315626
       pc7 = -0.463612
       pc8 = -1.13869
       pc9 = -0.289325
      pc10 = -0.00826144
      pc11 = 0.0988742
      pc12 = 0.0060037
      pc13 = -0.00806857
      pc14 = 0.00354151
Constrained:
   Tgbecnw = 84468.8
     Tecnw = 23863.8
       Tnw = 22691.7
       Tec = 8500.12
     twoNb = 45740.6
     twoNe = 281257
     twoNw = 3.06232e+06
    twoNec = 148513
    twoNnw = 5074.63
  twoNecnw = 85014.6
  twoNbecnw = 4469.56
  twoNgbecnw = 229339
         m = 0.159009
        m5 = 0.175515
        Ta = 37600
        Te = 4250.06
#       SitePat  BranchLen
              b 127494.7900827
              e 49659.2794404
              c 52117.8121232
              n 46989.8997278
              w 46948.6214443
            b:e 2175.0153583
            b:c 2457.5490598
            b:n 1839.6461996
            b:w 1836.4649300
            e:c 10632.9059659
            e:n 5642.6960617
            e:w 5683.9743452
            c:n 5011.4063443
            c:w 5001.3284758
            n:w 12912.4456721
          b:e:c 2208.1270625
          b:e:n 1179.2163929
          b:e:w 1182.3976625
          b:c:n 1192.4028341
          b:c:w 1188.9051828
          b:n:w 2164.7689634
          e:c:n 4551.9768937
          e:c:w 4562.0547622
          e:n:w 6769.0598654
          c:n:w 5624.4627694
        b:e:c:n 2126.6898263
        b:e:c:w 2130.1874775
        b:e:n:w 2801.1372267
        b:c:n:w 2498.9095638
        e:c:n:w 53171.4894819
