########################################
# legofit: estimate population history #
#       version 2.3.4-4-g53f8760       #
########################################

# Program was compiled: Sep 21 2021 14:36:42
# Program was run: Sat Oct  9 12:53:37 2021

# cmd: legofit -1 -d 0 -t 32 --ptsPerDim 3 --stateOut b1boot9.state --tol 3e-6 -S 5000 ae2.lgo ../../boot/boot9.opf
# Stage nOptItr nSimReps
#     0    5000        0
# algorithm          : deterministic
# ignoring probs <=  : 0
# Branch length floor: 0
# DE strategy        : 2
#    F               : 0.3
#    CR              : 0.8
#    tolerance       : 3e-06
# nthreads           : 32
# lgo input file     : ae2.lgo
# site pat input file: ../../boot/boot9.opf
# free parameters    : 14
# points in DE swarm : 42
# output state file  : b1boot9.state
# Including singleton site patterns.
# cost function      : KL
Initial parameter values
Fixed:
      zero = 0
       one = 1
    Tbecnw = 75200
Free:
       pc1 = 0
       pc2 = 0
       pc3 = 0
       pc4 = 0
       pc5 = 0
       pc6 = 0
       pc7 = 0
       pc8 = 0
       pc9 = 0
      pc10 = 0
      pc11 = 0
      pc12 = 0
      pc13 = 0
      pc14 = 0
Constrained:
   Tgbecnw = 101138
     Tecnw = 25493.2
       Tnw = 23322
       Tec = 14962.8
     twoNb = 90228.4
     twoNe = 181289
     twoNw = 1.45933e+06
    twoNec = 97339.5
    twoNnw = 9425.26
  twoNecnw = 89458.6
  twoNbecnw = 12800.2
  twoNgbecnw = 199052
         m = 0.199667
        m5 = 0.175906
        Ta = 37600
        Te = 7481.39
DiffEv reached_goal. cost=1.95258e-03 spread=2.92178e-06
Fitted parameter values
Free:
       pc1 = -3.99887
       pc2 = 1.24822
       pc3 = -1.57069
       pc4 = -1.883
       pc5 = 1.44325
       pc6 = -0.663008
       pc7 = 0.0899345
       pc8 = -1.71129
       pc9 = -0.114904
      pc10 = 0.137219
      pc11 = 0.170477
      pc12 = -0.0104011
      pc13 = 0.014942
      pc14 = 0.0167224
Constrained:
   Tgbecnw = 83449.4
     Tecnw = 23753.8
       Tnw = 22483.9
       Tec = 7283.11
     twoNb = 98359.9
     twoNe = 47834.9
     twoNw = 3.3395e+06
    twoNec = 162964
    twoNnw = 5475.47
  twoNecnw = 85346
  twoNbecnw = 3940.13
  twoNgbecnw = 234677
         m = 0.155042
        m5 = 0.16973
        Ta = 37600
        Te = 3641.56
#       SitePat  BranchLen
              b 127069.9191502
              e 49626.0124040
              c 52011.6288350
              n 46868.0536732
              w 46830.4016909
            b:e 2176.1251356
            b:c 2449.3599979
            b:n 1829.9924397
            b:w 1827.1213281
            e:c 10623.0431217
            e:n 5613.4311720
            e:w 5651.0831543
            c:n 4997.8467728
            c:w 4988.7664559
            n:w 12939.5421391
          b:e:c 2206.2300873
          b:e:n 1176.5188085
          b:e:w 1179.3899201
          b:c:n 1189.2149033
          b:c:w 1186.0530925
          b:n:w 2161.3592557
          e:c:n 4510.6918921
          e:c:w 4519.7722090
          e:n:w 6722.1836372
          c:n:w 5614.4683039
        b:e:c:n 2121.7048518
        b:e:c:w 2124.8666626
        b:e:n:w 2798.6393365
        b:c:n:w 2506.0452069
        e:c:n:w 52952.8477840
