########################################
# legofit: estimate population history #
#       version 2.3.4-4-g53f8760       #
########################################

# Program was compiled: Sep 21 2021 14:36:42
# Program was run: Sat Oct  9 12:54:12 2021

# cmd: legofit -1 -d 0 -t 32 --ptsPerDim 3 --stateOut b1boot31.state --tol 3e-6 -S 5000 ae2.lgo ../../boot/boot31.opf
# Stage nOptItr nSimReps
#     0    5000        0
# algorithm          : deterministic
# ignoring probs <=  : 0
# Branch length floor: 0
# DE strategy        : 2
#    F               : 0.3
#    CR              : 0.8
#    tolerance       : 3e-06
# nthreads           : 32
# lgo input file     : ae2.lgo
# site pat input file: ../../boot/boot31.opf
# free parameters    : 14
# points in DE swarm : 42
# output state file  : b1boot31.state
# Including singleton site patterns.
# cost function      : KL
Initial parameter values
Fixed:
      zero = 0
       one = 1
    Tbecnw = 75200
Free:
       pc1 = 0
       pc2 = 0
       pc3 = 0
       pc4 = 0
       pc5 = 0
       pc6 = 0
       pc7 = 0
       pc8 = 0
       pc9 = 0
      pc10 = 0
      pc11 = 0
      pc12 = 0
      pc13 = 0
      pc14 = 0
Constrained:
   Tgbecnw = 101138
     Tecnw = 25493.2
       Tnw = 23322
       Tec = 14962.8
     twoNb = 90228.4
     twoNe = 181289
     twoNw = 1.45933e+06
    twoNec = 97339.5
    twoNnw = 9425.26
  twoNecnw = 89458.6
  twoNbecnw = 12800.2
  twoNgbecnw = 199052
         m = 0.199667
        m5 = 0.175906
        Ta = 37600
        Te = 7481.39
DiffEv reached_goal. cost=1.93538e-03 spread=2.64418e-06
Fitted parameter values
Free:
       pc1 = -3.95453
       pc2 = 1.9579
       pc3 = -1.85947
       pc4 = -1.97332
       pc5 = 0.713097
       pc6 = -1.52608
       pc7 = -1.0014
       pc8 = -1.83481
       pc9 = 0.00694563
      pc10 = 0.00129541
      pc11 = 0.00864728
      pc12 = -0.0254717
      pc13 = 0.0431469
      pc14 = 0.00476967
Constrained:
   Tgbecnw = 83252.8
     Tecnw = 23749.3
       Tnw = 22171.8
       Tec = 5580.63
     twoNb = 204319
     twoNe = 179305
     twoNw = 3.32661e+06
    twoNec = 183355
    twoNnw = 6899.86
  twoNecnw = 84700.4
  twoNbecnw = 3935.66
  twoNgbecnw = 226560
         m = 0.161428
        m5 = 0.168359
        Ta = 37600
        Te = 2790.31
#       SitePat  BranchLen
              b 127290.6974827
              e 49549.0523028
              c 51897.1574512
              n 46848.3941074
              w 46809.2530510
            b:e 2188.2806261
            b:c 2456.9814671
            b:n 1842.8979561
            b:w 1839.9358484
            e:c 10650.4933627
            e:n 5643.2278990
            e:w 5682.3689554
            c:n 5036.6610910
            c:w 5027.2850330
            n:w 12903.6081627
          b:e:c 2205.0807313
          b:e:n 1185.7258603
          b:e:w 1188.6879680
          b:c:n 1198.2480483
          b:c:w 1194.9908989
          b:n:w 2161.1186962
          e:c:n 4549.9426676
          e:c:w 4559.3187256
          e:n:w 6739.0244035
          c:n:w 5652.5699855
        b:e:c:n 2132.0428427
        b:e:c:w 2135.2999921
        b:e:n:w 2802.6105768
        b:c:n:w 2515.0846170
        e:c:n:w 53126.5266979
