########################################
# legofit: estimate population history #
#       version 2.3.4-4-g53f8760       #
########################################

# Program was compiled: Sep 21 2021 14:36:42
# Program was run: Sat Oct  9 12:53:46 2021

# cmd: legofit -1 -d 0 -t 32 --ptsPerDim 3 --stateOut b1boot16.state --tol 3e-6 -S 5000 ae2.lgo ../../boot/boot16.opf
# Stage nOptItr nSimReps
#     0    5000        0
# algorithm          : deterministic
# ignoring probs <=  : 0
# Branch length floor: 0
# DE strategy        : 2
#    F               : 0.3
#    CR              : 0.8
#    tolerance       : 3e-06
# nthreads           : 32
# lgo input file     : ae2.lgo
# site pat input file: ../../boot/boot16.opf
# free parameters    : 14
# points in DE swarm : 42
# output state file  : b1boot16.state
# Including singleton site patterns.
# cost function      : KL
Initial parameter values
Fixed:
      zero = 0
       one = 1
    Tbecnw = 75200
Free:
       pc1 = 0
       pc2 = 0
       pc3 = 0
       pc4 = 0
       pc5 = 0
       pc6 = 0
       pc7 = 0
       pc8 = 0
       pc9 = 0
      pc10 = 0
      pc11 = 0
      pc12 = 0
      pc13 = 0
      pc14 = 0
Constrained:
   Tgbecnw = 101138
     Tecnw = 25493.2
       Tnw = 23322
       Tec = 14962.8
     twoNb = 90228.4
     twoNe = 181289
     twoNw = 1.45933e+06
    twoNec = 97339.5
    twoNnw = 9425.26
  twoNecnw = 89458.6
  twoNbecnw = 12800.2
  twoNgbecnw = 199052
         m = 0.199667
        m5 = 0.175906
        Ta = 37600
        Te = 7481.39
DiffEv reached_goal. cost=1.91211e-03 spread=2.49538e-06
Fitted parameter values
Free:
       pc1 = -3.90417
       pc2 = 2.08471
       pc3 = -1.97161
       pc4 = -0.79596
       pc5 = 1.03733
       pc6 = -0.696521
       pc7 = -0.0585698
       pc8 = -1.42545
       pc9 = -0.405258
      pc10 = 0.035947
      pc11 = 0.100735
      pc12 = 0.0128016
      pc13 = -0.0237633
      pc14 = 0.010732
Constrained:
   Tgbecnw = 85418.1
     Tecnw = 24282.7
       Tnw = 22366.1
       Tec = 5809.93
     twoNb = 103989
     twoNe = 166261
     twoNw = 3.6228e+06
    twoNec = 178965
    twoNnw = 8241.68
  twoNecnw = 83265.5
  twoNbecnw = 4908.26
  twoNgbecnw = 230785
         m = 0.156257
        m5 = 0.173702
        Ta = 37600
        Te = 2904.96
#       SitePat  BranchLen
              b 127597.4573862
              e 49633.5504127
              c 52077.8941588
              n 47004.8544884
              w 46967.6355848
            b:e 2178.7716575
            b:c 2459.6260021
            b:n 1837.7264624
            b:w 1834.9216821
            e:c 10722.0651386
            e:n 5616.4244197
            e:w 5653.6433234
            c:n 4986.2410137
            c:w 4977.3603072
            n:w 12938.3203939
          b:e:c 2209.2354661
          b:e:n 1176.2168688
          b:e:w 1179.0216491
          b:c:n 1188.7079136
          b:c:w 1185.6304783
          b:n:w 2166.3959073
          e:c:n 4556.7333202
          e:c:w 4565.6140267
          e:n:w 6783.3343293
          c:n:w 5645.4570053
        b:e:c:n 2118.2234184
        b:e:c:w 2121.3008537
        b:e:n:w 2795.4535617
        b:c:n:w 2495.4993431
        e:c:n:w 53234.6002045
