########################################
# legofit: estimate population history #
#       version 2.3.4-4-g53f8760       #
########################################

# Program was compiled: Sep 21 2021 14:36:42
# Program was run: Sat Oct  9 12:54:29 2021

# cmd: legofit -1 -d 0 -t 32 --ptsPerDim 3 --stateOut b1boot42.state --tol 3e-6 -S 5000 ae2.lgo ../../boot/boot42.opf
# Stage nOptItr nSimReps
#     0    5000        0
# algorithm          : deterministic
# ignoring probs <=  : 0
# Branch length floor: 0
# DE strategy        : 2
#    F               : 0.3
#    CR              : 0.8
#    tolerance       : 3e-06
# nthreads           : 32
# lgo input file     : ae2.lgo
# site pat input file: ../../boot/boot42.opf
# free parameters    : 14
# points in DE swarm : 42
# output state file  : b1boot42.state
# Including singleton site patterns.
# cost function      : KL
Initial parameter values
Fixed:
      zero = 0
       one = 1
    Tbecnw = 75200
Free:
       pc1 = 0
       pc2 = 0
       pc3 = 0
       pc4 = 0
       pc5 = 0
       pc6 = 0
       pc7 = 0
       pc8 = 0
       pc9 = 0
      pc10 = 0
      pc11 = 0
      pc12 = 0
      pc13 = 0
      pc14 = 0
Constrained:
   Tgbecnw = 101138
     Tecnw = 25493.2
       Tnw = 23322
       Tec = 14962.8
     twoNb = 90228.4
     twoNe = 181289
     twoNw = 1.45933e+06
    twoNec = 97339.5
    twoNnw = 9425.26
  twoNecnw = 89458.6
  twoNbecnw = 12800.2
  twoNgbecnw = 199052
         m = 0.199667
        m5 = 0.175906
        Ta = 37600
        Te = 7481.39
DiffEv reached_goal. cost=1.97146e-03 spread=2.56758e-06
Fitted parameter values
Free:
       pc1 = -3.97478
       pc2 = 0.643163
       pc3 = -1.98286
       pc4 = -0.717329
       pc5 = 0.0838682
       pc6 = -0.826539
       pc7 = -1.01914
       pc8 = -1.2863
       pc9 = -0.0581674
      pc10 = 0.140053
      pc11 = 0.114654
      pc12 = -0.00197556
      pc13 = -0.0462031
      pc14 = 0.0115061
Constrained:
   Tgbecnw = 84149.6
     Tecnw = 23878.7
       Tnw = 22585
       Tec = 9204.48
     twoNb = 156055
     twoNe = 348131
     twoNw = 3.10185e+06
    twoNec = 139528
    twoNnw = 5562.79
  twoNecnw = 84877.7
  twoNbecnw = 4266
  twoNgbecnw = 233759
         m = 0.156348
        m5 = 0.173723
        Ta = 37600
        Te = 4602.24
#       SitePat  BranchLen
              b 127426.3165185
              e 49596.5394903
              c 52038.9918049
              n 46906.3772435
              w 46867.2860335
            b:e 2157.8399669
            b:c 2437.0438750
            b:n 1824.9501273
            b:w 1821.9452708
            e:c 10633.3285426
            e:n 5604.9151491
            e:w 5644.0063591
            c:n 4976.3036740
            c:w 4966.7595372
            n:w 12933.8564149
          b:e:c 2200.3491750
          b:e:n 1167.2354065
          b:e:w 1170.2402630
          b:c:n 1180.1522973
          b:c:w 1176.8469399
          b:n:w 2157.1464725
          e:c:n 4527.5870366
          e:c:w 4537.1311734
          e:n:w 6731.0622505
          c:n:w 5594.4682329
        b:e:c:n 2111.2669290
        b:e:c:w 2114.5722864
        b:e:n:w 2779.4802701
        b:c:n:w 2480.7527942
        e:c:n:w 53230.5842939
