########################################
# legofit: estimate population history #
#       version 2.3.4-4-g53f8760       #
########################################

# Program was compiled: Sep 21 2021 14:36:42
# Program was run: Sat Oct  9 12:53:29 2021

# cmd: legofit -1 -d 0 -t 32 --ptsPerDim 3 --stateOut b1boot3.state --tol 3e-6 -S 5000 ae2.lgo ../../boot/boot3.opf
# Stage nOptItr nSimReps
#     0    5000        0
# algorithm          : deterministic
# ignoring probs <=  : 0
# Branch length floor: 0
# DE strategy        : 2
#    F               : 0.3
#    CR              : 0.8
#    tolerance       : 3e-06
# nthreads           : 32
# lgo input file     : ae2.lgo
# site pat input file: ../../boot/boot3.opf
# free parameters    : 14
# points in DE swarm : 42
# output state file  : b1boot3.state
# Including singleton site patterns.
# cost function      : KL
Initial parameter values
Fixed:
      zero = 0
       one = 1
    Tbecnw = 75200
Free:
       pc1 = 0
       pc2 = 0
       pc3 = 0
       pc4 = 0
       pc5 = 0
       pc6 = 0
       pc7 = 0
       pc8 = 0
       pc9 = 0
      pc10 = 0
      pc11 = 0
      pc12 = 0
      pc13 = 0
      pc14 = 0
Constrained:
   Tgbecnw = 101138
     Tecnw = 25493.2
       Tnw = 23322
       Tec = 14962.8
     twoNb = 90228.4
     twoNe = 181289
     twoNw = 1.45933e+06
    twoNec = 97339.5
    twoNnw = 9425.26
  twoNecnw = 89458.6
  twoNbecnw = 12800.2
  twoNgbecnw = 199052
         m = 0.199667
        m5 = 0.175906
        Ta = 37600
        Te = 7481.39
DiffEv reached_goal. cost=1.96000e-03 spread=2.96321e-06
Fitted parameter values
Free:
       pc1 = -3.94231
       pc2 = 0.804458
       pc3 = -0.83877
       pc4 = -1.14136
       pc5 = 0.307381
       pc6 = 0.477647
       pc7 = -1.0133
       pc8 = -1.33022
       pc9 = -0.132331
      pc10 = 0.115516
      pc11 = 0.124793
      pc12 = -0.0232577
      pc13 = -0.0287763
      pc14 = 0.0107961
Constrained:
   Tgbecnw = 83655.7
     Tecnw = 23865.8
       Tnw = 22177.9
       Tec = 9599.61
     twoNb = 52341.9
     twoNe = 318396
     twoNw = 2.34719e+06
    twoNec = 137709
    twoNnw = 7363.95
  twoNecnw = 85354.7
  twoNbecnw = 4160.41
  twoNgbecnw = 223807
         m = 0.164898
        m5 = 0.169931
        Ta = 37600
        Te = 4799.8
#       SitePat  BranchLen
              b 127688.9141485
              e 49785.6831173
              c 52181.8740582
              n 47055.5932583
              w 47006.4308762
            b:e 2197.8469519
            b:c 2472.9363666
            b:n 1862.4080233
            b:w 1858.5799615
            e:c 10643.4095117
            e:n 5642.9529612
            e:w 5692.1153433
            c:n 5028.8114662
            c:w 5016.7734280
            n:w 12981.9544023
          b:e:c 2233.0474657
          b:e:n 1191.5143235
          b:e:w 1195.3423853
          b:c:n 1205.2008823
          b:c:w 1200.9898259
          b:n:w 2189.6285686
          e:c:n 4574.8039368
          e:c:w 4586.8419749
          e:n:w 6748.3983510
          c:n:w 5641.6908203
        b:e:c:n 2154.2639859
        b:e:c:w 2158.4750423
        b:e:n:w 2821.8977851
        b:c:n:w 2527.4743710
        e:c:n:w 53331.9269515
