########################################
# legofit: estimate population history #
#       version 2.3.4-4-g53f8760       #
########################################

# Program was compiled: Sep 21 2021 14:36:42
# Program was run: Sat Oct  9 12:53:54 2021

# cmd: legofit -1 -d 0 -t 32 --ptsPerDim 3 --stateOut b1boot21.state --tol 3e-6 -S 5000 ae2.lgo ../../boot/boot21.opf
# Stage nOptItr nSimReps
#     0    5000        0
# algorithm          : deterministic
# ignoring probs <=  : 0
# Branch length floor: 0
# DE strategy        : 2
#    F               : 0.3
#    CR              : 0.8
#    tolerance       : 3e-06
# nthreads           : 32
# lgo input file     : ae2.lgo
# site pat input file: ../../boot/boot21.opf
# free parameters    : 14
# points in DE swarm : 42
# output state file  : b1boot21.state
# Including singleton site patterns.
# cost function      : KL
Initial parameter values
Fixed:
      zero = 0
       one = 1
    Tbecnw = 75200
Free:
       pc1 = 0
       pc2 = 0
       pc3 = 0
       pc4 = 0
       pc5 = 0
       pc6 = 0
       pc7 = 0
       pc8 = 0
       pc9 = 0
      pc10 = 0
      pc11 = 0
      pc12 = 0
      pc13 = 0
      pc14 = 0
Constrained:
   Tgbecnw = 101138
     Tecnw = 25493.2
       Tnw = 23322
       Tec = 14962.8
     twoNb = 90228.4
     twoNe = 181289
     twoNw = 1.45933e+06
    twoNec = 97339.5
    twoNnw = 9425.26
  twoNecnw = 89458.6
  twoNbecnw = 12800.2
  twoNgbecnw = 199052
         m = 0.199667
        m5 = 0.175906
        Ta = 37600
        Te = 7481.39
DiffEv reached_goal. cost=1.95377e-03 spread=2.68036e-06
Fitted parameter values
Free:
       pc1 = -3.0924
       pc2 = 0.930898
       pc3 = -1.92872
       pc4 = -1.81475
       pc5 = 1.04441
       pc6 = -0.907386
       pc7 = 0.179486
       pc8 = -1.73275
       pc9 = -0.20069
      pc10 = -0.0480108
      pc11 = 0.0355666
      pc12 = -0.0058846
      pc13 = -0.0026394
      pc14 = 0.00779114
Constrained:
   Tgbecnw = 86171.8
     Tecnw = 23925.4
       Tnw = 22904.4
       Tec = 8511.88
     twoNb = 135386
     twoNe = 52119.5
     twoNw = 3.52177e+06
    twoNec = 151415
    twoNnw = 4371.45
  twoNecnw = 85989.3
  twoNbecnw = 5408.55
  twoNgbecnw = 219245
         m = 0.170145
        m5 = 0.17103
        Ta = 37600
        Te = 4255.94
#       SitePat  BranchLen
              b 128797.4198659
              e 50076.8715917
              c 52508.8680651
              n 47250.0596566
              w 47214.5074585
            b:e 2221.0556337
            b:c 2503.4257202
            b:n 1866.2310453
            b:w 1863.4646255
            e:c 10735.8468012
            e:n 5682.5791402
            e:w 5718.1313383
            c:n 5058.5308496
            c:w 5049.8073384
            n:w 13103.3703834
          b:e:c 2249.8448010
          b:e:n 1196.5401157
          b:e:w 1199.3065355
          b:c:n 1209.0995921
          b:c:w 1206.0622436
          b:n:w 2205.3020865
          e:c:n 4599.4821207
          e:c:w 4608.2056319
          e:n:w 6866.7186564
          c:n:w 5727.0944735
        b:e:c:n 2153.6233021
        b:e:c:w 2156.6606505
        b:e:n:w 2847.9201679
        b:c:n:w 2546.2348968
        e:c:n:w 53909.4047955
