########################################
# legofit: estimate population history #
#       version 2.3.4-4-g53f8760       #
########################################

# Program was compiled: Sep 21 2021 14:36:42
# Program was run: Sat Oct  9 12:53:29 2021

# cmd: legofit -1 -d 0 -t 32 --ptsPerDim 3 --stateOut b1boot5.state --tol 3e-6 -S 5000 ae2.lgo ../../boot/boot5.opf
# Stage nOptItr nSimReps
#     0    5000        0
# algorithm          : deterministic
# ignoring probs <=  : 0
# Branch length floor: 0
# DE strategy        : 2
#    F               : 0.3
#    CR              : 0.8
#    tolerance       : 3e-06
# nthreads           : 32
# lgo input file     : ae2.lgo
# site pat input file: ../../boot/boot5.opf
# free parameters    : 14
# points in DE swarm : 42
# output state file  : b1boot5.state
# Including singleton site patterns.
# cost function      : KL
Initial parameter values
Fixed:
      zero = 0
       one = 1
    Tbecnw = 75200
Free:
       pc1 = 0
       pc2 = 0
       pc3 = 0
       pc4 = 0
       pc5 = 0
       pc6 = 0
       pc7 = 0
       pc8 = 0
       pc9 = 0
      pc10 = 0
      pc11 = 0
      pc12 = 0
      pc13 = 0
      pc14 = 0
Constrained:
   Tgbecnw = 101138
     Tecnw = 25493.2
       Tnw = 23322
       Tec = 14962.8
     twoNb = 90228.4
     twoNe = 181289
     twoNw = 1.45933e+06
    twoNec = 97339.5
    twoNnw = 9425.26
  twoNecnw = 89458.6
  twoNbecnw = 12800.2
  twoNgbecnw = 199052
         m = 0.199667
        m5 = 0.175906
        Ta = 37600
        Te = 7481.39
DiffEv reached_goal. cost=1.95677e-03 spread=2.86682e-06
Fitted parameter values
Free:
       pc1 = -3.98419
       pc2 = 1.27587
       pc3 = -1.57755
       pc4 = -1.12943
       pc5 = 1.20962
       pc6 = -0.804913
       pc7 = 0.658039
       pc8 = -1.33558
       pc9 = -0.354808
      pc10 = 0.111854
      pc11 = 0.0965667
      pc12 = 0.00436078
      pc13 = 0.00745674
      pc14 = 0.018636
Constrained:
   Tgbecnw = 85378.4
     Tecnw = 24110.9
       Tnw = 22493.4
       Tec = 8325.26
     twoNb = 91598.6
     twoNe = 44795.9
     twoNw = 3.50539e+06
    twoNec = 153669
    twoNnw = 6878.82
  twoNecnw = 83374.5
  twoNbecnw = 4799.27
  twoNgbecnw = 239421
         m = 0.150202
        m5 = 0.173237
        Ta = 37600
        Te = 4162.63
#       SitePat  BranchLen
              b 127540.3572531
              e 49624.5695110
              c 52073.7964118
              n 46826.5630908
              w 46791.2247487
            b:e 2177.1755335
            b:c 2459.4613193
            b:n 1828.6572102
            b:w 1825.9461637
            e:c 10608.4425744
            e:n 5604.1895801
            e:w 5639.5279222
            c:n 4974.8361348
            c:w 4966.2423358
            n:w 12966.3657803
          b:e:c 2209.5855206
          b:e:n 1171.7957951
          b:e:w 1174.5068416
          b:c:n 1184.2602267
          b:c:w 1181.2839913
          b:n:w 2165.7408096
          e:c:n 4536.3581198
          e:c:w 4544.9519188
          e:n:w 6796.3147896
          c:n:w 5649.7269205
        b:e:c:n 2109.6907517
        b:e:c:w 2112.6669871
        b:e:n:w 2796.8040035
        b:c:n:w 2495.2766363
        e:c:n:w 53326.6291942
