########################################
# legofit: estimate population history #
#       version 2.3.4-4-g53f8760       #
########################################

# Program was compiled: Sep 21 2021 14:36:42
# Program was run: Sat Oct  9 12:53:37 2021

# cmd: legofit -1 -d 0 -t 32 --ptsPerDim 3 --stateOut b1boot6.state --tol 3e-6 -S 5000 ae2.lgo ../../boot/boot6.opf
# Stage nOptItr nSimReps
#     0    5000        0
# algorithm          : deterministic
# ignoring probs <=  : 0
# Branch length floor: 0
# DE strategy        : 2
#    F               : 0.3
#    CR              : 0.8
#    tolerance       : 3e-06
# nthreads           : 32
# lgo input file     : ae2.lgo
# site pat input file: ../../boot/boot6.opf
# free parameters    : 14
# points in DE swarm : 42
# output state file  : b1boot6.state
# Including singleton site patterns.
# cost function      : KL
Initial parameter values
Fixed:
      zero = 0
       one = 1
    Tbecnw = 75200
Free:
       pc1 = 0
       pc2 = 0
       pc3 = 0
       pc4 = 0
       pc5 = 0
       pc6 = 0
       pc7 = 0
       pc8 = 0
       pc9 = 0
      pc10 = 0
      pc11 = 0
      pc12 = 0
      pc13 = 0
      pc14 = 0
Constrained:
   Tgbecnw = 101138
     Tecnw = 25493.2
       Tnw = 23322
       Tec = 14962.8
     twoNb = 90228.4
     twoNe = 181289
     twoNw = 1.45933e+06
    twoNec = 97339.5
    twoNnw = 9425.26
  twoNecnw = 89458.6
  twoNbecnw = 12800.2
  twoNgbecnw = 199052
         m = 0.199667
        m5 = 0.175906
        Ta = 37600
        Te = 7481.39
DiffEv reached_goal. cost=1.93528e-03 spread=2.70727e-06
Fitted parameter values
Free:
       pc1 = -3.90746
       pc2 = 2.56994
       pc3 = -1.87793
       pc4 = -0.936596
       pc5 = -0.0931579
       pc6 = -0.401772
       pc7 = -0.16391
       pc8 = -1.11319
       pc9 = 0.256785
      pc10 = -0.142824
      pc11 = 0.0132136
      pc12 = -0.0222254
      pc13 = 0.00634106
      pc14 = -0.011235
Constrained:
   Tgbecnw = 83674.9
     Tecnw = 24234.8
       Tnw = 21398.9
       Tec = 6792.52
     twoNb = 129038
     twoNe = 229181
     twoNw = 3.47721e+06
    twoNec = 171073
    twoNnw = 12533
  twoNecnw = 84002.2
  twoNbecnw = 4243.42
  twoNgbecnw = 215122
         m = 0.172087
        m5 = 0.174969
        Ta = 37600
        Te = 3396.26
#       SitePat  BranchLen
              b 127712.0495166
              e 49728.4904791
              c 52173.7300449
              n 47082.0032316
              w 47045.5404949
            b:e 2173.9321910
            b:c 2449.6669005
            b:n 1845.7744436
            b:w 1843.0370196
            e:c 10621.3404520
            e:n 5663.6842575
            e:w 5700.1469942
            c:n 5021.9083125
            c:w 5013.2400204
            n:w 12906.9262278
          b:e:c 2194.0207493
          b:e:n 1183.9265170
          b:e:w 1186.6639410
          b:c:n 1196.3327412
          b:c:w 1193.3272052
          b:n:w 2152.2111341
          e:c:n 4571.9042570
          e:c:w 4580.5725491
          e:n:w 6736.2693496
          c:n:w 5619.7127025
        b:e:c:n 2130.1067815
        b:e:c:w 2133.1123175
        b:e:n:w 2788.2150778
        b:c:n:w 2493.4108798
        e:c:n:w 53283.4015021
