########################################
# legofit: estimate population history #
#       version 2.3.4-4-g53f8760       #
########################################

# Program was compiled: Sep 21 2021 14:36:42
# Program was run: Sat Oct  9 12:54:03 2021

# cmd: legofit -1 -d 0 -t 32 --ptsPerDim 3 --stateOut b1boot25.state --tol 3e-6 -S 5000 ae2.lgo ../../boot/boot25.opf
# Stage nOptItr nSimReps
#     0    5000        0
# algorithm          : deterministic
# ignoring probs <=  : 0
# Branch length floor: 0
# DE strategy        : 2
#    F               : 0.3
#    CR              : 0.8
#    tolerance       : 3e-06
# nthreads           : 32
# lgo input file     : ae2.lgo
# site pat input file: ../../boot/boot25.opf
# free parameters    : 14
# points in DE swarm : 42
# output state file  : b1boot25.state
# Including singleton site patterns.
# cost function      : KL
Initial parameter values
Fixed:
      zero = 0
       one = 1
    Tbecnw = 75200
Free:
       pc1 = 0
       pc2 = 0
       pc3 = 0
       pc4 = 0
       pc5 = 0
       pc6 = 0
       pc7 = 0
       pc8 = 0
       pc9 = 0
      pc10 = 0
      pc11 = 0
      pc12 = 0
      pc13 = 0
      pc14 = 0
Constrained:
   Tgbecnw = 101138
     Tecnw = 25493.2
       Tnw = 23322
       Tec = 14962.8
     twoNb = 90228.4
     twoNe = 181289
     twoNw = 1.45933e+06
    twoNec = 97339.5
    twoNnw = 9425.26
  twoNecnw = 89458.6
  twoNbecnw = 12800.2
  twoNgbecnw = 199052
         m = 0.199667
        m5 = 0.175906
        Ta = 37600
        Te = 7481.39
DiffEv reached_goal. cost=1.96010e-03 spread=2.45868e-06
Fitted parameter values
Free:
       pc1 = -3.95802
       pc2 = 1.29963
       pc3 = -1.89619
       pc4 = -0.893316
       pc5 = 0.826777
       pc6 = -0.945077
       pc7 = 0.260332
       pc8 = -1.46105
       pc9 = 0.0680063
      pc10 = 0.0985819
      pc11 = 0.124545
      pc12 = 0.0157286
      pc13 = 0.0115968
      pc14 = 0.0221639
Constrained:
   Tgbecnw = 85538.9
     Tecnw = 24023.9
       Tnw = 22308.6
       Tec = 8285.22
     twoNb = 123309
     twoNe = 136184
     twoNw = 3.70853e+06
    twoNec = 153175
    twoNnw = 7329.4
  twoNecnw = 84580.4
  twoNbecnw = 4855.51
  twoNgbecnw = 238147
         m = 0.150542
        m5 = 0.173945
        Ta = 37600
        Te = 4142.61
#       SitePat  BranchLen
              b 127213.3029454
              e 49716.5934017
              c 52181.0622725
              n 46916.3003933
              w 46882.8821685
            b:e 2165.1605509
            b:c 2445.9638001
            b:n 1821.2291701
            b:w 1818.6880662
            e:c 10611.3178352
            e:n 5618.6946374
            e:w 5652.1128623
            c:n 4979.9353015
            c:w 4971.8630277
            n:w 12991.2284785
          b:e:c 2198.5195925
          b:e:n 1168.4004123
          b:e:w 1170.9415162
          b:c:n 1180.7846182
          b:c:w 1177.9915210
          b:n:w 2154.5698908
          e:c:n 4517.1610865
          e:c:w 4525.2333603
          e:n:w 6763.2529864
          c:n:w 5617.7932862
        b:e:c:n 2105.3171827
        b:e:c:w 2108.1102799
        b:e:n:w 2786.3857201
        b:c:n:w 2486.1482605
        e:c:n:w 52894.3121024
