########################################
# legofit: estimate population history #
#       version 2.3.4-4-g53f8760       #
########################################

# Program was compiled: Sep 21 2021 14:36:42
# Program was run: Sat Oct  9 12:54:03 2021

# cmd: legofit -1 -d 0 -t 32 --ptsPerDim 3 --stateOut b1boot24.state --tol 3e-6 -S 5000 ae2.lgo ../../boot/boot24.opf
# Stage nOptItr nSimReps
#     0    5000        0
# algorithm          : deterministic
# ignoring probs <=  : 0
# Branch length floor: 0
# DE strategy        : 2
#    F               : 0.3
#    CR              : 0.8
#    tolerance       : 3e-06
# nthreads           : 32
# lgo input file     : ae2.lgo
# site pat input file: ../../boot/boot24.opf
# free parameters    : 14
# points in DE swarm : 42
# output state file  : b1boot24.state
# Including singleton site patterns.
# cost function      : KL
Initial parameter values
Fixed:
      zero = 0
       one = 1
    Tbecnw = 75200
Free:
       pc1 = 0
       pc2 = 0
       pc3 = 0
       pc4 = 0
       pc5 = 0
       pc6 = 0
       pc7 = 0
       pc8 = 0
       pc9 = 0
      pc10 = 0
      pc11 = 0
      pc12 = 0
      pc13 = 0
      pc14 = 0
Constrained:
   Tgbecnw = 101138
     Tecnw = 25493.2
       Tnw = 23322
       Tec = 14962.8
     twoNb = 90228.4
     twoNe = 181289
     twoNw = 1.45933e+06
    twoNec = 97339.5
    twoNnw = 9425.26
  twoNecnw = 89458.6
  twoNbecnw = 12800.2
  twoNgbecnw = 199052
         m = 0.199667
        m5 = 0.175906
        Ta = 37600
        Te = 7481.39
DiffEv reached_goal. cost=1.95665e-03 spread=2.99965e-06
Fitted parameter values
Free:
       pc1 = -3.9577
       pc2 = 1.40821
       pc3 = -1.94833
       pc4 = -1.35484
       pc5 = 0.503553
       pc6 = -1.4692
       pc7 = -0.381579
       pc8 = -0.890835
       pc9 = -0.210887
      pc10 = -0.0179958
      pc11 = 0.106474
      pc12 = -0.000466008
      pc13 = 0.000966883
      pc14 = 0.00282389
Constrained:
   Tgbecnw = 83618
     Tecnw = 24030.1
       Tnw = 22419.6
       Tec = 7584.03
     twoNb = 189885
     twoNe = 156567
     twoNw = 3.06716e+06
    twoNec = 160315
    twoNnw = 6989.29
  twoNecnw = 83560.7
  twoNbecnw = 4054.77
  twoNgbecnw = 232217
         m = 0.155125
        m5 = 0.174074
        Ta = 37600
        Te = 3792.02
#       SitePat  BranchLen
              b 126998.6463763
              e 49508.5669594
              c 51933.9579140
              n 46858.6864256
              w 46817.1873455
            b:e 2169.5349476
            b:c 2448.1447245
            b:n 1833.7248724
            b:w 1830.5528899
            e:c 10591.1628335
            e:n 5611.1378667
            e:w 5652.6369468
            c:n 4987.6480388
            c:w 4977.6073879
            n:w 12843.0529729
          b:e:c 2198.3266020
          b:e:n 1175.7855489
          b:e:w 1178.9575314
          b:c:n 1188.7852745
          b:c:w 1185.2993905
          b:n:w 2155.2668691
          e:c:n 4538.7108286
          e:c:w 4548.7514795
          e:n:w 6738.6023497
          c:n:w 5611.7307819
        b:e:c:n 2118.5483128
        b:e:c:w 2122.0341969
        b:e:n:w 2789.0276235
        b:c:n:w 2491.0762620
        e:c:n:w 52941.9273948
