########################################
# legofit: estimate population history #
#       version 2.3.4-4-g53f8760       #
########################################

# Program was compiled: Sep 21 2021 14:36:42
# Program was run: Sat Oct  9 12:53:37 2021

# cmd: legofit -1 -d 0 -t 32 --ptsPerDim 3 --stateOut b1boot7.state --tol 3e-6 -S 5000 ae2.lgo ../../boot/boot7.opf
# Stage nOptItr nSimReps
#     0    5000        0
# algorithm          : deterministic
# ignoring probs <=  : 0
# Branch length floor: 0
# DE strategy        : 2
#    F               : 0.3
#    CR              : 0.8
#    tolerance       : 3e-06
# nthreads           : 32
# lgo input file     : ae2.lgo
# site pat input file: ../../boot/boot7.opf
# free parameters    : 14
# points in DE swarm : 42
# output state file  : b1boot7.state
# Including singleton site patterns.
# cost function      : KL
Initial parameter values
Fixed:
      zero = 0
       one = 1
    Tbecnw = 75200
Free:
       pc1 = 0
       pc2 = 0
       pc3 = 0
       pc4 = 0
       pc5 = 0
       pc6 = 0
       pc7 = 0
       pc8 = 0
       pc9 = 0
      pc10 = 0
      pc11 = 0
      pc12 = 0
      pc13 = 0
      pc14 = 0
Constrained:
   Tgbecnw = 101138
     Tecnw = 25493.2
       Tnw = 23322
       Tec = 14962.8
     twoNb = 90228.4
     twoNe = 181289
     twoNw = 1.45933e+06
    twoNec = 97339.5
    twoNnw = 9425.26
  twoNecnw = 89458.6
  twoNbecnw = 12800.2
  twoNgbecnw = 199052
         m = 0.199667
        m5 = 0.175906
        Ta = 37600
        Te = 7481.39
DiffEv reached_goal. cost=1.97817e-03 spread=2.81381e-06
Fitted parameter values
Free:
       pc1 = -3.83272
       pc2 = 1.06566
       pc3 = -1.58244
       pc4 = -1.65146
       pc5 = 0.719764
       pc6 = -1.14906
       pc7 = -0.569342
       pc8 = -1.77332
       pc9 = -0.073064
      pc10 = 0.0887738
      pc11 = 0.0183828
      pc12 = -0.00779346
      pc13 = -0.00729022
      pc14 = -0.00194186
Constrained:
   Tgbecnw = 84589.5
     Tecnw = 23754.2
       Tnw = 22480.2
       Tec = 8088.47
     twoNb = 159999
     twoNe = 169667
     twoNw = 3.23386e+06
    twoNec = 153920
    twoNnw = 5593.57
  twoNecnw = 84944.7
  twoNbecnw = 4505.37
  twoNgbecnw = 231544
         m = 0.158413
        m5 = 0.169233
        Ta = 37600
        Te = 4044.24
#       SitePat  BranchLen
              b 127756.6376519
              e 49647.0949115
              c 51994.6061924
              n 46977.9768459
              w 46940.1011643
            b:e 2177.7514619
            b:c 2446.2969089
            b:n 1843.2371161
            b:w 1840.3271513
            e:c 10640.8300862
            e:n 5645.6527541
            e:w 5683.5284358
            c:n 5039.5936061
            c:w 5030.3499772
            n:w 12891.2837176
          b:e:c 2202.6569513
          b:e:n 1181.5500522
          b:e:w 1184.4600170
          b:c:n 1193.9762778
          b:c:w 1190.7779411
          b:n:w 2159.9909648
          e:c:n 4568.7734463
          e:c:w 4578.0170751
          e:n:w 6728.8900133
          c:n:w 5640.6163389
        b:e:c:n 2130.5614579
        b:e:c:w 2133.7597946
        b:e:n:w 2788.7134629
        b:c:n:w 2501.4238661
        e:c:n:w 53439.8811558
