########################################
# legofit: estimate population history #
#       version 2.3.4-4-g53f8760       #
########################################

# Program was compiled: Sep 21 2021 14:36:42
# Program was run: Sat Oct  9 12:53:29 2021

# cmd: legofit -1 -d 0 -t 32 --ptsPerDim 3 --stateOut b1boot4.state --tol 3e-6 -S 5000 ae2.lgo ../../boot/boot4.opf
# Stage nOptItr nSimReps
#     0    5000        0
# algorithm          : deterministic
# ignoring probs <=  : 0
# Branch length floor: 0
# DE strategy        : 2
#    F               : 0.3
#    CR              : 0.8
#    tolerance       : 3e-06
# nthreads           : 32
# lgo input file     : ae2.lgo
# site pat input file: ../../boot/boot4.opf
# free parameters    : 14
# points in DE swarm : 42
# output state file  : b1boot4.state
# Including singleton site patterns.
# cost function      : KL
Initial parameter values
Fixed:
      zero = 0
       one = 1
    Tbecnw = 75200
Free:
       pc1 = 0
       pc2 = 0
       pc3 = 0
       pc4 = 0
       pc5 = 0
       pc6 = 0
       pc7 = 0
       pc8 = 0
       pc9 = 0
      pc10 = 0
      pc11 = 0
      pc12 = 0
      pc13 = 0
      pc14 = 0
Constrained:
   Tgbecnw = 101138
     Tecnw = 25493.2
       Tnw = 23322
       Tec = 14962.8
     twoNb = 90228.4
     twoNe = 181289
     twoNw = 1.45933e+06
    twoNec = 97339.5
    twoNnw = 9425.26
  twoNecnw = 89458.6
  twoNbecnw = 12800.2
  twoNgbecnw = 199052
         m = 0.199667
        m5 = 0.175906
        Ta = 37600
        Te = 7481.39
DiffEv reached_goal. cost=1.97510e-03 spread=1.35248e-06
Fitted parameter values
Free:
       pc1 = -3.64894
       pc2 = -0.584716
       pc3 = -1.84293
       pc4 = -0.745076
       pc5 = 0.678853
       pc6 = 0.697948
       pc7 = -0.475201
       pc8 = -1.35517
       pc9 = -0.173887
      pc10 = 0.0469646
      pc11 = 0.121328
      pc12 = 0.00271607
      pc13 = -0.0444503
      pc14 = 0.00338383
Constrained:
   Tgbecnw = 84705.9
     Tecnw = 23568.2
       Tnw = 23148.3
       Tec = 11562.2
     twoNb = 25807
     twoNe = 302626
     twoNw = 2.90131e+06
    twoNec = 112918
    twoNnw = 1810.09
  twoNecnw = 86968.1
  twoNbecnw = 4584.35
  twoNgbecnw = 226754
         m = 0.163489
        m5 = 0.174512
        Ta = 37600
        Te = 5781.08
#       SitePat  BranchLen
              b 127864.2401682
              e 49809.1928990
              c 52262.5005696
              n 47092.7506359
              w 47052.8783908
            b:e 2168.1478968
            b:c 2449.8766374
            b:n 1838.3818406
            b:w 1835.2434600
            e:c 10646.9402745
            e:n 5646.5291723
            e:w 5686.4014174
            c:n 5017.8749638
            c:w 5007.9051387
            n:w 12984.3273533
          b:e:c 2215.8999339
          b:e:n 1174.9261192
          b:e:w 1178.0644998
          b:c:n 1188.1657000
          b:c:w 1184.7107521
          b:n:w 2172.5353644
          e:c:n 4554.6265983
          e:c:w 4564.5964235
          e:n:w 6758.3352448
          c:n:w 5612.1780614
        b:e:c:n 2129.0934214
        b:e:c:w 2132.5483692
        b:e:n:w 2797.1923685
        b:c:n:w 2495.5777949
        e:c:n:w 53362.1096877
