########################################
# legofit: estimate population history #
#       version 2.3.4-4-g53f8760       #
########################################

# Program was compiled: Sep 21 2021 14:36:42
# Program was run: Sat Oct  9 12:54:12 2021

# cmd: legofit -1 -d 0 -t 32 --ptsPerDim 3 --stateOut b1boot35.state --tol 3e-6 -S 5000 ae2.lgo ../../boot/boot35.opf
# Stage nOptItr nSimReps
#     0    5000        0
# algorithm          : deterministic
# ignoring probs <=  : 0
# Branch length floor: 0
# DE strategy        : 2
#    F               : 0.3
#    CR              : 0.8
#    tolerance       : 3e-06
# nthreads           : 32
# lgo input file     : ae2.lgo
# site pat input file: ../../boot/boot35.opf
# free parameters    : 14
# points in DE swarm : 42
# output state file  : b1boot35.state
# Including singleton site patterns.
# cost function      : KL
Initial parameter values
Fixed:
      zero = 0
       one = 1
    Tbecnw = 75200
Free:
       pc1 = 0
       pc2 = 0
       pc3 = 0
       pc4 = 0
       pc5 = 0
       pc6 = 0
       pc7 = 0
       pc8 = 0
       pc9 = 0
      pc10 = 0
      pc11 = 0
      pc12 = 0
      pc13 = 0
      pc14 = 0
Constrained:
   Tgbecnw = 101138
     Tecnw = 25493.2
       Tnw = 23322
       Tec = 14962.8
     twoNb = 90228.4
     twoNe = 181289
     twoNw = 1.45933e+06
    twoNec = 97339.5
    twoNnw = 9425.26
  twoNecnw = 89458.6
  twoNbecnw = 12800.2
  twoNgbecnw = 199052
         m = 0.199667
        m5 = 0.175906
        Ta = 37600
        Te = 7481.39
DiffEv reached_goal. cost=1.93971e-03 spread=2.67864e-06
Fitted parameter values
Free:
       pc1 = -3.75114
       pc2 = 1.8761
       pc3 = -1.92855
       pc4 = -0.585515
       pc5 = 0.908079
       pc6 = 0.303836
       pc7 = 0.328906
       pc8 = -1.66239
       pc9 = 0.0373686
      pc10 = -0.00632817
      pc11 = 0.0743552
      pc12 = -0.00302209
      pc13 = 0.0419871
      pc14 = 0.0169031
Constrained:
   Tgbecnw = 85858.5
     Tecnw = 24149.4
       Tnw = 22063.5
       Tec = 7321.69
     twoNb = 33382.9
     twoNe = 185169
     twoNw = 3.86888e+06
    twoNec = 166559
    twoNnw = 9019.94
  twoNecnw = 85151.1
  twoNbecnw = 5212.81
  twoNgbecnw = 223442
         m = 0.164938
        m5 = 0.174493
        Ta = 37600
        Te = 3660.84
#       SitePat  BranchLen
              b 128358.5207586
              e 50012.2717998
              c 52490.5315243
              n 47212.4545203
              w 47179.2923228
            b:e 2216.5063856
            b:c 2501.4760975
            b:n 1866.9683765
            b:w 1864.4291509
            e:c 10683.8656105
            e:n 5692.2859706
            e:w 5725.4481682
            c:n 5047.1522980
            c:w 5039.1754446
            n:w 13063.9221503
          b:e:c 2239.2062942
          b:e:n 1199.6445575
          b:e:w 1202.1837831
          b:c:n 1212.1166904
          b:c:w 1209.3280933
          b:n:w 2194.9460595
          e:c:n 4586.4626871
          e:c:w 4594.4395406
          e:n:w 6839.3494787
          c:n:w 5692.4961504
        b:e:c:n 2155.6612768
        b:e:c:w 2158.4498740
        b:e:n:w 2846.9013653
        b:c:n:w 2542.3152104
        e:c:n:w 53615.9771817
