########################################
# legofit: estimate population history #
#       version 2.3.4-4-g53f8760       #
########################################

# Program was compiled: Sep 21 2021 14:36:42
# Program was run: Sat Oct  9 12:53:37 2021

# cmd: legofit -1 -d 0 -t 32 --ptsPerDim 3 --stateOut b1boot8.state --tol 3e-6 -S 5000 ae2.lgo ../../boot/boot8.opf
# Stage nOptItr nSimReps
#     0    5000        0
# algorithm          : deterministic
# ignoring probs <=  : 0
# Branch length floor: 0
# DE strategy        : 2
#    F               : 0.3
#    CR              : 0.8
#    tolerance       : 3e-06
# nthreads           : 32
# lgo input file     : ae2.lgo
# site pat input file: ../../boot/boot8.opf
# free parameters    : 14
# points in DE swarm : 42
# output state file  : b1boot8.state
# Including singleton site patterns.
# cost function      : KL
Initial parameter values
Fixed:
      zero = 0
       one = 1
    Tbecnw = 75200
Free:
       pc1 = 0
       pc2 = 0
       pc3 = 0
       pc4 = 0
       pc5 = 0
       pc6 = 0
       pc7 = 0
       pc8 = 0
       pc9 = 0
      pc10 = 0
      pc11 = 0
      pc12 = 0
      pc13 = 0
      pc14 = 0
Constrained:
   Tgbecnw = 101138
     Tecnw = 25493.2
       Tnw = 23322
       Tec = 14962.8
     twoNb = 90228.4
     twoNe = 181289
     twoNw = 1.45933e+06
    twoNec = 97339.5
    twoNnw = 9425.26
  twoNecnw = 89458.6
  twoNbecnw = 12800.2
  twoNgbecnw = 199052
         m = 0.199667
        m5 = 0.175906
        Ta = 37600
        Te = 7481.39
DiffEv reached_goal. cost=1.94122e-03 spread=2.97975e-06
Fitted parameter values
Free:
       pc1 = -3.88029
       pc2 = 1.66731
       pc3 = -1.91133
       pc4 = -0.684786
       pc5 = 0.836084
       pc6 = 0.206809
       pc7 = 0.0920035
       pc8 = -1.7848
       pc9 = -0.155223
      pc10 = 0.0194011
      pc11 = 0.0875499
      pc12 = -0.00644556
      pc13 = 0.0100888
      pc14 = 0.0139966
Constrained:
   Tgbecnw = 85077.6
     Tecnw = 24078.1
       Tnw = 22229
       Tec = 7456.4
     twoNb = 42704.7
     twoNe = 212815
     twoNw = 3.80272e+06
    twoNec = 163019
    twoNnw = 7992.34
  twoNecnw = 84656.1
  twoNbecnw = 4804.33
  twoNgbecnw = 224049
         m = 0.163071
        m5 = 0.173376
        Ta = 37600
        Te = 3728.2
#       SitePat  BranchLen
              b 127690.3289821
              e 49796.2054488
              c 52238.9094312
              n 47052.2245820
              w 47018.7963174
            b:e 2177.0133155
            b:c 2455.4191010
            b:n 1835.4858766
            b:w 1832.9505042
            e:c 10648.4053733
            e:n 5645.8751363
            e:w 5679.3034009
            c:n 5011.2089258
            c:w 5003.1623623
            n:w 12976.5680453
          b:e:c 2203.4298490
          b:e:n 1177.6156578
          b:e:w 1180.1510302
          b:c:n 1189.8624912
          b:c:w 1187.0779592
          b:n:w 2160.1553323
          e:c:n 4551.5334987
          e:c:w 4559.5800622
          e:n:w 6775.3894655
          c:n:w 5643.4927321
        b:e:c:n 2119.3467147
        b:e:c:w 2122.1312467
        b:e:n:w 2794.8012891
        b:c:n:w 2497.2217413
        e:c:n:w 53192.2096021
