########################################
# legofit: estimate population history #
#       version 2.3.4-4-g53f8760       #
########################################

# Program was compiled: Sep 21 2021 14:36:42
# Program was run: Sat Oct  9 12:54:12 2021

# cmd: legofit -1 -d 0 -t 32 --ptsPerDim 3 --stateOut b1boot32.state --tol 3e-6 -S 5000 ae2.lgo ../../boot/boot32.opf
# Stage nOptItr nSimReps
#     0    5000        0
# algorithm          : deterministic
# ignoring probs <=  : 0
# Branch length floor: 0
# DE strategy        : 2
#    F               : 0.3
#    CR              : 0.8
#    tolerance       : 3e-06
# nthreads           : 32
# lgo input file     : ae2.lgo
# site pat input file: ../../boot/boot32.opf
# free parameters    : 14
# points in DE swarm : 42
# output state file  : b1boot32.state
# Including singleton site patterns.
# cost function      : KL
Initial parameter values
Fixed:
      zero = 0
       one = 1
    Tbecnw = 75200
Free:
       pc1 = 0
       pc2 = 0
       pc3 = 0
       pc4 = 0
       pc5 = 0
       pc6 = 0
       pc7 = 0
       pc8 = 0
       pc9 = 0
      pc10 = 0
      pc11 = 0
      pc12 = 0
      pc13 = 0
      pc14 = 0
Constrained:
   Tgbecnw = 101138
     Tecnw = 25493.2
       Tnw = 23322
       Tec = 14962.8
     twoNb = 90228.4
     twoNe = 181289
     twoNw = 1.45933e+06
    twoNec = 97339.5
    twoNnw = 9425.26
  twoNecnw = 89458.6
  twoNbecnw = 12800.2
  twoNgbecnw = 199052
         m = 0.199667
        m5 = 0.175906
        Ta = 37600
        Te = 7481.39
DiffEv reached_goal. cost=1.99202e-03 spread=2.93452e-06
Fitted parameter values
Free:
       pc1 = -3.91858
       pc2 = 1.76908
       pc3 = -1.99446
       pc4 = -1.62395
       pc5 = 1.40832
       pc6 = -0.22165
       pc7 = 0.551816
       pc8 = -1.0947
       pc9 = -0.267231
      pc10 = -0.18603
      pc11 = 0.0396765
      pc12 = -0.0150384
      pc13 = 0.0515614
      pc14 = 0.00790647
Constrained:
   Tgbecnw = 83287.8
     Tecnw = 23899.5
       Tnw = 22313
       Tec = 6490.36
     twoNb = 69781
     twoNe = 15521.6
     twoNw = 3.38315e+06
    twoNec = 174151
    twoNnw = 6847.22
  twoNecnw = 84269.7
  twoNbecnw = 3972.27
  twoNgbecnw = 223339
         m = 0.164072
        m5 = 0.174532
        Ta = 37600
        Te = 3245.18
#       SitePat  BranchLen
              b 127310.6260640
              e 49551.0529297
              c 52001.1878755
              n 46806.8548926
              w 46767.9389905
            b:e 2172.4145404
            b:c 2452.5464879
            b:n 1826.4380830
            b:w 1823.4933560
            e:c 10585.2218850
            e:n 5636.3481520
            e:w 5675.2640542
            c:n 5004.7974806
            c:w 4995.4453726
            n:w 12901.1057775
          b:e:c 2192.4175517
          b:e:n 1175.5840366
          b:e:w 1178.5287636
          b:c:n 1188.3791918
          b:c:w 1185.1430970
          b:n:w 2148.3342654
          e:c:n 4529.2732627
          e:c:w 4538.6253707
          e:n:w 6776.1716816
          c:n:w 5637.4060888
        b:e:c:n 2110.6798934
        b:e:c:w 2113.9159882
        b:e:n:w 2793.6667397
        b:c:n:w 2494.1253036
        e:c:n:w 53137.1285128
