########################################
# legofit: estimate population history #
#       version 2.3.4-4-g53f8760       #
########################################

# Program was compiled: Sep 21 2021 14:36:42
# Program was run: Sat Oct  9 12:53:46 2021

# cmd: legofit -1 -d 0 -t 32 --ptsPerDim 3 --stateOut b1boot14.state --tol 3e-6 -S 5000 ae2.lgo ../../boot/boot14.opf
# Stage nOptItr nSimReps
#     0    5000        0
# algorithm          : deterministic
# ignoring probs <=  : 0
# Branch length floor: 0
# DE strategy        : 2
#    F               : 0.3
#    CR              : 0.8
#    tolerance       : 3e-06
# nthreads           : 32
# lgo input file     : ae2.lgo
# site pat input file: ../../boot/boot14.opf
# free parameters    : 14
# points in DE swarm : 42
# output state file  : b1boot14.state
# Including singleton site patterns.
# cost function      : KL
Initial parameter values
Fixed:
      zero = 0
       one = 1
    Tbecnw = 75200
Free:
       pc1 = 0
       pc2 = 0
       pc3 = 0
       pc4 = 0
       pc5 = 0
       pc6 = 0
       pc7 = 0
       pc8 = 0
       pc9 = 0
      pc10 = 0
      pc11 = 0
      pc12 = 0
      pc13 = 0
      pc14 = 0
Constrained:
   Tgbecnw = 101138
     Tecnw = 25493.2
       Tnw = 23322
       Tec = 14962.8
     twoNb = 90228.4
     twoNe = 181289
     twoNw = 1.45933e+06
    twoNec = 97339.5
    twoNnw = 9425.26
  twoNecnw = 89458.6
  twoNbecnw = 12800.2
  twoNgbecnw = 199052
         m = 0.199667
        m5 = 0.175906
        Ta = 37600
        Te = 7481.39
DiffEv reached_goal. cost=1.93802e-03 spread=2.91498e-06
Fitted parameter values
Free:
       pc1 = -3.26636
       pc2 = 0.245587
       pc3 = -1.94028
       pc4 = -1.96722
       pc5 = 1.50498
       pc6 = 0.249036
       pc7 = 0.379404
       pc8 = -1.17506
       pc9 = -0.35325
      pc10 = -0.194418
      pc11 = 0.0630382
      pc12 = -0.00942643
      pc13 = -0.00401702
      pc14 = 0.00126584
Constrained:
   Tgbecnw = 84144.4
     Tecnw = 23615.2
       Tnw = 23157.3
       Tec = 9221.97
     twoNb = 45583.4
     twoNe = 20401.3
     twoNw = 2.96556e+06
    twoNec = 140977
    twoNnw = 1951.49
  twoNecnw = 86739.1
  twoNbecnw = 4457.62
  twoNgbecnw = 215956
         m = 0.173179
        m5 = 0.173568
        Ta = 37600
        Te = 4610.99
#       SitePat  BranchLen
              b 128066.6769304
              e 49869.6775667
              c 52337.0437056
              n 47043.2479281
              w 47001.2269140
            b:e 2197.9411395
            b:c 2483.6806481
            b:n 1846.0477465
            b:w 1842.7674489
            e:c 10666.2173262
            e:n 5664.5036887
            e:w 5706.5247029
            c:n 5036.5128782
            c:w 5026.1311762
            n:w 13048.9633849
          b:e:c 2231.5135323
          b:e:n 1185.4059293
          b:e:w 1188.6862268
          b:c:n 1198.7984873
          b:c:w 1195.1904574
          b:n:w 2186.2438445
          e:c:n 4557.6315270
          e:c:w 4568.0132291
          e:n:w 6840.6904353
          c:n:w 5681.7086336
        b:e:c:n 2135.5256447
        b:e:c:w 2139.1336746
        b:e:n:w 2831.8207922
        b:c:n:w 2526.1844950
        e:c:n:w 53472.3315822
