########################################
# legofit: estimate population history #
#       version 2.3.4-4-g53f8760       #
########################################

# Program was compiled: Sep 21 2021 14:36:42
# Program was run: Sat Oct  9 12:54:29 2021

# cmd: legofit -1 -d 0 -t 32 --ptsPerDim 3 --stateOut b1boot44.state --tol 3e-6 -S 5000 ae2.lgo ../../boot/boot44.opf
# Stage nOptItr nSimReps
#     0    5000        0
# algorithm          : deterministic
# ignoring probs <=  : 0
# Branch length floor: 0
# DE strategy        : 2
#    F               : 0.3
#    CR              : 0.8
#    tolerance       : 3e-06
# nthreads           : 32
# lgo input file     : ae2.lgo
# site pat input file: ../../boot/boot44.opf
# free parameters    : 14
# points in DE swarm : 42
# output state file  : b1boot44.state
# Including singleton site patterns.
# cost function      : KL
Initial parameter values
Fixed:
      zero = 0
       one = 1
    Tbecnw = 75200
Free:
       pc1 = 0
       pc2 = 0
       pc3 = 0
       pc4 = 0
       pc5 = 0
       pc6 = 0
       pc7 = 0
       pc8 = 0
       pc9 = 0
      pc10 = 0
      pc11 = 0
      pc12 = 0
      pc13 = 0
      pc14 = 0
Constrained:
   Tgbecnw = 101138
     Tecnw = 25493.2
       Tnw = 23322
       Tec = 14962.8
     twoNb = 90228.4
     twoNe = 181289
     twoNw = 1.45933e+06
    twoNec = 97339.5
    twoNnw = 9425.26
  twoNecnw = 89458.6
  twoNbecnw = 12800.2
  twoNgbecnw = 199052
         m = 0.199667
        m5 = 0.175906
        Ta = 37600
        Te = 7481.39
DiffEv reached_goal. cost=1.95869e-03 spread=2.83586e-06
Fitted parameter values
Free:
       pc1 = -3.42611
       pc2 = 0.133267
       pc3 = -1.78754
       pc4 = -1.98101
       pc5 = 0.531032
       pc6 = -0.525473
       pc7 = 0.5011
       pc8 = -1.91011
       pc9 = -0.23665
      pc10 = -0.028843
      pc11 = 0.0886992
      pc12 = -0.00202507
      pc13 = -0.0791284
      pc14 = 0.00416925
Constrained:
   Tgbecnw = 83687.9
     Tecnw = 23694.1
       Tnw = 22892.2
       Tec = 11169.4
     twoNb = 111533
     twoNe = 63654
     twoNw = 3.58817e+06
    twoNec = 117657
    twoNnw = 3450.81
  twoNecnw = 85698.5
  twoNbecnw = 4228.89
  twoNgbecnw = 216860
         m = 0.169982
        m5 = 0.17049
        Ta = 37600
        Te = 5584.72
#       SitePat  BranchLen
              b 127517.7596666
              e 49723.5097323
              c 52114.8053855
              n 46988.9082834
              w 46957.4201705
            b:e 2180.3270620
            b:c 2456.4273797
            b:n 1846.2594060
            b:w 1843.7787028
            e:c 10680.4320107
            e:n 5625.1627031
            e:w 5656.6508159
            c:n 5009.0053117
            c:w 5001.1400243
            n:w 13003.4881373
          b:e:c 2227.9107123
          b:e:n 1177.6026194
          b:e:w 1180.0833226
          b:c:n 1189.8044208
          b:c:w 1187.0772108
          b:n:w 2184.9934049
          e:c:n 4578.4146642
          e:c:w 4586.2799516
          e:n:w 6765.0982483
          c:n:w 5645.4707781
        b:e:c:n 2134.5379255
        b:e:c:w 2137.2651355
        b:e:n:w 2799.8250080
        b:c:n:w 2504.5290007
        e:c:n:w 53115.0810661
