########################################
# legofit: estimate population history #
#       version 2.3.4-4-g53f8760       #
########################################

# Program was compiled: Sep 21 2021 14:36:42
# Program was run: Sat Oct  9 12:54:20 2021

# cmd: legofit -1 -d 0 -t 32 --ptsPerDim 3 --stateOut b1boot36.state --tol 3e-6 -S 5000 ae2.lgo ../../boot/boot36.opf
# Stage nOptItr nSimReps
#     0    5000        0
# algorithm          : deterministic
# ignoring probs <=  : 0
# Branch length floor: 0
# DE strategy        : 2
#    F               : 0.3
#    CR              : 0.8
#    tolerance       : 3e-06
# nthreads           : 32
# lgo input file     : ae2.lgo
# site pat input file: ../../boot/boot36.opf
# free parameters    : 14
# points in DE swarm : 42
# output state file  : b1boot36.state
# Including singleton site patterns.
# cost function      : KL
Initial parameter values
Fixed:
      zero = 0
       one = 1
    Tbecnw = 75200
Free:
       pc1 = 0
       pc2 = 0
       pc3 = 0
       pc4 = 0
       pc5 = 0
       pc6 = 0
       pc7 = 0
       pc8 = 0
       pc9 = 0
      pc10 = 0
      pc11 = 0
      pc12 = 0
      pc13 = 0
      pc14 = 0
Constrained:
   Tgbecnw = 101138
     Tecnw = 25493.2
       Tnw = 23322
       Tec = 14962.8
     twoNb = 90228.4
     twoNe = 181289
     twoNw = 1.45933e+06
    twoNec = 97339.5
    twoNnw = 9425.26
  twoNecnw = 89458.6
  twoNbecnw = 12800.2
  twoNgbecnw = 199052
         m = 0.199667
        m5 = 0.175906
        Ta = 37600
        Te = 7481.39
DiffEv reached_goal. cost=1.96579e-03 spread=2.01821e-06
Fitted parameter values
Free:
       pc1 = -3.84816
       pc2 = 1.31375
       pc3 = -1.55064
       pc4 = -1.2003
       pc5 = 0.853221
       pc6 = -0.272659
       pc7 = -0.187804
       pc8 = -1.75585
       pc9 = 0.0235482
      pc10 = 0.0844739
      pc11 = 0.116095
      pc12 = 0.00622205
      pc13 = -0.0121833
      pc14 = 0.0132392
Constrained:
   Tgbecnw = 84903.1
     Tecnw = 23906.3
       Tnw = 22257.7
       Tec = 7973.01
     twoNb = 84257.4
     twoNe = 180828
     twoNw = 3.40178e+06
    twoNec = 155099
    twoNnw = 7145.31
  twoNecnw = 85438
  twoNbecnw = 4679.46
  twoNgbecnw = 228592
         m = 0.159533
        m5 = 0.170963
        Ta = 37600
        Te = 3986.5
#       SitePat  BranchLen
              b 127579.8961129
              e 49799.3906408
              c 52210.3370912
              n 47064.5664127
              w 47028.3038174
            b:e 2187.0745178
            b:c 2462.6722795
            b:n 1846.7815925
            b:w 1844.0062238
            e:c 10683.2115524
            e:n 5646.3201594
            e:w 5682.5827547
            c:n 5021.2621018
            c:w 5012.4914507
            n:w 13003.9712027
          b:e:c 2219.2172683
          b:e:n 1183.7824024
          b:e:w 1186.5577711
          b:c:n 1196.3270279
          b:c:w 1193.2750432
          b:n:w 2175.5316262
          e:c:n 4555.8507894
          e:c:w 4564.6214405
          e:n:w 6755.8037602
          c:n:w 5640.0066714
        b:e:c:n 2136.2878429
        b:e:c:w 2139.3398276
        b:e:n:w 2808.4087975
        b:c:n:w 2513.5491382
        e:c:n:w 53124.2579468
