########################################
# legofit: estimate population history #
#       version 2.3.4-4-g53f8760       #
########################################

# Program was compiled: Sep 21 2021 14:36:42
# Program was run: Sat Oct  9 20:39:10 2021

# cmd: legofit -1 -d 0 -t 32 --ptsPerDim 3 --stateOut b1.state --tol 3e-6 -S 5000 abf2.lgo ../../pan.opf
# Stage nOptItr nSimReps
#     0    5000        0
# algorithm          : deterministic
# ignoring probs <=  : 0
# Branch length floor: 0
# DE strategy        : 2
#    F               : 0.3
#    CR              : 0.8
#    tolerance       : 3e-06
# nthreads           : 32
# lgo input file     : abf2.lgo
# site pat input file: ../../pan.opf
# free parameters    : 15
# points in DE swarm : 45
# output state file  : b1.state
# Including singleton site patterns.
# cost function      : KL
Initial parameter values
Fixed:
      zero = 0
       one = 1
    Tbecnw = 75200
Free:
       pc1 = 0
       pc2 = 0
       pc3 = 0
       pc4 = 0
       pc5 = 0
       pc6 = 0
       pc7 = 0
       pc8 = 0
       pc9 = 0
      pc10 = 0
      pc11 = 0
      pc12 = 0
      pc13 = 0
      pc14 = 0
      pc15 = 0
Constrained:
   Tgbecnw = 99379.5
     Tecnw = 23583
       Tnw = 14609.5
       Tec = 12304.6
     twoNb = 718484
     twoNc = 232857
     twoNw = 1.31392e+06
    twoNec = 119943
    twoNnw = 52397.4
  twoNecnw = 77156.3
  twoNbecnw = 9957.02
  twoNgbecnw = 277621
         m = 0.123978
        m2 = 0.0224461
        m6 = 3.44112e-06
        Tb = 17943.8
        Ta = 46571.9
        Tf = 6152.31
DiffEv reached_goal. cost=2.09099e-03 spread=1.99039e-06
Fitted parameter values
Free:
       pc1 = -3.82452
       pc2 = 2.35925
       pc3 = 0.993929
       pc4 = 1.44262
       pc5 = 0.290488
       pc6 = -1.2756
       pc7 = -0.780997
       pc8 = -1.1834
       pc9 = -0.553045
      pc10 = -0.211969
      pc11 = -0.0649954
      pc12 = 0.100576
      pc13 = -0.000407625
      pc14 = -0.00568634
      pc15 = 0.0203177
Constrained:
   Tgbecnw = 82244
     Tecnw = 22070.4
       Tnw = 15438.5
       Tec = 11013.7
     twoNb = 495570
     twoNc = 337633
     twoNw = 1.16385e+06
    twoNec = 118422
    twoNnw = 38172.3
  twoNecnw = 76733.4
  twoNbecnw = 2882.61
  twoNgbecnw = 319115
         m = 0.104633
        m2 = 0.02216
        m6 = 5.71098e-06
        Tb = 16542
        Ta = 45871
        Tf = 5506.83
#       SitePat  BranchLen
              b 123939.9614217
              e 49335.6167446
              c 49335.5442708
              n 45643.7704225
              w 45643.7684647
            b:e 2312.8564552
            b:c 2312.8480572
            b:n 1732.7417764
            b:w 1732.7416393
            e:c 10409.0250547
            e:n 5165.8887138
            e:w 5165.8882394
            c:n 5165.9077279
            c:w 5165.9096857
            n:w 12517.4207891
          b:e:c 2006.1234322
          b:e:n 1091.4942169
          b:e:w 1091.4940663
          b:c:n 1091.4937909
          b:c:w 1091.4939279
          b:n:w 1971.1873736
          e:c:n 4610.8315088
          e:c:w 4610.8319833
          e:n:w 5874.4035159
          c:n:w 5874.4337027
        b:e:c:n 2010.6707777
        b:e:c:w 2010.6709282
        b:e:n:w 2945.5407647
        b:c:n:w 2945.5515537
        e:c:n:w 51645.5339936
