########################################
# legofit: estimate population history #
#       version 2.3.4-4-g53f8760       #
########################################

# Program was compiled: Sep 21 2021 14:36:42
# Program was run: Sat Oct  9 20:39:20 2021

# cmd: legofit -1 -d 0 -t 32 --ptsPerDim 3 --stateOut b1boot4.state --tol 3e-6 -S 5000 abf2.lgo ../../boot/boot4.opf
# Stage nOptItr nSimReps
#     0    5000        0
# algorithm          : deterministic
# ignoring probs <=  : 0
# Branch length floor: 0
# DE strategy        : 2
#    F               : 0.3
#    CR              : 0.8
#    tolerance       : 3e-06
# nthreads           : 32
# lgo input file     : abf2.lgo
# site pat input file: ../../boot/boot4.opf
# free parameters    : 15
# points in DE swarm : 45
# output state file  : b1boot4.state
# Including singleton site patterns.
# cost function      : KL
Initial parameter values
Fixed:
      zero = 0
       one = 1
    Tbecnw = 75200
Free:
       pc1 = 0
       pc2 = 0
       pc3 = 0
       pc4 = 0
       pc5 = 0
       pc6 = 0
       pc7 = 0
       pc8 = 0
       pc9 = 0
      pc10 = 0
      pc11 = 0
      pc12 = 0
      pc13 = 0
      pc14 = 0
      pc15 = 0
Constrained:
   Tgbecnw = 99379.5
     Tecnw = 23583
       Tnw = 14609.5
       Tec = 12304.6
     twoNb = 718484
     twoNc = 232857
     twoNw = 1.31392e+06
    twoNec = 119943
    twoNnw = 52397.4
  twoNecnw = 77156.3
  twoNbecnw = 9957.02
  twoNgbecnw = 277621
         m = 0.123978
        m2 = 0.0224461
        m6 = 3.44112e-06
        Tb = 17943.8
        Ta = 46571.9
        Tf = 6152.31
DiffEv reached_goal. cost=2.10499e-03 spread=2.67499e-06
Fitted parameter values
Free:
       pc1 = -3.05309
       pc2 = 3.28169
       pc3 = -0.118652
       pc4 = 1.3274
       pc5 = 1.82793
       pc6 = -1.99278
       pc7 = -0.925843
       pc8 = -1.08099
       pc9 = -1.10515
      pc10 = 0.031141
      pc11 = -0.157802
      pc12 = 0.135827
      pc13 = -0.0170747
      pc14 = -0.0163976
      pc15 = -0.00284374
Constrained:
   Tgbecnw = 81771.9
     Tecnw = 22392.8
       Tnw = 14562
       Tec = 10795.8
     twoNb = 543343
     twoNc = 475159
     twoNw = 1.25091e+06
    twoNec = 122119
    twoNnw = 45610.1
  twoNecnw = 75214.3
  twoNbecnw = 2680.85
  twoNgbecnw = 320669
         m = 0.103532
        m2 = 0.0229316
        m6 = 1.21593e-05
        Tb = 16594.3
        Ta = 45897.2
        Tf = 5397.92
#       SitePat  BranchLen
              b 123672.4446369
              e 49251.0363009
              c 49250.8827059
              n 45592.2197521
              w 45592.2161367
            b:e 2277.5119204
            b:c 2277.4944355
            b:n 1712.2193641
            b:w 1712.2191167
            e:c 10362.6263492
            e:n 5118.4697020
            e:w 5118.4688400
            c:n 5118.5105660
            c:w 5118.5141814
            n:w 12442.0433491
          b:e:c 1974.5906897
          b:e:n 1075.4666665
          b:e:w 1075.4663951
          b:c:n 1075.4658262
          b:c:w 1075.4660736
          b:n:w 1943.3632533
          e:c:n 4594.0657082
          e:c:w 4594.0665702
          e:n:w 5824.6155396
          c:n:w 5824.6786887
        b:e:c:n 1982.8648178
        b:e:c:w 1982.8650893
        b:e:n:w 2928.1087055
        b:c:n:w 2928.1315926
        e:c:n:w 51533.4555059
