########################################
# legofit: estimate population history #
#       version 2.3.4-4-g53f8760       #
########################################

# Program was compiled: Sep 21 2021 14:36:42
# Program was run: Sat Oct  9 20:43:39 2021

# cmd: legofit -1 -d 0 -t 32 --ptsPerDim 3 --stateOut b1boot35.state --tol 3e-6 -S 5000 abf2.lgo ../../boot/boot35.opf
# Stage nOptItr nSimReps
#     0    5000        0
# algorithm          : deterministic
# ignoring probs <=  : 0
# Branch length floor: 0
# DE strategy        : 2
#    F               : 0.3
#    CR              : 0.8
#    tolerance       : 3e-06
# nthreads           : 32
# lgo input file     : abf2.lgo
# site pat input file: ../../boot/boot35.opf
# free parameters    : 15
# points in DE swarm : 45
# output state file  : b1boot35.state
# Including singleton site patterns.
# cost function      : KL
Initial parameter values
Fixed:
      zero = 0
       one = 1
    Tbecnw = 75200
Free:
       pc1 = 0
       pc2 = 0
       pc3 = 0
       pc4 = 0
       pc5 = 0
       pc6 = 0
       pc7 = 0
       pc8 = 0
       pc9 = 0
      pc10 = 0
      pc11 = 0
      pc12 = 0
      pc13 = 0
      pc14 = 0
      pc15 = 0
Constrained:
   Tgbecnw = 99379.5
     Tecnw = 23583
       Tnw = 14609.5
       Tec = 12304.6
     twoNb = 718484
     twoNc = 232857
     twoNw = 1.31392e+06
    twoNec = 119943
    twoNnw = 52397.4
  twoNecnw = 77156.3
  twoNbecnw = 9957.02
  twoNgbecnw = 277621
         m = 0.123978
        m2 = 0.0224461
        m6 = 3.44112e-06
        Tb = 17943.8
        Ta = 46571.9
        Tf = 6152.31
DiffEv reached_goal. cost=2.06522e-03 spread=2.45415e-06
Fitted parameter values
Free:
       pc1 = -3.81615
       pc2 = 3.68921
       pc3 = -0.0678382
       pc4 = 1.44293
       pc5 = -0.223778
       pc6 = -2.47584
       pc7 = -1.88443
       pc8 = -0.946862
       pc9 = -1.42611
      pc10 = 0.265788
      pc11 = -0.0533192
      pc12 = 0.0483208
      pc13 = 0.0324354
      pc14 = -0.0184865
      pc15 = -0.0469539
Constrained:
   Tgbecnw = 77382.6
     Tecnw = 22009.6
       Tnw = 14961.8
       Tec = 11286.4
     twoNb = 518076
     twoNc = 99699.6
     twoNw = 848048
    twoNec = 114899
    twoNnw = 40593
  twoNecnw = 74102.3
  twoNbecnw = 899.651
  twoNgbecnw = 326768
         m = 0.0991362
        m2 = 0.023082
        m6 = 9.57535e-06
        Tb = 16648
        Ta = 45924
        Tf = 5643.21
#       SitePat  BranchLen
              b 122241.5695017
              e 48701.8040195
              c 48701.6829637
              n 44978.2039480
              w 44978.1997865
            b:e 2275.2525228
            b:c 2275.2385610
            b:n 1696.9794375
            b:w 1696.9791479
            e:c 10210.2436029
            e:n 5085.5815152
            e:w 5085.5805061
            c:n 5085.6126754
            c:w 5085.6168370
            n:w 12336.3217633
          b:e:c 1967.9819198
          b:e:n 1070.3838693
          b:e:w 1070.3835511
          b:c:n 1070.3830914
          b:c:w 1070.3833809
          b:n:w 1932.1183442
          e:c:n 4557.9976079
          e:c:w 4557.9986170
          e:n:w 5823.6705870
          c:n:w 5823.7209748
        b:e:c:n 1970.6641995
        b:e:c:w 1970.6645177
        b:e:n:w 2916.5511540
        b:c:n:w 2916.5692407
        e:c:n:w 50877.3444499
