########################################
# legofit: estimate population history #
#       version 2.3.4-4-g53f8760       #
########################################

# Program was compiled: Sep 21 2021 14:36:42
# Program was run: Sat Oct  9 20:41:31 2021

# cmd: legofit -1 -d 0 -t 32 --ptsPerDim 3 --stateOut b1boot20.state --tol 3e-6 -S 5000 abf2.lgo ../../boot/boot20.opf
# Stage nOptItr nSimReps
#     0    5000        0
# algorithm          : deterministic
# ignoring probs <=  : 0
# Branch length floor: 0
# DE strategy        : 2
#    F               : 0.3
#    CR              : 0.8
#    tolerance       : 3e-06
# nthreads           : 32
# lgo input file     : abf2.lgo
# site pat input file: ../../boot/boot20.opf
# free parameters    : 15
# points in DE swarm : 45
# output state file  : b1boot20.state
# Including singleton site patterns.
# cost function      : KL
Initial parameter values
Fixed:
      zero = 0
       one = 1
    Tbecnw = 75200
Free:
       pc1 = 0
       pc2 = 0
       pc3 = 0
       pc4 = 0
       pc5 = 0
       pc6 = 0
       pc7 = 0
       pc8 = 0
       pc9 = 0
      pc10 = 0
      pc11 = 0
      pc12 = 0
      pc13 = 0
      pc14 = 0
      pc15 = 0
Constrained:
   Tgbecnw = 99379.5
     Tecnw = 23583
       Tnw = 14609.5
       Tec = 12304.6
     twoNb = 718484
     twoNc = 232857
     twoNw = 1.31392e+06
    twoNec = 119943
    twoNnw = 52397.4
  twoNecnw = 77156.3
  twoNbecnw = 9957.02
  twoNgbecnw = 277621
         m = 0.123978
        m2 = 0.0224461
        m6 = 3.44112e-06
        Tb = 17943.8
        Ta = 46571.9
        Tf = 6152.31
DiffEv reached_goal. cost=2.09280e-03 spread=2.72279e-06
Fitted parameter values
Free:
       pc1 = -1.66927
       pc2 = 3.67626
       pc3 = 0.710601
       pc4 = 1.77455
       pc5 = 0.688435
       pc6 = -2.0185
       pc7 = -1.02184
       pc8 = -0.168197
       pc9 = -0.304022
      pc10 = -1.19591
      pc11 = 0.0720478
      pc12 = 0.0116516
      pc13 = -0.0161366
      pc14 = -0.0157069
      pc15 = -0.00225776
Constrained:
   Tgbecnw = 82767.4
     Tecnw = 22644.6
       Tnw = 12820.6
       Tec = 9922.82
     twoNb = 659433
     twoNc = 347629
     twoNw = 296181
    twoNec = 136642
    twoNnw = 58252.4
  twoNecnw = 74025
  twoNbecnw = 3120.22
  twoNgbecnw = 314197
         m = 0.103976
        m2 = 0.0218741
        m6 = 8.68929e-06
        Tb = 16283.7
        Ta = 45741.9
        Tf = 4961.41
#       SitePat  BranchLen
              b 123719.0430920
              e 49234.0760377
              c 49233.9597049
              n 45554.6187798
              w 45554.6092629
            b:e 2261.4683405
            b:c 2261.4557677
            b:n 1729.4723194
            b:w 1729.4716788
            e:c 10338.5459553
            e:n 5144.2398909
            e:w 5144.2376649
            c:n 5144.2673743
            c:w 5144.2768912
            n:w 12463.6334337
          b:e:c 1970.4650274
          b:e:n 1085.7838787
          b:e:w 1085.7831782
          b:c:n 1085.7828005
          b:c:w 1085.7834410
          b:n:w 1943.3442549
          e:c:n 4638.6735098
          e:c:w 4638.6757358
          e:n:w 5838.9320413
          c:n:w 5838.9785880
        b:e:c:n 1993.1147270
        b:e:c:w 1993.1154276
        b:e:n:w 2906.2535826
        b:c:n:w 2906.2700471
        e:c:n:w 51483.2427768
