########################################
# legofit: estimate population history #
#       version 2.3.4-4-g53f8760       #
########################################

# Program was compiled: Sep 21 2021 14:36:42
# Program was run: Sat Oct  9 20:44:30 2021

# cmd: legofit -1 -d 0 -t 32 --ptsPerDim 3 --stateOut b1boot42.state --tol 3e-6 -S 5000 abf2.lgo ../../boot/boot42.opf
# Stage nOptItr nSimReps
#     0    5000        0
# algorithm          : deterministic
# ignoring probs <=  : 0
# Branch length floor: 0
# DE strategy        : 2
#    F               : 0.3
#    CR              : 0.8
#    tolerance       : 3e-06
# nthreads           : 32
# lgo input file     : abf2.lgo
# site pat input file: ../../boot/boot42.opf
# free parameters    : 15
# points in DE swarm : 45
# output state file  : b1boot42.state
# Including singleton site patterns.
# cost function      : KL
Initial parameter values
Fixed:
      zero = 0
       one = 1
    Tbecnw = 75200
Free:
       pc1 = 0
       pc2 = 0
       pc3 = 0
       pc4 = 0
       pc5 = 0
       pc6 = 0
       pc7 = 0
       pc8 = 0
       pc9 = 0
      pc10 = 0
      pc11 = 0
      pc12 = 0
      pc13 = 0
      pc14 = 0
      pc15 = 0
Constrained:
   Tgbecnw = 99379.5
     Tecnw = 23583
       Tnw = 14609.5
       Tec = 12304.6
     twoNb = 718484
     twoNc = 232857
     twoNw = 1.31392e+06
    twoNec = 119943
    twoNnw = 52397.4
  twoNecnw = 77156.3
  twoNbecnw = 9957.02
  twoNgbecnw = 277621
         m = 0.123978
        m2 = 0.0224461
        m6 = 3.44112e-06
        Tb = 17943.8
        Ta = 46571.9
        Tf = 6152.31
DiffEv reached_goal. cost=2.08819e-03 spread=2.97541e-06
Fitted parameter values
Free:
       pc1 = -3.88346
       pc2 = 3.27589
       pc3 = -0.683599
       pc4 = 1.16046
       pc5 = 0.778402
       pc6 = -3.15985
       pc7 = -1.31428
       pc8 = -1.18449
       pc9 = -0.73704
      pc10 = 0.28517
      pc11 = -0.0102865
      pc12 = 0.0429386
      pc13 = 0.00663348
      pc14 = -0.0434328
      pc15 = -0.0192991
Constrained:
   Tgbecnw = 79354.9
     Tecnw = 22085.3
       Tnw = 15078.3
       Tec = 12205.5
     twoNb = 408620
     twoNc = 270274
     twoNw = 554643
    twoNec = 102400
    twoNnw = 40376.8
  twoNecnw = 74660.4
  twoNbecnw = 1719.07
  twoNgbecnw = 315218
         m = 0.103824
        m2 = 0.0231105
        m6 = 1.29512e-05
        Tb = 17145.4
        Ta = 46172.7
        Tf = 6102.76
#       SitePat  BranchLen
              b 122644.5219838
              e 48824.8411610
              c 48824.6749372
              n 45196.3870650
              w 45196.3788110
            b:e 2288.7976947
            b:c 2288.7782704
            b:n 1689.5461919
            b:w 1689.5456202
            e:c 10296.2623952
            e:n 5084.2387794
            e:w 5084.2367709
            c:n 5084.2802464
            c:w 5084.2885004
            n:w 12392.8492079
          b:e:c 1964.7183430
          b:e:n 1060.2480514
          b:e:w 1060.2474232
          b:c:n 1060.2468009
          b:c:w 1060.2473725
          b:n:w 1925.9095088
          e:c:n 4576.3654765
          e:c:w 4576.3674849
          e:n:w 5825.3240122
          c:n:w 5825.3933770
        b:e:c:n 1961.0723889
        b:e:c:w 1961.0730170
        b:e:n:w 2881.9077405
        b:c:n:w 2881.9321286
        e:c:n:w 50973.0920130
