########################################
# legofit: estimate population history #
#       version 2.3.4-4-g53f8760       #
########################################

# Program was compiled: Sep 21 2021 14:36:42
# Program was run: Sat Oct  9 20:43:34 2021

# cmd: legofit -1 -d 0 -t 32 --ptsPerDim 3 --stateOut b1boot34.state --tol 3e-6 -S 5000 abf2.lgo ../../boot/boot34.opf
# Stage nOptItr nSimReps
#     0    5000        0
# algorithm          : deterministic
# ignoring probs <=  : 0
# Branch length floor: 0
# DE strategy        : 2
#    F               : 0.3
#    CR              : 0.8
#    tolerance       : 3e-06
# nthreads           : 32
# lgo input file     : abf2.lgo
# site pat input file: ../../boot/boot34.opf
# free parameters    : 15
# points in DE swarm : 45
# output state file  : b1boot34.state
# Including singleton site patterns.
# cost function      : KL
Initial parameter values
Fixed:
      zero = 0
       one = 1
    Tbecnw = 75200
Free:
       pc1 = 0
       pc2 = 0
       pc3 = 0
       pc4 = 0
       pc5 = 0
       pc6 = 0
       pc7 = 0
       pc8 = 0
       pc9 = 0
      pc10 = 0
      pc11 = 0
      pc12 = 0
      pc13 = 0
      pc14 = 0
      pc15 = 0
Constrained:
   Tgbecnw = 99379.5
     Tecnw = 23583
       Tnw = 14609.5
       Tec = 12304.6
     twoNb = 718484
     twoNc = 232857
     twoNw = 1.31392e+06
    twoNec = 119943
    twoNnw = 52397.4
  twoNecnw = 77156.3
  twoNbecnw = 9957.02
  twoNgbecnw = 277621
         m = 0.123978
        m2 = 0.0224461
        m6 = 3.44112e-06
        Tb = 17943.8
        Ta = 46571.9
        Tf = 6152.31
DiffEv reached_goal. cost=2.09943e-03 spread=2.39705e-06
Fitted parameter values
Free:
       pc1 = -3.68411
       pc2 = 2.9826
       pc3 = 1.05031
       pc4 = 1.4862
       pc5 = -0.759986
       pc6 = -1.9175
       pc7 = -1.66287
       pc8 = -0.820551
       pc9 = -0.290988
      pc10 = 0.0590742
      pc11 = 0.064091
      pc12 = -0.0297503
      pc13 = 0.0260749
      pc14 = -0.030695
      pc15 = -0.000275732
Constrained:
   Tgbecnw = 80129.3
     Tecnw = 22091.2
       Tnw = 15270.8
       Tec = 10786.5
     twoNb = 454936
     twoNc = 85680.9
     twoNw = 742641
    twoNec = 122129
    twoNnw = 38942.4
  twoNecnw = 74727.1
  twoNbecnw = 2029.7
  twoNgbecnw = 318695
         m = 0.102533
        m2 = 0.0220352
        m6 = 5.60812e-06
        Tb = 16438.9
        Ta = 45819.4
        Tf = 5393.26
#       SitePat  BranchLen
              b 122923.2571520
              e 48890.0581796
              c 48889.9865339
              n 45186.4845887
              w 45186.4816266
            b:e 2284.3376388
            b:c 2284.3293542
            b:n 1695.9091620
            b:w 1695.9089571
            e:c 10286.4022987
            e:n 5111.1596532
            e:w 5111.1589355
            c:n 5111.1778257
            c:w 5111.1807878
            n:w 12416.0000531
          b:e:c 1968.5489949
          b:e:n 1068.8870843
          b:e:w 1068.8868594
          b:c:n 1068.8865937
          b:c:w 1068.8867986
          b:n:w 1930.8577011
          e:c:n 4575.4267738
          e:c:w 4575.4274915
          e:n:w 5858.1070707
          c:n:w 5858.1370583
        b:e:c:n 1965.3616424
        b:e:c:w 1965.3618673
        b:e:n:w 2882.7190350
        b:c:n:w 2882.7295043
        e:c:n:w 51143.0250229
