########################################
# legofit: estimate population history #
#       version 2.3.4-4-g53f8760       #
########################################

# Program was compiled: Sep 21 2021 14:36:42
# Program was run: Sat Oct  9 20:39:53 2021

# cmd: legofit -1 -d 0 -t 32 --ptsPerDim 3 --stateOut b1boot7.state --tol 3e-6 -S 5000 abf2.lgo ../../boot/boot7.opf
# Stage nOptItr nSimReps
#     0    5000        0
# algorithm          : deterministic
# ignoring probs <=  : 0
# Branch length floor: 0
# DE strategy        : 2
#    F               : 0.3
#    CR              : 0.8
#    tolerance       : 3e-06
# nthreads           : 32
# lgo input file     : abf2.lgo
# site pat input file: ../../boot/boot7.opf
# free parameters    : 15
# points in DE swarm : 45
# output state file  : b1boot7.state
# Including singleton site patterns.
# cost function      : KL
Initial parameter values
Fixed:
      zero = 0
       one = 1
    Tbecnw = 75200
Free:
       pc1 = 0
       pc2 = 0
       pc3 = 0
       pc4 = 0
       pc5 = 0
       pc6 = 0
       pc7 = 0
       pc8 = 0
       pc9 = 0
      pc10 = 0
      pc11 = 0
      pc12 = 0
      pc13 = 0
      pc14 = 0
      pc15 = 0
Constrained:
   Tgbecnw = 99379.5
     Tecnw = 23583
       Tnw = 14609.5
       Tec = 12304.6
     twoNb = 718484
     twoNc = 232857
     twoNw = 1.31392e+06
    twoNec = 119943
    twoNnw = 52397.4
  twoNecnw = 77156.3
  twoNbecnw = 9957.02
  twoNgbecnw = 277621
         m = 0.123978
        m2 = 0.0224461
        m6 = 3.44112e-06
        Tb = 17943.8
        Ta = 46571.9
        Tf = 6152.31
DiffEv reached_goal. cost=2.08833e-03 spread=2.78192e-06
Fitted parameter values
Free:
       pc1 = -3.80905
       pc2 = 3.0381
       pc3 = 1.87128
       pc4 = 1.95676
       pc5 = -0.579684
       pc6 = -2.31556
       pc7 = -1.63982
       pc8 = -0.583521
       pc9 = -0.98948
      pc10 = -0.456145
      pc11 = -0.0802453
      pc12 = 0.00126774
      pc13 = 0.00182746
      pc14 = -0.00546423
      pc15 = 0.0102156
Constrained:
   Tgbecnw = 78211.6
     Tecnw = 21965.4
       Tnw = 15719.7
       Tec = 10182.6
     twoNb = 601472
     twoNc = 139875
     twoNw = 414262
    twoNec = 128291
    twoNnw = 35828.1
  twoNecnw = 74872.1
  twoNbecnw = 1227.76
  twoNgbecnw = 332893
         m = 0.0985466
        m2 = 0.021669
        m6 = 5.86063e-06
        Tb = 16074
        Ta = 45637
        Tf = 5091.3
#       SitePat  BranchLen
              b 122817.6754037
              e 48769.0297540
              c 48768.9530014
              n 45121.4191383
              w 45121.4132230
            b:e 2255.1529943
            b:c 2255.1443743
            b:n 1704.2243422
            b:w 1704.2239295
            e:c 10271.9051533
            e:n 5108.7725964
            e:w 5108.7711607
            c:n 5108.7903616
            c:w 5108.7962769
            n:w 12320.4710273
          b:e:c 1971.8578382
          b:e:n 1075.8974074
          b:e:w 1075.8969540
          b:c:n 1075.8966817
          b:c:w 1075.8970944
          b:n:w 1939.0345918
          e:c:n 4562.4107482
          e:c:w 4562.4121839
          e:n:w 5817.9981264
          c:n:w 5818.0299851
        b:e:c:n 1978.0297572
        b:e:c:w 1978.0302106
        b:e:n:w 2905.1791071
        b:c:n:w 2905.1903251
        e:c:n:w 51275.9872069
