########################################
# legofit: estimate population history #
#       version 2.3.4-4-g53f8760       #
########################################

# Program was compiled: Sep 21 2021 14:36:42
# Program was run: Sat Oct  9 20:40:09 2021

# cmd: legofit -1 -d 0 -t 32 --ptsPerDim 3 --stateOut b1boot9.state --tol 3e-6 -S 5000 abf2.lgo ../../boot/boot9.opf
# Stage nOptItr nSimReps
#     0    5000        0
# algorithm          : deterministic
# ignoring probs <=  : 0
# Branch length floor: 0
# DE strategy        : 2
#    F               : 0.3
#    CR              : 0.8
#    tolerance       : 3e-06
# nthreads           : 32
# lgo input file     : abf2.lgo
# site pat input file: ../../boot/boot9.opf
# free parameters    : 15
# points in DE swarm : 45
# output state file  : b1boot9.state
# Including singleton site patterns.
# cost function      : KL
Initial parameter values
Fixed:
      zero = 0
       one = 1
    Tbecnw = 75200
Free:
       pc1 = 0
       pc2 = 0
       pc3 = 0
       pc4 = 0
       pc5 = 0
       pc6 = 0
       pc7 = 0
       pc8 = 0
       pc9 = 0
      pc10 = 0
      pc11 = 0
      pc12 = 0
      pc13 = 0
      pc14 = 0
      pc15 = 0
Constrained:
   Tgbecnw = 99379.5
     Tecnw = 23583
       Tnw = 14609.5
       Tec = 12304.6
     twoNb = 718484
     twoNc = 232857
     twoNw = 1.31392e+06
    twoNec = 119943
    twoNnw = 52397.4
  twoNecnw = 77156.3
  twoNbecnw = 9957.02
  twoNgbecnw = 277621
         m = 0.123978
        m2 = 0.0224461
        m6 = 3.44112e-06
        Tb = 17943.8
        Ta = 46571.9
        Tf = 6152.31
DiffEv reached_goal. cost=2.07785e-03 spread=2.18354e-06
Fitted parameter values
Free:
       pc1 = -3.73944
       pc2 = 2.36317
       pc3 = 1.32763
       pc4 = 1.95941
       pc5 = -0.0541826
       pc6 = -2.64445
       pc7 = -1.45165
       pc8 = -0.892851
       pc9 = -0.981878
      pc10 = -0.451866
      pc11 = -0.0269483
      pc12 = 0.161969
      pc13 = 0.0045525
      pc14 = -0.0183047
      pc15 = -0.0246197
Constrained:
   Tgbecnw = 79286
     Tecnw = 21987.5
       Tnw = 16032.4
       Tec = 10643.8
     twoNb = 604970
     twoNc = 204629
     twoNw = 332776
    twoNec = 122652
    twoNnw = 33687.1
  twoNecnw = 75995.2
  twoNbecnw = 1686.14
  twoNgbecnw = 319812
         m = 0.103036
        m2 = 0.0218971
        m6 = 8.0283e-06
        Tb = 16315.6
        Ta = 45757.8
        Tf = 5321.9
#       SitePat  BranchLen
              b 122975.2179875
              e 49059.0523060
              c 49058.9438828
              n 45331.2149062
              w 45331.2047859
            b:e 2273.4433604
            b:c 2273.4312010
            b:n 1712.2369790
            b:w 1712.2362689
            e:c 10336.7390249
            e:n 5116.7413484
            e:w 5116.7388875
            c:n 5116.7653547
            c:w 5116.7754750
            n:w 12441.5313300
          b:e:c 1992.2098672
          b:e:n 1080.4405962
          b:e:w 1080.4398158
          b:c:n 1080.4394395
          b:c:w 1080.4401497
          b:n:w 1959.1750778
          e:c:n 4561.0062121
          e:c:w 4561.0086730
          e:n:w 5839.7798461
          c:n:w 5839.8249121
        b:e:c:n 1988.7627279
        b:e:c:w 1988.7635083
        b:e:n:w 2927.1919239
        b:c:n:w 2927.2076694
        e:c:n:w 51129.3186817
