########################################
# legofit: estimate population history #
#       version 2.3.4-4-g53f8760       #
########################################

# Program was compiled: Sep 21 2021 14:36:42
# Program was run: Sat Oct  9 20:41:28 2021

# cmd: legofit -1 -d 0 -t 32 --ptsPerDim 3 --stateOut b1boot19.state --tol 3e-6 -S 5000 abf2.lgo ../../boot/boot19.opf
# Stage nOptItr nSimReps
#     0    5000        0
# algorithm          : deterministic
# ignoring probs <=  : 0
# Branch length floor: 0
# DE strategy        : 2
#    F               : 0.3
#    CR              : 0.8
#    tolerance       : 3e-06
# nthreads           : 32
# lgo input file     : abf2.lgo
# site pat input file: ../../boot/boot19.opf
# free parameters    : 15
# points in DE swarm : 45
# output state file  : b1boot19.state
# Including singleton site patterns.
# cost function      : KL
Initial parameter values
Fixed:
      zero = 0
       one = 1
    Tbecnw = 75200
Free:
       pc1 = 0
       pc2 = 0
       pc3 = 0
       pc4 = 0
       pc5 = 0
       pc6 = 0
       pc7 = 0
       pc8 = 0
       pc9 = 0
      pc10 = 0
      pc11 = 0
      pc12 = 0
      pc13 = 0
      pc14 = 0
      pc15 = 0
Constrained:
   Tgbecnw = 99379.5
     Tecnw = 23583
       Tnw = 14609.5
       Tec = 12304.6
     twoNb = 718484
     twoNc = 232857
     twoNw = 1.31392e+06
    twoNec = 119943
    twoNnw = 52397.4
  twoNecnw = 77156.3
  twoNbecnw = 9957.02
  twoNgbecnw = 277621
         m = 0.123978
        m2 = 0.0224461
        m6 = 3.44112e-06
        Tb = 17943.8
        Ta = 46571.9
        Tf = 6152.31
DiffEv reached_goal. cost=2.09147e-03 spread=2.81639e-06
Fitted parameter values
Free:
       pc1 = -3.53631
       pc2 = 3.52766
       pc3 = 0.0408269
       pc4 = 1.81171
       pc5 = 1.07186
       pc6 = -2.7293
       pc7 = -1.23767
       pc8 = -1.07718
       pc9 = -1.29737
      pc10 = -0.352369
      pc11 = -0.0283097
      pc12 = 0.0221262
      pc13 = 0.000132341
      pc14 = -0.0506191
      pc15 = 0.0042872
Constrained:
   Tgbecnw = 78261.2
     Tecnw = 22002.7
       Tnw = 14602.6
       Tec = 10754.1
     twoNb = 569311
     twoNc = 364052
     twoNw = 622015
    twoNec = 118193
    twoNnw = 42968.1
  twoNecnw = 74880.1
  twoNbecnw = 1260.62
  twoNgbecnw = 323804
         m = 0.101931
        m2 = 0.022795
        m6 = 1.1895e-05
        Tb = 16378.4
        Ta = 45789.2
        Tf = 5377.07
#       SitePat  BranchLen
              b 122870.8708409
              e 48774.6156616
              c 48774.4631065
              n 45141.4195415
              w 45141.4124907
            b:e 2261.9297551
            b:c 2261.9125086
            b:n 1704.7456384
            b:w 1704.7451522
            e:c 10325.5003002
            e:n 5099.1040623
            e:w 5099.1023677
            c:n 5099.1424875
            c:w 5099.1495383
            n:w 12383.4987950
          b:e:c 1970.6723521
          b:e:n 1071.7291211
          b:e:w 1071.7285869
          b:c:n 1071.7280265
          b:c:w 1071.7285128
          b:n:w 1938.8360746
          e:c:n 4578.0575096
          e:c:w 4578.0592043
          e:n:w 5803.2020779
          c:n:w 5803.2648745
        b:e:c:n 1978.8549898
        b:e:c:w 1978.8555240
        b:e:n:w 2917.8059651
        b:c:n:w 2917.8285430
        e:c:n:w 51284.7543229
