########################################
# legofit: estimate population history #
#       version 2.3.4-4-g53f8760       #
########################################

# Program was compiled: Sep 21 2021 14:36:42
# Program was run: Sat Oct  9 20:44:49 2021

# cmd: legofit -1 -d 0 -t 32 --ptsPerDim 3 --stateOut b1boot44.state --tol 3e-6 -S 5000 abf2.lgo ../../boot/boot44.opf
# Stage nOptItr nSimReps
#     0    5000        0
# algorithm          : deterministic
# ignoring probs <=  : 0
# Branch length floor: 0
# DE strategy        : 2
#    F               : 0.3
#    CR              : 0.8
#    tolerance       : 3e-06
# nthreads           : 32
# lgo input file     : abf2.lgo
# site pat input file: ../../boot/boot44.opf
# free parameters    : 15
# points in DE swarm : 45
# output state file  : b1boot44.state
# Including singleton site patterns.
# cost function      : KL
Initial parameter values
Fixed:
      zero = 0
       one = 1
    Tbecnw = 75200
Free:
       pc1 = 0
       pc2 = 0
       pc3 = 0
       pc4 = 0
       pc5 = 0
       pc6 = 0
       pc7 = 0
       pc8 = 0
       pc9 = 0
      pc10 = 0
      pc11 = 0
      pc12 = 0
      pc13 = 0
      pc14 = 0
      pc15 = 0
Constrained:
   Tgbecnw = 99379.5
     Tecnw = 23583
       Tnw = 14609.5
       Tec = 12304.6
     twoNb = 718484
     twoNc = 232857
     twoNw = 1.31392e+06
    twoNec = 119943
    twoNnw = 52397.4
  twoNecnw = 77156.3
  twoNbecnw = 9957.02
  twoNgbecnw = 277621
         m = 0.123978
        m2 = 0.0224461
        m6 = 3.44112e-06
        Tb = 17943.8
        Ta = 46571.9
        Tf = 6152.31
DiffEv reached_goal. cost=2.08931e-03 spread=1.98870e-06
Fitted parameter values
Free:
       pc1 = -3.58323
       pc2 = 3.83756
       pc3 = -0.355156
       pc4 = 1.75364
       pc5 = 0.708807
       pc6 = -3.10468
       pc7 = -0.725334
       pc8 = -1.25683
       pc9 = -1.19204
      pc10 = 0.235489
      pc11 = 0.0522969
      pc12 = 0.0276872
      pc13 = 0.00583518
      pc14 = -0.0212396
      pc15 = -0.0242967
Constrained:
   Tgbecnw = 78319.3
     Tecnw = 22021.4
       Tnw = 14846.1
       Tec = 11002.2
     twoNb = 477890
     twoNc = 372639
     twoNw = 247073
    twoNec = 116257
    twoNnw = 41916.5
  twoNecnw = 74141.7
  twoNbecnw = 1289.71
  twoNgbecnw = 320597
         m = 0.100661
        m2 = 0.0233704
        m6 = 1.13983e-05
        Tb = 16511.8
        Ta = 45855.9
        Tf = 5501.08
#       SitePat  BranchLen
              b 122204.8919560
              e 48673.1809712
              c 48673.0270468
              n 45077.0208247
              w 45077.0038896
            b:e 2277.0996827
            b:c 2277.0822463
            b:n 1695.8292734
            b:w 1695.8281045
            e:c 10264.3687118
            e:n 5096.7492624
            e:w 5096.7451686
            c:n 5096.7822661
            c:w 5096.7992012
            n:w 12306.4909895
          b:e:c 1959.3246386
          b:e:n 1067.0312357
          b:e:w 1067.0299518
          b:c:n 1067.0294232
          b:c:w 1067.0305920
          b:n:w 1923.1957212
          e:c:n 4579.8893991
          e:c:w 4579.8934930
          e:n:w 5818.6923802
          c:n:w 5818.7556762
        b:e:c:n 1967.7141465
        b:e:c:w 1967.7154304
        b:e:n:w 2900.2319001
        b:c:n:w 2900.2541008
        e:c:n:w 50721.6222386
