########################################
# legofit: estimate population history #
#       version 2.3.4-4-g53f8760       #
########################################

# Program was compiled: Sep 21 2021 14:36:42
# Program was run: Sat Oct  9 20:39:56 2021

# cmd: legofit -1 -d 0 -t 32 --ptsPerDim 3 --stateOut b1boot8.state --tol 3e-6 -S 5000 abf2.lgo ../../boot/boot8.opf
# Stage nOptItr nSimReps
#     0    5000        0
# algorithm          : deterministic
# ignoring probs <=  : 0
# Branch length floor: 0
# DE strategy        : 2
#    F               : 0.3
#    CR              : 0.8
#    tolerance       : 3e-06
# nthreads           : 32
# lgo input file     : abf2.lgo
# site pat input file: ../../boot/boot8.opf
# free parameters    : 15
# points in DE swarm : 45
# output state file  : b1boot8.state
# Including singleton site patterns.
# cost function      : KL
Initial parameter values
Fixed:
      zero = 0
       one = 1
    Tbecnw = 75200
Free:
       pc1 = 0
       pc2 = 0
       pc3 = 0
       pc4 = 0
       pc5 = 0
       pc6 = 0
       pc7 = 0
       pc8 = 0
       pc9 = 0
      pc10 = 0
      pc11 = 0
      pc12 = 0
      pc13 = 0
      pc14 = 0
      pc15 = 0
Constrained:
   Tgbecnw = 99379.5
     Tecnw = 23583
       Tnw = 14609.5
       Tec = 12304.6
     twoNb = 718484
     twoNc = 232857
     twoNw = 1.31392e+06
    twoNec = 119943
    twoNnw = 52397.4
  twoNecnw = 77156.3
  twoNbecnw = 9957.02
  twoNgbecnw = 277621
         m = 0.123978
        m2 = 0.0224461
        m6 = 3.44112e-06
        Tb = 17943.8
        Ta = 46571.9
        Tf = 6152.31
DiffEv reached_goal. cost=2.07721e-03 spread=2.58285e-06
Fitted parameter values
Free:
       pc1 = -3.90403
       pc2 = 2.67201
       pc3 = 0.673869
       pc4 = 1.78971
       pc5 = 0.160023
       pc6 = -2.96328
       pc7 = -1.57185
       pc8 = -0.926041
       pc9 = -0.186242
      pc10 = -0.687815
      pc11 = -0.0269403
      pc12 = 0.142179
      pc13 = 0.0102756
      pc14 = -0.0242849
      pc15 = -0.0452791
Constrained:
   Tgbecnw = 78395.5
     Tecnw = 21994.2
       Tnw = 15187.8
       Tec = 11516.9
     twoNb = 485011
     twoNc = 212853
     twoNw = 196834
    twoNec = 112813
    twoNnw = 38913.4
  twoNecnw = 75795
  twoNbecnw = 1331.52
  twoNgbecnw = 312801
         m = 0.105557
        m2 = 0.0218001
        m6 = 9.78886e-06
        Tb = 16755.5
        Ta = 45977.8
        Tf = 5758.44
#       SitePat  BranchLen
              b 122671.3819080
              e 48973.1775556
              c 48973.0402737
              n 45249.8935968
              w 45249.8753177
            b:e 2275.2806752
            b:c 2275.2653996
            b:n 1700.5587987
            b:w 1700.5575287
            e:c 10267.1359051
            e:n 5106.6301500
            e:w 5106.6257276
            c:n 5106.6577685
            c:w 5106.6760476
            n:w 12427.0070167
          b:e:c 1975.6799683
          b:e:n 1073.1108106
          b:e:w 1073.1094137
          b:c:n 1073.1089582
          b:c:w 1073.1102283
          b:n:w 1939.0872870
          e:c:n 4551.7558251
          e:c:w 4551.7602475
          e:n:w 5813.9043989
          c:n:w 5813.9607941
        b:e:c:n 1977.7452862
        b:e:c:w 1977.7466831
        b:e:n:w 2890.2229272
        b:c:n:w 2890.2421888
        e:c:n:w 50952.3227011
