########################################
# legofit: estimate population history #
#       version 2.3.4-4-g53f8760       #
########################################

# Program was compiled: Sep 21 2021 14:36:42
# Program was run: Sat Oct  9 20:44:33 2021

# cmd: legofit -1 -d 0 -t 32 --ptsPerDim 3 --stateOut b1boot43.state --tol 3e-6 -S 5000 abf2.lgo ../../boot/boot43.opf
# Stage nOptItr nSimReps
#     0    5000        0
# algorithm          : deterministic
# ignoring probs <=  : 0
# Branch length floor: 0
# DE strategy        : 2
#    F               : 0.3
#    CR              : 0.8
#    tolerance       : 3e-06
# nthreads           : 32
# lgo input file     : abf2.lgo
# site pat input file: ../../boot/boot43.opf
# free parameters    : 15
# points in DE swarm : 45
# output state file  : b1boot43.state
# Including singleton site patterns.
# cost function      : KL
Initial parameter values
Fixed:
      zero = 0
       one = 1
    Tbecnw = 75200
Free:
       pc1 = 0
       pc2 = 0
       pc3 = 0
       pc4 = 0
       pc5 = 0
       pc6 = 0
       pc7 = 0
       pc8 = 0
       pc9 = 0
      pc10 = 0
      pc11 = 0
      pc12 = 0
      pc13 = 0
      pc14 = 0
      pc15 = 0
Constrained:
   Tgbecnw = 99379.5
     Tecnw = 23583
       Tnw = 14609.5
       Tec = 12304.6
     twoNb = 718484
     twoNc = 232857
     twoNw = 1.31392e+06
    twoNec = 119943
    twoNnw = 52397.4
  twoNecnw = 77156.3
  twoNbecnw = 9957.02
  twoNgbecnw = 277621
         m = 0.123978
        m2 = 0.0224461
        m6 = 3.44112e-06
        Tb = 17943.8
        Ta = 46571.9
        Tf = 6152.31
DiffEv reached_goal. cost=2.12581e-03 spread=2.67020e-06
Fitted parameter values
Free:
       pc1 = -3.96432
       pc2 = 2.32446
       pc3 = 0.338549
       pc4 = 1.22321
       pc5 = 1.32758
       pc6 = -2.54567
       pc7 = -1.15158
       pc8 = -0.7268
       pc9 = -0.270682
      pc10 = -0.745446
      pc11 = 0.039756
      pc12 = 0.0692077
      pc13 = -0.0122127
      pc14 = 0.0132611
      pc15 = -0.0142944
Constrained:
   Tgbecnw = 81464.2
     Tecnw = 22068.7
       Tnw = 15144.4
       Tec = 12587.3
     twoNb = 501119
     twoNc = 391591
     twoNw = 775455
    twoNec = 101072
    twoNnw = 40460.7
  twoNecnw = 76236.7
  twoNbecnw = 2591.17
  twoNgbecnw = 313129
         m = 0.105503
        m2 = 0.0218318
        m6 = 1.15929e-05
        Tb = 17328
        Ta = 46264
        Tf = 6293.64
#       SitePat  BranchLen
              b 123476.5597793
              e 49241.3006172
              c 49241.1541437
              n 45585.3029637
              w 45585.2976958
            b:e 2293.4909549
            b:c 2293.4741447
            b:n 1732.0882256
            b:w 1732.0878544
            e:c 10317.2519861
            e:n 5165.7897949
            e:w 5165.7885070
            c:n 5165.8276089
            c:w 5165.8328769
            n:w 12434.8810355
          b:e:c 1993.4894055
          b:e:n 1089.6546491
          b:e:w 1089.6542415
          b:c:n 1089.6536942
          b:c:w 1089.6540654
          b:n:w 1959.9960696
          e:c:n 4623.5611912
          e:c:w 4623.5624792
          e:n:w 5848.7781033
          c:n:w 5848.8387637
        b:e:c:n 2008.3254261
        b:e:c:w 2008.3258337
        b:e:n:w 2916.2543268
        b:c:n:w 2916.2758973
        e:c:n:w 51303.7572658
