########################################
# legofit: estimate population history #
#       version 2.3.4-4-g53f8760       #
########################################

# Program was compiled: Sep 21 2021 14:36:42
# Program was run: Sat Oct  9 20:40:58 2021

# cmd: legofit -1 -d 0 -t 32 --ptsPerDim 3 --stateOut b1boot15.state --tol 3e-6 -S 5000 abf2.lgo ../../boot/boot15.opf
# Stage nOptItr nSimReps
#     0    5000        0
# algorithm          : deterministic
# ignoring probs <=  : 0
# Branch length floor: 0
# DE strategy        : 2
#    F               : 0.3
#    CR              : 0.8
#    tolerance       : 3e-06
# nthreads           : 32
# lgo input file     : abf2.lgo
# site pat input file: ../../boot/boot15.opf
# free parameters    : 15
# points in DE swarm : 45
# output state file  : b1boot15.state
# Including singleton site patterns.
# cost function      : KL
Initial parameter values
Fixed:
      zero = 0
       one = 1
    Tbecnw = 75200
Free:
       pc1 = 0
       pc2 = 0
       pc3 = 0
       pc4 = 0
       pc5 = 0
       pc6 = 0
       pc7 = 0
       pc8 = 0
       pc9 = 0
      pc10 = 0
      pc11 = 0
      pc12 = 0
      pc13 = 0
      pc14 = 0
      pc15 = 0
Constrained:
   Tgbecnw = 99379.5
     Tecnw = 23583
       Tnw = 14609.5
       Tec = 12304.6
     twoNb = 718484
     twoNc = 232857
     twoNw = 1.31392e+06
    twoNec = 119943
    twoNnw = 52397.4
  twoNecnw = 77156.3
  twoNbecnw = 9957.02
  twoNgbecnw = 277621
         m = 0.123978
        m2 = 0.0224461
        m6 = 3.44112e-06
        Tb = 17943.8
        Ta = 46571.9
        Tf = 6152.31
DiffEv reached_goal. cost=2.09032e-03 spread=2.75843e-06
Fitted parameter values
Free:
       pc1 = -3.86083
       pc2 = 2.70001
       pc3 = 0.807409
       pc4 = 1.95508
       pc5 = -0.775562
       pc6 = -1.84269
       pc7 = -0.599742
       pc8 = -0.998747
       pc9 = -0.805469
      pc10 = -0.301599
      pc11 = 0.0883372
      pc12 = -0.0086008
      pc13 = 0.0205716
      pc14 = -0.0264541
      pc15 = -0.00663181
Constrained:
   Tgbecnw = 79936.1
     Tecnw = 21868.2
       Tnw = 15301.7
       Tec = 11168.7
     twoNb = 534938
     twoNc = 243536
     twoNw = 401736
    twoNec = 114790
    twoNnw = 37960
  twoNecnw = 75786.9
  twoNbecnw = 1946.17
  twoNgbecnw = 316834
         m = 0.104051
        m2 = 0.0224622
        m6 = 3.97458e-06
        Tb = 16518.4
        Ta = 45859.2
        Tf = 5584.33
#       SitePat  BranchLen
              b 122911.9098094
              e 48918.9434257
              c 48918.8912732
              n 45240.6885145
              w 45240.6847203
            b:e 2254.0746159
            b:c 2254.0687627
            b:n 1689.6873739
            b:w 1689.6871122
            e:c 10295.7564209
            e:n 5127.9655285
            e:w 5127.9646073
            c:n 5127.9778063
            c:w 5127.9816005
            n:w 12390.4167113
          b:e:c 1953.4348428
          b:e:n 1064.8569418
          b:e:w 1064.8566544
          b:c:n 1064.8564710
          b:c:w 1064.8567326
          b:n:w 1920.4762928
          e:c:n 4570.0046426
          e:c:w 4570.0055637
          e:n:w 5820.7501877
          c:n:w 5820.7717463
        b:e:c:n 1960.3413084
        b:e:c:w 1960.3415957
        b:e:n:w 2890.4954765
        b:c:n:w 2890.5030450
        e:c:n:w 51054.6554380
