########################################
# legofit: estimate population history #
#       version 2.3.4-4-g53f8760       #
########################################

# Program was compiled: Sep 21 2021 14:36:42
# Program was run: Sat Oct  9 20:43:21 2021

# cmd: legofit -1 -d 0 -t 32 --ptsPerDim 3 --stateOut b1boot33.state --tol 3e-6 -S 5000 abf2.lgo ../../boot/boot33.opf
# Stage nOptItr nSimReps
#     0    5000        0
# algorithm          : deterministic
# ignoring probs <=  : 0
# Branch length floor: 0
# DE strategy        : 2
#    F               : 0.3
#    CR              : 0.8
#    tolerance       : 3e-06
# nthreads           : 32
# lgo input file     : abf2.lgo
# site pat input file: ../../boot/boot33.opf
# free parameters    : 15
# points in DE swarm : 45
# output state file  : b1boot33.state
# Including singleton site patterns.
# cost function      : KL
Initial parameter values
Fixed:
      zero = 0
       one = 1
    Tbecnw = 75200
Free:
       pc1 = 0
       pc2 = 0
       pc3 = 0
       pc4 = 0
       pc5 = 0
       pc6 = 0
       pc7 = 0
       pc8 = 0
       pc9 = 0
      pc10 = 0
      pc11 = 0
      pc12 = 0
      pc13 = 0
      pc14 = 0
      pc15 = 0
Constrained:
   Tgbecnw = 99379.5
     Tecnw = 23583
       Tnw = 14609.5
       Tec = 12304.6
     twoNb = 718484
     twoNc = 232857
     twoNw = 1.31392e+06
    twoNec = 119943
    twoNnw = 52397.4
  twoNecnw = 77156.3
  twoNbecnw = 9957.02
  twoNgbecnw = 277621
         m = 0.123978
        m2 = 0.0224461
        m6 = 3.44112e-06
        Tb = 17943.8
        Ta = 46571.9
        Tf = 6152.31
DiffEv reached_goal. cost=2.06497e-03 spread=2.71350e-06
Fitted parameter values
Free:
       pc1 = -3.98515
       pc2 = 3.30631
       pc3 = 0.210003
       pc4 = 1.69578
       pc5 = 0.813376
       pc6 = -1.58628
       pc7 = -1.30101
       pc8 = -0.805025
       pc9 = -0.218504
      pc10 = -0.125778
      pc11 = -0.0405104
      pc12 = 0.0166351
      pc13 = 0.0117924
      pc14 = -0.0379686
      pc15 = -0.0223937
Constrained:
   Tgbecnw = 78664
     Tecnw = 22102.4
       Tnw = 14496.6
       Tec = 11457.2
     twoNb = 438689
     twoNc = 358843
     twoNw = 1.32267e+06
    twoNec = 113504
    twoNnw = 43913.5
  twoNecnw = 74860.5
  twoNbecnw = 1437.48
  twoNgbecnw = 314608
         m = 0.105187
        m2 = 0.0222502
        m6 = 8.49734e-06
        Tb = 16779.8
        Ta = 45989.9
        Tf = 5728.61
#       SitePat  BranchLen
              b 122826.0014226
              e 48861.1091560
              c 48861.0026290
              n 45167.8338560
              w 45167.8316016
            b:e 2275.6653097
            b:c 2275.6529874
            b:n 1689.8900727
            b:w 1689.8899181
            e:c 10249.3736067
            e:n 5094.0900825
            e:w 5094.0895405
            c:n 5094.1186241
            c:w 5094.1208785
            n:w 12401.9686515
          b:e:c 1958.6548618
          b:e:n 1064.4620735
          b:e:w 1064.4619035
          b:c:n 1064.4614954
          b:c:w 1064.4616500
          b:n:w 1921.0347697
          e:c:n 4559.4975883
          e:c:w 4559.4981303
          e:n:w 5811.3361360
          c:n:w 5811.3803297
        b:e:c:n 1962.5026121
        b:e:c:w 1962.5027821
        b:e:n:w 2874.6521186
        b:c:n:w 2874.6677262
        e:c:n:w 51177.0660166
