########################################
# legofit: estimate population history #
#       version 2.3.4-4-g53f8760       #
########################################

# Program was compiled: Sep 21 2021 14:36:42
# Program was run: Sat Oct  9 20:39:20 2021

# cmd: legofit -1 -d 0 -t 32 --ptsPerDim 3 --stateOut b1boot1.state --tol 3e-6 -S 5000 abf2.lgo ../../boot/boot1.opf
# Stage nOptItr nSimReps
#     0    5000        0
# algorithm          : deterministic
# ignoring probs <=  : 0
# Branch length floor: 0
# DE strategy        : 2
#    F               : 0.3
#    CR              : 0.8
#    tolerance       : 3e-06
# nthreads           : 32
# lgo input file     : abf2.lgo
# site pat input file: ../../boot/boot1.opf
# free parameters    : 15
# points in DE swarm : 45
# output state file  : b1boot1.state
# Including singleton site patterns.
# cost function      : KL
Initial parameter values
Fixed:
      zero = 0
       one = 1
    Tbecnw = 75200
Free:
       pc1 = 0
       pc2 = 0
       pc3 = 0
       pc4 = 0
       pc5 = 0
       pc6 = 0
       pc7 = 0
       pc8 = 0
       pc9 = 0
      pc10 = 0
      pc11 = 0
      pc12 = 0
      pc13 = 0
      pc14 = 0
      pc15 = 0
Constrained:
   Tgbecnw = 99379.5
     Tecnw = 23583
       Tnw = 14609.5
       Tec = 12304.6
     twoNb = 718484
     twoNc = 232857
     twoNw = 1.31392e+06
    twoNec = 119943
    twoNnw = 52397.4
  twoNecnw = 77156.3
  twoNbecnw = 9957.02
  twoNgbecnw = 277621
         m = 0.123978
        m2 = 0.0224461
        m6 = 3.44112e-06
        Tb = 17943.8
        Ta = 46571.9
        Tf = 6152.31
DiffEv reached_goal. cost=2.08089e-03 spread=2.93742e-06
Fitted parameter values
Free:
       pc1 = -3.58723
       pc2 = 3.13734
       pc3 = 0.0940762
       pc4 = 1.70722
       pc5 = 0.217506
       pc6 = -2.22713
       pc7 = -0.655686
       pc8 = -1.39015
       pc9 = -0.867251
      pc10 = 0.185294
      pc11 = 0.151948
      pc12 = 0.00455297
      pc13 = 0.0206495
      pc14 = -0.033399
      pc15 = -0.00121062
Constrained:
   Tgbecnw = 80427.4
     Tecnw = 21979
       Tnw = 15056.3
       Tec = 10791.5
     twoNb = 469689
     twoNc = 329288
     twoNw = 580651
    twoNec = 118771
    twoNnw = 40070.7
  twoNecnw = 75246.6
  twoNbecnw = 2167.41
  twoNgbecnw = 314303
         m = 0.103735
        m2 = 0.0230315
        m6 = 8.06169e-06
        Tb = 16385.3
        Ta = 45792.6
        Tf = 5395.77
#       SitePat  BranchLen
              b 122914.0994824
              e 48927.5053762
              c 48927.4014419
              n 45276.8051468
              w 45276.7997995
            b:e 2305.4921324
            b:c 2305.4800790
            b:n 1714.3318947
            b:w 1714.3315232
            e:c 10356.7100895
            e:n 5137.0013310
            e:w 5137.0000350
            c:n 5137.0271116
            c:w 5137.0324590
            n:w 12435.9381718
          b:e:c 1984.4753981
          b:e:n 1078.9151762
          b:e:w 1078.9147682
          b:c:n 1078.9143840
          b:c:w 1078.9147555
          b:n:w 1947.7972666
          e:c:n 4606.9219263
          e:c:w 4606.9232224
          e:n:w 5870.9546509
          c:n:w 5870.9979027
        b:e:c:n 1987.8124090
        b:e:c:w 1987.8128169
        b:e:n:w 2923.0068617
        b:c:n:w 2923.0221979
        e:c:n:w 51033.8751689
