########################################
# legofit: estimate population history #
#       version 2.3.4-4-g53f8760       #
########################################

# Program was compiled: Sep 21 2021 14:36:42
# Program was run: Sat Oct  9 20:44:25 2021

# cmd: legofit -1 -d 0 -t 32 --ptsPerDim 3 --stateOut b1boot41.state --tol 3e-6 -S 5000 abf2.lgo ../../boot/boot41.opf
# Stage nOptItr nSimReps
#     0    5000        0
# algorithm          : deterministic
# ignoring probs <=  : 0
# Branch length floor: 0
# DE strategy        : 2
#    F               : 0.3
#    CR              : 0.8
#    tolerance       : 3e-06
# nthreads           : 32
# lgo input file     : abf2.lgo
# site pat input file: ../../boot/boot41.opf
# free parameters    : 15
# points in DE swarm : 45
# output state file  : b1boot41.state
# Including singleton site patterns.
# cost function      : KL
Initial parameter values
Fixed:
      zero = 0
       one = 1
    Tbecnw = 75200
Free:
       pc1 = 0
       pc2 = 0
       pc3 = 0
       pc4 = 0
       pc5 = 0
       pc6 = 0
       pc7 = 0
       pc8 = 0
       pc9 = 0
      pc10 = 0
      pc11 = 0
      pc12 = 0
      pc13 = 0
      pc14 = 0
      pc15 = 0
Constrained:
   Tgbecnw = 99379.5
     Tecnw = 23583
       Tnw = 14609.5
       Tec = 12304.6
     twoNb = 718484
     twoNc = 232857
     twoNw = 1.31392e+06
    twoNec = 119943
    twoNnw = 52397.4
  twoNecnw = 77156.3
  twoNbecnw = 9957.02
  twoNgbecnw = 277621
         m = 0.123978
        m2 = 0.0224461
        m6 = 3.44112e-06
        Tb = 17943.8
        Ta = 46571.9
        Tf = 6152.31
DiffEv reached_goal. cost=2.07445e-03 spread=2.22925e-06
Fitted parameter values
Free:
       pc1 = -2.89364
       pc2 = 3.99592
       pc3 = -0.223095
       pc4 = 1.60493
       pc5 = 0.603061
       pc6 = -2.23064
       pc7 = -0.809934
       pc8 = -0.881725
       pc9 = -1.429
      pc10 = 0.0737986
      pc11 = -0.00499827
      pc12 = 0.113737
      pc13 = 0.0170594
      pc14 = 0.00486237
      pc15 = -0.039994
Constrained:
   Tgbecnw = 79871.8
     Tecnw = 22299.7
       Tnw = 14110.1
       Tec = 10677.3
     twoNb = 571494
     twoNc = 347405
     twoNw = 680928
    twoNec = 124202
    twoNnw = 48005.3
  twoNecnw = 73943.7
  twoNbecnw = 1924.65
  twoNgbecnw = 323129
         m = 0.0991045
        m2 = 0.0233474
        m6 = 9.65583e-06
        Tb = 16488.5
        Ta = 45844.2
        Tf = 5338.63
#       SitePat  BranchLen
              b 122534.2751757
              e 48962.8807806
              c 48962.7575534
              n 45266.7130071
              w 45266.7079810
            b:e 2285.9063681
            b:c 2285.8923651
            b:n 1720.4972456
            b:w 1720.4968991
            e:c 10271.2609852
            e:n 5117.0674760
            e:w 5117.0662748
            c:n 5117.0990185
            c:w 5117.1040446
            n:w 12378.1769508
          b:e:c 1978.8972922
          b:e:n 1083.2372697
          b:e:w 1083.2368897
          b:c:n 1083.2364384
          b:c:w 1083.2367849
          b:n:w 1946.2908826
          e:c:n 4602.7171580
          e:c:w 4602.7183592
          e:n:w 5842.6636543
          c:n:w 5842.7141970
        b:e:c:n 1991.8865884
        b:e:c:w 1991.8869684
        b:e:n:w 2939.1080889
        b:c:n:w 2939.1264002
        e:c:n:w 50796.6777066
