########################################
# legofit: estimate population history #
#       version 2.3.4-4-g53f8760       #
########################################

# Program was compiled: Sep 21 2021 14:36:42
# Program was run: Sat Oct  9 20:40:47 2021

# cmd: legofit -1 -d 0 -t 32 --ptsPerDim 3 --stateOut b1boot14.state --tol 3e-6 -S 5000 abf2.lgo ../../boot/boot14.opf
# Stage nOptItr nSimReps
#     0    5000        0
# algorithm          : deterministic
# ignoring probs <=  : 0
# Branch length floor: 0
# DE strategy        : 2
#    F               : 0.3
#    CR              : 0.8
#    tolerance       : 3e-06
# nthreads           : 32
# lgo input file     : abf2.lgo
# site pat input file: ../../boot/boot14.opf
# free parameters    : 15
# points in DE swarm : 45
# output state file  : b1boot14.state
# Including singleton site patterns.
# cost function      : KL
Initial parameter values
Fixed:
      zero = 0
       one = 1
    Tbecnw = 75200
Free:
       pc1 = 0
       pc2 = 0
       pc3 = 0
       pc4 = 0
       pc5 = 0
       pc6 = 0
       pc7 = 0
       pc8 = 0
       pc9 = 0
      pc10 = 0
      pc11 = 0
      pc12 = 0
      pc13 = 0
      pc14 = 0
      pc15 = 0
Constrained:
   Tgbecnw = 99379.5
     Tecnw = 23583
       Tnw = 14609.5
       Tec = 12304.6
     twoNb = 718484
     twoNc = 232857
     twoNw = 1.31392e+06
    twoNec = 119943
    twoNnw = 52397.4
  twoNecnw = 77156.3
  twoNbecnw = 9957.02
  twoNgbecnw = 277621
         m = 0.123978
        m2 = 0.0224461
        m6 = 3.44112e-06
        Tb = 17943.8
        Ta = 46571.9
        Tf = 6152.31
DiffEv reached_goal. cost=2.06545e-03 spread=2.87549e-06
Fitted parameter values
Free:
       pc1 = -3.86419
       pc2 = 3.5434
       pc3 = 0.974743
       pc4 = 1.26539
       pc5 = 1.12402
       pc6 = -2.95243
       pc7 = -1.26263
       pc8 = -0.95258
       pc9 = -0.616146
      pc10 = -0.461243
      pc11 = -0.113508
      pc12 = 0.0447541
      pc13 = 0.045588
      pc14 = 0.00458813
      pc15 = 0.0347745
Constrained:
   Tgbecnw = 79490.6
     Tecnw = 22076.3
       Tnw = 14966.4
       Tec = 10966.2
     twoNb = 468538
     twoNc = 362939
     twoNw = 476036
    twoNec = 119601
    twoNnw = 40374.6
  twoNecnw = 74928.3
  twoNbecnw = 1738.43
  twoNgbecnw = 335045
         m = 0.0968155
        m2 = 0.0219941
        m6 = 1.17171e-05
        Tb = 16521.3
        Ta = 45860.6
        Tf = 5483.1
#       SitePat  BranchLen
              b 122718.2876411
              e 48907.6560048
              c 48907.5022814
              n 45149.5446653
              w 45149.5354108
            b:e 2291.5995049
            b:c 2291.5819100
            b:n 1708.0177994
            b:w 1708.0171558
            e:c 10293.0746109
            e:n 5103.0652929
            e:w 5103.0630579
            c:n 5103.1026809
            c:w 5103.1119355
            n:w 12468.4251916
          b:e:c 1988.4235319
          b:e:n 1077.0970156
          b:e:w 1077.0963082
          b:c:n 1077.0957434
          b:c:w 1077.0963870
          b:n:w 1950.2154267
          e:c:n 4567.2920960
          e:c:w 4567.2943309
          e:n:w 5847.3159124
          c:n:w 5847.3798242
        b:e:c:n 1983.5271734
        b:e:c:w 1983.5278808
        b:e:n:w 2907.9317617
        b:c:n:w 2907.9540960
        e:c:n:w 51049.5050344
