########################################
# legofit: estimate population history #
#       version 2.3.4-4-g53f8760       #
########################################

# Program was compiled: Sep 21 2021 14:36:42
# Program was run: Sat Oct  9 20:43:01 2021

# cmd: legofit -1 -d 0 -t 32 --ptsPerDim 3 --stateOut b1boot30.state --tol 3e-6 -S 5000 abf2.lgo ../../boot/boot30.opf
# Stage nOptItr nSimReps
#     0    5000        0
# algorithm          : deterministic
# ignoring probs <=  : 0
# Branch length floor: 0
# DE strategy        : 2
#    F               : 0.3
#    CR              : 0.8
#    tolerance       : 3e-06
# nthreads           : 32
# lgo input file     : abf2.lgo
# site pat input file: ../../boot/boot30.opf
# free parameters    : 15
# points in DE swarm : 45
# output state file  : b1boot30.state
# Including singleton site patterns.
# cost function      : KL
Initial parameter values
Fixed:
      zero = 0
       one = 1
    Tbecnw = 75200
Free:
       pc1 = 0
       pc2 = 0
       pc3 = 0
       pc4 = 0
       pc5 = 0
       pc6 = 0
       pc7 = 0
       pc8 = 0
       pc9 = 0
      pc10 = 0
      pc11 = 0
      pc12 = 0
      pc13 = 0
      pc14 = 0
      pc15 = 0
Constrained:
   Tgbecnw = 99379.5
     Tecnw = 23583
       Tnw = 14609.5
       Tec = 12304.6
     twoNb = 718484
     twoNc = 232857
     twoNw = 1.31392e+06
    twoNec = 119943
    twoNnw = 52397.4
  twoNecnw = 77156.3
  twoNbecnw = 9957.02
  twoNgbecnw = 277621
         m = 0.123978
        m2 = 0.0224461
        m6 = 3.44112e-06
        Tb = 17943.8
        Ta = 46571.9
        Tf = 6152.31
DiffEv reached_goal. cost=2.11829e-03 spread=2.78473e-06
Fitted parameter values
Free:
       pc1 = -3.56567
       pc2 = 3.53365
       pc3 = 0.26943
       pc4 = 1.91668
       pc5 = -0.542027
       pc6 = -2.2439
       pc7 = -1.00726
       pc8 = -0.67791
       pc9 = -0.376573
      pc10 = -0.567804
      pc11 = -0.249261
      pc12 = 0.153108
      pc13 = 0.0283647
      pc14 = -0.0355545
      pc15 = -0.0483032
Constrained:
   Tgbecnw = 77550.6
     Tecnw = 22184.8
       Tnw = 14123.4
       Tec = 11554.9
     twoNb = 492998
     twoNc = 220250
     twoNw = 234412
    twoNec = 113323
    twoNnw = 46294.6
  twoNecnw = 74811.2
  twoNbecnw = 976.918
  twoNgbecnw = 318567
         m = 0.104194
        m2 = 0.0224148
        m6 = 6.22715e-06
        Tb = 16869.8
        Ta = 46034.9
        Tf = 5777.46
#       SitePat  BranchLen
              b 122806.3829213
              e 48931.9402239
              c 48931.8548570
              n 45152.2251728
              w 45152.2163939
            b:e 2278.7023534
            b:c 2278.6928225
            b:n 1701.1079764
            b:w 1701.1073723
            e:c 10235.3214356
            e:n 5078.9608513
            e:w 5078.9587547
            c:n 5078.9796965
            c:w 5078.9884754
            n:w 12443.2728568
          b:e:c 1975.4416849
          b:e:n 1072.3367945
          b:e:w 1072.3361301
          b:c:n 1072.3358363
          b:c:w 1072.3364404
          b:n:w 1939.4100995
          e:c:n 4547.0087326
          e:c:w 4547.0108293
          e:n:w 5801.4670707
          c:n:w 5801.5018961
        b:e:c:n 1977.9365558
        b:e:c:w 1977.9372201
        b:e:n:w 2908.8031770
        b:c:n:w 2908.8153312
        e:c:n:w 51259.5211159
