########################################
# legofit: estimate population history #
#       version 2.3.4-4-g53f8760       #
########################################

# Program was compiled: Sep 21 2021 14:36:42
# Program was run: Sat Oct  9 20:41:02 2021

# cmd: legofit -1 -d 0 -t 32 --ptsPerDim 3 --stateOut b1boot16.state --tol 3e-6 -S 5000 abf2.lgo ../../boot/boot16.opf
# Stage nOptItr nSimReps
#     0    5000        0
# algorithm          : deterministic
# ignoring probs <=  : 0
# Branch length floor: 0
# DE strategy        : 2
#    F               : 0.3
#    CR              : 0.8
#    tolerance       : 3e-06
# nthreads           : 32
# lgo input file     : abf2.lgo
# site pat input file: ../../boot/boot16.opf
# free parameters    : 15
# points in DE swarm : 45
# output state file  : b1boot16.state
# Including singleton site patterns.
# cost function      : KL
Initial parameter values
Fixed:
      zero = 0
       one = 1
    Tbecnw = 75200
Free:
       pc1 = 0
       pc2 = 0
       pc3 = 0
       pc4 = 0
       pc5 = 0
       pc6 = 0
       pc7 = 0
       pc8 = 0
       pc9 = 0
      pc10 = 0
      pc11 = 0
      pc12 = 0
      pc13 = 0
      pc14 = 0
      pc15 = 0
Constrained:
   Tgbecnw = 99379.5
     Tecnw = 23583
       Tnw = 14609.5
       Tec = 12304.6
     twoNb = 718484
     twoNc = 232857
     twoNw = 1.31392e+06
    twoNec = 119943
    twoNnw = 52397.4
  twoNecnw = 77156.3
  twoNbecnw = 9957.02
  twoNgbecnw = 277621
         m = 0.123978
        m2 = 0.0224461
        m6 = 3.44112e-06
        Tb = 17943.8
        Ta = 46571.9
        Tf = 6152.31
DiffEv reached_goal. cost=2.04656e-03 spread=1.98058e-06
Fitted parameter values
Free:
       pc1 = -3.99007
       pc2 = 2.83823
       pc3 = 1.3807
       pc4 = 1.39311
       pc5 = 1.2138
       pc6 = -3.43633
       pc7 = -1.32782
       pc8 = -0.677233
       pc9 = -0.823258
      pc10 = -0.407533
      pc11 = -0.105539
      pc12 = 0.00961983
      pc13 = 0.0356331
      pc14 = 0.0324884
      pc15 = 0.00776058
Constrained:
   Tgbecnw = 79975
     Tecnw = 22059.3
       Tnw = 16116.2
       Tec = 11304.6
     twoNb = 539663
     twoNc = 358136
     twoNw = 259884
    twoNec = 117611
    twoNnw = 33515
  twoNecnw = 75062.1
  twoNbecnw = 1936.56
  twoNgbecnw = 333290
         m = 0.0982772
        m2 = 0.0216879
        m6 = 1.24048e-05
        Tb = 16681.9
        Ta = 45941
        Tf = 5652.28
#       SitePat  BranchLen
              b 123156.6044713
              e 49007.1662067
              c 49006.9958185
              n 45228.2781504
              w 45228.2588168
            b:e 2280.5471570
            b:c 2280.5279899
            b:n 1708.2957039
            b:w 1708.2943396
            e:c 10261.2400107
            e:n 5113.9807831
            e:w 5113.9760439
            c:n 5114.0163722
            c:w 5114.0357058
            n:w 12413.1181902
          b:e:c 1987.8820541
          b:e:n 1078.6056757
          b:e:w 1078.6041779
          b:c:n 1078.6036027
          b:c:w 1078.6049670
          b:n:w 1952.5496579
          e:c:n 4566.8906276
          e:c:w 4566.8953668
          e:n:w 5864.9843946
          c:n:w 5865.0554532
        b:e:c:n 1980.9804672
        b:e:c:w 1980.9819650
        b:e:n:w 2917.3515239
        b:c:n:w 2917.3760538
        e:c:n:w 51385.7235379
