########################################
# legofit: estimate population history #
#       version 2.3.4-4-g53f8760       #
########################################

# Program was compiled: Sep 21 2021 14:36:42
# Program was run: Sat Oct  9 20:40:44 2021

# cmd: legofit -1 -d 0 -t 32 --ptsPerDim 3 --stateOut b1boot13.state --tol 3e-6 -S 5000 abf2.lgo ../../boot/boot13.opf
# Stage nOptItr nSimReps
#     0    5000        0
# algorithm          : deterministic
# ignoring probs <=  : 0
# Branch length floor: 0
# DE strategy        : 2
#    F               : 0.3
#    CR              : 0.8
#    tolerance       : 3e-06
# nthreads           : 32
# lgo input file     : abf2.lgo
# site pat input file: ../../boot/boot13.opf
# free parameters    : 15
# points in DE swarm : 45
# output state file  : b1boot13.state
# Including singleton site patterns.
# cost function      : KL
Initial parameter values
Fixed:
      zero = 0
       one = 1
    Tbecnw = 75200
Free:
       pc1 = 0
       pc2 = 0
       pc3 = 0
       pc4 = 0
       pc5 = 0
       pc6 = 0
       pc7 = 0
       pc8 = 0
       pc9 = 0
      pc10 = 0
      pc11 = 0
      pc12 = 0
      pc13 = 0
      pc14 = 0
      pc15 = 0
Constrained:
   Tgbecnw = 99379.5
     Tecnw = 23583
       Tnw = 14609.5
       Tec = 12304.6
     twoNb = 718484
     twoNc = 232857
     twoNw = 1.31392e+06
    twoNec = 119943
    twoNnw = 52397.4
  twoNecnw = 77156.3
  twoNbecnw = 9957.02
  twoNgbecnw = 277621
         m = 0.123978
        m2 = 0.0224461
        m6 = 3.44112e-06
        Tb = 17943.8
        Ta = 46571.9
        Tf = 6152.31
DiffEv reached_goal. cost=2.08250e-03 spread=2.89549e-06
Fitted parameter values
Free:
       pc1 = -3.93696
       pc2 = 3.84407
       pc3 = 0.0293278
       pc4 = 1.81732
       pc5 = 1.2366
       pc6 = -2.475
       pc7 = -0.417285
       pc8 = -0.690625
       pc9 = -0.70723
      pc10 = -0.0525343
      pc11 = -0.0231306
      pc12 = -0.030469
      pc13 = 0.0132313
      pc14 = -0.0214257
      pc15 = -0.00137384
Constrained:
   Tgbecnw = 78302.3
     Tecnw = 22086.4
       Tnw = 14610.2
       Tec = 11636.8
     twoNb = 469268
     twoNc = 521861
     twoNw = 637616
    twoNec = 110133
    twoNnw = 43420.9
  twoNecnw = 73924.8
  twoNbecnw = 1280.28
  twoNgbecnw = 322631
         m = 0.100644
        m2 = 0.0227376
        m6 = 1.00751e-05
        Tb = 16861.6
        Ta = 46030.8
        Tf = 5818.42
#       SitePat  BranchLen
              b 122453.4245310
              e 48679.3992996
              c 48679.2713783
              n 45039.7591101
              w 45039.7536020
            b:e 2272.1038507
            b:c 2272.0891196
            b:n 1695.7720155
            b:w 1695.7716345
            e:c 10242.2277410
            e:n 5087.0582543
            e:w 5087.0569205
            c:n 5087.0907252
            c:w 5087.0962333
            n:w 12337.4384986
          b:e:c 1961.2809534
          b:e:n 1065.9835816
          b:e:w 1065.9831632
          b:c:n 1065.9826864
          b:c:w 1065.9830674
          b:n:w 1925.2133424
          e:c:n 4579.8843931
          e:c:w 4579.8857268
          e:n:w 5816.7445388
          c:n:w 5816.7975784
        b:e:c:n 1966.4757123
        b:e:c:w 1966.4761306
        b:e:n:w 2886.3412299
        b:c:n:w 2886.3600499
        e:c:n:w 50988.3397744
