########################################
# legofit: estimate population history #
#       version 2.3.4-4-g53f8760       #
########################################

# Program was compiled: Sep 21 2021 14:36:42
# Program was run: Sat Oct  9 20:41:22 2021

# cmd: legofit -1 -d 0 -t 32 --ptsPerDim 3 --stateOut b1boot17.state --tol 3e-6 -S 5000 abf2.lgo ../../boot/boot17.opf
# Stage nOptItr nSimReps
#     0    5000        0
# algorithm          : deterministic
# ignoring probs <=  : 0
# Branch length floor: 0
# DE strategy        : 2
#    F               : 0.3
#    CR              : 0.8
#    tolerance       : 3e-06
# nthreads           : 32
# lgo input file     : abf2.lgo
# site pat input file: ../../boot/boot17.opf
# free parameters    : 15
# points in DE swarm : 45
# output state file  : b1boot17.state
# Including singleton site patterns.
# cost function      : KL
Initial parameter values
Fixed:
      zero = 0
       one = 1
    Tbecnw = 75200
Free:
       pc1 = 0
       pc2 = 0
       pc3 = 0
       pc4 = 0
       pc5 = 0
       pc6 = 0
       pc7 = 0
       pc8 = 0
       pc9 = 0
      pc10 = 0
      pc11 = 0
      pc12 = 0
      pc13 = 0
      pc14 = 0
      pc15 = 0
Constrained:
   Tgbecnw = 99379.5
     Tecnw = 23583
       Tnw = 14609.5
       Tec = 12304.6
     twoNb = 718484
     twoNc = 232857
     twoNw = 1.31392e+06
    twoNec = 119943
    twoNnw = 52397.4
  twoNecnw = 77156.3
  twoNbecnw = 9957.02
  twoNgbecnw = 277621
         m = 0.123978
        m2 = 0.0224461
        m6 = 3.44112e-06
        Tb = 17943.8
        Ta = 46571.9
        Tf = 6152.31
DiffEv reached_goal. cost=2.09436e-03 spread=2.57889e-06
Fitted parameter values
Free:
       pc1 = -3.76461
       pc2 = 3.45684
       pc3 = 0.797915
       pc4 = 1.61059
       pc5 = 1.7658
       pc6 = -2.92792
       pc7 = -1.32963
       pc8 = -0.770003
       pc9 = -0.927822
      pc10 = -0.426023
      pc11 = 0.0976485
      pc12 = 0.0138292
      pc13 = 0.0224914
      pc14 = -0.0279069
      pc15 = 0.0310019
Constrained:
   Tgbecnw = 79108.3
     Tecnw = 22033.9
       Tnw = 15032.9
       Tec = 10726.4
     twoNb = 546548
     twoNc = 446353
     twoNw = 707251
    twoNec = 120389
    twoNnw = 39994.3
  twoNecnw = 74550.4
  twoNbecnw = 1600.03
  twoNgbecnw = 328043
         m = 0.097781
        m2 = 0.0220519
        m6 = 1.3192e-05
        Tb = 16380.1
        Ta = 45790.1
        Tf = 5363.21
#       SitePat  BranchLen
              b 122357.1533540
              e 48761.9980006
              c 48761.8289688
              n 45083.3299753
              w 45083.3228106
            b:e 2266.9675280
            b:c 2266.9483076
            b:n 1706.9901623
            b:w 1706.9896641
            e:c 10319.0125116
            e:n 5099.6005259
            e:w 5099.5987917
            c:n 5099.6432761
            c:w 5099.6504408
            n:w 12419.3575512
          b:e:c 1980.3288149
          b:e:n 1073.8214052
          b:e:w 1073.8208584
          b:c:n 1073.8202348
          b:c:w 1073.8207330
          b:n:w 1946.1417262
          e:c:n 4581.1590097
          e:c:w 4581.1607439
          e:n:w 5834.6738844
          c:n:w 5834.7442335
        b:e:c:n 1978.8412202
        b:e:c:w 1978.8417671
        b:e:n:w 2897.6772607
        b:c:n:w 2897.7020603
        e:c:n:w 50752.3629609
