########################################
# legofit: estimate population history #
#       version 2.3.4-4-g53f8760       #
########################################

# Program was compiled: Sep 21 2021 14:36:42
# Program was run: Sat Oct  9 20:39:44 2021

# cmd: legofit -1 -d 0 -t 32 --ptsPerDim 3 --stateOut b1boot5.state --tol 3e-6 -S 5000 abf2.lgo ../../boot/boot5.opf
# Stage nOptItr nSimReps
#     0    5000        0
# algorithm          : deterministic
# ignoring probs <=  : 0
# Branch length floor: 0
# DE strategy        : 2
#    F               : 0.3
#    CR              : 0.8
#    tolerance       : 3e-06
# nthreads           : 32
# lgo input file     : abf2.lgo
# site pat input file: ../../boot/boot5.opf
# free parameters    : 15
# points in DE swarm : 45
# output state file  : b1boot5.state
# Including singleton site patterns.
# cost function      : KL
Initial parameter values
Fixed:
      zero = 0
       one = 1
    Tbecnw = 75200
Free:
       pc1 = 0
       pc2 = 0
       pc3 = 0
       pc4 = 0
       pc5 = 0
       pc6 = 0
       pc7 = 0
       pc8 = 0
       pc9 = 0
      pc10 = 0
      pc11 = 0
      pc12 = 0
      pc13 = 0
      pc14 = 0
      pc15 = 0
Constrained:
   Tgbecnw = 99379.5
     Tecnw = 23583
       Tnw = 14609.5
       Tec = 12304.6
     twoNb = 718484
     twoNc = 232857
     twoNw = 1.31392e+06
    twoNec = 119943
    twoNnw = 52397.4
  twoNecnw = 77156.3
  twoNbecnw = 9957.02
  twoNgbecnw = 277621
         m = 0.123978
        m2 = 0.0224461
        m6 = 3.44112e-06
        Tb = 17943.8
        Ta = 46571.9
        Tf = 6152.31
DiffEv reached_goal. cost=2.06954e-03 spread=2.28762e-06
Fitted parameter values
Free:
       pc1 = -3.89238
       pc2 = 2.35612
       pc3 = 1.33596
       pc4 = 1.98823
       pc5 = 1.28355
       pc6 = -2.51844
       pc7 = -0.527104
       pc8 = -0.87035
       pc9 = -0.885543
      pc10 = -0.169055
      pc11 = -0.0357708
      pc12 = 0.0808369
      pc13 = 0.0231736
      pc14 = -0.00142252
      pc15 = -0.000500841
Constrained:
   Tgbecnw = 80772.7
     Tecnw = 22062.3
       Tnw = 16349.6
       Tec = 10794.8
     twoNb = 573910
     twoNc = 507178
     twoNw = 569786
    twoNec = 122062
    twoNnw = 31982.9
  twoNecnw = 75842.7
  twoNbecnw = 2285.54
  twoNgbecnw = 320689
         m = 0.103237
        m2 = 0.0219693
        m6 = 9.29575e-06
        Tb = 16428.5
        Ta = 45814.3
        Tf = 5397.41
#       SitePat  BranchLen
              b 123458.5707454
              e 49158.9766306
              c 49158.8547371
              n 45376.7247930
              w 45376.7177780
            b:e 2283.0052943
            b:c 2282.9913843
            b:n 1708.7224832
            b:w 1708.7219901
            e:c 10350.8306525
            e:n 5118.2393252
            e:w 5118.2376112
            c:n 5118.2686902
            c:w 5118.2757052
            n:w 12485.2955908
          b:e:c 1993.8523107
          b:e:n 1077.5393584
          b:e:w 1077.5388171
          b:c:n 1077.5383778
          b:c:w 1077.5388709
          b:n:w 1960.1166902
          e:c:n 4567.0432049
          e:c:w 4567.0449189
          e:n:w 5874.1643422
          c:n:w 5874.2156107
        b:e:c:n 1981.1191919
        b:e:c:w 1981.1197332
        b:e:n:w 2929.7059563
        b:c:n:w 2929.7239591
        e:c:n:w 51449.3880232
