########################################
# legofit: estimate population history #
#       version 2.3.4-4-g53f8760       #
########################################

# Program was compiled: Sep 21 2021 14:36:42
# Program was run: Sat Oct  9 20:43:51 2021

# cmd: legofit -1 -d 0 -t 32 --ptsPerDim 3 --stateOut b1boot37.state --tol 3e-6 -S 5000 abf2.lgo ../../boot/boot37.opf
# Stage nOptItr nSimReps
#     0    5000        0
# algorithm          : deterministic
# ignoring probs <=  : 0
# Branch length floor: 0
# DE strategy        : 2
#    F               : 0.3
#    CR              : 0.8
#    tolerance       : 3e-06
# nthreads           : 32
# lgo input file     : abf2.lgo
# site pat input file: ../../boot/boot37.opf
# free parameters    : 15
# points in DE swarm : 45
# output state file  : b1boot37.state
# Including singleton site patterns.
# cost function      : KL
Initial parameter values
Fixed:
      zero = 0
       one = 1
    Tbecnw = 75200
Free:
       pc1 = 0
       pc2 = 0
       pc3 = 0
       pc4 = 0
       pc5 = 0
       pc6 = 0
       pc7 = 0
       pc8 = 0
       pc9 = 0
      pc10 = 0
      pc11 = 0
      pc12 = 0
      pc13 = 0
      pc14 = 0
      pc15 = 0
Constrained:
   Tgbecnw = 99379.5
     Tecnw = 23583
       Tnw = 14609.5
       Tec = 12304.6
     twoNb = 718484
     twoNc = 232857
     twoNw = 1.31392e+06
    twoNec = 119943
    twoNnw = 52397.4
  twoNecnw = 77156.3
  twoNbecnw = 9957.02
  twoNgbecnw = 277621
         m = 0.123978
        m2 = 0.0224461
        m6 = 3.44112e-06
        Tb = 17943.8
        Ta = 46571.9
        Tf = 6152.31
DiffEv reached_goal. cost=2.10609e-03 spread=2.15912e-06
Fitted parameter values
Free:
       pc1 = -3.63363
       pc2 = 3.69163
       pc3 = 1.18659
       pc4 = 1.95924
       pc5 = 1.82858
       pc6 = -3.17983
       pc7 = -1.95871
       pc8 = -0.00211885
       pc9 = -1.04554
      pc10 = -1.26131
      pc11 = -0.159897
      pc12 = 0.0328373
      pc13 = 0.0117051
      pc14 = -0.0484769
      pc15 = 0.0228539
Constrained:
   Tgbecnw = 76471.5
     Tecnw = 22132.3
       Tnw = 14470.2
       Tec = 10869.5
     twoNb = 680078
     twoNc = 400177
     twoNw = 547816
    twoNec = 119723
    twoNnw = 43687.6
  twoNecnw = 74017
  twoNbecnw = 519.155
  twoNgbecnw = 335654
         m = 0.0974579
        m2 = 0.0213426
        m6 = 1.40189e-05
        Tb = 16500.9
        Ta = 45850.5
        Tf = 5434.74
#       SitePat  BranchLen
              b 122435.1924941
              e 48631.6586978
              c 48631.4772786
              n 44924.6181443
              w 44924.6089630
            b:e 2220.0758525
            b:c 2220.0558864
            b:n 1692.9413669
            b:w 1692.9407345
            e:c 10246.1323654
            e:n 5051.5483132
            e:w 5051.5461139
            c:n 5051.5935617
            c:w 5051.6027430
            n:w 12372.6709269
          b:e:c 1963.2317534
          b:e:n 1064.8244584
          b:e:w 1064.8237637
          b:c:n 1064.8231129
          b:c:w 1064.8237454
          b:n:w 1933.2186079
          e:c:n 4538.9646531
          e:c:w 4538.9668524
          e:n:w 5762.1061188
          c:n:w 5762.1806522
        b:e:c:n 1964.7144154
        b:e:c:w 1964.7151101
        b:e:n:w 2879.0779960
        b:c:n:w 2879.1043341
        e:c:n:w 51162.1773489
