########################################
# legofit: estimate population history #
#       version 2.3.4-4-g53f8760       #
########################################

# Program was compiled: Sep 21 2021 14:36:42
# Program was run: Sat Oct  9 20:43:51 2021

# cmd: legofit -1 -d 0 -t 32 --ptsPerDim 3 --stateOut b1boot38.state --tol 3e-6 -S 5000 abf2.lgo ../../boot/boot38.opf
# Stage nOptItr nSimReps
#     0    5000        0
# algorithm          : deterministic
# ignoring probs <=  : 0
# Branch length floor: 0
# DE strategy        : 2
#    F               : 0.3
#    CR              : 0.8
#    tolerance       : 3e-06
# nthreads           : 32
# lgo input file     : abf2.lgo
# site pat input file: ../../boot/boot38.opf
# free parameters    : 15
# points in DE swarm : 45
# output state file  : b1boot38.state
# Including singleton site patterns.
# cost function      : KL
Initial parameter values
Fixed:
      zero = 0
       one = 1
    Tbecnw = 75200
Free:
       pc1 = 0
       pc2 = 0
       pc3 = 0
       pc4 = 0
       pc5 = 0
       pc6 = 0
       pc7 = 0
       pc8 = 0
       pc9 = 0
      pc10 = 0
      pc11 = 0
      pc12 = 0
      pc13 = 0
      pc14 = 0
      pc15 = 0
Constrained:
   Tgbecnw = 99379.5
     Tecnw = 23583
       Tnw = 14609.5
       Tec = 12304.6
     twoNb = 718484
     twoNc = 232857
     twoNw = 1.31392e+06
    twoNec = 119943
    twoNnw = 52397.4
  twoNecnw = 77156.3
  twoNbecnw = 9957.02
  twoNgbecnw = 277621
         m = 0.123978
        m2 = 0.0224461
        m6 = 3.44112e-06
        Tb = 17943.8
        Ta = 46571.9
        Tf = 6152.31
DiffEv reached_goal. cost=2.06717e-03 spread=2.89026e-06
Fitted parameter values
Free:
       pc1 = -3.72979
       pc2 = 3.31766
       pc3 = -0.784098
       pc4 = 1.26408
       pc5 = 0.746881
       pc6 = -2.13244
       pc7 = -1.44102
       pc8 = -1.09216
       pc9 = -0.814546
      pc10 = -0.273437
      pc11 = 0.0257387
      pc12 = 0.0276486
      pc13 = 0.0176653
      pc14 = -0.0273127
      pc15 = -0.039553
Constrained:
   Tgbecnw = 79361
     Tecnw = 22027.1
       Tnw = 14038.9
       Tec = 12193
     twoNb = 475925
     twoNc = 274527
     twoNw = 1.09758e+06
    twoNec = 103677
    twoNnw = 46803.2
  twoNecnw = 75280.1
  twoNbecnw = 1726.99
  twoNgbecnw = 313957
         m = 0.105139
        m2 = 0.0229861
        m6 = 1.1179e-05
        Tb = 17110
        Ta = 46155
        Tf = 6096.49
#       SitePat  BranchLen
              b 122931.2112319
              e 48958.3099878
              c 48958.1694102
              n 45254.2174790
              w 45254.2142296
            b:e 2283.4591248
            b:c 2283.4429767
            b:n 1706.4770928
            b:w 1706.4768687
            e:c 10269.4191182
            e:n 5122.3910865
            e:w 5122.3903036
            c:n 5122.4286852
            c:w 5122.4319346
            n:w 12427.6573611
          b:e:c 1968.8106520
          b:e:n 1073.5512059
          b:e:w 1073.5509597
          b:c:n 1073.5504254
          b:c:w 1073.5506495
          b:n:w 1933.8967142
          e:c:n 4590.6869491
          e:c:w 4590.6877320
          e:n:w 5819.6503507
          c:n:w 5819.7081570
        b:e:c:n 1981.1225047
        b:e:c:w 1981.1227510
        b:e:n:w 2909.7941778
        b:c:n:w 2909.8149580
        e:c:n:w 51144.8856121
