########################################
# legofit: estimate population history #
#       version 2.3.4-4-g53f8760       #
########################################

# Program was compiled: Sep 21 2021 14:36:42
# Program was run: Sat Oct  9 20:39:20 2021

# cmd: legofit -1 -d 0 -t 32 --ptsPerDim 3 --stateOut b1boot0.state --tol 3e-6 -S 5000 abf2.lgo ../../boot/boot0.opf
# Stage nOptItr nSimReps
#     0    5000        0
# algorithm          : deterministic
# ignoring probs <=  : 0
# Branch length floor: 0
# DE strategy        : 2
#    F               : 0.3
#    CR              : 0.8
#    tolerance       : 3e-06
# nthreads           : 32
# lgo input file     : abf2.lgo
# site pat input file: ../../boot/boot0.opf
# free parameters    : 15
# points in DE swarm : 45
# output state file  : b1boot0.state
# Including singleton site patterns.
# cost function      : KL
Initial parameter values
Fixed:
      zero = 0
       one = 1
    Tbecnw = 75200
Free:
       pc1 = 0
       pc2 = 0
       pc3 = 0
       pc4 = 0
       pc5 = 0
       pc6 = 0
       pc7 = 0
       pc8 = 0
       pc9 = 0
      pc10 = 0
      pc11 = 0
      pc12 = 0
      pc13 = 0
      pc14 = 0
      pc15 = 0
Constrained:
   Tgbecnw = 99379.5
     Tecnw = 23583
       Tnw = 14609.5
       Tec = 12304.6
     twoNb = 718484
     twoNc = 232857
     twoNw = 1.31392e+06
    twoNec = 119943
    twoNnw = 52397.4
  twoNecnw = 77156.3
  twoNbecnw = 9957.02
  twoNgbecnw = 277621
         m = 0.123978
        m2 = 0.0224461
        m6 = 3.44112e-06
        Tb = 17943.8
        Ta = 46571.9
        Tf = 6152.31
DiffEv reached_goal. cost=2.09389e-03 spread=2.03982e-06
Fitted parameter values
Free:
       pc1 = -3.71116
       pc2 = 2.66675
       pc3 = 0.805373
       pc4 = 1.74574
       pc5 = -0.960117
       pc6 = -2.55851
       pc7 = -1.96431
       pc8 = -1.11919
       pc9 = -0.454901
      pc10 = -0.232631
      pc11 = 0.0864245
      pc12 = 0.0378355
      pc13 = 0.000556645
      pc14 = -0.0430102
      pc15 = -0.0296357
Constrained:
   Tgbecnw = 78811
     Tecnw = 21928.5
       Tnw = 15427.8
       Tec = 10752.7
     twoNb = 488179
     twoNc = 10738.3
     twoNw = 327540
    twoNec = 120275
    twoNnw = 37406.8
  twoNecnw = 75488.3
  twoNbecnw = 1505.33
  twoNgbecnw = 312954
         m = 0.105386
        m2 = 0.0221
        m6 = 7.10874e-06
        Tb = 16340.6
        Ta = 45770.3
        Tf = 5376.34
#       SitePat  BranchLen
              b 122833.9627201
              e 48867.6882923
              c 48867.5935217
              n 45219.8080961
              w 45219.7995099
            b:e 2283.8235878
            b:c 2283.8128106
            b:n 1705.4815804
            b:w 1705.4809829
            e:c 10306.1554907
            e:n 5122.5875511
            e:w 5122.5854676
            c:n 5122.6088717
            c:w 5122.6174579
            n:w 12387.4237337
          b:e:c 1976.2670863
          b:e:n 1075.6275784
          b:e:w 1075.6269218
          b:c:n 1075.6265878
          b:c:w 1075.6271852
          b:n:w 1939.9631557
          e:c:n 4575.4803839
          e:c:w 4575.4824674
          e:n:w 5837.8026290
          c:n:w 5837.8419260
        b:e:c:n 1980.7743090
        b:e:c:w 1980.7749656
        b:e:n:w 2899.6368963
        b:c:n:w 2899.6505634
        e:c:n:w 51111.8235199
