########################################
# legofit: estimate population history #
#       version 2.3.4-4-g53f8760       #
########################################

# Program was compiled: Sep 21 2021 14:36:42
# Program was run: Sat Oct  9 20:42:06 2021

# cmd: legofit -1 -d 0 -t 32 --ptsPerDim 3 --stateOut b1boot23.state --tol 3e-6 -S 5000 abf2.lgo ../../boot/boot23.opf
# Stage nOptItr nSimReps
#     0    5000        0
# algorithm          : deterministic
# ignoring probs <=  : 0
# Branch length floor: 0
# DE strategy        : 2
#    F               : 0.3
#    CR              : 0.8
#    tolerance       : 3e-06
# nthreads           : 32
# lgo input file     : abf2.lgo
# site pat input file: ../../boot/boot23.opf
# free parameters    : 15
# points in DE swarm : 45
# output state file  : b1boot23.state
# Including singleton site patterns.
# cost function      : KL
Initial parameter values
Fixed:
      zero = 0
       one = 1
    Tbecnw = 75200
Free:
       pc1 = 0
       pc2 = 0
       pc3 = 0
       pc4 = 0
       pc5 = 0
       pc6 = 0
       pc7 = 0
       pc8 = 0
       pc9 = 0
      pc10 = 0
      pc11 = 0
      pc12 = 0
      pc13 = 0
      pc14 = 0
      pc15 = 0
Constrained:
   Tgbecnw = 99379.5
     Tecnw = 23583
       Tnw = 14609.5
       Tec = 12304.6
     twoNb = 718484
     twoNc = 232857
     twoNw = 1.31392e+06
    twoNec = 119943
    twoNnw = 52397.4
  twoNecnw = 77156.3
  twoNbecnw = 9957.02
  twoNgbecnw = 277621
         m = 0.123978
        m2 = 0.0224461
        m6 = 3.44112e-06
        Tb = 17943.8
        Ta = 46571.9
        Tf = 6152.31
DiffEv reached_goal. cost=2.06776e-03 spread=2.15417e-06
Fitted parameter values
Free:
       pc1 = -3.06685
       pc2 = 3.22219
       pc3 = 0.112254
       pc4 = 1.84141
       pc5 = 0.09726
       pc6 = -2.20528
       pc7 = -1.48495
       pc8 = -0.0299355
       pc9 = -1.62344
      pc10 = -0.745163
      pc11 = 0.109132
      pc12 = 0.107193
      pc13 = 0.0341883
      pc14 = -0.0593677
      pc15 = -0.0425839
Constrained:
   Tgbecnw = 78981.3
     Tecnw = 22186
       Tnw = 14193.1
       Tec = 11688.1
     twoNb = 741709
     twoNc = 209872
     twoNw = 659420
    twoNec = 110766
    twoNnw = 46001.8
  twoNecnw = 74264.5
  twoNbecnw = 1572.46
  twoNgbecnw = 317859
         m = 0.100926
        m2 = 0.0225606
        m6 = 8.75066e-06
        Tb = 16937
        Ta = 46068.5
        Tf = 5844.03
#       SitePat  BranchLen
              b 122403.5375708
              e 48907.9645167
              c 48907.8517041
              n 45133.9170133
              w 45133.9125852
            b:e 2251.1859262
            b:c 2251.1734280
            b:n 1717.4892586
            b:w 1717.4889508
            e:c 10288.3090826
            e:n 5096.4730695
            e:w 5096.4720026
            c:n 5096.5019300
            c:w 5096.5063582
            n:w 12455.0101534
          b:e:c 1983.7869834
          b:e:n 1078.3998277
          b:e:w 1078.3994901
          b:c:n 1078.3990876
          b:c:w 1078.3993954
          b:n:w 1955.8627169
          e:c:n 4593.8935315
          e:c:w 4593.8945983
          e:n:w 5824.9329853
          c:n:w 5824.9792896
        b:e:c:n 1987.3165751
        b:e:c:w 1987.3169127
        b:e:n:w 2925.1536632
        b:c:n:w 2925.1702884
        e:c:n:w 50725.5811160
