########################################
# legofit: estimate population history #
#       version 2.3.4-4-g53f8760       #
########################################

# Program was compiled: Sep 21 2021 14:36:42
# Program was run: Sat Oct  9 20:44:22 2021

# cmd: legofit -1 -d 0 -t 32 --ptsPerDim 3 --stateOut b1boot40.state --tol 3e-6 -S 5000 abf2.lgo ../../boot/boot40.opf
# Stage nOptItr nSimReps
#     0    5000        0
# algorithm          : deterministic
# ignoring probs <=  : 0
# Branch length floor: 0
# DE strategy        : 2
#    F               : 0.3
#    CR              : 0.8
#    tolerance       : 3e-06
# nthreads           : 32
# lgo input file     : abf2.lgo
# site pat input file: ../../boot/boot40.opf
# free parameters    : 15
# points in DE swarm : 45
# output state file  : b1boot40.state
# Including singleton site patterns.
# cost function      : KL
Initial parameter values
Fixed:
      zero = 0
       one = 1
    Tbecnw = 75200
Free:
       pc1 = 0
       pc2 = 0
       pc3 = 0
       pc4 = 0
       pc5 = 0
       pc6 = 0
       pc7 = 0
       pc8 = 0
       pc9 = 0
      pc10 = 0
      pc11 = 0
      pc12 = 0
      pc13 = 0
      pc14 = 0
      pc15 = 0
Constrained:
   Tgbecnw = 99379.5
     Tecnw = 23583
       Tnw = 14609.5
       Tec = 12304.6
     twoNb = 718484
     twoNc = 232857
     twoNw = 1.31392e+06
    twoNec = 119943
    twoNnw = 52397.4
  twoNecnw = 77156.3
  twoNbecnw = 9957.02
  twoNgbecnw = 277621
         m = 0.123978
        m2 = 0.0224461
        m6 = 3.44112e-06
        Tb = 17943.8
        Ta = 46571.9
        Tf = 6152.31
DiffEv reached_goal. cost=2.08864e-03 spread=2.87029e-06
Fitted parameter values
Free:
       pc1 = -3.69974
       pc2 = 3.46223
       pc3 = 0.146734
       pc4 = 1.84778
       pc5 = 1.02398
       pc6 = -2.66787
       pc7 = -0.48167
       pc8 = -0.782928
       pc9 = -0.776132
      pc10 = -0.873992
      pc11 = -0.00922182
      pc12 = -0.0304698
      pc13 = -0.0208375
      pc14 = -0.00391708
      pc15 = 0.00217134
Constrained:
   Tgbecnw = 78911
     Tecnw = 21972.9
       Tnw = 14235.1
       Tec = 11684.4
     twoNb = 545969
     twoNc = 477939
     twoNw = 271827
    twoNec = 108591
    twoNnw = 46012.9
  twoNecnw = 75117.3
  twoNbecnw = 1527.38
  twoNgbecnw = 322233
         m = 0.102428
        m2 = 0.0224485
        m6 = 1.01835e-05
        Tb = 16828.7
        Ta = 46014.3
        Tf = 5842.21
#       SitePat  BranchLen
              b 122972.8010981
              e 48824.7868914
              c 48824.6520801
              n 45251.9248569
              w 45251.9123581
            b:e 2258.6239508
            b:c 2258.6089763
            b:n 1712.8483071
            b:w 1712.8474433
            e:c 10275.0785940
            e:n 5133.1510262
            e:w 5133.1480112
            c:n 5133.1815768
            c:w 5133.1940755
            n:w 12321.7543658
          b:e:c 1962.5331832
          b:e:n 1076.9761050
          b:e:w 1076.9751562
          b:c:n 1076.9746910
          b:c:w 1076.9755548
          b:n:w 1931.3316403
          e:c:n 4604.6164972
          e:c:w 4604.6195122
          e:n:w 5791.8156746
          c:n:w 5791.8704198
        b:e:c:n 1987.3934493
        b:e:c:w 1987.3943981
        b:e:n:w 2903.2546258
        b:c:n:w 2903.2740671
        e:c:n:w 51278.4457794
