########################################
# legofit: estimate population history #
#       version 2.3.4-4-g53f8760       #
########################################

# Program was compiled: Sep 21 2021 14:36:42
# Program was run: Sat Oct  9 20:39:20 2021

# cmd: legofit -1 -d 0 -t 32 --ptsPerDim 3 --stateOut b1boot3.state --tol 3e-6 -S 5000 abf2.lgo ../../boot/boot3.opf
# Stage nOptItr nSimReps
#     0    5000        0
# algorithm          : deterministic
# ignoring probs <=  : 0
# Branch length floor: 0
# DE strategy        : 2
#    F               : 0.3
#    CR              : 0.8
#    tolerance       : 3e-06
# nthreads           : 32
# lgo input file     : abf2.lgo
# site pat input file: ../../boot/boot3.opf
# free parameters    : 15
# points in DE swarm : 45
# output state file  : b1boot3.state
# Including singleton site patterns.
# cost function      : KL
Initial parameter values
Fixed:
      zero = 0
       one = 1
    Tbecnw = 75200
Free:
       pc1 = 0
       pc2 = 0
       pc3 = 0
       pc4 = 0
       pc5 = 0
       pc6 = 0
       pc7 = 0
       pc8 = 0
       pc9 = 0
      pc10 = 0
      pc11 = 0
      pc12 = 0
      pc13 = 0
      pc14 = 0
      pc15 = 0
Constrained:
   Tgbecnw = 99379.5
     Tecnw = 23583
       Tnw = 14609.5
       Tec = 12304.6
     twoNb = 718484
     twoNc = 232857
     twoNw = 1.31392e+06
    twoNec = 119943
    twoNnw = 52397.4
  twoNecnw = 77156.3
  twoNbecnw = 9957.02
  twoNgbecnw = 277621
         m = 0.123978
        m2 = 0.0224461
        m6 = 3.44112e-06
        Tb = 17943.8
        Ta = 46571.9
        Tf = 6152.31
DiffEv reached_goal. cost=2.09264e-03 spread=1.97808e-06
Fitted parameter values
Free:
       pc1 = -3.85139
       pc2 = 2.57538
       pc3 = 1.19163
       pc4 = 1.7401
       pc5 = 0.770298
       pc6 = -2.28143
       pc7 = -1.79986
       pc8 = -1.03618
       pc9 = -0.517317
      pc10 = -0.400113
      pc11 = -0.0610252
      pc12 = 0.141898
      pc13 = -0.0178111
      pc14 = 0.0045245
      pc15 = -0.0263739
Constrained:
   Tgbecnw = 79312
     Tecnw = 22043.5
       Tnw = 15635.1
       Tec = 10522.4
     twoNb = 523747
     twoNc = 268017
     twoNw = 926713
    twoNec = 125352
    twoNnw = 36925.6
  twoNecnw = 76017.8
  twoNbecnw = 1702.26
  twoNgbecnw = 319149
         m = 0.10395
        m2 = 0.021679
        m6 = 9.86458e-06
        Tb = 16283
        Ta = 45741.5
        Tf = 5261.18
#       SitePat  BranchLen
              b 123223.0460328
              e 49093.1189586
              c 49092.9942977
              n 45440.7786139
              w 45440.7742057
            b:e 2297.0319535
            b:c 2297.0175525
            b:n 1727.4006537
            b:w 1727.4003441
            e:c 10321.1775872
            e:n 5140.8896651
            e:w 5140.8885974
            c:n 5140.9217203
            c:w 5140.9261285
            n:w 12397.5802856
          b:e:c 1998.3839172
          b:e:n 1091.2242383
          b:e:w 1091.2238980
          b:c:n 1091.2234215
          b:c:w 1091.2237310
          b:n:w 1962.9513816
          e:c:n 4581.9923797
          e:c:w 4581.9934474
          e:n:w 5841.0292309
          c:n:w 5841.0811803
        b:e:c:n 2007.8762665
        b:e:c:w 2007.8766068
        b:e:n:w 2929.7394248
        b:c:n:w 2929.7579348
        e:c:n:w 51348.9313925
