########################################
# legofit: estimate population history #
#       version 2.3.4-4-g53f8760       #
########################################

# Program was compiled: Sep 21 2021 14:36:42
# Program was run: Sat Oct  9 20:44:57 2021

# cmd: legofit -1 -d 0 -t 32 --ptsPerDim 3 --stateOut b1boot45.state --tol 3e-6 -S 5000 abf2.lgo ../../boot/boot45.opf
# Stage nOptItr nSimReps
#     0    5000        0
# algorithm          : deterministic
# ignoring probs <=  : 0
# Branch length floor: 0
# DE strategy        : 2
#    F               : 0.3
#    CR              : 0.8
#    tolerance       : 3e-06
# nthreads           : 32
# lgo input file     : abf2.lgo
# site pat input file: ../../boot/boot45.opf
# free parameters    : 15
# points in DE swarm : 45
# output state file  : b1boot45.state
# Including singleton site patterns.
# cost function      : KL
Initial parameter values
Fixed:
      zero = 0
       one = 1
    Tbecnw = 75200
Free:
       pc1 = 0
       pc2 = 0
       pc3 = 0
       pc4 = 0
       pc5 = 0
       pc6 = 0
       pc7 = 0
       pc8 = 0
       pc9 = 0
      pc10 = 0
      pc11 = 0
      pc12 = 0
      pc13 = 0
      pc14 = 0
      pc15 = 0
Constrained:
   Tgbecnw = 99379.5
     Tecnw = 23583
       Tnw = 14609.5
       Tec = 12304.6
     twoNb = 718484
     twoNc = 232857
     twoNw = 1.31392e+06
    twoNec = 119943
    twoNnw = 52397.4
  twoNecnw = 77156.3
  twoNbecnw = 9957.02
  twoNgbecnw = 277621
         m = 0.123978
        m2 = 0.0224461
        m6 = 3.44112e-06
        Tb = 17943.8
        Ta = 46571.9
        Tf = 6152.31
DiffEv reached_goal. cost=2.12947e-03 spread=2.86296e-06
Fitted parameter values
Free:
       pc1 = -3.91739
       pc2 = 2.52083
       pc3 = 0.78668
       pc4 = 0.836104
       pc5 = 0.842266
       pc6 = -2.97925
       pc7 = -1.56822
       pc8 = -1.22594
       pc9 = -0.331029
      pc10 = -0.569873
      pc11 = -0.077361
      pc12 = 0.0352601
      pc13 = -0.0146239
      pc14 = -0.0163704
      pc15 = 0.0527738
Constrained:
   Tgbecnw = 81858
     Tecnw = 22029.4
       Tnw = 15450.5
       Tec = 11626.9
     twoNb = 441676
     twoNc = 246811
     twoNw = 519763
    twoNec = 109516
    twoNnw = 37903.2
  twoNecnw = 76419.7
  twoNbecnw = 2693.9
  twoNgbecnw = 325631
         m = 0.102349
        m2 = 0.0218317
        m6 = 1.20545e-05
        Tb = 16828.1
        Ta = 46014.1
        Tf = 5813.47
#       SitePat  BranchLen
              b 123696.3697949
              e 49145.2933229
              c 49145.1370392
              n 45532.0796633
              w 45532.0707934
            b:e 2289.1649485
            b:c 2289.1469942
            b:n 1712.0806754
            b:w 1712.0800581
            e:c 10393.0205030
            e:n 5139.1765277
            e:w 5139.1743715
            c:n 5139.2148977
            c:w 5139.2237676
            n:w 12471.0010618
          b:e:c 1984.5114519
          b:e:n 1075.7376524
          b:e:w 1075.7369740
          b:c:n 1075.7363997
          b:c:w 1075.7370171
          b:n:w 1948.3751257
          e:c:n 4597.6703571
          e:c:w 4597.6725133
          e:n:w 5836.0338839
          c:n:w 5836.0988241
        b:e:c:n 1987.3979996
        b:e:c:w 1987.3986779
        b:e:n:w 2897.3635919
        b:c:n:w 2897.3863332
        e:c:n:w 51558.8711186
