########################################
# legofit: estimate population history #
#       version 2.3.4-4-g53f8760       #
########################################

# Program was compiled: Sep 21 2021 14:36:42
# Program was run: Sat Oct  9 20:41:46 2021

# cmd: legofit -1 -d 0 -t 32 --ptsPerDim 3 --stateOut b1boot22.state --tol 3e-6 -S 5000 abf2.lgo ../../boot/boot22.opf
# Stage nOptItr nSimReps
#     0    5000        0
# algorithm          : deterministic
# ignoring probs <=  : 0
# Branch length floor: 0
# DE strategy        : 2
#    F               : 0.3
#    CR              : 0.8
#    tolerance       : 3e-06
# nthreads           : 32
# lgo input file     : abf2.lgo
# site pat input file: ../../boot/boot22.opf
# free parameters    : 15
# points in DE swarm : 45
# output state file  : b1boot22.state
# Including singleton site patterns.
# cost function      : KL
Initial parameter values
Fixed:
      zero = 0
       one = 1
    Tbecnw = 75200
Free:
       pc1 = 0
       pc2 = 0
       pc3 = 0
       pc4 = 0
       pc5 = 0
       pc6 = 0
       pc7 = 0
       pc8 = 0
       pc9 = 0
      pc10 = 0
      pc11 = 0
      pc12 = 0
      pc13 = 0
      pc14 = 0
      pc15 = 0
Constrained:
   Tgbecnw = 99379.5
     Tecnw = 23583
       Tnw = 14609.5
       Tec = 12304.6
     twoNb = 718484
     twoNc = 232857
     twoNw = 1.31392e+06
    twoNec = 119943
    twoNnw = 52397.4
  twoNecnw = 77156.3
  twoNbecnw = 9957.02
  twoNgbecnw = 277621
         m = 0.123978
        m2 = 0.0224461
        m6 = 3.44112e-06
        Tb = 17943.8
        Ta = 46571.9
        Tf = 6152.31
DiffEv reached_goal. cost=2.07484e-03 spread=2.43813e-06
Fitted parameter values
Free:
       pc1 = -3.55412
       pc2 = 3.64742
       pc3 = 1.74545
       pc4 = 1.4794
       pc5 = 1.83419
       pc6 = -3.22357
       pc7 = -0.604911
       pc8 = -0.762123
       pc9 = -0.384054
      pc10 = -0.623891
      pc11 = -0.202657
      pc12 = 0.035913
      pc13 = 0.0119049
      pc14 = 0.0451068
      pc15 = 0.05798
Constrained:
   Tgbecnw = 80598.7
     Tecnw = 22252
       Tnw = 15205.8
       Tec = 10243.2
     twoNb = 488606
     twoNc = 557030
     twoNw = 115184
    twoNec = 130369
    twoNnw = 40468.7
  twoNecnw = 74653.3
  twoNbecnw = 2169.08
  twoNgbecnw = 340689
         m = 0.0951589
        m2 = 0.021539
        m6 = 1.2018e-05
        Tb = 16247.6
        Ta = 45723.8
        Tf = 5121.61
#       SitePat  BranchLen
              b 123062.8766392
              e 48993.4028277
              c 48993.2183317
              n 45334.9950290
              w 45334.9543644
            b:e 2290.9772021
            b:c 2290.9571657
            b:n 1720.1379486
            b:w 1720.1351229
            e:c 10306.5305663
            e:n 5120.2442757
            e:w 5120.2344957
            c:n 5120.2720315
            c:w 5120.3126961
            n:w 12397.7990673
          b:e:c 1990.2596447
          b:e:n 1084.7232226
          b:e:w 1084.7201206
          b:c:n 1084.7195882
          b:c:w 1084.7224139
          b:n:w 1953.6233141
          e:c:n 4587.6612407
          e:c:w 4587.6710206
          e:n:w 5848.1165671
          c:n:w 5848.1914224
        b:e:c:n 1994.3770218
        b:e:c:w 1994.3801238
        b:e:n:w 2908.4127253
        b:c:n:w 2908.4377874
        e:c:n:w 51261.7491578
