########################################
# legofit: estimate population history #
#       version 2.3.4-4-g53f8760       #
########################################

# Program was compiled: Sep 21 2021 14:36:42
# Program was run: Sat Oct  9 20:41:28 2021

# cmd: legofit -1 -d 0 -t 32 --ptsPerDim 3 --stateOut b1boot18.state --tol 3e-6 -S 5000 abf2.lgo ../../boot/boot18.opf
# Stage nOptItr nSimReps
#     0    5000        0
# algorithm          : deterministic
# ignoring probs <=  : 0
# Branch length floor: 0
# DE strategy        : 2
#    F               : 0.3
#    CR              : 0.8
#    tolerance       : 3e-06
# nthreads           : 32
# lgo input file     : abf2.lgo
# site pat input file: ../../boot/boot18.opf
# free parameters    : 15
# points in DE swarm : 45
# output state file  : b1boot18.state
# Including singleton site patterns.
# cost function      : KL
Initial parameter values
Fixed:
      zero = 0
       one = 1
    Tbecnw = 75200
Free:
       pc1 = 0
       pc2 = 0
       pc3 = 0
       pc4 = 0
       pc5 = 0
       pc6 = 0
       pc7 = 0
       pc8 = 0
       pc9 = 0
      pc10 = 0
      pc11 = 0
      pc12 = 0
      pc13 = 0
      pc14 = 0
      pc15 = 0
Constrained:
   Tgbecnw = 99379.5
     Tecnw = 23583
       Tnw = 14609.5
       Tec = 12304.6
     twoNb = 718484
     twoNc = 232857
     twoNw = 1.31392e+06
    twoNec = 119943
    twoNnw = 52397.4
  twoNecnw = 77156.3
  twoNbecnw = 9957.02
  twoNgbecnw = 277621
         m = 0.123978
        m2 = 0.0224461
        m6 = 3.44112e-06
        Tb = 17943.8
        Ta = 46571.9
        Tf = 6152.31
DiffEv reached_goal. cost=2.08452e-03 spread=2.98140e-06
Fitted parameter values
Free:
       pc1 = -3.88635
       pc2 = 2.83393
       pc3 = -0.789746
       pc4 = 1.7486
       pc5 = -0.478646
       pc6 = -1.84544
       pc7 = -0.174484
       pc8 = -0.420551
       pc9 = -1.93399
      pc10 = -0.0300377
      pc11 = -0.0863412
      pc12 = 0.116678
      pc13 = 0.0217794
      pc14 = -0.0265918
      pc15 = -0.0678614
Constrained:
   Tgbecnw = 79267.5
     Tecnw = 22032.4
       Tnw = 15040.4
       Tec = 13388.5
     twoNb = 653343
     twoNc = 303758
     twoNw = 658869
    twoNec = 89238.3
    twoNnw = 40611.8
  twoNecnw = 75113.4
  twoNbecnw = 1689.07
  twoNgbecnw = 315576
         m = 0.104065
        m2 = 0.0236892
        m6 = 5.55108e-06
        Tb = 17710.4
        Ta = 46455.2
        Tf = 6694.24
#       SitePat  BranchLen
              b 122922.5671054
              e 49021.4231525
              c 49021.3522838
              n 45292.4922353
              w 45292.4894724
            b:e 2263.4753461
            b:c 2263.4673307
            b:n 1714.6058061
            b:w 1714.6056112
            e:c 10281.1951328
            e:n 5106.7441675
            e:w 5106.7434893
            c:n 5106.7621719
            c:w 5106.7649348
            n:w 12402.6783887
          b:e:c 1981.6170091
          b:e:n 1074.9996417
          b:e:w 1074.9994277
          b:c:n 1074.9991686
          b:c:w 1074.9993635
          b:n:w 1953.6568944
          e:c:n 4599.5726113
          e:c:w 4599.5732895
          e:n:w 5820.2920650
          c:n:w 5820.3213374
        b:e:c:n 1987.3031529
        b:e:c:w 1987.3033669
        b:e:n:w 2950.8037630
        b:c:n:w 2950.8144621
        e:c:n:w 51134.1720624
