########################################
# legofit: estimate population history #
#       version 2.3.4-4-g53f8760       #
########################################

# Program was compiled: Sep 21 2021 14:36:42
# Program was run: Sat Oct  9 20:42:20 2021

# cmd: legofit -1 -d 0 -t 32 --ptsPerDim 3 --stateOut b1boot26.state --tol 3e-6 -S 5000 abf2.lgo ../../boot/boot26.opf
# Stage nOptItr nSimReps
#     0    5000        0
# algorithm          : deterministic
# ignoring probs <=  : 0
# Branch length floor: 0
# DE strategy        : 2
#    F               : 0.3
#    CR              : 0.8
#    tolerance       : 3e-06
# nthreads           : 32
# lgo input file     : abf2.lgo
# site pat input file: ../../boot/boot26.opf
# free parameters    : 15
# points in DE swarm : 45
# output state file  : b1boot26.state
# Including singleton site patterns.
# cost function      : KL
Initial parameter values
Fixed:
      zero = 0
       one = 1
    Tbecnw = 75200
Free:
       pc1 = 0
       pc2 = 0
       pc3 = 0
       pc4 = 0
       pc5 = 0
       pc6 = 0
       pc7 = 0
       pc8 = 0
       pc9 = 0
      pc10 = 0
      pc11 = 0
      pc12 = 0
      pc13 = 0
      pc14 = 0
      pc15 = 0
Constrained:
   Tgbecnw = 99379.5
     Tecnw = 23583
       Tnw = 14609.5
       Tec = 12304.6
     twoNb = 718484
     twoNc = 232857
     twoNw = 1.31392e+06
    twoNec = 119943
    twoNnw = 52397.4
  twoNecnw = 77156.3
  twoNbecnw = 9957.02
  twoNgbecnw = 277621
         m = 0.123978
        m2 = 0.0224461
        m6 = 3.44112e-06
        Tb = 17943.8
        Ta = 46571.9
        Tf = 6152.31
DiffEv reached_goal. cost=2.05586e-03 spread=2.68345e-06
Fitted parameter values
Free:
       pc1 = -3.51732
       pc2 = 3.57495
       pc3 = 0.878681
       pc4 = 1.56688
       pc5 = 0.534289
       pc6 = -2.45961
       pc7 = -1.44357
       pc8 = -0.934029
       pc9 = -0.850445
      pc10 = -0.824388
      pc11 = -0.134671
      pc12 = 0.145868
      pc13 = -0.00995789
      pc14 = -0.00642402
      pc15 = 0.0166647
Constrained:
   Tgbecnw = 78676.9
     Tecnw = 22079.6
       Tnw = 14357.6
       Tec = 10537.7
     twoNb = 549398
     twoNc = 279529
     twoNw = 532621
    twoNec = 123080
    twoNnw = 44981.6
  twoNecnw = 75335.3
  twoNbecnw = 1416.39
  twoNgbecnw = 331823
         m = 0.0982113
        m2 = 0.0220789
        m6 = 9.76252e-06
        Tb = 16308.6
        Ta = 45754.3
        Tf = 5268.85
#       SitePat  BranchLen
              b 122602.6761129
              e 48910.4274396
              c 48910.3014079
              n 45273.3824256
              w 45273.3757215
            b:e 2268.4449226
            b:c 2268.4307605
            b:n 1716.9228513
            b:w 1716.9223890
            e:c 10313.9378881
            e:n 5114.4115064
            e:w 5114.4099060
            c:n 5114.4429667
            c:w 5114.4496708
            n:w 12400.5468810
          b:e:c 1981.2086650
          b:e:n 1081.8618315
          b:e:w 1081.8613231
          b:c:n 1081.8608588
          b:c:w 1081.8613211
          b:n:w 1947.7329786
          e:c:n 4575.2152794
          e:c:w 4575.2168799
          e:n:w 5792.5591778
          c:n:w 5792.6107334
        b:e:c:n 1995.8010054
        b:e:c:w 1995.8015138
        b:e:n:w 2913.7906604
        b:c:n:w 2913.8090482
        e:c:n:w 50934.0384315
