########################################
# legofit: estimate population history #
#       version 2.3.4-4-g53f8760       #
########################################

# Program was compiled: Sep 21 2021 14:36:42
# Program was run: Sun Oct 10 23:21:34 2021

# cmd: legofit -1 -d 0 -t 32 --ptsPerDim 3 --stateOut b1.state --tol 3e-6 -S 5000 aef2.lgo ../../chrX/pan_chrX.opf
# Stage nOptItr nSimReps
#     0    5000        0
# algorithm          : deterministic
# ignoring probs <=  : 0
# Branch length floor: 0
# DE strategy        : 2
#    F               : 0.3
#    CR              : 0.8
#    tolerance       : 3e-06
# nthreads           : 32
# lgo input file     : aef2.lgo
# site pat input file: ../../chrX/pan_chrX.opf
# free parameters    : 16
# points in DE swarm : 48
# output state file  : b1.state
# Including singleton site patterns.
# cost function      : KL
Initial parameter values
Fixed:
      zero = 0
       one = 1
    Tbecnw = 75200
Free:
       pc1 = 0
       pc2 = 0
       pc3 = 0
       pc4 = 0
       pc5 = 0
       pc6 = 0
       pc7 = 0
       pc8 = 0
       pc9 = 0
      pc10 = 0
      pc11 = 0
      pc12 = 0
      pc13 = 0
      pc14 = 0
      pc15 = 0
      pc16 = 0
Constrained:
   Tgbecnw = 124677
     Tecnw = 26910.4
       Tnw = 24573.4
       Tec = 126.12
     twoNb = 530657
     twoNe = 976922
     twoNc = 847837
     twoNw = 1.26956e+06
    twoNec = 170888
    twoNnw = 8881.49
  twoNecnw = 70748.9
  twoNbecnw = 19041.8
  twoNgbecnw = 155744
         m = 0.189853
        m5 = 0.137994
        m6 = 0.00154319
        Ta = 37600
        Te = 63.0601
        Tf = 31.5301
DiffEv reached_goal. cost=2.45302e-03 spread=2.41535e-06
Fitted parameter values
Free:
       pc1 = 3.97529
       pc2 = 3.47875
       pc3 = -1.96042
       pc4 = 0.59563
       pc5 = 0.256372
       pc6 = -1.22858
       pc7 = -1.96085
       pc8 = 0.163596
       pc9 = 1.90835
      pc10 = 0.897241
      pc11 = 0.568375
      pc12 = 0.522985
      pc13 = 0.0374612
      pc14 = 0.0120851
      pc15 = 0.0496924
      pc16 = 0.0268588
Constrained:
   Tgbecnw = 103614
     Tecnw = 25185.5
       Tnw = 24541.1
       Tec = 5.92614
     twoNb = 1.00102e+06
     twoNe = 231785
     twoNc = 1.07738e+06
     twoNw = 2.97069e+06
    twoNec = 158719
    twoNnw = 2393.22
  twoNecnw = 68759.2
  twoNbecnw = 11218.5
  twoNgbecnw = 186737
         m = 0.156666
        m5 = 0.145273
        m6 = 0.00520994
        Ta = 37600
        Te = 2.96307
        Tf = 1.48154
#       SitePat  BranchLen
              b 122348.2204585
              e 45704.2949645
              c 47648.7881189
              n 44807.3446590
              w 44761.2883262
            b:e 1293.6633563
            b:c 1449.2646967
            b:n 1116.0954418
            b:w 1113.9193538
            e:c 11995.3259007
            e:n 4671.5255931
            e:w 4715.6244293
            c:n 4211.1597769
            c:w 4202.6378754
            n:w 12537.9675707
          b:e:c 1419.8259490
          b:e:n 641.7892379
          b:e:w 643.8103593
          b:c:n 646.8294815
          b:c:w 644.6847755
          b:n:w 1406.7715937
          e:c:n 4236.3914706
          e:c:w 4246.8708686
          e:n:w 6076.7849408
          c:n:w 5105.6441567
        b:e:c:n 1210.9428413
        b:e:c:w 1213.2425139
        b:e:n:w 1562.3616618
        b:c:n:w 1400.8456615
        e:c:n:w 48479.8132954
