########################################
# legofit: estimate population history #
#       version 2.3.4-4-g53f8760       #
########################################

# Program was compiled: Sep 21 2021 14:36:42
# Program was run: Sun Oct 10 23:22:09 2021

# cmd: legofit -1 -d 0 -t 32 --ptsPerDim 3 --stateOut b1boot12.state --tol 3e-6 -S 5000 aef2.lgo ../../chrX/boot_chrX/boot12.opf
# Stage nOptItr nSimReps
#     0    5000        0
# algorithm          : deterministic
# ignoring probs <=  : 0
# Branch length floor: 0
# DE strategy        : 2
#    F               : 0.3
#    CR              : 0.8
#    tolerance       : 3e-06
# nthreads           : 32
# lgo input file     : aef2.lgo
# site pat input file: ../../chrX/boot_chrX/boot12.opf
# free parameters    : 16
# points in DE swarm : 48
# output state file  : b1boot12.state
# Including singleton site patterns.
# cost function      : KL
Initial parameter values
Fixed:
      zero = 0
       one = 1
    Tbecnw = 75200
Free:
       pc1 = 0
       pc2 = 0
       pc3 = 0
       pc4 = 0
       pc5 = 0
       pc6 = 0
       pc7 = 0
       pc8 = 0
       pc9 = 0
      pc10 = 0
      pc11 = 0
      pc12 = 0
      pc13 = 0
      pc14 = 0
      pc15 = 0
      pc16 = 0
Constrained:
   Tgbecnw = 124677
     Tecnw = 26910.4
       Tnw = 24573.4
       Tec = 126.12
     twoNb = 530657
     twoNe = 976922
     twoNc = 847837
     twoNw = 1.26956e+06
    twoNec = 170888
    twoNnw = 8881.49
  twoNecnw = 70748.9
  twoNbecnw = 19041.8
  twoNgbecnw = 155744
         m = 0.189853
        m5 = 0.137994
        m6 = 0.00154319
        Ta = 37600
        Te = 63.0601
        Tf = 31.5301
DiffEv reached_goal. cost=2.55726e-03 spread=2.89146e-06
Fitted parameter values
Free:
       pc1 = 3.98599
       pc2 = 3.50757
       pc3 = -1.92886
       pc4 = 0.545942
       pc5 = 0.410888
       pc6 = -0.0809407
       pc7 = -1.97555
       pc8 = -0.252333
       pc9 = 1.92308
      pc10 = 0.000261592
      pc11 = -0.0997347
      pc12 = 0.262479
      pc13 = -0.169257
      pc14 = -0.0415543
      pc15 = 0.0645851
      pc16 = -0.00904954
Constrained:
   Tgbecnw = 104666
     Tecnw = 25355.2
       Tnw = 24516.9
       Tec = 27.9151
     twoNb = 812917
     twoNe = 1.22648e+06
     twoNc = 906890
     twoNw = 3.01402e+06
    twoNec = 153768
    twoNnw = 3182.07
  twoNecnw = 68388.8
  twoNbecnw = 11680.3
  twoNgbecnw = 185194
         m = 0.160421
        m5 = 0.141825
        m6 = 0.00415711
        Ta = 37600
        Te = 13.9575
        Tf = 6.97877
#       SitePat  BranchLen
              b 123280.4596987
              e 45652.2490211
              c 47535.8088346
              n 45077.1654588
              w 45032.8630065
            b:e 1297.5274310
            b:c 1448.9387796
            b:n 1137.5000111
            b:w 1135.3906082
            e:c 12218.3189188
            e:n 4667.5012931
            e:w 4710.2540193
            c:n 4219.1892437
            c:w 4210.6399517
            n:w 12515.2649019
          b:e:c 1436.6059267
          b:e:n 647.1109867
          b:e:w 649.0968694
          b:c:n 652.0017134
          b:c:w 649.8982703
          b:n:w 1424.8230494
          e:c:n 4310.5082112
          e:c:w 4320.6072293
          e:n:w 6025.4432806
          c:n:w 5089.8095841
        b:e:c:n 1232.1101945
        b:e:c:w 1234.3371578
        b:e:n:w 1560.3460872
        b:c:n:w 1403.2426110
        e:c:n:w 49227.3727683
