########################################
# legofit: estimate population history #
#       version 2.3.4-4-g53f8760       #
########################################

# Program was compiled: Sep 21 2021 14:36:42
# Program was run: Sun Oct 10 23:21:36 2021

# cmd: legofit -1 -d 0 -t 32 --ptsPerDim 3 --stateOut b1boot3.state --tol 3e-6 -S 5000 aef2.lgo ../../chrX/boot_chrX/boot3.opf
# Stage nOptItr nSimReps
#     0    5000        0
# algorithm          : deterministic
# ignoring probs <=  : 0
# Branch length floor: 0
# DE strategy        : 2
#    F               : 0.3
#    CR              : 0.8
#    tolerance       : 3e-06
# nthreads           : 32
# lgo input file     : aef2.lgo
# site pat input file: ../../chrX/boot_chrX/boot3.opf
# free parameters    : 16
# points in DE swarm : 48
# output state file  : b1boot3.state
# Including singleton site patterns.
# cost function      : KL
Initial parameter values
Fixed:
      zero = 0
       one = 1
    Tbecnw = 75200
Free:
       pc1 = 0
       pc2 = 0
       pc3 = 0
       pc4 = 0
       pc5 = 0
       pc6 = 0
       pc7 = 0
       pc8 = 0
       pc9 = 0
      pc10 = 0
      pc11 = 0
      pc12 = 0
      pc13 = 0
      pc14 = 0
      pc15 = 0
      pc16 = 0
Constrained:
   Tgbecnw = 124677
     Tecnw = 26910.4
       Tnw = 24573.4
       Tec = 126.12
     twoNb = 530657
     twoNe = 976922
     twoNc = 847837
     twoNw = 1.26956e+06
    twoNec = 170888
    twoNnw = 8881.49
  twoNecnw = 70748.9
  twoNbecnw = 19041.8
  twoNgbecnw = 155744
         m = 0.189853
        m5 = 0.137994
        m6 = 0.00154319
        Ta = 37600
        Te = 63.0601
        Tf = 31.5301
DiffEv reached_goal. cost=2.53708e-03 spread=2.94405e-06
Fitted parameter values
Free:
       pc1 = 3.99437
       pc2 = 3.31531
       pc3 = -1.94235
       pc4 = -0.580414
       pc5 = 0.97982
       pc6 = 1.14827
       pc7 = -1.87417
       pc8 = 0.492632
       pc9 = 1.92252
      pc10 = 0.637304
      pc11 = 0.61907
      pc12 = 0.556524
      pc13 = -0.152419
      pc14 = 0.169091
      pc15 = 0.244413
      pc16 = 0.0446362
Constrained:
   Tgbecnw = 100243
     Tecnw = 25427
       Tnw = 24242.5
       Tec = 108.48
     twoNb = 267565
     twoNe = 1.2292e+06
     twoNc = 609281
     twoNw = 2.97201e+06
    twoNec = 158698
    twoNnw = 4486.1
  twoNecnw = 67927.7
  twoNbecnw = 10369.5
  twoNgbecnw = 173906
         m = 0.1671
        m5 = 0.149847
        m6 = 0.000355798
        Ta = 37600
        Te = 54.2399
        Tf = 27.1199
#       SitePat  BranchLen
              b 121496.1587262
              e 45611.4618670
              c 47653.9274934
              n 44887.2720865
              w 44841.7070153
            b:e 1280.5307593
            b:c 1443.1637282
            b:n 1117.6126566
            b:w 1115.4699935
            e:c 11922.9676244
            e:n 4671.0964238
            e:w 4716.5290922
            c:n 4182.4203295
            c:w 4172.3015143
            n:w 12401.5672811
          b:e:c 1410.7942459
          b:e:n 642.2731864
          b:e:w 644.4053917
          b:c:n 647.6435619
          b:c:w 645.3867510
          b:n:w 1398.0850078
          e:c:n 4236.1690689
          e:c:w 4246.4202868
          e:n:w 6035.6811276
          c:n:w 5026.1191734
        b:e:c:n 1214.5925686
        b:e:c:w 1216.8598373
        b:e:n:w 1558.2337115
        b:c:n:w 1389.2490079
        e:c:n:w 47812.4439423
