########################################
# legofit: estimate population history #
#       version 2.3.4-4-g53f8760       #
########################################

# Program was compiled: Sep 21 2021 14:36:42
# Program was run: Sun Oct 10 23:21:54 2021

# cmd: legofit -1 -d 0 -t 32 --ptsPerDim 3 --stateOut b1boot10.state --tol 3e-6 -S 5000 aef2.lgo ../../chrX/boot_chrX/boot10.opf
# Stage nOptItr nSimReps
#     0    5000        0
# algorithm          : deterministic
# ignoring probs <=  : 0
# Branch length floor: 0
# DE strategy        : 2
#    F               : 0.3
#    CR              : 0.8
#    tolerance       : 3e-06
# nthreads           : 32
# lgo input file     : aef2.lgo
# site pat input file: ../../chrX/boot_chrX/boot10.opf
# free parameters    : 16
# points in DE swarm : 48
# output state file  : b1boot10.state
# Including singleton site patterns.
# cost function      : KL
Initial parameter values
Fixed:
      zero = 0
       one = 1
    Tbecnw = 75200
Free:
       pc1 = 0
       pc2 = 0
       pc3 = 0
       pc4 = 0
       pc5 = 0
       pc6 = 0
       pc7 = 0
       pc8 = 0
       pc9 = 0
      pc10 = 0
      pc11 = 0
      pc12 = 0
      pc13 = 0
      pc14 = 0
      pc15 = 0
      pc16 = 0
Constrained:
   Tgbecnw = 124677
     Tecnw = 26910.4
       Tnw = 24573.4
       Tec = 126.12
     twoNb = 530657
     twoNe = 976922
     twoNc = 847837
     twoNw = 1.26956e+06
    twoNec = 170888
    twoNnw = 8881.49
  twoNecnw = 70748.9
  twoNbecnw = 19041.8
  twoNgbecnw = 155744
         m = 0.189853
        m5 = 0.137994
        m6 = 0.00154319
        Ta = 37600
        Te = 63.0601
        Tf = 31.5301
DiffEv reached_goal. cost=2.32198e-03 spread=2.86349e-06
Fitted parameter values
Free:
       pc1 = 3.95565
       pc2 = 3.80993
       pc3 = -1.76838
       pc4 = 0.61462
       pc5 = 1.09667
       pc6 = -0.436091
       pc7 = -1.83969
       pc8 = -0.791751
       pc9 = 1.99963
      pc10 = -0.0462236
      pc11 = 0.349757
      pc12 = 0.767978
      pc13 = 0.12774
      pc14 = 0.0191923
      pc15 = 0.104959
      pc16 = 0.00653183
Constrained:
   Tgbecnw = 101555
     Tecnw = 25095.2
       Tnw = 24183.5
       Tec = 17.0414
     twoNb = 1.07514e+06
     twoNe = 1.48103e+06
     twoNc = 1.08796e+06
     twoNw = 2.87985e+06
    twoNec = 156909
    twoNnw = 3525.59
  twoNecnw = 69336.2
  twoNbecnw = 10974.9
  twoNgbecnw = 176234
         m = 0.167222
        m5 = 0.142663
        m6 = 0.00538413
        Ta = 37600
        Te = 8.52068
        Tf = 4.26034
#       SitePat  BranchLen
              b 122571.6384826
              e 45769.6377095
              c 47641.5837008
              n 45082.0227799
              w 45035.3358125
            b:e 1341.2503231
            b:c 1494.5824041
            b:n 1174.7097062
            b:w 1172.4215715
            e:c 12109.3209651
            e:n 4739.6120446
            e:w 4784.2113717
            c:n 4291.6260333
            c:w 4283.0091942
            n:w 12506.5939345
          b:e:c 1471.2749055
          b:e:n 674.1273589
          b:e:w 676.2441676
          b:c:n 679.3595606
          b:c:w 677.1088755
          b:n:w 1458.4697863
          e:c:n 4339.3034433
          e:c:w 4350.0079228
          e:n:w 6055.6930239
          c:n:w 5132.9352214
        b:e:c:n 1277.7058945
        b:e:c:w 1280.1279058
        b:e:n:w 1615.7872396
        b:c:n:w 1456.3582489
        e:c:n:w 48536.8621548
