########################################
# legofit: estimate population history #
#       version 2.3.4-4-g53f8760       #
########################################

# Program was compiled: Sep 21 2021 14:36:42
# Program was run: Sun Oct 10 23:23:10 2021

# cmd: legofit -1 -d 0 -t 32 --ptsPerDim 3 --stateOut b1boot39.state --tol 3e-6 -S 5000 aef2.lgo ../../chrX/boot_chrX/boot39.opf
# Stage nOptItr nSimReps
#     0    5000        0
# algorithm          : deterministic
# ignoring probs <=  : 0
# Branch length floor: 0
# DE strategy        : 2
#    F               : 0.3
#    CR              : 0.8
#    tolerance       : 3e-06
# nthreads           : 32
# lgo input file     : aef2.lgo
# site pat input file: ../../chrX/boot_chrX/boot39.opf
# free parameters    : 16
# points in DE swarm : 48
# output state file  : b1boot39.state
# Including singleton site patterns.
# cost function      : KL
Initial parameter values
Fixed:
      zero = 0
       one = 1
    Tbecnw = 75200
Free:
       pc1 = 0
       pc2 = 0
       pc3 = 0
       pc4 = 0
       pc5 = 0
       pc6 = 0
       pc7 = 0
       pc8 = 0
       pc9 = 0
      pc10 = 0
      pc11 = 0
      pc12 = 0
      pc13 = 0
      pc14 = 0
      pc15 = 0
      pc16 = 0
Constrained:
   Tgbecnw = 124677
     Tecnw = 26910.4
       Tnw = 24573.4
       Tec = 126.12
     twoNb = 530657
     twoNe = 976922
     twoNc = 847837
     twoNw = 1.26956e+06
    twoNec = 170888
    twoNnw = 8881.49
  twoNecnw = 70748.9
  twoNbecnw = 19041.8
  twoNgbecnw = 155744
         m = 0.189853
        m5 = 0.137994
        m6 = 0.00154319
        Ta = 37600
        Te = 63.0601
        Tf = 31.5301
DiffEv reached_goal. cost=2.42969e-03 spread=2.77473e-06
Fitted parameter values
Free:
       pc1 = 3.97529
       pc2 = 1.89999
       pc3 = -1.95363
       pc4 = 0.143637
       pc5 = 1.78148
       pc6 = -1.91748
       pc7 = -1.99133
       pc8 = -1.14091
       pc9 = 1.99872
      pc10 = 0.924499
      pc11 = 0.66612
      pc12 = 0.893718
      pc13 = -0.0495449
      pc14 = 0.140571
      pc15 = 0.27681
      pc16 = 0.0250514
Constrained:
   Tgbecnw = 100639
     Tecnw = 25862
       Tnw = 23100
       Tec = 30.4033
     twoNb = 1.41036e+06
     twoNe = 442815
     twoNc = 1.17451e+06
     twoNw = 2.66214e+06
    twoNec = 162618
    twoNnw = 10591.1
  twoNecnw = 67672.3
  twoNbecnw = 10624.1
  twoNgbecnw = 171970
         m = 0.177593
        m5 = 0.145237
        m6 = 0.00840927
        Ta = 37600
        Te = 15.2016
        Tf = 7.60082
#       SitePat  BranchLen
              b 123261.8199965
              e 45997.8004453
              c 47894.5187923
              n 45109.5658784
              w 45058.8598428
            b:e 1299.9814462
            b:c 1448.8803380
            b:n 1132.2894671
            b:w 1129.9228844
            e:c 11893.8788727
            e:n 4682.3089977
            e:w 4729.6210221
            c:n 4220.6613682
            c:w 4212.7732154
            n:w 12485.7506122
          b:e:c 1419.1769072
          b:e:n 651.6169572
          b:e:w 653.7169603
          b:c:n 656.6908980
          b:c:w 654.4548759
          b:n:w 1406.6455744
          e:c:n 4254.9876659
          e:c:w 4266.2698299
          e:n:w 5989.8152221
          c:n:w 5071.5923113
        b:e:c:n 1229.8026142
        b:e:c:w 1232.3052159
        b:e:n:w 1564.2653382
        b:c:n:w 1409.5545900
        e:c:n:w 49285.5765686
