########################################
# legofit: estimate population history #
#       version 2.3.4-4-g53f8760       #
########################################

# Program was compiled: Sep 21 2021 14:36:42
# Program was run: Sun Oct 10 23:23:14 2021

# cmd: legofit -1 -d 0 -t 32 --ptsPerDim 3 --stateOut b1boot40.state --tol 3e-6 -S 5000 aef2.lgo ../../chrX/boot_chrX/boot40.opf
# Stage nOptItr nSimReps
#     0    5000        0
# algorithm          : deterministic
# ignoring probs <=  : 0
# Branch length floor: 0
# DE strategy        : 2
#    F               : 0.3
#    CR              : 0.8
#    tolerance       : 3e-06
# nthreads           : 32
# lgo input file     : aef2.lgo
# site pat input file: ../../chrX/boot_chrX/boot40.opf
# free parameters    : 16
# points in DE swarm : 48
# output state file  : b1boot40.state
# Including singleton site patterns.
# cost function      : KL
Initial parameter values
Fixed:
      zero = 0
       one = 1
    Tbecnw = 75200
Free:
       pc1 = 0
       pc2 = 0
       pc3 = 0
       pc4 = 0
       pc5 = 0
       pc6 = 0
       pc7 = 0
       pc8 = 0
       pc9 = 0
      pc10 = 0
      pc11 = 0
      pc12 = 0
      pc13 = 0
      pc14 = 0
      pc15 = 0
      pc16 = 0
Constrained:
   Tgbecnw = 124677
     Tecnw = 26910.4
       Tnw = 24573.4
       Tec = 126.12
     twoNb = 530657
     twoNe = 976922
     twoNc = 847837
     twoNw = 1.26956e+06
    twoNec = 170888
    twoNnw = 8881.49
  twoNecnw = 70748.9
  twoNbecnw = 19041.8
  twoNgbecnw = 155744
         m = 0.189853
        m5 = 0.137994
        m6 = 0.00154319
        Ta = 37600
        Te = 63.0601
        Tf = 31.5301
DiffEv reached_goal. cost=2.31998e-03 spread=2.51356e-06
Fitted parameter values
Free:
       pc1 = 3.96294
       pc2 = 3.49206
       pc3 = -1.75091
       pc4 = 0.300393
       pc5 = 0.198443
       pc6 = -0.587398
       pc7 = -1.91975
       pc8 = -1.49928
       pc9 = 1.19226
      pc10 = 1.95551
      pc11 = 0.29353
      pc12 = 0.630718
      pc13 = 0.131796
      pc14 = -0.0751571
      pc15 = 0.0936017
      pc16 = 0.0315563
Constrained:
   Tgbecnw = 103839
     Tecnw = 25269.2
       Tnw = 24648.9
       Tec = 238.852
     twoNb = 1.00466e+06
     twoNe = 748911
     twoNc = 747339
     twoNw = 3.23495e+06
    twoNec = 162940
    twoNnw = 2247.59
  twoNecnw = 68249.9
  twoNbecnw = 11530.8
  twoNgbecnw = 180803
         m = 0.162469
        m5 = 0.144182
        m6 = 0.00940781
        Ta = 37600
        Te = 119.426
        Tf = 59.7131
#       SitePat  BranchLen
              b 122859.7100321
              e 45931.4983482
              c 47832.0142791
              n 44674.2124579
              w 44631.3364243
            b:e 1319.3803005
            b:c 1473.7863352
            b:n 1117.4416536
            b:w 1115.3937298
            e:c 11857.3606198
            e:n 4673.2536638
            e:w 4712.8911043
            c:n 4226.4799372
            c:w 4219.8747328
            n:w 12623.9788440
          b:e:c 1433.0659644
          b:e:n 647.3780010
          b:e:w 649.1674856
          b:c:n 652.0780924
          b:c:w 650.1748191
          b:n:w 1419.0212425
          e:c:n 4225.9652972
          e:c:w 4235.8090947
          e:n:w 6173.6137607
          c:n:w 5212.8879279
        b:e:c:n 1210.8985514
        b:e:c:w 1213.0602640
        b:e:n:w 1586.2464855
        b:c:n:w 1426.1330258
        e:c:n:w 48903.3470418
