########################################
# legofit: estimate population history #
#       version 2.3.4-4-g53f8760       #
########################################

# Program was compiled: Sep 21 2021 14:36:42
# Program was run: Sun Oct 10 23:22:09 2021

# cmd: legofit -1 -d 0 -t 32 --ptsPerDim 3 --stateOut b1boot16.state --tol 3e-6 -S 5000 aef2.lgo ../../chrX/boot_chrX/boot16.opf
# Stage nOptItr nSimReps
#     0    5000        0
# algorithm          : deterministic
# ignoring probs <=  : 0
# Branch length floor: 0
# DE strategy        : 2
#    F               : 0.3
#    CR              : 0.8
#    tolerance       : 3e-06
# nthreads           : 32
# lgo input file     : aef2.lgo
# site pat input file: ../../chrX/boot_chrX/boot16.opf
# free parameters    : 16
# points in DE swarm : 48
# output state file  : b1boot16.state
# Including singleton site patterns.
# cost function      : KL
Initial parameter values
Fixed:
      zero = 0
       one = 1
    Tbecnw = 75200
Free:
       pc1 = 0
       pc2 = 0
       pc3 = 0
       pc4 = 0
       pc5 = 0
       pc6 = 0
       pc7 = 0
       pc8 = 0
       pc9 = 0
      pc10 = 0
      pc11 = 0
      pc12 = 0
      pc13 = 0
      pc14 = 0
      pc15 = 0
      pc16 = 0
Constrained:
   Tgbecnw = 124677
     Tecnw = 26910.4
       Tnw = 24573.4
       Tec = 126.12
     twoNb = 530657
     twoNe = 976922
     twoNc = 847837
     twoNw = 1.26956e+06
    twoNec = 170888
    twoNnw = 8881.49
  twoNecnw = 70748.9
  twoNbecnw = 19041.8
  twoNgbecnw = 155744
         m = 0.189853
        m5 = 0.137994
        m6 = 0.00154319
        Ta = 37600
        Te = 63.0601
        Tf = 31.5301
DiffEv reached_goal. cost=2.49026e-03 spread=2.99228e-06
Fitted parameter values
Free:
       pc1 = 3.97566
       pc2 = 3.10438
       pc3 = -1.95667
       pc4 = 0.396575
       pc5 = 0.725259
       pc6 = 0.136367
       pc7 = -1.95449
       pc8 = -0.494267
       pc9 = 1.92462
      pc10 = 0.868588
      pc11 = 0.905899
      pc12 = 0.48876
      pc13 = -0.367282
      pc14 = 0.239411
      pc15 = 0.145678
      pc16 = 0.038599
Constrained:
   Tgbecnw = 102085
     Tecnw = 25569.3
       Tnw = 24366.6
       Tec = 115.462
     twoNb = 933391
     twoNe = 1.10378e+06
     twoNc = 853594
     twoNw = 3.04307e+06
    twoNec = 159674
    twoNnw = 4331.94
  twoNecnw = 68297.8
  twoNbecnw = 10876.4
  twoNgbecnw = 183125
         m = 0.158366
        m5 = 0.151722
        m6 = 0.00375292
        Ta = 37600
        Te = 57.7309
        Tf = 28.8654
#       SitePat  BranchLen
              b 121944.4842992
              e 45852.2909242
              c 47960.6714688
              n 44800.4465519
              w 44754.3750777
            b:e 1315.5234408
            b:c 1487.3527143
            b:n 1125.7869162
            b:w 1123.5912711
            e:c 11965.3324899
            e:n 4651.3671155
            e:w 4696.0748733
            c:n 4152.5653322
            c:w 4143.5876339
            n:w 12664.3970150
          b:e:c 1452.0351985
          b:e:n 649.0738350
          b:e:w 651.1602722
          b:c:n 654.5240628
          b:c:w 652.3099103
          b:n:w 1437.6720767
          e:c:n 4193.5653707
          e:c:w 4203.9067854
          e:n:w 6157.2876956
          c:n:w 5100.1961736
        b:e:c:n 1223.6295086
        b:e:c:w 1225.9528690
        b:e:n:w 1605.1178642
        b:c:n:w 1426.6887248
        e:c:n:w 48132.5847208
