########################################
# legofit: estimate population history #
#       version 2.3.4-4-g53f8760       #
########################################

# Program was compiled: Sep 21 2021 14:36:42
# Program was run: Sun Oct 10 23:22:25 2021

# cmd: legofit -1 -d 0 -t 32 --ptsPerDim 3 --stateOut b1boot19.state --tol 3e-6 -S 5000 aef2.lgo ../../chrX/boot_chrX/boot19.opf
# Stage nOptItr nSimReps
#     0    5000        0
# algorithm          : deterministic
# ignoring probs <=  : 0
# Branch length floor: 0
# DE strategy        : 2
#    F               : 0.3
#    CR              : 0.8
#    tolerance       : 3e-06
# nthreads           : 32
# lgo input file     : aef2.lgo
# site pat input file: ../../chrX/boot_chrX/boot19.opf
# free parameters    : 16
# points in DE swarm : 48
# output state file  : b1boot19.state
# Including singleton site patterns.
# cost function      : KL
Initial parameter values
Fixed:
      zero = 0
       one = 1
    Tbecnw = 75200
Free:
       pc1 = 0
       pc2 = 0
       pc3 = 0
       pc4 = 0
       pc5 = 0
       pc6 = 0
       pc7 = 0
       pc8 = 0
       pc9 = 0
      pc10 = 0
      pc11 = 0
      pc12 = 0
      pc13 = 0
      pc14 = 0
      pc15 = 0
      pc16 = 0
Constrained:
   Tgbecnw = 124677
     Tecnw = 26910.4
       Tnw = 24573.4
       Tec = 126.12
     twoNb = 530657
     twoNe = 976922
     twoNc = 847837
     twoNw = 1.26956e+06
    twoNec = 170888
    twoNnw = 8881.49
  twoNecnw = 70748.9
  twoNbecnw = 19041.8
  twoNgbecnw = 155744
         m = 0.189853
        m5 = 0.137994
        m6 = 0.00154319
        Ta = 37600
        Te = 63.0601
        Tf = 31.5301
DiffEv reached_goal. cost=2.55140e-03 spread=2.78907e-06
Fitted parameter values
Free:
       pc1 = 3.77063
       pc2 = 1.42768
       pc3 = -1.85354
       pc4 = -0.753278
       pc5 = 0.548408
       pc6 = -0.251215
       pc7 = -1.84842
       pc8 = -0.481291
       pc9 = 1.90599
      pc10 = 0.570762
      pc11 = -0.963118
      pc12 = 0.904686
      pc13 = -0.189442
      pc14 = 0.230763
      pc15 = 0.12327
      pc16 = 0.101701
Constrained:
   Tgbecnw = 106704
     Tecnw = 26133.6
       Tnw = 22921.4
       Tec = 125.399
     twoNb = 493249
     twoNe = 697725
     twoNc = 743589
     twoNw = 3.04375e+06
    twoNec = 157919
    twoNnw = 11582.8
  twoNecnw = 67892.3
  twoNbecnw = 12612.6
  twoNgbecnw = 174778
         m = 0.165649
        m5 = 0.13421
        m6 = 0.00500452
        Ta = 37600
        Te = 62.6995
        Tf = 31.3498
#       SitePat  BranchLen
              b 123170.9541499
              e 46224.5394346
              c 48119.1344007
              n 45130.7069227
              w 45090.8779945
            b:e 1310.7057326
            b:c 1459.5045913
            b:n 1126.2939270
            b:w 1124.4553286
            e:c 12318.0744698
            e:n 4601.4740227
            e:w 4639.5534240
            c:n 4142.3041123
            c:w 4135.2943521
            n:w 13026.7642261
          b:e:c 1458.2199406
          b:e:n 638.7709702
          b:e:w 640.4736438
          b:c:n 643.1734734
          b:c:w 641.3718393
          b:n:w 1445.6431789
          e:c:n 4248.3831873
          e:c:w 4257.1424744
          e:n:w 6070.7005255
          c:n:w 5139.5345417
        b:e:c:n 1216.9525381
        b:e:c:w 1218.8900971
        b:e:n:w 1567.2783921
        b:c:n:w 1413.1788347
        e:c:n:w 48664.7077849
