########################################
# legofit: estimate population history #
#       version 2.3.4-4-g53f8760       #
########################################

# Program was compiled: Sep 21 2021 14:36:42
# Program was run: Sun Oct 10 23:21:36 2021

# cmd: legofit -1 -d 0 -t 32 --ptsPerDim 3 --stateOut b1boot2.state --tol 3e-6 -S 5000 aef2.lgo ../../chrX/boot_chrX/boot2.opf
# Stage nOptItr nSimReps
#     0    5000        0
# algorithm          : deterministic
# ignoring probs <=  : 0
# Branch length floor: 0
# DE strategy        : 2
#    F               : 0.3
#    CR              : 0.8
#    tolerance       : 3e-06
# nthreads           : 32
# lgo input file     : aef2.lgo
# site pat input file: ../../chrX/boot_chrX/boot2.opf
# free parameters    : 16
# points in DE swarm : 48
# output state file  : b1boot2.state
# Including singleton site patterns.
# cost function      : KL
Initial parameter values
Fixed:
      zero = 0
       one = 1
    Tbecnw = 75200
Free:
       pc1 = 0
       pc2 = 0
       pc3 = 0
       pc4 = 0
       pc5 = 0
       pc6 = 0
       pc7 = 0
       pc8 = 0
       pc9 = 0
      pc10 = 0
      pc11 = 0
      pc12 = 0
      pc13 = 0
      pc14 = 0
      pc15 = 0
      pc16 = 0
Constrained:
   Tgbecnw = 124677
     Tecnw = 26910.4
       Tnw = 24573.4
       Tec = 126.12
     twoNb = 530657
     twoNe = 976922
     twoNc = 847837
     twoNw = 1.26956e+06
    twoNec = 170888
    twoNnw = 8881.49
  twoNecnw = 70748.9
  twoNbecnw = 19041.8
  twoNgbecnw = 155744
         m = 0.189853
        m5 = 0.137994
        m6 = 0.00154319
        Ta = 37600
        Te = 63.0601
        Tf = 31.5301
DiffEv reached_goal. cost=2.47031e-03 spread=2.91458e-06
Fitted parameter values
Free:
       pc1 = 3.98112
       pc2 = 3.99996
       pc3 = -1.89284
       pc4 = -0.338503
       pc5 = 0.610266
       pc6 = -0.564316
       pc7 = -1.78537
       pc8 = -1.02369
       pc9 = 1.94471
      pc10 = 0.413509
      pc11 = 0.845165
      pc12 = 0.84204
      pc13 = 0.0224821
      pc14 = 0.213041
      pc15 = 0.265374
      pc16 = 0.0432962
Constrained:
   Tgbecnw = 99870.3
     Tecnw = 25071.5
       Tnw = 24173.1
       Tec = 165.143
     twoNb = 987674
     twoNe = 1.0016e+06
     twoNc = 1.07858e+06
     twoNw = 2.88004e+06
    twoNec = 156986
    twoNnw = 3222.41
  twoNecnw = 70911.2
  twoNbecnw = 10230.5
  twoNgbecnw = 172064
         m = 0.172463
        m5 = 0.145172
        m6 = 0.00539253
        Ta = 37600
        Te = 82.5717
        Tf = 41.2859
#       SitePat  BranchLen
              b 121766.7025724
              e 45945.2268475
              c 47970.3444474
              n 44764.3286430
              w 44717.5523355
            b:e 1307.1839211
            b:c 1468.7167985
            b:n 1113.4571732
            b:w 1111.2546507
            e:c 12059.1816386
            e:n 4659.8463015
            e:w 4704.5673704
            c:n 4178.6232616
            c:w 4170.1897861
            n:w 12839.5479323
          b:e:c 1444.6573444
          b:e:n 642.5629287
          b:e:w 644.6026062
          b:c:n 647.9183949
          b:c:w 645.7444372
          b:n:w 1429.5868005
          e:c:n 4164.5038040
          e:c:w 4174.9925181
          e:n:w 6110.9855133
          c:n:w 5101.4685376
        b:e:c:n 1215.2353114
        b:e:c:w 1217.5721140
        b:e:n:w 1591.0837918
        b:c:n:w 1423.0536171
        e:c:n:w 47787.1304511
