########################################
# legofit: estimate population history #
#       version 2.3.4-4-g53f8760       #
########################################

# Program was compiled: Sep 21 2021 14:36:42
# Program was run: Sun Oct 10 23:22:39 2021

# cmd: legofit -1 -d 0 -t 32 --ptsPerDim 3 --stateOut b1boot25.state --tol 3e-6 -S 5000 aef2.lgo ../../chrX/boot_chrX/boot25.opf
# Stage nOptItr nSimReps
#     0    5000        0
# algorithm          : deterministic
# ignoring probs <=  : 0
# Branch length floor: 0
# DE strategy        : 2
#    F               : 0.3
#    CR              : 0.8
#    tolerance       : 3e-06
# nthreads           : 32
# lgo input file     : aef2.lgo
# site pat input file: ../../chrX/boot_chrX/boot25.opf
# free parameters    : 16
# points in DE swarm : 48
# output state file  : b1boot25.state
# Including singleton site patterns.
# cost function      : KL
Initial parameter values
Fixed:
      zero = 0
       one = 1
    Tbecnw = 75200
Free:
       pc1 = 0
       pc2 = 0
       pc3 = 0
       pc4 = 0
       pc5 = 0
       pc6 = 0
       pc7 = 0
       pc8 = 0
       pc9 = 0
      pc10 = 0
      pc11 = 0
      pc12 = 0
      pc13 = 0
      pc14 = 0
      pc15 = 0
      pc16 = 0
Constrained:
   Tgbecnw = 124677
     Tecnw = 26910.4
       Tnw = 24573.4
       Tec = 126.12
     twoNb = 530657
     twoNe = 976922
     twoNc = 847837
     twoNw = 1.26956e+06
    twoNec = 170888
    twoNnw = 8881.49
  twoNecnw = 70748.9
  twoNbecnw = 19041.8
  twoNgbecnw = 155744
         m = 0.189853
        m5 = 0.137994
        m6 = 0.00154319
        Ta = 37600
        Te = 63.0601
        Tf = 31.5301
DiffEv reached_goal. cost=2.43791e-03 spread=2.88166e-06
Fitted parameter values
Free:
       pc1 = 3.96185
       pc2 = 3.8404
       pc3 = -1.99202
       pc4 = 0.717831
       pc5 = 0.0396929
       pc6 = -0.623411
       pc7 = -1.92352
       pc8 = -0.357094
       pc9 = 1.92136
      pc10 = 0.139753
      pc11 = 0.636057
      pc12 = 0.815897
      pc13 = -0.0824165
      pc14 = -0.0544511
      pc15 = 0.0724156
      pc16 = 0.0215999
Constrained:
   Tgbecnw = 104528
     Tecnw = 24997.7
       Tnw = 24422.4
       Tec = 38.5109
     twoNb = 1.03133e+06
     twoNe = 915371
     twoNc = 1.0625e+06
     twoNw = 3.0289e+06
    twoNec = 155711
    twoNnw = 2063.88
  twoNecnw = 70542.3
  twoNbecnw = 11471.2
  twoNgbecnw = 189542
         m = 0.158782
        m5 = 0.146699
        m6 = 0.00473072
        Ta = 37600
        Te = 19.2555
        Tf = 9.62774
#       SitePat  BranchLen
              b 123339.7691366
              e 45844.2607907
              c 47893.5428279
              n 44760.7527517
              w 44715.5207775
            b:e 1313.4157937
            b:c 1478.3155670
            b:n 1122.1830155
            b:w 1120.0353916
            e:c 12158.7572949
            e:n 4683.9390126
            e:w 4727.4370081
            c:n 4200.0167915
            c:w 4191.5050489
            n:w 12853.8950337
          b:e:c 1452.5194442
          b:e:n 645.1612589
          b:e:w 647.1707536
          b:c:n 650.3887426
          b:c:w 648.2546746
          b:n:w 1438.2564661
          e:c:n 4214.6629028
          e:c:w 4224.9086241
          e:n:w 6170.1269977
          c:n:w 5140.6991408
        b:e:c:n 1219.5336615
        b:e:c:w 1221.8058587
        b:e:n:w 1595.2948040
        b:c:n:w 1424.0836260
        e:c:n:w 49197.1939891
