########################################
# legofit: estimate population history #
#       version 2.3.4-4-g53f8760       #
########################################

# Program was compiled: Sep 21 2021 14:36:42
# Program was run: Sun Oct 10 23:21:54 2021

# cmd: legofit -1 -d 0 -t 32 --ptsPerDim 3 --stateOut b1boot7.state --tol 3e-6 -S 5000 aef2.lgo ../../chrX/boot_chrX/boot7.opf
# Stage nOptItr nSimReps
#     0    5000        0
# algorithm          : deterministic
# ignoring probs <=  : 0
# Branch length floor: 0
# DE strategy        : 2
#    F               : 0.3
#    CR              : 0.8
#    tolerance       : 3e-06
# nthreads           : 32
# lgo input file     : aef2.lgo
# site pat input file: ../../chrX/boot_chrX/boot7.opf
# free parameters    : 16
# points in DE swarm : 48
# output state file  : b1boot7.state
# Including singleton site patterns.
# cost function      : KL
Initial parameter values
Fixed:
      zero = 0
       one = 1
    Tbecnw = 75200
Free:
       pc1 = 0
       pc2 = 0
       pc3 = 0
       pc4 = 0
       pc5 = 0
       pc6 = 0
       pc7 = 0
       pc8 = 0
       pc9 = 0
      pc10 = 0
      pc11 = 0
      pc12 = 0
      pc13 = 0
      pc14 = 0
      pc15 = 0
      pc16 = 0
Constrained:
   Tgbecnw = 124677
     Tecnw = 26910.4
       Tnw = 24573.4
       Tec = 126.12
     twoNb = 530657
     twoNe = 976922
     twoNc = 847837
     twoNw = 1.26956e+06
    twoNec = 170888
    twoNnw = 8881.49
  twoNecnw = 70748.9
  twoNbecnw = 19041.8
  twoNgbecnw = 155744
         m = 0.189853
        m5 = 0.137994
        m6 = 0.00154319
        Ta = 37600
        Te = 63.0601
        Tf = 31.5301
DiffEv reached_goal. cost=2.57399e-03 spread=2.73059e-06
Fitted parameter values
Free:
       pc1 = 3.89495
       pc2 = 3.46276
       pc3 = -1.83685
       pc4 = 0.236788
       pc5 = 0.430184
       pc6 = -0.645989
       pc7 = -1.72424
       pc8 = -1.03431
       pc9 = 1.91965
      pc10 = -0.158045
      pc11 = -0.344797
      pc12 = 0.902731
      pc13 = 0.0973675
      pc14 = 0.114041
      pc15 = 0.0699635
      pc16 = -0.0180539
Constrained:
   Tgbecnw = 104556
     Tecnw = 25229.5
       Tnw = 23916
       Tec = 71.9933
     twoNb = 937986
     twoNe = 1.2663e+06
     twoNc = 1.11304e+06
     twoNw = 2.98877e+06
    twoNec = 154628
    twoNnw = 5130.86
  twoNecnw = 70328.8
  twoNbecnw = 11853.8
  twoNgbecnw = 177361
         m = 0.163563
        m5 = 0.136228
        m6 = 0.00647693
        Ta = 37600
        Te = 35.9966
        Tf = 17.9983
#       SitePat  BranchLen
              b 122531.5257798
              e 46020.6628216
              c 47796.8210156
              n 45413.5142374
              w 45370.1724307
            b:e 1326.3792449
            b:c 1468.4138349
            b:n 1168.3987463
            b:w 1166.3154293
            e:c 12273.1671138
            e:n 4731.5895400
            e:w 4772.5151641
            c:n 4300.2606070
            c:w 4292.8312712
            n:w 12601.1727227
          b:e:c 1459.6931091
          b:e:n 665.9703050
          b:e:w 667.8589561
          b:c:n 670.6965012
          b:c:w 668.6885259
          b:n:w 1447.8722896
          e:c:n 4346.7427006
          e:c:w 4356.5882190
          e:n:w 5973.1311195
          c:n:w 5107.9857513
        b:e:c:n 1268.8004723
        b:e:c:w 1271.0031134
        b:e:n:w 1585.5572425
        b:c:n:w 1437.9668865
        e:c:n:w 48085.4813151
