########################################
# legofit: estimate population history #
#       version 2.3.4-4-g53f8760       #
########################################

# Program was compiled: Sep 21 2021 14:36:42
# Program was run: Sun Oct 10 23:22:25 2021

# cmd: legofit -1 -d 0 -t 32 --ptsPerDim 3 --stateOut b1boot17.state --tol 3e-6 -S 5000 aef2.lgo ../../chrX/boot_chrX/boot17.opf
# Stage nOptItr nSimReps
#     0    5000        0
# algorithm          : deterministic
# ignoring probs <=  : 0
# Branch length floor: 0
# DE strategy        : 2
#    F               : 0.3
#    CR              : 0.8
#    tolerance       : 3e-06
# nthreads           : 32
# lgo input file     : aef2.lgo
# site pat input file: ../../chrX/boot_chrX/boot17.opf
# free parameters    : 16
# points in DE swarm : 48
# output state file  : b1boot17.state
# Including singleton site patterns.
# cost function      : KL
Initial parameter values
Fixed:
      zero = 0
       one = 1
    Tbecnw = 75200
Free:
       pc1 = 0
       pc2 = 0
       pc3 = 0
       pc4 = 0
       pc5 = 0
       pc6 = 0
       pc7 = 0
       pc8 = 0
       pc9 = 0
      pc10 = 0
      pc11 = 0
      pc12 = 0
      pc13 = 0
      pc14 = 0
      pc15 = 0
      pc16 = 0
Constrained:
   Tgbecnw = 124677
     Tecnw = 26910.4
       Tnw = 24573.4
       Tec = 126.12
     twoNb = 530657
     twoNe = 976922
     twoNc = 847837
     twoNw = 1.26956e+06
    twoNec = 170888
    twoNnw = 8881.49
  twoNecnw = 70748.9
  twoNbecnw = 19041.8
  twoNgbecnw = 155744
         m = 0.189853
        m5 = 0.137994
        m6 = 0.00154319
        Ta = 37600
        Te = 63.0601
        Tf = 31.5301
DiffEv reached_goal. cost=2.50958e-03 spread=2.61702e-06
Fitted parameter values
Free:
       pc1 = 3.96359
       pc2 = 2.0449
       pc3 = -1.92483
       pc4 = -0.682597
       pc5 = 1.38063
       pc6 = 0.516891
       pc7 = -1.97953
       pc8 = -0.538017
       pc9 = 1.99778
      pc10 = -0.468112
      pc11 = -0.624522
      pc12 = 0.819109
      pc13 = -0.175154
      pc14 = 0.108901
      pc15 = 0.256615
      pc16 = 0.0090655
Constrained:
   Tgbecnw = 103366
     Tecnw = 25899.4
       Tnw = 22958.9
       Tec = 62.7063
     twoNb = 484439
     twoNe = 1.60813e+06
     twoNc = 679128
     twoNw = 2.83231e+06
    twoNec = 154315
    twoNnw = 11275.7
  twoNecnw = 67981.8
  twoNbecnw = 11584
  twoNgbecnw = 169272
         m = 0.176761
        m5 = 0.13829
        m6 = 0.0034024
        Ta = 37600
        Te = 31.3532
        Tf = 15.6766
#       SitePat  BranchLen
              b 123283.1511029
              e 45874.7348848
              c 47754.6082638
              n 45283.3701932
              w 45239.4599141
            b:e 1279.5759073
            b:c 1424.9594804
            b:n 1129.7890900
            b:w 1127.7682438
            e:c 12284.9872169
            e:n 4645.8319173
            e:w 4688.4535166
            c:n 4185.6007519
            c:w 4177.1771900
            n:w 12656.7369084
          b:e:c 1423.6193901
          b:e:n 639.1611783
          b:e:w 641.0822112
          b:c:n 643.8711321
          b:c:w 641.8378382
          b:n:w 1412.5429540
          e:c:n 4303.6335490
          e:c:w 4313.3457907
          e:n:w 5944.1794426
          c:n:w 5035.8135555
        b:e:c:n 1223.3808935
        b:e:c:w 1225.5140006
        b:e:n:w 1534.4374870
        b:c:n:w 1383.5883331
        e:c:n:w 48992.3418566
