########################################
# legofit: estimate population history #
#       version 2.3.4-4-g53f8760       #
########################################

# Program was compiled: Sep 21 2021 14:36:42
# Program was run: Sun Oct 10 23:23:10 2021

# cmd: legofit -1 -d 0 -t 32 --ptsPerDim 3 --stateOut b1boot36.state --tol 3e-6 -S 5000 aef2.lgo ../../chrX/boot_chrX/boot36.opf
# Stage nOptItr nSimReps
#     0    5000        0
# algorithm          : deterministic
# ignoring probs <=  : 0
# Branch length floor: 0
# DE strategy        : 2
#    F               : 0.3
#    CR              : 0.8
#    tolerance       : 3e-06
# nthreads           : 32
# lgo input file     : aef2.lgo
# site pat input file: ../../chrX/boot_chrX/boot36.opf
# free parameters    : 16
# points in DE swarm : 48
# output state file  : b1boot36.state
# Including singleton site patterns.
# cost function      : KL
Initial parameter values
Fixed:
      zero = 0
       one = 1
    Tbecnw = 75200
Free:
       pc1 = 0
       pc2 = 0
       pc3 = 0
       pc4 = 0
       pc5 = 0
       pc6 = 0
       pc7 = 0
       pc8 = 0
       pc9 = 0
      pc10 = 0
      pc11 = 0
      pc12 = 0
      pc13 = 0
      pc14 = 0
      pc15 = 0
      pc16 = 0
Constrained:
   Tgbecnw = 124677
     Tecnw = 26910.4
       Tnw = 24573.4
       Tec = 126.12
     twoNb = 530657
     twoNe = 976922
     twoNc = 847837
     twoNw = 1.26956e+06
    twoNec = 170888
    twoNnw = 8881.49
  twoNecnw = 70748.9
  twoNbecnw = 19041.8
  twoNgbecnw = 155744
         m = 0.189853
        m5 = 0.137994
        m6 = 0.00154319
        Ta = 37600
        Te = 63.0601
        Tf = 31.5301
DiffEv reached_goal. cost=2.55004e-03 spread=1.26661e-06
Fitted parameter values
Free:
       pc1 = 3.98942
       pc2 = 3.78999
       pc3 = -1.87375
       pc4 = 0.969715
       pc5 = 1.21249
       pc6 = -0.107963
       pc7 = -1.99109
       pc8 = -0.874195
       pc9 = 1.96168
      pc10 = 1.01981
      pc11 = 0.27964
      pc12 = 0.930656
      pc13 = 0.0824063
      pc14 = -0.0714154
      pc15 = 0.165104
      pc16 = 0.0327184
Constrained:
   Tgbecnw = 101418
     Tecnw = 25151.5
       Tnw = 24399.2
       Tec = 41.7013
     twoNb = 1.0479e+06
     twoNe = 1.47349e+06
     twoNc = 938756
     twoNw = 3.3342e+06
    twoNec = 161778
    twoNnw = 2839.24
  twoNecnw = 67912.9
  twoNbecnw = 10683.7
  twoNgbecnw = 179865
         m = 0.165599
        m5 = 0.144949
        m6 = 0.00626035
        Ta = 37600
        Te = 20.8506
        Tf = 10.4253
#       SitePat  BranchLen
              b 122596.8804195
              e 45624.8877370
              c 47514.7024739
              n 44689.1701710
              w 44648.2364527
            b:e 1295.0497914
            b:c 1446.5713084
            b:n 1117.3504699
            b:w 1115.4084540
            e:c 11840.3486284
            e:n 4686.0731831
            e:w 4724.9230130
            c:n 4235.4980309
            c:w 4228.2083867
            n:w 12403.5817141
          b:e:c 1409.5521225
          b:e:n 645.5637088
          b:e:w 647.3402787
          b:c:n 650.3001434
          b:c:w 648.4131264
          b:n:w 1396.5432111
          e:c:n 4252.8785128
          e:c:w 4262.2520455
          e:n:w 6066.6864663
          c:n:w 5124.1615079
        b:e:c:n 1212.9551022
        b:e:c:w 1215.0075652
        b:e:n:w 1560.0867327
        b:c:n:w 1402.7559334
        e:c:n:w 48916.1734800
