########################################
# legofit: estimate population history #
#       version 2.3.4-4-g53f8760       #
########################################

# Program was compiled: Sep 21 2021 14:36:42
# Program was run: Sun Oct 10 23:22:51 2021

# cmd: legofit -1 -d 0 -t 32 --ptsPerDim 3 --stateOut b1boot32.state --tol 3e-6 -S 5000 aef2.lgo ../../chrX/boot_chrX/boot32.opf
# Stage nOptItr nSimReps
#     0    5000        0
# algorithm          : deterministic
# ignoring probs <=  : 0
# Branch length floor: 0
# DE strategy        : 2
#    F               : 0.3
#    CR              : 0.8
#    tolerance       : 3e-06
# nthreads           : 32
# lgo input file     : aef2.lgo
# site pat input file: ../../chrX/boot_chrX/boot32.opf
# free parameters    : 16
# points in DE swarm : 48
# output state file  : b1boot32.state
# Including singleton site patterns.
# cost function      : KL
Initial parameter values
Fixed:
      zero = 0
       one = 1
    Tbecnw = 75200
Free:
       pc1 = 0
       pc2 = 0
       pc3 = 0
       pc4 = 0
       pc5 = 0
       pc6 = 0
       pc7 = 0
       pc8 = 0
       pc9 = 0
      pc10 = 0
      pc11 = 0
      pc12 = 0
      pc13 = 0
      pc14 = 0
      pc15 = 0
      pc16 = 0
Constrained:
   Tgbecnw = 124677
     Tecnw = 26910.4
       Tnw = 24573.4
       Tec = 126.12
     twoNb = 530657
     twoNe = 976922
     twoNc = 847837
     twoNw = 1.26956e+06
    twoNec = 170888
    twoNnw = 8881.49
  twoNecnw = 70748.9
  twoNbecnw = 19041.8
  twoNgbecnw = 155744
         m = 0.189853
        m5 = 0.137994
        m6 = 0.00154319
        Ta = 37600
        Te = 63.0601
        Tf = 31.5301
DiffEv reached_goal. cost=2.29129e-03 spread=2.49268e-06
Fitted parameter values
Free:
       pc1 = 3.96756
       pc2 = 3.62225
       pc3 = -1.96634
       pc4 = 0.484109
       pc5 = 1.1757
       pc6 = -0.912204
       pc7 = -1.97166
       pc8 = -0.59416
       pc9 = 1.87048
      pc10 = 0.854489
      pc11 = 0.33725
      pc12 = -0.122127
      pc13 = -0.339814
      pc14 = 0.245504
      pc15 = 0.208791
      pc16 = -0.00814434
Constrained:
   Tgbecnw = 100098
     Tecnw = 25651.6
       Tnw = 24913.5
       Tec = 42.6591
     twoNb = 1.1015e+06
     twoNe = 859477
     twoNc = 1.07092e+06
     twoNw = 2.88503e+06
    twoNec = 157673
    twoNnw = 2697.63
  twoNecnw = 67464.5
  twoNbecnw = 10255.9
  twoNgbecnw = 177932
         m = 0.167614
        m5 = 0.143349
        m6 = 0.00633424
        Ta = 37600
        Te = 21.3295
        Tf = 10.6648
#       SitePat  BranchLen
              b 122284.2783687
              e 45703.9251282
              c 47606.5051250
              n 44881.3384868
              w 44833.7692818
            b:e 1291.1947129
            b:c 1445.5465185
            b:n 1112.2816505
            b:w 1110.0321514
            e:c 12025.3992819
            e:n 4581.1852886
            e:w 4626.2854116
            c:n 4134.5573414
            c:w 4126.2797500
            n:w 12480.4189127
          b:e:c 1429.1950845
          b:e:n 636.9879783
          b:e:w 639.0414818
          b:c:n 642.0897361
          b:c:w 639.9055954
          b:n:w 1415.8206509
          e:c:n 4200.9631047
          e:c:w 4211.7097781
          e:n:w 6026.9512469
          c:n:w 5071.0048589
        b:e:c:n 1208.8281403
        b:e:c:w 1211.2082766
        b:e:n:w 1560.7651954
        b:c:n:w 1400.4475183
        e:c:n:w 48673.9829499
