########################################
# legofit: estimate population history #
#       version 2.3.4-4-g53f8760       #
########################################

# Program was compiled: Sep 21 2021 14:36:42
# Program was run: Sun Oct 10 23:23:32 2021

# cmd: legofit -1 -d 0 -t 32 --ptsPerDim 3 --stateOut b1boot47.state --tol 3e-6 -S 5000 aef2.lgo ../../chrX/boot_chrX/boot47.opf
# Stage nOptItr nSimReps
#     0    5000        0
# algorithm          : deterministic
# ignoring probs <=  : 0
# Branch length floor: 0
# DE strategy        : 2
#    F               : 0.3
#    CR              : 0.8
#    tolerance       : 3e-06
# nthreads           : 32
# lgo input file     : aef2.lgo
# site pat input file: ../../chrX/boot_chrX/boot47.opf
# free parameters    : 16
# points in DE swarm : 48
# output state file  : b1boot47.state
# Including singleton site patterns.
# cost function      : KL
Initial parameter values
Fixed:
      zero = 0
       one = 1
    Tbecnw = 75200
Free:
       pc1 = 0
       pc2 = 0
       pc3 = 0
       pc4 = 0
       pc5 = 0
       pc6 = 0
       pc7 = 0
       pc8 = 0
       pc9 = 0
      pc10 = 0
      pc11 = 0
      pc12 = 0
      pc13 = 0
      pc14 = 0
      pc15 = 0
      pc16 = 0
Constrained:
   Tgbecnw = 124677
     Tecnw = 26910.4
       Tnw = 24573.4
       Tec = 126.12
     twoNb = 530657
     twoNe = 976922
     twoNc = 847837
     twoNw = 1.26956e+06
    twoNec = 170888
    twoNnw = 8881.49
  twoNecnw = 70748.9
  twoNbecnw = 19041.8
  twoNgbecnw = 155744
         m = 0.189853
        m5 = 0.137994
        m6 = 0.00154319
        Ta = 37600
        Te = 63.0601
        Tf = 31.5301
DiffEv reached_goal. cost=2.47246e-03 spread=2.39805e-06
Fitted parameter values
Free:
       pc1 = 3.98823
       pc2 = 3.85145
       pc3 = -1.98987
       pc4 = 0.619663
       pc5 = 0.682389
       pc6 = 0.365554
       pc7 = -1.91033
       pc8 = 0.398675
       pc9 = 1.98696
      pc10 = 0.197379
      pc11 = 1.30802
      pc12 = 0.548138
      pc13 = -0.120623
      pc14 = 0.0771012
      pc15 = 0.194673
      pc16 = 0.0284443
Constrained:
   Tgbecnw = 102006
     Tecnw = 25076.7
       Tnw = 24646.7
       Tec = 9.98259
     twoNb = 792772
     twoNe = 1.203e+06
     twoNc = 904064
     twoNw = 2.87487e+06
    twoNec = 157637
    twoNnw = 1604.43
  twoNecnw = 69174.7
  twoNbecnw = 10493
  twoNgbecnw = 184383
         m = 0.158077
        m5 = 0.155183
        m6 = 0.00123901
        Ta = 37600
        Te = 4.99129
        Tf = 2.49565
#       SitePat  BranchLen
              b 121331.7803451
              e 45496.0650567
              c 47614.1905996
              n 44714.4166682
              w 44664.9233697
            b:e 1234.1768234
            b:c 1397.7550099
            b:n 1071.1925080
            b:w 1068.9379667
            e:c 11861.7984216
            e:n 4671.1246518
            e:w 4720.1376738
            c:n 4168.0305569
            c:w 4157.3781060
            n:w 12389.8965604
          b:e:c 1357.9633256
          b:e:n 617.5573724
          b:e:w 619.7751585
          b:c:n 623.0083897
          b:c:w 620.6599038
          b:n:w 1345.2928242
          e:c:n 4166.3911427
          e:c:w 4177.5238701
          e:n:w 6035.4531170
          c:n:w 4983.1812366
        b:e:c:n 1163.6557601
        b:e:c:w 1166.0410011
        b:e:n:w 1508.3765358
        b:c:n:w 1338.4625867
        e:c:n:w 47668.5956005
