########################################
# legofit: estimate population history #
#       version 2.3.4-4-g53f8760       #
########################################

# Program was compiled: Sep 21 2021 14:36:42
# Program was run: Sun Oct 10 23:23:10 2021

# cmd: legofit -1 -d 0 -t 32 --ptsPerDim 3 --stateOut b1boot37.state --tol 3e-6 -S 5000 aef2.lgo ../../chrX/boot_chrX/boot37.opf
# Stage nOptItr nSimReps
#     0    5000        0
# algorithm          : deterministic
# ignoring probs <=  : 0
# Branch length floor: 0
# DE strategy        : 2
#    F               : 0.3
#    CR              : 0.8
#    tolerance       : 3e-06
# nthreads           : 32
# lgo input file     : aef2.lgo
# site pat input file: ../../chrX/boot_chrX/boot37.opf
# free parameters    : 16
# points in DE swarm : 48
# output state file  : b1boot37.state
# Including singleton site patterns.
# cost function      : KL
Initial parameter values
Fixed:
      zero = 0
       one = 1
    Tbecnw = 75200
Free:
       pc1 = 0
       pc2 = 0
       pc3 = 0
       pc4 = 0
       pc5 = 0
       pc6 = 0
       pc7 = 0
       pc8 = 0
       pc9 = 0
      pc10 = 0
      pc11 = 0
      pc12 = 0
      pc13 = 0
      pc14 = 0
      pc15 = 0
      pc16 = 0
Constrained:
   Tgbecnw = 124677
     Tecnw = 26910.4
       Tnw = 24573.4
       Tec = 126.12
     twoNb = 530657
     twoNe = 976922
     twoNc = 847837
     twoNw = 1.26956e+06
    twoNec = 170888
    twoNnw = 8881.49
  twoNecnw = 70748.9
  twoNbecnw = 19041.8
  twoNgbecnw = 155744
         m = 0.189853
        m5 = 0.137994
        m6 = 0.00154319
        Ta = 37600
        Te = 63.0601
        Tf = 31.5301
DiffEv reached_goal. cost=2.36842e-03 spread=2.51094e-06
Fitted parameter values
Free:
       pc1 = 3.99994
       pc2 = 2.20594
       pc3 = -1.44868
       pc4 = -0.313945
       pc5 = 1.16495
       pc6 = -0.935562
       pc7 = -1.94127
       pc8 = -1.13377
       pc9 = 1.9542
      pc10 = 1.45267
      pc11 = 0.0359542
      pc12 = 0.905563
      pc13 = 0.201654
      pc14 = 0.0585076
      pc15 = 0.135016
      pc16 = 0.0157087
Constrained:
   Tgbecnw = 101942
     Tecnw = 25632
       Tnw = 23341.5
       Tec = 159.956
     twoNb = 1.0436e+06
     twoNe = 608716
     twoNc = 860240
     twoNw = 2.94748e+06
    twoNec = 163631
    twoNnw = 9012.44
  twoNecnw = 66932.5
  twoNbecnw = 11279.5
  twoNgbecnw = 170809
         m = 0.169756
        m5 = 0.138254
        m6 = 0.00718368
        Ta = 37600
        Te = 79.9778
        Tf = 39.9889
#       SitePat  BranchLen
              b 122454.7048680
              e 45906.9221346
              c 47673.5439681
              n 45083.5450117
              w 45040.0026596
            b:e 1331.0990286
            b:c 1473.2883498
            b:n 1164.1457827
            b:w 1162.0492223
            e:c 11891.3339684
            e:n 4717.3467084
            e:w 4758.2440162
            c:n 4288.2526536
            c:w 4280.9984976
            n:w 12391.5785153
          b:e:c 1442.9864067
          b:e:n 669.4890350
          b:e:w 671.3723779
          b:c:n 674.1396506
          b:c:w 672.1397401
          b:n:w 1431.0024160
          e:c:n 4345.6074038
          e:c:w 4355.5066041
          e:n:w 6008.9128028
          c:n:w 5148.6305427
        b:e:c:n 1261.5038770
        b:e:c:w 1263.7170049
        b:e:n:w 1587.4942678
        b:c:n:w 1439.8869688
        e:c:n:w 48487.4833602
