########################################
# legofit: estimate population history #
#       version 2.3.4-4-g53f8760       #
########################################

# Program was compiled: Sep 21 2021 14:36:42
# Program was run: Sun Oct 10 23:22:54 2021

# cmd: legofit -1 -d 0 -t 32 --ptsPerDim 3 --stateOut b1boot33.state --tol 3e-6 -S 5000 aef2.lgo ../../chrX/boot_chrX/boot33.opf
# Stage nOptItr nSimReps
#     0    5000        0
# algorithm          : deterministic
# ignoring probs <=  : 0
# Branch length floor: 0
# DE strategy        : 2
#    F               : 0.3
#    CR              : 0.8
#    tolerance       : 3e-06
# nthreads           : 32
# lgo input file     : aef2.lgo
# site pat input file: ../../chrX/boot_chrX/boot33.opf
# free parameters    : 16
# points in DE swarm : 48
# output state file  : b1boot33.state
# Including singleton site patterns.
# cost function      : KL
Initial parameter values
Fixed:
      zero = 0
       one = 1
    Tbecnw = 75200
Free:
       pc1 = 0
       pc2 = 0
       pc3 = 0
       pc4 = 0
       pc5 = 0
       pc6 = 0
       pc7 = 0
       pc8 = 0
       pc9 = 0
      pc10 = 0
      pc11 = 0
      pc12 = 0
      pc13 = 0
      pc14 = 0
      pc15 = 0
      pc16 = 0
Constrained:
   Tgbecnw = 124677
     Tecnw = 26910.4
       Tnw = 24573.4
       Tec = 126.12
     twoNb = 530657
     twoNe = 976922
     twoNc = 847837
     twoNw = 1.26956e+06
    twoNec = 170888
    twoNnw = 8881.49
  twoNecnw = 70748.9
  twoNbecnw = 19041.8
  twoNgbecnw = 155744
         m = 0.189853
        m5 = 0.137994
        m6 = 0.00154319
        Ta = 37600
        Te = 63.0601
        Tf = 31.5301
DiffEv reached_goal. cost=2.46669e-03 spread=2.97217e-06
Fitted parameter values
Free:
       pc1 = 3.99264
       pc2 = 2.64683
       pc3 = -1.74083
       pc4 = 0.159583
       pc5 = 1.85092
       pc6 = -1.29823
       pc7 = -1.82086
       pc8 = -1.44957
       pc9 = 1.92177
      pc10 = 0.90195
      pc11 = -0.405658
      pc12 = 0.562303
      pc13 = -0.15171
      pc14 = 0.0812932
      pc15 = 0.269219
      pc16 = 0.0639391
Constrained:
   Tgbecnw = 100363
     Tecnw = 25867
       Tnw = 23659.1
       Tec = 61.9714
     twoNb = 1.17996e+06
     twoNe = 1.06177e+06
     twoNc = 1.12422e+06
     twoNw = 2.88054e+06
    twoNec = 160746
    twoNnw = 7934.38
  twoNecnw = 66883.3
  twoNbecnw = 10641.7
  twoNgbecnw = 171773
         m = 0.180319
        m5 = 0.134982
        m6 = 0.00906999
        Ta = 37600
        Te = 30.9857
        Tf = 15.4928
#       SitePat  BranchLen
              b 123948.3316683
              e 45923.0677073
              c 47732.3223379
              n 44752.1788147
              w 44708.0856414
            b:e 1323.8096267
            b:c 1470.1814861
            b:n 1127.0109335
            b:w 1124.9253140
            e:c 12078.1242613
            e:n 4574.5966514
            e:w 4615.2884305
            c:n 4145.0558314
            c:w 4138.5700688
            n:w 12779.6676134
          b:e:c 1460.5959836
          b:e:n 645.1847732
          b:e:w 647.0001422
          b:c:n 649.8111190
          b:c:w 647.8774159
          b:n:w 1446.7112806
          e:c:n 4225.8610123
          e:c:w 4235.7481691
          e:n:w 6078.3217577
          c:n:w 5175.3263088
        b:e:c:n 1223.0183692
        b:e:c:w 1225.2223228
        b:e:n:w 1584.9702210
        b:c:n:w 1433.0947421
        e:c:n:w 50116.9359699
