########################################
# legofit: estimate population history #
#       version 2.3.4-4-g53f8760       #
########################################

# Program was compiled: Sep 21 2021 14:36:42
# Program was run: Sun Oct 10 23:21:36 2021

# cmd: legofit -1 -d 0 -t 32 --ptsPerDim 3 --stateOut b1boot1.state --tol 3e-6 -S 5000 aef2.lgo ../../chrX/boot_chrX/boot1.opf
# Stage nOptItr nSimReps
#     0    5000        0
# algorithm          : deterministic
# ignoring probs <=  : 0
# Branch length floor: 0
# DE strategy        : 2
#    F               : 0.3
#    CR              : 0.8
#    tolerance       : 3e-06
# nthreads           : 32
# lgo input file     : aef2.lgo
# site pat input file: ../../chrX/boot_chrX/boot1.opf
# free parameters    : 16
# points in DE swarm : 48
# output state file  : b1boot1.state
# Including singleton site patterns.
# cost function      : KL
Initial parameter values
Fixed:
      zero = 0
       one = 1
    Tbecnw = 75200
Free:
       pc1 = 0
       pc2 = 0
       pc3 = 0
       pc4 = 0
       pc5 = 0
       pc6 = 0
       pc7 = 0
       pc8 = 0
       pc9 = 0
      pc10 = 0
      pc11 = 0
      pc12 = 0
      pc13 = 0
      pc14 = 0
      pc15 = 0
      pc16 = 0
Constrained:
   Tgbecnw = 124677
     Tecnw = 26910.4
       Tnw = 24573.4
       Tec = 126.12
     twoNb = 530657
     twoNe = 976922
     twoNc = 847837
     twoNw = 1.26956e+06
    twoNec = 170888
    twoNnw = 8881.49
  twoNecnw = 70748.9
  twoNbecnw = 19041.8
  twoNgbecnw = 155744
         m = 0.189853
        m5 = 0.137994
        m6 = 0.00154319
        Ta = 37600
        Te = 63.0601
        Tf = 31.5301
DiffEv reached_goal. cost=2.54270e-03 spread=2.65177e-06
Fitted parameter values
Free:
       pc1 = 3.97347
       pc2 = 2.05532
       pc3 = -1.91364
       pc4 = -0.109376
       pc5 = 0.732503
       pc6 = -0.926043
       pc7 = -1.94251
       pc8 = -0.227997
       pc9 = 1.9832
      pc10 = -0.119716
      pc11 = 0.685988
      pc12 = 0.767074
      pc13 = -0.289737
      pc14 = 0.291317
      pc15 = 0.0997086
      pc16 = 0.0461121
Constrained:
   Tgbecnw = 103701
     Tecnw = 25759.9
       Tnw = 23255.1
       Tec = 33.3987
     twoNb = 997229
     twoNe = 596503
     twoNc = 989607
     twoNw = 2.54265e+06
    twoNec = 156420
    twoNnw = 9250.77
  twoNecnw = 69502.3
  twoNbecnw = 11567.5
  twoNgbecnw = 181189
         m = 0.161425
        m5 = 0.146944
        m6 = 0.00392739
        Ta = 37600
        Te = 16.6994
        Tf = 8.34968
#       SitePat  BranchLen
              b 122716.1575638
              e 46121.6173562
              c 48190.1187734
              n 45231.0720093
              w 45178.5102208
            b:e 1345.9146013
            b:c 1513.3519180
            b:n 1169.4042665
            b:w 1166.8818338
            e:c 12247.3339558
            e:n 4695.1726166
            e:w 4746.0624419
            c:n 4196.9682155
            c:w 4187.0012816
            n:w 12869.5726221
          b:e:c 1495.9754526
          b:e:n 668.2699492
          b:e:w 670.6571645
          b:c:n 674.0002577
          b:c:w 671.4653267
          b:n:w 1482.3377724
          e:c:n 4267.6409482
          e:c:w 4279.2798453
          e:n:w 6107.9166080
          c:n:w 5096.6807523
        b:e:c:n 1271.3279685
        b:e:c:w 1273.9981169
        b:e:n:w 1634.7788261
        b:c:n:w 1460.8030386
        e:c:n:w 48389.3782058
