########################################
# legofit: estimate population history #
#       version 2.3.4-4-g53f8760       #
########################################

# Program was compiled: Sep 21 2021 14:36:42
# Program was run: Sun Oct 10 23:23:10 2021

# cmd: legofit -1 -d 0 -t 32 --ptsPerDim 3 --stateOut b1boot38.state --tol 3e-6 -S 5000 aef2.lgo ../../chrX/boot_chrX/boot38.opf
# Stage nOptItr nSimReps
#     0    5000        0
# algorithm          : deterministic
# ignoring probs <=  : 0
# Branch length floor: 0
# DE strategy        : 2
#    F               : 0.3
#    CR              : 0.8
#    tolerance       : 3e-06
# nthreads           : 32
# lgo input file     : aef2.lgo
# site pat input file: ../../chrX/boot_chrX/boot38.opf
# free parameters    : 16
# points in DE swarm : 48
# output state file  : b1boot38.state
# Including singleton site patterns.
# cost function      : KL
Initial parameter values
Fixed:
      zero = 0
       one = 1
    Tbecnw = 75200
Free:
       pc1 = 0
       pc2 = 0
       pc3 = 0
       pc4 = 0
       pc5 = 0
       pc6 = 0
       pc7 = 0
       pc8 = 0
       pc9 = 0
      pc10 = 0
      pc11 = 0
      pc12 = 0
      pc13 = 0
      pc14 = 0
      pc15 = 0
      pc16 = 0
Constrained:
   Tgbecnw = 124677
     Tecnw = 26910.4
       Tnw = 24573.4
       Tec = 126.12
     twoNb = 530657
     twoNe = 976922
     twoNc = 847837
     twoNw = 1.26956e+06
    twoNec = 170888
    twoNnw = 8881.49
  twoNecnw = 70748.9
  twoNbecnw = 19041.8
  twoNgbecnw = 155744
         m = 0.189853
        m5 = 0.137994
        m6 = 0.00154319
        Ta = 37600
        Te = 63.0601
        Tf = 31.5301
DiffEv reached_goal. cost=2.64719e-03 spread=1.74489e-06
Fitted parameter values
Free:
       pc1 = 3.99689
       pc2 = 3.88515
       pc3 = -1.84335
       pc4 = 1.26185
       pc5 = 1.24643
       pc6 = -0.568701
       pc7 = -1.89857
       pc8 = -0.728868
       pc9 = 1.94118
      pc10 = 1.51341
      pc11 = 0.468152
      pc12 = 0.659799
      pc13 = -0.19044
      pc14 = -0.0398552
      pc15 = 0.197979
      pc16 = 0.0148561
Constrained:
   Tgbecnw = 100804
     Tecnw = 25282.8
       Tnw = 24857.8
       Tec = 28.1327
     twoNb = 1.17828e+06
     twoNe = 1.16238e+06
     twoNc = 1.06556e+06
     twoNw = 3.30946e+06
    twoNec = 163757
    twoNnw = 1608.49
  twoNecnw = 67345.6
  twoNbecnw = 10282.1
  twoNgbecnw = 186686
         m = 0.16422
        m5 = 0.145762
        m6 = 0.00683005
        Ta = 37600
        Te = 14.0663
        Tf = 7.03317
#       SitePat  BranchLen
              b 123185.6052360
              e 45621.0132208
              c 47487.3937524
              n 44726.7707283
              w 44684.6115845
            b:e 1281.2542677
            b:c 1431.0118807
            b:n 1104.8926626
            b:w 1102.9017421
            e:c 11734.6639391
            e:n 4657.9234650
            e:w 4697.7626060
            c:n 4215.1681190
            c:w 4207.8330924
            n:w 12251.7316208
          b:e:c 1391.2297696
          b:e:n 639.6225921
          b:e:w 641.4301356
          b:c:n 644.3803649
          b:c:w 642.4588770
          b:n:w 1378.2474985
          e:c:n 4222.8317402
          e:c:w 4232.4867697
          e:n:w 6025.9517395
          c:n:w 5092.2560675
        b:e:c:n 1200.0578409
        b:e:c:w 1202.1627059
        b:e:n:w 1544.1004800
        b:c:n:w 1388.5563528
        e:c:n:w 49685.4211344
