########################################
# legofit: estimate population history #
#       version 2.3.4-4-g53f8760       #
########################################

# Program was compiled: Sep 21 2021 14:36:42
# Program was run: Sun Oct 10 23:22:39 2021

# cmd: legofit -1 -d 0 -t 32 --ptsPerDim 3 --stateOut b1boot26.state --tol 3e-6 -S 5000 aef2.lgo ../../chrX/boot_chrX/boot26.opf
# Stage nOptItr nSimReps
#     0    5000        0
# algorithm          : deterministic
# ignoring probs <=  : 0
# Branch length floor: 0
# DE strategy        : 2
#    F               : 0.3
#    CR              : 0.8
#    tolerance       : 3e-06
# nthreads           : 32
# lgo input file     : aef2.lgo
# site pat input file: ../../chrX/boot_chrX/boot26.opf
# free parameters    : 16
# points in DE swarm : 48
# output state file  : b1boot26.state
# Including singleton site patterns.
# cost function      : KL
Initial parameter values
Fixed:
      zero = 0
       one = 1
    Tbecnw = 75200
Free:
       pc1 = 0
       pc2 = 0
       pc3 = 0
       pc4 = 0
       pc5 = 0
       pc6 = 0
       pc7 = 0
       pc8 = 0
       pc9 = 0
      pc10 = 0
      pc11 = 0
      pc12 = 0
      pc13 = 0
      pc14 = 0
      pc15 = 0
      pc16 = 0
Constrained:
   Tgbecnw = 124677
     Tecnw = 26910.4
       Tnw = 24573.4
       Tec = 126.12
     twoNb = 530657
     twoNe = 976922
     twoNc = 847837
     twoNw = 1.26956e+06
    twoNec = 170888
    twoNnw = 8881.49
  twoNecnw = 70748.9
  twoNbecnw = 19041.8
  twoNgbecnw = 155744
         m = 0.189853
        m5 = 0.137994
        m6 = 0.00154319
        Ta = 37600
        Te = 63.0601
        Tf = 31.5301
DiffEv reached_goal. cost=2.44055e-03 spread=2.90798e-06
Fitted parameter values
Free:
       pc1 = 3.98393
       pc2 = 3.6956
       pc3 = -1.68141
       pc4 = 0.10869
       pc5 = 0.473275
       pc6 = -1.17573
       pc7 = -1.89882
       pc8 = -0.903917
       pc9 = 1.79636
      pc10 = 1.4821
      pc11 = 0.484036
      pc12 = 0.683463
      pc13 = 0.217273
      pc14 = 0.116013
      pc15 = 0.0547239
      pc16 = 0.0353298
Constrained:
   Tgbecnw = 101094
     Tecnw = 25138.2
       Tnw = 24445.8
       Tec = 150.032
     twoNb = 1.09997e+06
     twoNe = 438396
     twoNc = 1.01939e+06
     twoNw = 3.0573e+06
    twoNec = 161427
    twoNnw = 2576.57
  twoNecnw = 68860.9
  twoNbecnw = 10876.5
  twoNgbecnw = 176239
         m = 0.162617
        m5 = 0.14151
        m6 = 0.00742581
        Ta = 37600
        Te = 75.0162
        Tf = 37.5081
#       SitePat  BranchLen
              b 121796.0363807
              e 45911.9314908
              c 47780.3001605
              n 44839.5696570
              w 44795.4797502
            b:e 1367.0459299
            b:c 1523.3612255
            b:n 1171.7006928
            b:w 1169.5136873
            e:c 11966.5928612
            e:n 4711.1104897
            e:w 4752.4910810
            c:n 4269.3045100
            c:w 4261.8645635
            n:w 12610.5116745
          b:e:c 1490.5840771
          b:e:n 677.5906530
          b:e:w 679.5528604
          b:c:n 682.6878794
          b:c:w 680.5975811
          b:n:w 1476.0823050
          e:c:n 4288.0167720
          e:c:w 4298.1660339
          e:n:w 6145.7317980
          c:n:w 5209.7956254
        b:e:c:n 1275.0027626
        b:e:c:w 1277.3178591
        b:e:n:w 1646.4870920
        b:c:n:w 1484.0298492
        e:c:n:w 47909.9690744
