########################################
# legofit: estimate population history #
#       version 2.3.4-4-g53f8760       #
########################################

# Program was compiled: Sep 21 2021 14:36:42
# Program was run: Sun Oct 10 23:21:36 2021

# cmd: legofit -1 -d 0 -t 32 --ptsPerDim 3 --stateOut b1boot4.state --tol 3e-6 -S 5000 aef2.lgo ../../chrX/boot_chrX/boot4.opf
# Stage nOptItr nSimReps
#     0    5000        0
# algorithm          : deterministic
# ignoring probs <=  : 0
# Branch length floor: 0
# DE strategy        : 2
#    F               : 0.3
#    CR              : 0.8
#    tolerance       : 3e-06
# nthreads           : 32
# lgo input file     : aef2.lgo
# site pat input file: ../../chrX/boot_chrX/boot4.opf
# free parameters    : 16
# points in DE swarm : 48
# output state file  : b1boot4.state
# Including singleton site patterns.
# cost function      : KL
Initial parameter values
Fixed:
      zero = 0
       one = 1
    Tbecnw = 75200
Free:
       pc1 = 0
       pc2 = 0
       pc3 = 0
       pc4 = 0
       pc5 = 0
       pc6 = 0
       pc7 = 0
       pc8 = 0
       pc9 = 0
      pc10 = 0
      pc11 = 0
      pc12 = 0
      pc13 = 0
      pc14 = 0
      pc15 = 0
      pc16 = 0
Constrained:
   Tgbecnw = 124677
     Tecnw = 26910.4
       Tnw = 24573.4
       Tec = 126.12
     twoNb = 530657
     twoNe = 976922
     twoNc = 847837
     twoNw = 1.26956e+06
    twoNec = 170888
    twoNnw = 8881.49
  twoNecnw = 70748.9
  twoNbecnw = 19041.8
  twoNgbecnw = 155744
         m = 0.189853
        m5 = 0.137994
        m6 = 0.00154319
        Ta = 37600
        Te = 63.0601
        Tf = 31.5301
DiffEv reached_goal. cost=2.48840e-03 spread=2.53662e-06
Fitted parameter values
Free:
       pc1 = 3.97154
       pc2 = 3.99399
       pc3 = -1.97987
       pc4 = 1.30244
       pc5 = 0.995667
       pc6 = 0.0257666
       pc7 = -1.97627
       pc8 = -0.848833
       pc9 = 1.9791
      pc10 = -0.143649
      pc11 = 1.47854
      pc12 = 0.377089
      pc13 = -0.162049
      pc14 = -0.0540303
      pc15 = 0.138365
      pc16 = 0.00280696
Constrained:
   Tgbecnw = 101802
     Tecnw = 25084.2
       Tnw = 24703.8
       Tec = 22.6114
     twoNb = 1.33119e+06
     twoNe = 1.74979e+06
     twoNc = 1.06563e+06
     twoNw = 2.82822e+06
    twoNec = 156406
    twoNnw = 1414.26
  twoNecnw = 69171.5
  twoNbecnw = 10760.2
  twoNgbecnw = 184045
         m = 0.163429
        m5 = 0.1564
        m6 = 0.00404445
        Ta = 37600
        Te = 11.3057
        Tf = 5.65286
#       SitePat  BranchLen
              b 122946.6552622
              e 45600.1180405
              c 47715.3060519
              n 44802.2068400
              w 44750.3665493
            b:e 1309.0391746
            b:c 1481.3038669
            b:n 1135.0404614
            b:w 1132.5443077
            e:c 11982.3950635
            e:n 4720.7910693
            e:w 4771.0256054
            c:n 4222.7829870
            c:w 4212.5464357
            n:w 12500.2265724
          b:e:c 1440.4698843
          b:e:n 654.6654777
          b:e:w 657.0320743
          b:c:n 660.4766400
          b:c:w 657.9639370
          b:n:w 1426.8806589
          e:c:n 4253.7946727
          e:c:w 4265.6369786
          e:n:w 6152.6600481
          c:n:w 5093.9592888
        b:e:c:n 1234.0292288
        b:e:c:w 1236.6714889
        b:e:n:w 1599.8225791
        b:c:n:w 1420.8148618
        e:c:n:w 49115.2585177
