########################################
# legofit: estimate population history #
#       version 2.3.4-4-g53f8760       #
########################################

# Program was compiled: Sep 21 2021 14:36:42
# Program was run: Sun Oct 10 23:22:51 2021

# cmd: legofit -1 -d 0 -t 32 --ptsPerDim 3 --stateOut b1boot31.state --tol 3e-6 -S 5000 aef2.lgo ../../chrX/boot_chrX/boot31.opf
# Stage nOptItr nSimReps
#     0    5000        0
# algorithm          : deterministic
# ignoring probs <=  : 0
# Branch length floor: 0
# DE strategy        : 2
#    F               : 0.3
#    CR              : 0.8
#    tolerance       : 3e-06
# nthreads           : 32
# lgo input file     : aef2.lgo
# site pat input file: ../../chrX/boot_chrX/boot31.opf
# free parameters    : 16
# points in DE swarm : 48
# output state file  : b1boot31.state
# Including singleton site patterns.
# cost function      : KL
Initial parameter values
Fixed:
      zero = 0
       one = 1
    Tbecnw = 75200
Free:
       pc1 = 0
       pc2 = 0
       pc3 = 0
       pc4 = 0
       pc5 = 0
       pc6 = 0
       pc7 = 0
       pc8 = 0
       pc9 = 0
      pc10 = 0
      pc11 = 0
      pc12 = 0
      pc13 = 0
      pc14 = 0
      pc15 = 0
      pc16 = 0
Constrained:
   Tgbecnw = 124677
     Tecnw = 26910.4
       Tnw = 24573.4
       Tec = 126.12
     twoNb = 530657
     twoNe = 976922
     twoNc = 847837
     twoNw = 1.26956e+06
    twoNec = 170888
    twoNnw = 8881.49
  twoNecnw = 70748.9
  twoNbecnw = 19041.8
  twoNgbecnw = 155744
         m = 0.189853
        m5 = 0.137994
        m6 = 0.00154319
        Ta = 37600
        Te = 63.0601
        Tf = 31.5301
DiffEv reached_goal. cost=2.47530e-03 spread=2.90778e-06
Fitted parameter values
Free:
       pc1 = 3.97648
       pc2 = 3.7512
       pc3 = -1.83164
       pc4 = 0.922518
       pc5 = 1.02162
       pc6 = 1.70907
       pc7 = -1.98036
       pc8 = -0.105963
       pc9 = 1.93991
      pc10 = 1.28073
      pc11 = 0.692725
      pc12 = 0.4655
      pc13 = -0.337329
      pc14 = 0.0138907
      pc15 = 0.130644
      pc16 = 0.0218685
Constrained:
   Tgbecnw = 101643
     Tecnw = 25363.5
       Tnw = 25016
       Tec = 102
     twoNb = 610626
     twoNe = 1.90332e+06
     twoNc = 572593
     twoNw = 3.45785e+06
    twoNec = 162473
    twoNnw = 1339.58
  twoNecnw = 66460
  twoNbecnw = 10702.8
  twoNgbecnw = 186231
         m = 0.155552
        m5 = 0.15374
        m6 = 0.00152241
        Ta = 37600
        Te = 51.0002
        Tf = 25.5001
#       SitePat  BranchLen
              b 122006.1373651
              e 45472.7928684
              c 47478.0035954
              n 44799.5911157
              w 44758.2899352
            b:e 1296.7364166
            b:c 1461.2412642
            b:n 1131.9504089
            b:w 1129.9552241
            e:c 11731.1039124
            e:n 4701.1999717
            e:w 4742.0023227
            c:n 4225.9022997
            c:w 4216.8947934
            n:w 12134.2842851
          b:e:c 1411.4654061
          b:e:n 654.3421093
          b:e:w 656.2970249
          b:c:n 659.4887697
          b:c:w 657.4215174
          b:n:w 1399.0089848
          e:c:n 4279.9788026
          e:c:w 4289.4851383
          e:n:w 6080.4120670
          c:n:w 5075.6065413
        b:e:c:n 1227.4016016
        b:e:c:w 1229.5091232
        b:e:n:w 1574.3358079
        b:c:n:w 1403.5598074
        e:c:n:w 48551.7882585
