########################################
# legofit: estimate population history #
#       version 2.3.4-4-g53f8760       #
########################################

# Program was compiled: Sep 21 2021 14:36:42
# Program was run: Sun Oct 10 23:23:02 2021

# cmd: legofit -1 -d 0 -t 32 --ptsPerDim 3 --stateOut b1boot34.state --tol 3e-6 -S 5000 aef2.lgo ../../chrX/boot_chrX/boot34.opf
# Stage nOptItr nSimReps
#     0    5000        0
# algorithm          : deterministic
# ignoring probs <=  : 0
# Branch length floor: 0
# DE strategy        : 2
#    F               : 0.3
#    CR              : 0.8
#    tolerance       : 3e-06
# nthreads           : 32
# lgo input file     : aef2.lgo
# site pat input file: ../../chrX/boot_chrX/boot34.opf
# free parameters    : 16
# points in DE swarm : 48
# output state file  : b1boot34.state
# Including singleton site patterns.
# cost function      : KL
Initial parameter values
Fixed:
      zero = 0
       one = 1
    Tbecnw = 75200
Free:
       pc1 = 0
       pc2 = 0
       pc3 = 0
       pc4 = 0
       pc5 = 0
       pc6 = 0
       pc7 = 0
       pc8 = 0
       pc9 = 0
      pc10 = 0
      pc11 = 0
      pc12 = 0
      pc13 = 0
      pc14 = 0
      pc15 = 0
      pc16 = 0
Constrained:
   Tgbecnw = 124677
     Tecnw = 26910.4
       Tnw = 24573.4
       Tec = 126.12
     twoNb = 530657
     twoNe = 976922
     twoNc = 847837
     twoNw = 1.26956e+06
    twoNec = 170888
    twoNnw = 8881.49
  twoNecnw = 70748.9
  twoNbecnw = 19041.8
  twoNgbecnw = 155744
         m = 0.189853
        m5 = 0.137994
        m6 = 0.00154319
        Ta = 37600
        Te = 63.0601
        Tf = 31.5301
DiffEv reached_goal. cost=2.27902e-03 spread=1.81925e-06
Fitted parameter values
Free:
       pc1 = 3.98151
       pc2 = 2.8356
       pc3 = -1.97339
       pc4 = -0.211963
       pc5 = 0.560093
       pc6 = -0.025493
       pc7 = -1.99634
       pc8 = 0.462188
       pc9 = 1.96832
      pc10 = -0.391327
      pc11 = 1.88719
      pc12 = -0.0722604
      pc13 = -0.129477
      pc14 = -0.107257
      pc15 = 0.214111
      pc16 = 0.0378471
Constrained:
   Tgbecnw = 102877
     Tecnw = 25364.9
       Tnw = 24097.1
       Tec = 59.8302
     twoNb = 872555
     twoNe = 714458
     twoNc = 862910
     twoNw = 2.24712e+06
    twoNec = 153594
    twoNnw = 4761.38
  twoNecnw = 68501.6
  twoNbecnw = 11019.6
  twoNgbecnw = 179298
         m = 0.169434
        m5 = 0.159561
        m6 = 6.65199e-05
        Ta = 37600
        Te = 29.9151
        Tf = 14.9575
#       SitePat  BranchLen
              b 123199.2280330
              e 45449.5362767
              c 47669.1505913
              n 44856.2240725
              w 44792.4454813
            b:e 1242.3963851
            b:c 1413.8220268
            b:n 1091.1977153
            b:w 1088.2806353
            e:c 12020.2906417
            e:n 4691.3494745
            e:w 4755.0955110
            c:n 4167.4114174
            c:w 4153.1625456
            n:w 12461.0012915
          b:e:c 1377.8329815
          b:e:n 624.2053880
          b:e:w 627.1199666
          b:c:n 630.4413721
          b:c:w 627.3620241
          b:n:w 1365.9718349
          e:c:n 4230.5970441
          e:c:w 4244.8784706
          e:n:w 6078.9074107
          c:n:w 4985.1641185
        b:e:c:n 1181.8554447
        b:e:c:w 1184.9372941
        b:e:n:w 1522.5793883
        b:c:n:w 1344.6757051
        e:c:n:w 49290.3245172
