########################################
# legofit: estimate population history #
#       version 2.3.4-4-g53f8760       #
########################################

# Program was compiled: Sep 21 2021 14:36:42
# Program was run: Sun Oct 10 23:23:28 2021

# cmd: legofit -1 -d 0 -t 32 --ptsPerDim 3 --stateOut b1boot42.state --tol 3e-6 -S 5000 aef2.lgo ../../chrX/boot_chrX/boot42.opf
# Stage nOptItr nSimReps
#     0    5000        0
# algorithm          : deterministic
# ignoring probs <=  : 0
# Branch length floor: 0
# DE strategy        : 2
#    F               : 0.3
#    CR              : 0.8
#    tolerance       : 3e-06
# nthreads           : 32
# lgo input file     : aef2.lgo
# site pat input file: ../../chrX/boot_chrX/boot42.opf
# free parameters    : 16
# points in DE swarm : 48
# output state file  : b1boot42.state
# Including singleton site patterns.
# cost function      : KL
Initial parameter values
Fixed:
      zero = 0
       one = 1
    Tbecnw = 75200
Free:
       pc1 = 0
       pc2 = 0
       pc3 = 0
       pc4 = 0
       pc5 = 0
       pc6 = 0
       pc7 = 0
       pc8 = 0
       pc9 = 0
      pc10 = 0
      pc11 = 0
      pc12 = 0
      pc13 = 0
      pc14 = 0
      pc15 = 0
      pc16 = 0
Constrained:
   Tgbecnw = 124677
     Tecnw = 26910.4
       Tnw = 24573.4
       Tec = 126.12
     twoNb = 530657
     twoNe = 976922
     twoNc = 847837
     twoNw = 1.26956e+06
    twoNec = 170888
    twoNnw = 8881.49
  twoNecnw = 70748.9
  twoNbecnw = 19041.8
  twoNgbecnw = 155744
         m = 0.189853
        m5 = 0.137994
        m6 = 0.00154319
        Ta = 37600
        Te = 63.0601
        Tf = 31.5301
DiffEv reached_goal. cost=2.45129e-03 spread=2.94909e-06
Fitted parameter values
Free:
       pc1 = 3.81362
       pc2 = 3.04625
       pc3 = -1.97827
       pc4 = 0.677356
       pc5 = 0.916178
       pc6 = -0.750187
       pc7 = -1.96315
       pc8 = 0.570553
       pc9 = 1.89097
      pc10 = 1.98659
      pc11 = 1.16459
      pc12 = 0.602027
      pc13 = -0.254841
      pc14 = 0.168632
      pc15 = 0.147269
      pc16 = 0.0424211
Constrained:
   Tgbecnw = 101221
     Tecnw = 25535.7
       Tnw = 24704.5
       Tec = 10.5601
     twoNb = 920028
     twoNe = 143209
     twoNc = 935568
     twoNw = 3.09481e+06
    twoNec = 166274
    twoNnw = 3141.79
  twoNecnw = 67262.4
  twoNbecnw = 10445.4
  twoNgbecnw = 186676
         m = 0.157906
        m5 = 0.153146
        m6 = 0.00387797
        Ta = 37600
        Te = 5.28003
        Tf = 2.64002
#       SitePat  BranchLen
              b 122106.2267511
              e 45764.7591023
              c 47783.9831224
              n 44863.1488362
              w 44816.7249472
            b:e 1289.7820328
            b:c 1452.5519357
            b:n 1113.9759832
            b:w 1111.7782635
            e:c 11669.0245067
            e:n 4681.1378156
            e:w 4726.1554258
            c:n 4201.0639170
            c:w 4191.9593844
            n:w 12252.4179880
          b:e:c 1400.9592969
          b:e:n 646.7021794
          b:e:w 648.7882075
          b:c:n 652.0082410
          b:c:w 649.7955708
          b:n:w 1387.6432224
          e:c:n 4206.2881573
          e:c:w 4216.7989687
          e:n:w 6065.0613423
          c:n:w 5060.1072623
        b:e:c:n 1210.1751548
        b:e:c:w 1212.4995166
        b:e:n:w 1567.4849349
        b:c:n:w 1398.4016071
        e:c:n:w 48543.1562562
