########################################
# legofit: estimate population history #
#       version 2.3.4-4-g53f8760       #
########################################

# Program was compiled: Sep 21 2021 14:36:42
# Program was run: Sun Oct 10 23:22:33 2021

# cmd: legofit -1 -d 0 -t 32 --ptsPerDim 3 --stateOut b1boot23.state --tol 3e-6 -S 5000 aef2.lgo ../../chrX/boot_chrX/boot23.opf
# Stage nOptItr nSimReps
#     0    5000        0
# algorithm          : deterministic
# ignoring probs <=  : 0
# Branch length floor: 0
# DE strategy        : 2
#    F               : 0.3
#    CR              : 0.8
#    tolerance       : 3e-06
# nthreads           : 32
# lgo input file     : aef2.lgo
# site pat input file: ../../chrX/boot_chrX/boot23.opf
# free parameters    : 16
# points in DE swarm : 48
# output state file  : b1boot23.state
# Including singleton site patterns.
# cost function      : KL
Initial parameter values
Fixed:
      zero = 0
       one = 1
    Tbecnw = 75200
Free:
       pc1 = 0
       pc2 = 0
       pc3 = 0
       pc4 = 0
       pc5 = 0
       pc6 = 0
       pc7 = 0
       pc8 = 0
       pc9 = 0
      pc10 = 0
      pc11 = 0
      pc12 = 0
      pc13 = 0
      pc14 = 0
      pc15 = 0
      pc16 = 0
Constrained:
   Tgbecnw = 124677
     Tecnw = 26910.4
       Tnw = 24573.4
       Tec = 126.12
     twoNb = 530657
     twoNe = 976922
     twoNc = 847837
     twoNw = 1.26956e+06
    twoNec = 170888
    twoNnw = 8881.49
  twoNecnw = 70748.9
  twoNbecnw = 19041.8
  twoNgbecnw = 155744
         m = 0.189853
        m5 = 0.137994
        m6 = 0.00154319
        Ta = 37600
        Te = 63.0601
        Tf = 31.5301
DiffEv reached_goal. cost=2.41289e-03 spread=2.76093e-06
Fitted parameter values
Free:
       pc1 = 3.94345
       pc2 = 3.36931
       pc3 = -1.98278
       pc4 = -0.0123063
       pc5 = 0.836367
       pc6 = -0.0962331
       pc7 = -1.90975
       pc8 = 0.31098
       pc9 = 1.93779
      pc10 = -0.0388528
      pc11 = 1.03205
      pc12 = 0.710422
      pc13 = 0.0610449
      pc14 = 0.0812637
      pc15 = 0.14568
      pc16 = 0.0367731
Constrained:
   Tgbecnw = 101481
     Tecnw = 25173.5
       Tnw = 24033.5
       Tec = 12.6395
     twoNb = 736602
     twoNe = 944177
     twoNc = 910712
     twoNw = 2.67506e+06
    twoNec = 156769
    twoNnw = 4334.83
  twoNecnw = 69520.4
  twoNbecnw = 10809.2
  twoNgbecnw = 176459
         m = 0.165811
        m5 = 0.151004
        m6 = 0.00204863
        Ta = 37600
        Te = 6.31973
        Tf = 3.15987
#       SitePat  BranchLen
              b 122039.6110981
              e 45717.0874184
              c 47779.9851005
              n 44992.9630317
              w 44941.3472476
            b:e 1309.9877760
            b:c 1475.5948554
            b:n 1145.5949579
            b:w 1143.1260252
            e:c 12048.3450501
            e:n 4732.0016894
            e:w 4782.7703334
            c:n 4238.8571015
            c:w 4228.0406027
            n:w 12538.3172975
          b:e:c 1443.3138929
          b:e:n 658.4367307
          b:e:w 660.8376139
          b:c:n 664.1950243
          b:c:w 661.6486962
          b:n:w 1430.2924217
          e:c:n 4276.2013583
          e:c:w 4287.8649971
          e:n:w 6080.9537319
          c:n:w 5065.9303684
        b:e:c:n 1246.1338193
        b:e:c:w 1248.7481968
        b:e:n:w 1594.9815311
        b:c:n:w 1422.8050758
        e:c:n:w 48057.6435760
