########################################
# legofit: estimate population history #
#       version 2.3.4-4-g53f8760       #
########################################

# Program was compiled: Sep 21 2021 14:36:42
# Program was run: Sun Oct 10 23:22:09 2021

# cmd: legofit -1 -d 0 -t 32 --ptsPerDim 3 --stateOut b1boot11.state --tol 3e-6 -S 5000 aef2.lgo ../../chrX/boot_chrX/boot11.opf
# Stage nOptItr nSimReps
#     0    5000        0
# algorithm          : deterministic
# ignoring probs <=  : 0
# Branch length floor: 0
# DE strategy        : 2
#    F               : 0.3
#    CR              : 0.8
#    tolerance       : 3e-06
# nthreads           : 32
# lgo input file     : aef2.lgo
# site pat input file: ../../chrX/boot_chrX/boot11.opf
# free parameters    : 16
# points in DE swarm : 48
# output state file  : b1boot11.state
# Including singleton site patterns.
# cost function      : KL
Initial parameter values
Fixed:
      zero = 0
       one = 1
    Tbecnw = 75200
Free:
       pc1 = 0
       pc2 = 0
       pc3 = 0
       pc4 = 0
       pc5 = 0
       pc6 = 0
       pc7 = 0
       pc8 = 0
       pc9 = 0
      pc10 = 0
      pc11 = 0
      pc12 = 0
      pc13 = 0
      pc14 = 0
      pc15 = 0
      pc16 = 0
Constrained:
   Tgbecnw = 124677
     Tecnw = 26910.4
       Tnw = 24573.4
       Tec = 126.12
     twoNb = 530657
     twoNe = 976922
     twoNc = 847837
     twoNw = 1.26956e+06
    twoNec = 170888
    twoNnw = 8881.49
  twoNecnw = 70748.9
  twoNbecnw = 19041.8
  twoNgbecnw = 155744
         m = 0.189853
        m5 = 0.137994
        m6 = 0.00154319
        Ta = 37600
        Te = 63.0601
        Tf = 31.5301
DiffEv reached_goal. cost=2.48420e-03 spread=2.91050e-06
Fitted parameter values
Free:
       pc1 = 3.99236
       pc2 = 3.99071
       pc3 = -1.84185
       pc4 = -1.30261
       pc5 = -0.637021
       pc6 = -1.32318
       pc7 = -1.90063
       pc8 = -0.934968
       pc9 = 1.92051
      pc10 = 0.00768881
      pc11 = -0.116392
      pc12 = 0.680566
      pc13 = 0.240852
      pc14 = -0.122941
      pc15 = 0.153888
      pc16 = 0.0354493
Constrained:
   Tgbecnw = 103314
     Tecnw = 24879.5
       Tnw = 23937.4
       Tec = 229.178
     twoNb = 792091
     twoNe = 222197
     twoNc = 1.04216e+06
     twoNw = 2.84594e+06
    twoNec = 150115
    twoNnw = 3425.95
  twoNecnw = 71982.3
  twoNbecnw = 11504
  twoNgbecnw = 173240
         m = 0.179338
        m5 = 0.132852
        m6 = 0.00623383
        Ta = 37600
        Te = 114.589
        Tf = 57.2945
#       SitePat  BranchLen
              b 124289.2229209
              e 46015.4408758
              c 47859.1584246
              n 45011.7753016
              w 44968.1077317
            b:e 1329.9776658
            b:c 1477.2478853
            b:n 1144.4764751
            b:w 1142.3939250
            e:c 12466.9558020
            e:n 4678.2961607
            e:w 4719.5557989
            c:n 4238.8074261
            c:w 4231.3127836
            n:w 13064.4015327
          b:e:c 1481.6566968
          b:e:n 651.5174174
          b:e:w 653.4073604
          b:c:n 656.3437509
          b:c:w 654.3313605
          b:n:w 1467.8810233
          e:c:n 4279.0586087
          e:c:w 4288.9611829
          e:n:w 6091.9151980
          c:n:w 5175.9293991
        b:e:c:n 1245.3196711
        b:e:c:w 1247.5246687
        b:e:n:w 1596.8856955
        b:c:n:w 1443.8651424
        e:c:n:w 49735.5788563
