########################################
# legofit: estimate population history #
#       version 2.3.4-4-g53f8760       #
########################################

# Program was compiled: Sep 21 2021 14:36:42
# Program was run: Sun Oct 10 23:22:09 2021

# cmd: legofit -1 -d 0 -t 32 --ptsPerDim 3 --stateOut b1boot13.state --tol 3e-6 -S 5000 aef2.lgo ../../chrX/boot_chrX/boot13.opf
# Stage nOptItr nSimReps
#     0    5000        0
# algorithm          : deterministic
# ignoring probs <=  : 0
# Branch length floor: 0
# DE strategy        : 2
#    F               : 0.3
#    CR              : 0.8
#    tolerance       : 3e-06
# nthreads           : 32
# lgo input file     : aef2.lgo
# site pat input file: ../../chrX/boot_chrX/boot13.opf
# free parameters    : 16
# points in DE swarm : 48
# output state file  : b1boot13.state
# Including singleton site patterns.
# cost function      : KL
Initial parameter values
Fixed:
      zero = 0
       one = 1
    Tbecnw = 75200
Free:
       pc1 = 0
       pc2 = 0
       pc3 = 0
       pc4 = 0
       pc5 = 0
       pc6 = 0
       pc7 = 0
       pc8 = 0
       pc9 = 0
      pc10 = 0
      pc11 = 0
      pc12 = 0
      pc13 = 0
      pc14 = 0
      pc15 = 0
      pc16 = 0
Constrained:
   Tgbecnw = 124677
     Tecnw = 26910.4
       Tnw = 24573.4
       Tec = 126.12
     twoNb = 530657
     twoNe = 976922
     twoNc = 847837
     twoNw = 1.26956e+06
    twoNec = 170888
    twoNnw = 8881.49
  twoNecnw = 70748.9
  twoNbecnw = 19041.8
  twoNgbecnw = 155744
         m = 0.189853
        m5 = 0.137994
        m6 = 0.00154319
        Ta = 37600
        Te = 63.0601
        Tf = 31.5301
DiffEv reached_goal. cost=2.54560e-03 spread=2.81728e-06
Fitted parameter values
Free:
       pc1 = 3.946
       pc2 = 3.6857
       pc3 = -1.96625
       pc4 = 0.108532
       pc5 = 0.0931715
       pc6 = 1.37561
       pc7 = -1.91922
       pc8 = -1.02581
       pc9 = 1.73453
      pc10 = 0.376718
      pc11 = 1.04875
      pc12 = -0.0864675
      pc13 = -0.482196
      pc14 = 0.0794237
      pc15 = 0.152289
      pc16 = -0.00852889
Constrained:
   Tgbecnw = 103466
     Tecnw = 25446.7
       Tnw = 24948
       Tec = 260.881
     twoNb = 772101
     twoNe = 1.77473e+06
     twoNc = 654261
     twoNw = 3.04659e+06
    twoNec = 154363
    twoNnw = 1826.4
  twoNecnw = 68675.3
  twoNbecnw = 11358.8
  twoNgbecnw = 182494
         m = 0.161467
        m5 = 0.155194
        m6 = 0.00238066
        Ta = 37600
        Te = 130.441
        Tf = 65.2203
#       SitePat  BranchLen
              b 122772.9502288
              e 45753.5794176
              c 47891.7277248
              n 44983.8526907
              w 44936.3783019
            b:e 1306.1173193
            b:c 1480.8595461
            b:n 1131.7465921
            b:w 1129.4696423
            e:c 12078.2261086
            e:n 4681.0873395
            e:w 4727.6787145
            c:n 4178.0680002
            c:w 4168.1704083
            n:w 12570.2673666
          b:e:c 1447.6843492
          b:e:n 649.2683231
          b:e:w 651.4743235
          b:c:n 654.8556769
          b:c:w 652.5195304
          b:n:w 1434.3598251
          e:c:n 4245.9443309
          e:c:w 4256.7249365
          e:n:w 6159.6417813
          c:n:w 5084.0211197
        b:e:c:n 1227.9901757
        b:e:c:w 1230.3972716
        b:e:n:w 1596.0859570
        b:c:n:w 1414.7111694
        e:c:n:w 48768.5895823
