########################################
# legofit: estimate population history #
#       version 2.3.4-4-g53f8760       #
########################################

# Program was compiled: Sep 21 2021 14:36:42
# Program was run: Sun Oct 10 23:22:25 2021

# cmd: legofit -1 -d 0 -t 32 --ptsPerDim 3 --stateOut b1boot20.state --tol 3e-6 -S 5000 aef2.lgo ../../chrX/boot_chrX/boot20.opf
# Stage nOptItr nSimReps
#     0    5000        0
# algorithm          : deterministic
# ignoring probs <=  : 0
# Branch length floor: 0
# DE strategy        : 2
#    F               : 0.3
#    CR              : 0.8
#    tolerance       : 3e-06
# nthreads           : 32
# lgo input file     : aef2.lgo
# site pat input file: ../../chrX/boot_chrX/boot20.opf
# free parameters    : 16
# points in DE swarm : 48
# output state file  : b1boot20.state
# Including singleton site patterns.
# cost function      : KL
Initial parameter values
Fixed:
      zero = 0
       one = 1
    Tbecnw = 75200
Free:
       pc1 = 0
       pc2 = 0
       pc3 = 0
       pc4 = 0
       pc5 = 0
       pc6 = 0
       pc7 = 0
       pc8 = 0
       pc9 = 0
      pc10 = 0
      pc11 = 0
      pc12 = 0
      pc13 = 0
      pc14 = 0
      pc15 = 0
      pc16 = 0
Constrained:
   Tgbecnw = 124677
     Tecnw = 26910.4
       Tnw = 24573.4
       Tec = 126.12
     twoNb = 530657
     twoNe = 976922
     twoNc = 847837
     twoNw = 1.26956e+06
    twoNec = 170888
    twoNnw = 8881.49
  twoNecnw = 70748.9
  twoNbecnw = 19041.8
  twoNgbecnw = 155744
         m = 0.189853
        m5 = 0.137994
        m6 = 0.00154319
        Ta = 37600
        Te = 63.0601
        Tf = 31.5301
DiffEv reached_goal. cost=2.49232e-03 spread=2.92873e-06
Fitted parameter values
Free:
       pc1 = 3.97865
       pc2 = 3.68563
       pc3 = -1.7281
       pc4 = 0.512162
       pc5 = -0.236105
       pc6 = -1.2128
       pc7 = -1.96972
       pc8 = -1.1223
       pc9 = 1.46677
      pc10 = 1.65274
      pc11 = 0.765198
      pc12 = 0.624415
      pc13 = 0.0977029
      pc14 = -0.0331166
      pc15 = 0.0485644
      pc16 = 0.0211097
Constrained:
   Tgbecnw = 104357
     Tecnw = 25073.8
       Tnw = 24734.8
       Tec = 193.512
     twoNb = 1.2194e+06
     twoNe = 323215
     twoNc = 932586
     twoNw = 3.11528e+06
    twoNec = 161263
    twoNnw = 1233.89
  twoNecnw = 69404.4
  twoNbecnw = 11490.5
  twoNgbecnw = 186712
         m = 0.156374
        m5 = 0.145901
        m6 = 0.00835327
        Ta = 37600
        Te = 96.756
        Tf = 48.378
#       SitePat  BranchLen
              b 122493.8254100
              e 45928.1560487
              c 47868.5077862
              n 44734.0638908
              w 44689.0976066
            b:e 1314.0985123
            b:c 1470.8803646
            b:n 1116.9249029
            b:w 1114.7810702
            e:c 11895.2990287
            e:n 4692.7180481
            e:w 4734.6842727
            c:n 4235.8666462
            c:w 4228.5629474
            n:w 12634.7900925
          b:e:c 1430.3650881
          b:e:n 647.0912199
          b:e:w 648.9958434
          b:c:n 652.0145896
          b:c:w 649.9884628
          b:n:w 1416.2491976
          e:c:n 4214.6978643
          e:c:w 4225.0016227
          e:n:w 6155.7993536
          c:n:w 5178.4203434
        b:e:c:n 1212.0662154
        b:e:c:w 1214.3315514
        b:e:n:w 1585.3001465
        b:c:n:w 1422.6023051
        e:c:n:w 48490.9100639
