########################################
# legofit: estimate population history #
#       version 2.3.4-4-g53f8760       #
########################################

# Program was compiled: Sep 21 2021 14:36:42
# Program was run: Sun Oct 10 23:22:39 2021

# cmd: legofit -1 -d 0 -t 32 --ptsPerDim 3 --stateOut b1boot27.state --tol 3e-6 -S 5000 aef2.lgo ../../chrX/boot_chrX/boot27.opf
# Stage nOptItr nSimReps
#     0    5000        0
# algorithm          : deterministic
# ignoring probs <=  : 0
# Branch length floor: 0
# DE strategy        : 2
#    F               : 0.3
#    CR              : 0.8
#    tolerance       : 3e-06
# nthreads           : 32
# lgo input file     : aef2.lgo
# site pat input file: ../../chrX/boot_chrX/boot27.opf
# free parameters    : 16
# points in DE swarm : 48
# output state file  : b1boot27.state
# Including singleton site patterns.
# cost function      : KL
Initial parameter values
Fixed:
      zero = 0
       one = 1
    Tbecnw = 75200
Free:
       pc1 = 0
       pc2 = 0
       pc3 = 0
       pc4 = 0
       pc5 = 0
       pc6 = 0
       pc7 = 0
       pc8 = 0
       pc9 = 0
      pc10 = 0
      pc11 = 0
      pc12 = 0
      pc13 = 0
      pc14 = 0
      pc15 = 0
      pc16 = 0
Constrained:
   Tgbecnw = 124677
     Tecnw = 26910.4
       Tnw = 24573.4
       Tec = 126.12
     twoNb = 530657
     twoNe = 976922
     twoNc = 847837
     twoNw = 1.26956e+06
    twoNec = 170888
    twoNnw = 8881.49
  twoNecnw = 70748.9
  twoNbecnw = 19041.8
  twoNgbecnw = 155744
         m = 0.189853
        m5 = 0.137994
        m6 = 0.00154319
        Ta = 37600
        Te = 63.0601
        Tf = 31.5301
DiffEv reached_goal. cost=2.43004e-03 spread=2.60164e-06
Fitted parameter values
Free:
       pc1 = 3.98545
       pc2 = 3.98204
       pc3 = -1.7835
       pc4 = -1.03247
       pc5 = 0.0223389
       pc6 = -1.73532
       pc7 = -1.97583
       pc8 = -0.258973
       pc9 = 0.599429
      pc10 = 0.392144
      pc11 = -0.00971882
      pc12 = 0.950852
      pc13 = 0.0101041
      pc14 = 0.289367
      pc15 = 0.132452
      pc16 = 0.0071067
Constrained:
   Tgbecnw = 101308
     Tecnw = 25114.2
       Tnw = 24330.7
       Tec = 104.171
     twoNb = 581813
     twoNe = 26703.4
     twoNc = 696199
     twoNw = 2.43945e+06
    twoNec = 155563
    twoNnw = 2811.88
  twoNecnw = 73015.4
  twoNbecnw = 10847.8
  twoNgbecnw = 177519
         m = 0.170492
        m5 = 0.135453
        m6 = 0.00870121
        Ta = 37600
        Te = 52.0854
        Tf = 26.0427
#       SitePat  BranchLen
              b 123023.2536435
              e 46470.1971657
              c 48344.7535488
              n 45283.7390070
              w 45229.8172274
            b:e 1394.3442911
            b:c 1550.5964692
            b:n 1187.3883087
            b:w 1184.7188901
            e:c 12368.4100655
            e:n 4686.6453377
            e:w 4736.5741616
            c:n 4244.2971009
            c:w 4236.1439189
            n:w 13098.7254734
          b:e:c 1547.3803491
          b:e:n 682.3482676
          b:e:w 684.6849331
          b:c:n 688.0281726
          b:c:w 685.5231104
          b:n:w 1531.0861157
          e:c:n 4232.4766145
          e:c:w 4244.6227522
          e:n:w 6124.8204673
          c:n:w 5193.0425637
        b:e:c:n 1299.7268959
        b:e:c:w 1302.5647113
        b:e:n:w 1685.2419479
        b:c:n:w 1522.4716875
        e:c:n:w 48509.3198332
