########################################
# legofit: estimate population history #
#       version 2.3.4-4-g53f8760       #
########################################

# Program was compiled: Sep 21 2021 14:36:42
# Program was run: Thu Sep 23 18:26:33 2021

# cmd: legofit -1 -d 0 -t 32 --ptsPerDim 3 --stateOut b1.state --tol 3e-6 -S 5000 adef2.lgo ../../chrX/pan_chrX.opf
# Stage nOptItr nSimReps
#     0    5000        0
# algorithm          : deterministic
# ignoring probs <=  : 0
# Branch length floor: 0
# DE strategy        : 2
#    F               : 0.3
#    CR              : 0.8
#    tolerance       : 3e-06
# nthreads           : 32
# lgo input file     : adef2.lgo
# site pat input file: ../../chrX/pan_chrX.opf
# free parameters    : 18
# points in DE swarm : 54
# output state file  : b1.state
# Including singleton site patterns.
# cost function      : KL
Initial parameter values
Fixed:
      zero = 0
       one = 1
    Tbecnw = 75200
Free:
       pc1 = 0
       pc2 = 0
       pc3 = 0
       pc4 = 0
       pc5 = 0
       pc6 = 0
       pc7 = 0
       pc8 = 0
       pc9 = 0
      pc10 = 0
      pc11 = 0
      pc12 = 0
      pc13 = 0
      pc14 = 0
      pc15 = 0
      pc16 = 0
      pc17 = 0
      pc18 = 0
Constrained:
   Tgbecnw = 99115.6
     Tecnw = 25019
       Tnw = 20072.2
       Tec = 10062.7
     twoNb = 1.70411e+06
     twoNe = 2.65784e+06
     twoNc = 1.04308e+07
     twoNn = 4.92886e+06
     twoNw = 1.47905e+06
    twoNec = 71828.5
    twoNnw = 19359.9
  twoNecnw = 65830.9
  twoNbecnw = 8747.97
  twoNgbecnw = 239667
         m = 0.122838
        m4 = 0.017252
        m5 = 0.138219
        m6 = 0.06011
        Ta = 42631.4
        Td = 5031.37
        Te = 10036.1
        Tf = 5018.05
DiffEv reached_goal. cost=2.33235e-03 spread=2.87742e-06
Fitted parameter values
Free:
       pc1 = 1.76364
       pc2 = -1.99366
       pc3 = 3.92841
       pc4 = 1.95513
       pc5 = 1.01155
       pc6 = -1.57299
       pc7 = 1.98245
       pc8 = -0.908099
       pc9 = 1.97659
      pc10 = 1.3533
      pc11 = -0.404324
      pc12 = 0.00713851
      pc13 = 0.0849005
      pc14 = -0.0243348
      pc15 = -0.0227656
      pc16 = 0.0946562
      pc17 = 0.012153
      pc18 = -0.0146578
Constrained:
   Tgbecnw = 89542.3
     Tecnw = 23869.5
       Tnw = 22511.4
       Tec = 11314.4
     twoNb = 2.63629e+06
     twoNe = 4.91277e+06
     twoNc = 1.44888e+07
     twoNn = 8.69549e+06
     twoNw = 3.31929e+06
    twoNec = 54208.9
    twoNnw = 5002.1
  twoNecnw = 70336.7
  twoNbecnw = 5164.33
  twoNgbecnw = 264116
         m = 0.112651
        m4 = 0.0166905
        m5 = 0.172041
        m6 = 0.0933516
        Ta = 43257.2
        Td = 5657.21
        Te = 11255.7
        Tf = 5627.86
#       SitePat  BranchLen
              b 118093.7887455
              e 44152.4480667
              c 46015.0540683
              n 43135.3952955
              w 43101.7716582
            b:e 1185.7112189
            b:c 1413.1313275
            b:n 1051.1806967
            b:w 1049.4416308
            e:c 11536.2105418
            e:n 4499.4935866
            e:w 4513.3127023
            c:n 4125.8516301
            c:w 4136.7635039
            n:w 12180.5235486
          b:e:c 1343.2443123
          b:e:n 594.5638326
          b:e:w 594.6875467
          b:c:n 598.8816317
          b:c:w 598.6343568
          b:n:w 1330.0005189
          e:c:n 4116.3220109
          e:c:w 4125.2146587
          e:n:w 5699.9982362
          c:n:w 4885.4154952
        b:e:c:n 1165.9714264
        b:e:c:w 1167.8340532
        b:e:n:w 1844.9312967
        b:c:n:w 1311.4142837
        e:c:n:w 46803.4735779
