########################################
# legofit: estimate population history #
#       version 2.3.4-4-g53f8760       #
########################################

# Program was compiled: Sep 21 2021 14:36:42
# Program was run: Thu Sep 23 18:27:43 2021

# cmd: legofit -1 -d 0 -t 32 --ptsPerDim 3 --stateOut b1boot9.state --tol 3e-6 -S 5000 adef2.lgo ../../chrX/boot_chrX/boot9.opf
# Stage nOptItr nSimReps
#     0    5000        0
# algorithm          : deterministic
# ignoring probs <=  : 0
# Branch length floor: 0
# DE strategy        : 2
#    F               : 0.3
#    CR              : 0.8
#    tolerance       : 3e-06
# nthreads           : 32
# lgo input file     : adef2.lgo
# site pat input file: ../../chrX/boot_chrX/boot9.opf
# free parameters    : 18
# points in DE swarm : 54
# output state file  : b1boot9.state
# Including singleton site patterns.
# cost function      : KL
Initial parameter values
Fixed:
      zero = 0
       one = 1
    Tbecnw = 75200
Free:
       pc1 = 0
       pc2 = 0
       pc3 = 0
       pc4 = 0
       pc5 = 0
       pc6 = 0
       pc7 = 0
       pc8 = 0
       pc9 = 0
      pc10 = 0
      pc11 = 0
      pc12 = 0
      pc13 = 0
      pc14 = 0
      pc15 = 0
      pc16 = 0
      pc17 = 0
      pc18 = 0
Constrained:
   Tgbecnw = 99115.6
     Tecnw = 25019
       Tnw = 20072.2
       Tec = 10062.7
     twoNb = 1.70411e+06
     twoNe = 2.65784e+06
     twoNc = 1.04308e+07
     twoNn = 4.92886e+06
     twoNw = 1.47905e+06
    twoNec = 71828.5
    twoNnw = 19359.9
  twoNecnw = 65830.9
  twoNbecnw = 8747.97
  twoNgbecnw = 239667
         m = 0.122838
        m4 = 0.017252
        m5 = 0.138219
        m6 = 0.06011
        Ta = 42631.4
        Td = 5031.37
        Te = 10036.1
        Tf = 5018.05
DiffEv reached_goal. cost=2.36409e-03 spread=2.68926e-06
Fitted parameter values
Free:
       pc1 = 1.60563
       pc2 = -1.35795
       pc3 = 3.70137
       pc4 = 1.94204
       pc5 = 1.44661
       pc6 = -0.647258
       pc7 = 1.93523
       pc8 = -0.232195
       pc9 = 1.87995
      pc10 = -0.751683
      pc11 = -0.448705
      pc12 = -0.164675
      pc13 = 0.0723195
      pc14 = -0.195939
      pc15 = 0.0701078
      pc16 = 0.092391
      pc17 = 0.0582496
      pc18 = -0.0148241
Constrained:
   Tgbecnw = 89126.5
     Tecnw = 24362.2
       Tnw = 21684.6
       Tec = 10869.6
     twoNb = 2.38954e+06
     twoNe = 4.13175e+06
     twoNc = 429873
     twoNn = 1.57472e+07
     twoNw = 2.86605e+06
    twoNec = 56388.5
    twoNnw = 9917.07
  twoNecnw = 69505
  twoNbecnw = 5138.57
  twoNgbecnw = 247352
         m = 0.120919
        m4 = 0.0141102
        m5 = 0.17284
        m6 = 0.0922917
        Ta = 43034.8
        Td = 5434.78
        Te = 10842.3
        Tf = 5421.15
#       SitePat  BranchLen
              b 118187.0323844
              e 44114.4532856
              c 45884.4046566
              n 43286.3667117
              w 43248.1624164
            b:e 1170.7310023
            b:c 1382.6910754
            b:n 1050.7242424
            b:w 1048.7977574
            e:c 11700.5124478
            e:n 4462.7051409
            e:w 4478.7545254
            c:n 4092.0653197
            c:w 4104.3547028
            n:w 12223.7062608
          b:e:c 1340.3954644
          b:e:n 588.2473086
          b:e:w 588.4010024
          b:c:n 592.2481153
          b:c:w 591.9591681
          b:n:w 1328.7813120
          e:c:n 4127.8615856
          e:c:w 4137.7271134
          e:n:w 5611.7536227
          c:n:w 4829.3090799
        b:e:c:n 1163.4482036
        b:e:c:w 1165.5099420
        b:e:n:w 1755.2701556
        b:c:n:w 1293.2837414
        e:c:n:w 46841.7502594
