########################################
# legofit: estimate population history #
#       version 2.3.4-4-g53f8760       #
########################################

# Program was compiled: Sep 21 2021 14:36:42
# Program was run: Thu Sep 23 18:29:08 2021

# cmd: legofit -1 -d 0 -t 32 --ptsPerDim 3 --stateOut b1boot20.state --tol 3e-6 -S 5000 adef2.lgo ../../chrX/boot_chrX/boot20.opf
# Stage nOptItr nSimReps
#     0    5000        0
# algorithm          : deterministic
# ignoring probs <=  : 0
# Branch length floor: 0
# DE strategy        : 2
#    F               : 0.3
#    CR              : 0.8
#    tolerance       : 3e-06
# nthreads           : 32
# lgo input file     : adef2.lgo
# site pat input file: ../../chrX/boot_chrX/boot20.opf
# free parameters    : 18
# points in DE swarm : 54
# output state file  : b1boot20.state
# Including singleton site patterns.
# cost function      : KL
Initial parameter values
Fixed:
      zero = 0
       one = 1
    Tbecnw = 75200
Free:
       pc1 = 0
       pc2 = 0
       pc3 = 0
       pc4 = 0
       pc5 = 0
       pc6 = 0
       pc7 = 0
       pc8 = 0
       pc9 = 0
      pc10 = 0
      pc11 = 0
      pc12 = 0
      pc13 = 0
      pc14 = 0
      pc15 = 0
      pc16 = 0
      pc17 = 0
      pc18 = 0
Constrained:
   Tgbecnw = 99115.6
     Tecnw = 25019
       Tnw = 20072.2
       Tec = 10062.7
     twoNb = 1.70411e+06
     twoNe = 2.65784e+06
     twoNc = 1.04308e+07
     twoNn = 4.92886e+06
     twoNw = 1.47905e+06
    twoNec = 71828.5
    twoNnw = 19359.9
  twoNecnw = 65830.9
  twoNbecnw = 8747.97
  twoNgbecnw = 239667
         m = 0.122838
        m4 = 0.017252
        m5 = 0.138219
        m6 = 0.06011
        Ta = 42631.4
        Td = 5031.37
        Te = 10036.1
        Tf = 5018.05
DiffEv reached_goal. cost=2.36539e-03 spread=2.81957e-06
Fitted parameter values
Free:
       pc1 = 1.07188
       pc2 = -1.83213
       pc3 = 3.65451
       pc4 = 1.99748
       pc5 = 1.4661
       pc6 = -0.736659
       pc7 = 1.98737
       pc8 = -1.0924
       pc9 = 1.55675
      pc10 = 1.7905
      pc11 = -0.596141
      pc12 = 0.0279378
      pc13 = 0.207094
      pc14 = 0.125853
      pc15 = -0.134322
      pc16 = 0.0490539
      pc17 = 0.0307135
      pc18 = -0.0454598
Constrained:
   Tgbecnw = 88895
     Tecnw = 23884.1
       Tnw = 21871.6
       Tec = 10943.7
     twoNb = 2.30902e+06
     twoNe = 3.88426e+06
     twoNc = 7.73269e+06
     twoNn = 4.60076e+06
     twoNw = 3.27388e+06
    twoNec = 56205.8
    twoNnw = 7362.56
  twoNecnw = 70654.2
  twoNbecnw = 5030.02
  twoNgbecnw = 252197
         m = 0.117828
        m4 = 0.0178623
        m5 = 0.175321
        m6 = 0.103949
        Ta = 43071.8
        Td = 5471.85
        Te = 10935.8
        Tf = 5467.91
#       SitePat  BranchLen
              b 117908.6596957
              e 44259.2447959
              c 46072.4318783
              n 43001.1536678
              w 42965.5572492
            b:e 1197.0226689
            b:c 1431.7174493
            b:n 1049.3520194
            b:w 1047.5310688
            e:c 11435.1066521
            e:n 4530.2726999
            e:w 4543.9784203
            c:n 4170.3189337
            c:w 4182.8815298
            n:w 12228.7494812
          b:e:c 1338.8380122
          b:e:n 598.7189037
          b:e:w 598.7651232
          b:c:n 602.9631303
          b:c:w 602.7869066
          b:n:w 1324.7063831
          e:c:n 4096.4495765
          e:c:w 4105.7776786
          e:n:w 5733.2306251
          c:n:w 4943.8854642
        b:e:c:n 1164.9728851
        b:e:c:w 1166.9238399
        b:e:n:w 1870.2803851
        b:c:n:w 1324.5281112
        e:c:n:w 46588.1845348
