########################################
# legofit: estimate population history #
#       version 2.3.4-4-g53f8760       #
########################################

# Program was compiled: Sep 21 2021 14:36:42
# Program was run: Thu Sep 23 18:26:33 2021

# cmd: legofit -1 -d 0 -t 32 --ptsPerDim 3 --stateOut b1boot0.state --tol 3e-6 -S 5000 adef2.lgo ../../chrX/boot_chrX/boot0.opf
# Stage nOptItr nSimReps
#     0    5000        0
# algorithm          : deterministic
# ignoring probs <=  : 0
# Branch length floor: 0
# DE strategy        : 2
#    F               : 0.3
#    CR              : 0.8
#    tolerance       : 3e-06
# nthreads           : 32
# lgo input file     : adef2.lgo
# site pat input file: ../../chrX/boot_chrX/boot0.opf
# free parameters    : 18
# points in DE swarm : 54
# output state file  : b1boot0.state
# Including singleton site patterns.
# cost function      : KL
Initial parameter values
Fixed:
      zero = 0
       one = 1
    Tbecnw = 75200
Free:
       pc1 = 0
       pc2 = 0
       pc3 = 0
       pc4 = 0
       pc5 = 0
       pc6 = 0
       pc7 = 0
       pc8 = 0
       pc9 = 0
      pc10 = 0
      pc11 = 0
      pc12 = 0
      pc13 = 0
      pc14 = 0
      pc15 = 0
      pc16 = 0
      pc17 = 0
      pc18 = 0
Constrained:
   Tgbecnw = 99115.6
     Tecnw = 25019
       Tnw = 20072.2
       Tec = 10062.7
     twoNb = 1.70411e+06
     twoNe = 2.65784e+06
     twoNc = 1.04308e+07
     twoNn = 4.92886e+06
     twoNw = 1.47905e+06
    twoNec = 71828.5
    twoNnw = 19359.9
  twoNecnw = 65830.9
  twoNbecnw = 8747.97
  twoNgbecnw = 239667
         m = 0.122838
        m4 = 0.017252
        m5 = 0.138219
        m6 = 0.06011
        Ta = 42631.4
        Td = 5031.37
        Te = 10036.1
        Tf = 5018.05
DiffEv reached_goal. cost=2.29887e-03 spread=2.84692e-06
Fitted parameter values
Free:
       pc1 = 0.567431
       pc2 = -1.98707
       pc3 = 3.9563
       pc4 = 1.87507
       pc5 = 1.71688
       pc6 = -1.58242
       pc7 = 1.92609
       pc8 = -1.42046
       pc9 = 1.47768
      pc10 = 1.69065
      pc11 = -0.496076
      pc12 = 0.156436
      pc13 = 0.208864
      pc14 = 0.0806246
      pc15 = 0.0642197
      pc16 = 0.11045
      pc17 = 0.00313289
      pc18 = 0.00308822
Constrained:
   Tgbecnw = 89285.3
     Tecnw = 24522.2
       Tnw = 21834.7
       Tec = 10996.3
     twoNb = 2.38557e+06
     twoNe = 5.17936e+06
     twoNc = 1.18884e+07
     twoNn = 2.28258e+06
     twoNw = 3.26625e+06
    twoNec = 54068.4
    twoNnw = 9464.29
  twoNecnw = 70282.7
  twoNbecnw = 5124.75
  twoNgbecnw = 262615
         m = 0.111613
        m4 = 0.0178376
        m5 = 0.192379
        m6 = 0.11886
        Ta = 43098.2
        Td = 5498.15
        Te = 10917.3
        Tf = 5458.67
#       SitePat  BranchLen
              b 117779.8253762
              e 44313.4371967
              c 46170.5525857
              n 43096.8925605
              w 43056.8986798
            b:e 1216.3835175
            b:c 1450.8806683
            b:n 1064.6763701
            b:w 1062.6107177
            e:c 11557.6135330
            e:n 4501.4645409
            e:w 4516.3934467
            c:n 4129.6380459
            c:w 4144.3181299
            n:w 12295.1086328
          b:e:c 1373.4152434
          b:e:n 604.9808858
          b:e:w 604.9890359
          b:c:n 609.3934926
          b:c:w 609.2371938
          b:n:w 1359.1043427
          e:c:n 4077.7065043
          e:c:w 4088.0913952
          e:n:w 5766.2818430
          c:n:w 4953.8963325
        b:e:c:n 1182.2087947
        b:e:c:w 1184.4225958
        b:e:n:w 1890.0223620
        b:c:n:w 1346.0361871
        e:c:n:w 46460.7760813
