########################################
# legofit: estimate population history #
#       version 2.3.4-4-g53f8760       #
########################################

# Program was compiled: Sep 21 2021 14:36:42
# Program was run: Thu Sep 23 18:31:40 2021

# cmd: legofit -1 -d 0 -t 32 --ptsPerDim 3 --stateOut b1boot38.state --tol 3e-6 -S 5000 adef2.lgo ../../chrX/boot_chrX/boot38.opf
# Stage nOptItr nSimReps
#     0    5000        0
# algorithm          : deterministic
# ignoring probs <=  : 0
# Branch length floor: 0
# DE strategy        : 2
#    F               : 0.3
#    CR              : 0.8
#    tolerance       : 3e-06
# nthreads           : 32
# lgo input file     : adef2.lgo
# site pat input file: ../../chrX/boot_chrX/boot38.opf
# free parameters    : 18
# points in DE swarm : 54
# output state file  : b1boot38.state
# Including singleton site patterns.
# cost function      : KL
Initial parameter values
Fixed:
      zero = 0
       one = 1
    Tbecnw = 75200
Free:
       pc1 = 0
       pc2 = 0
       pc3 = 0
       pc4 = 0
       pc5 = 0
       pc6 = 0
       pc7 = 0
       pc8 = 0
       pc9 = 0
      pc10 = 0
      pc11 = 0
      pc12 = 0
      pc13 = 0
      pc14 = 0
      pc15 = 0
      pc16 = 0
      pc17 = 0
      pc18 = 0
Constrained:
   Tgbecnw = 99115.6
     Tecnw = 25019
       Tnw = 20072.2
       Tec = 10062.7
     twoNb = 1.70411e+06
     twoNe = 2.65784e+06
     twoNc = 1.04308e+07
     twoNn = 4.92886e+06
     twoNw = 1.47905e+06
    twoNec = 71828.5
    twoNnw = 19359.9
  twoNecnw = 65830.9
  twoNbecnw = 8747.97
  twoNgbecnw = 239667
         m = 0.122838
        m4 = 0.017252
        m5 = 0.138219
        m6 = 0.06011
        Ta = 42631.4
        Td = 5031.37
        Te = 10036.1
        Tf = 5018.05
DiffEv reached_goal. cost=2.50558e-03 spread=2.99951e-06
Fitted parameter values
Free:
       pc1 = 1.11292
       pc2 = -1.9824
       pc3 = 3.93167
       pc4 = 1.78069
       pc5 = 0.596704
       pc6 = -0.338256
       pc7 = 1.95476
       pc8 = 0.692946
       pc9 = 1.91036
      pc10 = 1.52045
      pc11 = -0.0151184
      pc12 = 0.12912
      pc13 = 0.257474
      pc14 = -0.0619323
      pc15 = -0.0609446
      pc16 = 0.0614293
      pc17 = 0.0241566
      pc18 = -0.0254993
Constrained:
   Tgbecnw = 89513.7
     Tecnw = 24019.5
       Tnw = 22107.1
       Tec = 11087.2
     twoNb = 2.62565e+06
     twoNe = 1.66731e+06
     twoNc = 3.46817e+06
     twoNn = 1.7154e+07
     twoNw = 3.31776e+06
    twoNec = 59131.9
    twoNnw = 7368.69
  twoNecnw = 67200
  twoNbecnw = 5076.52
  twoNgbecnw = 275833
         m = 0.109768
        m4 = 0.0176689
        m5 = 0.160593
        m6 = 0.0878406
        Ta = 43143.6
        Td = 5543.59
        Te = 11053.5
        Tf = 5526.77
#       SitePat  BranchLen
              b 118759.4407487
              e 43973.2384831
              c 45777.8895288
              n 42975.2127224
              w 42944.1479070
            b:e 1158.6121412
            b:c 1386.0362645
            b:n 1031.5861077
            b:w 1030.0136021
            e:c 11247.1356143
            e:n 4482.4014284
            e:w 4495.1122234
            c:n 4131.7599206
            c:w 4141.9139903
            n:w 11886.9650196
          b:e:c 1292.3795654
          b:e:n 585.0975500
          b:e:w 585.2054439
          b:c:n 589.2514205
          b:c:w 589.0373440
          b:n:w 1279.9354272
          e:c:n 4135.9155642
          e:c:w 4144.1155149
          e:n:w 5639.6286992
          c:n:w 4865.6641732
        b:e:c:n 1138.8137361
        b:e:c:w 1140.4924243
        b:e:n:w 1838.1734834
        b:c:n:w 1275.9166194
        e:c:n:w 47823.6701978
