########################################
# legofit: estimate population history #
#       version 2.3.4-4-g53f8760       #
########################################

# Program was compiled: Sep 21 2021 14:36:42
# Program was run: Thu Sep 23 18:29:21 2021

# cmd: legofit -1 -d 0 -t 32 --ptsPerDim 3 --stateOut b1boot21.state --tol 3e-6 -S 5000 adef2.lgo ../../chrX/boot_chrX/boot21.opf
# Stage nOptItr nSimReps
#     0    5000        0
# algorithm          : deterministic
# ignoring probs <=  : 0
# Branch length floor: 0
# DE strategy        : 2
#    F               : 0.3
#    CR              : 0.8
#    tolerance       : 3e-06
# nthreads           : 32
# lgo input file     : adef2.lgo
# site pat input file: ../../chrX/boot_chrX/boot21.opf
# free parameters    : 18
# points in DE swarm : 54
# output state file  : b1boot21.state
# Including singleton site patterns.
# cost function      : KL
Initial parameter values
Fixed:
      zero = 0
       one = 1
    Tbecnw = 75200
Free:
       pc1 = 0
       pc2 = 0
       pc3 = 0
       pc4 = 0
       pc5 = 0
       pc6 = 0
       pc7 = 0
       pc8 = 0
       pc9 = 0
      pc10 = 0
      pc11 = 0
      pc12 = 0
      pc13 = 0
      pc14 = 0
      pc15 = 0
      pc16 = 0
      pc17 = 0
      pc18 = 0
Constrained:
   Tgbecnw = 99115.6
     Tecnw = 25019
       Tnw = 20072.2
       Tec = 10062.7
     twoNb = 1.70411e+06
     twoNe = 2.65784e+06
     twoNc = 1.04308e+07
     twoNn = 4.92886e+06
     twoNw = 1.47905e+06
    twoNec = 71828.5
    twoNnw = 19359.9
  twoNecnw = 65830.9
  twoNbecnw = 8747.97
  twoNgbecnw = 239667
         m = 0.122838
        m4 = 0.017252
        m5 = 0.138219
        m6 = 0.06011
        Ta = 42631.4
        Td = 5031.37
        Te = 10036.1
        Tf = 5018.05
DiffEv reached_goal. cost=2.44539e-03 spread=2.57093e-06
Fitted parameter values
Free:
       pc1 = 1.43199
       pc2 = -1.96775
       pc3 = 3.97483
       pc4 = 1.77766
       pc5 = 1.76439
       pc6 = -1.67809
       pc7 = 1.9791
       pc8 = -1.54367
       pc9 = 1.96329
      pc10 = 0.444355
      pc11 = -0.599709
      pc12 = -0.133451
      pc13 = 0.288176
      pc14 = -0.132969
      pc15 = -0.0829693
      pc16 = 0.0679546
      pc17 = 0.0488099
      pc18 = -0.0324709
Constrained:
   Tgbecnw = 89223
     Tecnw = 24119
       Tnw = 22060.2
       Tec = 11055.6
     twoNb = 2.34596e+06
     twoNe = 6.44985e+06
     twoNc = 1.09489e+07
     twoNn = 5.51426e+06
     twoNw = 3.17653e+06
    twoNec = 52885.9
    twoNnw = 7299.41
  twoNecnw = 70890.6
  twoNbecnw = 5054.26
  twoNgbecnw = 262429
         m = 0.113326
        m4 = 0.0154102
        m5 = 0.182995
        m6 = 0.115081
        Ta = 43127.8
        Td = 5527.78
        Te = 11030.1
        Tf = 5515.06
#       SitePat  BranchLen
              b 117933.0300885
              e 44157.5763061
              c 45822.6104103
              n 42987.6721492
              w 42948.1442598
            b:e 1189.3781947
            b:c 1395.4703356
            b:n 1042.5845951
            b:w 1040.5721694
            e:c 11626.9248844
            e:n 4470.0856168
            e:w 4484.5677461
            c:n 4134.6178733
            c:w 4149.3235234
            n:w 12289.8902700
          b:e:c 1345.3946917
          b:e:n 589.8300495
          b:e:w 589.8197182
          b:c:n 593.6434225
          b:c:w 593.5096714
          b:n:w 1332.0976513
          e:c:n 4081.2526290
          e:c:w 4091.5927391
          e:n:w 5678.8723160
          c:n:w 4948.4813833
        b:e:c:n 1157.3367785
        b:e:c:w 1159.4932867
        b:e:n:w 1793.2870668
        b:c:n:w 1315.7602223
        e:c:n:w 46655.7960908
