########################################
# legofit: estimate population history #
#       version 2.3.4-4-g53f8760       #
########################################

# Program was compiled: Sep 21 2021 14:36:42
# Program was run: Thu Sep 23 18:31:25 2021

# cmd: legofit -1 -d 0 -t 32 --ptsPerDim 3 --stateOut b1boot36.state --tol 3e-6 -S 5000 adef2.lgo ../../chrX/boot_chrX/boot36.opf
# Stage nOptItr nSimReps
#     0    5000        0
# algorithm          : deterministic
# ignoring probs <=  : 0
# Branch length floor: 0
# DE strategy        : 2
#    F               : 0.3
#    CR              : 0.8
#    tolerance       : 3e-06
# nthreads           : 32
# lgo input file     : adef2.lgo
# site pat input file: ../../chrX/boot_chrX/boot36.opf
# free parameters    : 18
# points in DE swarm : 54
# output state file  : b1boot36.state
# Including singleton site patterns.
# cost function      : KL
Initial parameter values
Fixed:
      zero = 0
       one = 1
    Tbecnw = 75200
Free:
       pc1 = 0
       pc2 = 0
       pc3 = 0
       pc4 = 0
       pc5 = 0
       pc6 = 0
       pc7 = 0
       pc8 = 0
       pc9 = 0
      pc10 = 0
      pc11 = 0
      pc12 = 0
      pc13 = 0
      pc14 = 0
      pc15 = 0
      pc16 = 0
      pc17 = 0
      pc18 = 0
Constrained:
   Tgbecnw = 99115.6
     Tecnw = 25019
       Tnw = 20072.2
       Tec = 10062.7
     twoNb = 1.70411e+06
     twoNe = 2.65784e+06
     twoNc = 1.04308e+07
     twoNn = 4.92886e+06
     twoNw = 1.47905e+06
    twoNec = 71828.5
    twoNnw = 19359.9
  twoNecnw = 65830.9
  twoNbecnw = 8747.97
  twoNgbecnw = 239667
         m = 0.122838
        m4 = 0.017252
        m5 = 0.138219
        m6 = 0.06011
        Ta = 42631.4
        Td = 5031.37
        Te = 10036.1
        Tf = 5018.05
DiffEv reached_goal. cost=2.43153e-03 spread=2.66590e-06
Fitted parameter values
Free:
       pc1 = 1.78033
       pc2 = -1.9363
       pc3 = 3.98147
       pc4 = 1.88887
       pc5 = 1.64874
       pc6 = -0.245266
       pc7 = 1.96407
       pc8 = -0.459884
       pc9 = 1.95657
      pc10 = 1.98761
      pc11 = 0.211117
      pc12 = -0.106812
      pc13 = 0.138447
      pc14 = 0.0230332
      pc15 = -0.137306
      pc16 = 0.0950266
      pc17 = 0.0274842
      pc18 = 0.0109303
Constrained:
   Tgbecnw = 89026.2
     Tecnw = 23691.8
       Tnw = 22907.6
       Tec = 11578.3
     twoNb = 2.31791e+06
     twoNe = 2.91229e+06
     twoNc = 394034
     twoNn = 7.0801e+06
     twoNw = 3.49217e+06
    twoNec = 54906.1
    twoNnw = 2964.1
  twoNecnw = 68566.9
  twoNbecnw = 5077.79
  twoNgbecnw = 254370
         m = 0.11638
        m4 = 0.0176244
        m5 = 0.160056
        m6 = 0.0891362
        Ta = 43389.2
        Td = 5789.17
        Te = 11453.8
        Tf = 5726.89
#       SitePat  BranchLen
              b 118057.9785767
              e 44029.4417802
              c 45796.9829594
              n 42983.7647734
              w 42953.5390972
            b:e 1181.4716884
            b:c 1414.1489487
            b:n 1045.8375580
            b:w 1044.2607148
            e:c 11345.6977515
            e:n 4489.6077842
            e:w 4501.6964374
            c:n 4146.6701290
            c:w 4156.6691339
            n:w 11984.3257552
          b:e:c 1322.7208029
          b:e:n 592.9621036
          b:e:w 593.0549724
          b:c:n 597.1402676
          b:c:w 596.9392035
          b:n:w 1309.5808110
          e:c:n 4150.7599693
          e:c:w 4158.8979874
          e:n:w 5696.2766287
          c:n:w 4920.9732989
        b:e:c:n 1156.3760297
        b:e:c:w 1158.0610684
        b:e:n:w 1847.7626554
        b:c:n:w 1302.7498954
        e:c:n:w 46996.2578509
