########################################
# legofit: estimate population history #
#       version 2.3.4-4-g53f8760       #
########################################

# Program was compiled: Sep 21 2021 14:36:42
# Program was run: Thu Sep 23 18:28:52 2021

# cmd: legofit -1 -d 0 -t 32 --ptsPerDim 3 --stateOut b1boot16.state --tol 3e-6 -S 5000 adef2.lgo ../../chrX/boot_chrX/boot16.opf
# Stage nOptItr nSimReps
#     0    5000        0
# algorithm          : deterministic
# ignoring probs <=  : 0
# Branch length floor: 0
# DE strategy        : 2
#    F               : 0.3
#    CR              : 0.8
#    tolerance       : 3e-06
# nthreads           : 32
# lgo input file     : adef2.lgo
# site pat input file: ../../chrX/boot_chrX/boot16.opf
# free parameters    : 18
# points in DE swarm : 54
# output state file  : b1boot16.state
# Including singleton site patterns.
# cost function      : KL
Initial parameter values
Fixed:
      zero = 0
       one = 1
    Tbecnw = 75200
Free:
       pc1 = 0
       pc2 = 0
       pc3 = 0
       pc4 = 0
       pc5 = 0
       pc6 = 0
       pc7 = 0
       pc8 = 0
       pc9 = 0
      pc10 = 0
      pc11 = 0
      pc12 = 0
      pc13 = 0
      pc14 = 0
      pc15 = 0
      pc16 = 0
      pc17 = 0
      pc18 = 0
Constrained:
   Tgbecnw = 99115.6
     Tecnw = 25019
       Tnw = 20072.2
       Tec = 10062.7
     twoNb = 1.70411e+06
     twoNe = 2.65784e+06
     twoNc = 1.04308e+07
     twoNn = 4.92886e+06
     twoNw = 1.47905e+06
    twoNec = 71828.5
    twoNnw = 19359.9
  twoNecnw = 65830.9
  twoNbecnw = 8747.97
  twoNgbecnw = 239667
         m = 0.122838
        m4 = 0.017252
        m5 = 0.138219
        m6 = 0.06011
        Ta = 42631.4
        Td = 5031.37
        Te = 10036.1
        Tf = 5018.05
DiffEv reached_goal. cost=2.40611e-03 spread=2.20416e-06
Fitted parameter values
Free:
       pc1 = 1.50703
       pc2 = -1.98512
       pc3 = 3.97275
       pc4 = 1.4702
       pc5 = 1.5622
       pc6 = -1.15741
       pc7 = 1.94026
       pc8 = -1.08561
       pc9 = 1.97563
      pc10 = 0.735117
      pc11 = -0.316162
      pc12 = 0.174485
      pc13 = 0.0352388
      pc14 = 0.045776
      pc15 = 0.0690129
      pc16 = 0.0924273
      pc17 = -0.00207717
      pc18 = -0.0237118
Constrained:
   Tgbecnw = 89768.4
     Tecnw = 24176.3
       Tnw = 22470.1
       Tec = 11257.1
     twoNb = 2.24538e+06
     twoNe = 5.47199e+06
     twoNc = 7.25016e+06
     twoNn = 8.04162e+06
     twoNw = 3.22675e+06
    twoNec = 54868.7
    twoNnw = 6020.49
  twoNecnw = 70137.9
  twoNbecnw = 5246
  twoNgbecnw = 266912
         m = 0.108842
        m4 = 0.0160307
        m5 = 0.182201
        m6 = 0.0957884
        Ta = 43228.5
        Td = 5628.54
        Te = 11235
        Tf = 5617.51
#       SitePat  BranchLen
              b 117588.2337063
              e 44227.0363502
              c 46193.6134287
              n 43029.2412466
              w 42993.3295666
            b:e 1203.2185448
            b:c 1438.7442239
            b:n 1053.7801656
            b:w 1051.9090082
            e:c 11539.5832139
            e:n 4486.4341454
            e:w 4501.5703687
            c:n 4083.3593900
            c:w 4094.6845198
            n:w 12322.7547796
          b:e:c 1367.9011790
          b:e:n 597.6717118
          b:e:w 597.8349346
          b:c:n 602.3697485
          b:c:w 602.0732211
          b:n:w 1353.3027514
          e:c:n 4073.5980579
          e:c:w 4083.0483849
          e:n:w 5796.2526068
          c:n:w 4915.8829015
        b:e:c:n 1169.0574970
        b:e:c:w 1171.0619589
        b:e:n:w 1851.2728918
        b:c:n:w 1330.5639518
        e:c:n:w 46313.4538178
