########################################
# legofit: estimate population history #
#       version 2.3.4-4-g53f8760       #
########################################

# Program was compiled: Sep 21 2021 14:36:42
# Program was run: Thu Sep 23 18:29:31 2021

# cmd: legofit -1 -d 0 -t 32 --ptsPerDim 3 --stateOut b1boot22.state --tol 3e-6 -S 5000 adef2.lgo ../../chrX/boot_chrX/boot22.opf
# Stage nOptItr nSimReps
#     0    5000        0
# algorithm          : deterministic
# ignoring probs <=  : 0
# Branch length floor: 0
# DE strategy        : 2
#    F               : 0.3
#    CR              : 0.8
#    tolerance       : 3e-06
# nthreads           : 32
# lgo input file     : adef2.lgo
# site pat input file: ../../chrX/boot_chrX/boot22.opf
# free parameters    : 18
# points in DE swarm : 54
# output state file  : b1boot22.state
# Including singleton site patterns.
# cost function      : KL
Initial parameter values
Fixed:
      zero = 0
       one = 1
    Tbecnw = 75200
Free:
       pc1 = 0
       pc2 = 0
       pc3 = 0
       pc4 = 0
       pc5 = 0
       pc6 = 0
       pc7 = 0
       pc8 = 0
       pc9 = 0
      pc10 = 0
      pc11 = 0
      pc12 = 0
      pc13 = 0
      pc14 = 0
      pc15 = 0
      pc16 = 0
      pc17 = 0
      pc18 = 0
Constrained:
   Tgbecnw = 99115.6
     Tecnw = 25019
       Tnw = 20072.2
       Tec = 10062.7
     twoNb = 1.70411e+06
     twoNe = 2.65784e+06
     twoNc = 1.04308e+07
     twoNn = 4.92886e+06
     twoNw = 1.47905e+06
    twoNec = 71828.5
    twoNnw = 19359.9
  twoNecnw = 65830.9
  twoNbecnw = 8747.97
  twoNgbecnw = 239667
         m = 0.122838
        m4 = 0.017252
        m5 = 0.138219
        m6 = 0.06011
        Ta = 42631.4
        Td = 5031.37
        Te = 10036.1
        Tf = 5018.05
DiffEv reached_goal. cost=2.32899e-03 spread=2.95378e-06
Fitted parameter values
Free:
       pc1 = 0.622923
       pc2 = -1.93948
       pc3 = 3.87903
       pc4 = 1.7146
       pc5 = 1.42374
       pc6 = 0.721691
       pc7 = 1.71466
       pc8 = -1.86079
       pc9 = 1.51749
      pc10 = 0.554715
      pc11 = 0.173666
      pc12 = -0.155032
      pc13 = -0.163522
      pc14 = 0.0246312
      pc15 = -0.0654264
      pc16 = 0.0520721
      pc17 = 0.0344806
      pc18 = 0.0134583
Constrained:
   Tgbecnw = 88107.6
     Tecnw = 24324.5
       Tnw = 21440.4
       Tec = 10805.8
     twoNb = 1.14986e+06
     twoNe = 2.96166e+06
     twoNc = 4.25803e+06
     twoNn = 7.9554e+06
     twoNw = 3.2693e+06
    twoNec = 56273.8
    twoNnw = 10387.6
  twoNecnw = 68803.8
  twoNbecnw = 4908.21
  twoNgbecnw = 236243
         m = 0.121855
        m4 = 0.0165193
        m5 = 0.179593
        m6 = 0.0980131
        Ta = 43002.9
        Td = 5402.88
        Te = 10720.2
        Tf = 5360.11
#       SitePat  BranchLen
              b 117103.1227535
              e 43981.1580535
              c 45857.0844395
              n 42913.7389367
              w 42879.1788179
            b:e 1189.9132544
            b:c 1452.4505409
            b:n 1053.7721072
            b:w 1052.0097658
            e:c 11601.0258787
            e:n 4478.3853158
            e:w 4492.6519979
            c:n 4086.5543838
            c:w 4097.8824816
            n:w 12301.2586108
          b:e:c 1356.7419095
          b:e:n 593.7229025
          b:e:w 593.8437077
          b:c:n 598.7260697
          b:c:w 598.4815415
          b:n:w 1342.6295917
          e:c:n 4113.7148511
          e:c:w 4122.6801900
          e:n:w 5754.1036247
          c:n:w 4895.9641889
        b:e:c:n 1167.2326271
        b:e:c:w 1169.1186914
        b:e:n:w 1817.8547979
        b:c:n:w 1314.4897945
        e:c:n:w 45971.9624670
