########################################
# legofit: estimate population history #
#       version 2.3.4-4-g53f8760       #
########################################

# Program was compiled: Sep 21 2021 14:36:42
# Program was run: Thu Sep 23 18:28:28 2021

# cmd: legofit -1 -d 0 -t 32 --ptsPerDim 3 --stateOut b1boot14.state --tol 3e-6 -S 5000 adef2.lgo ../../chrX/boot_chrX/boot14.opf
# Stage nOptItr nSimReps
#     0    5000        0
# algorithm          : deterministic
# ignoring probs <=  : 0
# Branch length floor: 0
# DE strategy        : 2
#    F               : 0.3
#    CR              : 0.8
#    tolerance       : 3e-06
# nthreads           : 32
# lgo input file     : adef2.lgo
# site pat input file: ../../chrX/boot_chrX/boot14.opf
# free parameters    : 18
# points in DE swarm : 54
# output state file  : b1boot14.state
# Including singleton site patterns.
# cost function      : KL
Initial parameter values
Fixed:
      zero = 0
       one = 1
    Tbecnw = 75200
Free:
       pc1 = 0
       pc2 = 0
       pc3 = 0
       pc4 = 0
       pc5 = 0
       pc6 = 0
       pc7 = 0
       pc8 = 0
       pc9 = 0
      pc10 = 0
      pc11 = 0
      pc12 = 0
      pc13 = 0
      pc14 = 0
      pc15 = 0
      pc16 = 0
      pc17 = 0
      pc18 = 0
Constrained:
   Tgbecnw = 99115.6
     Tecnw = 25019
       Tnw = 20072.2
       Tec = 10062.7
     twoNb = 1.70411e+06
     twoNe = 2.65784e+06
     twoNc = 1.04308e+07
     twoNn = 4.92886e+06
     twoNw = 1.47905e+06
    twoNec = 71828.5
    twoNnw = 19359.9
  twoNecnw = 65830.9
  twoNbecnw = 8747.97
  twoNgbecnw = 239667
         m = 0.122838
        m4 = 0.017252
        m5 = 0.138219
        m6 = 0.06011
        Ta = 42631.4
        Td = 5031.37
        Te = 10036.1
        Tf = 5018.05
DiffEv reached_goal. cost=2.18793e-03 spread=2.99947e-06
Fitted parameter values
Free:
       pc1 = 1.27618
       pc2 = -1.98953
       pc3 = 3.66954
       pc4 = 1.89667
       pc5 = 1.36573
       pc6 = -1.63503
       pc7 = 1.97251
       pc8 = -0.712588
       pc9 = 1.9371
      pc10 = 0.850501
      pc11 = 0.0212787
      pc12 = -0.302677
      pc13 = 0.425103
      pc14 = -0.106257
      pc15 = -0.18091
      pc16 = 0.0539722
      pc17 = 0.061349
      pc18 = -0.0288383
Constrained:
   Tgbecnw = 89252.4
     Tecnw = 24102
       Tnw = 22201.6
       Tec = 11158.4
     twoNb = 2.58946e+06
     twoNe = 5.48911e+06
     twoNc = 1.1097e+07
     twoNn = 8.25221e+06
     twoNw = 3.13635e+06
    twoNec = 54436
    twoNnw = 6971.31
  twoNecnw = 67985.3
  twoNbecnw = 5081.25
  twoNgbecnw = 259773
         m = 0.111584
        m4 = 0.0162497
        m5 = 0.168214
        m6 = 0.111958
        Ta = 43179.2
        Td = 5579.2
        Te = 11100.8
        Tf = 5550.41
#       SitePat  BranchLen
              b 117373.4229444
              e 43919.6940006
              c 45425.1604119
              n 42809.3058858
              w 42771.5355794
            b:e 1163.6922372
            b:c 1358.9655793
            b:n 1023.6053292
            b:w 1021.7034961
            e:c 11440.1986204
            e:n 4424.0217333
            e:w 4437.1209222
            c:n 4134.3707309
            c:w 4149.0591931
            n:w 12026.0566541
          b:e:c 1302.4387356
          b:e:n 577.7073833
          b:e:w 577.6455690
          b:c:n 581.0831699
          b:c:w 581.0163787
          b:n:w 1290.2759314
          e:c:n 4117.3940072
          e:c:w 4127.3766625
          e:n:w 5606.2326402
          c:n:w 4954.6569350
        b:e:c:n 1129.9795769
        b:e:c:w 1132.0100156
        b:e:n:w 1759.0202169
        b:c:n:w 1280.8221268
        e:c:n:w 46438.8565463
