########################################
# legofit: estimate population history #
#       version 2.3.4-4-g53f8760       #
########################################

# Program was compiled: Sep 21 2021 14:36:42
# Program was run: Thu Sep 23 18:27:21 2021

# cmd: legofit -1 -d 0 -t 32 --ptsPerDim 3 --stateOut b1boot5.state --tol 3e-6 -S 5000 adef2.lgo ../../chrX/boot_chrX/boot5.opf
# Stage nOptItr nSimReps
#     0    5000        0
# algorithm          : deterministic
# ignoring probs <=  : 0
# Branch length floor: 0
# DE strategy        : 2
#    F               : 0.3
#    CR              : 0.8
#    tolerance       : 3e-06
# nthreads           : 32
# lgo input file     : adef2.lgo
# site pat input file: ../../chrX/boot_chrX/boot5.opf
# free parameters    : 18
# points in DE swarm : 54
# output state file  : b1boot5.state
# Including singleton site patterns.
# cost function      : KL
Initial parameter values
Fixed:
      zero = 0
       one = 1
    Tbecnw = 75200
Free:
       pc1 = 0
       pc2 = 0
       pc3 = 0
       pc4 = 0
       pc5 = 0
       pc6 = 0
       pc7 = 0
       pc8 = 0
       pc9 = 0
      pc10 = 0
      pc11 = 0
      pc12 = 0
      pc13 = 0
      pc14 = 0
      pc15 = 0
      pc16 = 0
      pc17 = 0
      pc18 = 0
Constrained:
   Tgbecnw = 99115.6
     Tecnw = 25019
       Tnw = 20072.2
       Tec = 10062.7
     twoNb = 1.70411e+06
     twoNe = 2.65784e+06
     twoNc = 1.04308e+07
     twoNn = 4.92886e+06
     twoNw = 1.47905e+06
    twoNec = 71828.5
    twoNnw = 19359.9
  twoNecnw = 65830.9
  twoNbecnw = 8747.97
  twoNgbecnw = 239667
         m = 0.122838
        m4 = 0.017252
        m5 = 0.138219
        m6 = 0.06011
        Ta = 42631.4
        Td = 5031.37
        Te = 10036.1
        Tf = 5018.05
DiffEv reached_goal. cost=2.40187e-03 spread=2.50121e-06
Fitted parameter values
Free:
       pc1 = 0.854299
       pc2 = -1.99495
       pc3 = 3.33487
       pc4 = 1.9145
       pc5 = 1.16782
       pc6 = -0.724346
       pc7 = 1.98683
       pc8 = -0.573093
       pc9 = 1.88656
      pc10 = 0.269838
      pc11 = -0.574202
      pc12 = -0.229289
      pc13 = -0.313223
      pc14 = 0.0823433
      pc15 = -0.152663
      pc16 = 0.0770211
      pc17 = -0.00986489
      pc18 = 0.00102813
Constrained:
   Tgbecnw = 87941.9
     Tecnw = 24027.1
       Tnw = 20809
       Tec = 10475.2
     twoNb = 2.2825e+06
     twoNe = 4.41809e+06
     twoNc = 7.0663e+06
     twoNn = 1.08133e+07
     twoNw = 3.01142e+06
    twoNec = 57060.7
    twoNnw = 12290.7
  twoNecnw = 68775.5
  twoNbecnw = 4706.44
  twoNgbecnw = 251297
         m = 0.109571
        m4 = 0.0159435
        m5 = 0.17685
        m6 = 0.0861338
        Ta = 42837.6
        Td = 5237.58
        Te = 10404.5
        Tf = 5202.25
#       SitePat  BranchLen
              b 115683.9712985
              e 43648.5260390
              c 45605.8053752
              n 42972.2376157
              w 42937.6294182
            b:e 1159.2562219
            b:c 1388.8403942
            b:n 1054.3902637
            b:w 1052.6529187
            e:c 11628.6843741
            e:n 4517.3872762
            e:w 4532.9618512
            c:n 4100.4618526
            c:w 4110.5831598
            n:w 12133.4793264
          b:e:c 1328.7543230
          b:e:n 590.9260442
          b:e:w 591.1453736
          b:c:n 595.6988657
          b:c:w 595.3565526
          b:n:w 1317.0889864
          e:c:n 4158.3697804
          e:c:w 4167.2820957
          e:n:w 5630.1688353
          c:n:w 4771.2755653
        b:e:c:n 1168.4522361
        b:e:c:w 1170.3125647
        b:e:n:w 1779.9406635
        b:c:n:w 1282.2903675
        e:c:n:w 44686.9095675
