########################################
# legofit: estimate population history #
#       version 2.3.4-4-g53f8760       #
########################################

# Program was compiled: Sep 21 2021 14:36:42
# Program was run: Thu Sep 23 18:28:19 2021

# cmd: legofit -1 -d 0 -t 32 --ptsPerDim 3 --stateOut b1boot12.state --tol 3e-6 -S 5000 adef2.lgo ../../chrX/boot_chrX/boot12.opf
# Stage nOptItr nSimReps
#     0    5000        0
# algorithm          : deterministic
# ignoring probs <=  : 0
# Branch length floor: 0
# DE strategy        : 2
#    F               : 0.3
#    CR              : 0.8
#    tolerance       : 3e-06
# nthreads           : 32
# lgo input file     : adef2.lgo
# site pat input file: ../../chrX/boot_chrX/boot12.opf
# free parameters    : 18
# points in DE swarm : 54
# output state file  : b1boot12.state
# Including singleton site patterns.
# cost function      : KL
Initial parameter values
Fixed:
      zero = 0
       one = 1
    Tbecnw = 75200
Free:
       pc1 = 0
       pc2 = 0
       pc3 = 0
       pc4 = 0
       pc5 = 0
       pc6 = 0
       pc7 = 0
       pc8 = 0
       pc9 = 0
      pc10 = 0
      pc11 = 0
      pc12 = 0
      pc13 = 0
      pc14 = 0
      pc15 = 0
      pc16 = 0
      pc17 = 0
      pc18 = 0
Constrained:
   Tgbecnw = 99115.6
     Tecnw = 25019
       Tnw = 20072.2
       Tec = 10062.7
     twoNb = 1.70411e+06
     twoNe = 2.65784e+06
     twoNc = 1.04308e+07
     twoNn = 4.92886e+06
     twoNw = 1.47905e+06
    twoNec = 71828.5
    twoNnw = 19359.9
  twoNecnw = 65830.9
  twoNbecnw = 8747.97
  twoNgbecnw = 239667
         m = 0.122838
        m4 = 0.017252
        m5 = 0.138219
        m6 = 0.06011
        Ta = 42631.4
        Td = 5031.37
        Te = 10036.1
        Tf = 5018.05
DiffEv reached_goal. cost=2.43128e-03 spread=2.60994e-06
Fitted parameter values
Free:
       pc1 = 2.23088
       pc2 = -1.99787
       pc3 = 3.7963
       pc4 = 1.8013
       pc5 = 0.839234
       pc6 = -1.09021
       pc7 = 1.98652
       pc8 = 0.116837
       pc9 = 1.8763
      pc10 = 1.27076
      pc11 = -0.184947
      pc12 = -0.303192
      pc13 = -0.120046
      pc14 = -0.226969
      pc15 = -0.0680905
      pc16 = 0.0760718
      pc17 = -0.0234855
      pc18 = -0.0417599
Constrained:
   Tgbecnw = 90016
     Tecnw = 23597.9
       Tnw = 22617.4
       Tec = 11325.7
     twoNb = 2.7649e+06
     twoNe = 3.37172e+06
     twoNc = 8.01164e+06
     twoNn = 1.36205e+07
     twoNw = 3.18922e+06
    twoNec = 53868.8
    twoNnw = 3764.63
  twoNecnw = 69016.1
  twoNbecnw = 5310.77
  twoNgbecnw = 268588
         m = 0.11049
        m4 = 0.0166129
        m5 = 0.152973
        m6 = 0.0738715
        Ta = 43262.9
        Td = 5662.85
        Te = 11308.7
        Tf = 5654.35
#       SitePat  BranchLen
              b 118295.7700440
              e 43780.0639978
              c 45628.2334652
              n 43145.3021712
              w 43115.7387398
            b:e 1169.7727020
            b:c 1396.1029885
            b:n 1060.4889193
            b:w 1058.9472374
            e:c 11713.3550360
            e:n 4464.0550464
            e:w 4477.2457439
            c:n 4097.5000200
            c:w 4105.9734264
            n:w 12116.3860351
          b:e:c 1344.8023303
          b:e:n 590.2566379
          b:e:w 590.4589317
          b:c:n 594.5826848
          b:c:w 594.2736597
          b:n:w 1333.2409257
          e:c:n 4202.4749064
          e:c:w 4210.3742339
          e:n:w 5626.1163747
          c:n:w 4821.8507853
        b:e:c:n 1172.6060821
        b:e:c:w 1174.2544953
        b:e:n:w 1831.5237103
        b:c:n:w 1290.9759295
        e:c:n:w 47150.6972351
