########################################
# legofit: estimate population history #
#       version 2.3.4-4-g53f8760       #
########################################

# Program was compiled: Sep 21 2021 14:36:42
# Program was run: Thu Sep 23 18:30:12 2021

# cmd: legofit -1 -d 0 -t 32 --ptsPerDim 3 --stateOut b1boot27.state --tol 3e-6 -S 5000 adef2.lgo ../../chrX/boot_chrX/boot27.opf
# Stage nOptItr nSimReps
#     0    5000        0
# algorithm          : deterministic
# ignoring probs <=  : 0
# Branch length floor: 0
# DE strategy        : 2
#    F               : 0.3
#    CR              : 0.8
#    tolerance       : 3e-06
# nthreads           : 32
# lgo input file     : adef2.lgo
# site pat input file: ../../chrX/boot_chrX/boot27.opf
# free parameters    : 18
# points in DE swarm : 54
# output state file  : b1boot27.state
# Including singleton site patterns.
# cost function      : KL
Initial parameter values
Fixed:
      zero = 0
       one = 1
    Tbecnw = 75200
Free:
       pc1 = 0
       pc2 = 0
       pc3 = 0
       pc4 = 0
       pc5 = 0
       pc6 = 0
       pc7 = 0
       pc8 = 0
       pc9 = 0
      pc10 = 0
      pc11 = 0
      pc12 = 0
      pc13 = 0
      pc14 = 0
      pc15 = 0
      pc16 = 0
      pc17 = 0
      pc18 = 0
Constrained:
   Tgbecnw = 99115.6
     Tecnw = 25019
       Tnw = 20072.2
       Tec = 10062.7
     twoNb = 1.70411e+06
     twoNe = 2.65784e+06
     twoNc = 1.04308e+07
     twoNn = 4.92886e+06
     twoNw = 1.47905e+06
    twoNec = 71828.5
    twoNnw = 19359.9
  twoNecnw = 65830.9
  twoNbecnw = 8747.97
  twoNgbecnw = 239667
         m = 0.122838
        m4 = 0.017252
        m5 = 0.138219
        m6 = 0.06011
        Ta = 42631.4
        Td = 5031.37
        Te = 10036.1
        Tf = 5018.05
DiffEv reached_goal. cost=2.28931e-03 spread=2.60806e-06
Fitted parameter values
Free:
       pc1 = 0.809803
       pc2 = -1.99383
       pc3 = 3.98552
       pc4 = 1.97623
       pc5 = 1.23399
       pc6 = -1.92194
       pc7 = 1.99671
       pc8 = -1.78607
       pc9 = 0.736813
      pc10 = 1.98137
      pc11 = -0.979888
      pc12 = -0.096182
      pc13 = 0.403321
      pc14 = -0.0455704
      pc15 = 0.262486
      pc16 = 0.126146
      pc17 = -0.0615085
      pc18 = -0.0269805
Constrained:
   Tgbecnw = 89628
     Tecnw = 24499.6
       Tnw = 21852.1
       Tec = 10932.1
     twoNb = 2.42991e+06
     twoNe = 4.73761e+06
     twoNc = 1.97869e+07
     twoNn = 3.05029e+06
     twoNw = 3.08579e+06
    twoNec = 51836.9
    twoNnw = 9106.93
  twoNecnw = 72917.5
  twoNbecnw = 5284.46
  twoNgbecnw = 262565
         m = 0.113248
        m4 = 0.0185003
        m5 = 0.184747
        m6 = 0.126945
        Ta = 43066
        Td = 5466.03
        Te = 10926.1
        Tf = 5463.03
#       SitePat  BranchLen
              b 118317.0556235
              e 44647.0149928
              c 46324.9229765
              n 43382.4668480
              w 43339.1489217
            b:e 1270.6121018
            b:c 1496.8328501
            b:n 1106.9587245
            b:w 1104.6627190
            e:c 11936.9058808
            e:n 4476.4360782
            e:w 4491.2062064
            c:n 4152.6475648
            c:w 4170.0294997
            n:w 12621.1838706
          b:e:c 1451.2008165
          b:e:n 624.4241744
          b:e:w 624.3030852
          b:c:n 628.5164019
          b:c:w 628.4652082
          b:n:w 1436.1202975
          e:c:n 4093.0889796
          e:c:w 4104.2548428
          e:n:w 5743.4681922
          c:n:w 5023.0836393
        b:e:c:n 1234.6369449
        b:e:c:w 1237.1052332
        b:e:n:w 1958.6593264
        b:c:n:w 1411.6258129
        e:c:n:w 46637.8626690
