########################################
# legofit: estimate population history #
#       version 2.3.4-4-g53f8760       #
########################################

# Program was compiled: Sep 21 2021 14:36:42
# Program was run: Thu Sep 23 18:32:51 2021

# cmd: legofit -1 -d 0 -t 32 --ptsPerDim 3 --stateOut b1boot48.state --tol 3e-6 -S 5000 adef2.lgo ../../chrX/boot_chrX/boot48.opf
# Stage nOptItr nSimReps
#     0    5000        0
# algorithm          : deterministic
# ignoring probs <=  : 0
# Branch length floor: 0
# DE strategy        : 2
#    F               : 0.3
#    CR              : 0.8
#    tolerance       : 3e-06
# nthreads           : 32
# lgo input file     : adef2.lgo
# site pat input file: ../../chrX/boot_chrX/boot48.opf
# free parameters    : 18
# points in DE swarm : 54
# output state file  : b1boot48.state
# Including singleton site patterns.
# cost function      : KL
Initial parameter values
Fixed:
      zero = 0
       one = 1
    Tbecnw = 75200
Free:
       pc1 = 0
       pc2 = 0
       pc3 = 0
       pc4 = 0
       pc5 = 0
       pc6 = 0
       pc7 = 0
       pc8 = 0
       pc9 = 0
      pc10 = 0
      pc11 = 0
      pc12 = 0
      pc13 = 0
      pc14 = 0
      pc15 = 0
      pc16 = 0
      pc17 = 0
      pc18 = 0
Constrained:
   Tgbecnw = 99115.6
     Tecnw = 25019
       Tnw = 20072.2
       Tec = 10062.7
     twoNb = 1.70411e+06
     twoNe = 2.65784e+06
     twoNc = 1.04308e+07
     twoNn = 4.92886e+06
     twoNw = 1.47905e+06
    twoNec = 71828.5
    twoNnw = 19359.9
  twoNecnw = 65830.9
  twoNbecnw = 8747.97
  twoNgbecnw = 239667
         m = 0.122838
        m4 = 0.017252
        m5 = 0.138219
        m6 = 0.06011
        Ta = 42631.4
        Td = 5031.37
        Te = 10036.1
        Tf = 5018.05
DiffEv reached_goal. cost=2.27984e-03 spread=2.84719e-06
Fitted parameter values
Free:
       pc1 = 0.590814
       pc2 = -1.99501
       pc3 = 3.98229
       pc4 = 1.81703
       pc5 = 1.84787
       pc6 = -1.81612
       pc7 = 1.96444
       pc8 = -1.629
       pc9 = 1.72902
      pc10 = 1.30274
      pc11 = 0.356328
      pc12 = 0.182027
      pc13 = 0.43614
      pc14 = 0.120796
      pc15 = 0.0967495
      pc16 = 0.119789
      pc17 = 0.0376078
      pc18 = -0.0384788
Constrained:
   Tgbecnw = 89086.7
     Tecnw = 24827.2
       Tnw = 22680.7
       Tec = 11366.1
     twoNb = 2.26619e+06
     twoNe = 6.48385e+06
     twoNc = 1.29214e+07
     twoNn = 2.67643e+06
     twoNw = 3.28422e+06
    twoNec = 53789.4
    twoNnw = 7744.1
  twoNecnw = 68114.8
  twoNbecnw = 5144.58
  twoNgbecnw = 255819
         m = 0.112254
        m4 = 0.0172197
        m5 = 0.192659
        m6 = 0.127111
        Ta = 43283.1
        Td = 5683.06
        Te = 11340.4
        Tf = 5670.18
#       SitePat  BranchLen
              b 117494.5805565
              e 44335.1420645
              c 45998.7822548
              n 43261.4446979
              w 43219.2229323
            b:e 1221.8950132
            b:c 1442.2869160
            b:n 1073.8044818
            b:w 1071.5786565
            e:c 11382.5875577
            e:n 4478.5981075
            e:w 4493.3426866
            c:n 4151.2231680
            c:w 4167.5420558
            n:w 11950.4114258
          b:e:c 1363.3629433
          b:e:n 610.5866311
          b:e:w 610.5227411
          b:c:n 614.6157750
          b:c:w 614.5259531
          b:n:w 1350.0568367
          e:c:n 4120.3321734
          e:c:w 4131.4904721
          e:n:w 5712.2829968
          c:n:w 4979.4834892
        b:e:c:n 1187.8753008
        b:e:c:w 1190.2548381
        b:e:n:w 1853.6479996
        b:c:n:w 1347.5584421
        e:c:n:w 46355.2317456
