########################################
# legofit: estimate population history #
#       version 2.3.4-4-g53f8760       #
########################################

# Program was compiled: Sep 21 2021 14:36:42
# Program was run: Thu Sep 23 18:29:03 2021

# cmd: legofit -1 -d 0 -t 32 --ptsPerDim 3 --stateOut b1boot18.state --tol 3e-6 -S 5000 adef2.lgo ../../chrX/boot_chrX/boot18.opf
# Stage nOptItr nSimReps
#     0    5000        0
# algorithm          : deterministic
# ignoring probs <=  : 0
# Branch length floor: 0
# DE strategy        : 2
#    F               : 0.3
#    CR              : 0.8
#    tolerance       : 3e-06
# nthreads           : 32
# lgo input file     : adef2.lgo
# site pat input file: ../../chrX/boot_chrX/boot18.opf
# free parameters    : 18
# points in DE swarm : 54
# output state file  : b1boot18.state
# Including singleton site patterns.
# cost function      : KL
Initial parameter values
Fixed:
      zero = 0
       one = 1
    Tbecnw = 75200
Free:
       pc1 = 0
       pc2 = 0
       pc3 = 0
       pc4 = 0
       pc5 = 0
       pc6 = 0
       pc7 = 0
       pc8 = 0
       pc9 = 0
      pc10 = 0
      pc11 = 0
      pc12 = 0
      pc13 = 0
      pc14 = 0
      pc15 = 0
      pc16 = 0
      pc17 = 0
      pc18 = 0
Constrained:
   Tgbecnw = 99115.6
     Tecnw = 25019
       Tnw = 20072.2
       Tec = 10062.7
     twoNb = 1.70411e+06
     twoNe = 2.65784e+06
     twoNc = 1.04308e+07
     twoNn = 4.92886e+06
     twoNw = 1.47905e+06
    twoNec = 71828.5
    twoNnw = 19359.9
  twoNecnw = 65830.9
  twoNbecnw = 8747.97
  twoNgbecnw = 239667
         m = 0.122838
        m4 = 0.017252
        m5 = 0.138219
        m6 = 0.06011
        Ta = 42631.4
        Td = 5031.37
        Te = 10036.1
        Tf = 5018.05
DiffEv reached_goal. cost=2.45947e-03 spread=2.37793e-06
Fitted parameter values
Free:
       pc1 = 1.37439
       pc2 = -1.99829
       pc3 = 3.99113
       pc4 = 1.98412
       pc5 = 1.95653
       pc6 = -1.86605
       pc7 = 1.9214
       pc8 = -1.74419
       pc9 = 1.62588
      pc10 = 1.43174
      pc11 = -0.044607
      pc12 = 0.520143
      pc13 = 0.0641813
      pc14 = 0.186229
      pc15 = -0.152963
      pc16 = 0.159896
      pc17 = 0.08164
      pc18 = 0.092893
Constrained:
   Tgbecnw = 89213.8
     Tecnw = 24125.4
       Tnw = 22885.5
       Tec = 11700.4
     twoNb = 2.38832e+06
     twoNe = 6.17361e+06
     twoNc = 1.31276e+07
     twoNn = 957044
     twoNw = 3.2578e+06
    twoNec = 52753.5
    twoNnw = 4641.42
  twoNecnw = 69975.3
  twoNbecnw = 5127.59
  twoNgbecnw = 256718
         m = 0.117582
        m4 = 0.0170205
        m5 = 0.200904
        m6 = 0.109181
        Ta = 43450.2
        Td = 5850.2
        Te = 11442.8
        Tf = 5721.38
#       SitePat  BranchLen
              b 118579.6934442
              e 44239.2218369
              c 46259.7243768
              n 43271.6475409
              w 43230.9984792
            b:e 1192.1468283
            b:c 1439.1768881
            b:n 1060.1666074
            b:w 1058.0322792
            e:c 11202.7509842
            e:n 4605.8926333
            e:w 4622.5028491
            c:n 4191.5360911
            c:w 4204.6879356
            n:w 11847.3222416
          b:e:c 1324.9997136
          b:e:n 608.6630090
          b:e:w 608.8138303
          b:c:n 613.3998025
          b:c:w 613.0987477
          b:n:w 1311.8109988
          e:c:n 4126.8945476
          e:c:w 4137.7815492
          e:n:w 5786.2709496
          c:n:w 4891.7513457
        b:e:c:n 1175.0517633
        b:e:c:w 1177.3363251
        b:e:n:w 1867.7827457
        b:c:n:w 1317.9192886
        e:c:n:w 47271.9829128
