########################################
# legofit: estimate population history #
#       version 2.3.4-4-g53f8760       #
########################################

# Program was compiled: Sep 21 2021 14:36:42
# Program was run: Thu Sep 23 18:32:34 2021

# cmd: legofit -1 -d 0 -t 32 --ptsPerDim 3 --stateOut b1boot45.state --tol 3e-6 -S 5000 adef2.lgo ../../chrX/boot_chrX/boot45.opf
# Stage nOptItr nSimReps
#     0    5000        0
# algorithm          : deterministic
# ignoring probs <=  : 0
# Branch length floor: 0
# DE strategy        : 2
#    F               : 0.3
#    CR              : 0.8
#    tolerance       : 3e-06
# nthreads           : 32
# lgo input file     : adef2.lgo
# site pat input file: ../../chrX/boot_chrX/boot45.opf
# free parameters    : 18
# points in DE swarm : 54
# output state file  : b1boot45.state
# Including singleton site patterns.
# cost function      : KL
Initial parameter values
Fixed:
      zero = 0
       one = 1
    Tbecnw = 75200
Free:
       pc1 = 0
       pc2 = 0
       pc3 = 0
       pc4 = 0
       pc5 = 0
       pc6 = 0
       pc7 = 0
       pc8 = 0
       pc9 = 0
      pc10 = 0
      pc11 = 0
      pc12 = 0
      pc13 = 0
      pc14 = 0
      pc15 = 0
      pc16 = 0
      pc17 = 0
      pc18 = 0
Constrained:
   Tgbecnw = 99115.6
     Tecnw = 25019
       Tnw = 20072.2
       Tec = 10062.7
     twoNb = 1.70411e+06
     twoNe = 2.65784e+06
     twoNc = 1.04308e+07
     twoNn = 4.92886e+06
     twoNw = 1.47905e+06
    twoNec = 71828.5
    twoNnw = 19359.9
  twoNecnw = 65830.9
  twoNbecnw = 8747.97
  twoNgbecnw = 239667
         m = 0.122838
        m4 = 0.017252
        m5 = 0.138219
        m6 = 0.06011
        Ta = 42631.4
        Td = 5031.37
        Te = 10036.1
        Tf = 5018.05
DiffEv reached_goal. cost=2.15579e-03 spread=2.26465e-06
Fitted parameter values
Free:
       pc1 = 1.15207
       pc2 = -1.99249
       pc3 = 3.65816
       pc4 = 1.99386
       pc5 = 1.03959
       pc6 = -0.213773
       pc7 = 1.97922
       pc8 = 0.0935421
       pc9 = 1.9758
      pc10 = 1.97333
      pc11 = -0.624974
      pc12 = -0.120047
      pc13 = -0.0665622
      pc14 = 0.0122642
      pc15 = 0.00631016
      pc16 = 0.0864499
      pc17 = -0.0285452
      pc18 = -0.0417486
Constrained:
   Tgbecnw = 88485.1
     Tecnw = 23814.6
       Tnw = 21557.4
       Tec = 10780.7
     twoNb = 2.56326e+06
     twoNe = 2.07872e+06
     twoNc = 2.78594e+06
     twoNn = 1.00548e+07
     twoNw = 3.41066e+06
    twoNec = 57975.4
    twoNnw = 8698.6
  twoNecnw = 69402.5
  twoNbecnw = 4787.25
  twoNgbecnw = 264297
         m = 0.110933
        m4 = 0.0180205
        m5 = 0.159179
        m6 = 0.080252
        Ta = 42990.3
        Td = 5390.33
        Te = 10778.7
        Tf = 5389.36
#       SitePat  BranchLen
              b 117365.4470449
              e 43965.3937584
              c 45872.0856630
              n 43132.5718157
              w 43103.9578799
            b:e 1161.1976771
            b:c 1397.0255548
            b:n 1046.0264191
            b:w 1044.5838127
            e:c 11539.8865441
            e:n 4495.2476614
            e:w 4507.7660818
            c:n 4112.5020913
            c:w 4121.1708502
            n:w 12119.2683481
          b:e:c 1320.6086563
          b:e:n 588.7341003
          b:e:w 588.8905574
          b:c:n 593.2956183
          b:c:w 593.0361679
          b:n:w 1308.1022462
          e:c:n 4135.7308007
          e:c:w 4143.1575570
          e:n:w 5608.3399046
          c:n:w 4791.8616863
        b:e:c:n 1160.7367156
        b:e:c:w 1162.2823153
        b:e:n:w 1850.9630142
        b:c:n:w 1285.5549225
        e:c:n:w 46237.5496794
