########################################
# legofit: estimate population history #
#       version 2.3.4-4-g53f8760       #
########################################

# Program was compiled: Sep 21 2021 14:36:42
# Program was run: Thu Sep 23 18:32:34 2021

# cmd: legofit -1 -d 0 -t 32 --ptsPerDim 3 --stateOut b1boot44.state --tol 3e-6 -S 5000 adef2.lgo ../../chrX/boot_chrX/boot44.opf
# Stage nOptItr nSimReps
#     0    5000        0
# algorithm          : deterministic
# ignoring probs <=  : 0
# Branch length floor: 0
# DE strategy        : 2
#    F               : 0.3
#    CR              : 0.8
#    tolerance       : 3e-06
# nthreads           : 32
# lgo input file     : adef2.lgo
# site pat input file: ../../chrX/boot_chrX/boot44.opf
# free parameters    : 18
# points in DE swarm : 54
# output state file  : b1boot44.state
# Including singleton site patterns.
# cost function      : KL
Initial parameter values
Fixed:
      zero = 0
       one = 1
    Tbecnw = 75200
Free:
       pc1 = 0
       pc2 = 0
       pc3 = 0
       pc4 = 0
       pc5 = 0
       pc6 = 0
       pc7 = 0
       pc8 = 0
       pc9 = 0
      pc10 = 0
      pc11 = 0
      pc12 = 0
      pc13 = 0
      pc14 = 0
      pc15 = 0
      pc16 = 0
      pc17 = 0
      pc18 = 0
Constrained:
   Tgbecnw = 99115.6
     Tecnw = 25019
       Tnw = 20072.2
       Tec = 10062.7
     twoNb = 1.70411e+06
     twoNe = 2.65784e+06
     twoNc = 1.04308e+07
     twoNn = 4.92886e+06
     twoNw = 1.47905e+06
    twoNec = 71828.5
    twoNnw = 19359.9
  twoNecnw = 65830.9
  twoNbecnw = 8747.97
  twoNgbecnw = 239667
         m = 0.122838
        m4 = 0.017252
        m5 = 0.138219
        m6 = 0.06011
        Ta = 42631.4
        Td = 5031.37
        Te = 10036.1
        Tf = 5018.05
DiffEv reached_goal. cost=2.29915e-03 spread=2.11670e-06
Fitted parameter values
Free:
       pc1 = 1.24469
       pc2 = -1.97896
       pc3 = 3.98098
       pc4 = 1.98804
       pc5 = 1.91711
       pc6 = -0.640442
       pc7 = 1.98165
       pc8 = -1.72588
       pc9 = 1.81772
      pc10 = 1.11352
      pc11 = -0.435095
      pc12 = 0.0475795
      pc13 = -0.0853465
      pc14 = -0.00269158
      pc15 = -0.177656
      pc16 = 0.0841691
      pc17 = 0.053046
      pc18 = 0.0185226
Constrained:
   Tgbecnw = 88111.8
     Tecnw = 23915.2
       Tnw = 21914.4
       Tec = 11073.8
     twoNb = 1.97412e+06
     twoNe = 4.82958e+06
     twoNc = 6.26777e+06
     twoNn = 3.30464e+06
     twoNw = 3.36048e+06
    twoNec = 53657.4
    twoNnw = 7302.55
  twoNecnw = 70720.2
  twoNbecnw = 4795.96
  twoNgbecnw = 249950
         m = 0.120593
        m4 = 0.016578
        m5 = 0.186688
        m6 = 0.101791
        Ta = 43136.9
        Td = 5536.91
        Te = 10957.2
        Tf = 5478.59
#       SitePat  BranchLen
              b 118271.7234200
              e 44038.2683635
              c 45984.9076545
              n 43010.8456730
              w 42975.3226892
            b:e 1196.7852470
            b:c 1442.6231886
            b:n 1062.0642392
            b:w 1060.2243734
            e:c 11542.7112177
            e:n 4546.7137842
            e:w 4561.3110625
            c:n 4145.6642393
            c:w 4157.2477818
            n:w 12219.5927153
          b:e:c 1355.6348623
          b:e:n 602.7645563
          b:e:w 602.8899573
          b:c:n 607.4674258
          b:c:w 607.2093298
          b:n:w 1341.9791496
          e:c:n 4121.6162809
          e:c:w 4130.9584438
          e:n:w 5762.5419120
          c:n:w 4897.1464600
        b:e:c:n 1179.8732912
        b:e:c:w 1181.8458520
        b:e:n:w 1856.6365135
        b:c:n:w 1325.6451041
        e:c:n:w 47014.8153782
