########################################
# legofit: estimate population history #
#       version 2.3.4-4-g53f8760       #
########################################

# Program was compiled: Sep 21 2021 14:36:42
# Program was run: Thu Sep 23 18:28:28 2021

# cmd: legofit -1 -d 0 -t 32 --ptsPerDim 3 --stateOut b1boot15.state --tol 3e-6 -S 5000 adef2.lgo ../../chrX/boot_chrX/boot15.opf
# Stage nOptItr nSimReps
#     0    5000        0
# algorithm          : deterministic
# ignoring probs <=  : 0
# Branch length floor: 0
# DE strategy        : 2
#    F               : 0.3
#    CR              : 0.8
#    tolerance       : 3e-06
# nthreads           : 32
# lgo input file     : adef2.lgo
# site pat input file: ../../chrX/boot_chrX/boot15.opf
# free parameters    : 18
# points in DE swarm : 54
# output state file  : b1boot15.state
# Including singleton site patterns.
# cost function      : KL
Initial parameter values
Fixed:
      zero = 0
       one = 1
    Tbecnw = 75200
Free:
       pc1 = 0
       pc2 = 0
       pc3 = 0
       pc4 = 0
       pc5 = 0
       pc6 = 0
       pc7 = 0
       pc8 = 0
       pc9 = 0
      pc10 = 0
      pc11 = 0
      pc12 = 0
      pc13 = 0
      pc14 = 0
      pc15 = 0
      pc16 = 0
      pc17 = 0
      pc18 = 0
Constrained:
   Tgbecnw = 99115.6
     Tecnw = 25019
       Tnw = 20072.2
       Tec = 10062.7
     twoNb = 1.70411e+06
     twoNe = 2.65784e+06
     twoNc = 1.04308e+07
     twoNn = 4.92886e+06
     twoNw = 1.47905e+06
    twoNec = 71828.5
    twoNnw = 19359.9
  twoNecnw = 65830.9
  twoNbecnw = 8747.97
  twoNgbecnw = 239667
         m = 0.122838
        m4 = 0.017252
        m5 = 0.138219
        m6 = 0.06011
        Ta = 42631.4
        Td = 5031.37
        Te = 10036.1
        Tf = 5018.05
DiffEv reached_goal. cost=2.25192e-03 spread=2.65874e-06
Fitted parameter values
Free:
       pc1 = 1.34397
       pc2 = -1.95237
       pc3 = 3.86766
       pc4 = 1.93741
       pc5 = 1.38533
       pc6 = -1.1115
       pc7 = 1.84804
       pc8 = -1.09628
       pc9 = 1.89864
      pc10 = 1.31442
      pc11 = -0.194634
      pc12 = -0.0362535
      pc13 = 0.127107
      pc14 = 0.223289
      pc15 = -0.180055
      pc16 = 0.0528288
      pc17 = -0.0410027
      pc18 = -0.0269307
Constrained:
   Tgbecnw = 88980.9
     Tecnw = 23902.7
       Tnw = 22306
       Tec = 11198.4
     twoNb = 2.35151e+06
     twoNe = 4.50832e+06
     twoNc = 1.04664e+07
     twoNn = 6.08685e+06
     twoNw = 3.32254e+06
    twoNec = 55177.5
    twoNnw = 5806.44
  twoNecnw = 69446.3
  twoNbecnw = 5240.86
  twoNgbecnw = 251545
         m = 0.111458
        m4 = 0.0168264
        m5 = 0.177668
        m6 = 0.101374
        Ta = 43199.2
        Td = 5599.18
        Te = 11153
        Tf = 5576.51
#       SitePat  BranchLen
              b 117295.4848017
              e 44194.6150790
              c 46021.1520064
              n 42971.0530395
              w 42935.8010538
            b:e 1285.7435145
            b:c 1523.0798870
            b:n 1127.3318298
            b:w 1125.3757800
            e:c 11504.3701546
            e:n 4564.5777762
            e:w 4578.4467265
            c:n 4197.6877798
            c:w 4209.5971992
            n:w 12262.7862746
          b:e:c 1440.8178294
          b:e:n 642.4142490
          b:e:w 642.5034898
          b:c:n 647.1172309
          b:c:w 646.8902629
          b:n:w 1425.6451267
          e:c:n 4198.4554961
          e:c:w 4207.9291121
          e:n:w 5872.8699869
          c:n:w 5053.8339783
        b:e:c:n 1249.6574419
        b:e:c:w 1251.7512191
        b:e:n:w 1938.9095728
        b:c:n:w 1420.7218653
        e:c:n:w 46090.3826377
