########################################
# legofit: estimate population history #
#       version 2.3.4-4-g53f8760       #
########################################

# Program was compiled: Sep 21 2021 14:36:42
# Program was run: Thu Sep 23 18:32:18 2021

# cmd: legofit -1 -d 0 -t 32 --ptsPerDim 3 --stateOut b1boot43.state --tol 3e-6 -S 5000 adef2.lgo ../../chrX/boot_chrX/boot43.opf
# Stage nOptItr nSimReps
#     0    5000        0
# algorithm          : deterministic
# ignoring probs <=  : 0
# Branch length floor: 0
# DE strategy        : 2
#    F               : 0.3
#    CR              : 0.8
#    tolerance       : 3e-06
# nthreads           : 32
# lgo input file     : adef2.lgo
# site pat input file: ../../chrX/boot_chrX/boot43.opf
# free parameters    : 18
# points in DE swarm : 54
# output state file  : b1boot43.state
# Including singleton site patterns.
# cost function      : KL
Initial parameter values
Fixed:
      zero = 0
       one = 1
    Tbecnw = 75200
Free:
       pc1 = 0
       pc2 = 0
       pc3 = 0
       pc4 = 0
       pc5 = 0
       pc6 = 0
       pc7 = 0
       pc8 = 0
       pc9 = 0
      pc10 = 0
      pc11 = 0
      pc12 = 0
      pc13 = 0
      pc14 = 0
      pc15 = 0
      pc16 = 0
      pc17 = 0
      pc18 = 0
Constrained:
   Tgbecnw = 99115.6
     Tecnw = 25019
       Tnw = 20072.2
       Tec = 10062.7
     twoNb = 1.70411e+06
     twoNe = 2.65784e+06
     twoNc = 1.04308e+07
     twoNn = 4.92886e+06
     twoNw = 1.47905e+06
    twoNec = 71828.5
    twoNnw = 19359.9
  twoNecnw = 65830.9
  twoNbecnw = 8747.97
  twoNgbecnw = 239667
         m = 0.122838
        m4 = 0.017252
        m5 = 0.138219
        m6 = 0.06011
        Ta = 42631.4
        Td = 5031.37
        Te = 10036.1
        Tf = 5018.05
DiffEv reached_goal. cost=2.37768e-03 spread=1.70172e-06
Fitted parameter values
Free:
       pc1 = 0.0287542
       pc2 = -1.99258
       pc3 = 3.96667
       pc4 = 1.83924
       pc5 = 1.95037
       pc6 = -1.11977
       pc7 = 1.98099
       pc8 = -1.43676
       pc9 = 1.95716
      pc10 = 1.09854
      pc11 = -0.99412
      pc12 = 0.250156
      pc13 = -0.0970489
      pc14 = 0.113768
      pc15 = -0.0257227
      pc16 = 0.0313095
      pc17 = 0.0117096
      pc18 = -0.0270784
Constrained:
   Tgbecnw = 88314.1
     Tecnw = 24552.8
       Tnw = 20696.1
       Tec = 10359.3
     twoNb = 2.21466e+06
     twoNe = 5.45041e+06
     twoNc = 6.64452e+06
     twoNn = 2.69251e+06
     twoNw = 3.36385e+06
    twoNec = 56096.8
    twoNnw = 13315.8
  twoNecnw = 70550.4
  twoNbecnw = 4754.97
  twoNgbecnw = 264359
         m = 0.110142
        m4 = 0.0170265
        m5 = 0.204142
        m6 = 0.114334
        Ta = 42779.7
        Td = 5179.66
        Te = 10348.1
        Tf = 5174.04
#       SitePat  BranchLen
              b 117230.4206371
              e 44056.5824362
              c 46152.2708804
              n 42779.5835627
              w 42741.7992311
            b:e 1196.6321068
            b:c 1443.5767288
            b:n 1047.6076265
            b:w 1045.7099727
            e:c 11583.7801366
            e:n 4530.7056688
            e:w 4546.1182703
            c:n 4089.9009790
            c:w 4102.6592786
            n:w 12460.3175265
          b:e:c 1362.0689634
          b:e:n 596.3707610
          b:e:w 596.4730929
          b:c:n 601.3459933
          b:c:w 601.1049760
          b:n:w 1347.2366110
          e:c:n 4031.3388806
          e:c:w 4040.9523111
          e:n:w 5824.3877984
          c:n:w 4897.6310861
        b:e:c:n 1165.4761248
        b:e:c:w 1167.5124640
        b:e:n:w 1867.7163638
        b:c:n:w 1326.4963962
        e:c:n:w 46029.6336195
