########################################
# legofit: estimate population history #
#       version 2.3.4-4-g53f8760       #
########################################

# Program was compiled: Sep 21 2021 14:36:42
# Program was run: Thu Sep 23 18:29:08 2021

# cmd: legofit -1 -d 0 -t 32 --ptsPerDim 3 --stateOut b1boot19.state --tol 3e-6 -S 5000 adef2.lgo ../../chrX/boot_chrX/boot19.opf
# Stage nOptItr nSimReps
#     0    5000        0
# algorithm          : deterministic
# ignoring probs <=  : 0
# Branch length floor: 0
# DE strategy        : 2
#    F               : 0.3
#    CR              : 0.8
#    tolerance       : 3e-06
# nthreads           : 32
# lgo input file     : adef2.lgo
# site pat input file: ../../chrX/boot_chrX/boot19.opf
# free parameters    : 18
# points in DE swarm : 54
# output state file  : b1boot19.state
# Including singleton site patterns.
# cost function      : KL
Initial parameter values
Fixed:
      zero = 0
       one = 1
    Tbecnw = 75200
Free:
       pc1 = 0
       pc2 = 0
       pc3 = 0
       pc4 = 0
       pc5 = 0
       pc6 = 0
       pc7 = 0
       pc8 = 0
       pc9 = 0
      pc10 = 0
      pc11 = 0
      pc12 = 0
      pc13 = 0
      pc14 = 0
      pc15 = 0
      pc16 = 0
      pc17 = 0
      pc18 = 0
Constrained:
   Tgbecnw = 99115.6
     Tecnw = 25019
       Tnw = 20072.2
       Tec = 10062.7
     twoNb = 1.70411e+06
     twoNe = 2.65784e+06
     twoNc = 1.04308e+07
     twoNn = 4.92886e+06
     twoNw = 1.47905e+06
    twoNec = 71828.5
    twoNnw = 19359.9
  twoNecnw = 65830.9
  twoNbecnw = 8747.97
  twoNgbecnw = 239667
         m = 0.122838
        m4 = 0.017252
        m5 = 0.138219
        m6 = 0.06011
        Ta = 42631.4
        Td = 5031.37
        Te = 10036.1
        Tf = 5018.05
DiffEv reached_goal. cost=2.41212e-03 spread=2.85860e-06
Fitted parameter values
Free:
       pc1 = 1.39658
       pc2 = -1.99157
       pc3 = 3.91431
       pc4 = 1.98516
       pc5 = 1.86098
       pc6 = -1.6039
       pc7 = 1.98116
       pc8 = -1.47197
       pc9 = 1.8564
      pc10 = 1.88612
      pc11 = -0.457783
      pc12 = -0.18515
      pc13 = 0.0849018
      pc14 = -0.134593
      pc15 = 0.186944
      pc16 = 0.137881
      pc17 = 0.00264175
      pc18 = -0.0158717
Constrained:
   Tgbecnw = 89104
     Tecnw = 24263.4
       Tnw = 22368.6
       Tec = 11240.1
     twoNb = 2.50666e+06
     twoNe = 5.56951e+06
     twoNc = 1.09762e+07
     twoNn = 649574
     twoNw = 3.40657e+06
    twoNec = 51857.8
    twoNnw = 6546.53
  twoNecnw = 70959.5
  twoNbecnw = 5019.25
  twoNgbecnw = 259761
         m = 0.114486
        m4 = 0.017381
        m5 = 0.174405
        m6 = 0.104604
        Ta = 43220
        Td = 5620.05
        Te = 11184.3
        Tf = 5592.14
#       SitePat  BranchLen
              b 117814.3128018
              e 44191.3400026
              c 45995.8983920
              n 43065.4212900
              w 43030.8687432
            b:e 1180.0107453
            b:c 1406.6499587
            b:n 1034.2872932
            b:w 1032.5349335
            e:c 11831.9017643
            e:n 4391.9461374
            e:w 4405.1378103
            c:n 4036.6819203
            c:w 4049.0724059
            n:w 12485.3809476
          b:e:c 1362.5358796
          b:e:n 578.9398831
          b:e:w 578.9731067
          b:c:n 583.0551525
          b:c:w 582.8950799
          b:n:w 1348.7423450
          e:c:n 4047.2683707
          e:c:w 4056.2387591
          e:n:w 5688.0215228
          c:n:w 4897.1341784
        b:e:c:n 1149.1233595
        b:e:c:w 1151.0025682
        b:e:n:w 1843.4555893
        b:c:n:w 1306.4375090
        e:c:n:w 46497.0609073
