########################################
# legofit: estimate population history #
#       version 2.3.4-4-g53f8760       #
########################################

# Program was compiled: Sep 21 2021 14:36:42
# Program was run: Thu Sep 23 18:33:04 2021

# cmd: legofit -1 -d 0 -t 32 --ptsPerDim 3 --stateOut b1boot49.state --tol 3e-6 -S 5000 adef2.lgo ../../chrX/boot_chrX/boot49.opf
# Stage nOptItr nSimReps
#     0    5000        0
# algorithm          : deterministic
# ignoring probs <=  : 0
# Branch length floor: 0
# DE strategy        : 2
#    F               : 0.3
#    CR              : 0.8
#    tolerance       : 3e-06
# nthreads           : 32
# lgo input file     : adef2.lgo
# site pat input file: ../../chrX/boot_chrX/boot49.opf
# free parameters    : 18
# points in DE swarm : 54
# output state file  : b1boot49.state
# Including singleton site patterns.
# cost function      : KL
Initial parameter values
Fixed:
      zero = 0
       one = 1
    Tbecnw = 75200
Free:
       pc1 = 0
       pc2 = 0
       pc3 = 0
       pc4 = 0
       pc5 = 0
       pc6 = 0
       pc7 = 0
       pc8 = 0
       pc9 = 0
      pc10 = 0
      pc11 = 0
      pc12 = 0
      pc13 = 0
      pc14 = 0
      pc15 = 0
      pc16 = 0
      pc17 = 0
      pc18 = 0
Constrained:
   Tgbecnw = 99115.6
     Tecnw = 25019
       Tnw = 20072.2
       Tec = 10062.7
     twoNb = 1.70411e+06
     twoNe = 2.65784e+06
     twoNc = 1.04308e+07
     twoNn = 4.92886e+06
     twoNw = 1.47905e+06
    twoNec = 71828.5
    twoNnw = 19359.9
  twoNecnw = 65830.9
  twoNbecnw = 8747.97
  twoNgbecnw = 239667
         m = 0.122838
        m4 = 0.017252
        m5 = 0.138219
        m6 = 0.06011
        Ta = 42631.4
        Td = 5031.37
        Te = 10036.1
        Tf = 5018.05
DiffEv reached_goal. cost=2.31151e-03 spread=2.37265e-06
Fitted parameter values
Free:
       pc1 = 1.13141
       pc2 = -1.99388
       pc3 = 3.65284
       pc4 = 1.94896
       pc5 = 1.76486
       pc6 = -1.16469
       pc7 = 1.95462
       pc8 = -1.14838
       pc9 = 1.97618
      pc10 = 1.72116
      pc11 = 0.172731
      pc12 = 0.293153
      pc13 = 0.00327082
      pc14 = 0.221564
      pc15 = -0.151695
      pc16 = 0.1323
      pc17 = 0.0316946
      pc18 = 0.0582389
Constrained:
   Tgbecnw = 88568.7
     Tecnw = 24066.3
       Tnw = 22521.5
       Tec = 11462
     twoNb = 2.35562e+06
     twoNe = 5.27044e+06
     twoNc = 8.27441e+06
     twoNn = 2.55155e+06
     twoNw = 3.36976e+06
    twoNec = 55581.2
    twoNnw = 6026.25
  twoNecnw = 68292.5
  twoNbecnw = 5011.31
  twoNgbecnw = 252834
         m = 0.11515
        m4 = 0.0175268
        m5 = 0.184192
        m6 = 0.0971418
        Ta = 43331
        Td = 5731
        Te = 11260.7
        Tf = 5630.37
#       SitePat  BranchLen
              b 117894.7923959
              e 44106.2858994
              c 46053.2277484
              n 43281.0148432
              w 43245.7484608
            b:e 1219.8389672
            b:c 1468.3162366
            b:n 1096.9867376
            b:w 1095.0894784
            e:c 11234.2503767
            e:n 4603.2224876
            e:w 4617.9770301
            c:n 4207.7168111
            c:w 4218.7652710
            n:w 11791.0122510
          b:e:c 1356.8193641
          b:e:n 626.2960345
          b:e:w 626.4600157
          b:c:n 631.1630797
          b:c:w 630.8675096
          b:n:w 1343.9548960
          e:c:n 4207.5468556
          e:c:w 4217.0102355
          e:n:w 5753.9638755
          c:n:w 4895.7796365
        b:e:c:n 1214.0989977
        b:e:c:w 1216.1278458
        b:e:n:w 1898.9336690
        b:c:n:w 1347.1414795
        e:c:n:w 46768.0552595
