########################################
# legofit: estimate population history #
#       version 2.3.4-4-g53f8760       #
########################################

# Program was compiled: Sep 21 2021 14:36:42
# Program was run: Thu Sep 23 18:27:41 2021

# cmd: legofit -1 -d 0 -t 32 --ptsPerDim 3 --stateOut b1boot7.state --tol 3e-6 -S 5000 adef2.lgo ../../chrX/boot_chrX/boot7.opf
# Stage nOptItr nSimReps
#     0    5000        0
# algorithm          : deterministic
# ignoring probs <=  : 0
# Branch length floor: 0
# DE strategy        : 2
#    F               : 0.3
#    CR              : 0.8
#    tolerance       : 3e-06
# nthreads           : 32
# lgo input file     : adef2.lgo
# site pat input file: ../../chrX/boot_chrX/boot7.opf
# free parameters    : 18
# points in DE swarm : 54
# output state file  : b1boot7.state
# Including singleton site patterns.
# cost function      : KL
Initial parameter values
Fixed:
      zero = 0
       one = 1
    Tbecnw = 75200
Free:
       pc1 = 0
       pc2 = 0
       pc3 = 0
       pc4 = 0
       pc5 = 0
       pc6 = 0
       pc7 = 0
       pc8 = 0
       pc9 = 0
      pc10 = 0
      pc11 = 0
      pc12 = 0
      pc13 = 0
      pc14 = 0
      pc15 = 0
      pc16 = 0
      pc17 = 0
      pc18 = 0
Constrained:
   Tgbecnw = 99115.6
     Tecnw = 25019
       Tnw = 20072.2
       Tec = 10062.7
     twoNb = 1.70411e+06
     twoNe = 2.65784e+06
     twoNc = 1.04308e+07
     twoNn = 4.92886e+06
     twoNw = 1.47905e+06
    twoNec = 71828.5
    twoNnw = 19359.9
  twoNecnw = 65830.9
  twoNbecnw = 8747.97
  twoNgbecnw = 239667
         m = 0.122838
        m4 = 0.017252
        m5 = 0.138219
        m6 = 0.06011
        Ta = 42631.4
        Td = 5031.37
        Te = 10036.1
        Tf = 5018.05
DiffEv reached_goal. cost=2.43381e-03 spread=2.56911e-06
Fitted parameter values
Free:
       pc1 = 1.47279
       pc2 = -1.99623
       pc3 = 3.98682
       pc4 = 1.98831
       pc5 = 1.63682
       pc6 = -0.707181
       pc7 = 1.97053
       pc8 = -0.933476
       pc9 = 1.89351
      pc10 = 1.69563
      pc11 = -0.658943
      pc12 = -0.362867
      pc13 = -0.0386594
      pc14 = -0.0993089
      pc15 = -0.017623
      pc16 = 0.177236
      pc17 = -0.0369881
      pc18 = 0.0805836
Constrained:
   Tgbecnw = 88645.4
     Tecnw = 23826.1
       Tnw = 21741.7
       Tec = 11089.8
     twoNb = 2.37702e+06
     twoNe = 3.68067e+06
     twoNc = 5.14773e+06
     twoNn = 5.11766e+06
     twoNw = 3.43187e+06
    twoNec = 53312.5
    twoNnw = 8073.25
  twoNecnw = 70906
  twoNbecnw = 4932.61
  twoNgbecnw = 257388
         m = 0.113232
        m4 = 0.0171906
        m5 = 0.166448
        m6 = 0.0945481
        Ta = 43144.9
        Td = 5544.88
        Te = 10870.9
        Tf = 5435.44
#       SitePat  BranchLen
              b 117389.6915085
              e 44082.1164210
              c 45837.9827800
              n 43427.6742001
              w 43395.7779741
            b:e 1198.1278605
            b:c 1422.7652974
            b:n 1088.8879431
            b:w 1087.2311373
            e:c 11742.1111472
            e:n 4525.8274243
            e:w 4538.5688814
            c:n 4171.5744363
            c:w 4182.4045510
            n:w 12140.7788748
          b:e:c 1368.4946495
          b:e:n 609.9665002
          b:e:w 610.0440029
          b:c:n 614.3218915
          b:c:w 614.1236935
          b:n:w 1356.7454163
          e:c:n 4196.6624009
          e:c:w 4204.9870552
          e:n:w 5579.7132333
          c:n:w 4827.7559936
        b:e:c:n 1210.6871431
        b:e:c:w 1212.4646442
        b:e:n:w 1855.7404225
        b:c:n:w 1329.1759063
        e:c:n:w 46032.9564269
