########################################
# legofit: estimate population history #
#       version 2.3.4-4-g53f8760       #
########################################

# Program was compiled: Sep 21 2021 14:36:42
# Program was run: Thu Sep 23 18:26:37 2021

# cmd: legofit -1 -d 0 -t 32 --ptsPerDim 3 --stateOut b1boot1.state --tol 3e-6 -S 5000 adef2.lgo ../../chrX/boot_chrX/boot1.opf
# Stage nOptItr nSimReps
#     0    5000        0
# algorithm          : deterministic
# ignoring probs <=  : 0
# Branch length floor: 0
# DE strategy        : 2
#    F               : 0.3
#    CR              : 0.8
#    tolerance       : 3e-06
# nthreads           : 32
# lgo input file     : adef2.lgo
# site pat input file: ../../chrX/boot_chrX/boot1.opf
# free parameters    : 18
# points in DE swarm : 54
# output state file  : b1boot1.state
# Including singleton site patterns.
# cost function      : KL
Initial parameter values
Fixed:
      zero = 0
       one = 1
    Tbecnw = 75200
Free:
       pc1 = 0
       pc2 = 0
       pc3 = 0
       pc4 = 0
       pc5 = 0
       pc6 = 0
       pc7 = 0
       pc8 = 0
       pc9 = 0
      pc10 = 0
      pc11 = 0
      pc12 = 0
      pc13 = 0
      pc14 = 0
      pc15 = 0
      pc16 = 0
      pc17 = 0
      pc18 = 0
Constrained:
   Tgbecnw = 99115.6
     Tecnw = 25019
       Tnw = 20072.2
       Tec = 10062.7
     twoNb = 1.70411e+06
     twoNe = 2.65784e+06
     twoNc = 1.04308e+07
     twoNn = 4.92886e+06
     twoNw = 1.47905e+06
    twoNec = 71828.5
    twoNnw = 19359.9
  twoNecnw = 65830.9
  twoNbecnw = 8747.97
  twoNgbecnw = 239667
         m = 0.122838
        m4 = 0.017252
        m5 = 0.138219
        m6 = 0.06011
        Ta = 42631.4
        Td = 5031.37
        Te = 10036.1
        Tf = 5018.05
DiffEv reached_goal. cost=2.42607e-03 spread=2.89821e-06
Fitted parameter values
Free:
       pc1 = 0.418607
       pc2 = -1.95286
       pc3 = 3.81902
       pc4 = 1.73855
       pc5 = 1.73135
       pc6 = -1.60034
       pc7 = 1.99385
       pc8 = -1.18785
       pc9 = 1.99251
      pc10 = 0.943183
      pc11 = -0.805929
      pc12 = 0.0959625
      pc13 = -0.0170407
      pc14 = -0.0613566
      pc15 = 0.176263
      pc16 = 0.0989323
      pc17 = -0.0242404
      pc18 = -0.024416
Constrained:
   Tgbecnw = 88929.1
     Tecnw = 24711.3
       Tnw = 21149.9
       Tec = 10584.9
     twoNb = 2.44311e+06
     twoNe = 6.09059e+06
     twoNc = 9.38093e+06
     twoNn = 4.45764e+06
     twoNw = 3.24978e+06
    twoNec = 55230
    twoNnw = 12657.1
  twoNecnw = 70222.7
  twoNbecnw = 4980.58
  twoNgbecnw = 269259
         m = 0.108473
        m4 = 0.0166578
        m5 = 0.192593
        m6 = 0.109583
        Ta = 42892.4
        Td = 5292.44
        Te = 10575
        Tf = 5287.48
#       SitePat  BranchLen
              b 117703.2050226
              e 44190.7499452
              c 46146.7109926
              n 43222.9591416
              w 43184.8414885
            b:e 1220.3108188
            b:c 1455.6943007
            b:n 1085.6905389
            b:w 1083.7223216
            e:c 11775.3949308
            e:n 4498.3810641
            e:w 4513.7135792
            c:n 4092.4045536
            c:w 4105.4600743
            n:w 12401.2581917
          b:e:c 1402.2885881
          b:e:n 610.9314642
          b:e:w 611.0217287
          b:c:n 615.6975684
          b:c:w 615.4636419
          b:n:w 1388.6989243
          e:c:n 4100.9964613
          e:c:w 4110.7260785
          e:n:w 5729.6332419
          c:n:w 4873.9626467
        b:e:c:n 1207.2234919
        b:e:c:w 1209.3353712
        b:e:n:w 1883.5215832
        b:c:n:w 1352.8694752
        e:c:n:w 46381.4466646
