########################################
# legofit: estimate population history #
#       version 2.3.4-4-g53f8760       #
########################################

# Program was compiled: Sep 21 2021 14:36:42
# Program was run: Thu Sep 23 18:28:23 2021

# cmd: legofit -1 -d 0 -t 32 --ptsPerDim 3 --stateOut b1boot13.state --tol 3e-6 -S 5000 adef2.lgo ../../chrX/boot_chrX/boot13.opf
# Stage nOptItr nSimReps
#     0    5000        0
# algorithm          : deterministic
# ignoring probs <=  : 0
# Branch length floor: 0
# DE strategy        : 2
#    F               : 0.3
#    CR              : 0.8
#    tolerance       : 3e-06
# nthreads           : 32
# lgo input file     : adef2.lgo
# site pat input file: ../../chrX/boot_chrX/boot13.opf
# free parameters    : 18
# points in DE swarm : 54
# output state file  : b1boot13.state
# Including singleton site patterns.
# cost function      : KL
Initial parameter values
Fixed:
      zero = 0
       one = 1
    Tbecnw = 75200
Free:
       pc1 = 0
       pc2 = 0
       pc3 = 0
       pc4 = 0
       pc5 = 0
       pc6 = 0
       pc7 = 0
       pc8 = 0
       pc9 = 0
      pc10 = 0
      pc11 = 0
      pc12 = 0
      pc13 = 0
      pc14 = 0
      pc15 = 0
      pc16 = 0
      pc17 = 0
      pc18 = 0
Constrained:
   Tgbecnw = 99115.6
     Tecnw = 25019
       Tnw = 20072.2
       Tec = 10062.7
     twoNb = 1.70411e+06
     twoNe = 2.65784e+06
     twoNc = 1.04308e+07
     twoNn = 4.92886e+06
     twoNw = 1.47905e+06
    twoNec = 71828.5
    twoNnw = 19359.9
  twoNecnw = 65830.9
  twoNbecnw = 8747.97
  twoNgbecnw = 239667
         m = 0.122838
        m4 = 0.017252
        m5 = 0.138219
        m6 = 0.06011
        Ta = 42631.4
        Td = 5031.37
        Te = 10036.1
        Tf = 5018.05
DiffEv reached_goal. cost=2.42397e-03 spread=2.96270e-06
Fitted parameter values
Free:
       pc1 = 0.683531
       pc2 = -1.97939
       pc3 = 3.98218
       pc4 = 1.78742
       pc5 = 1.55475
       pc6 = -1.6181
       pc7 = 1.98283
       pc8 = -0.501266
       pc9 = 1.96192
      pc10 = 1.50977
      pc11 = 0.0964721
      pc12 = 0.327745
      pc13 = -0.246311
      pc14 = 0.0369224
      pc15 = 0.12116
      pc16 = 0.127218
      pc17 = -0.00755028
      pc18 = -0.0299126
Constrained:
   Tgbecnw = 89572.3
     Tecnw = 24687
       Tnw = 22200.7
       Tec = 11128.4
     twoNb = 2.64407e+06
     twoNe = 5.13137e+06
     twoNc = 8.35342e+06
     twoNn = 6.97836e+06
     twoNw = 3.34271e+06
    twoNec = 54746.4
    twoNnw = 9093.02
  twoNecnw = 67500
  twoNbecnw = 5196.03
  twoNgbecnw = 268809
         m = 0.107928
        m4 = 0.0175116
        m5 = 0.191807
        m6 = 0.0946905
        Ta = 43164.2
        Td = 5564.21
        Te = 11100.4
        Tf = 5550.18
#       SitePat  BranchLen
              b 117790.3353427
              e 43883.1342611
              c 46033.1937104
              n 43179.6554356
              w 43144.2539166
            b:e 1179.3261920
            b:c 1433.7843141
            b:n 1062.5472161
            b:w 1060.7105855
            e:c 11559.5498829
            e:n 4482.9820944
            e:w 4498.6379241
            c:n 4041.1942281
            c:w 4051.6758489
            n:w 12058.1275082
          b:e:c 1355.1797325
          b:e:n 596.2490908
          b:e:w 596.4698683
          b:c:n 601.3199521
          b:c:w 600.9727007
          b:n:w 1342.7120767
          e:c:n 4132.6620705
          e:c:w 4141.9261389
          e:n:w 5757.8580007
          c:n:w 4804.2710352
        b:e:c:n 1174.2568542
        b:e:c:w 1176.2199586
        b:e:n:w 1872.3710467
        b:c:n:w 1300.6165066
        e:c:n:w 46736.2485039
