########################################
# legofit: estimate population history #
#       version 2.3.4-4-g53f8760       #
########################################

# Program was compiled: Sep 21 2021 14:36:42
# Program was run: Thu Sep 23 18:30:04 2021

# cmd: legofit -1 -d 0 -t 32 --ptsPerDim 3 --stateOut b1boot26.state --tol 3e-6 -S 5000 adef2.lgo ../../chrX/boot_chrX/boot26.opf
# Stage nOptItr nSimReps
#     0    5000        0
# algorithm          : deterministic
# ignoring probs <=  : 0
# Branch length floor: 0
# DE strategy        : 2
#    F               : 0.3
#    CR              : 0.8
#    tolerance       : 3e-06
# nthreads           : 32
# lgo input file     : adef2.lgo
# site pat input file: ../../chrX/boot_chrX/boot26.opf
# free parameters    : 18
# points in DE swarm : 54
# output state file  : b1boot26.state
# Including singleton site patterns.
# cost function      : KL
Initial parameter values
Fixed:
      zero = 0
       one = 1
    Tbecnw = 75200
Free:
       pc1 = 0
       pc2 = 0
       pc3 = 0
       pc4 = 0
       pc5 = 0
       pc6 = 0
       pc7 = 0
       pc8 = 0
       pc9 = 0
      pc10 = 0
      pc11 = 0
      pc12 = 0
      pc13 = 0
      pc14 = 0
      pc15 = 0
      pc16 = 0
      pc17 = 0
      pc18 = 0
Constrained:
   Tgbecnw = 99115.6
     Tecnw = 25019
       Tnw = 20072.2
       Tec = 10062.7
     twoNb = 1.70411e+06
     twoNe = 2.65784e+06
     twoNc = 1.04308e+07
     twoNn = 4.92886e+06
     twoNw = 1.47905e+06
    twoNec = 71828.5
    twoNnw = 19359.9
  twoNecnw = 65830.9
  twoNbecnw = 8747.97
  twoNgbecnw = 239667
         m = 0.122838
        m4 = 0.017252
        m5 = 0.138219
        m6 = 0.06011
        Ta = 42631.4
        Td = 5031.37
        Te = 10036.1
        Tf = 5018.05
DiffEv reached_goal. cost=2.32462e-03 spread=2.27702e-06
Fitted parameter values
Free:
       pc1 = 0.656131
       pc2 = -1.99424
       pc3 = 3.91708
       pc4 = 1.65181
       pc5 = 1.01966
       pc6 = -0.876978
       pc7 = 1.98739
       pc8 = -1.05476
       pc9 = 1.75229
      pc10 = 1.7534
      pc11 = -0.140947
      pc12 = -0.0750334
      pc13 = 0.21538
      pc14 = 0.140305
      pc15 = -0.0888926
      pc16 = 0.0567073
      pc17 = -0.0406801
      pc18 = -0.0357461
Constrained:
   Tgbecnw = 89638.3
     Tecnw = 24187.9
       Tnw = 21825.4
       Tec = 10934.4
     twoNb = 2.18351e+06
     twoNe = 4.27511e+06
     twoNc = 1.14673e+07
     twoNn = 8.03798e+06
     twoNw = 3.39686e+06
    twoNec = 56333.8
    twoNnw = 8717.91
  twoNecnw = 68907
  twoNbecnw = 5345.09
  twoNgbecnw = 259249
         m = 0.108811
        m4 = 0.0180135
        m5 = 0.174878
        m6 = 0.107874
        Ta = 43067.2
        Td = 5467.18
        Te = 10912.7
        Tf = 5456.35
#       SitePat  BranchLen
              b 117250.2121152
              e 44210.2890678
              c 45947.6730230
              n 43072.1050646
              w 43037.1622734
            b:e 1245.2243322
            b:c 1477.0639946
            b:n 1098.1573748
            b:w 1096.2977784
            e:c 11501.5471153
            e:n 4527.4664336
            e:w 4540.4608381
            c:n 4185.1732872
            c:w 4197.9084767
            n:w 12181.4564948
          b:e:c 1394.3919055
          b:e:n 623.3432746
          b:e:w 623.3539307
          b:c:n 627.7482302
          b:c:w 627.6079680
          b:n:w 1380.3286863
          e:c:n 4173.5232437
          e:c:w 4182.7364408
          e:n:w 5755.7912027
          c:n:w 4996.2986154
        b:e:c:n 1216.1385330
        b:e:c:w 1218.1277354
        b:e:n:w 1908.4083150
        b:c:n:w 1374.8636125
        e:c:n:w 46040.4656050
