########################################
# legofit: estimate population history #
#       version 2.3.4-4-g53f8760       #
########################################

# Program was compiled: Sep 21 2021 14:36:42
# Program was run: Thu Sep 23 18:27:58 2021

# cmd: legofit -1 -d 0 -t 32 --ptsPerDim 3 --stateOut b1boot10.state --tol 3e-6 -S 5000 adef2.lgo ../../chrX/boot_chrX/boot10.opf
# Stage nOptItr nSimReps
#     0    5000        0
# algorithm          : deterministic
# ignoring probs <=  : 0
# Branch length floor: 0
# DE strategy        : 2
#    F               : 0.3
#    CR              : 0.8
#    tolerance       : 3e-06
# nthreads           : 32
# lgo input file     : adef2.lgo
# site pat input file: ../../chrX/boot_chrX/boot10.opf
# free parameters    : 18
# points in DE swarm : 54
# output state file  : b1boot10.state
# Including singleton site patterns.
# cost function      : KL
Initial parameter values
Fixed:
      zero = 0
       one = 1
    Tbecnw = 75200
Free:
       pc1 = 0
       pc2 = 0
       pc3 = 0
       pc4 = 0
       pc5 = 0
       pc6 = 0
       pc7 = 0
       pc8 = 0
       pc9 = 0
      pc10 = 0
      pc11 = 0
      pc12 = 0
      pc13 = 0
      pc14 = 0
      pc15 = 0
      pc16 = 0
      pc17 = 0
      pc18 = 0
Constrained:
   Tgbecnw = 99115.6
     Tecnw = 25019
       Tnw = 20072.2
       Tec = 10062.7
     twoNb = 1.70411e+06
     twoNe = 2.65784e+06
     twoNc = 1.04308e+07
     twoNn = 4.92886e+06
     twoNw = 1.47905e+06
    twoNec = 71828.5
    twoNnw = 19359.9
  twoNecnw = 65830.9
  twoNbecnw = 8747.97
  twoNgbecnw = 239667
         m = 0.122838
        m4 = 0.017252
        m5 = 0.138219
        m6 = 0.06011
        Ta = 42631.4
        Td = 5031.37
        Te = 10036.1
        Tf = 5018.05
DiffEv reached_goal. cost=2.21450e-03 spread=2.87025e-06
Fitted parameter values
Free:
       pc1 = 0.517033
       pc2 = -1.85319
       pc3 = 3.78913
       pc4 = 1.74385
       pc5 = 0.245779
       pc6 = -0.476091
       pc7 = 1.94954
       pc8 = 0.311662
       pc9 = 1.93347
      pc10 = -0.0348161
      pc11 = -0.0712339
      pc12 = -0.141213
      pc13 = -0.0994246
      pc14 = -0.045155
      pc15 = -0.125933
      pc16 = 0.0620817
      pc17 = -0.0337747
      pc18 = -0.0108032
Constrained:
   Tgbecnw = 89157.2
     Tecnw = 24377.4
       Tnw = 20866.7
       Tec = 10474.5
     twoNb = 2.32879e+06
     twoNe = 2.85573e+06
     twoNc = 8.05133e+06
     twoNn = 2.16182e+07
     twoNw = 3.06445e+06
    twoNec = 59273.5
    twoNnw = 13669.7
  twoNecnw = 66453.4
  twoNbecnw = 5175.91
  twoNgbecnw = 261797
         m = 0.107611
        m4 = 0.0159237
        m5 = 0.172514
        m6 = 0.088938
        Ta = 42837.2
        Td = 5237.23
        Te = 10433.4
        Tf = 5216.68
#       SitePat  BranchLen
              b 117354.6697981
              e 43722.1574381
              c 45574.5549008
              n 43070.4993288
              w 43036.2968034
            b:e 1210.3422594
            b:c 1439.3336091
            b:n 1102.3404948
            b:w 1100.5517770
            e:c 11563.2085575
            e:n 4523.0983665
            e:w 4537.8465077
            c:n 4138.6127937
            c:w 4149.1682226
            n:w 12011.2791490
          b:e:c 1374.0974787
          b:e:n 617.4678097
          b:e:w 617.6445999
          b:c:n 622.0907016
          b:c:w 621.7931961
          b:n:w 1362.6424444
          e:c:n 4244.1489604
          e:c:w 4253.0479158
          e:n:w 5668.3642465
          c:n:w 4855.8691476
        b:e:c:n 1216.0808507
        b:e:c:w 1217.9902838
        b:e:n:w 1837.5024899
        b:c:n:w 1333.0009811
        e:c:n:w 46424.5511749
