########################################
# legofit: estimate population history #
#       version 2.3.4-4-g53f8760       #
########################################

# Program was compiled: Sep 21 2021 14:36:42
# Program was run: Thu Sep 23 18:31:54 2021

# cmd: legofit -1 -d 0 -t 32 --ptsPerDim 3 --stateOut b1boot40.state --tol 3e-6 -S 5000 adef2.lgo ../../chrX/boot_chrX/boot40.opf
# Stage nOptItr nSimReps
#     0    5000        0
# algorithm          : deterministic
# ignoring probs <=  : 0
# Branch length floor: 0
# DE strategy        : 2
#    F               : 0.3
#    CR              : 0.8
#    tolerance       : 3e-06
# nthreads           : 32
# lgo input file     : adef2.lgo
# site pat input file: ../../chrX/boot_chrX/boot40.opf
# free parameters    : 18
# points in DE swarm : 54
# output state file  : b1boot40.state
# Including singleton site patterns.
# cost function      : KL
Initial parameter values
Fixed:
      zero = 0
       one = 1
    Tbecnw = 75200
Free:
       pc1 = 0
       pc2 = 0
       pc3 = 0
       pc4 = 0
       pc5 = 0
       pc6 = 0
       pc7 = 0
       pc8 = 0
       pc9 = 0
      pc10 = 0
      pc11 = 0
      pc12 = 0
      pc13 = 0
      pc14 = 0
      pc15 = 0
      pc16 = 0
      pc17 = 0
      pc18 = 0
Constrained:
   Tgbecnw = 99115.6
     Tecnw = 25019
       Tnw = 20072.2
       Tec = 10062.7
     twoNb = 1.70411e+06
     twoNe = 2.65784e+06
     twoNc = 1.04308e+07
     twoNn = 4.92886e+06
     twoNw = 1.47905e+06
    twoNec = 71828.5
    twoNnw = 19359.9
  twoNecnw = 65830.9
  twoNbecnw = 8747.97
  twoNgbecnw = 239667
         m = 0.122838
        m4 = 0.017252
        m5 = 0.138219
        m6 = 0.06011
        Ta = 42631.4
        Td = 5031.37
        Te = 10036.1
        Tf = 5018.05
DiffEv reached_goal. cost=2.23592e-03 spread=2.16777e-06
Fitted parameter values
Free:
       pc1 = 0.807389
       pc2 = -1.99624
       pc3 = 3.96994
       pc4 = 1.84017
       pc5 = 1.95922
       pc6 = -1.97837
       pc7 = 1.8623
       pc8 = -1.26303
       pc9 = 1.96049
      pc10 = 0.18899
      pc11 = -0.249896
      pc12 = 0.216448
      pc13 = 0.384377
      pc14 = 0.0183152
      pc15 = -0.0862538
      pc16 = 0.0496338
      pc17 = 0.0711447
      pc18 = -0.0316741
Constrained:
   Tgbecnw = 88881
     Tecnw = 24589.9
       Tnw = 22051.1
       Tec = 11053.1
     twoNb = 2.45479e+06
     twoNe = 6.62616e+06
     twoNc = 1.02714e+07
     twoNn = 5.34784e+06
     twoNw = 3.09743e+06
    twoNec = 54383
    twoNnw = 8772.8
  twoNecnw = 68854.5
  twoNbecnw = 4973.41
  twoNgbecnw = 265255
         m = 0.110673
        m4 = 0.0153735
        m5 = 0.198985
        m6 = 0.125257
        Ta = 43126.6
        Td = 5526.56
        Te = 11025.5
        Tf = 5512.77
#       SitePat  BranchLen
              b 117892.1574629
              e 44137.2156759
              c 45888.4301886
              n 42775.5671317
              w 42731.7714761
            b:e 1209.1540348
            b:c 1422.2540057
            b:n 1046.3176517
            b:w 1044.0576713
            e:c 11386.2811163
            e:n 4479.6436032
            e:w 4495.6484145
            c:n 4124.4649240
            c:w 4140.7536409
            n:w 12180.4501069
          b:e:c 1351.5598137
          b:e:n 597.6369533
          b:e:w 597.6263385
          b:c:n 601.6658287
          b:c:w 601.5189439
          b:n:w 1337.3290388
          e:c:n 4059.5037026
          e:c:w 4071.0058299
          e:n:w 5791.5935945
          c:n:w 5009.6688741
        b:e:c:n 1158.5027908
        b:e:c:w 1160.9202709
        b:e:n:w 1814.1858920
        b:c:n:w 1333.9479387
        e:c:n:w 46858.3567670
