########################################
# legofit: estimate population history #
#       version 2.3.4-4-g53f8760       #
########################################

# Program was compiled: Sep 21 2021 14:36:42
# Program was run: Thu Sep 23 18:26:51 2021

# cmd: legofit -1 -d 0 -t 32 --ptsPerDim 3 --stateOut b1boot2.state --tol 3e-6 -S 5000 adef2.lgo ../../chrX/boot_chrX/boot2.opf
# Stage nOptItr nSimReps
#     0    5000        0
# algorithm          : deterministic
# ignoring probs <=  : 0
# Branch length floor: 0
# DE strategy        : 2
#    F               : 0.3
#    CR              : 0.8
#    tolerance       : 3e-06
# nthreads           : 32
# lgo input file     : adef2.lgo
# site pat input file: ../../chrX/boot_chrX/boot2.opf
# free parameters    : 18
# points in DE swarm : 54
# output state file  : b1boot2.state
# Including singleton site patterns.
# cost function      : KL
Initial parameter values
Fixed:
      zero = 0
       one = 1
    Tbecnw = 75200
Free:
       pc1 = 0
       pc2 = 0
       pc3 = 0
       pc4 = 0
       pc5 = 0
       pc6 = 0
       pc7 = 0
       pc8 = 0
       pc9 = 0
      pc10 = 0
      pc11 = 0
      pc12 = 0
      pc13 = 0
      pc14 = 0
      pc15 = 0
      pc16 = 0
      pc17 = 0
      pc18 = 0
Constrained:
   Tgbecnw = 99115.6
     Tecnw = 25019
       Tnw = 20072.2
       Tec = 10062.7
     twoNb = 1.70411e+06
     twoNe = 2.65784e+06
     twoNc = 1.04308e+07
     twoNn = 4.92886e+06
     twoNw = 1.47905e+06
    twoNec = 71828.5
    twoNnw = 19359.9
  twoNecnw = 65830.9
  twoNbecnw = 8747.97
  twoNgbecnw = 239667
         m = 0.122838
        m4 = 0.017252
        m5 = 0.138219
        m6 = 0.06011
        Ta = 42631.4
        Td = 5031.37
        Te = 10036.1
        Tf = 5018.05
DiffEv reached_goal. cost=2.34573e-03 spread=2.98927e-06
Fitted parameter values
Free:
       pc1 = 1.00882
       pc2 = -1.99528
       pc3 = 3.97585
       pc4 = 1.91528
       pc5 = 1.7101
       pc6 = 0.18355
       pc7 = 1.99005
       pc8 = -1.74304
       pc9 = 1.88864
      pc10 = 1.43209
      pc11 = -0.627645
      pc12 = -0.00984752
      pc13 = -0.0828213
      pc14 = 0.0634244
      pc15 = 0.0649072
      pc16 = 0.0919671
      pc17 = 0.0183786
      pc18 = 0.0110745
Constrained:
   Tgbecnw = 87597.3
     Tecnw = 24032.5
       Tnw = 21579.6
       Tec = 10866.6
     twoNb = 1.69872e+06
     twoNe = 3.68359e+06
     twoNc = 3.63239e+06
     twoNn = 4.16693e+06
     twoNw = 3.50917e+06
    twoNec = 55783.1
    twoNnw = 8722.84
  twoNecnw = 71500
  twoNbecnw = 4586.72
  twoNgbecnw = 247987
         m = 0.119558
        m4 = 0.017184
        m5 = 0.178402
        m6 = 0.0961449
        Ta = 43033.3
        Td = 5433.31
        Te = 10789.8
        Tf = 5394.89
#       SitePat  BranchLen
              b 117367.2796868
              e 44241.5036662
              c 46198.6435084
              n 43003.7161548
              w 42971.7051659
            b:e 1185.9183918
            b:c 1437.5898108
            b:n 1041.0177275
            b:w 1039.4009214
            e:c 11602.4819620
            e:n 4493.1455367
            e:w 4506.5096766
            c:n 4089.2991436
            c:w 4099.7048462
            n:w 12439.2220157
          b:e:c 1352.3764961
          b:e:n 590.5956530
          b:e:w 590.7139661
          b:c:n 595.4501110
          b:c:w 595.2118014
          b:n:w 1337.3913578
          e:c:n 4043.1965269
          e:c:w 4051.4376733
          e:n:w 5739.1115623
          c:n:w 4869.6956640
        b:e:c:n 1160.0506565
        b:e:c:w 1161.7874591
        b:e:n:w 1855.0337667
        b:c:n:w 1316.9371168
        e:c:n:w 46052.8921466
