########################################
# legofit: estimate population history #
#       version 2.3.4-4-g53f8760       #
########################################

# Program was compiled: Sep 21 2021 14:36:42
# Program was run: Thu Sep 23 18:31:30 2021

# cmd: legofit -1 -d 0 -t 32 --ptsPerDim 3 --stateOut b1boot37.state --tol 3e-6 -S 5000 adef2.lgo ../../chrX/boot_chrX/boot37.opf
# Stage nOptItr nSimReps
#     0    5000        0
# algorithm          : deterministic
# ignoring probs <=  : 0
# Branch length floor: 0
# DE strategy        : 2
#    F               : 0.3
#    CR              : 0.8
#    tolerance       : 3e-06
# nthreads           : 32
# lgo input file     : adef2.lgo
# site pat input file: ../../chrX/boot_chrX/boot37.opf
# free parameters    : 18
# points in DE swarm : 54
# output state file  : b1boot37.state
# Including singleton site patterns.
# cost function      : KL
Initial parameter values
Fixed:
      zero = 0
       one = 1
    Tbecnw = 75200
Free:
       pc1 = 0
       pc2 = 0
       pc3 = 0
       pc4 = 0
       pc5 = 0
       pc6 = 0
       pc7 = 0
       pc8 = 0
       pc9 = 0
      pc10 = 0
      pc11 = 0
      pc12 = 0
      pc13 = 0
      pc14 = 0
      pc15 = 0
      pc16 = 0
      pc17 = 0
      pc18 = 0
Constrained:
   Tgbecnw = 99115.6
     Tecnw = 25019
       Tnw = 20072.2
       Tec = 10062.7
     twoNb = 1.70411e+06
     twoNe = 2.65784e+06
     twoNc = 1.04308e+07
     twoNn = 4.92886e+06
     twoNw = 1.47905e+06
    twoNec = 71828.5
    twoNnw = 19359.9
  twoNecnw = 65830.9
  twoNbecnw = 8747.97
  twoNgbecnw = 239667
         m = 0.122838
        m4 = 0.017252
        m5 = 0.138219
        m6 = 0.06011
        Ta = 42631.4
        Td = 5031.37
        Te = 10036.1
        Tf = 5018.05
DiffEv reached_goal. cost=2.24603e-03 spread=2.80555e-06
Fitted parameter values
Free:
       pc1 = 0.980199
       pc2 = -1.98889
       pc3 = 3.07996
       pc4 = 1.9955
       pc5 = 1.4658
       pc6 = -0.464372
       pc7 = 1.64455
       pc8 = 0.493568
       pc9 = 1.95271
      pc10 = 1.45209
      pc11 = -0.19232
      pc12 = -0.11386
      pc13 = 0.0917595
      pc14 = 0.0964659
      pc15 = -0.123184
      pc16 = 0.0870214
      pc17 = -0.0169165
      pc18 = -0.0168833
Constrained:
   Tgbecnw = 88255.7
     Tecnw = 23974.6
       Tnw = 21616.4
       Tec = 10869.2
     twoNb = 2.69255e+06
     twoNe = 2.37112e+06
     twoNc = 22042.9
     twoNn = 7.18222e+06
     twoNw = 3.10775e+06
    twoNec = 59477.8
    twoNnw = 9352.47
  twoNecnw = 66918.7
  twoNbecnw = 4826.87
  twoNgbecnw = 261303
         m = 0.10864
        m4 = 0.0173286
        m5 = 0.159406
        m6 = 0.0844224
        Ta = 43034.6
        Td = 5434.62
        Te = 10808.2
        Tf = 5404.1
#       SitePat  BranchLen
              b 117125.6922804
              e 43848.2906309
              c 45632.6996538
              n 43054.3648108
              w 43022.2065830
            b:e 1198.6361980
            b:c 1425.3201159
            b:n 1082.6655896
            b:w 1080.9827454
            e:c 11355.0281377
            e:n 4520.6278178
            e:w 4534.1380819
            c:n 4164.7798630
            c:w 4174.9411639
            n:w 11877.6316138
          b:e:c 1343.3077806
          b:e:n 611.4516694
          b:e:w 611.5943010
          b:c:n 615.9174193
          b:c:w 615.6597575
          b:n:w 1331.1762983
          e:c:n 4216.2912241
          e:c:w 4224.7778869
          e:n:w 5636.7657023
          c:n:w 4865.4584497
        b:e:c:n 1196.3239497
        b:e:c:w 1198.1218241
        b:e:n:w 1855.1730031
        b:c:n:w 1321.9007965
        e:c:n:w 46263.3957061
