########################################
# legofit: estimate population history #
#       version 2.3.4-4-g53f8760       #
########################################

# Program was compiled: Sep 21 2021 14:36:42
# Program was run: Thu Sep 23 18:26:51 2021

# cmd: legofit -1 -d 0 -t 32 --ptsPerDim 3 --stateOut b1boot3.state --tol 3e-6 -S 5000 adef2.lgo ../../chrX/boot_chrX/boot3.opf
# Stage nOptItr nSimReps
#     0    5000        0
# algorithm          : deterministic
# ignoring probs <=  : 0
# Branch length floor: 0
# DE strategy        : 2
#    F               : 0.3
#    CR              : 0.8
#    tolerance       : 3e-06
# nthreads           : 32
# lgo input file     : adef2.lgo
# site pat input file: ../../chrX/boot_chrX/boot3.opf
# free parameters    : 18
# points in DE swarm : 54
# output state file  : b1boot3.state
# Including singleton site patterns.
# cost function      : KL
Initial parameter values
Fixed:
      zero = 0
       one = 1
    Tbecnw = 75200
Free:
       pc1 = 0
       pc2 = 0
       pc3 = 0
       pc4 = 0
       pc5 = 0
       pc6 = 0
       pc7 = 0
       pc8 = 0
       pc9 = 0
      pc10 = 0
      pc11 = 0
      pc12 = 0
      pc13 = 0
      pc14 = 0
      pc15 = 0
      pc16 = 0
      pc17 = 0
      pc18 = 0
Constrained:
   Tgbecnw = 99115.6
     Tecnw = 25019
       Tnw = 20072.2
       Tec = 10062.7
     twoNb = 1.70411e+06
     twoNe = 2.65784e+06
     twoNc = 1.04308e+07
     twoNn = 4.92886e+06
     twoNw = 1.47905e+06
    twoNec = 71828.5
    twoNnw = 19359.9
  twoNecnw = 65830.9
  twoNbecnw = 8747.97
  twoNgbecnw = 239667
         m = 0.122838
        m4 = 0.017252
        m5 = 0.138219
        m6 = 0.06011
        Ta = 42631.4
        Td = 5031.37
        Te = 10036.1
        Tf = 5018.05
DiffEv reached_goal. cost=2.40361e-03 spread=2.80146e-06
Fitted parameter values
Free:
       pc1 = 1.34458
       pc2 = -1.94437
       pc3 = 3.8509
       pc4 = 1.98328
       pc5 = 1.63503
       pc6 = 0.395111
       pc7 = 1.94974
       pc8 = -1.46419
       pc9 = 1.95274
      pc10 = 1.97449
      pc11 = 0.0272378
      pc12 = -0.0837179
      pc13 = -0.217311
      pc14 = 0.0560432
      pc15 = 0.0155498
      pc16 = 0.140336
      pc17 = 0.0266517
      pc18 = 0.050938
Constrained:
   Tgbecnw = 87900
     Tecnw = 23880.7
       Tnw = 22214.7
       Tec = 11277.6
     twoNb = 1.73817e+06
     twoNe = 3.08699e+06
     twoNc = 2.56657e+06
     twoNn = 3.87781e+06
     twoNw = 3.60196e+06
    twoNec = 55468.1
    twoNnw = 6374.53
  twoNecnw = 69790.3
  twoNbecnw = 4753.44
  twoNgbecnw = 240714
         m = 0.122582
        m4 = 0.0178074
        m5 = 0.166716
        m6 = 0.0827524
        Ta = 43238.8
        Td = 5638.78
        Te = 11107.3
        Tf = 5553.67
#       SitePat  BranchLen
              b 117433.3301727
              e 44084.2889954
              c 46025.3472385
              n 43270.9824997
              w 43242.2178306
            b:e 1165.2532764
            b:c 1422.5656861
            b:n 1048.9867622
            b:w 1047.5169313
            e:c 11501.0435711
            e:n 4511.4869269
            e:w 4524.1523994
            c:n 4115.4222010
            c:w 4123.9746744
            n:w 12067.9717062
          b:e:c 1324.9599507
          b:e:n 591.5938060
          b:e:w 591.7647214
          b:c:n 596.4209481
          b:c:w 596.1448684
          b:n:w 1312.1104556
          e:c:n 4136.4117382
          e:c:w 4143.9584614
          e:n:w 5656.3737567
          c:n:w 4799.0670205
        b:e:c:n 1164.2744861
        b:e:c:w 1165.8494813
        b:e:n:w 1844.3382588
        b:c:n:w 1290.3092639
        e:c:n:w 46189.6694793
