########################################
# legofit: estimate population history #
#       version 2.3.4-4-g53f8760       #
########################################

# Program was compiled: Sep 21 2021 14:36:42
# Program was run: Fri Sep 24 22:45:41 2021

# cmd: legofit -1 -d 0 -t 32 --ptsPerDim 3 --stateOut b1boot17.state --tol 3e-6 -S 5000 abf2.lgo ../../boot/boot17.opf
# Stage nOptItr nSimReps
#     0    5000        0
# algorithm          : deterministic
# ignoring probs <=  : 0
# Branch length floor: 0
# DE strategy        : 2
#    F               : 0.3
#    CR              : 0.8
#    tolerance       : 3e-06
# nthreads           : 32
# lgo input file     : abf2.lgo
# site pat input file: ../../boot/boot17.opf
# free parameters    : 15
# points in DE swarm : 45
# output state file  : b1boot17.state
# Including singleton site patterns.
# cost function      : KL
Initial parameter values
Fixed:
      zero = 0
       one = 1
    Tbecnw = 75200
Free:
       pc1 = 0
       pc2 = 0
       pc3 = 0
       pc4 = 0
       pc5 = 0
       pc6 = 0
       pc7 = 0
       pc8 = 0
       pc9 = 0
      pc10 = 0
      pc11 = 0
      pc12 = 0
      pc13 = 0
      pc14 = 0
      pc15 = 0
Constrained:
   Tgbecnw = 113315
     Tecnw = 23625.6
       Tnw = 16196.9
       Tec = 17357.4
     twoNb = 591704
     twoNc = 145099
     twoNw = 2.49761e+06
    twoNec = 63901.3
    twoNnw = 43147.5
  twoNecnw = 81397.8
  twoNbecnw = 14713.9
  twoNgbecnw = 285232
         m = 0.123061
        m2 = 0.022883
        m6 = 1.60235e-06
        Tb = 20491.5
        Ta = 47845.8
        Tf = 8098.44
DiffEv reached_goal. cost=2.10912e-03 spread=2.80265e-06
Fitted parameter values
Free:
       pc1 = 3.93377
       pc2 = 0.305838
       pc3 = -1.4606
       pc4 = -1.85641
       pc5 = 0.278576
       pc6 = 1.04576
       pc7 = 1.95
       pc8 = -1.66229
       pc9 = 1.48499
      pc10 = -0.909468
      pc11 = 0.100068
      pc12 = -0.064466
      pc13 = 0.0170697
      pc14 = 0.0385653
      pc15 = 0.0604987
Constrained:
   Tgbecnw = 93242.6
     Tecnw = 22660.8
       Tnw = 16017.8
       Tec = 15485.8
     twoNb = 509558
     twoNc = 397726
     twoNw = 1.03055e+06
    twoNec = 72774.4
    twoNnw = 38134.1
  twoNecnw = 77279
  twoNbecnw = 7251.63
  twoNgbecnw = 307735
         m = 0.10802
        m2 = 0.0227974
        m6 = 1.27907e-06
        Tb = 19073.3
        Ta = 47136.7
        Tf = 8008.91
#       SitePat  BranchLen
              b 126316.5734936
              e 50368.4047250
              c 50368.3882201
              n 46566.8080046
              w 46566.8076105
            b:e 2357.5572124
            b:c 2357.5552928
            b:n 1781.8495547
            b:w 1781.8495261
            e:c 10582.9996043
            e:n 5243.6869549
            e:w 5243.6868558
            c:n 5243.6912748
            c:w 5243.6916689
            n:w 12783.5776783
          b:e:c 2054.4084337
          b:e:n 1106.6342322
          b:e:w 1106.6342010
          b:c:n 1106.6341434
          b:c:w 1106.6341720
          b:n:w 2027.1833932
          e:c:n 4763.0044348
          e:c:w 4763.0045339
          e:n:w 6015.1334225
          c:n:w 6015.1403482
        b:e:c:n 2042.4464506
        b:e:c:w 2042.4464818
        b:e:n:w 2994.2554235
        b:c:n:w 2994.2579072
        e:c:n:w 52492.6171860
