########################################
# legofit: estimate population history #
#       version 2.3.4-4-g53f8760       #
########################################

# Program was compiled: Sep 21 2021 14:36:42
# Program was run: Fri Sep 24 22:46:34 2021

# cmd: legofit -1 -d 0 -t 32 --ptsPerDim 3 --stateOut b1boot28.state --tol 3e-6 -S 5000 abf2.lgo ../../boot/boot28.opf
# Stage nOptItr nSimReps
#     0    5000        0
# algorithm          : deterministic
# ignoring probs <=  : 0
# Branch length floor: 0
# DE strategy        : 2
#    F               : 0.3
#    CR              : 0.8
#    tolerance       : 3e-06
# nthreads           : 32
# lgo input file     : abf2.lgo
# site pat input file: ../../boot/boot28.opf
# free parameters    : 15
# points in DE swarm : 45
# output state file  : b1boot28.state
# Including singleton site patterns.
# cost function      : KL
Initial parameter values
Fixed:
      zero = 0
       one = 1
    Tbecnw = 75200
Free:
       pc1 = 0
       pc2 = 0
       pc3 = 0
       pc4 = 0
       pc5 = 0
       pc6 = 0
       pc7 = 0
       pc8 = 0
       pc9 = 0
      pc10 = 0
      pc11 = 0
      pc12 = 0
      pc13 = 0
      pc14 = 0
      pc15 = 0
Constrained:
   Tgbecnw = 113315
     Tecnw = 23625.6
       Tnw = 16196.9
       Tec = 17357.4
     twoNb = 591704
     twoNc = 145099
     twoNw = 2.49761e+06
    twoNec = 63901.3
    twoNnw = 43147.5
  twoNecnw = 81397.8
  twoNbecnw = 14713.9
  twoNgbecnw = 285232
         m = 0.123061
        m2 = 0.022883
        m6 = 1.60235e-06
        Tb = 20491.5
        Ta = 47845.8
        Tf = 8098.44
DiffEv reached_goal. cost=2.11235e-03 spread=2.51158e-06
Fitted parameter values
Free:
       pc1 = 3.86818
       pc2 = 3.19349
       pc3 = -1.34841
       pc4 = -1.97541
       pc5 = 1.2941
       pc6 = 1.25065
       pc7 = 1.33008
       pc8 = -1.53696
       pc9 = 1.65874
      pc10 = -0.617908
      pc11 = -0.046008
      pc12 = -0.019687
      pc13 = 0.0108388
      pc14 = 0.00990667
      pc15 = 0.0216205
Constrained:
   Tgbecnw = 93214.2
     Tecnw = 22071.7
       Tnw = 18023
       Tec = 16545.7
     twoNb = 538550
     twoNc = 525533
     twoNw = 2.46163e+06
    twoNec = 56873.5
    twoNnw = 22858.9
  twoNecnw = 79581.5
  twoNbecnw = 7241.11
  twoNgbecnw = 304499
         m = 0.110541
        m2 = 0.0225958
        m6 = 1.91713e-06
        Tb = 19308.7
        Ta = 47254.3
        Tf = 9011.49
#       SitePat  BranchLen
              b 126458.2388776
              e 50428.1902927
              c 50428.1659605
              n 46578.4519087
              w 46578.4516401
            b:e 2355.5990294
            b:c 2355.5961606
            b:n 1776.8927531
            b:w 1776.8927329
            e:c 10593.9495985
            e:n 5284.1857362
            e:w 5284.1856659
            c:n 5284.1921694
            c:w 5284.1924381
            n:w 12791.9055517
          b:e:c 2060.1532645
          b:e:n 1107.0445699
          b:e:w 1107.0445479
          b:c:n 1107.0444598
          b:c:w 1107.0444800
          b:n:w 2033.0615124
          e:c:n 4748.4076409
          e:c:w 4748.4077112
          e:n:w 6039.8795265
          c:n:w 6039.8899625
        b:e:c:n 2041.3376568
        b:e:c:w 2041.3376789
        b:e:n:w 3007.4260008
        b:c:n:w 3007.4297383
        e:c:n:w 52494.9947871
