########################################
# legofit: estimate population history #
#       version 2.3.4-4-g53f8760       #
########################################

# Program was compiled: Sep 21 2021 14:36:42
# Program was run: Fri Sep 24 22:44:34 2021

# cmd: legofit -1 -d 0 -t 32 --ptsPerDim 3 --stateOut b1boot3.state --tol 3e-6 -S 5000 abf2.lgo ../../boot/boot3.opf
# Stage nOptItr nSimReps
#     0    5000        0
# algorithm          : deterministic
# ignoring probs <=  : 0
# Branch length floor: 0
# DE strategy        : 2
#    F               : 0.3
#    CR              : 0.8
#    tolerance       : 3e-06
# nthreads           : 32
# lgo input file     : abf2.lgo
# site pat input file: ../../boot/boot3.opf
# free parameters    : 15
# points in DE swarm : 45
# output state file  : b1boot3.state
# Including singleton site patterns.
# cost function      : KL
Initial parameter values
Fixed:
      zero = 0
       one = 1
    Tbecnw = 75200
Free:
       pc1 = 0
       pc2 = 0
       pc3 = 0
       pc4 = 0
       pc5 = 0
       pc6 = 0
       pc7 = 0
       pc8 = 0
       pc9 = 0
      pc10 = 0
      pc11 = 0
      pc12 = 0
      pc13 = 0
      pc14 = 0
      pc15 = 0
Constrained:
   Tgbecnw = 113315
     Tecnw = 23625.6
       Tnw = 16196.9
       Tec = 17357.4
     twoNb = 591704
     twoNc = 145099
     twoNw = 2.49761e+06
    twoNec = 63901.3
    twoNnw = 43147.5
  twoNecnw = 81397.8
  twoNbecnw = 14713.9
  twoNgbecnw = 285232
         m = 0.123061
        m2 = 0.022883
        m6 = 1.60235e-06
        Tb = 20491.5
        Ta = 47845.8
        Tf = 8098.44
DiffEv reached_goal. cost=2.10490e-03 spread=1.40309e-06
Fitted parameter values
Free:
       pc1 = 3.99431
       pc2 = 3.84417
       pc3 = -1.98362
       pc4 = -1.9971
       pc5 = 1.70928
       pc6 = 1.7318
       pc7 = 1.94179
       pc8 = -1.96671
       pc9 = 1.20829
      pc10 = -0.862132
      pc11 = 0.180533
      pc12 = 0.00667355
      pc13 = -0.000178346
      pc14 = 0.000589338
      pc15 = 0.0425331
Constrained:
   Tgbecnw = 91579.8
     Tecnw = 22085.4
       Tnw = 18474.6
       Tec = 16495.3
     twoNb = 549835
     twoNc = 639102
     twoNw = 2.64017e+06
    twoNec = 57673.2
    twoNnw = 20207.6
  twoNecnw = 79345
  twoNbecnw = 6533.58
  twoNgbecnw = 316076
         m = 0.106846
        m2 = 0.0218652
        m6 = 1.90179e-06
        Tb = 19290.4
        Ta = 47245.2
        Tf = 9237.28
#       SitePat  BranchLen
              b 126290.9500305
              e 50312.7959499
              c 50312.7719381
              n 46492.3207423
              w 46492.3204906
            b:e 2346.5954872
            b:c 2346.5926499
            b:n 1777.3258655
            b:w 1777.3258463
            e:c 10564.3988052
            e:n 5255.9527043
            e:w 5255.9526380
            c:n 5255.9590368
            c:w 5255.9592885
            n:w 12738.9868444
          b:e:c 2067.6875858
          b:e:n 1108.3681805
          b:e:w 1108.3681596
          b:c:n 1108.3680706
          b:c:w 1108.3680898
          b:n:w 2039.6928386
          e:c:n 4722.9362593
          e:c:w 4722.9363256
          e:n:w 6010.5098285
          c:n:w 6010.5201759
        b:e:c:n 2046.2418121
        b:e:c:w 2046.2418330
        b:e:n:w 3001.7997534
        b:c:n:w 3001.8034519
        e:c:n:w 52604.9445533
