########################################
# legofit: estimate population history #
#       version 2.3.4-4-g53f8760       #
########################################

# Program was compiled: Sep 21 2021 14:36:42
# Program was run: Fri Sep 24 22:47:47 2021

# cmd: legofit -1 -d 0 -t 32 --ptsPerDim 3 --stateOut b1boot41.state --tol 3e-6 -S 5000 abf2.lgo ../../boot/boot41.opf
# Stage nOptItr nSimReps
#     0    5000        0
# algorithm          : deterministic
# ignoring probs <=  : 0
# Branch length floor: 0
# DE strategy        : 2
#    F               : 0.3
#    CR              : 0.8
#    tolerance       : 3e-06
# nthreads           : 32
# lgo input file     : abf2.lgo
# site pat input file: ../../boot/boot41.opf
# free parameters    : 15
# points in DE swarm : 45
# output state file  : b1boot41.state
# Including singleton site patterns.
# cost function      : KL
Initial parameter values
Fixed:
      zero = 0
       one = 1
    Tbecnw = 75200
Free:
       pc1 = 0
       pc2 = 0
       pc3 = 0
       pc4 = 0
       pc5 = 0
       pc6 = 0
       pc7 = 0
       pc8 = 0
       pc9 = 0
      pc10 = 0
      pc11 = 0
      pc12 = 0
      pc13 = 0
      pc14 = 0
      pc15 = 0
Constrained:
   Tgbecnw = 113315
     Tecnw = 23625.6
       Tnw = 16196.9
       Tec = 17357.4
     twoNb = 591704
     twoNc = 145099
     twoNw = 2.49761e+06
    twoNec = 63901.3
    twoNnw = 43147.5
  twoNecnw = 81397.8
  twoNbecnw = 14713.9
  twoNgbecnw = 285232
         m = 0.123061
        m2 = 0.022883
        m6 = 1.60235e-06
        Tb = 20491.5
        Ta = 47845.8
        Tf = 8098.44
DiffEv reached_goal. cost=2.08593e-03 spread=2.02913e-06
Fitted parameter values
Free:
       pc1 = 3.86784
       pc2 = 3.63627
       pc3 = -0.930364
       pc4 = -1.90346
       pc5 = 1.74736
       pc6 = 1.55612
       pc7 = 1.53645
       pc8 = -1.90257
       pc9 = 1.94155
      pc10 = -0.0279277
      pc11 = 0.186649
      pc12 = -0.0551498
      pc13 = 0.0431159
      pc14 = 0.0194269
      pc15 = 0.0514515
Constrained:
   Tgbecnw = 92271.8
     Tecnw = 21970.1
       Tnw = 18046.2
       Tec = 16803.1
     twoNb = 598431
     twoNc = 621224
     twoNw = 2.59562e+06
    twoNec = 52698.3
    twoNnw = 22287.6
  twoNecnw = 80541.6
  twoNbecnw = 6865.41
  twoNgbecnw = 304178
         m = 0.111686
        m2 = 0.0228118
        m6 = 1.48605e-06
        Tb = 19386.6
        Ta = 47293.3
        Tf = 9023.08
#       SitePat  BranchLen
              b 126377.6436660
              e 50485.1226946
              c 50485.1038575
              n 46661.2408842
              w 46661.2406861
            b:e 2339.6021558
            b:c 2339.5999589
            b:n 1776.1554205
            b:w 1776.1554056
            e:c 10603.6155350
            e:n 5281.6429437
            e:w 5281.6428921
            c:n 5281.6479399
            c:w 5281.6481380
            n:w 12778.2540525
          b:e:c 2057.4821911
          b:e:n 1106.5166305
          b:e:w 1106.5166143
          b:c:n 1106.5165458
          b:c:w 1106.5165606
          b:n:w 2033.0564653
          e:c:n 4731.3886102
          e:c:w 4731.3886619
          e:n:w 5995.5988851
          c:n:w 5995.6069080
        b:e:c:n 2044.9911110
        b:e:c:w 2044.9911273
        b:e:n:w 3017.8810252
        b:c:n:w 3017.8839327
        e:c:n:w 52423.1279855
