########################################
# legofit: estimate population history #
#       version 2.3.4-4-g53f8760       #
########################################

# Program was compiled: Sep 21 2021 14:36:42
# Program was run: Fri Sep 24 22:44:38 2021

# cmd: legofit -1 -d 0 -t 32 --ptsPerDim 3 --stateOut b1boot4.state --tol 3e-6 -S 5000 abf2.lgo ../../boot/boot4.opf
# Stage nOptItr nSimReps
#     0    5000        0
# algorithm          : deterministic
# ignoring probs <=  : 0
# Branch length floor: 0
# DE strategy        : 2
#    F               : 0.3
#    CR              : 0.8
#    tolerance       : 3e-06
# nthreads           : 32
# lgo input file     : abf2.lgo
# site pat input file: ../../boot/boot4.opf
# free parameters    : 15
# points in DE swarm : 45
# output state file  : b1boot4.state
# Including singleton site patterns.
# cost function      : KL
Initial parameter values
Fixed:
      zero = 0
       one = 1
    Tbecnw = 75200
Free:
       pc1 = 0
       pc2 = 0
       pc3 = 0
       pc4 = 0
       pc5 = 0
       pc6 = 0
       pc7 = 0
       pc8 = 0
       pc9 = 0
      pc10 = 0
      pc11 = 0
      pc12 = 0
      pc13 = 0
      pc14 = 0
      pc15 = 0
Constrained:
   Tgbecnw = 113315
     Tecnw = 23625.6
       Tnw = 16196.9
       Tec = 17357.4
     twoNb = 591704
     twoNc = 145099
     twoNw = 2.49761e+06
    twoNec = 63901.3
    twoNnw = 43147.5
  twoNecnw = 81397.8
  twoNbecnw = 14713.9
  twoNgbecnw = 285232
         m = 0.123061
        m2 = 0.022883
        m6 = 1.60235e-06
        Tb = 20491.5
        Ta = 47845.8
        Tf = 8098.44
DiffEv reached_goal. cost=2.11614e-03 spread=2.98423e-06
Fitted parameter values
Free:
       pc1 = 3.9321
       pc2 = 0.983649
       pc3 = -1.50944
       pc4 = -1.87808
       pc5 = 0.714428
       pc6 = 1.6909
       pc7 = 1.94776
       pc8 = -1.92935
       pc9 = 1.61711
      pc10 = -0.825089
      pc11 = 0.282323
      pc12 = -0.0323843
      pc13 = 0.0363282
      pc14 = 0.0377677
      pc15 = 0.0519251
Constrained:
   Tgbecnw = 92561.6
     Tecnw = 22519
       Tnw = 16408
       Tec = 15377
     twoNb = 511901
     twoNc = 497722
     twoNw = 1.32106e+06
    twoNec = 73368.9
    twoNnw = 35023.5
  twoNecnw = 78223.5
  twoNbecnw = 6917.64
  twoNgbecnw = 311670
         m = 0.108454
        m2 = 0.0226511
        m6 = 9.35238e-07
        Tb = 18948
        Ta = 47074
        Tf = 8204
#       SitePat  BranchLen
              b 126429.1393161
              e 50406.3065241
              c 50406.2945363
              n 46588.2146115
              w 46588.2143826
            b:e 2339.9304785
            b:c 2339.9290897
            b:n 1764.9626854
            b:w 1764.9626688
            e:c 10546.2901107
            e:n 5241.4944892
            e:w 5241.4944315
            c:n 5241.4976584
            c:w 5241.4978873
            n:w 12750.4994689
          b:e:c 2037.2955855
          b:e:n 1099.4972610
          b:e:w 1099.4972429
          b:c:n 1099.4972004
          b:c:w 1099.4972170
          b:n:w 2009.9378283
          e:c:n 4721.8778876
          e:c:w 4721.8779453
          e:n:w 5979.8848597
          c:n:w 5979.8898897
        b:e:c:n 2028.0130672
        b:e:c:w 2028.0130853
        b:e:n:w 2986.2045101
        b:c:n:w 2986.2063183
        e:c:n:w 52634.9063105
