########################################
# legofit: estimate population history #
#       version 2.3.4-4-g53f8760       #
########################################

# Program was compiled: Sep 21 2021 14:36:42
# Program was run: Fri Sep 24 22:48:11 2021

# cmd: legofit -1 -d 0 -t 32 --ptsPerDim 3 --stateOut b1boot47.state --tol 3e-6 -S 5000 abf2.lgo ../../boot/boot47.opf
# Stage nOptItr nSimReps
#     0    5000        0
# algorithm          : deterministic
# ignoring probs <=  : 0
# Branch length floor: 0
# DE strategy        : 2
#    F               : 0.3
#    CR              : 0.8
#    tolerance       : 3e-06
# nthreads           : 32
# lgo input file     : abf2.lgo
# site pat input file: ../../boot/boot47.opf
# free parameters    : 15
# points in DE swarm : 45
# output state file  : b1boot47.state
# Including singleton site patterns.
# cost function      : KL
Initial parameter values
Fixed:
      zero = 0
       one = 1
    Tbecnw = 75200
Free:
       pc1 = 0
       pc2 = 0
       pc3 = 0
       pc4 = 0
       pc5 = 0
       pc6 = 0
       pc7 = 0
       pc8 = 0
       pc9 = 0
      pc10 = 0
      pc11 = 0
      pc12 = 0
      pc13 = 0
      pc14 = 0
      pc15 = 0
Constrained:
   Tgbecnw = 113315
     Tecnw = 23625.6
       Tnw = 16196.9
       Tec = 17357.4
     twoNb = 591704
     twoNc = 145099
     twoNw = 2.49761e+06
    twoNec = 63901.3
    twoNnw = 43147.5
  twoNecnw = 81397.8
  twoNbecnw = 14713.9
  twoNgbecnw = 285232
         m = 0.123061
        m2 = 0.022883
        m6 = 1.60235e-06
        Tb = 20491.5
        Ta = 47845.8
        Tf = 8098.44
DiffEv reached_goal. cost=2.08109e-03 spread=2.22669e-06
Fitted parameter values
Free:
       pc1 = 3.8614
       pc2 = 3.14318
       pc3 = -1.35211
       pc4 = -1.93946
       pc5 = 1.07585
       pc6 = 1.23865
       pc7 = 1.84308
       pc8 = -1.91815
       pc9 = 1.72545
      pc10 = -0.624823
      pc11 = 0.12012
      pc12 = -0.0204515
      pc13 = 0.0356002
      pc14 = 0.0161741
      pc15 = 0.0364818
Constrained:
   Tgbecnw = 92274.7
     Tecnw = 22170.4
       Tnw = 18002.6
       Tec = 16531.2
     twoNb = 567818
     twoNc = 562401
     twoNw = 1.85124e+06
    twoNec = 57911.1
    twoNnw = 23492.1
  twoNecnw = 79221.3
  twoNbecnw = 6875.77
  twoNgbecnw = 304826
         m = 0.110847
        m2 = 0.022517
        m6 = 1.87082e-06
        Tb = 19350.8
        Ta = 47275.4
        Tf = 9001.3
#       SitePat  BranchLen
              b 126368.3098037
              e 50398.0204772
              c 50397.9966754
              n 46552.4816049
              w 46552.4812572
            b:e 2340.1175674
            b:c 2340.1147807
            b:n 1769.1688274
            b:w 1769.1688013
            e:c 10564.8013901
            e:n 5259.3399846
            e:w 5259.3398940
            c:n 5259.3462283
            c:w 5259.3465760
            n:w 12757.0356106
          b:e:c 2052.4431683
          b:e:n 1102.0527398
          b:e:w 1102.0527114
          b:c:n 1102.0526259
          b:c:w 1102.0526520
          b:n:w 2026.4481208
          e:c:n 4729.0544391
          e:c:w 4729.0545297
          e:n:w 6013.1546542
          c:n:w 6013.1648396
        b:e:c:n 2033.2672398
        b:e:c:w 2033.2672682
        b:e:n:w 2999.3957665
        b:c:n:w 2999.3994173
        e:c:n:w 52523.9499054
