########################################
# legofit: estimate population history #
#       version 2.3.4-4-g53f8760       #
########################################

# Program was compiled: Sep 21 2021 14:36:42
# Program was run: Fri Sep 24 22:46:58 2021

# cmd: legofit -1 -d 0 -t 32 --ptsPerDim 3 --stateOut b1boot33.state --tol 3e-6 -S 5000 abf2.lgo ../../boot/boot33.opf
# Stage nOptItr nSimReps
#     0    5000        0
# algorithm          : deterministic
# ignoring probs <=  : 0
# Branch length floor: 0
# DE strategy        : 2
#    F               : 0.3
#    CR              : 0.8
#    tolerance       : 3e-06
# nthreads           : 32
# lgo input file     : abf2.lgo
# site pat input file: ../../boot/boot33.opf
# free parameters    : 15
# points in DE swarm : 45
# output state file  : b1boot33.state
# Including singleton site patterns.
# cost function      : KL
Initial parameter values
Fixed:
      zero = 0
       one = 1
    Tbecnw = 75200
Free:
       pc1 = 0
       pc2 = 0
       pc3 = 0
       pc4 = 0
       pc5 = 0
       pc6 = 0
       pc7 = 0
       pc8 = 0
       pc9 = 0
      pc10 = 0
      pc11 = 0
      pc12 = 0
      pc13 = 0
      pc14 = 0
      pc15 = 0
Constrained:
   Tgbecnw = 113315
     Tecnw = 23625.6
       Tnw = 16196.9
       Tec = 17357.4
     twoNb = 591704
     twoNc = 145099
     twoNw = 2.49761e+06
    twoNec = 63901.3
    twoNnw = 43147.5
  twoNecnw = 81397.8
  twoNbecnw = 14713.9
  twoNgbecnw = 285232
         m = 0.123061
        m2 = 0.022883
        m6 = 1.60235e-06
        Tb = 20491.5
        Ta = 47845.8
        Tf = 8098.44
DiffEv reached_goal. cost=2.07724e-03 spread=1.98714e-06
Fitted parameter values
Free:
       pc1 = 3.99268
       pc2 = 2.70015
       pc3 = -1.21944
       pc4 = -1.94809
       pc5 = 1.31203
       pc6 = 1.87053
       pc7 = 1.92099
       pc8 = -1.69322
       pc9 = 1.03217
      pc10 = -0.582083
      pc11 = 0.131505
      pc12 = 0.0566545
      pc13 = 0.0388927
      pc14 = 0.0301093
      pc15 = 0.0352489
Constrained:
   Tgbecnw = 92147.9
     Tecnw = 22232.3
       Tnw = 17331.1
       Tec = 16676.6
     twoNb = 541131
     twoNc = 562361
     twoNw = 2.37817e+06
    twoNec = 57020.3
    twoNnw = 27666.2
  twoNecnw = 79236.9
  twoNbecnw = 6774.81
  twoNgbecnw = 308529
         m = 0.111362
        m2 = 0.0221271
        m6 = 9.66198e-07
        Tb = 19454.5
        Ta = 47327.2
        Tf = 8665.57
#       SitePat  BranchLen
              b 126777.7277473
              e 50405.0780233
              c 50405.0657082
              n 46527.9012325
              w 46527.9010963
            b:e 2326.9464553
            b:c 2326.9450278
            b:n 1758.4678605
            b:w 1758.4678505
            e:c 10540.3122208
            e:n 5246.4147964
            e:w 5246.4147614
            c:n 5246.4180792
            c:w 5246.4182155
            n:w 12781.2419204
          b:e:c 2039.3821324
          b:e:n 1095.2285834
          b:e:w 1095.2285724
          b:c:n 1095.2285284
          b:c:w 1095.2285384
          b:n:w 2013.2515578
          e:c:n 4713.0479891
          e:c:w 4713.0480241
          e:n:w 5985.8864924
          c:n:w 5985.8917195
        b:e:c:n 2021.8896221
        b:e:c:w 2021.8896330
        b:e:n:w 2979.8973222
        b:c:n:w 2979.8991898
        e:c:n:w 52955.0142357
