########################################
# legofit: estimate population history #
#       version 2.3.4-4-g53f8760       #
########################################

# Program was compiled: Sep 21 2021 14:36:42
# Program was run: Fri Sep 24 22:48:00 2021

# cmd: legofit -1 -d 0 -t 32 --ptsPerDim 3 --stateOut b1boot45.state --tol 3e-6 -S 5000 abf2.lgo ../../boot/boot45.opf
# Stage nOptItr nSimReps
#     0    5000        0
# algorithm          : deterministic
# ignoring probs <=  : 0
# Branch length floor: 0
# DE strategy        : 2
#    F               : 0.3
#    CR              : 0.8
#    tolerance       : 3e-06
# nthreads           : 32
# lgo input file     : abf2.lgo
# site pat input file: ../../boot/boot45.opf
# free parameters    : 15
# points in DE swarm : 45
# output state file  : b1boot45.state
# Including singleton site patterns.
# cost function      : KL
Initial parameter values
Fixed:
      zero = 0
       one = 1
    Tbecnw = 75200
Free:
       pc1 = 0
       pc2 = 0
       pc3 = 0
       pc4 = 0
       pc5 = 0
       pc6 = 0
       pc7 = 0
       pc8 = 0
       pc9 = 0
      pc10 = 0
      pc11 = 0
      pc12 = 0
      pc13 = 0
      pc14 = 0
      pc15 = 0
Constrained:
   Tgbecnw = 113315
     Tecnw = 23625.6
       Tnw = 16196.9
       Tec = 17357.4
     twoNb = 591704
     twoNc = 145099
     twoNw = 2.49761e+06
    twoNec = 63901.3
    twoNnw = 43147.5
  twoNecnw = 81397.8
  twoNbecnw = 14713.9
  twoNgbecnw = 285232
         m = 0.123061
        m2 = 0.022883
        m6 = 1.60235e-06
        Tb = 20491.5
        Ta = 47845.8
        Tf = 8098.44
DiffEv reached_goal. cost=2.14034e-03 spread=2.64320e-06
Fitted parameter values
Free:
       pc1 = 3.9739
       pc2 = 3.09923
       pc3 = -1.97792
       pc4 = -1.9971
       pc5 = 0.201894
       pc6 = 1.95365
       pc7 = 1.67497
       pc8 = -1.84053
       pc9 = 1.7083
      pc10 = -0.899673
      pc11 = 0.280676
      pc12 = 0.0456933
      pc13 = 0.0289536
      pc14 = 0.00483835
      pc15 = 0.0357115
Constrained:
   Tgbecnw = 92012.9
     Tecnw = 22134.8
       Tnw = 18278.2
       Tec = 15857.1
     twoNb = 501063
     twoNc = 517434
     twoNw = 987269
    twoNec = 65251.4
    twoNnw = 21764
  twoNecnw = 79621
  twoNbecnw = 6669.59
  twoNgbecnw = 313940
         m = 0.108842
        m2 = 0.0220995
        m6 = 1.28483e-06
        Tb = 18995.9
        Ta = 47098
        Tf = 9139.11
#       SitePat  BranchLen
              b 126480.2018418
              e 50367.7935674
              c 50367.7771385
              n 46575.4657427
              w 46575.4652913
            b:e 2334.3538745
            b:c 2334.3519466
            b:n 1755.4879741
            b:w 1755.4879404
            e:c 10543.5951139
            e:n 5253.8670598
            e:w 5253.8669420
            c:n 5253.8712506
            c:w 5253.8717020
            n:w 12701.7433147
          b:e:c 2037.8584301
          b:e:n 1096.3825442
          b:e:w 1096.3825072
          b:c:n 1096.3824480
          b:c:w 1096.3824817
          b:n:w 2008.9095606
          e:c:n 4697.3338903
          e:c:w 4697.3340081
          e:n:w 5982.8750362
          c:n:w 5982.8820664
        b:e:c:n 2021.9253737
        b:e:c:w 2021.9254106
        b:e:n:w 2978.3652514
        b:c:n:w 2978.3677489
        e:c:n:w 52708.9065551
