########################################
# legofit: estimate population history #
#       version 2.3.4-4-g53f8760       #
########################################

# Program was compiled: Sep 21 2021 14:36:42
# Program was run: Fri Sep 24 22:45:55 2021

# cmd: legofit -1 -d 0 -t 32 --ptsPerDim 3 --stateOut b1boot19.state --tol 3e-6 -S 5000 abf2.lgo ../../boot/boot19.opf
# Stage nOptItr nSimReps
#     0    5000        0
# algorithm          : deterministic
# ignoring probs <=  : 0
# Branch length floor: 0
# DE strategy        : 2
#    F               : 0.3
#    CR              : 0.8
#    tolerance       : 3e-06
# nthreads           : 32
# lgo input file     : abf2.lgo
# site pat input file: ../../boot/boot19.opf
# free parameters    : 15
# points in DE swarm : 45
# output state file  : b1boot19.state
# Including singleton site patterns.
# cost function      : KL
Initial parameter values
Fixed:
      zero = 0
       one = 1
    Tbecnw = 75200
Free:
       pc1 = 0
       pc2 = 0
       pc3 = 0
       pc4 = 0
       pc5 = 0
       pc6 = 0
       pc7 = 0
       pc8 = 0
       pc9 = 0
      pc10 = 0
      pc11 = 0
      pc12 = 0
      pc13 = 0
      pc14 = 0
      pc15 = 0
Constrained:
   Tgbecnw = 113315
     Tecnw = 23625.6
       Tnw = 16196.9
       Tec = 17357.4
     twoNb = 591704
     twoNc = 145099
     twoNw = 2.49761e+06
    twoNec = 63901.3
    twoNnw = 43147.5
  twoNecnw = 81397.8
  twoNbecnw = 14713.9
  twoNgbecnw = 285232
         m = 0.123061
        m2 = 0.022883
        m6 = 1.60235e-06
        Tb = 20491.5
        Ta = 47845.8
        Tf = 8098.44
DiffEv reached_goal. cost=2.10642e-03 spread=2.97492e-06
Fitted parameter values
Free:
       pc1 = 3.97463
       pc2 = 2.04117
       pc3 = -1.14316
       pc4 = -1.96485
       pc5 = 1.8656
       pc6 = 0.833842
       pc7 = 1.79938
       pc8 = -1.04829
       pc9 = 0.472537
      pc10 = 0.0694299
      pc11 = -0.0183671
      pc12 = 0.0602214
      pc13 = 0.0125489
      pc14 = 0.0584848
      pc15 = 0.0403939
Constrained:
   Tgbecnw = 93243
     Tecnw = 22336.7
       Tnw = 16594.3
       Tec = 17295.1
     twoNb = 608309
     twoNc = 446558
     twoNw = 3.51646e+06
    twoNec = 50462.5
    twoNnw = 32404.4
  twoNecnw = 78555.7
  twoNbecnw = 7179.19
  twoNgbecnw = 312406
         m = 0.108478
        m2 = 0.0223769
        m6 = 1.47851e-06
        Tb = 19815.9
        Ta = 47507.9
        Tf = 8297.17
#       SitePat  BranchLen
              b 126783.9227944
              e 50394.0133355
              c 50393.9943582
              n 46485.0313658
              w 46485.0312289
            b:e 2324.5807244
            b:c 2324.5785516
            b:n 1772.6502097
            b:w 1772.6501997
            e:c 10591.9500334
            e:n 5240.5378187
            e:w 5240.5377839
            c:n 5240.5429327
            c:w 5240.5430696
            n:w 12864.1798717
          b:e:c 2054.3700585
          b:e:n 1098.5539396
          b:e:w 1098.5539287
          b:c:n 1098.5538623
          b:c:w 1098.5538723
          b:n:w 2031.7606965
          e:c:n 4750.1361231
          e:c:w 4750.1361579
          e:n:w 5999.8303390
          c:n:w 5999.8383442
        b:e:c:n 2032.8113803
        b:e:c:w 2032.8113912
        b:e:n:w 2994.3935080
        b:c:n:w 2994.3963867
        e:c:n:w 52909.9252160
