########################################
# legofit: estimate population history #
#       version 2.3.4-4-g53f8760       #
########################################

# Program was compiled: Sep 21 2021 14:36:42
# Program was run: Fri Sep 24 22:45:33 2021

# cmd: legofit -1 -d 0 -t 32 --ptsPerDim 3 --stateOut b1boot15.state --tol 3e-6 -S 5000 abf2.lgo ../../boot/boot15.opf
# Stage nOptItr nSimReps
#     0    5000        0
# algorithm          : deterministic
# ignoring probs <=  : 0
# Branch length floor: 0
# DE strategy        : 2
#    F               : 0.3
#    CR              : 0.8
#    tolerance       : 3e-06
# nthreads           : 32
# lgo input file     : abf2.lgo
# site pat input file: ../../boot/boot15.opf
# free parameters    : 15
# points in DE swarm : 45
# output state file  : b1boot15.state
# Including singleton site patterns.
# cost function      : KL
Initial parameter values
Fixed:
      zero = 0
       one = 1
    Tbecnw = 75200
Free:
       pc1 = 0
       pc2 = 0
       pc3 = 0
       pc4 = 0
       pc5 = 0
       pc6 = 0
       pc7 = 0
       pc8 = 0
       pc9 = 0
      pc10 = 0
      pc11 = 0
      pc12 = 0
      pc13 = 0
      pc14 = 0
      pc15 = 0
Constrained:
   Tgbecnw = 113315
     Tecnw = 23625.6
       Tnw = 16196.9
       Tec = 17357.4
     twoNb = 591704
     twoNc = 145099
     twoNw = 2.49761e+06
    twoNec = 63901.3
    twoNnw = 43147.5
  twoNecnw = 81397.8
  twoNbecnw = 14713.9
  twoNgbecnw = 285232
         m = 0.123061
        m2 = 0.022883
        m6 = 1.60235e-06
        Tb = 20491.5
        Ta = 47845.8
        Tf = 8098.44
DiffEv reached_goal. cost=2.10369e-03 spread=2.97236e-06
Fitted parameter values
Free:
       pc1 = 3.95561
       pc2 = 3.32903
       pc3 = -1.55232
       pc4 = -1.90057
       pc5 = 1.54642
       pc6 = 1.24742
       pc7 = 1.11609
       pc8 = -1.61106
       pc9 = 0.784826
      pc10 = -0.846187
      pc11 = 0.0222362
      pc12 = -0.0191905
      pc13 = 0.00468236
      pc14 = 0.0159689
      pc15 = 0.0253405
Constrained:
   Tgbecnw = 93539.9
     Tecnw = 22148.4
       Tnw = 17850.6
       Tec = 17058.2
     twoNb = 505758
     twoNc = 533306
     twoNw = 2.96396e+06
    twoNec = 52211.5
    twoNnw = 24190.1
  twoNecnw = 79752.1
  twoNbecnw = 7259.68
  twoNgbecnw = 311446
         m = 0.108756
        m2 = 0.0220808
        m6 = 2.37925e-06
        Tb = 19603.3
        Ta = 47401.6
        Tf = 8925.3
#       SitePat  BranchLen
              b 126533.1796847
              e 50467.9290122
              c 50467.8988089
              n 46605.7662694
              w 46605.7659941
            b:e 2332.1264046
            b:c 2332.1228768
            b:n 1759.3731215
            b:w 1759.3731011
            e:c 10561.0405208
            e:n 5261.8650518
            e:w 5261.8649804
            c:n 5261.8731114
            c:w 5261.8733866
            n:w 12794.7002554
          b:e:c 2042.6279219
          b:e:n 1095.4459216
          b:e:w 1095.4458993
          b:c:n 1095.4457903
          b:c:w 1095.4458107
          b:n:w 2015.0937818
          e:c:n 4720.0370168
          e:c:w 4720.0370882
          e:n:w 5998.2921633
          c:n:w 5998.3050677
        b:e:c:n 2022.3626958
        b:e:c:w 2022.3627181
        b:e:n:w 2972.8728191
        b:c:n:w 2972.8774000
        e:c:n:w 52571.8459636
