########################################
# legofit: estimate population history #
#       version 2.3.4-4-g53f8760       #
########################################

# Program was compiled: Sep 21 2021 14:36:42
# Program was run: Fri Sep 24 22:47:03 2021

# cmd: legofit -1 -d 0 -t 32 --ptsPerDim 3 --stateOut b1boot34.state --tol 3e-6 -S 5000 abf2.lgo ../../boot/boot34.opf
# Stage nOptItr nSimReps
#     0    5000        0
# algorithm          : deterministic
# ignoring probs <=  : 0
# Branch length floor: 0
# DE strategy        : 2
#    F               : 0.3
#    CR              : 0.8
#    tolerance       : 3e-06
# nthreads           : 32
# lgo input file     : abf2.lgo
# site pat input file: ../../boot/boot34.opf
# free parameters    : 15
# points in DE swarm : 45
# output state file  : b1boot34.state
# Including singleton site patterns.
# cost function      : KL
Initial parameter values
Fixed:
      zero = 0
       one = 1
    Tbecnw = 75200
Free:
       pc1 = 0
       pc2 = 0
       pc3 = 0
       pc4 = 0
       pc5 = 0
       pc6 = 0
       pc7 = 0
       pc8 = 0
       pc9 = 0
      pc10 = 0
      pc11 = 0
      pc12 = 0
      pc13 = 0
      pc14 = 0
      pc15 = 0
Constrained:
   Tgbecnw = 113315
     Tecnw = 23625.6
       Tnw = 16196.9
       Tec = 17357.4
     twoNb = 591704
     twoNc = 145099
     twoNw = 2.49761e+06
    twoNec = 63901.3
    twoNnw = 43147.5
  twoNecnw = 81397.8
  twoNbecnw = 14713.9
  twoNgbecnw = 285232
         m = 0.123061
        m2 = 0.022883
        m6 = 1.60235e-06
        Tb = 20491.5
        Ta = 47845.8
        Tf = 8098.44
DiffEv reached_goal. cost=2.11274e-03 spread=2.99500e-06
Fitted parameter values
Free:
       pc1 = 3.95809
       pc2 = 2.71862
       pc3 = -1.19185
       pc4 = -1.82629
       pc5 = 1.42757
       pc6 = 1.53678
       pc7 = 1.88444
       pc8 = -1.32096
       pc9 = 1.48617
      pc10 = -0.964175
      pc11 = 0.026742
      pc12 = -0.00773257
      pc13 = 0.039733
      pc14 = 0.00720928
      pc15 = 0.0232171
Constrained:
   Tgbecnw = 92698.9
     Tecnw = 22293.3
       Tnw = 17811.3
       Tec = 16588.1
     twoNb = 521391
     twoNc = 546438
     twoNw = 2.58578e+06
    twoNec = 58699.5
    twoNnw = 25263.8
  twoNecnw = 78544.6
  twoNbecnw = 7047.05
  twoNgbecnw = 303285
         m = 0.111434
        m2 = 0.0224973
        m6 = 1.14331e-06
        Tb = 19440.7
        Ta = 47320.3
        Tf = 8905.67
#       SitePat  BranchLen
              b 126486.0766365
              e 50377.4277383
              c 50377.4132568
              n 46522.0109852
              w 46522.0108341
            b:e 2340.5068126
            b:c 2340.5051089
            b:n 1760.3921190
            b:w 1760.3921078
            e:c 10535.1710351
            e:n 5250.2390824
            e:w 5250.2390432
            c:n 5250.2429234
            c:w 5250.2430744
            n:w 12745.3149114
          b:e:c 2041.7014881
          b:e:n 1096.1539691
          b:e:w 1096.1539568
          b:c:n 1096.1539050
          b:c:w 1096.1539162
          b:n:w 2014.4141861
          e:c:n 4729.4772053
          e:c:w 4729.4772445
          e:n:w 6021.0656975
          c:n:w 6021.0719024
        b:e:c:n 2020.5355937
        b:e:c:w 2020.5356059
        b:e:n:w 2981.6100491
        b:c:n:w 2981.6122619
        e:c:n:w 52642.6034415
