########################################
# legofit: estimate population history #
#       version 2.3.4-4-g53f8760       #
########################################

# Program was compiled: Sep 21 2021 14:36:42
# Program was run: Fri Sep 24 22:46:49 2021

# cmd: legofit -1 -d 0 -t 32 --ptsPerDim 3 --stateOut b1boot30.state --tol 3e-6 -S 5000 abf2.lgo ../../boot/boot30.opf
# Stage nOptItr nSimReps
#     0    5000        0
# algorithm          : deterministic
# ignoring probs <=  : 0
# Branch length floor: 0
# DE strategy        : 2
#    F               : 0.3
#    CR              : 0.8
#    tolerance       : 3e-06
# nthreads           : 32
# lgo input file     : abf2.lgo
# site pat input file: ../../boot/boot30.opf
# free parameters    : 15
# points in DE swarm : 45
# output state file  : b1boot30.state
# Including singleton site patterns.
# cost function      : KL
Initial parameter values
Fixed:
      zero = 0
       one = 1
    Tbecnw = 75200
Free:
       pc1 = 0
       pc2 = 0
       pc3 = 0
       pc4 = 0
       pc5 = 0
       pc6 = 0
       pc7 = 0
       pc8 = 0
       pc9 = 0
      pc10 = 0
      pc11 = 0
      pc12 = 0
      pc13 = 0
      pc14 = 0
      pc15 = 0
Constrained:
   Tgbecnw = 113315
     Tecnw = 23625.6
       Tnw = 16196.9
       Tec = 17357.4
     twoNb = 591704
     twoNc = 145099
     twoNw = 2.49761e+06
    twoNec = 63901.3
    twoNnw = 43147.5
  twoNecnw = 81397.8
  twoNbecnw = 14713.9
  twoNgbecnw = 285232
         m = 0.123061
        m2 = 0.022883
        m6 = 1.60235e-06
        Tb = 20491.5
        Ta = 47845.8
        Tf = 8098.44
DiffEv reached_goal. cost=2.13365e-03 spread=2.10131e-06
Fitted parameter values
Free:
       pc1 = 3.86812
       pc2 = 2.74135
       pc3 = -1.68539
       pc4 = -1.98592
       pc5 = 1.32096
       pc6 = 1.28621
       pc7 = 1.44381
       pc8 = -1.62927
       pc9 = 1.08804
      pc10 = -1.23926
      pc11 = 0.108606
      pc12 = -0.012805
      pc13 = 0.0206773
      pc14 = 0.0302653
      pc15 = 0.0278046
Constrained:
   Tgbecnw = 92987
     Tecnw = 22324.4
       Tnw = 17739.9
       Tec = 16375.9
     twoNb = 491182
     twoNc = 525692
     twoNw = 2.54345e+06
    twoNec = 61288.2
    twoNnw = 25600.8
  twoNecnw = 78874.8
  twoNbecnw = 7101.45
  twoNgbecnw = 309820
         m = 0.109632
        m2 = 0.0221743
        m6 = 2.19779e-06
        Tb = 19350.2
        Ta = 47275.1
        Tf = 8869.97
#       SitePat  BranchLen
              b 126701.1747574
              e 50447.8928728
              c 50447.8647996
              n 46554.0348577
              w 46554.0345631
            b:e 2353.8376762
            b:c 2353.8343630
            b:n 1765.7978842
            b:w 1765.7978623
            e:c 10564.4583465
            e:n 5246.2306541
            e:w 5246.2305779
            c:n 5246.2381104
            c:w 5246.2384049
            n:w 12810.6129241
          b:e:c 2055.8845187
          b:e:n 1100.0940982
          b:e:w 1100.0940743
          b:c:n 1100.0939726
          b:c:w 1100.0939945
          b:n:w 2026.5903447
          e:c:n 4721.3266779
          e:c:w 4721.3267541
          e:n:w 6026.1095859
          c:n:w 6026.1216223
        b:e:c:n 2029.0090209
        b:e:c:w 2029.0090449
        b:e:n:w 2989.2401337
        b:c:n:w 2989.2444061
        e:c:n:w 52829.0523498
