########################################
# legofit: estimate population history #
#       version 2.3.4-4-g53f8760       #
########################################

# Program was compiled: Sep 21 2021 14:36:42
# Program was run: Fri Sep 24 22:47:25 2021

# cmd: legofit -1 -d 0 -t 32 --ptsPerDim 3 --stateOut b1boot38.state --tol 3e-6 -S 5000 abf2.lgo ../../boot/boot38.opf
# Stage nOptItr nSimReps
#     0    5000        0
# algorithm          : deterministic
# ignoring probs <=  : 0
# Branch length floor: 0
# DE strategy        : 2
#    F               : 0.3
#    CR              : 0.8
#    tolerance       : 3e-06
# nthreads           : 32
# lgo input file     : abf2.lgo
# site pat input file: ../../boot/boot38.opf
# free parameters    : 15
# points in DE swarm : 45
# output state file  : b1boot38.state
# Including singleton site patterns.
# cost function      : KL
Initial parameter values
Fixed:
      zero = 0
       one = 1
    Tbecnw = 75200
Free:
       pc1 = 0
       pc2 = 0
       pc3 = 0
       pc4 = 0
       pc5 = 0
       pc6 = 0
       pc7 = 0
       pc8 = 0
       pc9 = 0
      pc10 = 0
      pc11 = 0
      pc12 = 0
      pc13 = 0
      pc14 = 0
      pc15 = 0
Constrained:
   Tgbecnw = 113315
     Tecnw = 23625.6
       Tnw = 16196.9
       Tec = 17357.4
     twoNb = 591704
     twoNc = 145099
     twoNw = 2.49761e+06
    twoNec = 63901.3
    twoNnw = 43147.5
  twoNecnw = 81397.8
  twoNbecnw = 14713.9
  twoNgbecnw = 285232
         m = 0.123061
        m2 = 0.022883
        m6 = 1.60235e-06
        Tb = 20491.5
        Ta = 47845.8
        Tf = 8098.44
DiffEv reached_goal. cost=2.07972e-03 spread=2.74532e-06
Fitted parameter values
Free:
       pc1 = 3.99012
       pc2 = 2.93216
       pc3 = -1.87961
       pc4 = -1.90413
       pc5 = 1.5867
       pc6 = 1.61524
       pc7 = 1.56081
       pc8 = -1.98813
       pc9 = 1.2989
      pc10 = -1.14176
      pc11 = 0.281961
      pc12 = -0.0097652
      pc13 = 0.0186811
      pc14 = 0.00957372
      pc15 = 0.0348414
Constrained:
   Tgbecnw = 92323.7
     Tecnw = 22258.6
       Tnw = 17848.1
       Tec = 16143.4
     twoNb = 499387
     twoNc = 599829
     twoNw = 2.49042e+06
    twoNec = 63357.9
    twoNnw = 24986.8
  twoNecnw = 79164.7
  twoNbecnw = 6772.77
  twoNgbecnw = 316717
         m = 0.107427
        m2 = 0.0221881
        m6 = 2.05208e-06
        Tb = 19201
        Ta = 47200.5
        Tf = 8924.05
#       SitePat  BranchLen
              b 126484.1141691
              e 50399.8130044
              c 50399.7871182
              n 46588.8198964
              w 46588.8196141
            b:e 2337.3937649
            b:c 2337.3907220
            b:n 1760.3886151
            b:w 1760.3885941
            e:c 10525.7524445
            e:n 5250.1628159
            e:w 5250.1627428
            c:n 5250.1697004
            c:w 5250.1699827
            n:w 12709.0196012
          b:e:c 2040.4962606
          b:e:n 1098.6134790
          b:e:w 1098.6134560
          b:c:n 1098.6133611
          b:c:w 1098.6133821
          b:n:w 2011.8004395
          e:c:n 4705.6689327
          e:c:w 4705.6690057
          e:n:w 5982.7830103
          c:n:w 5982.7940527
        b:e:c:n 2026.2318353
        b:e:c:w 2026.2318582
        b:e:n:w 2982.5231633
        b:c:n:w 2982.5271175
        e:c:n:w 52713.8246696
