########################################
# legofit: estimate population history #
#       version 2.3.4-4-g53f8760       #
########################################

# Program was compiled: Sep 21 2021 14:36:42
# Program was run: Fri Sep 24 22:44:10 2021

# cmd: legofit -1 -d 0 -t 32 --ptsPerDim 3 --stateOut b1boot0.state --tol 3e-6 -S 5000 abf2.lgo ../../boot/boot0.opf
# Stage nOptItr nSimReps
#     0    5000        0
# algorithm          : deterministic
# ignoring probs <=  : 0
# Branch length floor: 0
# DE strategy        : 2
#    F               : 0.3
#    CR              : 0.8
#    tolerance       : 3e-06
# nthreads           : 32
# lgo input file     : abf2.lgo
# site pat input file: ../../boot/boot0.opf
# free parameters    : 15
# points in DE swarm : 45
# output state file  : b1boot0.state
# Including singleton site patterns.
# cost function      : KL
Initial parameter values
Fixed:
      zero = 0
       one = 1
    Tbecnw = 75200
Free:
       pc1 = 0
       pc2 = 0
       pc3 = 0
       pc4 = 0
       pc5 = 0
       pc6 = 0
       pc7 = 0
       pc8 = 0
       pc9 = 0
      pc10 = 0
      pc11 = 0
      pc12 = 0
      pc13 = 0
      pc14 = 0
      pc15 = 0
Constrained:
   Tgbecnw = 113315
     Tecnw = 23625.6
       Tnw = 16196.9
       Tec = 17357.4
     twoNb = 591704
     twoNc = 145099
     twoNw = 2.49761e+06
    twoNec = 63901.3
    twoNnw = 43147.5
  twoNecnw = 81397.8
  twoNbecnw = 14713.9
  twoNgbecnw = 285232
         m = 0.123061
        m2 = 0.022883
        m6 = 1.60235e-06
        Tb = 20491.5
        Ta = 47845.8
        Tf = 8098.44
DiffEv reached_goal. cost=2.11064e-03 spread=2.69747e-06
Fitted parameter values
Free:
       pc1 = 3.90222
       pc2 = 2.98066
       pc3 = -0.717324
       pc4 = -1.63762
       pc5 = 1.16562
       pc6 = 1.93871
       pc7 = 1.21599
       pc8 = -1.48432
       pc9 = 1.00518
      pc10 = -1.11796
      pc11 = -0.122961
      pc12 = -0.0297308
      pc13 = 0.0147681
      pc14 = 0.0175113
      pc15 = 0.036898
Constrained:
   Tgbecnw = 94228.3
     Tecnw = 22220.3
       Tnw = 17587.7
       Tec = 17148.2
     twoNb = 454732
     twoNc = 553625
     twoNw = 2.49517e+06
    twoNec = 51344.2
    twoNnw = 26125
  twoNecnw = 79808.8
  twoNbecnw = 7695.54
  twoNgbecnw = 296885
         m = 0.114722
        m2 = 0.0222502
        m6 = 1.12445e-06
        Tb = 19684.2
        Ta = 47442.1
        Tf = 8793.83
#       SitePat  BranchLen
              b 127001.5103066
              e 50567.1421809
              c 50567.1278157
              n 46727.3070625
              w 46727.3069089
            b:e 2372.7882041
            b:c 2372.7864976
            b:n 1780.8596074
            b:w 1780.8595960
            e:c 10641.6872000
            e:n 5283.2185014
            e:w 5283.2184616
            c:n 5283.2223302
            c:w 5283.2224838
            n:w 12875.2689048
          b:e:c 2067.8446865
          b:e:n 1106.1146650
          b:e:w 1106.1146525
          b:c:n 1106.1146006
          b:c:w 1106.1146120
          b:n:w 2038.4636439
          e:c:n 4765.7632550
          e:c:w 4765.7632948
          e:n:w 6048.3283006
          c:n:w 6048.3344509
        b:e:c:n 2044.7013357
        b:e:c:w 2044.7013482
        b:e:n:w 2989.6875335
        b:c:n:w 2989.6897089
        e:c:n:w 52821.2776351
