########################################
# legofit: estimate population history #
#       version 2.3.4-4-g53f8760       #
########################################

# Program was compiled: Sep 21 2021 14:36:42
# Program was run: Fri Sep 24 22:47:28 2021

# cmd: legofit -1 -d 0 -t 32 --ptsPerDim 3 --stateOut b1boot39.state --tol 3e-6 -S 5000 abf2.lgo ../../boot/boot39.opf
# Stage nOptItr nSimReps
#     0    5000        0
# algorithm          : deterministic
# ignoring probs <=  : 0
# Branch length floor: 0
# DE strategy        : 2
#    F               : 0.3
#    CR              : 0.8
#    tolerance       : 3e-06
# nthreads           : 32
# lgo input file     : abf2.lgo
# site pat input file: ../../boot/boot39.opf
# free parameters    : 15
# points in DE swarm : 45
# output state file  : b1boot39.state
# Including singleton site patterns.
# cost function      : KL
Initial parameter values
Fixed:
      zero = 0
       one = 1
    Tbecnw = 75200
Free:
       pc1 = 0
       pc2 = 0
       pc3 = 0
       pc4 = 0
       pc5 = 0
       pc6 = 0
       pc7 = 0
       pc8 = 0
       pc9 = 0
      pc10 = 0
      pc11 = 0
      pc12 = 0
      pc13 = 0
      pc14 = 0
      pc15 = 0
Constrained:
   Tgbecnw = 113315
     Tecnw = 23625.6
       Tnw = 16196.9
       Tec = 17357.4
     twoNb = 591704
     twoNc = 145099
     twoNw = 2.49761e+06
    twoNec = 63901.3
    twoNnw = 43147.5
  twoNecnw = 81397.8
  twoNbecnw = 14713.9
  twoNgbecnw = 285232
         m = 0.123061
        m2 = 0.022883
        m6 = 1.60235e-06
        Tb = 20491.5
        Ta = 47845.8
        Tf = 8098.44
DiffEv reached_goal. cost=2.07590e-03 spread=2.67765e-06
Fitted parameter values
Free:
       pc1 = 3.98288
       pc2 = 0.809387
       pc3 = -1.32539
       pc4 = -1.91268
       pc5 = 1.015
       pc6 = 1.43843
       pc7 = 1.79876
       pc8 = -1.46307
       pc9 = 1.56872
      pc10 = -0.661727
      pc11 = 0.018826
      pc12 = -0.0432223
      pc13 = 0.0110971
      pc14 = 0.0232189
      pc15 = 0.0482939
Constrained:
   Tgbecnw = 93167.7
     Tecnw = 22464.9
       Tnw = 16238.9
       Tec = 15564.4
     twoNb = 518671
     twoNc = 452282
     twoNw = 1.97478e+06
    twoNec = 70349.2
    twoNnw = 35869.7
  twoNecnw = 77898.2
  twoNbecnw = 7206.42
  twoNgbecnw = 307963
         m = 0.108225
        m2 = 0.0228535
        m6 = 8.72788e-07
        Tb = 19014.6
        Ta = 47107.3
        Tf = 8119.47
#       SitePat  BranchLen
              b 126281.8426504
              e 50340.4539079
              c 50340.4428014
              n 46546.2381311
              w 46546.2379892
            b:e 2351.7879243
            b:c 2351.7866306
            b:n 1778.5701889
            b:w 1778.5701785
            e:c 10579.1564339
            e:n 5260.7658312
            e:w 5260.7657953
            c:n 5260.7688065
            c:w 5260.7689484
            n:w 12768.1855218
          b:e:c 2048.2275528
          b:e:n 1105.8940981
          b:e:w 1105.8940869
          b:c:n 1105.8940474
          b:c:w 1105.8940577
          b:n:w 2021.4139212
          e:c:n 4760.7278329
          e:c:w 4760.7278687
          e:n:w 6011.5129582
          c:n:w 6011.5176269
        b:e:c:n 2040.1492209
        b:e:c:w 2040.1492322
        b:e:n:w 2994.5731339
        b:c:n:w 2994.5748167
        e:c:n:w 52444.4360992
