########################################
# legofit: estimate population history #
#       version 2.3.4-4-g53f8760       #
########################################

# Program was compiled: Sep 21 2021 14:36:42
# Program was run: Fri Sep 24 22:47:56 2021

# cmd: legofit -1 -d 0 -t 32 --ptsPerDim 3 --stateOut b1boot44.state --tol 3e-6 -S 5000 abf2.lgo ../../boot/boot44.opf
# Stage nOptItr nSimReps
#     0    5000        0
# algorithm          : deterministic
# ignoring probs <=  : 0
# Branch length floor: 0
# DE strategy        : 2
#    F               : 0.3
#    CR              : 0.8
#    tolerance       : 3e-06
# nthreads           : 32
# lgo input file     : abf2.lgo
# site pat input file: ../../boot/boot44.opf
# free parameters    : 15
# points in DE swarm : 45
# output state file  : b1boot44.state
# Including singleton site patterns.
# cost function      : KL
Initial parameter values
Fixed:
      zero = 0
       one = 1
    Tbecnw = 75200
Free:
       pc1 = 0
       pc2 = 0
       pc3 = 0
       pc4 = 0
       pc5 = 0
       pc6 = 0
       pc7 = 0
       pc8 = 0
       pc9 = 0
      pc10 = 0
      pc11 = 0
      pc12 = 0
      pc13 = 0
      pc14 = 0
      pc15 = 0
Constrained:
   Tgbecnw = 113315
     Tecnw = 23625.6
       Tnw = 16196.9
       Tec = 17357.4
     twoNb = 591704
     twoNc = 145099
     twoNw = 2.49761e+06
    twoNec = 63901.3
    twoNnw = 43147.5
  twoNecnw = 81397.8
  twoNbecnw = 14713.9
  twoNgbecnw = 285232
         m = 0.123061
        m2 = 0.022883
        m6 = 1.60235e-06
        Tb = 20491.5
        Ta = 47845.8
        Tf = 8098.44
DiffEv reached_goal. cost=2.10511e-03 spread=2.94909e-06
Fitted parameter values
Free:
       pc1 = 3.91943
       pc2 = 2.99785
       pc3 = -1.49916
       pc4 = -1.81793
       pc5 = -0.0586405
       pc6 = 0.831654
       pc7 = 1.41675
       pc8 = -1.58187
       pc9 = 1.17895
      pc10 = -0.753926
      pc11 = 0.00547702
      pc12 = -0.0176598
      pc13 = 0.012962
      pc14 = 0.0188334
      pc15 = 0.0203004
Constrained:
   Tgbecnw = 93578.7
     Tecnw = 22230.5
       Tnw = 17985.4
       Tec = 17082.7
     twoNb = 521642
     twoNc = 416476
     twoNw = 1.068e+06
    twoNec = 52695
    twoNnw = 23835.2
  twoNecnw = 79262.4
  twoNbecnw = 7370.13
  twoNgbecnw = 305311
         m = 0.110093
        m2 = 0.0222297
        m6 = 2.24114e-06
        Tb = 19656.6
        Ta = 47428.3
        Tf = 8992.7
#       SitePat  BranchLen
              b 126510.5140561
              e 50488.6480530
              c 50488.6191647
              n 46621.9645505
              w 46621.9638287
            b:e 2351.5967668
            b:c 2351.5933781
            b:n 1775.0890562
            b:w 1775.0890021
            e:c 10580.0991814
            e:n 5267.3841942
            e:w 5267.3840060
            c:n 5267.3916003
            c:w 5267.3923220
            n:w 12807.4346408
          b:e:c 2061.3245291
          b:e:n 1104.3454946
          b:e:w 1104.3454355
          b:c:n 1104.3453333
          b:c:w 1104.3453874
          b:n:w 2033.9298092
          e:c:n 4745.0571008
          e:c:w 4745.0572889
          e:n:w 6033.6267368
          c:n:w 6033.6391168
        b:e:c:n 2037.9577074
        b:e:c:w 2037.9577665
        b:e:n:w 2992.6147962
        b:c:n:w 2992.6191802
        e:c:n:w 52520.2688796
