########################################
# legofit: estimate population history #
#       version 2.3.4-4-g53f8760       #
########################################

# Program was compiled: Sep 21 2021 14:36:42
# Program was run: Fri Sep 24 22:47:47 2021

# cmd: legofit -1 -d 0 -t 32 --ptsPerDim 3 --stateOut b1boot42.state --tol 3e-6 -S 5000 abf2.lgo ../../boot/boot42.opf
# Stage nOptItr nSimReps
#     0    5000        0
# algorithm          : deterministic
# ignoring probs <=  : 0
# Branch length floor: 0
# DE strategy        : 2
#    F               : 0.3
#    CR              : 0.8
#    tolerance       : 3e-06
# nthreads           : 32
# lgo input file     : abf2.lgo
# site pat input file: ../../boot/boot42.opf
# free parameters    : 15
# points in DE swarm : 45
# output state file  : b1boot42.state
# Including singleton site patterns.
# cost function      : KL
Initial parameter values
Fixed:
      zero = 0
       one = 1
    Tbecnw = 75200
Free:
       pc1 = 0
       pc2 = 0
       pc3 = 0
       pc4 = 0
       pc5 = 0
       pc6 = 0
       pc7 = 0
       pc8 = 0
       pc9 = 0
      pc10 = 0
      pc11 = 0
      pc12 = 0
      pc13 = 0
      pc14 = 0
      pc15 = 0
Constrained:
   Tgbecnw = 113315
     Tecnw = 23625.6
       Tnw = 16196.9
       Tec = 17357.4
     twoNb = 591704
     twoNc = 145099
     twoNw = 2.49761e+06
    twoNec = 63901.3
    twoNnw = 43147.5
  twoNecnw = 81397.8
  twoNbecnw = 14713.9
  twoNgbecnw = 285232
         m = 0.123061
        m2 = 0.022883
        m6 = 1.60235e-06
        Tb = 20491.5
        Ta = 47845.8
        Tf = 8098.44
DiffEv reached_goal. cost=2.10239e-03 spread=1.86729e-06
Fitted parameter values
Free:
       pc1 = 3.85729
       pc2 = 2.11016
       pc3 = -1.8942
       pc4 = -1.88547
       pc5 = 0.590622
       pc6 = 0.745368
       pc7 = 1.43791
       pc8 = -1.4205
       pc9 = 1.7258
      pc10 = -0.83114
      pc11 = 0.230891
      pc12 = 0.0187788
      pc13 = 0.0275772
      pc14 = 0.0244146
      pc15 = 0.0473528
Constrained:
   Tgbecnw = 93506.2
     Tecnw = 22382.4
       Tnw = 17678.2
       Tec = 15952.8
     twoNb = 525640
     twoNc = 418938
     twoNw = 1.64185e+06
    twoNec = 65638.6
    twoNnw = 26624.1
  twoNecnw = 78520.6
  twoNbecnw = 7222.98
  twoNgbecnw = 314576
         m = 0.107408
        m2 = 0.0227345
        m6 = 2.1961e-06
        Tb = 19167.6
        Ta = 47183.8
        Tf = 8839.09
#       SitePat  BranchLen
              b 126530.5327437
              e 50393.7420718
              c 50393.7141117
              n 46589.5369232
              w 46589.5364683
            b:e 2326.4813781
            b:c 2326.4781170
            b:n 1752.3941629
            b:w 1752.3941293
            e:c 10563.5217406
            e:n 5237.5115073
            e:w 5237.5113900
            c:n 5237.5188444
            c:w 5237.5192992
            n:w 12727.1911024
          b:e:c 2030.8020377
          b:e:n 1090.0983269
          b:e:w 1090.0982903
          b:c:n 1090.0981913
          b:c:w 1090.0982248
          b:n:w 2004.5422601
          e:c:n 4716.5893804
          e:c:w 4716.5894978
          e:n:w 5990.2256901
          c:n:w 5990.2375982
        b:e:c:n 2011.4871215
        b:e:c:w 2011.4871581
        b:e:n:w 2978.7104674
        b:c:n:w 2978.7147353
        e:c:n:w 52669.5615179
