########################################
# legofit: estimate population history #
#       version 2.3.4-4-g53f8760       #
########################################

# Program was compiled: Sep 21 2021 14:36:42
# Program was run: Fri Sep 24 22:45:28 2021

# cmd: legofit -1 -d 0 -t 32 --ptsPerDim 3 --stateOut b1boot13.state --tol 3e-6 -S 5000 abf2.lgo ../../boot/boot13.opf
# Stage nOptItr nSimReps
#     0    5000        0
# algorithm          : deterministic
# ignoring probs <=  : 0
# Branch length floor: 0
# DE strategy        : 2
#    F               : 0.3
#    CR              : 0.8
#    tolerance       : 3e-06
# nthreads           : 32
# lgo input file     : abf2.lgo
# site pat input file: ../../boot/boot13.opf
# free parameters    : 15
# points in DE swarm : 45
# output state file  : b1boot13.state
# Including singleton site patterns.
# cost function      : KL
Initial parameter values
Fixed:
      zero = 0
       one = 1
    Tbecnw = 75200
Free:
       pc1 = 0
       pc2 = 0
       pc3 = 0
       pc4 = 0
       pc5 = 0
       pc6 = 0
       pc7 = 0
       pc8 = 0
       pc9 = 0
      pc10 = 0
      pc11 = 0
      pc12 = 0
      pc13 = 0
      pc14 = 0
      pc15 = 0
Constrained:
   Tgbecnw = 113315
     Tecnw = 23625.6
       Tnw = 16196.9
       Tec = 17357.4
     twoNb = 591704
     twoNc = 145099
     twoNw = 2.49761e+06
    twoNec = 63901.3
    twoNnw = 43147.5
  twoNecnw = 81397.8
  twoNbecnw = 14713.9
  twoNgbecnw = 285232
         m = 0.123061
        m2 = 0.022883
        m6 = 1.60235e-06
        Tb = 20491.5
        Ta = 47845.8
        Tf = 8098.44
DiffEv reached_goal. cost=2.09765e-03 spread=2.63498e-06
Fitted parameter values
Free:
       pc1 = 3.95973
       pc2 = 3.58585
       pc3 = -1.95535
       pc4 = -1.99555
       pc5 = 0.267317
       pc6 = 1.15017
       pc7 = 1.76007
       pc8 = -1.43698
       pc9 = 0.791819
      pc10 = -0.709489
      pc11 = 0.265501
      pc12 = 0.00143675
      pc13 = 0.0230168
      pc14 = 0.00954934
      pc15 = 0.0475857
Constrained:
   Tgbecnw = 92065.4
     Tecnw = 22229
       Tnw = 18504.6
       Tec = 17113.3
     twoNb = 543839
     twoNc = 448804
     twoNw = 1.57413e+06
    twoNec = 52223.5
    twoNnw = 20750.4
  twoNecnw = 79401.7
  twoNbecnw = 6723.93
  twoNgbecnw = 314280
         m = 0.107959
        m2 = 0.0217054
        m6 = 2.00811e-06
        Tb = 19671.1
        Ta = 47435.6
        Tf = 9252.31
#       SitePat  BranchLen
              b 126496.8862547
              e 50436.5087614
              c 50436.4831455
              n 46604.3633191
              w 46604.3628723
            b:e 2342.6321830
            b:c 2342.6291687
            b:n 1776.1147693
            b:w 1776.1147354
            e:c 10570.8725950
            e:n 5241.9206067
            e:w 5241.9204895
            c:n 5241.9272620
            c:w 5241.9277089
            n:w 12765.7422329
          b:e:c 2069.6508338
          b:e:n 1105.4699459
          b:e:w 1105.4699089
          b:c:n 1105.4698154
          b:c:w 1105.4698493
          b:n:w 2042.2721151
          e:c:n 4719.6356292
          e:c:w 4719.6357464
          e:n:w 6000.2426401
          c:n:w 6000.2536651
        b:e:c:n 2044.0039146
        b:e:c:w 2044.0039517
        b:e:n:w 2994.5476149
        b:c:n:w 2994.5515355
        e:c:n:w 52708.7719991
