########################################
# legofit: estimate population history #
#       version 2.3.4-4-g53f8760       #
########################################

# Program was compiled: Sep 21 2021 14:36:42
# Program was run: Fri Sep 24 22:46:32 2021

# cmd: legofit -1 -d 0 -t 32 --ptsPerDim 3 --stateOut b1boot27.state --tol 3e-6 -S 5000 abf2.lgo ../../boot/boot27.opf
# Stage nOptItr nSimReps
#     0    5000        0
# algorithm          : deterministic
# ignoring probs <=  : 0
# Branch length floor: 0
# DE strategy        : 2
#    F               : 0.3
#    CR              : 0.8
#    tolerance       : 3e-06
# nthreads           : 32
# lgo input file     : abf2.lgo
# site pat input file: ../../boot/boot27.opf
# free parameters    : 15
# points in DE swarm : 45
# output state file  : b1boot27.state
# Including singleton site patterns.
# cost function      : KL
Initial parameter values
Fixed:
      zero = 0
       one = 1
    Tbecnw = 75200
Free:
       pc1 = 0
       pc2 = 0
       pc3 = 0
       pc4 = 0
       pc5 = 0
       pc6 = 0
       pc7 = 0
       pc8 = 0
       pc9 = 0
      pc10 = 0
      pc11 = 0
      pc12 = 0
      pc13 = 0
      pc14 = 0
      pc15 = 0
Constrained:
   Tgbecnw = 113315
     Tecnw = 23625.6
       Tnw = 16196.9
       Tec = 17357.4
     twoNb = 591704
     twoNc = 145099
     twoNw = 2.49761e+06
    twoNec = 63901.3
    twoNnw = 43147.5
  twoNecnw = 81397.8
  twoNbecnw = 14713.9
  twoNgbecnw = 285232
         m = 0.123061
        m2 = 0.022883
        m6 = 1.60235e-06
        Tb = 20491.5
        Ta = 47845.8
        Tf = 8098.44
DiffEv reached_goal. cost=2.09991e-03 spread=2.88588e-06
Fitted parameter values
Free:
       pc1 = 3.95285
       pc2 = 3.06997
       pc3 = -1.81335
       pc4 = -1.90857
       pc5 = 0.856365
       pc6 = 1.93745
       pc7 = 1.51897
       pc8 = -1.3088
       pc9 = 1.5211
      pc10 = -1.27639
      pc11 = 0.215075
      pc12 = 0.00958496
      pc13 = 0.0253071
      pc14 = -0.00898915
      pc15 = 0.0217346
Constrained:
   Tgbecnw = 92589.6
     Tecnw = 22235.6
       Tnw = 18401.3
       Tec = 16080.7
     twoNb = 465138
     twoNc = 520053
     twoNw = 2.07417e+06
    twoNec = 64112.9
    twoNnw = 21608.9
  twoNecnw = 79236.4
  twoNbecnw = 6949.73
  twoNgbecnw = 311157
         m = 0.109633
        m2 = 0.0221651
        m6 = 1.19331e-06
        Tb = 19158.1
        Ta = 47179.1
        Tf = 9200.66
#       SitePat  BranchLen
              b 126754.3465707
              e 50445.7907965
              c 50445.7757342
              n 46639.2389120
              w 46639.2387107
            b:e 2370.4819320
            b:c 2370.4801251
            b:n 1775.0638969
            b:w 1775.0638817
            e:c 10553.0175544
            e:n 5268.3720696
            e:w 5268.3720168
            c:n 5268.3760293
            c:w 5268.3762306
            n:w 12723.6369876
          b:e:c 2061.4370138
          b:e:n 1108.5344926
          b:e:w 1108.5344760
          b:c:n 1108.5344200
          b:c:w 1108.5344352
          b:n:w 2030.2678656
          e:c:n 4726.7097598
          e:c:w 4726.7098126
          e:n:w 6030.2965677
          c:n:w 6030.3030601
        b:e:c:n 2042.7368899
        b:e:c:w 2042.7369065
        b:e:n:w 3001.6572758
        b:c:n:w 3001.6595927
        e:c:n:w 52904.6824441
