########################################
# legofit: estimate population history #
#       version 2.3.4-4-g53f8760       #
########################################

# Program was compiled: Sep 21 2021 14:36:42
# Program was run: Fri Sep 24 22:47:30 2021

# cmd: legofit -1 -d 0 -t 32 --ptsPerDim 3 --stateOut b1boot40.state --tol 3e-6 -S 5000 abf2.lgo ../../boot/boot40.opf
# Stage nOptItr nSimReps
#     0    5000        0
# algorithm          : deterministic
# ignoring probs <=  : 0
# Branch length floor: 0
# DE strategy        : 2
#    F               : 0.3
#    CR              : 0.8
#    tolerance       : 3e-06
# nthreads           : 32
# lgo input file     : abf2.lgo
# site pat input file: ../../boot/boot40.opf
# free parameters    : 15
# points in DE swarm : 45
# output state file  : b1boot40.state
# Including singleton site patterns.
# cost function      : KL
Initial parameter values
Fixed:
      zero = 0
       one = 1
    Tbecnw = 75200
Free:
       pc1 = 0
       pc2 = 0
       pc3 = 0
       pc4 = 0
       pc5 = 0
       pc6 = 0
       pc7 = 0
       pc8 = 0
       pc9 = 0
      pc10 = 0
      pc11 = 0
      pc12 = 0
      pc13 = 0
      pc14 = 0
      pc15 = 0
Constrained:
   Tgbecnw = 113315
     Tecnw = 23625.6
       Tnw = 16196.9
       Tec = 17357.4
     twoNb = 591704
     twoNc = 145099
     twoNw = 2.49761e+06
    twoNec = 63901.3
    twoNnw = 43147.5
  twoNecnw = 81397.8
  twoNbecnw = 14713.9
  twoNgbecnw = 285232
         m = 0.123061
        m2 = 0.022883
        m6 = 1.60235e-06
        Tb = 20491.5
        Ta = 47845.8
        Tf = 8098.44
DiffEv reached_goal. cost=2.10207e-03 spread=2.75830e-06
Fitted parameter values
Free:
       pc1 = 3.99396
       pc2 = 2.75474
       pc3 = -1.60714
       pc4 = -1.7935
       pc5 = 1.25432
       pc6 = 0.372888
       pc7 = 1.84106
       pc8 = -1.29438
       pc9 = 1.5912
      pc10 = -0.576824
      pc11 = 0.205632
      pc12 = 0.0251163
      pc13 = 0.0295867
      pc14 = -0.0013162
      pc15 = 0.0514161
Constrained:
   Tgbecnw = 92701.5
     Tecnw = 22340.3
       Tnw = 18049.5
       Tec = 16850.7
     twoNb = 585501
     twoNc = 469017
     twoNw = 2.3762e+06
    twoNec = 55367.2
    twoNnw = 24422.1
  twoNecnw = 78169.8
  twoNbecnw = 6971.33
  twoNgbecnw = 313004
         m = 0.107651
        m2 = 0.0227842
        m6 = 2.33333e-06
        Tb = 19595.5
        Ta = 47397.7
        Tf = 9024.77
#       SitePat  BranchLen
              b 126487.2608204
              e 50320.4856632
              c 50320.4563551
              n 46567.9284609
              w 46567.9281223
            b:e 2327.6238697
            b:c 2327.6204358
            b:n 1768.9955116
            b:w 1768.9954862
            e:c 10554.9848331
            e:n 5241.4766485
            e:w 5241.4765602
            c:n 5241.4843757
            c:w 5241.4847142
            n:w 12672.2168312
          b:e:c 2045.3074139
          b:e:n 1098.1954060
          b:e:w 1098.1953783
          b:c:n 1098.1952735
          b:c:w 1098.1952988
          b:n:w 2021.5943673
          e:c:n 4744.8965787
          e:c:w 4744.8966670
          e:n:w 5995.5892714
          c:n:w 5995.6018010
        b:e:c:n 2029.5374469
        b:e:c:w 2029.5374745
        b:e:n:w 2996.4869522
        b:c:n:w 2996.4914956
        e:c:n:w 52723.5427012
