########################################
# legofit: estimate population history #
#       version 2.3.4-4-g53f8760       #
########################################

# Program was compiled: Sep 21 2021 14:36:42
# Program was run: Fri Sep 24 22:45:39 2021

# cmd: legofit -1 -d 0 -t 32 --ptsPerDim 3 --stateOut b1boot16.state --tol 3e-6 -S 5000 abf2.lgo ../../boot/boot16.opf
# Stage nOptItr nSimReps
#     0    5000        0
# algorithm          : deterministic
# ignoring probs <=  : 0
# Branch length floor: 0
# DE strategy        : 2
#    F               : 0.3
#    CR              : 0.8
#    tolerance       : 3e-06
# nthreads           : 32
# lgo input file     : abf2.lgo
# site pat input file: ../../boot/boot16.opf
# free parameters    : 15
# points in DE swarm : 45
# output state file  : b1boot16.state
# Including singleton site patterns.
# cost function      : KL
Initial parameter values
Fixed:
      zero = 0
       one = 1
    Tbecnw = 75200
Free:
       pc1 = 0
       pc2 = 0
       pc3 = 0
       pc4 = 0
       pc5 = 0
       pc6 = 0
       pc7 = 0
       pc8 = 0
       pc9 = 0
      pc10 = 0
      pc11 = 0
      pc12 = 0
      pc13 = 0
      pc14 = 0
      pc15 = 0
Constrained:
   Tgbecnw = 113315
     Tecnw = 23625.6
       Tnw = 16196.9
       Tec = 17357.4
     twoNb = 591704
     twoNc = 145099
     twoNw = 2.49761e+06
    twoNec = 63901.3
    twoNnw = 43147.5
  twoNecnw = 81397.8
  twoNbecnw = 14713.9
  twoNgbecnw = 285232
         m = 0.123061
        m2 = 0.022883
        m6 = 1.60235e-06
        Tb = 20491.5
        Ta = 47845.8
        Tf = 8098.44
DiffEv reached_goal. cost=2.05971e-03 spread=2.93812e-06
Fitted parameter values
Free:
       pc1 = 3.89591
       pc2 = 3.31958
       pc3 = -0.89491
       pc4 = -1.91994
       pc5 = 1.57424
       pc6 = 1.91355
       pc7 = 1.32909
       pc8 = -1.72627
       pc9 = 1.37738
      pc10 = -0.297795
      pc11 = 0.183377
      pc12 = -0.0139274
      pc13 = 0.0446202
      pc14 = 0.0334956
      pc15 = 0.0444756
Constrained:
   Tgbecnw = 92632.2
     Tecnw = 22054.2
       Tnw = 17674.6
       Tec = 16881.2
     twoNb = 543152
     twoNc = 589104
     twoNw = 2.71004e+06
    twoNec = 52891.1
    twoNnw = 24742.8
  twoNecnw = 80656.6
  twoNbecnw = 6986.27
  twoNgbecnw = 305006
         m = 0.112943
        m2 = 0.0224574
        m6 = 1.16471e-06
        Tb = 19467.7
        Ta = 47333.9
        Tf = 8837.28
#       SitePat  BranchLen
              b 126849.8642996
              e 50564.6778835
              c 50564.6630105
              n 46687.2468704
              w 46687.2467237
            b:e 2345.3412435
            b:c 2345.3395091
            b:n 1772.0228113
            b:w 1772.0228004
            e:c 10600.9483678
            e:n 5275.3481063
            e:w 5275.3480684
            c:n 5275.3520757
            c:w 5275.3522225
            n:w 12835.0513995
          b:e:c 2056.9809247
          b:e:n 1104.1757480
          b:e:w 1104.1757361
          b:c:n 1104.1756821
          b:c:w 1104.1756930
          b:n:w 2030.8207846
          e:c:n 4722.1954936
          e:c:w 4722.1955315
          e:n:w 5996.8596202
          c:n:w 5996.8659403
        b:e:c:n 2040.6823010
        b:e:c:w 2040.6823129
        b:e:n:w 3008.8125087
        b:c:n:w 3008.8147815
        e:c:n:w 52829.6635438
