########################################
# legofit: estimate population history #
#       version 2.3.4-4-g53f8760       #
########################################

# Program was compiled: Sep 21 2021 14:36:42
# Program was run: Fri Sep 24 22:44:41 2021

# cmd: legofit -1 -d 0 -t 32 --ptsPerDim 3 --stateOut b1boot5.state --tol 3e-6 -S 5000 abf2.lgo ../../boot/boot5.opf
# Stage nOptItr nSimReps
#     0    5000        0
# algorithm          : deterministic
# ignoring probs <=  : 0
# Branch length floor: 0
# DE strategy        : 2
#    F               : 0.3
#    CR              : 0.8
#    tolerance       : 3e-06
# nthreads           : 32
# lgo input file     : abf2.lgo
# site pat input file: ../../boot/boot5.opf
# free parameters    : 15
# points in DE swarm : 45
# output state file  : b1boot5.state
# Including singleton site patterns.
# cost function      : KL
Initial parameter values
Fixed:
      zero = 0
       one = 1
    Tbecnw = 75200
Free:
       pc1 = 0
       pc2 = 0
       pc3 = 0
       pc4 = 0
       pc5 = 0
       pc6 = 0
       pc7 = 0
       pc8 = 0
       pc9 = 0
      pc10 = 0
      pc11 = 0
      pc12 = 0
      pc13 = 0
      pc14 = 0
      pc15 = 0
Constrained:
   Tgbecnw = 113315
     Tecnw = 23625.6
       Tnw = 16196.9
       Tec = 17357.4
     twoNb = 591704
     twoNc = 145099
     twoNw = 2.49761e+06
    twoNec = 63901.3
    twoNnw = 43147.5
  twoNecnw = 81397.8
  twoNbecnw = 14713.9
  twoNgbecnw = 285232
         m = 0.123061
        m2 = 0.022883
        m6 = 1.60235e-06
        Tb = 20491.5
        Ta = 47845.8
        Tf = 8098.44
DiffEv reached_goal. cost=2.08176e-03 spread=2.80255e-06
Fitted parameter values
Free:
       pc1 = 3.99154
       pc2 = 2.83746
       pc3 = -1.46443
       pc4 = -1.98333
       pc5 = 1.78862
       pc6 = 1.46182
       pc7 = 1.76594
       pc8 = -1.44332
       pc9 = 1.34544
      pc10 = -0.868547
      pc11 = 0.117948
      pc12 = -0.0113684
      pc13 = 0.0326876
      pc14 = 0.0264568
      pc15 = 0.0399335
Constrained:
   Tgbecnw = 92164
     Tecnw = 22251.4
       Tnw = 17769.1
       Tec = 16446
     twoNb = 532707
     twoNc = 562106
     twoNw = 2.99386e+06
    twoNec = 59440.8
    twoNnw = 25098.5
  twoNecnw = 78766.6
  twoNbecnw = 6795.94
  twoNgbecnw = 309292
         m = 0.109463
        m2 = 0.0224016
        m6 = 1.5481e-06
        Tb = 19348.7
        Ta = 47274.4
        Tf = 8884.54
#       SitePat  BranchLen
              b 126438.4385983
              e 50350.9675971
              c 50350.9479054
              n 46479.4289008
              w 46479.4287247
            b:e 2341.6836889
            b:c 2341.6813759
            b:n 1763.9356318
            b:w 1763.9356186
            e:c 10560.3901663
            e:n 5239.7313595
            e:w 5239.7313138
            c:n 5239.7365991
            c:w 5239.7367752
            n:w 12780.3443273
          b:e:c 2052.1663151
          b:e:n 1098.2374607
          b:e:w 1098.2374464
          b:c:n 1098.2373751
          b:c:w 1098.2373882
          b:n:w 2024.7250933
          e:c:n 4719.9488138
          e:c:w 4719.9488595
          e:n:w 6012.0798590
          c:n:w 6012.0882934
        b:e:c:n 2027.3094415
        b:e:c:w 2027.3094559
        b:e:n:w 2991.9358685
        b:c:n:w 2991.9388818
        e:c:n:w 52678.3322312
