########################################
# legofit: estimate population history #
#       version 2.3.4-4-g53f8760       #
########################################

# Program was compiled: Sep 21 2021 14:36:42
# Program was run: Fri Sep 24 22:46:19 2021

# cmd: legofit -1 -d 0 -t 32 --ptsPerDim 3 --stateOut b1boot25.state --tol 3e-6 -S 5000 abf2.lgo ../../boot/boot25.opf
# Stage nOptItr nSimReps
#     0    5000        0
# algorithm          : deterministic
# ignoring probs <=  : 0
# Branch length floor: 0
# DE strategy        : 2
#    F               : 0.3
#    CR              : 0.8
#    tolerance       : 3e-06
# nthreads           : 32
# lgo input file     : abf2.lgo
# site pat input file: ../../boot/boot25.opf
# free parameters    : 15
# points in DE swarm : 45
# output state file  : b1boot25.state
# Including singleton site patterns.
# cost function      : KL
Initial parameter values
Fixed:
      zero = 0
       one = 1
    Tbecnw = 75200
Free:
       pc1 = 0
       pc2 = 0
       pc3 = 0
       pc4 = 0
       pc5 = 0
       pc6 = 0
       pc7 = 0
       pc8 = 0
       pc9 = 0
      pc10 = 0
      pc11 = 0
      pc12 = 0
      pc13 = 0
      pc14 = 0
      pc15 = 0
Constrained:
   Tgbecnw = 113315
     Tecnw = 23625.6
       Tnw = 16196.9
       Tec = 17357.4
     twoNb = 591704
     twoNc = 145099
     twoNw = 2.49761e+06
    twoNec = 63901.3
    twoNnw = 43147.5
  twoNecnw = 81397.8
  twoNbecnw = 14713.9
  twoNgbecnw = 285232
         m = 0.123061
        m2 = 0.022883
        m6 = 1.60235e-06
        Tb = 20491.5
        Ta = 47845.8
        Tf = 8098.44
DiffEv reached_goal. cost=2.10358e-03 spread=2.96981e-06
Fitted parameter values
Free:
       pc1 = 3.99288
       pc2 = 3.65138
       pc3 = -1.32529
       pc4 = -1.89713
       pc5 = 1.61553
       pc6 = 0.946603
       pc7 = 1.48732
       pc8 = -1.65622
       pc9 = 0.956911
      pc10 = -0.185495
      pc11 = 0.0621375
      pc12 = -0.0312677
      pc13 = 0.0197767
      pc14 = 0.0262638
      pc15 = 0.0311771
Constrained:
   Tgbecnw = 92784.8
     Tecnw = 22065.3
       Tnw = 17945.9
       Tec = 17526.9
     twoNb = 590020
     twoNc = 542231
     twoNw = 2.8893e+06
    twoNec = 46175.4
    twoNnw = 23114.5
  twoNecnw = 79862.8
  twoNbecnw = 6985.66
  twoNgbecnw = 310401
         m = 0.108507
        m2 = 0.0222707
        m6 = 2.28846e-06
        Tb = 19796.1
        Ta = 47498
        Tf = 8972.96
#       SitePat  BranchLen
              b 126201.7394798
              e 50427.0563760
              c 50427.0272548
              n 46540.1882950
              w 46540.1880230
            b:e 2314.3859854
            b:c 2314.3826239
            b:n 1758.1126253
            b:w 1758.1126050
            e:c 10557.0698522
            e:n 5252.0473711
            e:w 5252.0473003
            c:n 5252.0551143
            c:w 5252.0553864
            n:w 12797.1651128
          b:e:c 2042.8381450
          b:e:n 1093.5792205
          b:e:w 1093.5791984
          b:c:n 1093.5790943
          b:c:w 1093.5791145
          b:n:w 2018.3906555
          e:c:n 4714.4989755
          e:c:w 4714.4990462
          e:n:w 5983.4825097
          c:n:w 5983.4949371
        b:e:c:n 2021.2318119
        b:e:c:w 2021.2318340
        b:e:n:w 2979.7177221
        b:c:n:w 2979.7221582
        e:c:n:w 52316.9171582
