########################################
# legofit: estimate population history #
#       version 2.3.4-4-g53f8760       #
########################################

# Program was compiled: Sep 21 2021 14:36:42
# Program was run: Fri Sep 24 22:45:30 2021

# cmd: legofit -1 -d 0 -t 32 --ptsPerDim 3 --stateOut b1boot14.state --tol 3e-6 -S 5000 abf2.lgo ../../boot/boot14.opf
# Stage nOptItr nSimReps
#     0    5000        0
# algorithm          : deterministic
# ignoring probs <=  : 0
# Branch length floor: 0
# DE strategy        : 2
#    F               : 0.3
#    CR              : 0.8
#    tolerance       : 3e-06
# nthreads           : 32
# lgo input file     : abf2.lgo
# site pat input file: ../../boot/boot14.opf
# free parameters    : 15
# points in DE swarm : 45
# output state file  : b1boot14.state
# Including singleton site patterns.
# cost function      : KL
Initial parameter values
Fixed:
      zero = 0
       one = 1
    Tbecnw = 75200
Free:
       pc1 = 0
       pc2 = 0
       pc3 = 0
       pc4 = 0
       pc5 = 0
       pc6 = 0
       pc7 = 0
       pc8 = 0
       pc9 = 0
      pc10 = 0
      pc11 = 0
      pc12 = 0
      pc13 = 0
      pc14 = 0
      pc15 = 0
Constrained:
   Tgbecnw = 113315
     Tecnw = 23625.6
       Tnw = 16196.9
       Tec = 17357.4
     twoNb = 591704
     twoNc = 145099
     twoNw = 2.49761e+06
    twoNec = 63901.3
    twoNnw = 43147.5
  twoNecnw = 81397.8
  twoNbecnw = 14713.9
  twoNgbecnw = 285232
         m = 0.123061
        m2 = 0.022883
        m6 = 1.60235e-06
        Tb = 20491.5
        Ta = 47845.8
        Tf = 8098.44
DiffEv reached_goal. cost=2.07855e-03 spread=2.55092e-06
Fitted parameter values
Free:
       pc1 = 3.98104
       pc2 = 3.01251
       pc3 = -1.69596
       pc4 = -1.96727
       pc5 = 0.990067
       pc6 = 1.38727
       pc7 = 1.27057
       pc8 = -1.58002
       pc9 = 1.25459
      pc10 = -0.811279
      pc11 = 0.190477
      pc12 = -0.00384591
      pc13 = 0.016264
      pc14 = 0.0265493
      pc15 = 0.0277291
Constrained:
   Tgbecnw = 92753.8
     Tecnw = 22181.3
       Tnw = 17910.3
       Tec = 16507.1
     twoNb = 505690
     twoNc = 499958
     twoNw = 2.20404e+06
    twoNec = 58548.3
    twoNnw = 23983.7
  twoNecnw = 79628
  twoNbecnw = 6993.09
  twoNgbecnw = 313009
         m = 0.108725
        m2 = 0.0222598
        m6 = 1.95728e-06
        Tb = 19344.2
        Ta = 47272.1
        Tf = 8955.17
#       SitePat  BranchLen
              b 126696.5464286
              e 50488.4212396
              c 50488.3962717
              n 46612.6900918
              w 46612.6897866
            b:e 2362.9868933
            b:c 2362.9839419
            b:n 1778.6633344
            b:w 1778.6633115
            e:c 10578.2011887
            e:n 5267.1002866
            e:w 5267.1002073
            c:n 5267.1068888
            c:w 5267.1071940
            n:w 12806.2038195
          b:e:c 2068.1123391
          b:e:n 1109.3305654
          b:e:w 1109.3305404
          b:c:n 1109.3304487
          b:c:w 1109.3304716
          b:n:w 2039.0754792
          e:c:n 4727.9686417
          e:c:w 4727.9687210
          e:n:w 6023.7540845
          c:n:w 6023.7647747
        b:e:c:n 2047.0733247
        b:e:c:w 2047.0733497
        b:e:n:w 3012.3560700
        b:c:n:w 3012.3598959
        e:c:n:w 52806.4391742
