########################################
# legofit: estimate population history #
#       version 2.3.4-4-g53f8760       #
########################################

# Program was compiled: Sep 21 2021 14:36:42
# Program was run: Fri Sep 24 22:45:01 2021

# cmd: legofit -1 -d 0 -t 32 --ptsPerDim 3 --stateOut b1boot7.state --tol 3e-6 -S 5000 abf2.lgo ../../boot/boot7.opf
# Stage nOptItr nSimReps
#     0    5000        0
# algorithm          : deterministic
# ignoring probs <=  : 0
# Branch length floor: 0
# DE strategy        : 2
#    F               : 0.3
#    CR              : 0.8
#    tolerance       : 3e-06
# nthreads           : 32
# lgo input file     : abf2.lgo
# site pat input file: ../../boot/boot7.opf
# free parameters    : 15
# points in DE swarm : 45
# output state file  : b1boot7.state
# Including singleton site patterns.
# cost function      : KL
Initial parameter values
Fixed:
      zero = 0
       one = 1
    Tbecnw = 75200
Free:
       pc1 = 0
       pc2 = 0
       pc3 = 0
       pc4 = 0
       pc5 = 0
       pc6 = 0
       pc7 = 0
       pc8 = 0
       pc9 = 0
      pc10 = 0
      pc11 = 0
      pc12 = 0
      pc13 = 0
      pc14 = 0
      pc15 = 0
Constrained:
   Tgbecnw = 113315
     Tecnw = 23625.6
       Tnw = 16196.9
       Tec = 17357.4
     twoNb = 591704
     twoNc = 145099
     twoNw = 2.49761e+06
    twoNec = 63901.3
    twoNnw = 43147.5
  twoNecnw = 81397.8
  twoNbecnw = 14713.9
  twoNgbecnw = 285232
         m = 0.123061
        m2 = 0.022883
        m6 = 1.60235e-06
        Tb = 20491.5
        Ta = 47845.8
        Tf = 8098.44
DiffEv reached_goal. cost=2.10280e-03 spread=2.59415e-06
Fitted parameter values
Free:
       pc1 = 3.94234
       pc2 = 3.23008
       pc3 = -1.68646
       pc4 = -1.95894
       pc5 = 1.52312
       pc6 = 1.87947
       pc7 = 1.52685
       pc8 = -1.94716
       pc9 = 1.32864
      pc10 = -0.934929
      pc11 = 0.0586784
      pc12 = 0.0613797
      pc13 = -0.00409148
      pc14 = -0.0163476
      pc15 = 0.0303486
Constrained:
   Tgbecnw = 92739.3
     Tecnw = 22089.6
       Tnw = 17933.1
       Tec = 16224.5
     twoNb = 508141
     twoNc = 607499
     twoNw = 2.48804e+06
    twoNec = 60669.4
    twoNnw = 23817.2
  twoNecnw = 79555.3
  twoNbecnw = 6977.52
  twoNgbecnw = 312277
         m = 0.109388
        m2 = 0.0221146
        m6 = 1.70224e-06
        Tb = 19157
        Ta = 47178.5
        Tf = 8966.55
#       SitePat  BranchLen
              b 126754.5057128
              e 50358.4249558
              c 50358.4036418
              n 46612.7672821
              w 46612.7670466
            b:e 2343.6228731
            b:c 2343.6203615
            b:n 1772.3438282
            b:w 1772.3438106
            e:c 10560.0650143
            e:n 5285.4111854
            e:w 5285.4111240
            c:n 5285.4168478
            c:w 5285.4170832
            n:w 12694.1952136
          b:e:c 2044.9807854
          b:e:n 1105.3091301
          b:e:w 1105.3091108
          b:c:n 1105.3090328
          b:c:w 1105.3090504
          b:n:w 2017.4054358
          e:c:n 4740.4457996
          e:c:w 4740.4458610
          e:n:w 6000.8916972
          c:n:w 6000.9007919
        b:e:c:n 2038.4570846
        b:e:c:w 2038.4571038
        b:e:n:w 2988.3753843
        b:c:n:w 2988.3786511
        e:c:n:w 52888.1204792
