########################################
# legofit: estimate population history #
#       version 2.3.4-4-g53f8760       #
########################################

# Program was compiled: Sep 21 2021 14:36:42
# Program was run: Fri Sep 24 22:44:29 2021

# cmd: legofit -1 -d 0 -t 32 --ptsPerDim 3 --stateOut b1boot2.state --tol 3e-6 -S 5000 abf2.lgo ../../boot/boot2.opf
# Stage nOptItr nSimReps
#     0    5000        0
# algorithm          : deterministic
# ignoring probs <=  : 0
# Branch length floor: 0
# DE strategy        : 2
#    F               : 0.3
#    CR              : 0.8
#    tolerance       : 3e-06
# nthreads           : 32
# lgo input file     : abf2.lgo
# site pat input file: ../../boot/boot2.opf
# free parameters    : 15
# points in DE swarm : 45
# output state file  : b1boot2.state
# Including singleton site patterns.
# cost function      : KL
Initial parameter values
Fixed:
      zero = 0
       one = 1
    Tbecnw = 75200
Free:
       pc1 = 0
       pc2 = 0
       pc3 = 0
       pc4 = 0
       pc5 = 0
       pc6 = 0
       pc7 = 0
       pc8 = 0
       pc9 = 0
      pc10 = 0
      pc11 = 0
      pc12 = 0
      pc13 = 0
      pc14 = 0
      pc15 = 0
Constrained:
   Tgbecnw = 113315
     Tecnw = 23625.6
       Tnw = 16196.9
       Tec = 17357.4
     twoNb = 591704
     twoNc = 145099
     twoNw = 2.49761e+06
    twoNec = 63901.3
    twoNnw = 43147.5
  twoNecnw = 81397.8
  twoNbecnw = 14713.9
  twoNgbecnw = 285232
         m = 0.123061
        m2 = 0.022883
        m6 = 1.60235e-06
        Tb = 20491.5
        Ta = 47845.8
        Tf = 8098.44
DiffEv reached_goal. cost=2.09874e-03 spread=2.62114e-06
Fitted parameter values
Free:
       pc1 = 3.93544
       pc2 = 2.94541
       pc3 = -1.47423
       pc4 = -1.94397
       pc5 = 1.05316
       pc6 = 1.59961
       pc7 = 1.80912
       pc8 = -1.8532
       pc9 = 1.49462
      pc10 = -0.768262
      pc11 = 0.28626
      pc12 = -0.0671195
      pc13 = 0.0465275
      pc14 = 0.0216049
      pc15 = 0.0487564
Constrained:
   Tgbecnw = 91827.1
     Tecnw = 22248.9
       Tnw = 17863
       Tec = 16390.1
     twoNb = 536707
     twoNc = 561451
     twoNw = 1.91268e+06
    twoNec = 60232.9
    twoNnw = 24741.9
  twoNecnw = 79365.2
  twoNbecnw = 6666.61
  twoNgbecnw = 308589
         m = 0.109772
        m2 = 0.0223227
        m6 = 1.51922e-06
        Tb = 19319.5
        Ta = 47259.7
        Tf = 8931.5
#       SitePat  BranchLen
              b 126283.1698539
              e 50438.6545471
              c 50438.6352294
              n 46606.4645044
              w 46606.4642322
            b:e 2341.1943925
            b:c 2341.1921285
            b:n 1768.5078270
            b:w 1768.5078067
            e:c 10552.5739778
            e:n 5248.3257156
            e:w 5248.3256451
            c:n 5248.3308104
            c:w 5248.3310826
            n:w 12748.5068874
          b:e:c 2053.1035737
          b:e:n 1102.5842964
          b:e:w 1102.5842742
          b:c:n 1102.5842038
          b:c:w 1102.5842241
          b:n:w 2025.6519377
          e:c:n 4711.8445266
          e:c:w 4711.8445971
          e:n:w 5989.0381064
          c:n:w 5989.0463465
        b:e:c:n 2035.7925629
        b:e:c:w 2035.7925852
        b:e:n:w 2994.9783836
        b:c:n:w 2994.9813357
        e:c:n:w 52486.5724394
