########################################
# legofit: estimate population history #
#       version 2.3.4-4-g53f8760       #
########################################

# Program was compiled: Sep 21 2021 14:36:42
# Program was run: Fri Sep 24 22:46:51 2021

# cmd: legofit -1 -d 0 -t 32 --ptsPerDim 3 --stateOut b1boot32.state --tol 3e-6 -S 5000 abf2.lgo ../../boot/boot32.opf
# Stage nOptItr nSimReps
#     0    5000        0
# algorithm          : deterministic
# ignoring probs <=  : 0
# Branch length floor: 0
# DE strategy        : 2
#    F               : 0.3
#    CR              : 0.8
#    tolerance       : 3e-06
# nthreads           : 32
# lgo input file     : abf2.lgo
# site pat input file: ../../boot/boot32.opf
# free parameters    : 15
# points in DE swarm : 45
# output state file  : b1boot32.state
# Including singleton site patterns.
# cost function      : KL
Initial parameter values
Fixed:
      zero = 0
       one = 1
    Tbecnw = 75200
Free:
       pc1 = 0
       pc2 = 0
       pc3 = 0
       pc4 = 0
       pc5 = 0
       pc6 = 0
       pc7 = 0
       pc8 = 0
       pc9 = 0
      pc10 = 0
      pc11 = 0
      pc12 = 0
      pc13 = 0
      pc14 = 0
      pc15 = 0
Constrained:
   Tgbecnw = 113315
     Tecnw = 23625.6
       Tnw = 16196.9
       Tec = 17357.4
     twoNb = 591704
     twoNc = 145099
     twoNw = 2.49761e+06
    twoNec = 63901.3
    twoNnw = 43147.5
  twoNecnw = 81397.8
  twoNbecnw = 14713.9
  twoNgbecnw = 285232
         m = 0.123061
        m2 = 0.022883
        m6 = 1.60235e-06
        Tb = 20491.5
        Ta = 47845.8
        Tf = 8098.44
DiffEv reached_goal. cost=2.13897e-03 spread=2.77252e-06
Fitted parameter values
Free:
       pc1 = 3.94001
       pc2 = 2.94709
       pc3 = -1.8906
       pc4 = -1.99166
       pc5 = 1.41964
       pc6 = 1.85259
       pc7 = 1.75077
       pc8 = -0.92774
       pc9 = 0.109333
      pc10 = -0.704469
      pc11 = 0.135783
      pc12 = 0.0631098
      pc13 = 0.0045283
      pc14 = 0.0186174
      pc15 = 0.0105351
Constrained:
   Tgbecnw = 92943
     Tecnw = 22304.2
       Tnw = 17699.8
       Tec = 16981.3
     twoNb = 519114
     twoNc = 478466
     twoNw = 3.26068e+06
    twoNec = 55323.9
    twoNnw = 25753
  twoNecnw = 79131.4
  twoNbecnw = 7000.22
  twoNgbecnw = 318902
         m = 0.107089
        m2 = 0.0214514
        m6 = 1.01276e-06
        Tb = 19642.7
        Ta = 47421.4
        Tf = 8849.91
#       SitePat  BranchLen
              b 126854.3174081
              e 50480.3600325
              c 50480.3471532
              n 46562.2613408
              w 46562.2612350
            b:e 2337.1686364
            b:c 2337.1671342
            b:n 1766.9114231
            b:w 1766.9114152
            e:c 10515.7085961
            e:n 5249.7265091
            e:w 5249.7264817
            c:n 5249.7299540
            c:w 5249.7300598
            n:w 12793.0476293
          b:e:c 2053.2677281
          b:e:n 1101.9022523
          b:e:w 1101.9022437
          b:c:n 1101.9021970
          b:c:w 1101.9022049
          b:n:w 2025.1932865
          e:c:n 4712.8326031
          e:c:w 4712.8326305
          e:n:w 6003.0269120
          c:n:w 6003.0324133
        b:e:c:n 2031.3953108
        b:e:c:w 2031.3953194
        b:e:n:w 2980.2817105
        b:c:n:w 2980.2836618
        e:c:n:w 53010.3751833
