########################################
# legofit: estimate population history #
#       version 2.3.4-4-g53f8760       #
########################################

# Program was compiled: Sep 21 2021 14:36:42
# Program was run: Fri Sep 24 22:45:11 2021

# cmd: legofit -1 -d 0 -t 32 --ptsPerDim 3 --stateOut b1boot11.state --tol 3e-6 -S 5000 abf2.lgo ../../boot/boot11.opf
# Stage nOptItr nSimReps
#     0    5000        0
# algorithm          : deterministic
# ignoring probs <=  : 0
# Branch length floor: 0
# DE strategy        : 2
#    F               : 0.3
#    CR              : 0.8
#    tolerance       : 3e-06
# nthreads           : 32
# lgo input file     : abf2.lgo
# site pat input file: ../../boot/boot11.opf
# free parameters    : 15
# points in DE swarm : 45
# output state file  : b1boot11.state
# Including singleton site patterns.
# cost function      : KL
Initial parameter values
Fixed:
      zero = 0
       one = 1
    Tbecnw = 75200
Free:
       pc1 = 0
       pc2 = 0
       pc3 = 0
       pc4 = 0
       pc5 = 0
       pc6 = 0
       pc7 = 0
       pc8 = 0
       pc9 = 0
      pc10 = 0
      pc11 = 0
      pc12 = 0
      pc13 = 0
      pc14 = 0
      pc15 = 0
Constrained:
   Tgbecnw = 113315
     Tecnw = 23625.6
       Tnw = 16196.9
       Tec = 17357.4
     twoNb = 591704
     twoNc = 145099
     twoNw = 2.49761e+06
    twoNec = 63901.3
    twoNnw = 43147.5
  twoNecnw = 81397.8
  twoNbecnw = 14713.9
  twoNgbecnw = 285232
         m = 0.123061
        m2 = 0.022883
        m6 = 1.60235e-06
        Tb = 20491.5
        Ta = 47845.8
        Tf = 8098.44
DiffEv reached_goal. cost=2.13199e-03 spread=2.48460e-06
Fitted parameter values
Free:
       pc1 = 3.99979
       pc2 = 1.7967
       pc3 = -1.3764
       pc4 = -1.91966
       pc5 = 1.36328
       pc6 = 1.68774
       pc7 = 1.32167
       pc8 = -1.75905
       pc9 = 1.5195
      pc10 = -0.884382
      pc11 = 0.144011
      pc12 = -0.0492697
      pc13 = 0.0161555
      pc14 = 0.0152869
      pc15 = 0.0284815
Constrained:
   Tgbecnw = 92971
     Tecnw = 22307.5
       Tnw = 16859.8
       Tec = 15823.8
     twoNb = 484804
     twoNc = 529681
     twoNw = 2.33843e+06
    twoNec = 67021.1
    twoNnw = 31343.8
  twoNecnw = 79090.6
  twoNbecnw = 7103.11
  twoNgbecnw = 310020
         m = 0.109144
        m2 = 0.0226747
        m6 = 1.40259e-06
        Tb = 19065.6
        Ta = 47132.8
        Tf = 8429.89
#       SitePat  BranchLen
              b 126568.8804555
              e 50466.0589741
              c 50466.0412094
              n 46656.4402666
              w 46656.4400683
            b:e 2366.9516774
            b:c 2366.9495842
            b:n 1782.2874394
            b:w 1782.2874248
            e:c 10563.3612390
            e:n 5281.6989612
            e:w 5281.6989106
            c:n 5281.7037257
            c:w 5281.7039240
            n:w 12761.7127307
          b:e:c 2055.4897656
          b:e:n 1111.8566094
          b:e:w 1111.8565934
          b:c:n 1111.8565284
          b:c:w 1111.8565430
          b:n:w 2026.3976290
          e:c:n 4746.0570776
          e:c:w 4746.0571282
          e:n:w 6012.2163149
          c:n:w 6012.2238178
        b:e:c:n 2049.8292233
        b:e:c:w 2049.8292392
        b:e:n:w 3008.6789413
        b:c:n:w 3008.6816498
        e:c:n:w 52662.0488858
