########################################
# legofit: estimate population history #
#       version 2.3.4-4-g53f8760       #
########################################

# Program was compiled: Sep 21 2021 14:36:42
# Program was run: Fri Sep 24 22:44:45 2021

# cmd: legofit -1 -d 0 -t 32 --ptsPerDim 3 --stateOut b1boot6.state --tol 3e-6 -S 5000 abf2.lgo ../../boot/boot6.opf
# Stage nOptItr nSimReps
#     0    5000        0
# algorithm          : deterministic
# ignoring probs <=  : 0
# Branch length floor: 0
# DE strategy        : 2
#    F               : 0.3
#    CR              : 0.8
#    tolerance       : 3e-06
# nthreads           : 32
# lgo input file     : abf2.lgo
# site pat input file: ../../boot/boot6.opf
# free parameters    : 15
# points in DE swarm : 45
# output state file  : b1boot6.state
# Including singleton site patterns.
# cost function      : KL
Initial parameter values
Fixed:
      zero = 0
       one = 1
    Tbecnw = 75200
Free:
       pc1 = 0
       pc2 = 0
       pc3 = 0
       pc4 = 0
       pc5 = 0
       pc6 = 0
       pc7 = 0
       pc8 = 0
       pc9 = 0
      pc10 = 0
      pc11 = 0
      pc12 = 0
      pc13 = 0
      pc14 = 0
      pc15 = 0
Constrained:
   Tgbecnw = 113315
     Tecnw = 23625.6
       Tnw = 16196.9
       Tec = 17357.4
     twoNb = 591704
     twoNc = 145099
     twoNw = 2.49761e+06
    twoNec = 63901.3
    twoNnw = 43147.5
  twoNecnw = 81397.8
  twoNbecnw = 14713.9
  twoNgbecnw = 285232
         m = 0.123061
        m2 = 0.022883
        m6 = 1.60235e-06
        Tb = 20491.5
        Ta = 47845.8
        Tf = 8098.44
DiffEv reached_goal. cost=2.07628e-03 spread=2.18266e-06
Fitted parameter values
Free:
       pc1 = 3.95193
       pc2 = 1.9293
       pc3 = -0.982096
       pc4 = -1.96991
       pc5 = 1.75137
       pc6 = 1.47792
       pc7 = 1.28489
       pc8 = -0.954541
       pc9 = 1.16725
      pc10 = -0.315003
      pc11 = 0.147308
      pc12 = -0.0301985
      pc13 = 0.0385189
      pc14 = 0.019228
      pc15 = 0.0653046
Constrained:
   Tgbecnw = 93185.3
     Tecnw = 22309.9
       Tnw = 16858.1
       Tec = 16531.8
     twoNb = 531097
     twoNc = 464351
     twoNw = 3.36004e+06
    twoNec = 58151.1
    twoNnw = 31343.1
  twoNecnw = 79363.1
  twoNbecnw = 7173.12
  twoNgbecnw = 308196
         m = 0.110641
        m2 = 0.0227555
        m6 = 9.29403e-07
        Tb = 19420.9
        Ta = 47310.4
        Tf = 8429.07
#       SitePat  BranchLen
              b 126747.1681254
              e 50478.5211932
              c 50478.5094245
              n 46702.3022211
              w 46702.3021295
            b:e 2338.1154083
            b:c 2338.1140409
            b:n 1773.3382022
            b:w 1773.3381955
            e:c 10604.8912058
            e:n 5262.6859863
            e:w 5262.6859630
            c:n 5262.6891654
            c:w 5262.6892570
            n:w 12779.0277552
          b:e:c 2046.2548962
          b:e:n 1101.4367832
          b:e:w 1101.4367759
          b:c:n 1101.4367336
          b:c:w 1101.4367403
          b:n:w 2021.3219514
          e:c:n 4744.9206810
          e:c:w 4744.9207043
          e:n:w 5978.6000843
          c:n:w 5978.6050374
        b:e:c:n 2037.9803595
        b:e:c:w 2037.9803668
        b:e:n:w 2996.0839215
        b:c:n:w 2996.0857165
        e:c:n:w 52775.0141335
