########################################
# legofit: estimate population history #
#       version 2.3.4-4-g53f8760       #
########################################

# Program was compiled: Sep 21 2021 14:36:42
# Program was run: Fri Sep 24 22:46:07 2021

# cmd: legofit -1 -d 0 -t 32 --ptsPerDim 3 --stateOut b1boot22.state --tol 3e-6 -S 5000 abf2.lgo ../../boot/boot22.opf
# Stage nOptItr nSimReps
#     0    5000        0
# algorithm          : deterministic
# ignoring probs <=  : 0
# Branch length floor: 0
# DE strategy        : 2
#    F               : 0.3
#    CR              : 0.8
#    tolerance       : 3e-06
# nthreads           : 32
# lgo input file     : abf2.lgo
# site pat input file: ../../boot/boot22.opf
# free parameters    : 15
# points in DE swarm : 45
# output state file  : b1boot22.state
# Including singleton site patterns.
# cost function      : KL
Initial parameter values
Fixed:
      zero = 0
       one = 1
    Tbecnw = 75200
Free:
       pc1 = 0
       pc2 = 0
       pc3 = 0
       pc4 = 0
       pc5 = 0
       pc6 = 0
       pc7 = 0
       pc8 = 0
       pc9 = 0
      pc10 = 0
      pc11 = 0
      pc12 = 0
      pc13 = 0
      pc14 = 0
      pc15 = 0
Constrained:
   Tgbecnw = 113315
     Tecnw = 23625.6
       Tnw = 16196.9
       Tec = 17357.4
     twoNb = 591704
     twoNc = 145099
     twoNw = 2.49761e+06
    twoNec = 63901.3
    twoNnw = 43147.5
  twoNecnw = 81397.8
  twoNbecnw = 14713.9
  twoNgbecnw = 285232
         m = 0.123061
        m2 = 0.022883
        m6 = 1.60235e-06
        Tb = 20491.5
        Ta = 47845.8
        Tf = 8098.44
DiffEv reached_goal. cost=2.08770e-03 spread=2.42406e-06
Fitted parameter values
Free:
       pc1 = 3.92891
       pc2 = 2.70906
       pc3 = -1.0324
       pc4 = -1.96322
       pc5 = 0.48929
       pc6 = 1.75017
       pc7 = 1.47973
       pc8 = -1.45605
       pc9 = 1.25242
      pc10 = -0.591043
      pc11 = 0.0682264
      pc12 = -0.0109403
      pc13 = 0.0334378
      pc14 = 0.0114739
      pc15 = 0.0342247
Constrained:
   Tgbecnw = 92743.8
     Tecnw = 22189.1
       Tnw = 17532.2
       Tec = 16731.7
     twoNb = 510682
     twoNc = 474949
     twoNw = 1.70251e+06
    twoNec = 55920.8
    twoNnw = 26536.1
  twoNecnw = 79794.7
  twoNbecnw = 7101.91
  twoNgbecnw = 301514
         m = 0.113218
        m2 = 0.0222958
        m6 = 9.78581e-07
        Tb = 19460.4
        Ta = 47330.2
        Tf = 8766.12
#       SitePat  BranchLen
              b 126816.3734280
              e 50524.6012711
              c 50524.5888073
              n 46707.3959265
              w 46707.3957313
            b:e 2367.5241911
            b:c 2367.5227214
            b:n 1789.4855856
            b:w 1789.4855710
            e:c 10596.8955239
            e:n 5287.9488566
            e:w 5287.9488062
            c:n 5287.9521440
            c:w 5287.9523393
            n:w 12797.8353486
          b:e:c 2069.7396400
          b:e:n 1114.5635070
          b:e:w 1114.5634910
          b:c:n 1114.5634457
          b:c:w 1114.5634603
          b:n:w 2042.0541028
          e:c:n 4756.5778046
          e:c:w 4756.5778551
          e:n:w 6024.9052113
          c:n:w 6024.9105141
        b:e:c:n 2058.1202129
        b:e:c:w 2058.1202289
        b:e:n:w 3011.7723135
        b:c:n:w 3011.7742156
        e:c:n:w 52810.3674536
