########################################
# legofit: estimate population history #
#       version 2.3.4-4-g53f8760       #
########################################

# Program was compiled: Sep 21 2021 14:36:42
# Program was run: Fri Sep 24 22:45:09 2021

# cmd: legofit -1 -d 0 -t 32 --ptsPerDim 3 --stateOut b1boot10.state --tol 3e-6 -S 5000 abf2.lgo ../../boot/boot10.opf
# Stage nOptItr nSimReps
#     0    5000        0
# algorithm          : deterministic
# ignoring probs <=  : 0
# Branch length floor: 0
# DE strategy        : 2
#    F               : 0.3
#    CR              : 0.8
#    tolerance       : 3e-06
# nthreads           : 32
# lgo input file     : abf2.lgo
# site pat input file: ../../boot/boot10.opf
# free parameters    : 15
# points in DE swarm : 45
# output state file  : b1boot10.state
# Including singleton site patterns.
# cost function      : KL
Initial parameter values
Fixed:
      zero = 0
       one = 1
    Tbecnw = 75200
Free:
       pc1 = 0
       pc2 = 0
       pc3 = 0
       pc4 = 0
       pc5 = 0
       pc6 = 0
       pc7 = 0
       pc8 = 0
       pc9 = 0
      pc10 = 0
      pc11 = 0
      pc12 = 0
      pc13 = 0
      pc14 = 0
      pc15 = 0
Constrained:
   Tgbecnw = 113315
     Tecnw = 23625.6
       Tnw = 16196.9
       Tec = 17357.4
     twoNb = 591704
     twoNc = 145099
     twoNw = 2.49761e+06
    twoNec = 63901.3
    twoNnw = 43147.5
  twoNecnw = 81397.8
  twoNbecnw = 14713.9
  twoNgbecnw = 285232
         m = 0.123061
        m2 = 0.022883
        m6 = 1.60235e-06
        Tb = 20491.5
        Ta = 47845.8
        Tf = 8098.44
DiffEv reached_goal. cost=2.09740e-03 spread=2.86480e-06
Fitted parameter values
Free:
       pc1 = 3.89614
       pc2 = 3.53018
       pc3 = -1.52248
       pc4 = -1.99136
       pc5 = 1.14109
       pc6 = 1.25447
       pc7 = 0.717015
       pc8 = -0.573058
       pc9 = 1.14976
      pc10 = -0.908541
      pc11 = 0.0515931
      pc12 = 0.0288619
      pc13 = 0.0201328
      pc14 = 0.00238469
      pc15 = 0.0156497
Constrained:
   Tgbecnw = 93911.8
     Tecnw = 22113.8
       Tnw = 18592.7
       Tec = 16977.6
     twoNb = 472741
     twoNc = 418166
     twoNw = 3.16413e+06
    twoNec = 52843.1
    twoNnw = 19613.8
  twoNecnw = 80024.9
  twoNbecnw = 7460.14
  twoNgbecnw = 308562
         m = 0.111153
        m2 = 0.0223332
        m6 = 1.84053e-06
        Tb = 19545.7
        Ta = 47372.8
        Tf = 9296.35
#       SitePat  BranchLen
              b 127145.3335829
              e 50567.4076128
              c 50567.3841929
              n 46680.4434882
              w 46680.4432829
            b:e 2374.5014211
            b:c 2374.4986154
            b:n 1776.0057267
            b:w 1776.0057111
            e:c 10607.4813838
            e:n 5278.1117260
            e:w 5278.1116720
            c:n 5278.1179237
            c:w 5278.1181290
            n:w 12834.3997747
          b:e:c 2070.9813665
          b:e:n 1106.6613130
          b:e:w 1106.6612960
          b:c:n 1106.6612097
          b:c:w 1106.6612252
          b:n:w 2040.9777445
          e:c:n 4737.8388670
          e:c:w 4737.8389211
          e:n:w 6055.8766052
          c:n:w 6055.8867410
        b:e:c:n 2041.9760140
        b:e:c:w 2041.9760311
        b:e:n:w 3012.4637517
        b:c:n:w 3012.4673609
        e:c:n:w 53075.9446307
