########################################
# legofit: estimate population history #
#       version 2.3.4-4-g53f8760       #
########################################

# Program was compiled: Sep 21 2021 14:36:42
# Program was run: Fri Sep 24 22:45:57 2021

# cmd: legofit -1 -d 0 -t 32 --ptsPerDim 3 --stateOut b1boot20.state --tol 3e-6 -S 5000 abf2.lgo ../../boot/boot20.opf
# Stage nOptItr nSimReps
#     0    5000        0
# algorithm          : deterministic
# ignoring probs <=  : 0
# Branch length floor: 0
# DE strategy        : 2
#    F               : 0.3
#    CR              : 0.8
#    tolerance       : 3e-06
# nthreads           : 32
# lgo input file     : abf2.lgo
# site pat input file: ../../boot/boot20.opf
# free parameters    : 15
# points in DE swarm : 45
# output state file  : b1boot20.state
# Including singleton site patterns.
# cost function      : KL
Initial parameter values
Fixed:
      zero = 0
       one = 1
    Tbecnw = 75200
Free:
       pc1 = 0
       pc2 = 0
       pc3 = 0
       pc4 = 0
       pc5 = 0
       pc6 = 0
       pc7 = 0
       pc8 = 0
       pc9 = 0
      pc10 = 0
      pc11 = 0
      pc12 = 0
      pc13 = 0
      pc14 = 0
      pc15 = 0
Constrained:
   Tgbecnw = 113315
     Tecnw = 23625.6
       Tnw = 16196.9
       Tec = 17357.4
     twoNb = 591704
     twoNc = 145099
     twoNw = 2.49761e+06
    twoNec = 63901.3
    twoNnw = 43147.5
  twoNecnw = 81397.8
  twoNbecnw = 14713.9
  twoNgbecnw = 285232
         m = 0.123061
        m2 = 0.022883
        m6 = 1.60235e-06
        Tb = 20491.5
        Ta = 47845.8
        Tf = 8098.44
DiffEv reached_goal. cost=2.10072e-03 spread=2.93176e-06
Fitted parameter values
Free:
       pc1 = 3.99266
       pc2 = 1.94292
       pc3 = -1.21208
       pc4 = -1.98063
       pc5 = 1.6487
       pc6 = 1.45632
       pc7 = 1.94403
       pc8 = -1.70092
       pc9 = 1.24166
      pc10 = -0.670349
      pc11 = 0.0626154
      pc12 = -0.0199443
      pc13 = 0.0281564
      pc14 = 0.00274311
      pc15 = 0.0574617
Constrained:
   Tgbecnw = 92275.1
     Tecnw = 22348
       Tnw = 16848.2
       Tec = 16268.7
     twoNb = 546608
     twoNc = 549157
     twoNw = 2.64314e+06
    twoNec = 61706
    twoNnw = 31687.9
  twoNecnw = 78391.8
  twoNbecnw = 6845.76
  twoNgbecnw = 307132
         m = 0.109853
        m2 = 0.0225105
        m6 = 1.30353e-06
        Tb = 19308.3
        Ta = 47254.2
        Tf = 8424.09
#       SitePat  BranchLen
              b 126315.8476019
              e 50298.1988302
              c 50298.1824242
              n 46547.3151638
              w 46547.3150014
            b:e 2322.4253348
            b:c 2322.4234348
            b:n 1764.4228046
            b:w 1764.4227927
            e:c 10547.6193228
            e:n 5249.5995086
            e:w 5249.5994671
            c:n 5249.6039152
            c:w 5249.6040777
            n:w 12702.6191317
          b:e:c 2032.0159409
          b:e:n 1096.6539720
          b:e:w 1096.6539590
          b:c:n 1096.6539006
          b:c:w 1096.6539124
          b:n:w 2007.1324073
          e:c:n 4739.6577742
          e:c:w 4739.6578157
          e:n:w 5971.8598516
          c:n:w 5971.8667664
        b:e:c:n 2025.9274367
        b:e:c:w 2025.9274497
        b:e:n:w 2972.4818015
        b:c:n:w 2972.4842937
        e:c:n:w 52543.8488179
