########################################
# legofit: estimate population history #
#       version 2.3.4-4-g53f8760       #
########################################

# Program was compiled: Sep 21 2021 14:36:42
# Program was run: Fri Sep 24 22:47:47 2021

# cmd: legofit -1 -d 0 -t 32 --ptsPerDim 3 --stateOut b1boot43.state --tol 3e-6 -S 5000 abf2.lgo ../../boot/boot43.opf
# Stage nOptItr nSimReps
#     0    5000        0
# algorithm          : deterministic
# ignoring probs <=  : 0
# Branch length floor: 0
# DE strategy        : 2
#    F               : 0.3
#    CR              : 0.8
#    tolerance       : 3e-06
# nthreads           : 32
# lgo input file     : abf2.lgo
# site pat input file: ../../boot/boot43.opf
# free parameters    : 15
# points in DE swarm : 45
# output state file  : b1boot43.state
# Including singleton site patterns.
# cost function      : KL
Initial parameter values
Fixed:
      zero = 0
       one = 1
    Tbecnw = 75200
Free:
       pc1 = 0
       pc2 = 0
       pc3 = 0
       pc4 = 0
       pc5 = 0
       pc6 = 0
       pc7 = 0
       pc8 = 0
       pc9 = 0
      pc10 = 0
      pc11 = 0
      pc12 = 0
      pc13 = 0
      pc14 = 0
      pc15 = 0
Constrained:
   Tgbecnw = 113315
     Tecnw = 23625.6
       Tnw = 16196.9
       Tec = 17357.4
     twoNb = 591704
     twoNc = 145099
     twoNw = 2.49761e+06
    twoNec = 63901.3
    twoNnw = 43147.5
  twoNecnw = 81397.8
  twoNbecnw = 14713.9
  twoNgbecnw = 285232
         m = 0.123061
        m2 = 0.022883
        m6 = 1.60235e-06
        Tb = 20491.5
        Ta = 47845.8
        Tf = 8098.44
DiffEv reached_goal. cost=2.13867e-03 spread=2.89531e-06
Fitted parameter values
Free:
       pc1 = 3.93633
       pc2 = 0.951037
       pc3 = -1.75825
       pc4 = -1.99596
       pc5 = 0.621563
       pc6 = 0.800947
       pc7 = 1.11949
       pc8 = -1.21976
       pc9 = 1.52024
      pc10 = -0.164786
      pc11 = 0.326538
      pc12 = -0.014694
      pc13 = 0.013795
      pc14 = 0.0192628
      pc15 = 0.0467225
Constrained:
   Tgbecnw = 93621.6
     Tecnw = 22423.4
       Tnw = 16479.3
       Tec = 15693.9
     twoNb = 539181
     twoNc = 336376
     twoNw = 1.87584e+06
    twoNec = 68836
    twoNnw = 34551.1
  twoNecnw = 78895.4
  twoNbecnw = 7247.95
  twoNgbecnw = 319986
         m = 0.105428
        m2 = 0.0229954
        m6 = 1.69119e-06
        Tb = 19058.6
        Ta = 47129.3
        Tf = 8239.66
#       SitePat  BranchLen
              b 126589.4227039
              e 50507.1149131
              c 50507.0934637
              n 46734.3945754
              w 46734.3942815
            b:e 2348.4635769
            b:c 2348.4610899
            b:n 1783.3504187
            b:w 1783.3503973
            e:c 10573.6104746
            e:n 5274.7439752
            e:w 5274.7439010
            c:n 5274.7497147
            c:w 5274.7500086
            n:w 12736.0840358
          b:e:c 2048.9721980
          b:e:n 1110.6594258
          b:e:w 1110.6594024
          b:c:n 1110.6593253
          b:c:w 1110.6593467
          b:n:w 2023.4329504
          e:c:n 4747.2883537
          e:c:w 4747.2884279
          e:n:w 5980.2931418
          c:n:w 5980.3021062
        b:e:c:n 2049.7874506
        b:e:c:w 2049.7874740
        b:e:n:w 3017.6642078
        b:c:n:w 3017.6674888
        e:c:n:w 52661.9207594
