########################################
# legofit: estimate population history #
#       version 2.3.4-4-g53f8760       #
########################################

# Program was compiled: Sep 21 2021 14:36:42
# Program was run: Mon Oct 11 11:17:07 2021

# cmd: legofit -1 -d 0 -t 32 --ptsPerDim 3 --stateOut b1boot30.state --tol 3e-6 -S 5000 adef2.lgo ../../boot/boot30.opf
# Stage nOptItr nSimReps
#     0    5000        0
# algorithm          : deterministic
# ignoring probs <=  : 0
# Branch length floor: 0
# DE strategy        : 2
#    F               : 0.3
#    CR              : 0.8
#    tolerance       : 3e-06
# nthreads           : 32
# lgo input file     : adef2.lgo
# site pat input file: ../../boot/boot30.opf
# free parameters    : 18
# points in DE swarm : 54
# output state file  : b1boot30.state
# Including singleton site patterns.
# cost function      : KL
Initial parameter values
Fixed:
      zero = 0
       one = 1
    Tbecnw = 75200
Free:
       pc1 = 0
       pc2 = 0
       pc3 = 0
       pc4 = 0
       pc5 = 0
       pc6 = 0
       pc7 = 0
       pc8 = 0
       pc9 = 0
      pc10 = 0
      pc11 = 0
      pc12 = 0
      pc13 = 0
      pc14 = 0
      pc15 = 0
      pc16 = 0
      pc17 = 0
      pc18 = 0
Constrained:
   Tgbecnw = 100523
     Tecnw = 24652.7
       Tnw = 19158.2
       Tec = 10724.1
     twoNb = 2.0441e+06
     twoNe = 1.44929e+06
     twoNc = 1.03257e+07
     twoNn = 3.22619e+06
     twoNw = 2.43345e+06
    twoNec = 127323
    twoNnw = 26102.1
  twoNecnw = 83655.1
  twoNbecnw = 10756.9
  twoNgbecnw = 260520
         m = 0.138007
        m4 = 0.0191986
        m5 = 0.127011
        m6 = 0.0232316
        Ta = 42962
        Td = 5362.04
        Te = 2681.02
        Tf = 1340.51
DiffEv reached_goal. cost=1.89198e-03 spread=2.48094e-06
Fitted parameter values
Free:
       pc1 = -0.31818
       pc2 = -2.71186
       pc3 = 3.98261
       pc4 = 1.33692
       pc5 = -0.147299
       pc6 = 0.341162
       pc7 = 1.97652
       pc8 = 1.67975
       pc9 = 0.691457
      pc10 = 0.400236
      pc11 = 0.921234
      pc12 = 0.806851
      pc13 = -0.00593934
      pc14 = 0.138112
      pc15 = -0.0921734
      pc16 = -0.037966
      pc17 = 0.0188263
      pc18 = 0.0065024
Constrained:
   Tgbecnw = 80502.6
     Tecnw = 23022.7
       Tnw = 21068.3
       Tec = 8785.01
     twoNb = 3.14765e+06
     twoNe = 1.08995e+06
     twoNc = 2.1061e+07
     twoNn = 492949
     twoNw = 4.37834e+06
    twoNec = 129483
    twoNnw = 8922.2
  twoNecnw = 81490.8
  twoNbecnw = 2298.72
  twoNgbecnw = 288802
         m = 0.119502
        m4 = 0.0174279
        m5 = 0.134366
        m6 = 0.0216616
        Ta = 41992.5
        Td = 4392.51
        Te = 2196.25
        Tf = 1098.13
#       SitePat  BranchLen
              b 124794.8565572
              e 48509.7401237
              c 50921.9865245
              n 45889.7758608
              w 45862.9079185
            b:e 2075.9377465
            b:c 2441.5955110
            b:n 1764.0284848
            b:w 1762.0743827
            e:c 10508.1825916
            e:n 5451.0275373
            e:w 5472.9978309
            c:n 4942.2223865
            c:w 4940.6950668
            n:w 12635.7715623
          b:e:c 2107.0732412
          b:e:n 1123.3085213
          b:e:w 1124.6640728
          b:c:n 1135.3319295
          b:c:w 1133.7769576
          b:n:w 2063.7239384
          e:c:n 4476.4474445
          e:c:w 4482.8724131
          e:n:w 6518.8449484
          c:n:w 5506.0231495
        b:e:c:n 2049.2876419
        b:e:c:w 2051.4411644
        b:e:n:w 3141.1428575
        b:c:n:w 2396.0318722
        e:c:n:w 52071.3069845
