########################################
# legofit: estimate population history #
#       version 2.3.4-4-g53f8760       #
########################################

# Program was compiled: Sep 21 2021 14:36:42
# Program was run: Mon Oct 11 11:16:35 2021

# cmd: legofit -1 -d 0 -t 32 --ptsPerDim 3 --stateOut b1boot26.state --tol 3e-6 -S 5000 adef2.lgo ../../boot/boot26.opf
# Stage nOptItr nSimReps
#     0    5000        0
# algorithm          : deterministic
# ignoring probs <=  : 0
# Branch length floor: 0
# DE strategy        : 2
#    F               : 0.3
#    CR              : 0.8
#    tolerance       : 3e-06
# nthreads           : 32
# lgo input file     : adef2.lgo
# site pat input file: ../../boot/boot26.opf
# free parameters    : 18
# points in DE swarm : 54
# output state file  : b1boot26.state
# Including singleton site patterns.
# cost function      : KL
Initial parameter values
Fixed:
      zero = 0
       one = 1
    Tbecnw = 75200
Free:
       pc1 = 0
       pc2 = 0
       pc3 = 0
       pc4 = 0
       pc5 = 0
       pc6 = 0
       pc7 = 0
       pc8 = 0
       pc9 = 0
      pc10 = 0
      pc11 = 0
      pc12 = 0
      pc13 = 0
      pc14 = 0
      pc15 = 0
      pc16 = 0
      pc17 = 0
      pc18 = 0
Constrained:
   Tgbecnw = 100523
     Tecnw = 24652.7
       Tnw = 19158.2
       Tec = 10724.1
     twoNb = 2.0441e+06
     twoNe = 1.44929e+06
     twoNc = 1.03257e+07
     twoNn = 3.22619e+06
     twoNw = 2.43345e+06
    twoNec = 127323
    twoNnw = 26102.1
  twoNecnw = 83655.1
  twoNbecnw = 10756.9
  twoNgbecnw = 260520
         m = 0.138007
        m4 = 0.0191986
        m5 = 0.127011
        m6 = 0.0232316
        Ta = 42962
        Td = 5362.04
        Te = 2681.02
        Tf = 1340.51
DiffEv reached_goal. cost=1.85732e-03 spread=2.97386e-06
Fitted parameter values
Free:
       pc1 = 1.42354
       pc2 = -2.48863
       pc3 = 3.97686
       pc4 = 0.913398
       pc5 = 1.16851
       pc6 = 1.60852
       pc7 = 1.98948
       pc8 = 1.41308
       pc9 = 1.28519
      pc10 = 1.6049
      pc11 = 0.678414
      pc12 = 0.270702
      pc13 = 0.00588899
      pc14 = 0.0987326
      pc15 = -0.117501
      pc16 = -0.0412941
      pc17 = -0.0017606
      pc18 = 0.0205894
Constrained:
   Tgbecnw = 80007
     Tecnw = 23348.3
       Tnw = 19139.7
       Tec = 6789.12
     twoNb = 4.23885e+06
     twoNe = 286245
     twoNc = 3.39144e+07
     twoNn = 1.28588e+07
     twoNw = 5.0116e+06
    twoNec = 150126
    twoNnw = 19943
  twoNecnw = 80069.1
  twoNbecnw = 2062.94
  twoNgbecnw = 297398
         m = 0.113651
        m4 = 0.0180756
        m5 = 0.136927
        m6 = 0.026271
        Ta = 40994.6
        Td = 3394.56
        Te = 1697.28
        Tf = 848.64
#       SitePat  BranchLen
              b 124171.6070717
              e 48363.7253092
              c 50763.7327031
              n 45862.6317785
              w 45839.2577258
            b:e 2065.5142100
            b:c 2419.0599289
            b:n 1772.1187756
            b:w 1770.4597030
            e:c 10469.5559748
            e:n 5473.8445430
            e:w 5492.3567033
            c:n 4960.8588433
            c:w 4960.2679348
            n:w 12538.5127600
          b:e:c 2082.2110583
          b:e:n 1129.7291952
          b:e:w 1130.8043519
          b:c:n 1141.3385309
          b:c:w 1140.0951258
          b:n:w 2041.1087617
          e:c:n 4490.8156682
          e:c:w 4496.2684691
          e:n:w 6436.7797040
          c:n:w 5459.9030745
        b:e:c:n 2057.8686556
        b:e:c:w 2059.6959767
        b:e:n:w 3136.1618787
        b:c:n:w 2383.6595286
        e:c:n:w 51616.1012800
