########################################
# legofit: estimate population history #
#       version 2.3.4-4-g53f8760       #
########################################

# Program was compiled: Sep 21 2021 14:36:42
# Program was run: Mon Oct 11 11:14:11 2021

# cmd: legofit -1 -d 0 -t 32 --ptsPerDim 3 --stateOut b1boot6.state --tol 3e-6 -S 5000 adef2.lgo ../../boot/boot6.opf
# Stage nOptItr nSimReps
#     0    5000        0
# algorithm          : deterministic
# ignoring probs <=  : 0
# Branch length floor: 0
# DE strategy        : 2
#    F               : 0.3
#    CR              : 0.8
#    tolerance       : 3e-06
# nthreads           : 32
# lgo input file     : adef2.lgo
# site pat input file: ../../boot/boot6.opf
# free parameters    : 18
# points in DE swarm : 54
# output state file  : b1boot6.state
# Including singleton site patterns.
# cost function      : KL
Initial parameter values
Fixed:
      zero = 0
       one = 1
    Tbecnw = 75200
Free:
       pc1 = 0
       pc2 = 0
       pc3 = 0
       pc4 = 0
       pc5 = 0
       pc6 = 0
       pc7 = 0
       pc8 = 0
       pc9 = 0
      pc10 = 0
      pc11 = 0
      pc12 = 0
      pc13 = 0
      pc14 = 0
      pc15 = 0
      pc16 = 0
      pc17 = 0
      pc18 = 0
Constrained:
   Tgbecnw = 100523
     Tecnw = 24652.7
       Tnw = 19158.2
       Tec = 10724.1
     twoNb = 2.0441e+06
     twoNe = 1.44929e+06
     twoNc = 1.03257e+07
     twoNn = 3.22619e+06
     twoNw = 2.43345e+06
    twoNec = 127323
    twoNnw = 26102.1
  twoNecnw = 83655.1
  twoNbecnw = 10756.9
  twoNgbecnw = 260520
         m = 0.138007
        m4 = 0.0191986
        m5 = 0.127011
        m6 = 0.0232316
        Ta = 42962
        Td = 5362.04
        Te = 2681.02
        Tf = 1340.51
DiffEv reached_goal. cost=1.84640e-03 spread=2.26252e-06
Fitted parameter values
Free:
       pc1 = 2.00116
       pc2 = -3.55978
       pc3 = 3.688
       pc4 = 0.291055
       pc5 = -0.0887353
       pc6 = 0.20015
       pc7 = 1.99406
       pc8 = 1.75066
       pc9 = 0.120467
      pc10 = 1.18262
      pc11 = 1.18279
      pc12 = 0.386716
      pc13 = 0.050298
      pc14 = 0.177677
      pc15 = -0.0559246
      pc16 = -0.011351
      pc17 = 0.00140421
      pc18 = -0.00810667
Constrained:
   Tgbecnw = 78451.8
     Tecnw = 23424.7
       Tnw = 18605.7
       Tec = 4708.75
     twoNb = 4.63319e+06
     twoNe = 1.58664e+06
     twoNc = 1.78444e+07
     twoNn = -374457
     twoNw = 4.49679e+06
    twoNec = 175771
    twoNnw = 22726.8
  twoNecnw = 78602.8
  twoNbecnw = 1403.83
  twoNgbecnw = 297724
         m = 0.113126
        m4 = 0.0184757
        m5 = 0.131337
        m6 = 0.0236706
        Ta = 39954.4
        Td = 2354.37
        Te = 1177.19
        Tf = 588.593
#       SitePat  BranchLen
              b 123830.4313556
              e 48158.9746411
              c 50548.2867896
              n 45584.5148432
              w 45559.7475637
            b:e 2058.0572398
            b:c 2411.8263263
            b:n 1754.7171939
            b:w 1752.9830345
            e:c 10426.3817449
            e:n 5433.2823072
            e:w 5453.2401965
            c:n 4927.4973805
            c:w 4926.5994596
            n:w 12530.5329619
          b:e:c 2066.8809771
          b:e:n 1121.2582400
          b:e:w 1122.4202256
          b:c:n 1132.9675690
          b:c:w 1131.6305250
          b:n:w 2024.8117968
          e:c:n 4458.0792091
          e:c:w 4463.7865202
          e:n:w 6430.3613629
          c:n:w 5459.8379171
        b:e:c:n 2036.1945531
        b:e:c:w 2038.1037710
        b:e:n:w 3134.0176368
        b:c:n:w 2372.9656538
        e:c:n:w 51588.2277018
