########################################
# legofit: estimate population history #
#       version 2.3.4-4-g53f8760       #
########################################

# Program was compiled: Sep 21 2021 14:36:42
# Program was run: Mon Oct 11 11:15:59 2021

# cmd: legofit -1 -d 0 -t 32 --ptsPerDim 3 --stateOut b1boot22.state --tol 3e-6 -S 5000 adef2.lgo ../../boot/boot22.opf
# Stage nOptItr nSimReps
#     0    5000        0
# algorithm          : deterministic
# ignoring probs <=  : 0
# Branch length floor: 0
# DE strategy        : 2
#    F               : 0.3
#    CR              : 0.8
#    tolerance       : 3e-06
# nthreads           : 32
# lgo input file     : adef2.lgo
# site pat input file: ../../boot/boot22.opf
# free parameters    : 18
# points in DE swarm : 54
# output state file  : b1boot22.state
# Including singleton site patterns.
# cost function      : KL
Initial parameter values
Fixed:
      zero = 0
       one = 1
    Tbecnw = 75200
Free:
       pc1 = 0
       pc2 = 0
       pc3 = 0
       pc4 = 0
       pc5 = 0
       pc6 = 0
       pc7 = 0
       pc8 = 0
       pc9 = 0
      pc10 = 0
      pc11 = 0
      pc12 = 0
      pc13 = 0
      pc14 = 0
      pc15 = 0
      pc16 = 0
      pc17 = 0
      pc18 = 0
Constrained:
   Tgbecnw = 100523
     Tecnw = 24652.7
       Tnw = 19158.2
       Tec = 10724.1
     twoNb = 2.0441e+06
     twoNe = 1.44929e+06
     twoNc = 1.03257e+07
     twoNn = 3.22619e+06
     twoNw = 2.43345e+06
    twoNec = 127323
    twoNnw = 26102.1
  twoNecnw = 83655.1
  twoNbecnw = 10756.9
  twoNgbecnw = 260520
         m = 0.138007
        m4 = 0.0191986
        m5 = 0.127011
        m6 = 0.0232316
        Ta = 42962
        Td = 5362.04
        Te = 2681.02
        Tf = 1340.51
DiffEv reached_goal. cost=1.86564e-03 spread=2.99397e-06
Fitted parameter values
Free:
       pc1 = 1.24196
       pc2 = -2.7185
       pc3 = 3.77847
       pc4 = 1.0291
       pc5 = -0.386152
       pc6 = 0.0728721
       pc7 = 1.99972
       pc8 = 1.79909
       pc9 = 0.0250188
      pc10 = 0.978473
      pc11 = 1.38159
      pc12 = 0.511978
      pc13 = 0.00959664
      pc14 = 0.204659
      pc15 = -0.0523283
      pc16 = -0.0554415
      pc17 = -0.0107644
      pc18 = 0.0186383
Constrained:
   Tgbecnw = 79967
     Tecnw = 23343
       Tnw = 19629
       Tec = 6510.79
     twoNb = 3.62124e+06
     twoNe = 1.16701e+06
     twoNc = 2.20233e+07
     twoNn = -2.43775e+06
     twoNw = 4.6633e+06
    twoNec = 152186
    twoNnw = 17192.9
  twoNecnw = 80181.2
  twoNbecnw = 2054.54
  twoNgbecnw = 296929
         m = 0.114434
        m4 = 0.0185303
        m5 = 0.137664
        m6 = 0.0323016
        Ta = 40855.4
        Td = 3255.4
        Te = 1627.7
        Tf = 813.849
#       SitePat  BranchLen
              b 124436.2612779
              e 48418.6948918
              c 50786.3954528
              n 45794.1636125
              w 45767.3415551
            b:e 2089.9820455
            b:c 2449.2032487
            b:n 1776.6901812
            b:w 1774.7660905
            e:c 10485.0247093
            e:n 5463.7495693
            e:w 5484.0041950
            c:n 4966.7141002
            c:w 4966.9714396
            n:w 12597.2322497
          b:e:c 2102.9793229
          b:e:n 1134.9246555
          b:e:w 1136.0525511
          b:c:n 1146.6741520
          b:c:w 1145.3514999
          b:n:w 2059.8644716
          e:c:n 4483.6466988
          e:c:w 4489.9567911
          e:n:w 6492.1887643
          c:n:w 5519.5706249
        b:e:c:n 2063.1926249
        b:e:c:w 2065.3114720
        b:e:n:w 3172.3806648
        b:c:n:w 2411.0965867
        e:c:n:w 51882.6421213
