########################################
# legofit: estimate population history #
#       version 2.3.4-4-g53f8760       #
########################################

# Program was compiled: Sep 21 2021 14:36:42
# Program was run: Mon Oct 11 11:15:01 2021

# cmd: legofit -1 -d 0 -t 32 --ptsPerDim 3 --stateOut b1boot14.state --tol 3e-6 -S 5000 adef2.lgo ../../boot/boot14.opf
# Stage nOptItr nSimReps
#     0    5000        0
# algorithm          : deterministic
# ignoring probs <=  : 0
# Branch length floor: 0
# DE strategy        : 2
#    F               : 0.3
#    CR              : 0.8
#    tolerance       : 3e-06
# nthreads           : 32
# lgo input file     : adef2.lgo
# site pat input file: ../../boot/boot14.opf
# free parameters    : 18
# points in DE swarm : 54
# output state file  : b1boot14.state
# Including singleton site patterns.
# cost function      : KL
Initial parameter values
Fixed:
      zero = 0
       one = 1
    Tbecnw = 75200
Free:
       pc1 = 0
       pc2 = 0
       pc3 = 0
       pc4 = 0
       pc5 = 0
       pc6 = 0
       pc7 = 0
       pc8 = 0
       pc9 = 0
      pc10 = 0
      pc11 = 0
      pc12 = 0
      pc13 = 0
      pc14 = 0
      pc15 = 0
      pc16 = 0
      pc17 = 0
      pc18 = 0
Constrained:
   Tgbecnw = 100523
     Tecnw = 24652.7
       Tnw = 19158.2
       Tec = 10724.1
     twoNb = 2.0441e+06
     twoNe = 1.44929e+06
     twoNc = 1.03257e+07
     twoNn = 3.22619e+06
     twoNw = 2.43345e+06
    twoNec = 127323
    twoNnw = 26102.1
  twoNecnw = 83655.1
  twoNbecnw = 10756.9
  twoNgbecnw = 260520
         m = 0.138007
        m4 = 0.0191986
        m5 = 0.127011
        m6 = 0.0232316
        Ta = 42962
        Td = 5362.04
        Te = 2681.02
        Tf = 1340.51
DiffEv reached_goal. cost=1.85260e-03 spread=2.91039e-06
Fitted parameter values
Free:
       pc1 = 1.03394
       pc2 = -3.81324
       pc3 = 3.95537
       pc4 = 1.30107
       pc5 = -0.77609
       pc6 = -0.796985
       pc7 = 1.91498
       pc8 = 1.81155
       pc9 = 0.531313
      pc10 = 0.913977
      pc11 = 1.25021
      pc12 = 0.69715
      pc13 = -0.00294342
      pc14 = 0.173579
      pc15 = -0.0145994
      pc16 = -0.00140247
      pc17 = -0.0170453
      pc18 = -0.00799698
Constrained:
   Tgbecnw = 77807.4
     Tecnw = 23097.4
       Tnw = 19927.2
       Tec = 6172.97
     twoNb = 4.13235e+06
     twoNe = 400232
     twoNc = 3.27996e+06
     twoNn = -6.22466e+06
     twoNw = 4.10252e+06
    twoNec = 158649
    twoNnw = 14523.2
  twoNecnw = 79315.8
  twoNbecnw = 1124.47
  twoNgbecnw = 300715
         m = 0.111518
        m4 = 0.017806
        m5 = 0.133646
        m6 = 0.0246331
        Ta = 40686.5
        Td = 3086.49
        Te = 1543.24
        Tf = 771.622
#       SitePat  BranchLen
              b 123599.1816189
              e 48090.8514702
              c 50468.4966153
              n 45414.8073194
              w 45386.2565192
            b:e 2070.4880018
            b:c 2423.7266389
            b:n 1750.7343059
            b:w 1748.6882813
            e:c 10402.2104843
            e:n 5419.9675866
            e:w 5442.7975890
            c:n 4920.2037942
            c:w 4919.1949514
            n:w 12550.4594129
          b:e:c 2085.0656487
          b:e:n 1120.3181362
          b:e:w 1121.6713408
          b:c:n 1132.4435917
          b:c:w 1130.8818192
          b:n:w 2040.8172517
          e:c:n 4441.6690795
          e:c:w 4448.3987200
          e:n:w 6483.7313657
          c:n:w 5498.7877370
        b:e:c:n 2034.1806965
        b:e:c:w 2036.4352890
        b:e:n:w 3133.5750025
        b:c:n:w 2389.6651310
        e:c:n:w 51486.5125572
