########################################
# legofit: estimate population history #
#       version 2.3.4-4-g53f8760       #
########################################

# Program was compiled: Sep 21 2021 14:36:42
# Program was run: Mon Oct 11 11:17:59 2021

# cmd: legofit -1 -d 0 -t 32 --ptsPerDim 3 --stateOut b1boot36.state --tol 3e-6 -S 5000 adef2.lgo ../../boot/boot36.opf
# Stage nOptItr nSimReps
#     0    5000        0
# algorithm          : deterministic
# ignoring probs <=  : 0
# Branch length floor: 0
# DE strategy        : 2
#    F               : 0.3
#    CR              : 0.8
#    tolerance       : 3e-06
# nthreads           : 32
# lgo input file     : adef2.lgo
# site pat input file: ../../boot/boot36.opf
# free parameters    : 18
# points in DE swarm : 54
# output state file  : b1boot36.state
# Including singleton site patterns.
# cost function      : KL
Initial parameter values
Fixed:
      zero = 0
       one = 1
    Tbecnw = 75200
Free:
       pc1 = 0
       pc2 = 0
       pc3 = 0
       pc4 = 0
       pc5 = 0
       pc6 = 0
       pc7 = 0
       pc8 = 0
       pc9 = 0
      pc10 = 0
      pc11 = 0
      pc12 = 0
      pc13 = 0
      pc14 = 0
      pc15 = 0
      pc16 = 0
      pc17 = 0
      pc18 = 0
Constrained:
   Tgbecnw = 100523
     Tecnw = 24652.7
       Tnw = 19158.2
       Tec = 10724.1
     twoNb = 2.0441e+06
     twoNe = 1.44929e+06
     twoNc = 1.03257e+07
     twoNn = 3.22619e+06
     twoNw = 2.43345e+06
    twoNec = 127323
    twoNnw = 26102.1
  twoNecnw = 83655.1
  twoNbecnw = 10756.9
  twoNgbecnw = 260520
         m = 0.138007
        m4 = 0.0191986
        m5 = 0.127011
        m6 = 0.0232316
        Ta = 42962
        Td = 5362.04
        Te = 2681.02
        Tf = 1340.51
DiffEv reached_goal. cost=1.87783e-03 spread=2.64518e-06
Fitted parameter values
Free:
       pc1 = 1.16875
       pc2 = -3.99698
       pc3 = 3.98028
       pc4 = 0.638194
       pc5 = 0.724159
       pc6 = 1.5626
       pc7 = 1.98741
       pc8 = 1.08529
       pc9 = 0.451432
      pc10 = 0.247936
      pc11 = 1.64718
      pc12 = 0.711114
      pc13 = -0.0589335
      pc14 = 0.0688835
      pc15 = -0.0820308
      pc16 = -0.00632308
      pc17 = -0.015596
      pc18 = 0.00704734
Constrained:
   Tgbecnw = 78324.9
     Tecnw = 23109.4
       Tnw = 20164.5
       Tec = 4011.33
     twoNb = 2.81249e+06
     twoNe = 2.82122e+06
     twoNc = 2.12586e+07
     twoNn = 7.84835e+06
     twoNw = 4.38944e+06
    twoNec = 183940
    twoNnw = 13737.4
  twoNecnw = 79047.9
  twoNbecnw = 1341.84
  twoNgbecnw = 301416
         m = 0.110555
        m4 = 0.0177345
        m5 = 0.127991
        m6 = 0.0178648
        Ta = 39605.7
        Td = 2005.66
        Te = 1002.83
        Tf = 501.416
#       SitePat  BranchLen
              b 123478.9119950
              e 48060.1348175
              c 50418.8988726
              n 45548.7938631
              w 45523.0711497
            b:e 2060.3822834
            b:c 2420.5940698
            b:n 1748.6868916
            b:w 1746.8587576
            e:c 10463.5295544
            e:n 5420.7267606
            e:w 5442.4557995
            c:n 4922.5511726
            c:w 4920.5294921
            n:w 12473.4483548
          b:e:c 2072.6494580
          b:e:n 1118.4475569
          b:e:w 1119.7942995
          b:c:n 1130.8132465
          b:c:w 1129.2802411
          b:n:w 2028.8417170
          e:c:n 4448.9272961
          e:c:w 4454.9426511
          e:n:w 6458.3248468
          c:n:w 5476.2694321
        b:e:c:n 2030.8288331
        b:e:c:w 2032.8432298
        b:e:n:w 3115.9977883
        b:c:n:w 2377.3274157
        e:c:n:w 51312.2728183
