########################################
# legofit: estimate population history #
#       version 2.3.4-4-g53f8760       #
########################################

# Program was compiled: Sep 21 2021 14:36:42
# Program was run: Mon Oct 11 11:15:53 2021

# cmd: legofit -1 -d 0 -t 32 --ptsPerDim 3 --stateOut b1boot21.state --tol 3e-6 -S 5000 adef2.lgo ../../boot/boot21.opf
# Stage nOptItr nSimReps
#     0    5000        0
# algorithm          : deterministic
# ignoring probs <=  : 0
# Branch length floor: 0
# DE strategy        : 2
#    F               : 0.3
#    CR              : 0.8
#    tolerance       : 3e-06
# nthreads           : 32
# lgo input file     : adef2.lgo
# site pat input file: ../../boot/boot21.opf
# free parameters    : 18
# points in DE swarm : 54
# output state file  : b1boot21.state
# Including singleton site patterns.
# cost function      : KL
Initial parameter values
Fixed:
      zero = 0
       one = 1
    Tbecnw = 75200
Free:
       pc1 = 0
       pc2 = 0
       pc3 = 0
       pc4 = 0
       pc5 = 0
       pc6 = 0
       pc7 = 0
       pc8 = 0
       pc9 = 0
      pc10 = 0
      pc11 = 0
      pc12 = 0
      pc13 = 0
      pc14 = 0
      pc15 = 0
      pc16 = 0
      pc17 = 0
      pc18 = 0
Constrained:
   Tgbecnw = 100523
     Tecnw = 24652.7
       Tnw = 19158.2
       Tec = 10724.1
     twoNb = 2.0441e+06
     twoNe = 1.44929e+06
     twoNc = 1.03257e+07
     twoNn = 3.22619e+06
     twoNw = 2.43345e+06
    twoNec = 127323
    twoNnw = 26102.1
  twoNecnw = 83655.1
  twoNbecnw = 10756.9
  twoNgbecnw = 260520
         m = 0.138007
        m4 = 0.0191986
        m5 = 0.127011
        m6 = 0.0232316
        Ta = 42962
        Td = 5362.04
        Te = 2681.02
        Tf = 1340.51
DiffEv reached_goal. cost=1.85956e-03 spread=2.89486e-06
Fitted parameter values
Free:
       pc1 = 0.826801
       pc2 = -2.76581
       pc3 = 3.89028
       pc4 = 0.874608
       pc5 = 1.76385
       pc6 = 3.08818
       pc7 = 1.93882
       pc8 = 1.72853
       pc9 = 1.72211
      pc10 = 1.60898
      pc11 = 1.12078
      pc12 = 0.875355
      pc13 = -0.128863
      pc14 = 0.00393564
      pc15 = 0.0112337
      pc16 = -0.0819048
      pc17 = -0.0267838
      pc18 = -0.00634907
Constrained:
   Tgbecnw = 80242.1
     Tecnw = 23087.3
       Tnw = 20353.3
       Tec = 5198.03
     twoNb = 4.11226e+06
     twoNe = 541388
     twoNc = 5.87719e+07
     twoNn = 1.91909e+07
     twoNw = 5.00855e+06
    twoNec = 170575
    twoNnw = 12525.3
  twoNecnw = 79812.9
  twoNbecnw = 2180.2
  twoNgbecnw = 294140
         m = 0.114864
        m4 = 0.017562
        m5 = 0.133435
        m6 = 0.0226808
        Ta = 40199
        Td = 2599.01
        Te = 1299.51
        Tf = 649.753
#       SitePat  BranchLen
              b 124382.0285775
              e 48272.1881801
              c 50666.2275495
              n 45608.9444809
              w 45584.9841668
            b:e 2086.6769045
            b:c 2444.0037029
            b:n 1761.5570058
            b:w 1759.8349886
            e:c 10481.0990396
            e:n 5464.2103351
            e:w 5483.7167770
            c:n 4959.7180455
            c:w 4958.5027910
            n:w 12600.2281556
          b:e:c 2094.5379224
          b:e:n 1127.8734821
          b:e:w 1129.0548911
          b:c:n 1139.5037279
          b:c:w 1138.1499455
          b:n:w 2050.7223545
          e:c:n 4477.2385019
          e:c:w 4482.9076286
          e:n:w 6550.3252721
          c:n:w 5551.0209433
        b:e:c:n 2041.8576211
        b:e:c:w 2043.7520117
        b:e:n:w 3145.3197294
        b:c:n:w 2402.2386414
        e:c:n:w 51866.3534340
