########################################
# legofit: estimate population history #
#       version 2.3.4-4-g53f8760       #
########################################

# Program was compiled: Sep 21 2021 14:36:42
# Program was run: Mon Oct 11 11:13:27 2021

# cmd: legofit -1 -d 0 -t 32 --ptsPerDim 3 --stateOut b1boot0.state --tol 3e-6 -S 5000 adef2.lgo ../../boot/boot0.opf
# Stage nOptItr nSimReps
#     0    5000        0
# algorithm          : deterministic
# ignoring probs <=  : 0
# Branch length floor: 0
# DE strategy        : 2
#    F               : 0.3
#    CR              : 0.8
#    tolerance       : 3e-06
# nthreads           : 32
# lgo input file     : adef2.lgo
# site pat input file: ../../boot/boot0.opf
# free parameters    : 18
# points in DE swarm : 54
# output state file  : b1boot0.state
# Including singleton site patterns.
# cost function      : KL
Initial parameter values
Fixed:
      zero = 0
       one = 1
    Tbecnw = 75200
Free:
       pc1 = 0
       pc2 = 0
       pc3 = 0
       pc4 = 0
       pc5 = 0
       pc6 = 0
       pc7 = 0
       pc8 = 0
       pc9 = 0
      pc10 = 0
      pc11 = 0
      pc12 = 0
      pc13 = 0
      pc14 = 0
      pc15 = 0
      pc16 = 0
      pc17 = 0
      pc18 = 0
Constrained:
   Tgbecnw = 100523
     Tecnw = 24652.7
       Tnw = 19158.2
       Tec = 10724.1
     twoNb = 2.0441e+06
     twoNe = 1.44929e+06
     twoNc = 1.03257e+07
     twoNn = 3.22619e+06
     twoNw = 2.43345e+06
    twoNec = 127323
    twoNnw = 26102.1
  twoNecnw = 83655.1
  twoNbecnw = 10756.9
  twoNgbecnw = 260520
         m = 0.138007
        m4 = 0.0191986
        m5 = 0.127011
        m6 = 0.0232316
        Ta = 42962
        Td = 5362.04
        Te = 2681.02
        Tf = 1340.51
DiffEv reached_goal. cost=1.86418e-03 spread=2.94923e-06
Fitted parameter values
Free:
       pc1 = 2.39393
       pc2 = -3.20166
       pc3 = 3.92289
       pc4 = 0.641684
       pc5 = 1.94414
       pc6 = 3.72714
       pc7 = 1.85695
       pc8 = 1.2563
       pc9 = 0.591825
      pc10 = 0.631891
      pc11 = 0.888254
      pc12 = 0.63483
      pc13 = 0.128785
      pc14 = 0.0799782
      pc15 = -0.0766005
      pc16 = -0.00585547
      pc17 = -0.038401
      pc18 = 0.00705791
Constrained:
   Tgbecnw = 80008
     Tecnw = 23621.1
       Tnw = 18815.1
       Tec = 4125.16
     twoNb = 2.47739e+06
     twoNe = 2.87738e+06
     twoNc = 5.94844e+07
     twoNn = 1.99744e+07
     twoNw = 5.14749e+06
    twoNec = 185529
    twoNnw = 22569.3
  twoNecnw = 77519.9
  twoNbecnw = 2031.99
  twoNgbecnw = 311635
         m = 0.106423
        m4 = 0.0177765
        m5 = 0.131488
        m6 = 0.0176683
        Ta = 39662.6
        Td = 2062.58
        Te = 1031.29
        Tf = 515.644
#       SitePat  BranchLen
              b 124015.8263138
              e 48163.4917797
              c 50589.7596753
              n 45622.9220140
              w 45601.7051165
            b:e 2066.3345936
            b:c 2434.8661644
            b:n 1761.2986498
            b:w 1759.8088044
            e:c 10449.7887772
            e:n 5433.5594223
            e:w 5451.5922370
            c:n 4911.0205564
            c:w 4909.3251152
            n:w 12536.2915936
          b:e:c 2077.3831727
          b:e:n 1123.7810113
          b:e:w 1124.8908903
          b:c:n 1136.1117209
          b:c:w 1134.8533969
          b:n:w 2034.6905227
          e:c:n 4475.3159617
          e:c:w 4480.1954856
          e:n:w 6478.1609893
          c:n:w 5474.8341155
        b:e:c:n 2038.8852447
        b:e:c:w 2040.5235351
        b:e:n:w 3125.9913142
        b:c:n:w 2377.0312983
        e:c:n:w 51722.3824131
