########################################
# legofit: estimate population history #
#       version 2.3.4-4-g53f8760       #
########################################

# Program was compiled: Sep 21 2021 14:36:42
# Program was run: Mon Oct 11 11:15:32 2021

# cmd: legofit -1 -d 0 -t 32 --ptsPerDim 3 --stateOut b1boot18.state --tol 3e-6 -S 5000 adef2.lgo ../../boot/boot18.opf
# Stage nOptItr nSimReps
#     0    5000        0
# algorithm          : deterministic
# ignoring probs <=  : 0
# Branch length floor: 0
# DE strategy        : 2
#    F               : 0.3
#    CR              : 0.8
#    tolerance       : 3e-06
# nthreads           : 32
# lgo input file     : adef2.lgo
# site pat input file: ../../boot/boot18.opf
# free parameters    : 18
# points in DE swarm : 54
# output state file  : b1boot18.state
# Including singleton site patterns.
# cost function      : KL
Initial parameter values
Fixed:
      zero = 0
       one = 1
    Tbecnw = 75200
Free:
       pc1 = 0
       pc2 = 0
       pc3 = 0
       pc4 = 0
       pc5 = 0
       pc6 = 0
       pc7 = 0
       pc8 = 0
       pc9 = 0
      pc10 = 0
      pc11 = 0
      pc12 = 0
      pc13 = 0
      pc14 = 0
      pc15 = 0
      pc16 = 0
      pc17 = 0
      pc18 = 0
Constrained:
   Tgbecnw = 100523
     Tecnw = 24652.7
       Tnw = 19158.2
       Tec = 10724.1
     twoNb = 2.0441e+06
     twoNe = 1.44929e+06
     twoNc = 1.03257e+07
     twoNn = 3.22619e+06
     twoNw = 2.43345e+06
    twoNec = 127323
    twoNnw = 26102.1
  twoNecnw = 83655.1
  twoNbecnw = 10756.9
  twoNgbecnw = 260520
         m = 0.138007
        m4 = 0.0191986
        m5 = 0.127011
        m6 = 0.0232316
        Ta = 42962
        Td = 5362.04
        Te = 2681.02
        Tf = 1340.51
DiffEv reached_goal. cost=1.88845e-03 spread=2.19354e-06
Fitted parameter values
Free:
       pc1 = 1.53586
       pc2 = -3.47131
       pc3 = 3.97483
       pc4 = 0.994073
       pc5 = -0.129521
       pc6 = 0.888509
       pc7 = 1.98964
       pc8 = 1.96261
       pc9 = 0.279903
      pc10 = 0.885267
      pc11 = 1.27502
      pc12 = 0.674562
      pc13 = 0.00442232
      pc14 = 0.163247
      pc15 = -0.0312068
      pc16 = -0.0496188
      pc17 = -0.0224238
      pc18 = 0.0178376
Constrained:
   Tgbecnw = 78438.4
     Tecnw = 23240.8
       Tnw = 19534.2
       Tec = 5236.97
     twoNb = 3.78832e+06
     twoNe = 1.54008e+06
     twoNc = 3.16369e+07
     twoNn = 876571
     twoNw = 4.59999e+06
    twoNec = 167966
    twoNnw = 17314.2
  twoNecnw = 78977.5
  twoNbecnw = 1384.79
  twoNgbecnw = 304108
         m = 0.109485
        m4 = 0.0179418
        m5 = 0.134588
        m6 = 0.0258109
        Ta = 40218.5
        Td = 2618.48
        Te = 1309.24
        Tf = 654.621
#       SitePat  BranchLen
              b 123510.0145110
              e 48086.7306327
              c 50448.3063202
              n 45533.4775832
              w 45507.6314863
            b:e 2059.6282144
            b:c 2410.4396773
            b:n 1752.1480766
            b:w 1750.3147080
            e:c 10417.9220977
            e:n 5433.6437202
            e:w 5454.1755918
            c:n 4933.6850077
            c:w 4932.9540290
            n:w 12478.6517181
          b:e:c 2069.4175273
          b:e:n 1120.4945382
          b:e:w 1121.6894210
          b:c:n 1132.4189968
          b:c:w 1131.0382658
          b:n:w 2026.6324177
          e:c:n 4455.2317073
          e:c:w 4461.2769112
          e:n:w 6444.5910001
          c:n:w 5474.2909245
        b:e:c:n 2034.4729647
        b:e:c:w 2036.4921815
        b:e:n:w 3118.2081634
        b:c:n:w 2376.0278530
        e:c:n:w 51335.4630526
