########################################
# legofit: estimate population history #
#       version 2.3.4-4-g53f8760       #
########################################

# Program was compiled: Sep 21 2021 14:36:42
# Program was run: Mon Oct 11 11:16:56 2021

# cmd: legofit -1 -d 0 -t 32 --ptsPerDim 3 --stateOut b1boot29.state --tol 3e-6 -S 5000 adef2.lgo ../../boot/boot29.opf
# Stage nOptItr nSimReps
#     0    5000        0
# algorithm          : deterministic
# ignoring probs <=  : 0
# Branch length floor: 0
# DE strategy        : 2
#    F               : 0.3
#    CR              : 0.8
#    tolerance       : 3e-06
# nthreads           : 32
# lgo input file     : adef2.lgo
# site pat input file: ../../boot/boot29.opf
# free parameters    : 18
# points in DE swarm : 54
# output state file  : b1boot29.state
# Including singleton site patterns.
# cost function      : KL
Initial parameter values
Fixed:
      zero = 0
       one = 1
    Tbecnw = 75200
Free:
       pc1 = 0
       pc2 = 0
       pc3 = 0
       pc4 = 0
       pc5 = 0
       pc6 = 0
       pc7 = 0
       pc8 = 0
       pc9 = 0
      pc10 = 0
      pc11 = 0
      pc12 = 0
      pc13 = 0
      pc14 = 0
      pc15 = 0
      pc16 = 0
      pc17 = 0
      pc18 = 0
Constrained:
   Tgbecnw = 100523
     Tecnw = 24652.7
       Tnw = 19158.2
       Tec = 10724.1
     twoNb = 2.0441e+06
     twoNe = 1.44929e+06
     twoNc = 1.03257e+07
     twoNn = 3.22619e+06
     twoNw = 2.43345e+06
    twoNec = 127323
    twoNnw = 26102.1
  twoNecnw = 83655.1
  twoNbecnw = 10756.9
  twoNgbecnw = 260520
         m = 0.138007
        m4 = 0.0191986
        m5 = 0.127011
        m6 = 0.0232316
        Ta = 42962
        Td = 5362.04
        Te = 2681.02
        Tf = 1340.51
DiffEv reached_goal. cost=1.87784e-03 spread=2.67316e-06
Fitted parameter values
Free:
       pc1 = 2.0732
       pc2 = -2.65377
       pc3 = 3.96963
       pc4 = 0.22355
       pc5 = 0.807084
       pc6 = 1.47501
       pc7 = 1.98479
       pc8 = 1.40044
       pc9 = 0.392904
      pc10 = 0.973726
      pc11 = 1.50473
      pc12 = 1.17887
      pc13 = 0.0905971
      pc14 = 0.0480781
      pc15 = -0.103727
      pc16 = -0.0550631
      pc17 = 0.0322894
      pc18 = -0.0217278
Constrained:
   Tgbecnw = 78738.3
     Tecnw = 23788.7
       Tnw = 19578
       Tec = 4851.1
     twoNb = 3.51759e+06
     twoNe = 2.04876e+06
     twoNc = 3.64343e+07
     twoNn = 8.52859e+06
     twoNw = 4.76121e+06
    twoNec = 170751
    twoNnw = 19234.9
  twoNecnw = 77119
  twoNbecnw = 1546.72
  twoNgbecnw = 291459
         m = 0.114737
        m4 = 0.0187543
        m5 = 0.140712
        m6 = 0.0296319
        Ta = 40025.6
        Td = 2425.55
        Te = 1212.78
        Tf = 606.388
#       SitePat  BranchLen
              b 123890.8827241
              e 48082.0124338
              c 50528.0876903
              n 45540.6611423
              w 45513.9463445
            b:e 2059.8182201
            b:c 2433.0134968
            b:n 1747.9789720
            b:w 1746.0902230
            e:c 10443.9287615
            e:n 5396.3254578
            e:w 5417.1262877
            c:n 4881.3641398
            c:w 4881.0557829
            n:w 12493.1800627
          b:e:c 2074.7842736
          b:e:n 1114.1006257
          b:e:w 1115.2812319
          b:c:n 1126.1921919
          b:c:w 1124.8254763
          b:n:w 2032.2556605
          e:c:n 4455.2215716
          e:c:w 4461.4438964
          e:n:w 6508.8886479
          c:n:w 5489.3060345
        b:e:c:n 2021.2350844
        b:e:c:w 2023.3099427
        b:e:n:w 3137.0589887
        b:c:n:w 2366.7668438
        e:c:n:w 51703.0587690
