########################################
# legofit: estimate population history #
#       version 2.3.4-4-g53f8760       #
########################################

# Program was compiled: Sep 21 2021 14:36:42
# Program was run: Mon Oct 11 11:16:28 2021

# cmd: legofit -1 -d 0 -t 32 --ptsPerDim 3 --stateOut b1boot25.state --tol 3e-6 -S 5000 adef2.lgo ../../boot/boot25.opf
# Stage nOptItr nSimReps
#     0    5000        0
# algorithm          : deterministic
# ignoring probs <=  : 0
# Branch length floor: 0
# DE strategy        : 2
#    F               : 0.3
#    CR              : 0.8
#    tolerance       : 3e-06
# nthreads           : 32
# lgo input file     : adef2.lgo
# site pat input file: ../../boot/boot25.opf
# free parameters    : 18
# points in DE swarm : 54
# output state file  : b1boot25.state
# Including singleton site patterns.
# cost function      : KL
Initial parameter values
Fixed:
      zero = 0
       one = 1
    Tbecnw = 75200
Free:
       pc1 = 0
       pc2 = 0
       pc3 = 0
       pc4 = 0
       pc5 = 0
       pc6 = 0
       pc7 = 0
       pc8 = 0
       pc9 = 0
      pc10 = 0
      pc11 = 0
      pc12 = 0
      pc13 = 0
      pc14 = 0
      pc15 = 0
      pc16 = 0
      pc17 = 0
      pc18 = 0
Constrained:
   Tgbecnw = 100523
     Tecnw = 24652.7
       Tnw = 19158.2
       Tec = 10724.1
     twoNb = 2.0441e+06
     twoNe = 1.44929e+06
     twoNc = 1.03257e+07
     twoNn = 3.22619e+06
     twoNw = 2.43345e+06
    twoNec = 127323
    twoNnw = 26102.1
  twoNecnw = 83655.1
  twoNbecnw = 10756.9
  twoNgbecnw = 260520
         m = 0.138007
        m4 = 0.0191986
        m5 = 0.127011
        m6 = 0.0232316
        Ta = 42962
        Td = 5362.04
        Te = 2681.02
        Tf = 1340.51
DiffEv reached_goal. cost=1.86758e-03 spread=2.85788e-06
Fitted parameter values
Free:
       pc1 = 2.06489
       pc2 = -2.9986
       pc3 = 3.99064
       pc4 = 0.760417
       pc5 = 0.237804
       pc6 = 0.529648
       pc7 = 1.99477
       pc8 = 1.63367
       pc9 = 0.133605
      pc10 = 1.73207
      pc11 = 1.55655
      pc12 = 0.649531
      pc13 = 0.144764
      pc14 = 0.0988194
      pc15 = -0.155001
      pc16 = -0.0280813
      pc17 = -0.00400825
      pc18 = -0.012851
Constrained:
   Tgbecnw = 78077.3
     Tecnw = 23453.2
       Tnw = 19142.4
       Tec = 4897.61
     twoNb = 4.21494e+06
     twoNe = 792209
     twoNc = 2.64731e+07
     twoNn = 2.42467e+06
     twoNw = 4.9279e+06
    twoNec = 169822
    twoNnw = 19861.2
  twoNecnw = 78483.3
  twoNbecnw = 1234.49
  twoNgbecnw = 301278
         m = 0.110328
        m4 = 0.0191094
        m5 = 0.137369
        m6 = 0.0278195
        Ta = 40048.8
        Td = 2448.81
        Te = 1224.4
        Tf = 612.202
#       SitePat  BranchLen
              b 123305.0342590
              e 48057.4847294
              c 50505.3324956
              n 45464.6465931
              w 45440.1337895
            b:e 2045.8896517
            b:c 2409.1106015
            b:n 1736.9098092
            b:w 1735.1922145
            e:c 10421.7724318
            e:n 5407.2135077
            e:w 5426.4726496
            c:n 4891.0687116
            c:w 4890.6479688
            n:w 12529.7674750
          b:e:c 2061.7387160
          b:e:n 1110.0117401
          b:e:w 1111.1043677
          b:c:n 1122.0837630
          b:c:w 1120.8171265
          b:n:w 2018.5340004
          e:c:n 4425.1858400
          e:c:w 4430.8602443
          e:n:w 6452.9952013
          c:n:w 5451.1072755
        b:e:c:n 2016.5810743
        b:e:c:w 2018.4726779
        b:e:n:w 3138.6741599
        b:c:n:w 2359.6778406
        e:c:n:w 51185.3752348
