########################################
# legofit: estimate population history #
#       version 2.3.4-4-g53f8760       #
########################################

# Program was compiled: Sep 21 2021 14:36:42
# Program was run: Mon Oct 11 11:14:19 2021

# cmd: legofit -1 -d 0 -t 32 --ptsPerDim 3 --stateOut b1boot8.state --tol 3e-6 -S 5000 adef2.lgo ../../boot/boot8.opf
# Stage nOptItr nSimReps
#     0    5000        0
# algorithm          : deterministic
# ignoring probs <=  : 0
# Branch length floor: 0
# DE strategy        : 2
#    F               : 0.3
#    CR              : 0.8
#    tolerance       : 3e-06
# nthreads           : 32
# lgo input file     : adef2.lgo
# site pat input file: ../../boot/boot8.opf
# free parameters    : 18
# points in DE swarm : 54
# output state file  : b1boot8.state
# Including singleton site patterns.
# cost function      : KL
Initial parameter values
Fixed:
      zero = 0
       one = 1
    Tbecnw = 75200
Free:
       pc1 = 0
       pc2 = 0
       pc3 = 0
       pc4 = 0
       pc5 = 0
       pc6 = 0
       pc7 = 0
       pc8 = 0
       pc9 = 0
      pc10 = 0
      pc11 = 0
      pc12 = 0
      pc13 = 0
      pc14 = 0
      pc15 = 0
      pc16 = 0
      pc17 = 0
      pc18 = 0
Constrained:
   Tgbecnw = 100523
     Tecnw = 24652.7
       Tnw = 19158.2
       Tec = 10724.1
     twoNb = 2.0441e+06
     twoNe = 1.44929e+06
     twoNc = 1.03257e+07
     twoNn = 3.22619e+06
     twoNw = 2.43345e+06
    twoNec = 127323
    twoNnw = 26102.1
  twoNecnw = 83655.1
  twoNbecnw = 10756.9
  twoNgbecnw = 260520
         m = 0.138007
        m4 = 0.0191986
        m5 = 0.127011
        m6 = 0.0232316
        Ta = 42962
        Td = 5362.04
        Te = 2681.02
        Tf = 1340.51
DiffEv reached_goal. cost=1.85977e-03 spread=2.78982e-06
Fitted parameter values
Free:
       pc1 = 2.52988
       pc2 = -3.25866
       pc3 = 3.02402
       pc4 = -0.436129
       pc5 = -0.331279
       pc6 = 0.940461
       pc7 = 1.95971
       pc8 = 1.79348
       pc9 = 1.0884
      pc10 = 1.79678
      pc11 = 1.28013
      pc12 = 0.754541
      pc13 = -0.0380743
      pc14 = 0.0710226
      pc15 = -0.0354391
      pc16 = -0.0722625
      pc17 = -0.00171048
      pc18 = -0.00124156
Constrained:
   Tgbecnw = 80734
     Tecnw = 23905.7
       Tnw = 18700.4
       Tec = 3061.96
     twoNb = 6.80495e+06
     twoNe = 1.2657e+06
     twoNc = 3.01977e+07
     twoNn = 3.99226e+06
     twoNw = 4.01114e+06
    twoNec = 192023
    twoNnw = 24172.7
  twoNecnw = 77552.5
  twoNbecnw = 2393.53
  twoNgbecnw = 291944
         m = 0.113337
        m4 = 0.0185134
        m5 = 0.14085
        m6 = 0.0328336
        Ta = 39131
        Td = 1530.98
        Te = 765.489
        Tf = 382.745
#       SitePat  BranchLen
              b 123911.7498515
              e 48268.6117191
              c 50676.0833815
              n 45703.6719921
              w 45671.5011035
            b:e 2062.2026868
            b:c 2412.3170717
            b:n 1750.8902813
            b:w 1748.6561668
            e:c 10458.6822354
            e:n 5442.7553395
            e:w 5467.2946829
            c:n 4934.6833464
            c:w 4934.9194237
            n:w 12523.7031577
          b:e:c 2059.0052905
          b:e:n 1119.3554129
          b:e:w 1120.6884938
          b:c:n 1130.7309116
          b:c:w 1129.1803596
          b:n:w 2017.9881187
          e:c:n 4466.6341177
          e:c:w 4474.0295856
          e:n:w 6488.2605928
          c:n:w 5506.5597267
        b:e:c:n 2021.9912408
        b:e:c:w 2024.4428264
        b:e:n:w 3122.0355080
        b:c:n:w 2366.7299859
        e:c:n:w 51401.9747029
