########################################
# legofit: estimate population history #
#       version 2.3.4-4-g53f8760       #
########################################

# Program was compiled: Sep 21 2021 14:36:42
# Program was run: Mon Oct 11 11:13:27 2021

# cmd: legofit -1 -d 0 -t 32 --ptsPerDim 3 --stateOut b1boot4.state --tol 3e-6 -S 5000 adef2.lgo ../../boot/boot4.opf
# Stage nOptItr nSimReps
#     0    5000        0
# algorithm          : deterministic
# ignoring probs <=  : 0
# Branch length floor: 0
# DE strategy        : 2
#    F               : 0.3
#    CR              : 0.8
#    tolerance       : 3e-06
# nthreads           : 32
# lgo input file     : adef2.lgo
# site pat input file: ../../boot/boot4.opf
# free parameters    : 18
# points in DE swarm : 54
# output state file  : b1boot4.state
# Including singleton site patterns.
# cost function      : KL
Initial parameter values
Fixed:
      zero = 0
       one = 1
    Tbecnw = 75200
Free:
       pc1 = 0
       pc2 = 0
       pc3 = 0
       pc4 = 0
       pc5 = 0
       pc6 = 0
       pc7 = 0
       pc8 = 0
       pc9 = 0
      pc10 = 0
      pc11 = 0
      pc12 = 0
      pc13 = 0
      pc14 = 0
      pc15 = 0
      pc16 = 0
      pc17 = 0
      pc18 = 0
Constrained:
   Tgbecnw = 100523
     Tecnw = 24652.7
       Tnw = 19158.2
       Tec = 10724.1
     twoNb = 2.0441e+06
     twoNe = 1.44929e+06
     twoNc = 1.03257e+07
     twoNn = 3.22619e+06
     twoNw = 2.43345e+06
    twoNec = 127323
    twoNnw = 26102.1
  twoNecnw = 83655.1
  twoNbecnw = 10756.9
  twoNgbecnw = 260520
         m = 0.138007
        m4 = 0.0191986
        m5 = 0.127011
        m6 = 0.0232316
        Ta = 42962
        Td = 5362.04
        Te = 2681.02
        Tf = 1340.51
DiffEv reached_goal. cost=1.88132e-03 spread=2.98223e-06
Fitted parameter values
Free:
       pc1 = 1.37582
       pc2 = -3.18545
       pc3 = 3.76189
       pc4 = 0.39706
       pc5 = 0.124979
       pc6 = 1.16396
       pc7 = 1.93765
       pc8 = 1.89127
       pc9 = 0.491184
      pc10 = 1.72807
      pc11 = 1.20379
      pc12 = 0.567255
      pc13 = 0.0354227
      pc14 = 0.287905
      pc15 = -0.0596468
      pc16 = -0.0381184
      pc17 = -0.0070349
      pc18 = 0.00284896
Constrained:
   Tgbecnw = 79202.9
     Tecnw = 23277.6
       Tnw = 19429.9
       Tec = 5292.36
     twoNb = 5.22434e+06
     twoNe = 1.14544e+06
     twoNc = 3.73797e+07
     twoNn = 4.32221e+06
     twoNw = 4.61621e+06
    twoNec = 169635
    twoNnw = 18064.8
  twoNecnw = 79596.8
  twoNbecnw = 1719.03
  twoNgbecnw = 298296
         m = 0.114077
        m4 = 0.018462
        m5 = 0.128853
        m6 = 0.0243092
        Ta = 40246.2
        Td = 2646.18
        Te = 1323.09
        Tf = 661.545
#       SitePat  BranchLen
              b 124209.5155678
              e 48311.5160841
              c 50661.0714048
              n 45714.7154128
              w 45690.1405069
            b:e 2064.2700662
            b:c 2412.3487647
            b:n 1755.3248075
            b:w 1753.5885869
            e:c 10444.4657814
            e:n 5436.7862848
            e:w 5456.3785014
            c:n 4946.0034723
            c:w 4945.2634638
            n:w 12535.3462349
          b:e:c 2072.6900175
          b:e:n 1122.3025869
          b:e:w 1123.4420944
          b:c:n 1133.6877440
          b:c:w 1132.3723124
          b:n:w 2030.2941129
          e:c:n 4458.3542503
          e:c:w 4464.0769481
          e:n:w 6434.8853234
          c:n:w 5480.3721951
        b:e:c:n 2038.3975222
        b:e:c:w 2040.3096669
        b:e:n:w 3142.9438292
        b:c:n:w 2381.4051807
        e:c:n:w 51802.0741361
