########################################
# legofit: estimate population history #
#       version 2.3.4-4-g53f8760       #
########################################

# Program was compiled: Sep 21 2021 14:36:42
# Program was run: Mon Oct 11 11:15:31 2021

# cmd: legofit -1 -d 0 -t 32 --ptsPerDim 3 --stateOut b1boot17.state --tol 3e-6 -S 5000 adef2.lgo ../../boot/boot17.opf
# Stage nOptItr nSimReps
#     0    5000        0
# algorithm          : deterministic
# ignoring probs <=  : 0
# Branch length floor: 0
# DE strategy        : 2
#    F               : 0.3
#    CR              : 0.8
#    tolerance       : 3e-06
# nthreads           : 32
# lgo input file     : adef2.lgo
# site pat input file: ../../boot/boot17.opf
# free parameters    : 18
# points in DE swarm : 54
# output state file  : b1boot17.state
# Including singleton site patterns.
# cost function      : KL
Initial parameter values
Fixed:
      zero = 0
       one = 1
    Tbecnw = 75200
Free:
       pc1 = 0
       pc2 = 0
       pc3 = 0
       pc4 = 0
       pc5 = 0
       pc6 = 0
       pc7 = 0
       pc8 = 0
       pc9 = 0
      pc10 = 0
      pc11 = 0
      pc12 = 0
      pc13 = 0
      pc14 = 0
      pc15 = 0
      pc16 = 0
      pc17 = 0
      pc18 = 0
Constrained:
   Tgbecnw = 100523
     Tecnw = 24652.7
       Tnw = 19158.2
       Tec = 10724.1
     twoNb = 2.0441e+06
     twoNe = 1.44929e+06
     twoNc = 1.03257e+07
     twoNn = 3.22619e+06
     twoNw = 2.43345e+06
    twoNec = 127323
    twoNnw = 26102.1
  twoNecnw = 83655.1
  twoNbecnw = 10756.9
  twoNgbecnw = 260520
         m = 0.138007
        m4 = 0.0191986
        m5 = 0.127011
        m6 = 0.0232316
        Ta = 42962
        Td = 5362.04
        Te = 2681.02
        Tf = 1340.51
DiffEv reached_goal. cost=1.89114e-03 spread=2.83287e-06
Fitted parameter values
Free:
       pc1 = 2.25032
       pc2 = -3.39931
       pc3 = 3.42089
       pc4 = -0.323396
       pc5 = -0.0820702
       pc6 = 0.607961
       pc7 = 1.96125
       pc8 = 1.95655
       pc9 = -0.440503
      pc10 = 0.932515
      pc11 = 1.46995
      pc12 = 0.751005
      pc13 = -0.119832
      pc14 = 0.154055
      pc15 = -0.014567
      pc16 = -0.0964516
      pc17 = 0.00224642
      pc18 = -0.0100976
Constrained:
   Tgbecnw = 79209.8
     Tecnw = 23609.3
       Tnw = 18577.1
       Tec = 3602.18
     twoNb = 4.42432e+06
     twoNe = 2.75083e+06
     twoNc = 3.05726e+07
     twoNn = -872158
     twoNw = 4.48119e+06
    twoNec = 187354
    twoNnw = 23693.9
  twoNecnw = 77550.5
  twoNbecnw = 1761.35
  twoNgbecnw = 287983
         m = 0.114975
        m4 = 0.0188178
        m5 = 0.129557
        m6 = 0.0266604
        Ta = 39401.1
        Td = 1801.09
        Te = 900.544
        Tf = 450.272
#       SitePat  BranchLen
              b 123676.4863345
              e 48148.2760400
              c 50484.3574745
              n 45592.8147347
              w 45567.3428798
            b:e 2074.6993847
            b:c 2429.5387402
            b:n 1765.9946983
            b:w 1764.2071062
            e:c 10483.8241639
            e:n 5429.9449372
            e:w 5449.9337197
            c:n 4940.0457590
            c:w 4939.6479458
            n:w 12534.7658459
          b:e:c 2077.0697196
          b:e:n 1126.6281874
          b:e:w 1127.7621640
          b:c:n 1138.0424590
          b:c:w 1136.7325232
          b:n:w 2035.5187138
          e:c:n 4490.4544736
          e:c:w 4496.3353592
          e:n:w 6466.8449554
          c:n:w 5510.7429432
        b:e:c:n 2042.3695126
        b:e:c:w 2044.3330639
        b:e:n:w 3139.3271575
        b:c:n:w 2384.3084611
        e:c:n:w 51365.2156272
