########################################
# legofit: estimate population history #
#       version 2.3.4-4-g53f8760       #
########################################

# Program was compiled: Sep 21 2021 14:36:42
# Program was run: Mon Oct 11 11:17:59 2021

# cmd: legofit -1 -d 0 -t 32 --ptsPerDim 3 --stateOut b1boot37.state --tol 3e-6 -S 5000 adef2.lgo ../../boot/boot37.opf
# Stage nOptItr nSimReps
#     0    5000        0
# algorithm          : deterministic
# ignoring probs <=  : 0
# Branch length floor: 0
# DE strategy        : 2
#    F               : 0.3
#    CR              : 0.8
#    tolerance       : 3e-06
# nthreads           : 32
# lgo input file     : adef2.lgo
# site pat input file: ../../boot/boot37.opf
# free parameters    : 18
# points in DE swarm : 54
# output state file  : b1boot37.state
# Including singleton site patterns.
# cost function      : KL
Initial parameter values
Fixed:
      zero = 0
       one = 1
    Tbecnw = 75200
Free:
       pc1 = 0
       pc2 = 0
       pc3 = 0
       pc4 = 0
       pc5 = 0
       pc6 = 0
       pc7 = 0
       pc8 = 0
       pc9 = 0
      pc10 = 0
      pc11 = 0
      pc12 = 0
      pc13 = 0
      pc14 = 0
      pc15 = 0
      pc16 = 0
      pc17 = 0
      pc18 = 0
Constrained:
   Tgbecnw = 100523
     Tecnw = 24652.7
       Tnw = 19158.2
       Tec = 10724.1
     twoNb = 2.0441e+06
     twoNe = 1.44929e+06
     twoNc = 1.03257e+07
     twoNn = 3.22619e+06
     twoNw = 2.43345e+06
    twoNec = 127323
    twoNnw = 26102.1
  twoNecnw = 83655.1
  twoNbecnw = 10756.9
  twoNgbecnw = 260520
         m = 0.138007
        m4 = 0.0191986
        m5 = 0.127011
        m6 = 0.0232316
        Ta = 42962
        Td = 5362.04
        Te = 2681.02
        Tf = 1340.51
DiffEv reached_goal. cost=1.88683e-03 spread=2.79288e-06
Fitted parameter values
Free:
       pc1 = 0.662244
       pc2 = -3.35156
       pc3 = 3.96832
       pc4 = 0.110202
       pc5 = -0.249586
       pc6 = 0.942875
       pc7 = 1.98361
       pc8 = 1.8269
       pc9 = -0.338923
      pc10 = 0.486428
      pc11 = 0.480066
      pc12 = 0.548809
      pc13 = 0.124607
      pc14 = 0.197177
      pc15 = -0.0594153
      pc16 = -0.0281299
      pc17 = 0.0154836
      pc18 = -0.0322941
Constrained:
   Tgbecnw = 79591.5
     Tecnw = 23124.5
       Tnw = 19373.8
       Tec = 7710.53
     twoNb = 4.22965e+06
     twoNe = 3.14337e+06
     twoNc = 3.24981e+07
     twoNn = 124156
     twoNw = 4.41331e+06
    twoNec = 147226
    twoNnw = 17710.9
  twoNecnw = 79678.6
  twoNbecnw = 1899.38
  twoNgbecnw = 292534
         m = 0.117526
        m4 = 0.017876
        m5 = 0.123233
        m6 = 0.0102488
        Ta = 41455.3
        Td = 3855.26
        Te = 1927.63
        Tf = 963.816
#       SitePat  BranchLen
              b 124587.4511336
              e 48330.1850784
              c 50769.1131845
              n 45720.7877779
              w 45699.3634485
            b:e 2054.4130858
            b:c 2415.5187806
            b:n 1756.6318999
            b:w 1755.1112913
            e:c 10433.0099926
            e:n 5440.2852328
            e:w 5459.5592896
            c:n 4922.8324617
            c:w 4919.9871055
            n:w 12608.6479010
          b:e:c 2078.5214237
          b:e:n 1117.9551157
          b:e:w 1119.2179442
          b:c:n 1129.7151188
          b:c:w 1128.2980896
          b:n:w 2036.8345455
          e:c:n 4479.3657327
          e:c:w 4484.3613614
          e:n:w 6455.7285010
          c:n:w 5454.8475815
        b:e:c:n 2037.8785235
        b:e:c:w 2039.5533327
        b:e:n:w 3131.4925394
        b:c:n:w 2368.5242223
        e:c:n:w 52095.5901354
