########################################
# legofit: estimate population history #
#       version 2.3.4-4-g53f8760       #
########################################

# Program was compiled: Sep 21 2021 14:36:42
# Program was run: Mon Oct 11 11:19:22 2021

# cmd: legofit -1 -d 0 -t 32 --ptsPerDim 3 --stateOut b1boot46.state --tol 3e-6 -S 5000 adef2.lgo ../../boot/boot46.opf
# Stage nOptItr nSimReps
#     0    5000        0
# algorithm          : deterministic
# ignoring probs <=  : 0
# Branch length floor: 0
# DE strategy        : 2
#    F               : 0.3
#    CR              : 0.8
#    tolerance       : 3e-06
# nthreads           : 32
# lgo input file     : adef2.lgo
# site pat input file: ../../boot/boot46.opf
# free parameters    : 18
# points in DE swarm : 54
# output state file  : b1boot46.state
# Including singleton site patterns.
# cost function      : KL
Initial parameter values
Fixed:
      zero = 0
       one = 1
    Tbecnw = 75200
Free:
       pc1 = 0
       pc2 = 0
       pc3 = 0
       pc4 = 0
       pc5 = 0
       pc6 = 0
       pc7 = 0
       pc8 = 0
       pc9 = 0
      pc10 = 0
      pc11 = 0
      pc12 = 0
      pc13 = 0
      pc14 = 0
      pc15 = 0
      pc16 = 0
      pc17 = 0
      pc18 = 0
Constrained:
   Tgbecnw = 100523
     Tecnw = 24652.7
       Tnw = 19158.2
       Tec = 10724.1
     twoNb = 2.0441e+06
     twoNe = 1.44929e+06
     twoNc = 1.03257e+07
     twoNn = 3.22619e+06
     twoNw = 2.43345e+06
    twoNec = 127323
    twoNnw = 26102.1
  twoNecnw = 83655.1
  twoNbecnw = 10756.9
  twoNgbecnw = 260520
         m = 0.138007
        m4 = 0.0191986
        m5 = 0.127011
        m6 = 0.0232316
        Ta = 42962
        Td = 5362.04
        Te = 2681.02
        Tf = 1340.51
DiffEv reached_goal. cost=1.80853e-03 spread=2.31592e-06
Fitted parameter values
Free:
       pc1 = 2.32492
       pc2 = -3
       pc3 = 3.91851
       pc4 = 1.08889
       pc5 = 0.531125
       pc6 = 0.531292
       pc7 = 1.90025
       pc8 = 1.21795
       pc9 = 0.85249
      pc10 = 1.51651
      pc11 = 1.01114
      pc12 = 0.980565
      pc13 = -0.0441243
      pc14 = 0.219861
      pc15 = 0.0724705
      pc16 = -0.054616
      pc17 = -0.0342374
      pc18 = 0.00667346
Constrained:
   Tgbecnw = 79015.8
     Tecnw = 23678.4
       Tnw = 19167.1
       Tec = 5685.09
     twoNb = 3.97671e+06
     twoNe = 127708
     twoNc = 1.82229e+07
     twoNn = 5.8227e+06
     twoNw = 4.73021e+06
    twoNec = 163228
    twoNnw = 20845.1
  twoNecnw = 76561
  twoNbecnw = 1643.79
  twoNgbecnw = 303003
         m = 0.108397
        m4 = 0.018463
        m5 = 0.136294
        m6 = 0.0334716
        Ta = 40442.5
        Td = 2842.55
        Te = 1421.27
        Tf = 710.636
#       SitePat  BranchLen
              b 123679.4427356
              e 48013.8121338
              c 50328.5177629
              n 45405.1722760
              w 45379.2323023
            b:e 2072.1730668
            b:c 2422.2201479
            b:n 1758.6454254
            b:w 1756.7995417
            e:c 10396.4863823
            e:n 5401.6580649
            e:w 5421.0444862
            c:n 4918.6865058
            c:w 4919.1479137
            n:w 12470.2333263
          b:e:c 2076.5679078
          b:e:n 1120.6431129
          b:e:w 1121.7013711
          b:c:n 1132.1183938
          b:c:w 1130.8803649
          b:n:w 2034.7777135
          e:c:n 4485.5757321
          e:c:w 4491.6678767
          e:n:w 6484.0622162
          c:n:w 5528.9187708
        b:e:c:n 2031.1835063
        b:e:c:w 2033.2091608
        b:e:n:w 3123.5055893
        b:c:n:w 2378.1099737
        e:c:n:w 51598.6876121
