########################################
# legofit: estimate population history #
#       version 2.3.4-4-g53f8760       #
########################################

# Program was compiled: Sep 21 2021 14:36:42
# Program was run: Mon Oct 11 11:13:28 2021

# cmd: legofit -1 -d 0 -t 32 --ptsPerDim 3 --stateOut b1boot1.state --tol 3e-6 -S 5000 adef2.lgo ../../boot/boot1.opf
# Stage nOptItr nSimReps
#     0    5000        0
# algorithm          : deterministic
# ignoring probs <=  : 0
# Branch length floor: 0
# DE strategy        : 2
#    F               : 0.3
#    CR              : 0.8
#    tolerance       : 3e-06
# nthreads           : 32
# lgo input file     : adef2.lgo
# site pat input file: ../../boot/boot1.opf
# free parameters    : 18
# points in DE swarm : 54
# output state file  : b1boot1.state
# Including singleton site patterns.
# cost function      : KL
Initial parameter values
Fixed:
      zero = 0
       one = 1
    Tbecnw = 75200
Free:
       pc1 = 0
       pc2 = 0
       pc3 = 0
       pc4 = 0
       pc5 = 0
       pc6 = 0
       pc7 = 0
       pc8 = 0
       pc9 = 0
      pc10 = 0
      pc11 = 0
      pc12 = 0
      pc13 = 0
      pc14 = 0
      pc15 = 0
      pc16 = 0
      pc17 = 0
      pc18 = 0
Constrained:
   Tgbecnw = 100523
     Tecnw = 24652.7
       Tnw = 19158.2
       Tec = 10724.1
     twoNb = 2.0441e+06
     twoNe = 1.44929e+06
     twoNc = 1.03257e+07
     twoNn = 3.22619e+06
     twoNw = 2.43345e+06
    twoNec = 127323
    twoNnw = 26102.1
  twoNecnw = 83655.1
  twoNbecnw = 10756.9
  twoNgbecnw = 260520
         m = 0.138007
        m4 = 0.0191986
        m5 = 0.127011
        m6 = 0.0232316
        Ta = 42962
        Td = 5362.04
        Te = 2681.02
        Tf = 1340.51
DiffEv reached_goal. cost=1.85585e-03 spread=2.54755e-06
Fitted parameter values
Free:
       pc1 = 2.52002
       pc2 = -3.67422
       pc3 = 3.85126
       pc4 = -0.543291
       pc5 = 0.447001
       pc6 = 2.40565
       pc7 = 1.98826
       pc8 = 1.53221
       pc9 = 0.684519
      pc10 = 1.97541
      pc11 = 1.77948
      pc12 = 0.877349
      pc13 = 0.127911
      pc14 = 0.0361185
      pc15 = -0.113619
      pc16 = -0.0333586
      pc17 = 0.00192116
      pc18 = -0.0110757
Constrained:
   Tgbecnw = 77682.6
     Tecnw = 23534.5
       Tnw = 19146.1
       Tec = 2046.36
     twoNb = 6.18885e+06
     twoNe = 2.42285e+06
     twoNc = 4.76349e+07
     twoNn = 1.12024e+07
     twoNw = 4.41663e+06
    twoNec = 204222
    twoNnw = 20393.2
  twoNecnw = 77161.3
  twoNbecnw = 1070.29
  twoNgbecnw = 302959
         m = 0.108632
        m4 = 0.0189363
        m5 = 0.135224
        m6 = 0.0241792
        Ta = 38623.2
        Td = 1023.18
        Te = 511.591
        Tf = 255.796
#       SitePat  BranchLen
              b 123227.4111827
              e 47897.4917899
              c 50350.8454842
              n 45389.9947471
              w 45362.4783305
            b:e 2060.0578423
            b:c 2419.6324653
            b:n 1746.5222518
            b:w 1744.5944291
            e:c 10432.8387053
            e:n 5411.4324880
            e:w 5433.7433308
            c:n 4897.0782387
            c:w 4895.9482803
            n:w 12448.9840494
          b:e:c 2063.7057005
          b:e:n 1118.6501669
          b:e:w 1119.9568056
          b:c:n 1130.8396535
          b:c:w 1129.3403869
          b:n:w 2020.5682523
          e:c:n 4439.4048946
          e:c:w 4445.7404269
          e:n:w 6477.7670366
          c:n:w 5473.7572177
        b:e:c:n 2023.4605102
        b:e:c:w 2025.5809608
        b:e:n:w 3149.7136349
        b:c:n:w 2371.3711516
        e:c:n:w 51251.8613178
