########################################
# legofit: estimate population history #
#       version 2.3.4-4-g53f8760       #
########################################

# Program was compiled: Sep 21 2021 14:36:42
# Program was run: Mon Oct 11 11:19:11 2021

# cmd: legofit -1 -d 0 -t 32 --ptsPerDim 3 --stateOut b1boot44.state --tol 3e-6 -S 5000 adef2.lgo ../../boot/boot44.opf
# Stage nOptItr nSimReps
#     0    5000        0
# algorithm          : deterministic
# ignoring probs <=  : 0
# Branch length floor: 0
# DE strategy        : 2
#    F               : 0.3
#    CR              : 0.8
#    tolerance       : 3e-06
# nthreads           : 32
# lgo input file     : adef2.lgo
# site pat input file: ../../boot/boot44.opf
# free parameters    : 18
# points in DE swarm : 54
# output state file  : b1boot44.state
# Including singleton site patterns.
# cost function      : KL
Initial parameter values
Fixed:
      zero = 0
       one = 1
    Tbecnw = 75200
Free:
       pc1 = 0
       pc2 = 0
       pc3 = 0
       pc4 = 0
       pc5 = 0
       pc6 = 0
       pc7 = 0
       pc8 = 0
       pc9 = 0
      pc10 = 0
      pc11 = 0
      pc12 = 0
      pc13 = 0
      pc14 = 0
      pc15 = 0
      pc16 = 0
      pc17 = 0
      pc18 = 0
Constrained:
   Tgbecnw = 100523
     Tecnw = 24652.7
       Tnw = 19158.2
       Tec = 10724.1
     twoNb = 2.0441e+06
     twoNe = 1.44929e+06
     twoNc = 1.03257e+07
     twoNn = 3.22619e+06
     twoNw = 2.43345e+06
    twoNec = 127323
    twoNnw = 26102.1
  twoNecnw = 83655.1
  twoNbecnw = 10756.9
  twoNgbecnw = 260520
         m = 0.138007
        m4 = 0.0191986
        m5 = 0.127011
        m6 = 0.0232316
        Ta = 42962
        Td = 5362.04
        Te = 2681.02
        Tf = 1340.51
DiffEv reached_goal. cost=1.86930e-03 spread=1.80247e-06
Fitted parameter values
Free:
       pc1 = 2.06352
       pc2 = -2.78318
       pc3 = 3.96336
       pc4 = 0.843733
       pc5 = 1.34618
       pc6 = 1.95014
       pc7 = 1.97854
       pc8 = 1.29395
       pc9 = 1.38345
      pc10 = 1.27886
      pc11 = 1.41044
      pc12 = 0.713954
      pc13 = -0.00139832
      pc14 = -0.0438237
      pc15 = -0.0710434
      pc16 = -0.000345866
      pc17 = -0.0101051
      pc18 = -0.00171063
Constrained:
   Tgbecnw = 79000.6
     Tecnw = 23557.9
       Tnw = 19448.8
       Tec = 4493.56
     twoNb = 3.58145e+06
     twoNe = 768841
     twoNc = 3.51286e+07
     twoNn = 1.44327e+07
     twoNw = 4.8677e+06
    twoNec = 176123
    twoNnw = 18882.3
  twoNecnw = 78368.3
  twoNbecnw = 1635.91
  twoNgbecnw = 299795
         m = 0.110985
        m4 = 0.018164
        m5 = 0.144229
        m6 = 0.0316805
        Ta = 39846.8
        Td = 2246.78
        Te = 1123.39
        Tf = 561.695
#       SitePat  BranchLen
              b 123702.3127101
              e 48154.3271627
              c 50588.9279212
              n 45543.5564000
              w 45516.5324790
            b:e 2068.4516195
            b:c 2431.7960924
            b:n 1751.5435723
            b:w 1749.6319627
            e:c 10389.4498813
            e:n 5445.8362093
            e:w 5466.6812086
            c:n 4927.1650434
            c:w 4927.0462570
            n:w 12493.8859441
          b:e:c 2071.5297671
          b:e:n 1122.9733564
          b:e:w 1124.1439408
          b:c:n 1135.0914365
          b:c:w 1133.7296004
          b:n:w 2028.0737151
          e:c:n 4446.7296772
          e:c:w 4453.0273853
          e:n:w 6507.1821420
          c:n:w 5498.8782505
        b:e:c:n 2030.4609091
        b:e:c:w 2032.5637705
        b:e:n:w 3135.0195503
        b:c:n:w 2381.9803740
        e:c:n:w 51450.9260114
