########################################
# legofit: estimate population history #
#       version 2.3.4-4-g53f8760       #
########################################

# Program was compiled: Sep 21 2021 14:36:42
# Program was run: Mon Oct 11 11:13:28 2021

# cmd: legofit -1 -d 0 -t 32 --ptsPerDim 3 --stateOut b1boot2.state --tol 3e-6 -S 5000 adef2.lgo ../../boot/boot2.opf
# Stage nOptItr nSimReps
#     0    5000        0
# algorithm          : deterministic
# ignoring probs <=  : 0
# Branch length floor: 0
# DE strategy        : 2
#    F               : 0.3
#    CR              : 0.8
#    tolerance       : 3e-06
# nthreads           : 32
# lgo input file     : adef2.lgo
# site pat input file: ../../boot/boot2.opf
# free parameters    : 18
# points in DE swarm : 54
# output state file  : b1boot2.state
# Including singleton site patterns.
# cost function      : KL
Initial parameter values
Fixed:
      zero = 0
       one = 1
    Tbecnw = 75200
Free:
       pc1 = 0
       pc2 = 0
       pc3 = 0
       pc4 = 0
       pc5 = 0
       pc6 = 0
       pc7 = 0
       pc8 = 0
       pc9 = 0
      pc10 = 0
      pc11 = 0
      pc12 = 0
      pc13 = 0
      pc14 = 0
      pc15 = 0
      pc16 = 0
      pc17 = 0
      pc18 = 0
Constrained:
   Tgbecnw = 100523
     Tecnw = 24652.7
       Tnw = 19158.2
       Tec = 10724.1
     twoNb = 2.0441e+06
     twoNe = 1.44929e+06
     twoNc = 1.03257e+07
     twoNn = 3.22619e+06
     twoNw = 2.43345e+06
    twoNec = 127323
    twoNnw = 26102.1
  twoNecnw = 83655.1
  twoNbecnw = 10756.9
  twoNgbecnw = 260520
         m = 0.138007
        m4 = 0.0191986
        m5 = 0.127011
        m6 = 0.0232316
        Ta = 42962
        Td = 5362.04
        Te = 2681.02
        Tf = 1340.51
DiffEv reached_goal. cost=1.88193e-03 spread=2.89481e-06
Fitted parameter values
Free:
       pc1 = 1.05786
       pc2 = -3.40127
       pc3 = 3.99901
       pc4 = 0.486806
       pc5 = 0.105216
       pc6 = 1.12913
       pc7 = 1.91274
       pc8 = 1.63077
       pc9 = 0.124723
      pc10 = 0.769757
      pc11 = 0.980011
      pc12 = 0.569387
      pc13 = -0.0819533
      pc14 = 0.247033
      pc15 = -0.0276764
      pc16 = -0.0322552
      pc17 = -0.0197678
      pc18 = -0.00148836
Constrained:
   Tgbecnw = 79049.8
     Tecnw = 23135.5
       Tnw = 19542.7
       Tec = 6316.11
     twoNb = 3.93476e+06
     twoNe = 2.32544e+06
     twoNc = 3.06224e+07
     twoNn = 3.32312e+06
     twoNw = 4.45451e+06
    twoNec = 160704
    twoNnw = 16905.8
  twoNecnw = 79464.6
  twoNbecnw = 1657.79
  twoNgbecnw = 297308
         m = 0.113062
        m4 = 0.0179949
        m5 = 0.125549
        m6 = 0.0205789
        Ta = 40758.1
        Td = 3158.05
        Te = 1579.03
        Tf = 789.513
#       SitePat  BranchLen
              b 123833.6376754
              e 48266.5402917
              c 50586.1352459
              n 45633.7755529
              w 45609.8124975
            b:e 2064.2707224
            b:c 2411.8044064
            b:n 1755.4478389
            b:w 1753.7446257
            e:c 10408.0169419
            e:n 5434.8848742
            e:w 5454.4972952
            c:n 4947.6075279
            c:w 4946.3428584
            n:w 12532.9822180
          b:e:c 2073.6576755
          b:e:n 1121.6397302
          b:e:w 1122.8200555
          b:c:n 1133.1778917
          b:c:w 1131.8250649
          b:n:w 2031.0985779
          e:c:n 4466.5333312
          e:c:w 4472.1486351
          e:n:w 6437.2704375
          c:n:w 5486.8378650
        b:e:c:n 2037.9192033
        b:e:c:w 2039.7949181
        b:e:n:w 3122.6267397
        b:c:n:w 2380.8190629
        e:c:n:w 51491.6635604
