########################################
# legofit: estimate population history #
#       version 2.3.4-4-g53f8760       #
########################################

# Program was compiled: Sep 21 2021 14:36:42
# Program was run: Mon Oct 11 11:17:38 2021

# cmd: legofit -1 -d 0 -t 32 --ptsPerDim 3 --stateOut b1boot34.state --tol 3e-6 -S 5000 adef2.lgo ../../boot/boot34.opf
# Stage nOptItr nSimReps
#     0    5000        0
# algorithm          : deterministic
# ignoring probs <=  : 0
# Branch length floor: 0
# DE strategy        : 2
#    F               : 0.3
#    CR              : 0.8
#    tolerance       : 3e-06
# nthreads           : 32
# lgo input file     : adef2.lgo
# site pat input file: ../../boot/boot34.opf
# free parameters    : 18
# points in DE swarm : 54
# output state file  : b1boot34.state
# Including singleton site patterns.
# cost function      : KL
Initial parameter values
Fixed:
      zero = 0
       one = 1
    Tbecnw = 75200
Free:
       pc1 = 0
       pc2 = 0
       pc3 = 0
       pc4 = 0
       pc5 = 0
       pc6 = 0
       pc7 = 0
       pc8 = 0
       pc9 = 0
      pc10 = 0
      pc11 = 0
      pc12 = 0
      pc13 = 0
      pc14 = 0
      pc15 = 0
      pc16 = 0
      pc17 = 0
      pc18 = 0
Constrained:
   Tgbecnw = 100523
     Tecnw = 24652.7
       Tnw = 19158.2
       Tec = 10724.1
     twoNb = 2.0441e+06
     twoNe = 1.44929e+06
     twoNc = 1.03257e+07
     twoNn = 3.22619e+06
     twoNw = 2.43345e+06
    twoNec = 127323
    twoNnw = 26102.1
  twoNecnw = 83655.1
  twoNbecnw = 10756.9
  twoNgbecnw = 260520
         m = 0.138007
        m4 = 0.0191986
        m5 = 0.127011
        m6 = 0.0232316
        Ta = 42962
        Td = 5362.04
        Te = 2681.02
        Tf = 1340.51
DiffEv reached_goal. cost=1.86636e-03 spread=2.85000e-06
Fitted parameter values
Free:
       pc1 = 2.74212
       pc2 = -3.58576
       pc3 = 3.76402
       pc4 = 1.02132
       pc5 = 0.635256
       pc6 = 1.03429
       pc7 = 1.95403
       pc8 = 1.91781
       pc9 = 0.0248226
      pc10 = 1.67298
      pc11 = 1.4146
      pc12 = 0.72506
      pc13 = 0.148607
      pc14 = 0.0505455
      pc15 = 0.0155331
      pc16 = -0.0192968
      pc17 = -0.0397393
      pc18 = -0.00726987
Constrained:
   Tgbecnw = 78158
     Tecnw = 23455.8
       Tnw = 18514
       Tec = 3340.08
     twoNb = 3.71851e+06
     twoNe = 723691
     twoNc = 3.50933e+07
     twoNn = 3.75552e+06
     twoNw = 5.18574e+06
    twoNec = 191366
    twoNnw = 23198.6
  twoNecnw = 76850.9
  twoNbecnw = 1260.32
  twoNgbecnw = 309877
         m = 0.105978
        m4 = 0.0187261
        m5 = 0.133509
        m6 = 0.0229369
        Ta = 39270
        Td = 1670.04
        Te = 835.02
        Tf = 417.51
#       SitePat  BranchLen
              b 123344.2503767
              e 47840.8500599
              c 50270.3489449
              n 45285.0486188
              w 45263.1489477
            b:e 2051.7954855
            b:c 2413.5649902
            b:n 1744.8864503
            b:w 1743.3571787
            e:c 10388.4287566
            e:n 5423.3328099
            e:w 5441.1883210
            c:n 4907.8985775
            c:w 4906.8955783
            n:w 12467.4252207
          b:e:c 2054.5779931
          b:e:n 1116.0109790
          b:e:w 1117.0601228
          b:c:n 1128.0981074
          b:c:w 1126.8970707
          b:n:w 2012.0354004
          e:c:n 4457.7287168
          e:c:w 4462.7758761
          e:n:w 6467.5971501
          c:n:w 5472.8705966
        b:e:c:n 2019.9044071
        b:e:c:w 2021.5855716
        b:e:n:w 3128.7383556
        b:c:n:w 2359.9992147
        e:c:n:w 51391.1873022
