########################################
# legofit: estimate population history #
#       version 2.3.4-4-g53f8760       #
########################################

# Program was compiled: Sep 21 2021 14:36:42
# Program was run: Mon Oct 11 11:18:32 2021

# cmd: legofit -1 -d 0 -t 32 --ptsPerDim 3 --stateOut b1boot40.state --tol 3e-6 -S 5000 adef2.lgo ../../boot/boot40.opf
# Stage nOptItr nSimReps
#     0    5000        0
# algorithm          : deterministic
# ignoring probs <=  : 0
# Branch length floor: 0
# DE strategy        : 2
#    F               : 0.3
#    CR              : 0.8
#    tolerance       : 3e-06
# nthreads           : 32
# lgo input file     : adef2.lgo
# site pat input file: ../../boot/boot40.opf
# free parameters    : 18
# points in DE swarm : 54
# output state file  : b1boot40.state
# Including singleton site patterns.
# cost function      : KL
Initial parameter values
Fixed:
      zero = 0
       one = 1
    Tbecnw = 75200
Free:
       pc1 = 0
       pc2 = 0
       pc3 = 0
       pc4 = 0
       pc5 = 0
       pc6 = 0
       pc7 = 0
       pc8 = 0
       pc9 = 0
      pc10 = 0
      pc11 = 0
      pc12 = 0
      pc13 = 0
      pc14 = 0
      pc15 = 0
      pc16 = 0
      pc17 = 0
      pc18 = 0
Constrained:
   Tgbecnw = 100523
     Tecnw = 24652.7
       Tnw = 19158.2
       Tec = 10724.1
     twoNb = 2.0441e+06
     twoNe = 1.44929e+06
     twoNc = 1.03257e+07
     twoNn = 3.22619e+06
     twoNw = 2.43345e+06
    twoNec = 127323
    twoNnw = 26102.1
  twoNecnw = 83655.1
  twoNbecnw = 10756.9
  twoNgbecnw = 260520
         m = 0.138007
        m4 = 0.0191986
        m5 = 0.127011
        m6 = 0.0232316
        Ta = 42962
        Td = 5362.04
        Te = 2681.02
        Tf = 1340.51
DiffEv reached_goal. cost=1.86386e-03 spread=2.85570e-06
Fitted parameter values
Free:
       pc1 = 2.01353
       pc2 = -2.97155
       pc3 = 3.95742
       pc4 = 1.26598
       pc5 = 1.81532
       pc6 = 1.83165
       pc7 = 1.92861
       pc8 = 1.4835
       pc9 = 1.47391
      pc10 = 0.639809
      pc11 = 0.87703
      pc12 = 0.393611
      pc13 = -0.065594
      pc14 = 0.0967668
      pc15 = -0.0294233
      pc16 = -0.02279
      pc17 = -0.0107492
      pc18 = 0.0138721
Constrained:
   Tgbecnw = 78883.2
     Tecnw = 23522.9
       Tnw = 18880.7
       Tec = 5045.01
     twoNb = 2.36e+06
     twoNe = 596527
     twoNc = 3.13099e+07
     twoNn = 1.48696e+07
     twoNw = 5.01843e+06
    twoNec = 169310
    twoNnw = 21756.9
  twoNecnw = 78789
  twoNbecnw = 1580.12
  twoNgbecnw = 300770
         m = 0.112262
        m4 = 0.0173233
        m5 = 0.138911
        m6 = 0.0283232
        Ta = 40122.5
        Td = 2522.5
        Te = 1261.25
        Tf = 630.626
#       SitePat  BranchLen
              b 124005.6338844
              e 48182.3209855
              c 50533.4960109
              n 45649.5016771
              w 45625.3331855
            b:e 2057.6587263
            b:c 2417.3003934
            b:n 1756.1157070
            b:w 1754.4177752
            e:c 10436.7474352
            e:n 5441.4246636
            e:w 5460.3770061
            c:n 4932.2867503
            c:w 4931.9087213
            n:w 12503.1857155
          b:e:c 2068.2839889
          b:e:n 1121.7523962
          b:e:w 1122.8283206
          b:c:n 1133.7767443
          b:c:w 1132.5292626
          b:n:w 2025.9750404
          e:c:n 4460.9820895
          e:c:w 4466.5762675
          e:n:w 6433.4496285
          c:n:w 5461.0475515
        b:e:c:n 2038.2100469
        b:e:c:w 2040.0795359
        b:e:n:w 3095.5169963
        b:c:n:w 2372.9830800
        e:c:n:w 51716.8540202
