########################################
# legofit: estimate population history #
#       version 2.3.4-4-g53f8760       #
########################################

# Program was compiled: Sep 21 2021 14:36:42
# Program was run: Mon Oct 11 11:16:18 2021

# cmd: legofit -1 -d 0 -t 32 --ptsPerDim 3 --stateOut b1boot23.state --tol 3e-6 -S 5000 adef2.lgo ../../boot/boot23.opf
# Stage nOptItr nSimReps
#     0    5000        0
# algorithm          : deterministic
# ignoring probs <=  : 0
# Branch length floor: 0
# DE strategy        : 2
#    F               : 0.3
#    CR              : 0.8
#    tolerance       : 3e-06
# nthreads           : 32
# lgo input file     : adef2.lgo
# site pat input file: ../../boot/boot23.opf
# free parameters    : 18
# points in DE swarm : 54
# output state file  : b1boot23.state
# Including singleton site patterns.
# cost function      : KL
Initial parameter values
Fixed:
      zero = 0
       one = 1
    Tbecnw = 75200
Free:
       pc1 = 0
       pc2 = 0
       pc3 = 0
       pc4 = 0
       pc5 = 0
       pc6 = 0
       pc7 = 0
       pc8 = 0
       pc9 = 0
      pc10 = 0
      pc11 = 0
      pc12 = 0
      pc13 = 0
      pc14 = 0
      pc15 = 0
      pc16 = 0
      pc17 = 0
      pc18 = 0
Constrained:
   Tgbecnw = 100523
     Tecnw = 24652.7
       Tnw = 19158.2
       Tec = 10724.1
     twoNb = 2.0441e+06
     twoNe = 1.44929e+06
     twoNc = 1.03257e+07
     twoNn = 3.22619e+06
     twoNw = 2.43345e+06
    twoNec = 127323
    twoNnw = 26102.1
  twoNecnw = 83655.1
  twoNbecnw = 10756.9
  twoNgbecnw = 260520
         m = 0.138007
        m4 = 0.0191986
        m5 = 0.127011
        m6 = 0.0232316
        Ta = 42962
        Td = 5362.04
        Te = 2681.02
        Tf = 1340.51
DiffEv reached_goal. cost=1.85028e-03 spread=2.25625e-06
Fitted parameter values
Free:
       pc1 = 2.30687
       pc2 = -2.98728
       pc3 = 3.9348
       pc4 = 0.343842
       pc5 = 0.762391
       pc6 = 2.11266
       pc7 = 1.96534
       pc8 = 1.84541
       pc9 = 0.788548
      pc10 = 1.41824
      pc11 = 1.36569
      pc12 = 0.780992
      pc13 = 0.0233059
      pc14 = 0.0199776
      pc15 = -0.0901257
      pc16 = -0.0381377
      pc17 = -0.0129017
      pc18 = -0.0130085
Constrained:
   Tgbecnw = 78487.7
     Tecnw = 23582.9
       Tnw = 19028.4
       Tec = 3999.03
     twoNb = 4.44532e+06
     twoNe = 1.57609e+06
     twoNc = 4.89741e+07
     twoNn = 1.05024e+07
     twoNw = 4.79359e+06
    twoNec = 181995
    twoNnw = 20959.3
  twoNecnw = 77904.5
  twoNbecnw = 1421.88
  twoNgbecnw = 299755
         m = 0.11005
        m4 = 0.0183727
        m5 = 0.141017
        m6 = 0.0294118
        Ta = 39599.5
        Td = 1999.52
        Te = 999.758
        Tf = 499.879
#       SitePat  BranchLen
              b 123451.2883622
              e 48092.4208962
              c 50532.6316560
              n 45469.0555516
              w 45442.7987842
            b:e 2076.9488871
            b:c 2437.9959235
            b:n 1758.8336519
            b:w 1756.9776395
            e:c 10411.0267357
            e:n 5437.5730575
            e:w 5458.0976649
            c:n 4918.6768692
            c:w 4918.3228908
            n:w 12530.1257798
          b:e:c 2081.6915218
          b:e:n 1126.8293001
          b:e:w 1127.9973526
          b:c:n 1138.9124026
          b:c:w 1137.5587586
          b:n:w 2038.1289856
          e:c:n 4452.0244857
          e:c:w 4458.1106242
          e:n:w 6507.4634145
          c:n:w 5501.7977203
        b:e:c:n 2038.6082122
        b:e:c:w 2040.6498161
        b:e:n:w 3149.9783998
        b:c:n:w 2391.4125375
        e:c:n:w 51294.3915969
