########################################
# legofit: estimate population history #
#       version 2.3.4-4-g53f8760       #
########################################

# Program was compiled: Sep 21 2021 14:36:42
# Program was run: Mon Oct 11 11:14:31 2021

# cmd: legofit -1 -d 0 -t 32 --ptsPerDim 3 --stateOut b1boot10.state --tol 3e-6 -S 5000 adef2.lgo ../../boot/boot10.opf
# Stage nOptItr nSimReps
#     0    5000        0
# algorithm          : deterministic
# ignoring probs <=  : 0
# Branch length floor: 0
# DE strategy        : 2
#    F               : 0.3
#    CR              : 0.8
#    tolerance       : 3e-06
# nthreads           : 32
# lgo input file     : adef2.lgo
# site pat input file: ../../boot/boot10.opf
# free parameters    : 18
# points in DE swarm : 54
# output state file  : b1boot10.state
# Including singleton site patterns.
# cost function      : KL
Initial parameter values
Fixed:
      zero = 0
       one = 1
    Tbecnw = 75200
Free:
       pc1 = 0
       pc2 = 0
       pc3 = 0
       pc4 = 0
       pc5 = 0
       pc6 = 0
       pc7 = 0
       pc8 = 0
       pc9 = 0
      pc10 = 0
      pc11 = 0
      pc12 = 0
      pc13 = 0
      pc14 = 0
      pc15 = 0
      pc16 = 0
      pc17 = 0
      pc18 = 0
Constrained:
   Tgbecnw = 100523
     Tecnw = 24652.7
       Tnw = 19158.2
       Tec = 10724.1
     twoNb = 2.0441e+06
     twoNe = 1.44929e+06
     twoNc = 1.03257e+07
     twoNn = 3.22619e+06
     twoNw = 2.43345e+06
    twoNec = 127323
    twoNnw = 26102.1
  twoNecnw = 83655.1
  twoNbecnw = 10756.9
  twoNgbecnw = 260520
         m = 0.138007
        m4 = 0.0191986
        m5 = 0.127011
        m6 = 0.0232316
        Ta = 42962
        Td = 5362.04
        Te = 2681.02
        Tf = 1340.51
DiffEv reached_goal. cost=1.86904e-03 spread=2.92849e-06
Fitted parameter values
Free:
       pc1 = 2.98367
       pc2 = -2.88568
       pc3 = 3.92184
       pc4 = 0.746879
       pc5 = 0.819082
       pc6 = 1.73706
       pc7 = 1.95066
       pc8 = 1.63214
       pc9 = 0.858157
      pc10 = 1.66768
      pc11 = 1.71843
      pc12 = 0.799904
      pc13 = 0.0744833
      pc14 = 0.151255
      pc15 = 0.00747707
      pc16 = -0.0777921
      pc17 = -0.0272418
      pc18 = 0.0107146
Constrained:
   Tgbecnw = 78176.8
     Tecnw = 23788.8
       Tnw = 18842
       Tec = 3074
     twoNb = 4.08061e+06
     twoNe = 788943
     twoNc = 4.12928e+07
     twoNn = 1.0036e+07
     twoNw = 4.94784e+06
    twoNec = 187030
    twoNnw = 22573.5
  twoNecnw = 77043.3
  twoNbecnw = 1273.53
  twoNgbecnw = 308293
         m = 0.107586
        m4 = 0.0187817
        m5 = 0.144842
        m6 = 0.0395423
        Ta = 39137
        Td = 1537
        Te = 768.5
        Tf = 384.25
#       SitePat  BranchLen
              b 123681.3064316
              e 47978.6897943
              c 50357.1911004
              n 45365.6465617
              w 45338.0228335
            b:e 2072.0582551
            b:c 2428.4123986
            b:n 1750.4205034
            b:w 1748.4798818
            e:c 10422.0377798
            e:n 5410.3986622
            e:w 5430.5839235
            c:n 4910.8057047
            c:w 4911.8502881
            n:w 12489.5169383
          b:e:c 2071.9506441
          b:e:n 1121.1720768
          b:e:w 1122.2246120
          b:c:n 1133.0208946
          b:c:w 1131.7760750
          b:n:w 2028.5333242
          e:c:n 4441.0860677
          e:c:w 4447.4799512
          e:n:w 6489.0883733
          c:n:w 5512.8222442
        b:e:c:n 2027.0864732
        b:e:c:w 2029.2193793
        b:e:n:w 3145.1413834
        b:c:n:w 2383.4781683
        e:c:n:w 51666.0633323
