########################################
# legofit: estimate population history #
#       version 2.3.4-4-g53f8760       #
########################################

# Program was compiled: Sep 21 2021 14:36:42
# Program was run: Mon Oct 11 11:13:55 2021

# cmd: legofit -1 -d 0 -t 32 --ptsPerDim 3 --stateOut b1boot5.state --tol 3e-6 -S 5000 adef2.lgo ../../boot/boot5.opf
# Stage nOptItr nSimReps
#     0    5000        0
# algorithm          : deterministic
# ignoring probs <=  : 0
# Branch length floor: 0
# DE strategy        : 2
#    F               : 0.3
#    CR              : 0.8
#    tolerance       : 3e-06
# nthreads           : 32
# lgo input file     : adef2.lgo
# site pat input file: ../../boot/boot5.opf
# free parameters    : 18
# points in DE swarm : 54
# output state file  : b1boot5.state
# Including singleton site patterns.
# cost function      : KL
Initial parameter values
Fixed:
      zero = 0
       one = 1
    Tbecnw = 75200
Free:
       pc1 = 0
       pc2 = 0
       pc3 = 0
       pc4 = 0
       pc5 = 0
       pc6 = 0
       pc7 = 0
       pc8 = 0
       pc9 = 0
      pc10 = 0
      pc11 = 0
      pc12 = 0
      pc13 = 0
      pc14 = 0
      pc15 = 0
      pc16 = 0
      pc17 = 0
      pc18 = 0
Constrained:
   Tgbecnw = 100523
     Tecnw = 24652.7
       Tnw = 19158.2
       Tec = 10724.1
     twoNb = 2.0441e+06
     twoNe = 1.44929e+06
     twoNc = 1.03257e+07
     twoNn = 3.22619e+06
     twoNw = 2.43345e+06
    twoNec = 127323
    twoNnw = 26102.1
  twoNecnw = 83655.1
  twoNbecnw = 10756.9
  twoNgbecnw = 260520
         m = 0.138007
        m4 = 0.0191986
        m5 = 0.127011
        m6 = 0.0232316
        Ta = 42962
        Td = 5362.04
        Te = 2681.02
        Tf = 1340.51
DiffEv reached_goal. cost=1.87091e-03 spread=2.98126e-06
Fitted parameter values
Free:
       pc1 = 2.42738
       pc2 = -3.83753
       pc3 = 3.59887
       pc4 = 0.254079
       pc5 = -0.629419
       pc6 = -0.118969
       pc7 = 1.91414
       pc8 = 1.77469
       pc9 = -0.790454
      pc10 = 0.475133
      pc11 = 1.52286
      pc12 = 0.768645
      pc13 = -0.00518775
      pc14 = 0.324513
      pc15 = 0.0135857
      pc16 = -0.052699
      pc17 = -0.0185579
      pc18 = -0.00690859
Constrained:
   Tgbecnw = 78340.6
     Tecnw = 23652.2
       Tnw = 18650.7
       Tec = 3892.07
     twoNb = 3.57844e+06
     twoNe = 2.83874e+06
     twoNc = 1.6219e+07
     twoNn = -6.35965e+06
     twoNw = 4.31963e+06
    twoNec = 184350
    twoNnw = 23249.1
  twoNecnw = 77027.5
  twoNbecnw = 1351.98
  twoNgbecnw = 300520
         m = 0.110518
        m4 = 0.0186738
        m5 = 0.128469
        m6 = 0.027607
        Ta = 39546
        Td = 1946.03
        Te = 973.017
        Tf = 486.508
#       SitePat  BranchLen
              b 123547.6200605
              e 48040.4377938
              c 50346.4871720
              n 45426.1600205
              w 45399.9318780
            b:e 2050.3831599
            b:c 2401.2429293
            b:n 1738.5697838
            b:w 1736.7449103
            e:c 10429.4558427
            e:n 5376.6983280
            e:w 5397.0671474
            c:n 4895.2174170
            c:w 4895.0359448
            n:w 12513.8765157
          b:e:c 2056.5911694
          b:e:n 1108.9713680
          b:e:w 1110.1034488
          b:c:n 1120.5290129
          b:c:w 1119.2161636
          b:n:w 2014.3348427
          e:c:n 4443.3635781
          e:c:w 4449.4043734
          e:n:w 6424.6359381
          c:n:w 5481.1112042
        b:e:c:n 2012.2981076
        b:e:c:w 2014.3037496
        b:e:n:w 3108.4907675
        b:c:n:w 2357.9478882
        e:c:n:w 51475.1428092
