########################################
# legofit: estimate population history #
#       version 2.3.4-4-g53f8760       #
########################################

# Program was compiled: Sep 21 2021 14:36:42
# Program was run: Mon Oct 11 11:19:28 2021

# cmd: legofit -1 -d 0 -t 32 --ptsPerDim 3 --stateOut b1boot47.state --tol 3e-6 -S 5000 adef2.lgo ../../boot/boot47.opf
# Stage nOptItr nSimReps
#     0    5000        0
# algorithm          : deterministic
# ignoring probs <=  : 0
# Branch length floor: 0
# DE strategy        : 2
#    F               : 0.3
#    CR              : 0.8
#    tolerance       : 3e-06
# nthreads           : 32
# lgo input file     : adef2.lgo
# site pat input file: ../../boot/boot47.opf
# free parameters    : 18
# points in DE swarm : 54
# output state file  : b1boot47.state
# Including singleton site patterns.
# cost function      : KL
Initial parameter values
Fixed:
      zero = 0
       one = 1
    Tbecnw = 75200
Free:
       pc1 = 0
       pc2 = 0
       pc3 = 0
       pc4 = 0
       pc5 = 0
       pc6 = 0
       pc7 = 0
       pc8 = 0
       pc9 = 0
      pc10 = 0
      pc11 = 0
      pc12 = 0
      pc13 = 0
      pc14 = 0
      pc15 = 0
      pc16 = 0
      pc17 = 0
      pc18 = 0
Constrained:
   Tgbecnw = 100523
     Tecnw = 24652.7
       Tnw = 19158.2
       Tec = 10724.1
     twoNb = 2.0441e+06
     twoNe = 1.44929e+06
     twoNc = 1.03257e+07
     twoNn = 3.22619e+06
     twoNw = 2.43345e+06
    twoNec = 127323
    twoNnw = 26102.1
  twoNecnw = 83655.1
  twoNbecnw = 10756.9
  twoNgbecnw = 260520
         m = 0.138007
        m4 = 0.0191986
        m5 = 0.127011
        m6 = 0.0232316
        Ta = 42962
        Td = 5362.04
        Te = 2681.02
        Tf = 1340.51
DiffEv reached_goal. cost=1.85630e-03 spread=2.99320e-06
Fitted parameter values
Free:
       pc1 = 2.33058
       pc2 = -3.48596
       pc3 = 3.9945
       pc4 = 0.470766
       pc5 = -0.698852
       pc6 = -0.0912122
       pc7 = 1.96036
       pc8 = 1.9735
       pc9 = -0.297818
      pc10 = 0.917914
      pc11 = 1.33461
      pc12 = 0.368168
      pc13 = 0.0465451
      pc14 = 0.16874
      pc15 = -0.00107073
      pc16 = -0.0641758
      pc17 = -0.00989879
      pc18 = 0.00611164
Constrained:
   Tgbecnw = 77463
     Tecnw = 23410.5
       Tnw = 18377.1
       Tec = 4884.17
     twoNb = 4.24846e+06
     twoNe = 1.97419e+06
     twoNc = 1.94069e+07
     twoNn = -4.92953e+06
     twoNw = 4.40808e+06
    twoNec = 169558
    twoNnw = 23559.7
  twoNecnw = 78254.6
  twoNbecnw = 974.823
  twoNgbecnw = 303121
         m = 0.109899
        m4 = 0.0186226
        m5 = 0.137322
        m6 = 0.0308362
        Ta = 40042.1
        Td = 2442.09
        Te = 1221.04
        Tf = 610.522
#       SitePat  BranchLen
              b 123416.8934403
              e 47984.5029381
              c 50362.6142530
              n 45395.2628427
              w 45368.3145155
            b:e 2062.3814699
            b:c 2415.6282733
            b:n 1757.0016922
            b:w 1755.1069877
            e:c 10407.8682981
            e:n 5430.9190523
            e:w 5451.5762316
            c:n 4927.2607403
            c:w 4927.3167719
            n:w 12515.2370043
          b:e:c 2070.8444077
          b:e:n 1123.2654292
          b:e:w 1124.4090639
          b:c:n 1135.2245779
          b:c:w 1133.8892758
          b:n:w 2028.2694391
          e:c:n 4455.7484590
          e:c:w 4461.9835752
          e:n:w 6435.0206742
          c:n:w 5468.1704559
        b:e:c:n 2039.8883072
        b:e:c:w 2041.9746792
        b:e:n:w 3137.1436162
        b:c:n:w 2379.1139114
        e:c:n:w 51393.5085853
