########################################
# legofit: estimate population history #
#       version 2.3.4-4-g53f8760       #
########################################

# Program was compiled: Sep 21 2021 14:36:42
# Program was run: Mon Oct 11 11:17:52 2021

# cmd: legofit -1 -d 0 -t 32 --ptsPerDim 3 --stateOut b1boot35.state --tol 3e-6 -S 5000 adef2.lgo ../../boot/boot35.opf
# Stage nOptItr nSimReps
#     0    5000        0
# algorithm          : deterministic
# ignoring probs <=  : 0
# Branch length floor: 0
# DE strategy        : 2
#    F               : 0.3
#    CR              : 0.8
#    tolerance       : 3e-06
# nthreads           : 32
# lgo input file     : adef2.lgo
# site pat input file: ../../boot/boot35.opf
# free parameters    : 18
# points in DE swarm : 54
# output state file  : b1boot35.state
# Including singleton site patterns.
# cost function      : KL
Initial parameter values
Fixed:
      zero = 0
       one = 1
    Tbecnw = 75200
Free:
       pc1 = 0
       pc2 = 0
       pc3 = 0
       pc4 = 0
       pc5 = 0
       pc6 = 0
       pc7 = 0
       pc8 = 0
       pc9 = 0
      pc10 = 0
      pc11 = 0
      pc12 = 0
      pc13 = 0
      pc14 = 0
      pc15 = 0
      pc16 = 0
      pc17 = 0
      pc18 = 0
Constrained:
   Tgbecnw = 100523
     Tecnw = 24652.7
       Tnw = 19158.2
       Tec = 10724.1
     twoNb = 2.0441e+06
     twoNe = 1.44929e+06
     twoNc = 1.03257e+07
     twoNn = 3.22619e+06
     twoNw = 2.43345e+06
    twoNec = 127323
    twoNnw = 26102.1
  twoNecnw = 83655.1
  twoNbecnw = 10756.9
  twoNgbecnw = 260520
         m = 0.138007
        m4 = 0.0191986
        m5 = 0.127011
        m6 = 0.0232316
        Ta = 42962
        Td = 5362.04
        Te = 2681.02
        Tf = 1340.51
DiffEv reached_goal. cost=1.84700e-03 spread=2.75173e-06
Fitted parameter values
Free:
       pc1 = 1.01254
       pc2 = -2.90144
       pc3 = 3.93085
       pc4 = 1.59338
       pc5 = 0.403865
       pc6 = 0.797398
       pc7 = 1.9394
       pc8 = 1.79613
       pc9 = -0.261759
      pc10 = 1.35133
      pc11 = 1.31389
      pc12 = 0.480386
      pc13 = 0.0538978
      pc14 = 0.120493
      pc15 = -0.0568953
      pc16 = -0.0400626
      pc17 = -0.0440826
      pc18 = 0.00937149
Constrained:
   Tgbecnw = 79991
     Tecnw = 22976.4
       Tnw = 19730
       Tec = 6520.98
     twoNb = 2.75773e+06
     twoNe = 735605
     twoNc = 3.34185e+07
     twoNn = 1.63655e+06
     twoNw = 5.26753e+06
    twoNec = 155867
    twoNnw = 15240.4
  twoNecnw = 80357.9
  twoNbecnw = 2036.67
  twoNgbecnw = 303918
         m = 0.110646
        m4 = 0.0186093
        m5 = 0.129107
        m6 = 0.0212396
        Ta = 40860.5
        Td = 3260.49
        Te = 1630.24
        Tf = 815.122
#       SitePat  BranchLen
              b 124042.6282493
              e 48298.7005094
              c 50686.7930638
              n 45674.2793177
              w 45653.2848233
            b:e 2071.5987450
            b:c 2437.1796087
            b:n 1762.7791146
            b:w 1761.2785800
            e:c 10444.5243854
            e:n 5470.5976308
            e:w 5487.7610023
            c:n 4966.8842665
            c:w 4965.7733750
            n:w 12576.1778586
          b:e:c 2084.1559096
          b:e:n 1127.0722219
          b:e:w 1128.1100730
          b:c:n 1139.1311239
          b:c:w 1137.9401739
          b:n:w 2040.5994641
          e:c:n 4477.8036554
          e:c:w 4482.7456699
          e:n:w 6479.5319822
          c:n:w 5496.3901241
        b:e:c:n 2048.4713335
        b:e:c:w 2050.1249671
        b:e:n:w 3158.1997834
        b:c:n:w 2391.4799920
        e:c:n:w 51571.3516911
