########################################
# legofit: estimate population history #
#       version 2.3.4-4-g53f8760       #
########################################

# Program was compiled: Sep 21 2021 14:36:42
# Program was run: Mon Oct 11 11:15:46 2021

# cmd: legofit -1 -d 0 -t 32 --ptsPerDim 3 --stateOut b1boot20.state --tol 3e-6 -S 5000 adef2.lgo ../../boot/boot20.opf
# Stage nOptItr nSimReps
#     0    5000        0
# algorithm          : deterministic
# ignoring probs <=  : 0
# Branch length floor: 0
# DE strategy        : 2
#    F               : 0.3
#    CR              : 0.8
#    tolerance       : 3e-06
# nthreads           : 32
# lgo input file     : adef2.lgo
# site pat input file: ../../boot/boot20.opf
# free parameters    : 18
# points in DE swarm : 54
# output state file  : b1boot20.state
# Including singleton site patterns.
# cost function      : KL
Initial parameter values
Fixed:
      zero = 0
       one = 1
    Tbecnw = 75200
Free:
       pc1 = 0
       pc2 = 0
       pc3 = 0
       pc4 = 0
       pc5 = 0
       pc6 = 0
       pc7 = 0
       pc8 = 0
       pc9 = 0
      pc10 = 0
      pc11 = 0
      pc12 = 0
      pc13 = 0
      pc14 = 0
      pc15 = 0
      pc16 = 0
      pc17 = 0
      pc18 = 0
Constrained:
   Tgbecnw = 100523
     Tecnw = 24652.7
       Tnw = 19158.2
       Tec = 10724.1
     twoNb = 2.0441e+06
     twoNe = 1.44929e+06
     twoNc = 1.03257e+07
     twoNn = 3.22619e+06
     twoNw = 2.43345e+06
    twoNec = 127323
    twoNnw = 26102.1
  twoNecnw = 83655.1
  twoNbecnw = 10756.9
  twoNgbecnw = 260520
         m = 0.138007
        m4 = 0.0191986
        m5 = 0.127011
        m6 = 0.0232316
        Ta = 42962
        Td = 5362.04
        Te = 2681.02
        Tf = 1340.51
DiffEv reached_goal. cost=1.86942e-03 spread=2.73774e-06
Fitted parameter values
Free:
       pc1 = 1.65816
       pc2 = -2.75891
       pc3 = 3.98762
       pc4 = -0.00838251
       pc5 = 0.337386
       pc6 = 1.57806
       pc7 = 1.95829
       pc8 = 1.52167
       pc9 = -0.404503
      pc10 = 1.0493
      pc11 = 1.25627
      pc12 = 0.810062
      pc13 = -0.0449464
      pc14 = 0.166525
      pc15 = -0.000683595
      pc16 = -0.1354
      pc17 = 0.00104398
      pc18 = 0.00687006
Constrained:
   Tgbecnw = 79609.3
     Tecnw = 23395.3
       Tnw = 19259.6
       Tec = 5734.05
     twoNb = 3.90815e+06
     twoNe = 2.97462e+06
     twoNc = 4.24108e+07
     twoNn = 5.36648e+06
     twoNw = 4.79066e+06
    twoNec = 162162
    twoNnw = 19479.9
  twoNecnw = 78183.9
  twoNbecnw = 1907.47
  twoNgbecnw = 293025
         m = 0.113979
        m4 = 0.0189607
        m5 = 0.129566
        m6 = 0.0262246
        Ta = 40467
        Td = 2867.02
        Te = 1433.51
        Tf = 716.756
#       SitePat  BranchLen
              b 123840.3120929
              e 48117.1752661
              c 50457.7594157
              n 45600.6945313
              w 45577.0134375
            b:e 2046.9227720
            b:c 2402.2170531
            b:n 1747.8047907
            b:w 1746.1379231
            e:c 10458.2278193
            e:n 5419.8217106
            e:w 5438.3913160
            c:n 4931.8594346
            c:w 4931.4336200
            n:w 12489.0172486
          b:e:c 2057.9763730
          b:e:n 1112.1510834
          b:e:w 1113.2095156
          b:c:n 1123.5060057
          b:c:w 1122.2828035
          b:n:w 2017.1956760
          e:c:n 4484.1114862
          e:c:w 4489.6487892
          e:n:w 6440.3628267
          c:n:w 5481.8719761
        b:e:c:n 2022.2618024
        b:e:c:w 2024.0934400
        b:e:n:w 3116.5916841
        b:c:n:w 2353.6956282
        e:c:n:w 51505.4129967
