########################################
# legofit: estimate population history #
#       version 2.3.4-4-g53f8760       #
########################################

# Program was compiled: Sep 21 2021 14:36:42
# Program was run: Mon Oct 11 11:19:00 2021

# cmd: legofit -1 -d 0 -t 32 --ptsPerDim 3 --stateOut b1boot43.state --tol 3e-6 -S 5000 adef2.lgo ../../boot/boot43.opf
# Stage nOptItr nSimReps
#     0    5000        0
# algorithm          : deterministic
# ignoring probs <=  : 0
# Branch length floor: 0
# DE strategy        : 2
#    F               : 0.3
#    CR              : 0.8
#    tolerance       : 3e-06
# nthreads           : 32
# lgo input file     : adef2.lgo
# site pat input file: ../../boot/boot43.opf
# free parameters    : 18
# points in DE swarm : 54
# output state file  : b1boot43.state
# Including singleton site patterns.
# cost function      : KL
Initial parameter values
Fixed:
      zero = 0
       one = 1
    Tbecnw = 75200
Free:
       pc1 = 0
       pc2 = 0
       pc3 = 0
       pc4 = 0
       pc5 = 0
       pc6 = 0
       pc7 = 0
       pc8 = 0
       pc9 = 0
      pc10 = 0
      pc11 = 0
      pc12 = 0
      pc13 = 0
      pc14 = 0
      pc15 = 0
      pc16 = 0
      pc17 = 0
      pc18 = 0
Constrained:
   Tgbecnw = 100523
     Tecnw = 24652.7
       Tnw = 19158.2
       Tec = 10724.1
     twoNb = 2.0441e+06
     twoNe = 1.44929e+06
     twoNc = 1.03257e+07
     twoNn = 3.22619e+06
     twoNw = 2.43345e+06
    twoNec = 127323
    twoNnw = 26102.1
  twoNecnw = 83655.1
  twoNbecnw = 10756.9
  twoNgbecnw = 260520
         m = 0.138007
        m4 = 0.0191986
        m5 = 0.127011
        m6 = 0.0232316
        Ta = 42962
        Td = 5362.04
        Te = 2681.02
        Tf = 1340.51
DiffEv reached_goal. cost=1.88732e-03 spread=2.63692e-06
Fitted parameter values
Free:
       pc1 = 2.90079
       pc2 = -2.23691
       pc3 = 3.71516
       pc4 = 0.738102
       pc5 = 0.904108
       pc6 = 1.76213
       pc7 = 1.97252
       pc8 = 1.94848
       pc9 = 0.0960081
      pc10 = 0.886632
      pc11 = 1.00487
      pc12 = 0.812635
      pc13 = 0.137375
      pc14 = -0.0110337
      pc15 = -0.0962563
      pc16 = -0.0708827
      pc17 = 0.00849606
      pc18 = 0.0173288
Constrained:
   Tgbecnw = 80237.6
     Tecnw = 24027.2
       Tnw = 18316.9
       Tec = 5083.64
     twoNb = 2.77603e+06
     twoNe = 1.68385e+06
     twoNc = 5.04567e+07
     twoNn = 7.83502e+06
     twoNw = 5.29306e+06
    twoNec = 167675
    twoNnw = 26823.4
  twoNecnw = 77004.6
  twoNbecnw = 2172.29
  twoNgbecnw = 298698
         m = 0.11069
        m4 = 0.0185795
        m5 = 0.146663
        m6 = 0.0323617
        Ta = 40141.8
        Td = 2541.82
        Te = 1270.91
        Tf = 635.455
#       SitePat  BranchLen
              b 124008.0008605
              e 48191.4896331
              c 50658.8828078
              n 45733.6073822
              w 45709.6424367
            b:e 2068.1411332
            b:c 2443.5991206
            b:n 1773.9773178
            b:w 1772.2938034
            e:c 10447.2459093
            e:n 5456.6983164
            e:w 5475.1435971
            c:n 4923.4250220
            c:w 4923.4224969
            n:w 12489.8751871
          b:e:c 2078.5646997
          b:e:n 1129.4797093
          b:e:w 1130.5054245
          b:c:n 1141.6821841
          b:c:w 1140.4915302
          b:n:w 2037.6761465
          e:c:n 4501.6277086
          e:c:w 4507.1498984
          e:n:w 6491.0823752
          c:n:w 5474.1214466
        b:e:c:n 2049.8957688
        b:e:c:w 2051.7442219
        b:e:n:w 3138.7044676
        b:c:n:w 2375.6198309
        e:c:n:w 51622.9035732
