########################################
# legofit: estimate population history #
#       version 2.3.4-4-g53f8760       #
########################################

# Program was compiled: Sep 21 2021 14:36:42
# Program was run: Mon Oct 11 11:15:01 2021

# cmd: legofit -1 -d 0 -t 32 --ptsPerDim 3 --stateOut b1boot13.state --tol 3e-6 -S 5000 adef2.lgo ../../boot/boot13.opf
# Stage nOptItr nSimReps
#     0    5000        0
# algorithm          : deterministic
# ignoring probs <=  : 0
# Branch length floor: 0
# DE strategy        : 2
#    F               : 0.3
#    CR              : 0.8
#    tolerance       : 3e-06
# nthreads           : 32
# lgo input file     : adef2.lgo
# site pat input file: ../../boot/boot13.opf
# free parameters    : 18
# points in DE swarm : 54
# output state file  : b1boot13.state
# Including singleton site patterns.
# cost function      : KL
Initial parameter values
Fixed:
      zero = 0
       one = 1
    Tbecnw = 75200
Free:
       pc1 = 0
       pc2 = 0
       pc3 = 0
       pc4 = 0
       pc5 = 0
       pc6 = 0
       pc7 = 0
       pc8 = 0
       pc9 = 0
      pc10 = 0
      pc11 = 0
      pc12 = 0
      pc13 = 0
      pc14 = 0
      pc15 = 0
      pc16 = 0
      pc17 = 0
      pc18 = 0
Constrained:
   Tgbecnw = 100523
     Tecnw = 24652.7
       Tnw = 19158.2
       Tec = 10724.1
     twoNb = 2.0441e+06
     twoNe = 1.44929e+06
     twoNc = 1.03257e+07
     twoNn = 3.22619e+06
     twoNw = 2.43345e+06
    twoNec = 127323
    twoNnw = 26102.1
  twoNecnw = 83655.1
  twoNbecnw = 10756.9
  twoNgbecnw = 260520
         m = 0.138007
        m4 = 0.0191986
        m5 = 0.127011
        m6 = 0.0232316
        Ta = 42962
        Td = 5362.04
        Te = 2681.02
        Tf = 1340.51
DiffEv reached_goal. cost=1.86359e-03 spread=2.43560e-06
Fitted parameter values
Free:
       pc1 = 1.21852
       pc2 = -2.80689
       pc3 = 3.90731
       pc4 = 0.0837321
       pc5 = 1.3404
       pc6 = 3.4372
       pc7 = 1.94549
       pc8 = 0.978849
       pc9 = 0.271982
      pc10 = 1.25405
      pc11 = 0.895912
      pc12 = 1.14566
      pc13 = 0.0814527
      pc14 = 0.113021
      pc15 = -0.103092
      pc16 = -0.0368787
      pc17 = -0.0234206
      pc18 = -0.0176025
Constrained:
   Tgbecnw = 81340.1
     Tecnw = 23433.5
       Tnw = 20115.1
       Tec = 6053.2
     twoNb = 3.98606e+06
     twoNe = 3.13381e+06
     twoNc = 5.934e+07
     twoNn = 1.7495e+07
     twoNw = 4.98037e+06
    twoNec = 167099
    twoNnw = 15392.2
  twoNecnw = 77941.1
  twoNbecnw = 2628.65
  twoNgbecnw = 298642
         m = 0.111266
        m4 = 0.0184742
        m5 = 0.124173
        m6 = 0.0135045
        Ta = 40626.6
        Td = 3026.6
        Te = 1513.3
        Tf = 756.65
#       SitePat  BranchLen
              b 124279.0216149
              e 48318.4350002
              c 50751.7957585
              n 45706.7243426
              w 45685.9554052
            b:e 2068.7664428
            b:c 2433.8347761
            b:n 1755.5168561
            b:w 1754.0358687
            e:c 10457.1719581
            e:n 5420.8760283
            e:w 5439.0202466
            c:n 4912.9041720
            c:w 4910.6559100
            n:w 12571.2428425
          b:e:c 2083.7636721
          b:e:n 1117.5219578
          b:e:w 1118.6870412
          b:c:n 1129.1948455
          b:c:w 1127.8844391
          b:n:w 2041.5008164
          e:c:n 4489.1020784
          e:c:w 4493.9750595
          e:n:w 6527.9771049
          c:n:w 5517.7309073
        b:e:c:n 2027.6661125
        b:e:c:w 2029.2924231
        b:e:n:w 3147.0142714
        b:c:n:w 2374.2970612
        e:c:n:w 51748.7290254
