########################################
# legofit: estimate population history #
#       version 2.3.4-4-g53f8760       #
########################################

# Program was compiled: Sep 21 2021 14:36:42
# Program was run: Mon Oct 11 11:17:23 2021

# cmd: legofit -1 -d 0 -t 32 --ptsPerDim 3 --stateOut b1boot32.state --tol 3e-6 -S 5000 adef2.lgo ../../boot/boot32.opf
# Stage nOptItr nSimReps
#     0    5000        0
# algorithm          : deterministic
# ignoring probs <=  : 0
# Branch length floor: 0
# DE strategy        : 2
#    F               : 0.3
#    CR              : 0.8
#    tolerance       : 3e-06
# nthreads           : 32
# lgo input file     : adef2.lgo
# site pat input file: ../../boot/boot32.opf
# free parameters    : 18
# points in DE swarm : 54
# output state file  : b1boot32.state
# Including singleton site patterns.
# cost function      : KL
Initial parameter values
Fixed:
      zero = 0
       one = 1
    Tbecnw = 75200
Free:
       pc1 = 0
       pc2 = 0
       pc3 = 0
       pc4 = 0
       pc5 = 0
       pc6 = 0
       pc7 = 0
       pc8 = 0
       pc9 = 0
      pc10 = 0
      pc11 = 0
      pc12 = 0
      pc13 = 0
      pc14 = 0
      pc15 = 0
      pc16 = 0
      pc17 = 0
      pc18 = 0
Constrained:
   Tgbecnw = 100523
     Tecnw = 24652.7
       Tnw = 19158.2
       Tec = 10724.1
     twoNb = 2.0441e+06
     twoNe = 1.44929e+06
     twoNc = 1.03257e+07
     twoNn = 3.22619e+06
     twoNw = 2.43345e+06
    twoNec = 127323
    twoNnw = 26102.1
  twoNecnw = 83655.1
  twoNbecnw = 10756.9
  twoNgbecnw = 260520
         m = 0.138007
        m4 = 0.0191986
        m5 = 0.127011
        m6 = 0.0232316
        Ta = 42962
        Td = 5362.04
        Te = 2681.02
        Tf = 1340.51
DiffEv reached_goal. cost=1.90041e-03 spread=2.23124e-06
Fitted parameter values
Free:
       pc1 = 1.41897
       pc2 = -2.77163
       pc3 = 3.93698
       pc4 = 1.74321
       pc5 = 0.562663
       pc6 = 1.84091
       pc7 = 1.98809
       pc8 = 1.77648
       pc9 = 0.607815
      pc10 = 1.73235
      pc11 = 0.561628
      pc12 = 0.750382
      pc13 = 0.280108
      pc14 = 0.214533
      pc15 = -0.0526016
      pc16 = 0.00635372
      pc17 = -0.0478991
      pc18 = 0.00675836
Constrained:
   Tgbecnw = 80789.6
     Tecnw = 23356.1
       Tnw = 19661.1
       Tec = 7292.67
     twoNb = 3.8702e+06
     twoNe = 149679
     twoNc = 4.79414e+07
     twoNn = 7.98415e+06
     twoNw = 5.3309e+06
    twoNec = 150152
    twoNnw = 17130.5
  twoNecnw = 78986.6
  twoNbecnw = 2339.16
  twoNgbecnw = 314752
         m = 0.106936
        m4 = 0.0180128
        m5 = 0.133372
        m6 = 0.0196509
        Ta = 41246.3
        Td = 3646.33
        Te = 1823.17
        Tf = 911.583
#       SitePat  BranchLen
              b 124488.4852907
              e 48324.7979824
              c 50784.9971661
              n 45678.8646224
              w 45658.0904923
            b:e 2067.3760894
            b:c 2427.4660195
            b:n 1758.7622433
            b:w 1757.2794382
            e:c 10408.5185075
            e:n 5445.5656797
            e:w 5462.8735194
            c:n 4923.8320393
            c:w 4922.4254612
            n:w 12583.1849648
          b:e:c 2085.1757459
          b:e:n 1121.8752577
          b:e:w 1122.9404646
          b:c:n 1133.7610879
          b:c:w 1132.5471993
          b:n:w 2042.4599820
          e:c:n 4473.3760345
          e:c:w 4478.2489031
          e:n:w 6499.5829964
          c:n:w 5488.5572858
        b:e:c:n 2038.3183840
        b:e:c:w 2039.9498708
        b:e:n:w 3149.0333270
        b:c:n:w 2380.4588576
        e:c:n:w 52028.2566955
