########################################
# legofit: estimate population history #
#       version 2.3.4-4-g53f8760       #
########################################

# Program was compiled: Sep 21 2021 14:36:42
# Program was run: Mon Oct 11 11:14:22 2021

# cmd: legofit -1 -d 0 -t 32 --ptsPerDim 3 --stateOut b1boot9.state --tol 3e-6 -S 5000 adef2.lgo ../../boot/boot9.opf
# Stage nOptItr nSimReps
#     0    5000        0
# algorithm          : deterministic
# ignoring probs <=  : 0
# Branch length floor: 0
# DE strategy        : 2
#    F               : 0.3
#    CR              : 0.8
#    tolerance       : 3e-06
# nthreads           : 32
# lgo input file     : adef2.lgo
# site pat input file: ../../boot/boot9.opf
# free parameters    : 18
# points in DE swarm : 54
# output state file  : b1boot9.state
# Including singleton site patterns.
# cost function      : KL
Initial parameter values
Fixed:
      zero = 0
       one = 1
    Tbecnw = 75200
Free:
       pc1 = 0
       pc2 = 0
       pc3 = 0
       pc4 = 0
       pc5 = 0
       pc6 = 0
       pc7 = 0
       pc8 = 0
       pc9 = 0
      pc10 = 0
      pc11 = 0
      pc12 = 0
      pc13 = 0
      pc14 = 0
      pc15 = 0
      pc16 = 0
      pc17 = 0
      pc18 = 0
Constrained:
   Tgbecnw = 100523
     Tecnw = 24652.7
       Tnw = 19158.2
       Tec = 10724.1
     twoNb = 2.0441e+06
     twoNe = 1.44929e+06
     twoNc = 1.03257e+07
     twoNn = 3.22619e+06
     twoNw = 2.43345e+06
    twoNec = 127323
    twoNnw = 26102.1
  twoNecnw = 83655.1
  twoNbecnw = 10756.9
  twoNgbecnw = 260520
         m = 0.138007
        m4 = 0.0191986
        m5 = 0.127011
        m6 = 0.0232316
        Ta = 42962
        Td = 5362.04
        Te = 2681.02
        Tf = 1340.51
DiffEv reached_goal. cost=1.86867e-03 spread=2.58742e-06
Fitted parameter values
Free:
       pc1 = 0.911781
       pc2 = -2.53024
       pc3 = 3.98385
       pc4 = 0.633983
       pc5 = 1.00084
       pc6 = 1.99565
       pc7 = 1.98764
       pc8 = 1.40681
       pc9 = 1.76235
      pc10 = 1.30478
      pc11 = 0.718976
      pc12 = 0.715599
      pc13 = -0.0431696
      pc14 = 0.103462
      pc15 = -0.118877
      pc16 = -0.0685111
      pc17 = 0.0142136
      pc18 = 0.00924208
Constrained:
   Tgbecnw = 80122.3
     Tecnw = 23400.7
       Tnw = 20057
       Tec = 6879.84
     twoNb = 4.66875e+06
     twoNe = 732295
     twoNc = 3.84375e+07
     twoNn = 1.44255e+07
     twoNw = 4.57832e+06
    twoNec = 148412
    twoNnw = 15456.8
  twoNecnw = 79884.3
  twoNbecnw = 2133.04
  twoNgbecnw = 291511
         m = 0.116193
        m4 = 0.0175921
        m5 = 0.13847
        m6 = 0.0265155
        Ta = 41039.9
        Td = 3439.92
        Te = 1719.96
        Tf = 859.98
#       SitePat  BranchLen
              b 124305.1822216
              e 48369.6601576
              c 50773.9677808
              n 45845.9443220
              w 45819.1068754
            b:e 2071.2787611
            b:c 2425.7699606
            b:n 1767.0720115
            b:w 1765.1493714
            e:c 10507.6879549
            e:n 5446.2818683
            e:w 5467.5432535
            c:n 4935.8277463
            c:w 4935.0859276
            n:w 12563.6434436
          b:e:c 2093.9597628
          b:e:n 1125.1760069
          b:e:w 1126.4242567
          b:c:n 1136.8255148
          b:c:w 1135.3837892
          b:n:w 2052.1954360
          e:c:n 4482.3165396
          e:c:w 4488.6344198
          e:n:w 6482.5453113
          c:n:w 5488.1102738
        b:e:c:n 2049.3936006
        b:e:c:w 2051.5097165
        b:e:n:w 3129.1411421
        b:c:n:w 2387.0795348
        e:c:n:w 51729.9885644
