########################################
# legofit: estimate population history #
#       version 2.3.4-4-g53f8760       #
########################################

# Program was compiled: Sep 21 2021 14:36:42
# Program was run: Mon Oct 11 11:16:21 2021

# cmd: legofit -1 -d 0 -t 32 --ptsPerDim 3 --stateOut b1boot24.state --tol 3e-6 -S 5000 adef2.lgo ../../boot/boot24.opf
# Stage nOptItr nSimReps
#     0    5000        0
# algorithm          : deterministic
# ignoring probs <=  : 0
# Branch length floor: 0
# DE strategy        : 2
#    F               : 0.3
#    CR              : 0.8
#    tolerance       : 3e-06
# nthreads           : 32
# lgo input file     : adef2.lgo
# site pat input file: ../../boot/boot24.opf
# free parameters    : 18
# points in DE swarm : 54
# output state file  : b1boot24.state
# Including singleton site patterns.
# cost function      : KL
Initial parameter values
Fixed:
      zero = 0
       one = 1
    Tbecnw = 75200
Free:
       pc1 = 0
       pc2 = 0
       pc3 = 0
       pc4 = 0
       pc5 = 0
       pc6 = 0
       pc7 = 0
       pc8 = 0
       pc9 = 0
      pc10 = 0
      pc11 = 0
      pc12 = 0
      pc13 = 0
      pc14 = 0
      pc15 = 0
      pc16 = 0
      pc17 = 0
      pc18 = 0
Constrained:
   Tgbecnw = 100523
     Tecnw = 24652.7
       Tnw = 19158.2
       Tec = 10724.1
     twoNb = 2.0441e+06
     twoNe = 1.44929e+06
     twoNc = 1.03257e+07
     twoNn = 3.22619e+06
     twoNw = 2.43345e+06
    twoNec = 127323
    twoNnw = 26102.1
  twoNecnw = 83655.1
  twoNbecnw = 10756.9
  twoNgbecnw = 260520
         m = 0.138007
        m4 = 0.0191986
        m5 = 0.127011
        m6 = 0.0232316
        Ta = 42962
        Td = 5362.04
        Te = 2681.02
        Tf = 1340.51
DiffEv reached_goal. cost=1.87613e-03 spread=2.86804e-06
Fitted parameter values
Free:
       pc1 = 2.12546
       pc2 = -2.27198
       pc3 = 3.59034
       pc4 = 1.12507
       pc5 = 0.308503
       pc6 = 1.33112
       pc7 = 1.91834
       pc8 = 1.58928
       pc9 = 0.262284
      pc10 = 0.867357
      pc11 = 0.761301
      pc12 = 0.546118
      pc13 = 0.102392
      pc14 = 0.147512
      pc15 = -0.0334061
      pc16 = -0.0485619
      pc17 = -0.0242813
      pc18 = 0.0310823
Constrained:
   Tgbecnw = 82006.8
     Tecnw = 23810.3
       Tnw = 18838.2
       Tec = 6736.57
     twoNb = 3.12003e+06
     twoNe = 1.38076e+06
     twoNc = 3.802e+07
     twoNn = 5.36762e+06
     twoNw = 4.96086e+06
    twoNec = 151938
    twoNnw = 23257.3
  twoNecnw = 78637.5
  twoNbecnw = 2880.84
  twoNgbecnw = 304286
         m = 0.110216
        m4 = 0.0183055
        m5 = 0.142194
        m6 = 0.0326242
        Ta = 40968.3
        Td = 3368.28
        Te = 1684.14
        Tf = 842.071
#       SitePat  BranchLen
              b 124626.6570719
              e 48467.0628988
              c 50876.8849648
              n 45898.9877815
              w 45873.9662919
            b:e 2071.6180497
            b:c 2432.6472643
            b:n 1771.9307796
            b:w 1770.1636123
            e:c 10455.5898916
            e:n 5468.8504611
            e:w 5487.8483891
            c:n 4954.0463707
            c:w 4954.2471239
            n:w 12567.6125072
          b:e:c 2082.3158574
          b:e:n 1128.2613207
          b:e:w 1129.3091191
          b:c:n 1139.9124419
          b:c:w 1138.6906620
          b:n:w 2041.4149963
          e:c:n 4502.2431382
          e:c:w 4508.0659465
          e:n:w 6484.3346031
          c:n:w 5497.9204666
        b:e:c:n 2049.3536060
        b:e:c:w 2051.2947548
        b:e:n:w 3138.3442283
        b:c:n:w 2381.2795632
        e:c:n:w 51928.7012757
