########################################
# legofit: estimate population history #
#       version 2.3.4-4-g53f8760       #
########################################

# Program was compiled: Sep 21 2021 14:36:42
# Program was run: Mon Oct 11 11:15:16 2021

# cmd: legofit -1 -d 0 -t 32 --ptsPerDim 3 --stateOut b1boot16.state --tol 3e-6 -S 5000 adef2.lgo ../../boot/boot16.opf
# Stage nOptItr nSimReps
#     0    5000        0
# algorithm          : deterministic
# ignoring probs <=  : 0
# Branch length floor: 0
# DE strategy        : 2
#    F               : 0.3
#    CR              : 0.8
#    tolerance       : 3e-06
# nthreads           : 32
# lgo input file     : adef2.lgo
# site pat input file: ../../boot/boot16.opf
# free parameters    : 18
# points in DE swarm : 54
# output state file  : b1boot16.state
# Including singleton site patterns.
# cost function      : KL
Initial parameter values
Fixed:
      zero = 0
       one = 1
    Tbecnw = 75200
Free:
       pc1 = 0
       pc2 = 0
       pc3 = 0
       pc4 = 0
       pc5 = 0
       pc6 = 0
       pc7 = 0
       pc8 = 0
       pc9 = 0
      pc10 = 0
      pc11 = 0
      pc12 = 0
      pc13 = 0
      pc14 = 0
      pc15 = 0
      pc16 = 0
      pc17 = 0
      pc18 = 0
Constrained:
   Tgbecnw = 100523
     Tecnw = 24652.7
       Tnw = 19158.2
       Tec = 10724.1
     twoNb = 2.0441e+06
     twoNe = 1.44929e+06
     twoNc = 1.03257e+07
     twoNn = 3.22619e+06
     twoNw = 2.43345e+06
    twoNec = 127323
    twoNnw = 26102.1
  twoNecnw = 83655.1
  twoNbecnw = 10756.9
  twoNgbecnw = 260520
         m = 0.138007
        m4 = 0.0191986
        m5 = 0.127011
        m6 = 0.0232316
        Ta = 42962
        Td = 5362.04
        Te = 2681.02
        Tf = 1340.51
DiffEv reached_goal. cost=1.82467e-03 spread=2.84920e-06
Fitted parameter values
Free:
       pc1 = 1.57231
       pc2 = -2.33444
       pc3 = 3.7889
       pc4 = 1.44677
       pc5 = 1.13181
       pc6 = 0.335584
       pc7 = 1.98014
       pc8 = 0.744623
       pc9 = 0.553264
      pc10 = 0.949389
      pc11 = 1.10293
      pc12 = 0.552401
      pc13 = 0.0693168
      pc14 = 0.0697971
      pc15 = -0.0744953
      pc16 = 0.0190462
      pc17 = -0.00590125
      pc18 = 0.00527347
Constrained:
   Tgbecnw = 80939.8
     Tecnw = 23587.3
       Tnw = 19501.7
       Tec = 7111.1
     twoNb = 2.13278e+06
     twoNe = 364883
     twoNc = 7.79475e+06
     twoNn = 7.44966e+06
     twoNw = 5.11928e+06
    twoNec = 148349
    twoNnw = 19005.1
  twoNecnw = 79026
  twoNbecnw = 2461.33
  twoNgbecnw = 296945
         m = 0.114124
        m4 = 0.0186234
        m5 = 0.138312
        m6 = 0.0290562
        Ta = 41155.6
        Td = 3555.55
        Te = 1777.78
        Tf = 888.888
#       SitePat  BranchLen
              b 124594.4161164
              e 48415.7026360
              c 50821.7525145
              n 45836.1471274
              w 45812.4364416
            b:e 2067.1040719
            b:c 2446.3581482
            b:n 1763.7717537
            b:w 1762.0861699
            e:c 10447.1764175
            e:n 5451.7868686
            e:w 5470.1694244
            c:n 4940.2772668
            c:w 4940.0470705
            n:w 12555.9210874
          b:e:c 2082.7917556
          b:e:n 1123.3659616
          b:e:w 1124.4119397
          b:c:n 1135.5492575
          b:c:w 1134.3353670
          b:n:w 2040.4620704
          e:c:n 4488.4216243
          e:c:w 4493.9799506
          e:n:w 6496.0780467
          c:n:w 5494.6829470
        b:e:c:n 2042.7345208
        b:e:c:w 2044.5880171
        b:e:n:w 3143.4965566
        b:c:n:w 2379.1127025
        e:c:n:w 51992.7768490
