########################################
# legofit: estimate population history #
#       version 2.3.4-4-g53f8760       #
########################################

# Program was compiled: Sep 21 2021 14:36:42
# Program was run: Mon Oct 11 11:18:27 2021

# cmd: legofit -1 -d 0 -t 32 --ptsPerDim 3 --stateOut b1boot39.state --tol 3e-6 -S 5000 adef2.lgo ../../boot/boot39.opf
# Stage nOptItr nSimReps
#     0    5000        0
# algorithm          : deterministic
# ignoring probs <=  : 0
# Branch length floor: 0
# DE strategy        : 2
#    F               : 0.3
#    CR              : 0.8
#    tolerance       : 3e-06
# nthreads           : 32
# lgo input file     : adef2.lgo
# site pat input file: ../../boot/boot39.opf
# free parameters    : 18
# points in DE swarm : 54
# output state file  : b1boot39.state
# Including singleton site patterns.
# cost function      : KL
Initial parameter values
Fixed:
      zero = 0
       one = 1
    Tbecnw = 75200
Free:
       pc1 = 0
       pc2 = 0
       pc3 = 0
       pc4 = 0
       pc5 = 0
       pc6 = 0
       pc7 = 0
       pc8 = 0
       pc9 = 0
      pc10 = 0
      pc11 = 0
      pc12 = 0
      pc13 = 0
      pc14 = 0
      pc15 = 0
      pc16 = 0
      pc17 = 0
      pc18 = 0
Constrained:
   Tgbecnw = 100523
     Tecnw = 24652.7
       Tnw = 19158.2
       Tec = 10724.1
     twoNb = 2.0441e+06
     twoNe = 1.44929e+06
     twoNc = 1.03257e+07
     twoNn = 3.22619e+06
     twoNw = 2.43345e+06
    twoNec = 127323
    twoNnw = 26102.1
  twoNecnw = 83655.1
  twoNbecnw = 10756.9
  twoNgbecnw = 260520
         m = 0.138007
        m4 = 0.0191986
        m5 = 0.127011
        m6 = 0.0232316
        Ta = 42962
        Td = 5362.04
        Te = 2681.02
        Tf = 1340.51
DiffEv reached_goal. cost=1.85200e-03 spread=2.85440e-06
Fitted parameter values
Free:
       pc1 = 2.006
       pc2 = -3.23803
       pc3 = 3.79631
       pc4 = 0.561416
       pc5 = 0.429041
       pc6 = 0.701074
       pc7 = 1.98545
       pc8 = 1.40295
       pc9 = -0.0376583
      pc10 = 1.47336
      pc11 = 0.937051
      pc12 = 0.855808
      pc13 = 0.0330619
      pc14 = 0.099112
      pc15 = -0.0718635
      pc16 = -0.0364146
      pc17 = -0.0214458
      pc18 = -0.0156545
Constrained:
   Tgbecnw = 79339.2
     Tecnw = 23491.3
       Tnw = 18959.5
       Tec = 5643.16
     twoNb = 4.15192e+06
     twoNe = 1.34831e+06
     twoNc = 2.4923e+07
     twoNn = 3.55782e+06
     twoNw = 4.90924e+06
    twoNec = 167396
    twoNnw = 21303.4
  twoNecnw = 77163.3
  twoNbecnw = 1794.03
  twoNgbecnw = 297732
         m = 0.10971
        m4 = 0.0187675
        m5 = 0.128328
        m6 = 0.019646
        Ta = 40421.6
        Td = 2821.58
        Te = 1410.79
        Tf = 705.395
#       SitePat  BranchLen
              b 123476.0253152
              e 48072.3245250
              c 50479.1969036
              n 45512.7785953
              w 45491.1570244
            b:e 2072.3462177
            b:c 2433.9846254
            b:n 1767.9989376
            b:w 1766.4624922
            e:c 10436.8835833
            e:n 5424.3930270
            e:w 5442.3303429
            c:n 4917.4498404
            c:w 4916.0958475
            n:w 12527.7597877
          b:e:c 2085.0168566
          b:e:n 1125.2375831
          b:e:w 1126.3311395
          b:c:n 1137.0623473
          b:c:w 1135.8174328
          b:n:w 2043.2775693
          e:c:n 4500.7698730
          e:c:w 4505.8081210
          e:n:w 6489.8599065
          c:n:w 5499.3583488
        b:e:c:n 2043.8107682
        b:e:c:w 2045.4985718
        b:e:n:w 3146.9967549
        b:c:n:w 2380.8539314
        e:c:n:w 51269.1134919
