########################################
# legofit: estimate population history #
#       version 2.3.4-4-g53f8760       #
########################################

# Program was compiled: Sep 21 2021 14:36:42
# Program was run: Mon Oct 11 11:19:14 2021

# cmd: legofit -1 -d 0 -t 32 --ptsPerDim 3 --stateOut b1boot45.state --tol 3e-6 -S 5000 adef2.lgo ../../boot/boot45.opf
# Stage nOptItr nSimReps
#     0    5000        0
# algorithm          : deterministic
# ignoring probs <=  : 0
# Branch length floor: 0
# DE strategy        : 2
#    F               : 0.3
#    CR              : 0.8
#    tolerance       : 3e-06
# nthreads           : 32
# lgo input file     : adef2.lgo
# site pat input file: ../../boot/boot45.opf
# free parameters    : 18
# points in DE swarm : 54
# output state file  : b1boot45.state
# Including singleton site patterns.
# cost function      : KL
Initial parameter values
Fixed:
      zero = 0
       one = 1
    Tbecnw = 75200
Free:
       pc1 = 0
       pc2 = 0
       pc3 = 0
       pc4 = 0
       pc5 = 0
       pc6 = 0
       pc7 = 0
       pc8 = 0
       pc9 = 0
      pc10 = 0
      pc11 = 0
      pc12 = 0
      pc13 = 0
      pc14 = 0
      pc15 = 0
      pc16 = 0
      pc17 = 0
      pc18 = 0
Constrained:
   Tgbecnw = 100523
     Tecnw = 24652.7
       Tnw = 19158.2
       Tec = 10724.1
     twoNb = 2.0441e+06
     twoNe = 1.44929e+06
     twoNc = 1.03257e+07
     twoNn = 3.22619e+06
     twoNw = 2.43345e+06
    twoNec = 127323
    twoNnw = 26102.1
  twoNecnw = 83655.1
  twoNbecnw = 10756.9
  twoNgbecnw = 260520
         m = 0.138007
        m4 = 0.0191986
        m5 = 0.127011
        m6 = 0.0232316
        Ta = 42962
        Td = 5362.04
        Te = 2681.02
        Tf = 1340.51
DiffEv reached_goal. cost=1.89998e-03 spread=1.39661e-06
Fitted parameter values
Free:
       pc1 = 1.58017
       pc2 = -3.34604
       pc3 = 3.99238
       pc4 = 1.567
       pc5 = 0.828788
       pc6 = 1.20648
       pc7 = 1.99838
       pc8 = 1.77819
       pc9 = -0.120522
      pc10 = 0.858167
      pc11 = 1.34534
      pc12 = 0.812415
      pc13 = 0.147885
      pc14 = 0.167191
      pc15 = -0.0485087
      pc16 = 0.0204945
      pc17 = -0.028017
      pc18 = 0.000335655
Constrained:
   Tgbecnw = 78694.1
     Tecnw = 23257.1
       Tnw = 19657.3
       Tec = 5285.33
     twoNb = 2.08233e+06
     twoNe = 1.22893e+06
     twoNc = 3.50107e+07
     twoNn = 4.13572e+06
     twoNw = 5.31382e+06
    twoNec = 171685
    twoNnw = 16851.7
  twoNecnw = 78535.7
  twoNbecnw = 1482.96
  twoNgbecnw = 307921
         m = 0.109215
        m4 = 0.0181709
        m5 = 0.129728
        m6 = 0.0190721
        Ta = 40242.7
        Td = 2642.66
        Te = 1321.33
        Tf = 660.666
#       SitePat  BranchLen
              b 123870.8262250
              e 48101.9206520
              c 50487.2624053
              n 45534.0359240
              w 45513.2103703
            b:e 2048.6573561
            b:c 2421.9424426
            b:n 1741.8133735
            b:w 1740.3424415
            e:c 10388.6655138
            e:n 5420.2534306
            e:w 5437.6650940
            c:n 4912.6745403
            c:w 4911.2329222
            n:w 12472.6682359
          b:e:c 2060.5174123
          b:e:n 1113.4552069
          b:e:w 1114.5175758
          b:c:n 1125.9350763
          b:c:w 1124.7234596
          b:n:w 2016.8289895
          e:c:n 4446.3337720
          e:c:w 4451.1892803
          e:n:w 6453.1508038
          c:n:w 5460.0618401
        b:e:c:n 2021.7750492
        b:e:c:w 2023.3952290
        b:e:n:w 3116.7229097
        b:c:n:w 2362.5101338
        e:c:n:w 51705.7438040
