########################################
# legofit: estimate population history #
#       version 2.3.4-4-g53f8760       #
########################################

# Program was compiled: Sep 21 2021 14:36:42
# Program was run: Wed Sep 22 17:49:21 2021

# cmd: legofit -1 -d 0 -t 32 --ptsPerDim 3 --stateOut b1boot26.state --tol 3e-6 -S 5000 bef2.lgo ../../boot/boot26.opf
# Stage nOptItr nSimReps
#     0    5000        0
# algorithm          : deterministic
# ignoring probs <=  : 0
# Branch length floor: 0
# DE strategy        : 2
#    F               : 0.3
#    CR              : 0.8
#    tolerance       : 3e-06
# nthreads           : 32
# lgo input file     : bef2.lgo
# site pat input file: ../../boot/boot26.opf
# free parameters    : 14
# points in DE swarm : 42
# output state file  : b1boot26.state
# Including singleton site patterns.
# cost function      : KL
Initial parameter values
Fixed:
      zero = 0
       one = 1
    Tbecnw = 75200
Free:
       pc1 = 0
       pc2 = 0
       pc3 = 0
       pc4 = 0
       pc5 = 0
       pc6 = 0
       pc7 = 0
       pc8 = 0
       pc9 = 0
      pc10 = 0
      pc11 = 0
      pc12 = 0
      pc13 = 0
      pc14 = 0
Constrained:
     Tecnw = 60662.2
       Tnw = 62.1808
       Tec = 5373.28
     twoNb = 1.84222e+06
     twoNe = 175145
     twoNc = 256307
     twoNw = 1.1568e+06
    twoNec = 96730.4
    twoNnw = 179759
  twoNecnw = 13498.4
  twoNbecnw = 88351.3
        m2 = 0.0178723
        m5 = 0.471033
        m6 = 0.35869
        Tb = 33017.7
        Te = 31.0904
        Tf = 15.5452
DiffEv reached_goal. cost=2.30204e-03 spread=2.99882e-06
Fitted parameter values
Free:
       pc1 = -0.0611554
       pc2 = -3.50996
       pc3 = -1.16938
       pc4 = 0.592023
       pc5 = -1.31316
       pc6 = 1.31707
       pc7 = -1.84959
       pc8 = -0.648556
       pc9 = -0.719565
      pc10 = 0.113661
      pc11 = -0.103132
      pc12 = -0.543611
      pc13 = 0.0280814
      pc14 = 0.062616
Constrained:
     Tecnw = 60177.7
       Tnw = 27.3892
       Tec = 6954.93
     twoNb = 4.16762e+06
     twoNe = 309318
     twoNc = 245881
     twoNw = 1.46821e+06
    twoNec = 87148.2
    twoNnw = 185126
  twoNecnw = 13784
  twoNbecnw = 88163.4
        m2 = 0.0277128
        m5 = 0.473507
        m6 = 0.36217
        Tb = 33566.3
        Te = 13.6946
        Tf = 6.84729
#       SitePat  BranchLen
              b 147793.9117899
              e 57470.2760185
              c 60319.7831681
              n 54715.9868052
              w 54715.4105657
            b:e 2751.4952276
            b:c 3119.2347196
            b:n 2265.2517737
            b:w 2265.2179185
            e:c 12414.1230739
            e:n 6513.6837430
            e:w 6513.8938388
            c:n 5672.3212744
            c:w 5672.5783935
            n:w 14428.3447406
          b:e:c 2557.8908591
          b:e:n 1304.5499503
          b:e:w 1304.5476222
          b:c:n 1304.6571306
          b:c:w 1304.6594479
          b:n:w 2553.9910867
          e:c:n 5373.9620279
          e:c:w 5374.0710525
          e:n:w 8141.6944258
          c:n:w 6971.5217490
        b:e:c:n 2266.3630600
        b:e:c:w 2266.3969261
        b:e:n:w 3105.2351154
        b:c:n:w 2740.6200583
        e:c:n:w 61545.8397450
