########################################
# legofit: estimate population history #
#       version 2.3.4-4-g53f8760       #
########################################

# Program was compiled: Sep 21 2021 14:36:42
# Program was run: Wed Sep 22 17:49:14 2021

# cmd: legofit -1 -d 0 -t 32 --ptsPerDim 3 --stateOut b1boot17.state --tol 3e-6 -S 5000 bef2.lgo ../../boot/boot17.opf
# Stage nOptItr nSimReps
#     0    5000        0
# algorithm          : deterministic
# ignoring probs <=  : 0
# Branch length floor: 0
# DE strategy        : 2
#    F               : 0.3
#    CR              : 0.8
#    tolerance       : 3e-06
# nthreads           : 32
# lgo input file     : bef2.lgo
# site pat input file: ../../boot/boot17.opf
# free parameters    : 14
# points in DE swarm : 42
# output state file  : b1boot17.state
# Including singleton site patterns.
# cost function      : KL
Initial parameter values
Fixed:
      zero = 0
       one = 1
    Tbecnw = 75200
Free:
       pc1 = 0
       pc2 = 0
       pc3 = 0
       pc4 = 0
       pc5 = 0
       pc6 = 0
       pc7 = 0
       pc8 = 0
       pc9 = 0
      pc10 = 0
      pc11 = 0
      pc12 = 0
      pc13 = 0
      pc14 = 0
Constrained:
     Tecnw = 60662.2
       Tnw = 62.1808
       Tec = 5373.28
     twoNb = 1.84222e+06
     twoNe = 175145
     twoNc = 256307
     twoNw = 1.1568e+06
    twoNec = 96730.4
    twoNnw = 179759
  twoNecnw = 13498.4
  twoNbecnw = 88351.3
        m2 = 0.0178723
        m5 = 0.471033
        m6 = 0.35869
        Tb = 33017.7
        Te = 31.0904
        Tf = 15.5452
DiffEv reached_goal. cost=2.31097e-03 spread=2.97387e-06
Fitted parameter values
Free:
       pc1 = 0.145985
       pc2 = -3.84001
       pc3 = -1.09188
       pc4 = 1.63995
       pc5 = -1.99259
       pc6 = 1.11886
       pc7 = -1.8169
       pc8 = -0.904176
       pc9 = -0.739988
      pc10 = -0.0256184
      pc11 = -0.286013
      pc12 = -0.0236582
      pc13 = -0.0591918
      pc14 = 0.030258
Constrained:
     Tecnw = 60109.2
       Tnw = 35.0273
       Tec = 6589.65
     twoNb = 4.76218e+06
     twoNe = 163618
     twoNc = 212877
     twoNw = 1.63231e+06
    twoNec = 87700.2
    twoNnw = 185439
  twoNecnw = 13853
  twoNbecnw = 88112.8
        m2 = 0.0299651
        m5 = 0.474993
        m6 = 0.35981
        Tb = 33349.4
        Te = 17.5137
        Tf = 8.75683
#       SitePat  BranchLen
              b 147690.6909373
              e 57450.6138475
              c 60404.7015579
              n 54734.1299926
              w 54733.4683231
            b:e 2764.3757524
            b:c 3148.8917729
            b:n 2266.5215567
            b:w 2266.4826571
            e:c 12441.9444699
            e:n 6528.0107238
            e:w 6528.2538919
            c:n 5658.2315557
            c:w 5658.5249316
            n:w 14431.9067668
          b:e:c 2561.7826060
          b:e:n 1306.4298920
          b:e:w 1306.4274046
          b:c:n 1306.5353274
          b:c:w 1306.5378030
          b:n:w 2558.0625456
          e:c:n 5371.8658924
          e:c:w 5371.9910178
          e:n:w 8201.4213183
          c:n:w 6983.5479737
        b:e:c:n 2267.5743448
        b:e:c:w 2267.6132562
        b:e:n:w 3135.5046195
        b:c:n:w 2754.0665277
        e:c:n:w 61403.6879662
