########################################
# legofit: estimate population history #
#       version 2.3.4-4-g53f8760       #
########################################

# Program was compiled: Sep 21 2021 14:36:42
# Program was run: Wed Sep 22 17:49:51 2021

# cmd: legofit -1 -d 0 -t 32 --ptsPerDim 3 --stateOut b1boot48.state --tol 3e-6 -S 5000 bef2.lgo ../../boot/boot48.opf
# Stage nOptItr nSimReps
#     0    5000        0
# algorithm          : deterministic
# ignoring probs <=  : 0
# Branch length floor: 0
# DE strategy        : 2
#    F               : 0.3
#    CR              : 0.8
#    tolerance       : 3e-06
# nthreads           : 32
# lgo input file     : bef2.lgo
# site pat input file: ../../boot/boot48.opf
# free parameters    : 14
# points in DE swarm : 42
# output state file  : b1boot48.state
# Including singleton site patterns.
# cost function      : KL
Initial parameter values
Fixed:
      zero = 0
       one = 1
    Tbecnw = 75200
Free:
       pc1 = 0
       pc2 = 0
       pc3 = 0
       pc4 = 0
       pc5 = 0
       pc6 = 0
       pc7 = 0
       pc8 = 0
       pc9 = 0
      pc10 = 0
      pc11 = 0
      pc12 = 0
      pc13 = 0
      pc14 = 0
Constrained:
     Tecnw = 60662.2
       Tnw = 62.1808
       Tec = 5373.28
     twoNb = 1.84222e+06
     twoNe = 175145
     twoNc = 256307
     twoNw = 1.1568e+06
    twoNec = 96730.4
    twoNnw = 179759
  twoNecnw = 13498.4
  twoNbecnw = 88351.3
        m2 = 0.0178723
        m5 = 0.471033
        m6 = 0.35869
        Tb = 33017.7
        Te = 31.0904
        Tf = 15.5452
DiffEv reached_goal. cost=2.31685e-03 spread=2.36678e-06
Fitted parameter values
Free:
       pc1 = -1.96499
       pc2 = -3.72601
       pc3 = -1.19746
       pc4 = 0.423821
       pc5 = -1.79962
       pc6 = 0.306114
       pc7 = -1.25532
       pc8 = -1.48483
       pc9 = -0.646503
      pc10 = 0.235183
      pc11 = -0.118002
      pc12 = 0.130979
      pc13 = -0.02647
      pc14 = 0.00496182
Constrained:
     Tecnw = 60536.7
       Tnw = 60.6928
       Tec = 7965.01
     twoNb = 3.97055e+06
     twoNe = 166628
     twoNc = 337772
     twoNw = 1.16986e+06
    twoNec = 82517.2
    twoNnw = 184215
  twoNecnw = 13452
  twoNbecnw = 88578.7
        m2 = 0.0309114
        m5 = 0.479704
        m6 = 0.365628
        Tb = 34250.9
        Te = 30.3464
        Tf = 15.1732
#       SitePat  BranchLen
              b 148121.7503819
              e 57522.9124464
              c 60486.0321670
              n 54739.0909557
              w 54737.4697760
            b:e 2771.8639067
            b:c 3160.6203856
            b:n 2268.5209611
            b:w 2268.4256499
            e:c 12442.8138982
            e:n 6554.7145504
            e:w 6555.3071255
            c:n 5683.9288083
            c:w 5684.6503895
            n:w 14484.5674532
          b:e:c 2575.6292478
          b:e:n 1305.2228262
          b:e:w 1305.2164359
          b:c:n 1305.3457763
          b:c:w 1305.3521319
          b:n:w 2571.0966023
          e:c:n 5363.0594015
          e:c:w 5363.3664249
          e:n:w 8220.4380943
          c:n:w 6994.8140085
        b:e:c:n 2269.7346253
        b:e:c:w 2269.8299713
        b:e:n:w 3144.6431729
        b:c:n:w 2759.5748913
        e:c:n:w 61738.0748392
