########################################
# legofit: estimate population history #
#       version 2.3.4-4-g53f8760       #
########################################

# Program was compiled: Sep 21 2021 14:36:42
# Program was run: Wed Sep 22 17:49:06 2021

# cmd: legofit -1 -d 0 -t 32 --ptsPerDim 3 --stateOut b1boot8.state --tol 3e-6 -S 5000 bef2.lgo ../../boot/boot8.opf
# Stage nOptItr nSimReps
#     0    5000        0
# algorithm          : deterministic
# ignoring probs <=  : 0
# Branch length floor: 0
# DE strategy        : 2
#    F               : 0.3
#    CR              : 0.8
#    tolerance       : 3e-06
# nthreads           : 32
# lgo input file     : bef2.lgo
# site pat input file: ../../boot/boot8.opf
# free parameters    : 14
# points in DE swarm : 42
# output state file  : b1boot8.state
# Including singleton site patterns.
# cost function      : KL
Initial parameter values
Fixed:
      zero = 0
       one = 1
    Tbecnw = 75200
Free:
       pc1 = 0
       pc2 = 0
       pc3 = 0
       pc4 = 0
       pc5 = 0
       pc6 = 0
       pc7 = 0
       pc8 = 0
       pc9 = 0
      pc10 = 0
      pc11 = 0
      pc12 = 0
      pc13 = 0
      pc14 = 0
Constrained:
     Tecnw = 60662.2
       Tnw = 62.1808
       Tec = 5373.28
     twoNb = 1.84222e+06
     twoNe = 175145
     twoNc = 256307
     twoNw = 1.1568e+06
    twoNec = 96730.4
    twoNnw = 179759
  twoNecnw = 13498.4
  twoNbecnw = 88351.3
        m2 = 0.0178723
        m5 = 0.471033
        m6 = 0.35869
        Tb = 33017.7
        Te = 31.0904
        Tf = 15.5452
DiffEv reached_goal. cost=2.28513e-03 spread=2.92111e-06
Fitted parameter values
Free:
       pc1 = -0.614717
       pc2 = -3.55776
       pc3 = -1.10036
       pc4 = -0.529092
       pc5 = -1.73802
       pc6 = 1.06343
       pc7 = -1.90402
       pc8 = -0.966653
       pc9 = -0.0183964
      pc10 = 0.0040554
      pc11 = -0.289529
      pc12 = -0.15361
      pc13 = 0.0336281
      pc14 = -0.0384515
Constrained:
     Tecnw = 60381.9
       Tnw = 18.6093
       Tec = 7316.5
     twoNb = 4.34966e+06
     twoNe = 351467
     twoNc = 327926
     twoNw = 1.02547e+06
    twoNec = 86093.6
    twoNnw = 183799
  twoNecnw = 13576.7
  twoNbecnw = 87964.3
        m2 = 0.0289215
        m5 = 0.476479
        m6 = 0.363732
        Tb = 33849.2
        Te = 9.30463
        Tf = 4.65232
#       SitePat  BranchLen
              b 147660.0632755
              e 57470.8592228
              c 60383.8602012
              n 54618.3978869
              w 54617.8352234
            b:e 2746.6829360
            b:c 3123.2352042
            b:n 2247.1052565
            b:w 2247.0723934
            e:c 12351.8084239
            e:n 6525.1763272
            e:w 6525.3819108
            c:n 5666.3192104
            c:w 5666.5700401
            n:w 14444.6664779
          b:e:c 2545.9629525
          b:e:n 1296.4924973
          b:e:w 1296.4902694
          b:c:n 1296.5996223
          b:c:w 1296.6018398
          b:n:w 2542.1079217
          e:c:n 5332.0134056
          e:c:w 5332.1196558
          e:n:w 8165.0387320
          c:n:w 6966.3539107
        b:e:c:n 2248.1972095
        b:e:c:w 2248.2300830
        b:e:n:w 3109.4033010
        b:c:n:w 2735.9851677
        e:c:n:w 61446.3730030
