########################################
# legofit: estimate population history #
#       version 2.3.4-4-g53f8760       #
########################################

# Program was compiled: Sep 21 2021 14:36:42
# Program was run: Wed Sep 22 17:49:44 2021

# cmd: legofit -1 -d 0 -t 32 --ptsPerDim 3 --stateOut b1boot41.state --tol 3e-6 -S 5000 bef2.lgo ../../boot/boot41.opf
# Stage nOptItr nSimReps
#     0    5000        0
# algorithm          : deterministic
# ignoring probs <=  : 0
# Branch length floor: 0
# DE strategy        : 2
#    F               : 0.3
#    CR              : 0.8
#    tolerance       : 3e-06
# nthreads           : 32
# lgo input file     : bef2.lgo
# site pat input file: ../../boot/boot41.opf
# free parameters    : 14
# points in DE swarm : 42
# output state file  : b1boot41.state
# Including singleton site patterns.
# cost function      : KL
Initial parameter values
Fixed:
      zero = 0
       one = 1
    Tbecnw = 75200
Free:
       pc1 = 0
       pc2 = 0
       pc3 = 0
       pc4 = 0
       pc5 = 0
       pc6 = 0
       pc7 = 0
       pc8 = 0
       pc9 = 0
      pc10 = 0
      pc11 = 0
      pc12 = 0
      pc13 = 0
      pc14 = 0
Constrained:
     Tecnw = 60662.2
       Tnw = 62.1808
       Tec = 5373.28
     twoNb = 1.84222e+06
     twoNe = 175145
     twoNc = 256307
     twoNw = 1.1568e+06
    twoNec = 96730.4
    twoNnw = 179759
  twoNecnw = 13498.4
  twoNbecnw = 88351.3
        m2 = 0.0178723
        m5 = 0.471033
        m6 = 0.35869
        Tb = 33017.7
        Te = 31.0904
        Tf = 15.5452
DiffEv reached_goal. cost=2.30129e-03 spread=2.44952e-06
Fitted parameter values
Free:
       pc1 = -1.40131
       pc2 = -3.78415
       pc3 = -1.38646
       pc4 = 0.68793
       pc5 = -1.77908
       pc6 = 1.24315
       pc7 = -1.87223
       pc8 = -1.07476
       pc9 = 0.0598052
      pc10 = -0.044432
      pc11 = -0.113252
      pc12 = -0.258487
      pc13 = -0.080869
      pc14 = -0.0212857
Constrained:
     Tecnw = 60506.8
       Tnw = 15.9572
       Tec = 7166.76
     twoNb = 4.43586e+06
     twoNe = 251243
     twoNc = 204784
     twoNw = 1.38862e+06
    twoNec = 85419.8
    twoNnw = 184830
  twoNecnw = 13516.6
  twoNbecnw = 88129.1
        m2 = 0.0301376
        m5 = 0.478419
        m6 = 0.366447
        Tb = 33836.8
        Te = 7.9786
        Tf = 3.9893
#       SitePat  BranchLen
              b 147711.6983811
              e 57557.3163705
              c 60454.8927515
              n 54748.1316720
              w 54747.7723470
            b:e 2768.8966633
            b:c 3146.5721543
            b:n 2263.7581672
            b:w 2263.7370791
            e:c 12407.9045173
            e:n 6548.6074195
            e:w 6548.7382920
            c:n 5695.1912732
            c:w 5695.3517641
            n:w 14445.6557149
          b:e:c 2560.8967240
          b:e:n 1306.1561885
          b:e:w 1306.1547234
          b:c:n 1306.2665587
          b:c:w 1306.2680170
          b:n:w 2556.9443202
          e:c:n 5353.4851018
          e:c:w 5353.5530634
          e:n:w 8188.5960854
          c:n:w 6994.4133364
        b:e:c:n 2264.8907621
        b:e:c:w 2264.9118569
        b:e:n:w 3132.5012810
        b:c:n:w 2758.0111684
        e:c:n:w 61355.0549959
