########################################
# legofit: estimate population history #
#       version 2.3.4-4-g53f8760       #
########################################

# Program was compiled: Sep 21 2021 14:36:42
# Program was run: Wed Sep 22 17:49:44 2021

# cmd: legofit -1 -d 0 -t 32 --ptsPerDim 3 --stateOut b1boot45.state --tol 3e-6 -S 5000 bef2.lgo ../../boot/boot45.opf
# Stage nOptItr nSimReps
#     0    5000        0
# algorithm          : deterministic
# ignoring probs <=  : 0
# Branch length floor: 0
# DE strategy        : 2
#    F               : 0.3
#    CR              : 0.8
#    tolerance       : 3e-06
# nthreads           : 32
# lgo input file     : bef2.lgo
# site pat input file: ../../boot/boot45.opf
# free parameters    : 14
# points in DE swarm : 42
# output state file  : b1boot45.state
# Including singleton site patterns.
# cost function      : KL
Initial parameter values
Fixed:
      zero = 0
       one = 1
    Tbecnw = 75200
Free:
       pc1 = 0
       pc2 = 0
       pc3 = 0
       pc4 = 0
       pc5 = 0
       pc6 = 0
       pc7 = 0
       pc8 = 0
       pc9 = 0
      pc10 = 0
      pc11 = 0
      pc12 = 0
      pc13 = 0
      pc14 = 0
Constrained:
     Tecnw = 60662.2
       Tnw = 62.1808
       Tec = 5373.28
     twoNb = 1.84222e+06
     twoNe = 175145
     twoNc = 256307
     twoNw = 1.1568e+06
    twoNec = 96730.4
    twoNnw = 179759
  twoNecnw = 13498.4
  twoNbecnw = 88351.3
        m2 = 0.0178723
        m5 = 0.471033
        m6 = 0.35869
        Tb = 33017.7
        Te = 31.0904
        Tf = 15.5452
DiffEv reached_goal. cost=2.32976e-03 spread=2.76817e-06
Fitted parameter values
Free:
       pc1 = -1.0655
       pc2 = -3.76328
       pc3 = -0.587847
       pc4 = 0.649537
       pc5 = -1.76847
       pc6 = 1.86689
       pc7 = -1.39523
       pc8 = -0.679575
       pc9 = 0.179071
      pc10 = -0.0261869
      pc11 = 0.0244565
      pc12 = 0.112244
      pc13 = 0.101028
      pc14 = -0.068239
Constrained:
     Tecnw = 60275.2
       Tnw = 19.8837
       Tec = 7866.92
     twoNb = 4.40525e+06
     twoNe = 261615
     twoNc = 58822
     twoNw = 1.41446e+06
    twoNec = 83843.7
    twoNnw = 183243
  twoNecnw = 13623.8
  twoNbecnw = 87990.3
        m2 = 0.0291608
        m5 = 0.477886
        m6 = 0.364504
        Tb = 34071
        Te = 9.94187
        Tf = 4.97093
#       SitePat  BranchLen
              b 147747.2978856
              e 57346.0691830
              c 60276.2077720
              n 54505.0610834
              w 54504.6249833
            b:e 2733.2591412
            b:c 3111.7400657
            b:n 2238.8820305
            b:w 2238.8566155
            e:c 12336.4791915
            e:n 6522.5446569
            e:w 6522.7040495
            c:n 5659.3626312
            c:w 5659.5568865
            n:w 14431.9912683
          b:e:c 2539.0798341
          b:e:n 1289.9856462
          b:e:w 1289.9839337
          b:c:n 1290.0923805
          b:c:w 1290.0940851
          b:n:w 2535.2551262
          e:c:n 5328.5266331
          e:c:w 5328.6090854
          e:n:w 8159.9558703
          c:n:w 6952.8101361
        b:e:c:n 2239.9637999
        b:e:c:w 2239.9892227
        b:e:n:w 3098.0804614
        b:c:n:w 2722.7189850
        e:c:n:w 61630.0485045
