########################################
# legofit: estimate population history #
#       version 2.3.4-4-g53f8760       #
########################################

# Program was compiled: Sep 21 2021 14:36:42
# Program was run: Wed Sep 22 17:48:59 2021

# cmd: legofit -1 -d 0 -t 32 --ptsPerDim 3 --stateOut b1boot3.state --tol 3e-6 -S 5000 bef2.lgo ../../boot/boot3.opf
# Stage nOptItr nSimReps
#     0    5000        0
# algorithm          : deterministic
# ignoring probs <=  : 0
# Branch length floor: 0
# DE strategy        : 2
#    F               : 0.3
#    CR              : 0.8
#    tolerance       : 3e-06
# nthreads           : 32
# lgo input file     : bef2.lgo
# site pat input file: ../../boot/boot3.opf
# free parameters    : 14
# points in DE swarm : 42
# output state file  : b1boot3.state
# Including singleton site patterns.
# cost function      : KL
Initial parameter values
Fixed:
      zero = 0
       one = 1
    Tbecnw = 75200
Free:
       pc1 = 0
       pc2 = 0
       pc3 = 0
       pc4 = 0
       pc5 = 0
       pc6 = 0
       pc7 = 0
       pc8 = 0
       pc9 = 0
      pc10 = 0
      pc11 = 0
      pc12 = 0
      pc13 = 0
      pc14 = 0
Constrained:
     Tecnw = 60662.2
       Tnw = 62.1808
       Tec = 5373.28
     twoNb = 1.84222e+06
     twoNe = 175145
     twoNc = 256307
     twoNw = 1.1568e+06
    twoNec = 96730.4
    twoNnw = 179759
  twoNecnw = 13498.4
  twoNbecnw = 88351.3
        m2 = 0.0178723
        m5 = 0.471033
        m6 = 0.35869
        Tb = 33017.7
        Te = 31.0904
        Tf = 15.5452
DiffEv reached_goal. cost=2.30159e-03 spread=2.77990e-06
Fitted parameter values
Free:
       pc1 = -0.848165
       pc2 = -3.75744
       pc3 = -1.69477
       pc4 = 1.45801
       pc5 = -1.69913
       pc6 = 1.47996
       pc7 = -1.911
       pc8 = -0.704886
       pc9 = -1.24554
      pc10 = 0.436014
      pc11 = 0.118883
      pc12 = -0.105323
      pc13 = -0.0454078
      pc14 = -0.0280264
Constrained:
     Tecnw = 60231.8
       Tnw = 3.22214
       Tec = 7284.5
     twoNb = 4.5461e+06
     twoNe = 242643
     twoNc = 178416
     twoNw = 1.72505e+06
    twoNec = 86158.8
    twoNnw = 185881
  twoNecnw = 13729.1
  twoNbecnw = 88680.7
        m2 = 0.0300778
        m5 = 0.476013
        m6 = 0.362546
        Tb = 33758.2
        Te = 1.61107
        Tf = 0.805534
#       SitePat  BranchLen
              b 148177.5819637
              e 57577.1808973
              c 60493.7547448
              n 54788.9213219
              w 54788.8633422
            b:e 2781.3493463
            b:c 3162.7135306
            b:n 2278.5547559
            b:w 2278.5513342
            e:c 12404.4708073
            e:n 6545.3117040
            e:w 6545.3329075
            c:n 5687.1334961
            c:w 5687.1592852
            n:w 14443.0856901
          b:e:c 2572.8744465
          b:e:n 1313.9181559
          b:e:w 1313.9179279
          b:c:n 1314.0292056
          b:c:w 1314.0294326
          b:n:w 2568.9936664
          e:c:n 5390.8675878
          e:c:w 5390.8785749
          e:n:w 8217.9846217
          c:n:w 7014.3734928
        b:e:c:n 2279.6903598
        b:e:c:w 2279.6937826
        b:e:n:w 3148.8046885
        b:c:n:w 2770.6070616
        e:c:n:w 61793.0338499
