########################################
# legofit: estimate population history #
#       version 2.3.4-4-g53f8760       #
########################################

# Program was compiled: Sep 21 2021 14:36:42
# Program was run: Wed Sep 22 17:49:27 2021

# cmd: legofit -1 -d 0 -t 32 --ptsPerDim 3 --stateOut b1boot28.state --tol 3e-6 -S 5000 bef2.lgo ../../boot/boot28.opf
# Stage nOptItr nSimReps
#     0    5000        0
# algorithm          : deterministic
# ignoring probs <=  : 0
# Branch length floor: 0
# DE strategy        : 2
#    F               : 0.3
#    CR              : 0.8
#    tolerance       : 3e-06
# nthreads           : 32
# lgo input file     : bef2.lgo
# site pat input file: ../../boot/boot28.opf
# free parameters    : 14
# points in DE swarm : 42
# output state file  : b1boot28.state
# Including singleton site patterns.
# cost function      : KL
Initial parameter values
Fixed:
      zero = 0
       one = 1
    Tbecnw = 75200
Free:
       pc1 = 0
       pc2 = 0
       pc3 = 0
       pc4 = 0
       pc5 = 0
       pc6 = 0
       pc7 = 0
       pc8 = 0
       pc9 = 0
      pc10 = 0
      pc11 = 0
      pc12 = 0
      pc13 = 0
      pc14 = 0
Constrained:
     Tecnw = 60662.2
       Tnw = 62.1808
       Tec = 5373.28
     twoNb = 1.84222e+06
     twoNe = 175145
     twoNc = 256307
     twoNw = 1.1568e+06
    twoNec = 96730.4
    twoNnw = 179759
  twoNecnw = 13498.4
  twoNbecnw = 88351.3
        m2 = 0.0178723
        m5 = 0.471033
        m6 = 0.35869
        Tb = 33017.7
        Te = 31.0904
        Tf = 15.5452
DiffEv reached_goal. cost=2.28305e-03 spread=2.69369e-06
Fitted parameter values
Free:
       pc1 = 0.948305
       pc2 = -3.95351
       pc3 = -0.672324
       pc4 = 0.513538
       pc5 = -1.97727
       pc6 = 1.23749
       pc7 = -1.98975
       pc8 = -0.831295
       pc9 = -1.12614
      pc10 = -0.123197
      pc11 = -0.0418518
      pc12 = 0.151453
      pc13 = -0.0571407
      pc14 = -0.0381671
Constrained:
     Tecnw = 59839.1
       Tnw = 47.8089
       Tec = 7062.41
     twoNb = 4.88985e+06
     twoNe = 288698
     twoNc = 302980
     twoNw = 1.35245e+06
    twoNec = 87809.4
    twoNnw = 184601
  twoNecnw = 14117.1
  twoNbecnw = 88029.5
        m2 = 0.0289546
        m5 = 0.474328
        m6 = 0.357653
        Tb = 33450.8
        Te = 23.9045
        Tf = 11.9522
#       SitePat  BranchLen
              b 147615.1001289
              e 57396.2484969
              c 60381.7414655
              n 54613.7200416
              w 54612.6364762
            b:e 2759.4640124
            b:c 3146.4572462
            b:n 2266.4254654
            b:w 2266.3616079
            e:c 12366.7097986
            e:n 6536.1136391
            e:w 6536.5129473
            c:n 5657.4200606
            c:w 5657.8986879
            n:w 14438.7582799
          b:e:c 2558.9079657
          b:e:n 1307.8512601
          b:e:w 1307.8473241
          b:c:n 1307.9500044
          b:c:w 1307.9539221
          b:n:w 2555.4314538
          e:c:n 5385.5544687
          e:c:w 5385.7600985
          e:n:w 8220.7427650
          c:n:w 6989.4289718
        b:e:c:n 2267.3894283
        b:e:c:w 2267.4533041
        b:e:n:w 3133.8395837
        b:c:n:w 2749.7696701
        e:c:n:w 61387.8072848
