########################################
# legofit: estimate population history #
#       version 2.3.4-4-g53f8760       #
########################################

# Program was compiled: Sep 21 2021 14:36:42
# Program was run: Wed Sep 22 17:49:14 2021

# cmd: legofit -1 -d 0 -t 32 --ptsPerDim 3 --stateOut b1boot18.state --tol 3e-6 -S 5000 bef2.lgo ../../boot/boot18.opf
# Stage nOptItr nSimReps
#     0    5000        0
# algorithm          : deterministic
# ignoring probs <=  : 0
# Branch length floor: 0
# DE strategy        : 2
#    F               : 0.3
#    CR              : 0.8
#    tolerance       : 3e-06
# nthreads           : 32
# lgo input file     : bef2.lgo
# site pat input file: ../../boot/boot18.opf
# free parameters    : 14
# points in DE swarm : 42
# output state file  : b1boot18.state
# Including singleton site patterns.
# cost function      : KL
Initial parameter values
Fixed:
      zero = 0
       one = 1
    Tbecnw = 75200
Free:
       pc1 = 0
       pc2 = 0
       pc3 = 0
       pc4 = 0
       pc5 = 0
       pc6 = 0
       pc7 = 0
       pc8 = 0
       pc9 = 0
      pc10 = 0
      pc11 = 0
      pc12 = 0
      pc13 = 0
      pc14 = 0
Constrained:
     Tecnw = 60662.2
       Tnw = 62.1808
       Tec = 5373.28
     twoNb = 1.84222e+06
     twoNe = 175145
     twoNc = 256307
     twoNw = 1.1568e+06
    twoNec = 96730.4
    twoNnw = 179759
  twoNecnw = 13498.4
  twoNbecnw = 88351.3
        m2 = 0.0178723
        m5 = 0.471033
        m6 = 0.35869
        Tb = 33017.7
        Te = 31.0904
        Tf = 15.5452
DiffEv reached_goal. cost=2.32647e-03 spread=2.65096e-06
Fitted parameter values
Free:
       pc1 = -2.13761
       pc2 = -3.67535
       pc3 = -1.63033
       pc4 = 1.93454
       pc5 = -1.88766
       pc6 = 1.35533
       pc7 = -1.79331
       pc8 = -1.16489
       pc9 = 0.149303
      pc10 = -0.00037105
      pc11 = -0.0340921
      pc12 = -0.493957
      pc13 = 0.00243902
      pc14 = -0.0522388
Constrained:
     Tecnw = 60622.2
       Tnw = 18.362
       Tec = 6866.81
     twoNb = 4.54515e+06
     twoNe = 137041
     twoNc = 81194.9
     twoNw = 1.72705e+06
    twoNec = 85930.7
    twoNnw = 185701
  twoNecnw = 13342.6
  twoNbecnw = 88324.9
        m2 = 0.0305401
        m5 = 0.479182
        m6 = 0.36892
        Tb = 33744.5
        Te = 9.181
        Tf = 4.5905
#       SitePat  BranchLen
              b 147945.9663226
              e 57596.3669019
              c 60443.5227432
              n 54796.7685105
              w 54796.4343764
            b:e 2767.3691170
            b:c 3138.7198234
            b:n 2257.4805017
            b:w 2257.4609524
            e:c 12383.7533016
            e:n 6538.1895871
            e:w 6538.3108496
            c:n 5698.9678197
            c:w 5699.1176300
            n:w 14388.3252153
          b:e:c 2548.7415442
          b:e:n 1303.9526946
          b:e:w 1303.9512865
          b:c:n 1304.0601949
          b:c:w 1304.0615968
          b:n:w 2544.8349702
          e:c:n 5339.6498637
          e:c:w 5339.7129249
          e:n:w 8161.9117569
          c:n:w 6989.8357856
        b:e:c:n 2258.5986783
        b:e:c:w 2258.6182337
        b:e:n:w 3124.7845617
        b:c:n:w 2756.5511617
        e:c:n:w 61611.2403380
