########################################
# legofit: estimate population history #
#       version 2.3.4-4-g53f8760       #
########################################

# Program was compiled: Sep 21 2021 14:36:42
# Program was run: Wed Sep 22 17:49:44 2021

# cmd: legofit -1 -d 0 -t 32 --ptsPerDim 3 --stateOut b1boot40.state --tol 3e-6 -S 5000 bef2.lgo ../../boot/boot40.opf
# Stage nOptItr nSimReps
#     0    5000        0
# algorithm          : deterministic
# ignoring probs <=  : 0
# Branch length floor: 0
# DE strategy        : 2
#    F               : 0.3
#    CR              : 0.8
#    tolerance       : 3e-06
# nthreads           : 32
# lgo input file     : bef2.lgo
# site pat input file: ../../boot/boot40.opf
# free parameters    : 14
# points in DE swarm : 42
# output state file  : b1boot40.state
# Including singleton site patterns.
# cost function      : KL
Initial parameter values
Fixed:
      zero = 0
       one = 1
    Tbecnw = 75200
Free:
       pc1 = 0
       pc2 = 0
       pc3 = 0
       pc4 = 0
       pc5 = 0
       pc6 = 0
       pc7 = 0
       pc8 = 0
       pc9 = 0
      pc10 = 0
      pc11 = 0
      pc12 = 0
      pc13 = 0
      pc14 = 0
Constrained:
     Tecnw = 60662.2
       Tnw = 62.1808
       Tec = 5373.28
     twoNb = 1.84222e+06
     twoNe = 175145
     twoNc = 256307
     twoNw = 1.1568e+06
    twoNec = 96730.4
    twoNnw = 179759
  twoNecnw = 13498.4
  twoNbecnw = 88351.3
        m2 = 0.0178723
        m5 = 0.471033
        m6 = 0.35869
        Tb = 33017.7
        Te = 31.0904
        Tf = 15.5452
DiffEv reached_goal. cost=2.29593e-03 spread=2.06077e-06
Fitted parameter values
Free:
       pc1 = 0.176138
       pc2 = -3.89219
       pc3 = -1.79475
       pc4 = -0.0317311
       pc5 = -1.8542
       pc6 = 1.95081
       pc7 = -1.51162
       pc8 = -1.18494
       pc9 = -0.799322
      pc10 = -0.391287
      pc11 = 0.0228669
      pc12 = -0.237572
      pc13 = 0.166435
      pc14 = 0.0381665
Constrained:
     Tecnw = 59967.8
       Tnw = 0.468438
       Tec = 6784.38
     twoNb = 4.47046e+06
     twoNe = 354825
     twoNc = 157095
     twoNw = 939467
    twoNec = 86996.8
    twoNnw = 185997
  twoNecnw = 13879.2
  twoNbecnw = 88152.8
        m2 = 0.0290106
        m5 = 0.476186
        m6 = 0.361426
        Tb = 33376.1
        Te = 0.234219
        Tf = 0.117109
#       SitePat  BranchLen
              b 147857.8425796
              e 57321.6120709
              c 60243.4727299
              n 54636.1810455
              w 54636.1656373
            b:e 2738.4453538
            b:c 3116.1215078
            b:n 2252.4701236
            b:w 2252.4692221
            e:c 12368.3206947
            e:n 6514.2967561
            e:w 6514.3024102
            c:n 5652.1785857
            c:w 5652.1854265
            n:w 14346.2342517
          b:e:c 2537.0939576
          b:e:n 1298.5760208
          b:e:w 1298.5759623
          b:c:n 1298.6860704
          b:c:w 1298.6861286
          b:n:w 2533.2839032
          e:c:n 5363.9744335
          e:c:w 5363.9773468
          e:n:w 8150.0643122
          c:n:w 6949.0565876
        b:e:c:n 2253.5844926
        b:e:c:w 2253.5853945
        b:e:n:w 3102.3367732
        b:c:n:w 2727.8226231
        e:c:n:w 61740.8341340
