########################################
# legofit: estimate population history #
#       version 2.3.4-4-g53f8760       #
########################################

# Program was compiled: Sep 21 2021 14:36:42
# Program was run: Wed Sep 22 17:49:21 2021

# cmd: legofit -1 -d 0 -t 32 --ptsPerDim 3 --stateOut b1boot25.state --tol 3e-6 -S 5000 bef2.lgo ../../boot/boot25.opf
# Stage nOptItr nSimReps
#     0    5000        0
# algorithm          : deterministic
# ignoring probs <=  : 0
# Branch length floor: 0
# DE strategy        : 2
#    F               : 0.3
#    CR              : 0.8
#    tolerance       : 3e-06
# nthreads           : 32
# lgo input file     : bef2.lgo
# site pat input file: ../../boot/boot25.opf
# free parameters    : 14
# points in DE swarm : 42
# output state file  : b1boot25.state
# Including singleton site patterns.
# cost function      : KL
Initial parameter values
Fixed:
      zero = 0
       one = 1
    Tbecnw = 75200
Free:
       pc1 = 0
       pc2 = 0
       pc3 = 0
       pc4 = 0
       pc5 = 0
       pc6 = 0
       pc7 = 0
       pc8 = 0
       pc9 = 0
      pc10 = 0
      pc11 = 0
      pc12 = 0
      pc13 = 0
      pc14 = 0
Constrained:
     Tecnw = 60662.2
       Tnw = 62.1808
       Tec = 5373.28
     twoNb = 1.84222e+06
     twoNe = 175145
     twoNc = 256307
     twoNw = 1.1568e+06
    twoNec = 96730.4
    twoNnw = 179759
  twoNecnw = 13498.4
  twoNbecnw = 88351.3
        m2 = 0.0178723
        m5 = 0.471033
        m6 = 0.35869
        Tb = 33017.7
        Te = 31.0904
        Tf = 15.5452
DiffEv reached_goal. cost=2.29981e-03 spread=2.97965e-06
Fitted parameter values
Free:
       pc1 = -0.208378
       pc2 = -3.88783
       pc3 = -0.933614
       pc4 = 0.346391
       pc5 = -1.95555
       pc6 = 1.95404
       pc7 = -1.55588
       pc8 = -0.860866
       pc9 = 0.264117
      pc10 = 0.238962
      pc11 = -0.405849
      pc12 = -0.0980249
      pc13 = 0.0259435
      pc14 = 0.0135756
Constrained:
     Tecnw = 60244.5
       Tnw = 4.95577
       Tec = 7284.42
     twoNb = 4.60313e+06
     twoNe = 306244
     twoNc = 97776.2
     twoNw = 1.22824e+06
    twoNec = 85331.5
    twoNnw = 183925
  twoNecnw = 13670.2
  twoNbecnw = 87795.7
        m2 = 0.0306777
        m5 = 0.474604
        m6 = 0.362483
        Tb = 33764.4
        Te = 2.47788
        Tf = 1.23894
#       SitePat  BranchLen
              b 147514.5352203
              e 57407.3607621
              c 60304.6959835
              n 54582.9946397
              w 54582.8700946
            b:e 2747.9501369
            b:c 3124.1190697
            b:n 2240.7787531
            b:w 2240.7714992
            e:c 12403.6807039
            e:n 6499.3484896
            e:w 6499.3940020
            c:n 5646.7049764
            c:w 5646.7605362
            n:w 14450.5589578
          b:e:c 2546.2176053
          b:e:n 1290.0587277
          b:e:w 1290.0582341
          b:c:n 1290.1670858
          b:c:w 1290.1675771
          b:n:w 2542.3177155
          e:c:n 5323.6834066
          e:c:w 5323.7068795
          e:n:w 8164.9654886
          c:n:w 6969.5615598
        b:e:c:n 2241.9004890
        b:e:c:w 2241.9077451
        b:e:n:w 3110.2333283
        b:c:n:w 2737.1923810
        e:c:n:w 61357.9095693
