########################################
# legofit: estimate population history #
#       version 2.3.4-4-g53f8760       #
########################################

# Program was compiled: Sep 21 2021 14:36:42
# Program was run: Wed Sep 22 17:49:21 2021

# cmd: legofit -1 -d 0 -t 32 --ptsPerDim 3 --stateOut b1boot27.state --tol 3e-6 -S 5000 bef2.lgo ../../boot/boot27.opf
# Stage nOptItr nSimReps
#     0    5000        0
# algorithm          : deterministic
# ignoring probs <=  : 0
# Branch length floor: 0
# DE strategy        : 2
#    F               : 0.3
#    CR              : 0.8
#    tolerance       : 3e-06
# nthreads           : 32
# lgo input file     : bef2.lgo
# site pat input file: ../../boot/boot27.opf
# free parameters    : 14
# points in DE swarm : 42
# output state file  : b1boot27.state
# Including singleton site patterns.
# cost function      : KL
Initial parameter values
Fixed:
      zero = 0
       one = 1
    Tbecnw = 75200
Free:
       pc1 = 0
       pc2 = 0
       pc3 = 0
       pc4 = 0
       pc5 = 0
       pc6 = 0
       pc7 = 0
       pc8 = 0
       pc9 = 0
      pc10 = 0
      pc11 = 0
      pc12 = 0
      pc13 = 0
      pc14 = 0
Constrained:
     Tecnw = 60662.2
       Tnw = 62.1808
       Tec = 5373.28
     twoNb = 1.84222e+06
     twoNe = 175145
     twoNc = 256307
     twoNw = 1.1568e+06
    twoNec = 96730.4
    twoNnw = 179759
  twoNecnw = 13498.4
  twoNbecnw = 88351.3
        m2 = 0.0178723
        m5 = 0.471033
        m6 = 0.35869
        Tb = 33017.7
        Te = 31.0904
        Tf = 15.5452
DiffEv reached_goal. cost=2.27091e-03 spread=2.93557e-06
Fitted parameter values
Free:
       pc1 = -1.63925
       pc2 = -3.7227
       pc3 = -2.00635
       pc4 = 0.431849
       pc5 = -1.7844
       pc6 = 1.96696
       pc7 = -1.65047
       pc8 = -1.52664
       pc9 = -0.845421
      pc10 = 0.569045
      pc11 = -0.00250737
      pc12 = 0.266877
      pc13 = 0.0132168
      pc14 = -0.0501932
Constrained:
     Tecnw = 60425.3
       Tnw = 11.379
       Tec = 7332.1
     twoNb = 4.39034e+06
     twoNe = 333437
     twoNc = 105641
     twoNw = 1.21049e+06
    twoNec = 84997.6
    twoNnw = 185301
  twoNecnw = 13481.7
  twoNbecnw = 88773.3
        m2 = 0.0325842
        m5 = 0.478969
        m6 = 0.364381
        Tb = 33878.7
        Te = 5.68949
        Tf = 2.84474
#       SitePat  BranchLen
              b 148308.0438891
              e 57565.8724521
              c 60535.2413682
              n 54743.2827868
              w 54742.9896268
            b:e 2785.3041741
            b:c 3176.8418189
            b:n 2262.6713288
            b:w 2262.6541269
            e:c 12393.5509249
            e:n 6548.1640252
            e:w 6548.2714129
            c:n 5676.7705124
            c:w 5676.9008801
            n:w 14440.0157128
          b:e:c 2564.3619018
          b:e:n 1306.0048864
          b:e:w 1306.0037492
          b:c:n 1306.1285977
          b:c:w 1306.1297288
          b:n:w 2560.0169242
          e:c:n 5352.9902059
          e:c:w 5353.0456105
          e:n:w 8248.5145132
          c:n:w 7018.0808391
        b:e:c:n 2263.9143063
        b:e:c:w 2263.9315143
        b:e:n:w 3161.3335701
        b:c:n:w 2773.3750381
        e:c:n:w 61945.4523077
