########################################
# legofit: estimate population history #
#       version 2.3.4-4-g53f8760       #
########################################

# Program was compiled: Sep 21 2021 14:36:42
# Program was run: Wed Sep 22 17:49:32 2021

# cmd: legofit -1 -d 0 -t 32 --ptsPerDim 3 --stateOut b1boot39.state --tol 3e-6 -S 5000 bef2.lgo ../../boot/boot39.opf
# Stage nOptItr nSimReps
#     0    5000        0
# algorithm          : deterministic
# ignoring probs <=  : 0
# Branch length floor: 0
# DE strategy        : 2
#    F               : 0.3
#    CR              : 0.8
#    tolerance       : 3e-06
# nthreads           : 32
# lgo input file     : bef2.lgo
# site pat input file: ../../boot/boot39.opf
# free parameters    : 14
# points in DE swarm : 42
# output state file  : b1boot39.state
# Including singleton site patterns.
# cost function      : KL
Initial parameter values
Fixed:
      zero = 0
       one = 1
    Tbecnw = 75200
Free:
       pc1 = 0
       pc2 = 0
       pc3 = 0
       pc4 = 0
       pc5 = 0
       pc6 = 0
       pc7 = 0
       pc8 = 0
       pc9 = 0
      pc10 = 0
      pc11 = 0
      pc12 = 0
      pc13 = 0
      pc14 = 0
Constrained:
     Tecnw = 60662.2
       Tnw = 62.1808
       Tec = 5373.28
     twoNb = 1.84222e+06
     twoNe = 175145
     twoNc = 256307
     twoNw = 1.1568e+06
    twoNec = 96730.4
    twoNnw = 179759
  twoNecnw = 13498.4
  twoNbecnw = 88351.3
        m2 = 0.0178723
        m5 = 0.471033
        m6 = 0.35869
        Tb = 33017.7
        Te = 31.0904
        Tf = 15.5452
DiffEv reached_goal. cost=2.26733e-03 spread=2.73544e-06
Fitted parameter values
Free:
       pc1 = 0.786845
       pc2 = -3.79755
       pc3 = -0.991644
       pc4 = -0.611012
       pc5 = -1.8282
       pc6 = 1.71488
       pc7 = -1.6315
       pc8 = -1.20384
       pc9 = -0.509563
      pc10 = -0.193351
      pc11 = 0.0810967
      pc12 = -0.107893
      pc13 = -0.0646016
      pc14 = 0.111604
Constrained:
     Tecnw = 59945.6
       Tnw = 31.5435
       Tec = 6660.15
     twoNb = 4.509e+06
     twoNe = 393816
     twoNc = 237960
     twoNw = 841273
    twoNec = 87367.7
    twoNnw = 184252
  twoNecnw = 14052.1
  twoNbecnw = 87897
        m2 = 0.0289518
        m5 = 0.474392
        m6 = 0.360468
        Tb = 33302.9
        Te = 15.7718
        Tf = 7.88588
#       SitePat  BranchLen
              b 147485.7331936
              e 57350.3619493
              c 60275.3407595
              n 54608.1496607
              w 54606.9952589
            b:e 2760.4126596
            b:c 3139.6507569
            b:n 2266.9638713
            b:w 2266.8958684
            e:c 12452.7117050
            e:n 6533.9794427
            e:w 6534.4021923
            c:n 5672.9245264
            c:w 5673.4370348
            n:w 14460.8473520
          b:e:c 2563.2205522
          b:e:n 1306.4320953
          b:e:w 1306.4276421
          b:c:n 1306.5366792
          b:c:w 1306.5411113
          b:n:w 2559.4276820
          e:c:n 5383.5917774
          e:c:w 5383.8109213
          e:n:w 8200.9691472
          c:n:w 6994.6890113
        b:e:c:n 2268.0109056
        b:e:c:w 2268.0789296
        b:e:n:w 3126.0225194
        b:c:n:w 2749.8877685
        e:c:n:w 61241.8097959
