########################################
# legofit: estimate population history #
#       version 2.3.4-4-g53f8760       #
########################################

# Program was compiled: Sep 21 2021 14:36:42
# Program was run: Wed Sep 22 17:49:10 2021

# cmd: legofit -1 -d 0 -t 32 --ptsPerDim 3 --stateOut b1boot10.state --tol 3e-6 -S 5000 bef2.lgo ../../boot/boot10.opf
# Stage nOptItr nSimReps
#     0    5000        0
# algorithm          : deterministic
# ignoring probs <=  : 0
# Branch length floor: 0
# DE strategy        : 2
#    F               : 0.3
#    CR              : 0.8
#    tolerance       : 3e-06
# nthreads           : 32
# lgo input file     : bef2.lgo
# site pat input file: ../../boot/boot10.opf
# free parameters    : 14
# points in DE swarm : 42
# output state file  : b1boot10.state
# Including singleton site patterns.
# cost function      : KL
Initial parameter values
Fixed:
      zero = 0
       one = 1
    Tbecnw = 75200
Free:
       pc1 = 0
       pc2 = 0
       pc3 = 0
       pc4 = 0
       pc5 = 0
       pc6 = 0
       pc7 = 0
       pc8 = 0
       pc9 = 0
      pc10 = 0
      pc11 = 0
      pc12 = 0
      pc13 = 0
      pc14 = 0
Constrained:
     Tecnw = 60662.2
       Tnw = 62.1808
       Tec = 5373.28
     twoNb = 1.84222e+06
     twoNe = 175145
     twoNc = 256307
     twoNw = 1.1568e+06
    twoNec = 96730.4
    twoNnw = 179759
  twoNecnw = 13498.4
  twoNbecnw = 88351.3
        m2 = 0.0178723
        m5 = 0.471033
        m6 = 0.35869
        Tb = 33017.7
        Te = 31.0904
        Tf = 15.5452
DiffEv reached_goal. cost=2.28687e-03 spread=2.98041e-06
Fitted parameter values
Free:
       pc1 = -1.66339
       pc2 = -3.96144
       pc3 = -1.78831
       pc4 = 1.05776
       pc5 = -1.59266
       pc6 = 1.75947
       pc7 = -1.979
       pc8 = -0.947669
       pc9 = -1.24997
      pc10 = 0.917314
      pc11 = 0.282879
      pc12 = 0.0875643
      pc13 = 0.0524067
      pc14 = 0.0368866
Constrained:
     Tecnw = 60307.2
       Tnw = 5.39084
       Tec = 7730.22
     twoNb = 4.46695e+06
     twoNe = 311192
     twoNc = 153467
     twoNw = 1.67572e+06
    twoNec = 82973.1
    twoNnw = 185413
  twoNecnw = 13574.7
  twoNbecnw = 88933.5
        m2 = 0.0320919
        m5 = 0.477455
        m6 = 0.364849
        Tb = 34018.7
        Te = 2.69542
        Tf = 1.34771
#       SitePat  BranchLen
              b 148468.6566573
              e 57491.3100766
              c 60401.8140618
              n 54727.4816207
              w 54727.3814046
            b:e 2779.6386914
            b:c 3162.9380999
            b:n 2269.0165069
            b:w 2269.0106163
            e:c 12457.0228056
            e:n 6532.4992708
            e:w 6532.5358329
            c:n 5678.3752853
            c:w 5678.4199685
            n:w 14451.8617425
          b:e:c 2573.4560890
          b:e:n 1304.7384364
          b:e:w 1304.7380339
          b:c:n 1304.8565724
          b:c:w 1304.8569728
          b:n:w 2569.2262245
          e:c:n 5374.8055594
          e:c:w 5374.8245302
          e:n:w 8220.7313617
          c:n:w 7014.8340604
        b:e:c:n 2270.2292825
        b:e:c:w 2270.2351752
        b:e:n:w 3148.0125395
        b:c:n:w 2768.1092222
        e:c:n:w 62132.9414349
