########################################
# legofit: estimate population history #
#       version 2.3.4-4-g53f8760       #
########################################

# Program was compiled: Sep 21 2021 14:36:42
# Program was run: Wed Sep 22 17:49:44 2021

# cmd: legofit -1 -d 0 -t 32 --ptsPerDim 3 --stateOut b1boot42.state --tol 3e-6 -S 5000 bef2.lgo ../../boot/boot42.opf
# Stage nOptItr nSimReps
#     0    5000        0
# algorithm          : deterministic
# ignoring probs <=  : 0
# Branch length floor: 0
# DE strategy        : 2
#    F               : 0.3
#    CR              : 0.8
#    tolerance       : 3e-06
# nthreads           : 32
# lgo input file     : bef2.lgo
# site pat input file: ../../boot/boot42.opf
# free parameters    : 14
# points in DE swarm : 42
# output state file  : b1boot42.state
# Including singleton site patterns.
# cost function      : KL
Initial parameter values
Fixed:
      zero = 0
       one = 1
    Tbecnw = 75200
Free:
       pc1 = 0
       pc2 = 0
       pc3 = 0
       pc4 = 0
       pc5 = 0
       pc6 = 0
       pc7 = 0
       pc8 = 0
       pc9 = 0
      pc10 = 0
      pc11 = 0
      pc12 = 0
      pc13 = 0
      pc14 = 0
Constrained:
     Tecnw = 60662.2
       Tnw = 62.1808
       Tec = 5373.28
     twoNb = 1.84222e+06
     twoNe = 175145
     twoNc = 256307
     twoNw = 1.1568e+06
    twoNec = 96730.4
    twoNnw = 179759
  twoNecnw = 13498.4
  twoNbecnw = 88351.3
        m2 = 0.0178723
        m5 = 0.471033
        m6 = 0.35869
        Tb = 33017.7
        Te = 31.0904
        Tf = 15.5452
DiffEv reached_goal. cost=2.29459e-03 spread=2.87907e-06
Fitted parameter values
Free:
       pc1 = -1.16876
       pc2 = -3.94418
       pc3 = -0.306547
       pc4 = 1.77122
       pc5 = -1.76285
       pc6 = 1.26835
       pc7 = -1.78229
       pc8 = -0.539512
       pc9 = 0.208452
      pc10 = 0.484576
      pc11 = -0.326389
      pc12 = -0.142299
      pc13 = 0.0602384
      pc14 = -0.0271545
Constrained:
     Tecnw = 60376.6
       Tnw = 43.5291
       Tec = 7844.35
     twoNb = 4.58468e+06
     twoNe = 154489
     twoNc = 127688
     twoNw = 1.92848e+06
    twoNec = 83278.4
    twoNnw = 183554
  twoNecnw = 13518.1
  twoNbecnw = 87959.6
        m2 = 0.0305767
        m5 = 0.475562
        m6 = 0.364692
        Tb = 34110.5
        Te = 21.7645
        Tf = 10.8823
#       SitePat  BranchLen
              b 147707.7274988
              e 57416.9286971
              c 60287.5345336
              n 54584.1866618
              w 54583.4873311
            b:e 2741.6140515
            b:c 3114.2680660
            b:n 2237.8726641
            b:w 2237.8319895
            e:c 12398.6829679
            e:n 6493.8844754
            e:w 6494.1391910
            c:n 5649.0820485
            c:w 5649.3948853
            n:w 14449.0363339
          b:e:c 2546.0637090
          b:e:n 1286.4934986
          b:e:w 1286.4906489
          b:c:n 1286.5972746
          b:c:w 1286.6001116
          b:n:w 2542.1822976
          e:c:n 5317.1835074
          e:c:w 5317.3152858
          e:n:w 8144.6316478
          c:n:w 6960.2896834
        b:e:c:n 2238.9472643
        b:e:c:w 2238.9879517
        b:e:n:w 3100.5599316
        b:c:n:w 2730.9755389
        e:c:n:w 61561.2896687
