########################################
# legofit: estimate population history #
#       version 2.3.4-4-g53f8760       #
########################################

# Program was compiled: Sep 21 2021 14:36:42
# Program was run: Wed Sep 22 17:49:05 2021

# cmd: legofit -1 -d 0 -t 32 --ptsPerDim 3 --stateOut b1boot9.state --tol 3e-6 -S 5000 bef2.lgo ../../boot/boot9.opf
# Stage nOptItr nSimReps
#     0    5000        0
# algorithm          : deterministic
# ignoring probs <=  : 0
# Branch length floor: 0
# DE strategy        : 2
#    F               : 0.3
#    CR              : 0.8
#    tolerance       : 3e-06
# nthreads           : 32
# lgo input file     : bef2.lgo
# site pat input file: ../../boot/boot9.opf
# free parameters    : 14
# points in DE swarm : 42
# output state file  : b1boot9.state
# Including singleton site patterns.
# cost function      : KL
Initial parameter values
Fixed:
      zero = 0
       one = 1
    Tbecnw = 75200
Free:
       pc1 = 0
       pc2 = 0
       pc3 = 0
       pc4 = 0
       pc5 = 0
       pc6 = 0
       pc7 = 0
       pc8 = 0
       pc9 = 0
      pc10 = 0
      pc11 = 0
      pc12 = 0
      pc13 = 0
      pc14 = 0
Constrained:
     Tecnw = 60662.2
       Tnw = 62.1808
       Tec = 5373.28
     twoNb = 1.84222e+06
     twoNe = 175145
     twoNc = 256307
     twoNw = 1.1568e+06
    twoNec = 96730.4
    twoNnw = 179759
  twoNecnw = 13498.4
  twoNbecnw = 88351.3
        m2 = 0.0178723
        m5 = 0.471033
        m6 = 0.35869
        Tb = 33017.7
        Te = 31.0904
        Tf = 15.5452
DiffEv reached_goal. cost=2.31035e-03 spread=2.90208e-06
Fitted parameter values
Free:
       pc1 = 0.834851
       pc2 = -3.44909
       pc3 = -0.931891
       pc4 = 1.56313
       pc5 = -1.87179
       pc6 = 1.49134
       pc7 = -1.22135
       pc8 = -0.804669
       pc9 = -0.126338
      pc10 = 0.499769
      pc11 = -0.0952307
      pc12 = -0.467726
      pc13 = -0.00193788
      pc14 = 0.00819128
Constrained:
     Tecnw = 59999.8
       Tnw = 17.3093
       Tec = 6099.75
     twoNb = 4.41209e+06
     twoNe = 165014
     twoNc = 96015.9
     twoNw = 1.50523e+06
    twoNec = 90422.9
    twoNnw = 184470
  twoNecnw = 13901.1
  twoNbecnw = 87948.1
        m2 = 0.029698
        m5 = 0.46994
        m6 = 0.360711
        Tb = 33049.8
        Te = 8.65463
        Tf = 4.32732
#       SitePat  BranchLen
              b 147610.8162931
              e 57472.8353450
              c 60275.9514541
              n 54601.6860987
              w 54601.3336317
            b:e 2766.4814508
            b:c 3129.8902887
            b:n 2248.3846636
            b:w 2248.3640429
            e:c 12387.6460528
            e:n 6486.5631461
            e:w 6486.6913667
            c:n 5661.2198510
            c:w 5661.3775559
            n:w 14431.4903639
          b:e:c 2544.9946483
          b:e:n 1298.9341509
          b:e:w 1298.9326966
          b:c:n 1299.0421268
          b:c:w 1299.0435744
          b:n:w 2541.0129520
          e:c:n 5344.0355164
          e:c:w 5344.1020579
          e:n:w 8169.0235743
          c:n:w 7013.2010106
        b:e:c:n 2249.5355077
        b:e:c:w 2249.5561352
        b:e:n:w 3115.4668177
        b:c:n:w 2755.2026867
        e:c:n:w 61440.8595689
