########################################
# legofit: estimate population history #
#       version 2.3.4-4-g53f8760       #
########################################

# Program was compiled: Sep 21 2021 14:36:42
# Program was run: Wed Sep 22 17:49:14 2021

# cmd: legofit -1 -d 0 -t 32 --ptsPerDim 3 --stateOut b1boot21.state --tol 3e-6 -S 5000 bef2.lgo ../../boot/boot21.opf
# Stage nOptItr nSimReps
#     0    5000        0
# algorithm          : deterministic
# ignoring probs <=  : 0
# Branch length floor: 0
# DE strategy        : 2
#    F               : 0.3
#    CR              : 0.8
#    tolerance       : 3e-06
# nthreads           : 32
# lgo input file     : bef2.lgo
# site pat input file: ../../boot/boot21.opf
# free parameters    : 14
# points in DE swarm : 42
# output state file  : b1boot21.state
# Including singleton site patterns.
# cost function      : KL
Initial parameter values
Fixed:
      zero = 0
       one = 1
    Tbecnw = 75200
Free:
       pc1 = 0
       pc2 = 0
       pc3 = 0
       pc4 = 0
       pc5 = 0
       pc6 = 0
       pc7 = 0
       pc8 = 0
       pc9 = 0
      pc10 = 0
      pc11 = 0
      pc12 = 0
      pc13 = 0
      pc14 = 0
Constrained:
     Tecnw = 60662.2
       Tnw = 62.1808
       Tec = 5373.28
     twoNb = 1.84222e+06
     twoNe = 175145
     twoNc = 256307
     twoNw = 1.1568e+06
    twoNec = 96730.4
    twoNnw = 179759
  twoNecnw = 13498.4
  twoNbecnw = 88351.3
        m2 = 0.0178723
        m5 = 0.471033
        m6 = 0.35869
        Tb = 33017.7
        Te = 31.0904
        Tf = 15.5452
DiffEv reached_goal. cost=2.27734e-03 spread=2.81131e-06
Fitted parameter values
Free:
       pc1 = -0.786027
       pc2 = -3.81866
       pc3 = -0.595423
       pc4 = 1.85498
       pc5 = -1.81224
       pc6 = 1.41842
       pc7 = -1.606
       pc8 = -1.18426
       pc9 = -0.713949
      pc10 = 0.981617
      pc11 = 0.40953
      pc12 = 0.325492
      pc13 = -0.0228292
      pc14 = -0.0264452
Constrained:
     Tecnw = 60102.8
       Tnw = 64.7082
       Tec = 7076.08
     twoNb = 4.57851e+06
     twoNe = 167251
     twoNc = 110261
     twoNw = 1.82246e+06
    twoNec = 85785.1
    twoNnw = 183576
  twoNecnw = 13777.9
  twoNbecnw = 88574.5
        m2 = 0.032567
        m5 = 0.475402
        m6 = 0.363227
        Tb = 33589.4
        Te = 32.3541
        Tf = 16.177
#       SitePat  BranchLen
              b 148137.6572854
              e 57441.9674080
              c 60351.5086135
              n 54563.0536207
              w 54561.9562023
            b:e 2786.8698089
            b:c 3170.0301180
            b:n 2255.8717258
            b:w 2255.8072884
            e:c 12418.5479500
            e:n 6526.7471851
            e:w 6527.1474202
            c:n 5674.8590147
            c:w 5675.3481691
            n:w 14474.1714619
          b:e:c 2563.3029953
          b:e:n 1301.7945813
          b:e:w 1301.7901841
          b:c:n 1301.9077997
          b:c:w 1301.9121750
          b:n:w 2559.1031029
          e:c:n 5355.4433280
          e:c:w 5355.6513570
          e:n:w 8257.6111042
          c:n:w 7048.1411897
        b:e:c:n 2257.0248592
        b:e:c:w 2257.0893185
        b:e:n:w 3155.0379144
        b:c:n:w 2775.2585265
        e:c:n:w 61874.4322691
