########################################
# legofit: estimate population history #
#       version 2.3.4-4-g53f8760       #
########################################

# Program was compiled: Sep 21 2021 14:36:42
# Program was run: Wed Sep 22 17:49:14 2021

# cmd: legofit -1 -d 0 -t 32 --ptsPerDim 3 --stateOut b1boot19.state --tol 3e-6 -S 5000 bef2.lgo ../../boot/boot19.opf
# Stage nOptItr nSimReps
#     0    5000        0
# algorithm          : deterministic
# ignoring probs <=  : 0
# Branch length floor: 0
# DE strategy        : 2
#    F               : 0.3
#    CR              : 0.8
#    tolerance       : 3e-06
# nthreads           : 32
# lgo input file     : bef2.lgo
# site pat input file: ../../boot/boot19.opf
# free parameters    : 14
# points in DE swarm : 42
# output state file  : b1boot19.state
# Including singleton site patterns.
# cost function      : KL
Initial parameter values
Fixed:
      zero = 0
       one = 1
    Tbecnw = 75200
Free:
       pc1 = 0
       pc2 = 0
       pc3 = 0
       pc4 = 0
       pc5 = 0
       pc6 = 0
       pc7 = 0
       pc8 = 0
       pc9 = 0
      pc10 = 0
      pc11 = 0
      pc12 = 0
      pc13 = 0
      pc14 = 0
Constrained:
     Tecnw = 60662.2
       Tnw = 62.1808
       Tec = 5373.28
     twoNb = 1.84222e+06
     twoNe = 175145
     twoNc = 256307
     twoNw = 1.1568e+06
    twoNec = 96730.4
    twoNnw = 179759
  twoNecnw = 13498.4
  twoNbecnw = 88351.3
        m2 = 0.0178723
        m5 = 0.471033
        m6 = 0.35869
        Tb = 33017.7
        Te = 31.0904
        Tf = 15.5452
DiffEv reached_goal. cost=2.29278e-03 spread=2.96644e-06
Fitted parameter values
Free:
       pc1 = 0.0454364
       pc2 = -3.80879
       pc3 = -1.06546
       pc4 = 0.634116
       pc5 = -1.47452
       pc6 = 1.42805
       pc7 = -1.82479
       pc8 = -0.856756
       pc9 = -0.500399
      pc10 = 0.694758
      pc11 = 0.348742
      pc12 = -0.148964
      pc13 = 0.0563474
      pc14 = 0.0767298
Constrained:
     Tecnw = 60005
       Tnw = 17.394
       Tec = 6671.34
     twoNb = 4.29084e+06
     twoNe = 310888
     twoNc = 222913
     twoNw = 1.48967e+06
    twoNec = 86831.7
    twoNnw = 184098
  twoNecnw = 13865.1
  twoNbecnw = 88250.9
        m2 = 0.0305754
        m5 = 0.47328
        m6 = 0.363004
        Tb = 33338.2
        Te = 8.69702
        Tf = 4.34851
#       SitePat  BranchLen
              b 147901.9052510
              e 57355.1950047
              c 60194.9911195
              n 54544.4858103
              w 54544.1257862
            b:e 2764.5149498
            b:c 3134.5560255
            b:n 2250.9914182
            b:w 2250.9703335
            e:c 12435.9680027
            e:n 6503.2482685
            e:w 6503.3792148
            c:n 5668.7369097
            c:w 5668.8978271
            n:w 14440.9661494
          b:e:c 2551.9380363
          b:e:n 1297.3487980
          b:e:w 1297.3473186
          b:c:n 1297.4634987
          b:c:w 1297.4649709
          b:n:w 2547.7198054
          e:c:n 5355.5628181
          e:c:w 5355.6309786
          e:n:w 8187.4392904
          c:n:w 7013.0607417
        b:e:c:n 2252.1963119
        b:e:c:w 2252.2174038
        b:e:n:w 3119.4648240
        b:c:n:w 2752.7665758
        e:c:n:w 61737.4143014
