########################################
# legofit: estimate population history #
#       version 2.3.4-4-g53f8760       #
########################################

# Program was compiled: Sep 21 2021 14:36:42
# Program was run: Wed Sep 22 17:49:05 2021

# cmd: legofit -1 -d 0 -t 32 --ptsPerDim 3 --stateOut b1boot6.state --tol 3e-6 -S 5000 bef2.lgo ../../boot/boot6.opf
# Stage nOptItr nSimReps
#     0    5000        0
# algorithm          : deterministic
# ignoring probs <=  : 0
# Branch length floor: 0
# DE strategy        : 2
#    F               : 0.3
#    CR              : 0.8
#    tolerance       : 3e-06
# nthreads           : 32
# lgo input file     : bef2.lgo
# site pat input file: ../../boot/boot6.opf
# free parameters    : 14
# points in DE swarm : 42
# output state file  : b1boot6.state
# Including singleton site patterns.
# cost function      : KL
Initial parameter values
Fixed:
      zero = 0
       one = 1
    Tbecnw = 75200
Free:
       pc1 = 0
       pc2 = 0
       pc3 = 0
       pc4 = 0
       pc5 = 0
       pc6 = 0
       pc7 = 0
       pc8 = 0
       pc9 = 0
      pc10 = 0
      pc11 = 0
      pc12 = 0
      pc13 = 0
      pc14 = 0
Constrained:
     Tecnw = 60662.2
       Tnw = 62.1808
       Tec = 5373.28
     twoNb = 1.84222e+06
     twoNe = 175145
     twoNc = 256307
     twoNw = 1.1568e+06
    twoNec = 96730.4
    twoNnw = 179759
  twoNecnw = 13498.4
  twoNbecnw = 88351.3
        m2 = 0.0178723
        m5 = 0.471033
        m6 = 0.35869
        Tb = 33017.7
        Te = 31.0904
        Tf = 15.5452
DiffEv reached_goal. cost=2.27157e-03 spread=2.96445e-06
Fitted parameter values
Free:
       pc1 = -0.648411
       pc2 = -3.75734
       pc3 = -0.791485
       pc4 = 0.553468
       pc5 = -1.81197
       pc6 = 1.83175
       pc7 = -1.90259
       pc8 = -0.519677
       pc9 = -0.15882
      pc10 = -0.226169
      pc11 = 0.283844
      pc12 = -0.176833
      pc13 = 0.105343
      pc14 = -0.00826406
Constrained:
     Tecnw = 60152.9
       Tnw = 10.8698
       Tec = 7417.02
     twoNb = 4.71575e+06
     twoNe = 309103
     twoNc = 131679
     twoNw = 1.4665e+06
    twoNec = 85120
    twoNnw = 184004
  twoNecnw = 13764.8
  twoNbecnw = 88019
        m2 = 0.0277656
        m5 = 0.477185
        m6 = 0.364524
        Tb = 33785
        Te = 5.43492
        Tf = 2.71746
#       SitePat  BranchLen
              b 147751.7695193
              e 57320.8907512
              c 60214.0667122
              n 54541.5772904
              w 54541.3473013
            b:e 2731.4653001
            b:c 3103.4343332
            b:n 2249.1821999
            b:w 2249.1687457
            e:c 12357.9008437
            e:n 6526.8851747
            e:w 6526.9690808
            c:n 5673.1345315
            c:w 5673.2370348
            n:w 14407.3365304
          b:e:c 2540.5517913
          b:e:n 1296.1441516
          b:e:w 1296.1432351
          b:c:n 1296.2402223
          b:c:w 1296.2411351
          b:n:w 2537.1331216
          e:c:n 5354.6906159
          e:c:w 5354.7341955
          e:n:w 8140.9187141
          c:n:w 6952.2507628
        b:e:c:n 2250.1658661
        b:e:c:w 2250.1793241
        b:e:n:w 3091.1681873
        b:c:n:w 2721.9798627
        e:c:n:w 61622.1597640
