########################################
# legofit: estimate population history #
#       version 2.3.4-4-g53f8760       #
########################################

# Program was compiled: Sep 21 2021 14:36:42
# Program was run: Wed Sep 22 17:49:31 2021

# cmd: legofit -1 -d 0 -t 32 --ptsPerDim 3 --stateOut b1boot37.state --tol 3e-6 -S 5000 bef2.lgo ../../boot/boot37.opf
# Stage nOptItr nSimReps
#     0    5000        0
# algorithm          : deterministic
# ignoring probs <=  : 0
# Branch length floor: 0
# DE strategy        : 2
#    F               : 0.3
#    CR              : 0.8
#    tolerance       : 3e-06
# nthreads           : 32
# lgo input file     : bef2.lgo
# site pat input file: ../../boot/boot37.opf
# free parameters    : 14
# points in DE swarm : 42
# output state file  : b1boot37.state
# Including singleton site patterns.
# cost function      : KL
Initial parameter values
Fixed:
      zero = 0
       one = 1
    Tbecnw = 75200
Free:
       pc1 = 0
       pc2 = 0
       pc3 = 0
       pc4 = 0
       pc5 = 0
       pc6 = 0
       pc7 = 0
       pc8 = 0
       pc9 = 0
      pc10 = 0
      pc11 = 0
      pc12 = 0
      pc13 = 0
      pc14 = 0
Constrained:
     Tecnw = 60662.2
       Tnw = 62.1808
       Tec = 5373.28
     twoNb = 1.84222e+06
     twoNe = 175145
     twoNc = 256307
     twoNw = 1.1568e+06
    twoNec = 96730.4
    twoNnw = 179759
  twoNecnw = 13498.4
  twoNbecnw = 88351.3
        m2 = 0.0178723
        m5 = 0.471033
        m6 = 0.35869
        Tb = 33017.7
        Te = 31.0904
        Tf = 15.5452
DiffEv reached_goal. cost=2.32537e-03 spread=2.59704e-06
Fitted parameter values
Free:
       pc1 = -2.43974
       pc2 = -3.70416
       pc3 = -0.718338
       pc4 = 0.359465
       pc5 = -1.64339
       pc6 = 1.48385
       pc7 = -1.57238
       pc8 = -1.26919
       pc9 = -0.781986
      pc10 = 0.420904
      pc11 = -0.0127315
      pc12 = -0.454272
      pc13 = 0.168374
      pc14 = -0.0517916
Constrained:
     Tecnw = 60523.4
       Tnw = 90.1243
       Tec = 8976.54
     twoNb = 4.31401e+06
     twoNe = 287394
     twoNc = 160922
     twoNw = 1.357e+06
    twoNec = 80334.9
    twoNnw = 184227
  twoNecnw = 13367.1
  twoNbecnw = 88628.2
        m2 = 0.0295216
        m5 = 0.478383
        m6 = 0.368067
        Tb = 34750
        Te = 45.0622
        Tf = 22.5311
#       SitePat  BranchLen
              b 148314.7506935
              e 57519.1629422
              c 60369.0434610
              n 54685.7074189
              w 54683.6307067
            b:e 2744.3012408
            b:c 3114.7262511
            b:n 2254.0128418
            b:w 2253.8914157
            e:c 12348.2621757
            e:n 6515.5514422
            e:w 6516.3050635
            c:n 5676.0740370
            c:w 5677.0044885
            n:w 14425.1094889
          b:e:c 2556.2717680
          b:e:n 1294.5116844
          b:e:w 1294.5029780
          b:c:n 1294.6108665
          b:c:w 1294.6195346
          b:n:w 2552.3428042
          e:c:n 5347.8070231
          e:c:w 5348.1996624
          e:n:w 8135.0989728
          c:n:w 6960.6870293
        b:e:c:n 2255.0193609
        b:e:c:w 2255.1408252
        b:e:n:w 3100.9335135
        b:c:n:w 2733.6021693
        e:c:n:w 62082.1692948
