########################################
# legofit: estimate population history #
#       version 2.3.4-4-g53f8760       #
########################################

# Program was compiled: Sep 21 2021 14:36:42
# Program was run: Wed Sep 22 17:49:27 2021

# cmd: legofit -1 -d 0 -t 32 --ptsPerDim 3 --stateOut b1boot29.state --tol 3e-6 -S 5000 bef2.lgo ../../boot/boot29.opf
# Stage nOptItr nSimReps
#     0    5000        0
# algorithm          : deterministic
# ignoring probs <=  : 0
# Branch length floor: 0
# DE strategy        : 2
#    F               : 0.3
#    CR              : 0.8
#    tolerance       : 3e-06
# nthreads           : 32
# lgo input file     : bef2.lgo
# site pat input file: ../../boot/boot29.opf
# free parameters    : 14
# points in DE swarm : 42
# output state file  : b1boot29.state
# Including singleton site patterns.
# cost function      : KL
Initial parameter values
Fixed:
      zero = 0
       one = 1
    Tbecnw = 75200
Free:
       pc1 = 0
       pc2 = 0
       pc3 = 0
       pc4 = 0
       pc5 = 0
       pc6 = 0
       pc7 = 0
       pc8 = 0
       pc9 = 0
      pc10 = 0
      pc11 = 0
      pc12 = 0
      pc13 = 0
      pc14 = 0
Constrained:
     Tecnw = 60662.2
       Tnw = 62.1808
       Tec = 5373.28
     twoNb = 1.84222e+06
     twoNe = 175145
     twoNc = 256307
     twoNw = 1.1568e+06
    twoNec = 96730.4
    twoNnw = 179759
  twoNecnw = 13498.4
  twoNbecnw = 88351.3
        m2 = 0.0178723
        m5 = 0.471033
        m6 = 0.35869
        Tb = 33017.7
        Te = 31.0904
        Tf = 15.5452
DiffEv reached_goal. cost=2.29425e-03 spread=2.62202e-06
Fitted parameter values
Free:
       pc1 = 1.2731
       pc2 = -3.9881
       pc3 = -0.168608
       pc4 = 1.74741
       pc5 = -1.56888
       pc6 = 1.83159
       pc7 = -1.60302
       pc8 = -0.631342
       pc9 = 0.11157
      pc10 = 0.212442
      pc11 = 0.0850994
      pc12 = -0.0435869
      pc13 = 0.152875
      pc14 = -0.00473242
Constrained:
     Tecnw = 59695.1
       Tnw = 40.102
       Tec = 6174.02
     twoNb = 4.53932e+06
     twoNe = 207915
     twoNc = 60924.3
     twoNw = 1.79271e+06
    twoNec = 89158.1
    twoNnw = 183667
  twoNecnw = 14072.4
  twoNbecnw = 87581.1
        m2 = 0.0300217
        m5 = 0.471557
        m6 = 0.359567
        Tb = 32934.5
        Te = 20.051
        Tf = 10.0255
#       SitePat  BranchLen
              b 147423.7882764
              e 57179.5104286
              c 60041.8695780
              n 54376.9280288
              w 54376.2454778
            b:e 2730.8977585
            b:c 3100.0760143
            b:n 2221.9147844
            b:w 2221.8751599
            e:c 12353.2032824
            e:n 6467.1285909
            e:w 6467.3782403
            c:n 5624.6728282
            c:w 5624.9769165
            n:w 14367.2537053
          b:e:c 2516.1992135
          b:e:n 1282.5585653
          b:e:w 1282.5559012
          b:c:n 1282.6651237
          b:c:w 1282.6677750
          b:n:w 2512.2883352
          e:c:n 5318.2681626
          e:c:w 5318.3969760
          e:n:w 8146.5139897
          c:n:w 6965.6234464
        b:e:c:n 2223.0150766
        b:e:c:w 2223.0547139
        b:e:n:w 3085.8584700
        b:c:n:w 2719.8502622
        e:c:n:w 61514.7260607
