########################################
# legofit: estimate population history #
#       version 2.3.4-4-g53f8760       #
########################################

# Program was compiled: Sep 21 2021 14:36:42
# Program was run: Wed Sep 22 17:49:32 2021

# cmd: legofit -1 -d 0 -t 32 --ptsPerDim 3 --stateOut b1boot34.state --tol 3e-6 -S 5000 bef2.lgo ../../boot/boot34.opf
# Stage nOptItr nSimReps
#     0    5000        0
# algorithm          : deterministic
# ignoring probs <=  : 0
# Branch length floor: 0
# DE strategy        : 2
#    F               : 0.3
#    CR              : 0.8
#    tolerance       : 3e-06
# nthreads           : 32
# lgo input file     : bef2.lgo
# site pat input file: ../../boot/boot34.opf
# free parameters    : 14
# points in DE swarm : 42
# output state file  : b1boot34.state
# Including singleton site patterns.
# cost function      : KL
Initial parameter values
Fixed:
      zero = 0
       one = 1
    Tbecnw = 75200
Free:
       pc1 = 0
       pc2 = 0
       pc3 = 0
       pc4 = 0
       pc5 = 0
       pc6 = 0
       pc7 = 0
       pc8 = 0
       pc9 = 0
      pc10 = 0
      pc11 = 0
      pc12 = 0
      pc13 = 0
      pc14 = 0
Constrained:
     Tecnw = 60662.2
       Tnw = 62.1808
       Tec = 5373.28
     twoNb = 1.84222e+06
     twoNe = 175145
     twoNc = 256307
     twoNw = 1.1568e+06
    twoNec = 96730.4
    twoNnw = 179759
  twoNecnw = 13498.4
  twoNbecnw = 88351.3
        m2 = 0.0178723
        m5 = 0.471033
        m6 = 0.35869
        Tb = 33017.7
        Te = 31.0904
        Tf = 15.5452
DiffEv reached_goal. cost=2.27937e-03 spread=2.23469e-06
Fitted parameter values
Free:
       pc1 = 0.680489
       pc2 = -3.71654
       pc3 = -1.34925
       pc4 = 0.920217
       pc5 = -1.13576
       pc6 = 1.52575
       pc7 = -1.86318
       pc8 = -0.915422
       pc9 = 0.152858
      pc10 = -0.0141375
      pc11 = 0.00362012
      pc12 = -0.254898
      pc13 = 0.0382114
      pc14 = -0.0612066
Constrained:
     Tecnw = 60001.2
       Tnw = 3.97035
       Tec = 5628.66
     twoNb = 4.01541e+06
     twoNe = 299215
     twoNc = 178759
     twoNw = 1.50462e+06
    twoNec = 91478.1
    twoNnw = 184971
  twoNecnw = 13871.4
  twoNbecnw = 87750.1
        m2 = 0.0297991
        m5 = 0.473781
        m6 = 0.361883
        Tb = 32814.9
        Te = 1.98518
        Tf = 0.992589
#       SitePat  BranchLen
              b 147477.1130398
              e 57395.2600844
              c 60258.8605491
              n 54566.6890149
              w 54566.6077089
            b:e 2754.3586319
            b:c 3125.0547602
            b:n 2237.6331027
            b:w 2237.6283623
            e:c 12328.0389234
            e:n 6504.1371675
            e:w 6504.1668671
            c:n 5659.9514844
            c:w 5659.9877483
            n:w 14358.2884550
          b:e:c 2523.7908438
          b:e:n 1296.5464968
          b:e:w 1296.5461740
          b:c:n 1296.6699380
          b:c:w 1296.6702592
          b:n:w 2519.4261835
          e:c:n 5327.7320049
          e:c:w 5327.7473473
          e:n:w 8167.2790989
          c:n:w 6988.2278360
        b:e:c:n 2238.9161632
        b:e:c:w 2238.9209054
        b:e:n:w 3109.0718172
        b:c:n:w 2741.9437627
        e:c:n:w 61377.7779147
