########################################
# legofit: estimate population history #
#       version 2.3.4-4-g53f8760       #
########################################

# Program was compiled: Sep 21 2021 14:36:42
# Program was run: Wed Sep 22 17:49:05 2021

# cmd: legofit -1 -d 0 -t 32 --ptsPerDim 3 --stateOut b1boot7.state --tol 3e-6 -S 5000 bef2.lgo ../../boot/boot7.opf
# Stage nOptItr nSimReps
#     0    5000        0
# algorithm          : deterministic
# ignoring probs <=  : 0
# Branch length floor: 0
# DE strategy        : 2
#    F               : 0.3
#    CR              : 0.8
#    tolerance       : 3e-06
# nthreads           : 32
# lgo input file     : bef2.lgo
# site pat input file: ../../boot/boot7.opf
# free parameters    : 14
# points in DE swarm : 42
# output state file  : b1boot7.state
# Including singleton site patterns.
# cost function      : KL
Initial parameter values
Fixed:
      zero = 0
       one = 1
    Tbecnw = 75200
Free:
       pc1 = 0
       pc2 = 0
       pc3 = 0
       pc4 = 0
       pc5 = 0
       pc6 = 0
       pc7 = 0
       pc8 = 0
       pc9 = 0
      pc10 = 0
      pc11 = 0
      pc12 = 0
      pc13 = 0
      pc14 = 0
Constrained:
     Tecnw = 60662.2
       Tnw = 62.1808
       Tec = 5373.28
     twoNb = 1.84222e+06
     twoNe = 175145
     twoNc = 256307
     twoNw = 1.1568e+06
    twoNec = 96730.4
    twoNnw = 179759
  twoNecnw = 13498.4
  twoNbecnw = 88351.3
        m2 = 0.0178723
        m5 = 0.471033
        m6 = 0.35869
        Tb = 33017.7
        Te = 31.0904
        Tf = 15.5452
DiffEv reached_goal. cost=2.31419e-03 spread=2.72972e-06
Fitted parameter values
Free:
       pc1 = 1.09003
       pc2 = -3.4107
       pc3 = -1.22911
       pc4 = 1.22012
       pc5 = -1.87941
       pc6 = 1.17791
       pc7 = -1.86537
       pc8 = -0.976814
       pc9 = -0.527246
      pc10 = -0.0586932
      pc11 = 0.497615
      pc12 = -0.170487
      pc13 = 0.128434
      pc14 = 0.0106634
Constrained:
     Tecnw = 59777.4
       Tnw = 15.8368
       Tec = 5118.94
     twoNb = 4.66854e+06
     twoNe = 219334
     twoNc = 232709
     twoNw = 1.45107e+06
    twoNec = 92810.6
    twoNnw = 184849
  twoNecnw = 14048.7
  twoNbecnw = 88074.2
        m2 = 0.0285197
        m5 = 0.473128
        m6 = 0.360588
        Tb = 32448.2
        Te = 7.91839
        Tf = 3.95919
#       SitePat  BranchLen
              b 147792.6029888
              e 57274.4922681
              c 60141.1633238
              n 54506.4473739
              w 54506.1123119
            b:e 2749.4050166
            b:c 3118.9175047
            b:n 2243.6697359
            b:w 2243.6501272
            e:c 12359.5492868
            e:n 6508.3920297
            e:w 6508.5145159
            c:n 5663.3083056
            c:w 5663.4574252
            n:w 14349.1015135
          b:e:c 2524.7709306
          b:e:n 1300.0055277
          b:e:w 1300.0042143
          b:c:n 1300.1079135
          b:c:w 1300.1092209
          b:n:w 2521.1402745
          e:c:n 5353.7423433
          e:c:w 5353.8057995
          e:n:w 8172.2343388
          c:n:w 6992.5009003
        b:e:c:n 2244.7247576
        b:e:c:w 2244.7443721
        b:e:n:w 3105.5270697
        b:c:n:w 2739.0103868
        e:c:n:w 61728.4775703
