########################################
# legofit: estimate population history #
#       version 2.3.4-4-g53f8760       #
########################################

# Program was compiled: Sep 21 2021 14:36:42
# Program was run: Wed Sep 22 17:49:27 2021

# cmd: legofit -1 -d 0 -t 32 --ptsPerDim 3 --stateOut b1boot30.state --tol 3e-6 -S 5000 bef2.lgo ../../boot/boot30.opf
# Stage nOptItr nSimReps
#     0    5000        0
# algorithm          : deterministic
# ignoring probs <=  : 0
# Branch length floor: 0
# DE strategy        : 2
#    F               : 0.3
#    CR              : 0.8
#    tolerance       : 3e-06
# nthreads           : 32
# lgo input file     : bef2.lgo
# site pat input file: ../../boot/boot30.opf
# free parameters    : 14
# points in DE swarm : 42
# output state file  : b1boot30.state
# Including singleton site patterns.
# cost function      : KL
Initial parameter values
Fixed:
      zero = 0
       one = 1
    Tbecnw = 75200
Free:
       pc1 = 0
       pc2 = 0
       pc3 = 0
       pc4 = 0
       pc5 = 0
       pc6 = 0
       pc7 = 0
       pc8 = 0
       pc9 = 0
      pc10 = 0
      pc11 = 0
      pc12 = 0
      pc13 = 0
      pc14 = 0
Constrained:
     Tecnw = 60662.2
       Tnw = 62.1808
       Tec = 5373.28
     twoNb = 1.84222e+06
     twoNe = 175145
     twoNc = 256307
     twoNw = 1.1568e+06
    twoNec = 96730.4
    twoNnw = 179759
  twoNecnw = 13498.4
  twoNbecnw = 88351.3
        m2 = 0.0178723
        m5 = 0.471033
        m6 = 0.35869
        Tb = 33017.7
        Te = 31.0904
        Tf = 15.5452
DiffEv reached_goal. cost=2.31815e-03 spread=2.74808e-06
Fitted parameter values
Free:
       pc1 = -1.21918
       pc2 = -3.95363
       pc3 = -1.03696
       pc4 = 1.97889
       pc5 = -1.91857
       pc6 = 1.0185
       pc7 = -1.94144
       pc8 = -0.844022
       pc9 = -1.09091
      pc10 = 0.034056
      pc11 = -0.37764
      pc12 = 0.472545
      pc13 = 0.0701931
      pc14 = -0.0210021
Constrained:
     Tecnw = 60296.9
       Tnw = 48.4392
       Tec = 7605.98
     twoNb = 4.75054e+06
     twoNe = 135753
     twoNc = 206521
     twoNw = 1.88213e+06
    twoNec = 83779
    twoNnw = 185298
  twoNecnw = 13592
  twoNbecnw = 88472.9
        m2 = 0.0306272
        m5 = 0.479299
        m6 = 0.360649
        Tb = 33951.4
        Te = 24.2196
        Tf = 12.1098
#       SitePat  BranchLen
              b 148104.6832709
              e 57392.2464713
              c 60444.7552614
              n 54725.4334298
              w 54724.6358260
            b:e 2747.0605161
            b:c 3145.2653843
            b:n 2258.9872593
            b:w 2258.9405476
            e:c 12424.5338656
            e:n 6535.8104939
            e:w 6536.1053160
            c:n 5637.5342637
            c:w 5637.8864428
            n:w 14418.9827387
          b:e:c 2558.9431563
          b:e:n 1298.8972898
          b:e:w 1298.8944586
          b:c:n 1299.0062591
          b:c:w 1299.0090760
          b:n:w 2555.1626346
          e:c:n 5356.9397720
          e:c:w 5357.0903747
          e:n:w 8202.5132217
          c:n:w 6943.0711802
        b:e:c:n 2260.0335601
        b:e:c:w 2260.0802861
        b:e:n:w 3131.7767794
        b:c:n:w 2736.7766793
        e:c:n:w 61852.5915958
