########################################
# legofit: estimate population history #
#       version 2.3.4-4-g53f8760       #
########################################

# Program was compiled: Sep 21 2021 14:36:42
# Program was run: Wed Sep 22 17:49:27 2021

# cmd: legofit -1 -d 0 -t 32 --ptsPerDim 3 --stateOut b1boot33.state --tol 3e-6 -S 5000 bef2.lgo ../../boot/boot33.opf
# Stage nOptItr nSimReps
#     0    5000        0
# algorithm          : deterministic
# ignoring probs <=  : 0
# Branch length floor: 0
# DE strategy        : 2
#    F               : 0.3
#    CR              : 0.8
#    tolerance       : 3e-06
# nthreads           : 32
# lgo input file     : bef2.lgo
# site pat input file: ../../boot/boot33.opf
# free parameters    : 14
# points in DE swarm : 42
# output state file  : b1boot33.state
# Including singleton site patterns.
# cost function      : KL
Initial parameter values
Fixed:
      zero = 0
       one = 1
    Tbecnw = 75200
Free:
       pc1 = 0
       pc2 = 0
       pc3 = 0
       pc4 = 0
       pc5 = 0
       pc6 = 0
       pc7 = 0
       pc8 = 0
       pc9 = 0
      pc10 = 0
      pc11 = 0
      pc12 = 0
      pc13 = 0
      pc14 = 0
Constrained:
     Tecnw = 60662.2
       Tnw = 62.1808
       Tec = 5373.28
     twoNb = 1.84222e+06
     twoNe = 175145
     twoNc = 256307
     twoNw = 1.1568e+06
    twoNec = 96730.4
    twoNnw = 179759
  twoNecnw = 13498.4
  twoNbecnw = 88351.3
        m2 = 0.0178723
        m5 = 0.471033
        m6 = 0.35869
        Tb = 33017.7
        Te = 31.0904
        Tf = 15.5452
DiffEv reached_goal. cost=2.26286e-03 spread=2.95065e-06
Fitted parameter values
Free:
       pc1 = -0.992145
       pc2 = -3.90885
       pc3 = -0.897736
       pc4 = 1.59978
       pc5 = -1.85299
       pc6 = 1.78324
       pc7 = -1.72557
       pc8 = -0.511349
       pc9 = -0.336342
      pc10 = 0.591937
      pc11 = -0.273264
      pc12 = 0.0357747
      pc13 = 0.134823
      pc14 = -0.0297093
Constrained:
     Tecnw = 60274.7
       Tnw = 11.5613
       Tec = 7807.55
     twoNb = 4.67856e+06
     twoNe = 213315
     twoNc = 71113.6
     twoNw = 1.81419e+06
    twoNec = 83658.8
    twoNnw = 184342
  twoNecnw = 13556.9
  twoNbecnw = 88243.4
        m2 = 0.0308704
        m5 = 0.475477
        m6 = 0.362823
        Tb = 34041.1
        Te = 5.78064
        Tf = 2.89032
#       SitePat  BranchLen
              b 147982.6259662
              e 57399.2048400
              c 60305.8157204
              n 54595.4822493
              w 54595.2852743
            b:e 2741.9707483
            b:c 3119.8491222
            b:n 2239.2232323
            b:w 2239.2117738
            e:c 12384.8616945
            e:n 6492.3796512
            e:w 6492.4516962
            c:n 5637.1739468
            c:w 5637.2617774
            n:w 14426.9616483
          b:e:c 2544.6249327
          b:e:n 1287.3518648
          b:e:w 1287.3510903
          b:c:n 1287.4585301
          b:c:w 1287.4593011
          b:n:w 2540.7709363
          e:c:n 5324.4672247
          e:c:w 5324.5043240
          e:n:w 8156.3735717
          c:n:w 6956.8426433
        b:e:c:n 2240.3196842
        b:e:c:w 2240.3311463
        b:e:n:w 3106.1648647
        b:c:n:w 2731.3872860
        e:c:n:w 61853.7431458
