########################################
# legofit: estimate population history #
#       version 2.3.4-4-g53f8760       #
########################################

# Program was compiled: Sep 21 2021 14:36:42
# Program was run: Wed Sep 22 17:49:31 2021

# cmd: legofit -1 -d 0 -t 32 --ptsPerDim 3 --stateOut b1boot35.state --tol 3e-6 -S 5000 bef2.lgo ../../boot/boot35.opf
# Stage nOptItr nSimReps
#     0    5000        0
# algorithm          : deterministic
# ignoring probs <=  : 0
# Branch length floor: 0
# DE strategy        : 2
#    F               : 0.3
#    CR              : 0.8
#    tolerance       : 3e-06
# nthreads           : 32
# lgo input file     : bef2.lgo
# site pat input file: ../../boot/boot35.opf
# free parameters    : 14
# points in DE swarm : 42
# output state file  : b1boot35.state
# Including singleton site patterns.
# cost function      : KL
Initial parameter values
Fixed:
      zero = 0
       one = 1
    Tbecnw = 75200
Free:
       pc1 = 0
       pc2 = 0
       pc3 = 0
       pc4 = 0
       pc5 = 0
       pc6 = 0
       pc7 = 0
       pc8 = 0
       pc9 = 0
      pc10 = 0
      pc11 = 0
      pc12 = 0
      pc13 = 0
      pc14 = 0
Constrained:
     Tecnw = 60662.2
       Tnw = 62.1808
       Tec = 5373.28
     twoNb = 1.84222e+06
     twoNe = 175145
     twoNc = 256307
     twoNw = 1.1568e+06
    twoNec = 96730.4
    twoNnw = 179759
  twoNecnw = 13498.4
  twoNbecnw = 88351.3
        m2 = 0.0178723
        m5 = 0.471033
        m6 = 0.35869
        Tb = 33017.7
        Te = 31.0904
        Tf = 15.5452
DiffEv reached_goal. cost=2.27598e-03 spread=2.86303e-06
Fitted parameter values
Free:
       pc1 = -0.097864
       pc2 = -3.77838
       pc3 = -1.17875
       pc4 = -0.318676
       pc5 = -1.52935
       pc6 = 0.0115826
       pc7 = -1.74031
       pc8 = -0.864204
       pc9 = -0.105169
      pc10 = 0.073028
      pc11 = -0.0585349
      pc12 = 0.192343
      pc13 = -0.0100179
      pc14 = -0.0992738
Constrained:
     Tecnw = 60198
       Tnw = 2.87329
       Tec = 6992.19
     twoNb = 3.89721e+06
     twoNe = 264164
     twoNc = 501598
     twoNw = 1.10414e+06
    twoNec = 87514.3
    twoNnw = 183524
  twoNecnw = 13740.2
  twoNbecnw = 87964.8
        m2 = 0.0297157
        m5 = 0.47647
        m6 = 0.362381
        Tb = 33595.1
        Te = 1.43664
        Tf = 0.718322
#       SitePat  BranchLen
              b 147635.4573883
              e 57431.1297133
              c 60379.8996134
              n 54538.7152274
              w 54538.6347855
            b:e 2757.4406782
            b:c 3140.1589944
            b:n 2245.1657848
            b:w 2245.1610815
            e:c 12323.6746037
            e:n 6535.3778727
            e:w 6535.4073393
            c:n 5667.4683000
            c:w 5667.5040595
            n:w 14444.9860825
          b:e:c 2543.1084256
          b:e:n 1298.4584948
          b:e:w 1298.4581844
          b:c:n 1298.5857815
          b:c:w 1298.5860900
          b:n:w 2538.6778008
          e:c:n 5334.4132553
          e:c:w 5334.4284710
          e:n:w 8208.3186296
          c:n:w 6991.4446242
        b:e:c:n 2246.4597014
        b:e:c:w 2246.4644063
        b:e:n:w 3124.1247715
        b:c:n:w 2745.0682207
        e:c:n:w 61444.1112572
