########################################
# legofit: estimate population history #
#       version 2.3.4-4-g53f8760       #
########################################

# Program was compiled: Sep 21 2021 14:36:42
# Program was run: Wed Sep 22 17:49:28 2021

# cmd: legofit -1 -d 0 -t 32 --ptsPerDim 3 --stateOut b1boot32.state --tol 3e-6 -S 5000 bef2.lgo ../../boot/boot32.opf
# Stage nOptItr nSimReps
#     0    5000        0
# algorithm          : deterministic
# ignoring probs <=  : 0
# Branch length floor: 0
# DE strategy        : 2
#    F               : 0.3
#    CR              : 0.8
#    tolerance       : 3e-06
# nthreads           : 32
# lgo input file     : bef2.lgo
# site pat input file: ../../boot/boot32.opf
# free parameters    : 14
# points in DE swarm : 42
# output state file  : b1boot32.state
# Including singleton site patterns.
# cost function      : KL
Initial parameter values
Fixed:
      zero = 0
       one = 1
    Tbecnw = 75200
Free:
       pc1 = 0
       pc2 = 0
       pc3 = 0
       pc4 = 0
       pc5 = 0
       pc6 = 0
       pc7 = 0
       pc8 = 0
       pc9 = 0
      pc10 = 0
      pc11 = 0
      pc12 = 0
      pc13 = 0
      pc14 = 0
Constrained:
     Tecnw = 60662.2
       Tnw = 62.1808
       Tec = 5373.28
     twoNb = 1.84222e+06
     twoNe = 175145
     twoNc = 256307
     twoNw = 1.1568e+06
    twoNec = 96730.4
    twoNnw = 179759
  twoNecnw = 13498.4
  twoNbecnw = 88351.3
        m2 = 0.0178723
        m5 = 0.471033
        m6 = 0.35869
        Tb = 33017.7
        Te = 31.0904
        Tf = 15.5452
DiffEv reached_goal. cost=2.33942e-03 spread=2.92993e-06
Fitted parameter values
Free:
       pc1 = 0.2651
       pc2 = -3.77998
       pc3 = -0.297601
       pc4 = 1.79895
       pc5 = -1.54037
       pc6 = 1.258
       pc7 = -1.41953
       pc8 = -0.80483
       pc9 = -0.11865
      pc10 = 0.0666435
      pc11 = 0.190561
      pc12 = 0.585147
      pc13 = 0.128777
      pc14 = -0.103443
Constrained:
     Tecnw = 59882.1
       Tnw = 47.164
       Tec = 6484.06
     twoNb = 4.26322e+06
     twoNe = 143814
     twoNc = 120887
     twoNw = 1.77891e+06
    twoNec = 88432.5
    twoNnw = 183190
  twoNecnw = 13912.3
  twoNbecnw = 87935.5
        m2 = 0.0302048
        m5 = 0.476136
        m6 = 0.359992
        Tb = 33183.1
        Te = 23.582
        Tf = 11.791
#       SitePat  BranchLen
              b 147720.2357416
              e 57214.9463726
              c 60200.7215984
              n 54388.3877568
              w 54387.5741526
            b:e 2737.8108487
            b:c 3124.5078950
            b:n 2226.8725247
            b:w 2226.8251786
            e:c 12314.4474751
            e:n 6511.5223177
            e:w 6511.8217894
            c:n 5633.6345978
            c:w 5633.9948998
            n:w 14386.7048089
          b:e:c 2521.8749152
          b:e:n 1287.9976224
          b:e:w 1287.9946387
          b:c:n 1288.1155979
          b:c:w 1288.1185654
          b:n:w 2517.7191401
          e:c:n 5319.7140859
          e:c:w 5319.8679163
          e:n:w 8203.0779355
          c:n:w 6969.2679199
        b:e:c:n 2228.0372124
        b:e:c:w 2228.0845747
        b:e:n:w 3109.3357339
        b:c:n:w 2726.1461847
        e:c:n:w 61723.1429355
