########################################
# legofit: estimate population history #
#       version 2.3.4-4-g53f8760       #
########################################

# Program was compiled: Sep 21 2021 14:36:42
# Program was run: Wed Sep 22 17:49:31 2021

# cmd: legofit -1 -d 0 -t 32 --ptsPerDim 3 --stateOut b1boot36.state --tol 3e-6 -S 5000 bef2.lgo ../../boot/boot36.opf
# Stage nOptItr nSimReps
#     0    5000        0
# algorithm          : deterministic
# ignoring probs <=  : 0
# Branch length floor: 0
# DE strategy        : 2
#    F               : 0.3
#    CR              : 0.8
#    tolerance       : 3e-06
# nthreads           : 32
# lgo input file     : bef2.lgo
# site pat input file: ../../boot/boot36.opf
# free parameters    : 14
# points in DE swarm : 42
# output state file  : b1boot36.state
# Including singleton site patterns.
# cost function      : KL
Initial parameter values
Fixed:
      zero = 0
       one = 1
    Tbecnw = 75200
Free:
       pc1 = 0
       pc2 = 0
       pc3 = 0
       pc4 = 0
       pc5 = 0
       pc6 = 0
       pc7 = 0
       pc8 = 0
       pc9 = 0
      pc10 = 0
      pc11 = 0
      pc12 = 0
      pc13 = 0
      pc14 = 0
Constrained:
     Tecnw = 60662.2
       Tnw = 62.1808
       Tec = 5373.28
     twoNb = 1.84222e+06
     twoNe = 175145
     twoNc = 256307
     twoNw = 1.1568e+06
    twoNec = 96730.4
    twoNnw = 179759
  twoNecnw = 13498.4
  twoNbecnw = 88351.3
        m2 = 0.0178723
        m5 = 0.471033
        m6 = 0.35869
        Tb = 33017.7
        Te = 31.0904
        Tf = 15.5452
DiffEv reached_goal. cost=2.31498e-03 spread=2.41545e-06
Fitted parameter values
Free:
       pc1 = 0
       pc2 = -3.8984
       pc3 = -1.22269
       pc4 = 1.18444
       pc5 = -1.42775
       pc6 = 0.0147896
       pc7 = -1.72696
       pc8 = -0.922663
       pc9 = -0.280562
      pc10 = -0.00790774
      pc11 = 0
      pc12 = 0
      pc13 = 0
      pc14 = 0
Constrained:
     Tecnw = 60109.4
       Tnw = 21.896
       Tec = 6266.87
     twoNb = 3.93489e+06
     twoNe = 141749
     twoNc = 412452
     twoNw = 1.56063e+06
    twoNec = 88315.1
    twoNnw = 184756
  twoNecnw = 13806.8
  twoNbecnw = 88018.4
        m2 = 0.0300875
        m5 = 0.475938
        m6 = 0.362284
        Tb = 33188.1
        Te = 10.948
        Tf = 5.47401
#       SitePat  BranchLen
              b 147671.7769789
              e 57379.2351329
              c 60299.3218765
              n 54617.4716139
              w 54617.0377769
            b:e 2758.8467012
            b:c 3138.6447700
            b:n 2251.2156943
            b:w 2251.1902972
            e:c 12403.1579762
            e:n 6524.7254789
            e:w 6524.8842965
            c:n 5664.9192363
            c:w 5665.1122177
            n:w 14405.5363848
          b:e:c 2544.6629509
          b:e:n 1300.3145066
          b:e:w 1300.3128202
          b:c:n 1300.4418261
          b:c:w 1300.4435031
          b:n:w 2540.1588674
          e:c:n 5348.9279340
          e:c:w 5349.0099719
          e:n:w 8191.0918855
          c:n:w 6986.6228384
        b:e:c:n 2252.5089591
        b:e:c:w 2252.5343656
        b:e:n:w 3122.3732006
        b:c:n:w 2746.2777544
        e:c:n:w 61479.1170154
