########################################
# legofit: estimate population history #
#       version 2.3.4-4-g53f8760       #
########################################

# Program was compiled: Sep 21 2021 14:36:42
# Program was run: Wed Sep 22 17:49:21 2021

# cmd: legofit -1 -d 0 -t 32 --ptsPerDim 3 --stateOut b1boot22.state --tol 3e-6 -S 5000 bef2.lgo ../../boot/boot22.opf
# Stage nOptItr nSimReps
#     0    5000        0
# algorithm          : deterministic
# ignoring probs <=  : 0
# Branch length floor: 0
# DE strategy        : 2
#    F               : 0.3
#    CR              : 0.8
#    tolerance       : 3e-06
# nthreads           : 32
# lgo input file     : bef2.lgo
# site pat input file: ../../boot/boot22.opf
# free parameters    : 14
# points in DE swarm : 42
# output state file  : b1boot22.state
# Including singleton site patterns.
# cost function      : KL
Initial parameter values
Fixed:
      zero = 0
       one = 1
    Tbecnw = 75200
Free:
       pc1 = 0
       pc2 = 0
       pc3 = 0
       pc4 = 0
       pc5 = 0
       pc6 = 0
       pc7 = 0
       pc8 = 0
       pc9 = 0
      pc10 = 0
      pc11 = 0
      pc12 = 0
      pc13 = 0
      pc14 = 0
Constrained:
     Tecnw = 60662.2
       Tnw = 62.1808
       Tec = 5373.28
     twoNb = 1.84222e+06
     twoNe = 175145
     twoNc = 256307
     twoNw = 1.1568e+06
    twoNec = 96730.4
    twoNnw = 179759
  twoNecnw = 13498.4
  twoNbecnw = 88351.3
        m2 = 0.0178723
        m5 = 0.471033
        m6 = 0.35869
        Tb = 33017.7
        Te = 31.0904
        Tf = 15.5452
DiffEv reached_goal. cost=2.28996e-03 spread=2.77600e-06
Fitted parameter values
Free:
       pc1 = -1.32553
       pc2 = -3.67639
       pc3 = -1.40913
       pc4 = 1.66505
       pc5 = -1.566
       pc6 = 1.9757
       pc7 = -1.63025
       pc8 = -0.306452
       pc9 = -1.26841
      pc10 = 0.832594
      pc11 = 0.249678
      pc12 = -0.571593
      pc13 = -0.0745196
      pc14 = -0.00670134
Constrained:
     Tecnw = 60317.4
       Tnw = 2.34086
       Tec = 8243.49
     twoNb = 4.43977e+06
     twoNe = 250695
     twoNc = 54134.5
     twoNw = 1.88979e+06
    twoNec = 83704.8
    twoNnw = 185569
  twoNecnw = 13690.5
  twoNbecnw = 88813.7
        m2 = 0.0291483
        m5 = 0.473896
        m6 = 0.364755
        Tb = 34280.4
        Te = 1.17043
        Tf = 0.585215
#       SitePat  BranchLen
              b 148272.5632019
              e 57675.2913472
              c 60485.9145219
              n 54825.2000657
              w 54825.1615446
            b:e 2786.3501542
            b:c 3153.3287310
            b:n 2289.2803588
            b:w 2289.2780787
            e:c 12417.8143450
            e:n 6535.4219314
            e:w 6535.4358931
            c:n 5708.0204076
            c:w 5708.0376567
            n:w 14490.1469684
          b:e:c 2588.9027103
          b:e:n 1316.3835917
          b:e:w 1316.3834278
          b:c:n 1316.4886808
          b:c:w 1316.4888440
          b:n:w 2585.0771232
          e:c:n 5408.8730749
          e:c:w 5408.8803853
          e:n:w 8188.4459588
          c:n:w 7029.4323743
        b:e:c:n 2290.3980475
        b:e:c:w 2290.4003283
        b:e:n:w 3139.8115244
        b:c:n:w 2775.8126122
        e:c:n:w 61828.1546950
