########################################
# legofit: estimate population history #
#       version 2.3.4-4-g53f8760       #
########################################

# Program was compiled: Sep 21 2021 14:36:42
# Program was run: Wed Sep 22 17:48:59 2021

# cmd: legofit -1 -d 0 -t 32 --ptsPerDim 3 --stateOut b1boot2.state --tol 3e-6 -S 5000 bef2.lgo ../../boot/boot2.opf
# Stage nOptItr nSimReps
#     0    5000        0
# algorithm          : deterministic
# ignoring probs <=  : 0
# Branch length floor: 0
# DE strategy        : 2
#    F               : 0.3
#    CR              : 0.8
#    tolerance       : 3e-06
# nthreads           : 32
# lgo input file     : bef2.lgo
# site pat input file: ../../boot/boot2.opf
# free parameters    : 14
# points in DE swarm : 42
# output state file  : b1boot2.state
# Including singleton site patterns.
# cost function      : KL
Initial parameter values
Fixed:
      zero = 0
       one = 1
    Tbecnw = 75200
Free:
       pc1 = 0
       pc2 = 0
       pc3 = 0
       pc4 = 0
       pc5 = 0
       pc6 = 0
       pc7 = 0
       pc8 = 0
       pc9 = 0
      pc10 = 0
      pc11 = 0
      pc12 = 0
      pc13 = 0
      pc14 = 0
Constrained:
     Tecnw = 60662.2
       Tnw = 62.1808
       Tec = 5373.28
     twoNb = 1.84222e+06
     twoNe = 175145
     twoNc = 256307
     twoNw = 1.1568e+06
    twoNec = 96730.4
    twoNnw = 179759
  twoNecnw = 13498.4
  twoNbecnw = 88351.3
        m2 = 0.0178723
        m5 = 0.471033
        m6 = 0.35869
        Tb = 33017.7
        Te = 31.0904
        Tf = 15.5452
DiffEv reached_goal. cost=2.31314e-03 spread=2.20104e-06
Fitted parameter values
Free:
       pc1 = 0.407765
       pc2 = -3.84433
       pc3 = -0.991429
       pc4 = 0.723825
       pc5 = -1.90259
       pc6 = 0.921052
       pc7 = -1.93687
       pc8 = -0.621291
       pc9 = -0.0869929
      pc10 = -0.00857639
      pc11 = 0.157626
      pc12 = -0.309654
      pc13 = 0.0039485
      pc14 = -0.0383954
Constrained:
     Tecnw = 60020.3
       Tnw = 1.13987
       Tec = 6557.08
     twoNb = 4.62995e+06
     twoNe = 236983
     twoNc = 302962
     twoNw = 1.43322e+06
    twoNec = 88647.1
    twoNnw = 184334
  twoNecnw = 13908
  twoNbecnw = 87846.1
        m2 = 0.0288955
        m5 = 0.473956
        m6 = 0.362705
        Tb = 33288.7
        Te = 0.569934
        Tf = 0.284967
#       SitePat  BranchLen
              b 147532.7098445
              e 57402.2921598
              c 60257.1221930
              n 54556.4971096
              w 54556.4725685
            b:e 2753.1394065
            b:c 3121.8173385
            b:n 2249.0220153
            b:w 2249.0205786
            e:c 12349.2260945
            e:n 6515.8978069
            e:w 6515.9067499
            c:n 5674.5254687
            c:w 5674.5364215
            n:w 14409.7748092
          b:e:c 2539.5691715
          b:e:n 1299.8296330
          b:e:w 1299.8295338
          b:c:n 1299.9323558
          b:c:w 1299.9324546
          b:n:w 2535.9168834
          e:c:n 5350.6626182
          e:c:w 5350.6672635
          e:n:w 8167.4424752
          c:n:w 6992.2023741
        b:e:c:n 2250.0957719
        b:e:c:w 2250.0972090
        b:e:n:w 3108.5874136
        b:c:n:w 2742.8565726
        e:c:n:w 61379.1128752
