########################################
# legofit: estimate population history #
#       version 2.3.4-4-g53f8760       #
########################################

# Program was compiled: Sep 21 2021 14:36:42
# Program was run: Wed Sep 22 17:49:21 2021

# cmd: legofit -1 -d 0 -t 32 --ptsPerDim 3 --stateOut b1boot23.state --tol 3e-6 -S 5000 bef2.lgo ../../boot/boot23.opf
# Stage nOptItr nSimReps
#     0    5000        0
# algorithm          : deterministic
# ignoring probs <=  : 0
# Branch length floor: 0
# DE strategy        : 2
#    F               : 0.3
#    CR              : 0.8
#    tolerance       : 3e-06
# nthreads           : 32
# lgo input file     : bef2.lgo
# site pat input file: ../../boot/boot23.opf
# free parameters    : 14
# points in DE swarm : 42
# output state file  : b1boot23.state
# Including singleton site patterns.
# cost function      : KL
Initial parameter values
Fixed:
      zero = 0
       one = 1
    Tbecnw = 75200
Free:
       pc1 = 0
       pc2 = 0
       pc3 = 0
       pc4 = 0
       pc5 = 0
       pc6 = 0
       pc7 = 0
       pc8 = 0
       pc9 = 0
      pc10 = 0
      pc11 = 0
      pc12 = 0
      pc13 = 0
      pc14 = 0
Constrained:
     Tecnw = 60662.2
       Tnw = 62.1808
       Tec = 5373.28
     twoNb = 1.84222e+06
     twoNe = 175145
     twoNc = 256307
     twoNw = 1.1568e+06
    twoNec = 96730.4
    twoNnw = 179759
  twoNecnw = 13498.4
  twoNbecnw = 88351.3
        m2 = 0.0178723
        m5 = 0.471033
        m6 = 0.35869
        Tb = 33017.7
        Te = 31.0904
        Tf = 15.5452
DiffEv reached_goal. cost=2.28142e-03 spread=2.81604e-06
Fitted parameter values
Free:
       pc1 = -0.344122
       pc2 = -3.93519
       pc3 = -1.03518
       pc4 = 1.14834
       pc5 = -1.73148
       pc6 = 0.71086
       pc7 = -1.75025
       pc8 = -1.07822
       pc9 = -0.285729
      pc10 = 0.682948
      pc11 = -0.0125865
      pc12 = -0.141637
      pc13 = -0.0957273
      pc14 = -0.0573614
Constrained:
     Tecnw = 60206.1
       Tnw = 33.3859
       Tec = 6913.76
     twoNb = 4.33645e+06
     twoNe = 187563
     twoNc = 293400
     twoNw = 1.56095e+06
    twoNec = 87160.5
    twoNnw = 184305
  twoNecnw = 13740
  twoNbecnw = 88185.7
        m2 = 0.0319147
        m5 = 0.474117
        m6 = 0.36357
        Tb = 33559.9
        Te = 16.693
        Tf = 8.34648
#       SitePat  BranchLen
              b 147755.6533987
              e 57557.2408032
              c 60418.4413045
              n 54648.8513488
              w 54648.1896137
            b:e 2787.0059677
            b:c 3162.3919987
            b:n 2256.4293007
            b:w 2256.3904886
            e:c 12387.8551899
            e:n 6520.3054319
            e:w 6520.5462312
            c:n 5680.4755789
            c:w 5680.7713842
            n:w 14461.2503374
          b:e:c 2559.3620758
          b:e:n 1303.5225926
          b:e:w 1303.5198732
          b:c:n 1303.6399286
          b:c:w 1303.6426343
          b:n:w 2555.0424231
          e:c:n 5347.4738742
          e:c:w 5347.5990046
          e:n:w 8225.4247036
          c:n:w 7040.1525864
        b:e:c:n 2257.6526971
        b:e:c:w 2257.6915229
        b:e:n:w 3146.9289768
        b:c:n:w 2774.9791647
        e:c:n:w 61461.7240988
