########################################
# legofit: estimate population history #
#       version 2.3.4-4-g53f8760       #
########################################

# Program was compiled: Sep 21 2021 14:36:42
# Program was run: Tue Oct 12 17:11:37 2021

# cmd: legofit -1 -d 0 -t 32 --ptsPerDim 3 --stateOut b1.state --tol 3e-6 -S 5000 abde2.lgo ../../chrX/pan_chrX.opf
# Stage nOptItr nSimReps
#     0    5000        0
# algorithm          : deterministic
# ignoring probs <=  : 0
# Branch length floor: 0
# DE strategy        : 2
#    F               : 0.3
#    CR              : 0.8
#    tolerance       : 3e-06
# nthreads           : 32
# lgo input file     : abde2.lgo
# site pat input file: ../../chrX/pan_chrX.opf
# free parameters    : 17
# points in DE swarm : 51
# output state file  : b1.state
# Including singleton site patterns.
# cost function      : KL
Initial parameter values
Fixed:
      zero = 0
       one = 1
    Tbecnw = 75200
Free:
       pc1 = 0
       pc2 = 0
       pc3 = 0
       pc4 = 0
       pc5 = 0
       pc6 = 0
       pc7 = 0
       pc8 = 0
       pc9 = 0
      pc10 = 0
      pc11 = 0
      pc12 = 0
      pc13 = 0
      pc14 = 0
      pc15 = 0
      pc16 = 0
      pc17 = 0
Constrained:
   Tgbecnw = 91269.4
     Tecnw = 24878.5
       Tnw = 14829.6
       Tec = 1041.01
     twoNb = 3.39339e+06
     twoNe = 1.53316e+06
     twoNc = 1.24816e+06
     twoNw = 1.31725e+06
    twoNec = 131716
    twoNnw = 46553.5
  twoNecnw = 60223.7
  twoNbecnw = 6069.76
  twoNgbecnw = 223019
         m = 0.127299
        m2 = 0.0208842
        m4 = 0.00131405
        m5 = 0.131065
        Tb = 12959.8
        Ta = 44079.9
        Td = 520.506
        Te = 260.253
DiffEv reached_goal. cost=2.17380e-03 spread=2.74295e-06
Fitted parameter values
Free:
       pc1 = -1.32909
       pc2 = -1.31854
       pc3 = 0.631847
       pc4 = 2.79161
       pc5 = 1.87059
       pc6 = 1.97339
       pc7 = 0.0885221
       pc8 = -0.934455
       pc9 = -0.652278
      pc10 = -1.4091
      pc11 = 1.39779
      pc12 = 0.613351
      pc13 = 0.155226
      pc14 = 0.161802
      pc15 = 0.0480141
      pc16 = -0.0726273
      pc17 = 0.0591661
Constrained:
   Tgbecnw = 79222.9
     Tecnw = 24128.5
       Tnw = 15291.3
       Tec = 115.791
     twoNb = 1.01667e+07
     twoNe = 512972
     twoNc = 3.04647e+06
     twoNw = 3.25446e+06
    twoNec = 132577
    twoNnw = 40010.2
  twoNecnw = 58860.6
  twoNbecnw = 1555.28
  twoNgbecnw = 250411
         m = 0.110584
        m2 = 0.0206691
        m4 = 0.00186568
        m5 = 0.134817
        Tb = 12122.2
        Ta = 43661.1
        Td = 57.8954
        Te = 28.9477
#       SitePat  BranchLen
              b 114479.4255981
              e 42625.0269119
              c 44497.8233162
              n 41827.8349767
              w 41803.5018194
            b:e 1182.2877943
            b:c 1327.6139061
            b:n 983.0140148
            b:w 982.0414829
            e:c 11336.3889632
            e:n 4403.4769050
            e:w 4427.8100623
            c:n 3926.7651842
            c:w 3921.7139164
            n:w 11708.2430213
          b:e:c 1202.2918778
          b:e:n 558.8131340
          b:e:w 559.7856659
          b:c:n 562.9355624
          b:c:w 561.8966961
          b:n:w 1218.3039206
          e:c:n 4081.3850367
          e:c:w 4086.4363045
          e:n:w 5473.5583924
          c:n:w 4671.3665627
        b:e:c:n 1084.0564271
        b:e:c:w 1085.0952934
        b:e:n:w 1846.0161873
        b:c:n:w 1606.6598527
        e:c:n:w 45287.8087086
