########################################
# legofit: estimate population history #
#       version 2.3.4-4-g53f8760       #
########################################

# Program was compiled: Sep 21 2021 14:36:42
# Program was run: Tue Oct 12 17:36:30 2021

# cmd: legofit -1 -d 0 -t 32 --ptsPerDim 3 --stateOut b1boot41.state --tol 3e-6 -S 5000 abde2.lgo ../../chrX/boot_chrX/boot41.opf
# Stage nOptItr nSimReps
#     0    5000        0
# algorithm          : deterministic
# ignoring probs <=  : 0
# Branch length floor: 0
# DE strategy        : 2
#    F               : 0.3
#    CR              : 0.8
#    tolerance       : 3e-06
# nthreads           : 32
# lgo input file     : abde2.lgo
# site pat input file: ../../chrX/boot_chrX/boot41.opf
# free parameters    : 17
# points in DE swarm : 51
# output state file  : b1boot41.state
# Including singleton site patterns.
# cost function      : KL
Initial parameter values
Fixed:
      zero = 0
       one = 1
    Tbecnw = 75200
Free:
       pc1 = 0
       pc2 = 0
       pc3 = 0
       pc4 = 0
       pc5 = 0
       pc6 = 0
       pc7 = 0
       pc8 = 0
       pc9 = 0
      pc10 = 0
      pc11 = 0
      pc12 = 0
      pc13 = 0
      pc14 = 0
      pc15 = 0
      pc16 = 0
      pc17 = 0
Constrained:
   Tgbecnw = 91269.4
     Tecnw = 24878.5
       Tnw = 14829.6
       Tec = 1041.01
     twoNb = 3.39339e+06
     twoNe = 1.53316e+06
     twoNc = 1.24816e+06
     twoNw = 1.31725e+06
    twoNec = 131716
    twoNnw = 46553.5
  twoNecnw = 60223.7
  twoNbecnw = 6069.76
  twoNgbecnw = 223019
         m = 0.127299
        m2 = 0.0208842
        m4 = 0.00131405
        m5 = 0.131065
        Tb = 12959.8
        Ta = 44079.9
        Td = 520.506
        Te = 260.253
DiffEv reached_goal. cost=2.13395e-03 spread=2.49377e-06
Fitted parameter values
Free:
       pc1 = -0.937343
       pc2 = -0.944613
       pc3 = 0.549494
       pc4 = 3.897
       pc5 = 1.98666
       pc6 = 1.17489
       pc7 = 1.54696
       pc8 = -0.592438
       pc9 = 0.83055
      pc10 = -1.72517
      pc11 = 1.32341
      pc12 = 0.344864
      pc13 = -0.28017
      pc14 = 0.528903
      pc15 = 0.390462
      pc16 = -0.210186
      pc17 = -0.0311225
Constrained:
   Tgbecnw = 77761.2
     Tecnw = 24106.7
       Tnw = 15299.9
       Tec = 292.118
     twoNb = 1.26986e+06
     twoNe = 2.62431e+06
     twoNc = 3.82047e+06
     twoNw = 2.66422e+06
    twoNec = 139493
    twoNnw = 38677
  twoNecnw = 59106.9
  twoNbecnw = 973.442
  twoNgbecnw = 270607
         m = 0.105555
        m2 = 0.019125
        m4 = 0.00378323
        m5 = 0.130286
        Tb = 12199.4
        Ta = 43699.7
        Td = 146.059
        Te = 73.0296
#       SitePat  BranchLen
              b 115150.7788137
              e 42865.1974326
              c 44799.2701052
              n 41665.9344137
              w 41637.4269621
            b:e 1237.8185613
            b:c 1415.1916429
            b:n 990.4725215
            b:w 989.3133577
            e:c 11099.5901201
            e:n 4407.1177774
            e:w 4435.6252291
            c:n 3927.4308781
            c:w 3921.5298727
            n:w 11827.0069185
          b:e:c 1229.7152205
          b:e:n 570.6889049
          b:e:w 571.8480687
          b:c:n 575.7925384
          b:c:w 574.5496053
          b:n:w 1233.7919890
          e:c:n 4020.0411336
          e:c:w 4025.9421390
          e:n:w 5563.6184219
          c:n:w 4723.7990425
        b:e:c:n 1098.1892796
        b:e:c:w 1099.4322127
        b:e:n:w 1906.5902226
        b:c:n:w 1620.9408666
        e:c:n:w 46133.6993104
