########################################
# legofit: estimate population history #
#       version 2.3.4-4-g53f8760       #
########################################

# Program was compiled: Sep 21 2021 14:36:42
# Program was run: Tue Oct 12 17:26:36 2021

# cmd: legofit -1 -d 0 -t 32 --ptsPerDim 3 --stateOut b1boot24.state --tol 3e-6 -S 5000 abde2.lgo ../../chrX/boot_chrX/boot24.opf
# Stage nOptItr nSimReps
#     0    5000        0
# algorithm          : deterministic
# ignoring probs <=  : 0
# Branch length floor: 0
# DE strategy        : 2
#    F               : 0.3
#    CR              : 0.8
#    tolerance       : 3e-06
# nthreads           : 32
# lgo input file     : abde2.lgo
# site pat input file: ../../chrX/boot_chrX/boot24.opf
# free parameters    : 17
# points in DE swarm : 51
# output state file  : b1boot24.state
# Including singleton site patterns.
# cost function      : KL
Initial parameter values
Fixed:
      zero = 0
       one = 1
    Tbecnw = 75200
Free:
       pc1 = 0
       pc2 = 0
       pc3 = 0
       pc4 = 0
       pc5 = 0
       pc6 = 0
       pc7 = 0
       pc8 = 0
       pc9 = 0
      pc10 = 0
      pc11 = 0
      pc12 = 0
      pc13 = 0
      pc14 = 0
      pc15 = 0
      pc16 = 0
      pc17 = 0
Constrained:
   Tgbecnw = 91269.4
     Tecnw = 24878.5
       Tnw = 14829.6
       Tec = 1041.01
     twoNb = 3.39339e+06
     twoNe = 1.53316e+06
     twoNc = 1.24816e+06
     twoNw = 1.31725e+06
    twoNec = 131716
    twoNnw = 46553.5
  twoNecnw = 60223.7
  twoNbecnw = 6069.76
  twoNgbecnw = 223019
         m = 0.127299
        m2 = 0.0208842
        m4 = 0.00131405
        m5 = 0.131065
        Tb = 12959.8
        Ta = 44079.9
        Td = 520.506
        Te = 260.253
DiffEv reached_goal. cost=2.28956e-03 spread=2.60743e-06
Fitted parameter values
Free:
       pc1 = -3.54147
       pc2 = -0.904223
       pc3 = 1.89651
       pc4 = 3.90561
       pc5 = 1.98007
       pc6 = 1.8944
       pc7 = 1.54335
       pc8 = -1.10972
       pc9 = -0.320243
      pc10 = -0.166459
      pc11 = 1.59165
      pc12 = 0.333453
      pc13 = 0.106663
      pc14 = 0.190899
      pc15 = 0.260822
      pc16 = -0.0282343
      pc17 = 0.116658
Constrained:
   Tgbecnw = 76582.4
     Tecnw = 23837.2
       Tnw = 17790.3
       Tec = 1974.62
     twoNb = 1.42364e+07
     twoNe = 1.08267e+06
     twoNc = 5.0732e+06
     twoNw = 2.8676e+06
    twoNec = 119984
    twoNnw = 26967.5
  twoNecnw = 59127.1
  twoNbecnw = 531.497
  twoNgbecnw = 267331
         m = 0.100632
        m2 = 0.0188197
        m4 = 0.00194969
        m5 = 0.144903
        Tb = 12905.9
        Ta = 44052.9
        Td = 987.308
        Te = 493.654
#       SitePat  BranchLen
              b 113517.5314405
              e 42431.6368572
              c 44380.9494318
              n 41789.8115654
              w 41757.5180820
            b:e 1183.5069388
            b:c 1339.5779264
            b:n 1001.1591732
            b:w 999.7894222
            e:c 11170.5797721
            e:n 4403.3125572
            e:w 4435.6060406
            c:n 3923.3207504
            c:w 3916.3477401
            n:w 11457.8249840
          b:e:c 1227.2656895
          b:e:n 570.7594588
          b:e:w 572.1292099
          b:c:n 575.7613459
          b:c:w 574.2944593
          b:n:w 1239.3856721
          e:c:n 4078.8667978
          e:c:w 4085.8398081
          e:n:w 5506.2334117
          c:n:w 4644.7481856
        b:e:c:n 1107.6294739
        b:e:c:w 1109.0963605
        b:e:n:w 1835.4645778
        b:c:n:w 1583.6491657
        e:c:n:w 44719.0735529
