########################################
# legofit: estimate population history #
#       version 2.3.4-4-g53f8760       #
########################################

# Program was compiled: Sep 21 2021 14:36:42
# Program was run: Tue Oct 12 17:38:48 2021

# cmd: legofit -1 -d 0 -t 32 --ptsPerDim 3 --stateOut b1boot45.state --tol 3e-6 -S 5000 abde2.lgo ../../chrX/boot_chrX/boot45.opf
# Stage nOptItr nSimReps
#     0    5000        0
# algorithm          : deterministic
# ignoring probs <=  : 0
# Branch length floor: 0
# DE strategy        : 2
#    F               : 0.3
#    CR              : 0.8
#    tolerance       : 3e-06
# nthreads           : 32
# lgo input file     : abde2.lgo
# site pat input file: ../../chrX/boot_chrX/boot45.opf
# free parameters    : 17
# points in DE swarm : 51
# output state file  : b1boot45.state
# Including singleton site patterns.
# cost function      : KL
Initial parameter values
Fixed:
      zero = 0
       one = 1
    Tbecnw = 75200
Free:
       pc1 = 0
       pc2 = 0
       pc3 = 0
       pc4 = 0
       pc5 = 0
       pc6 = 0
       pc7 = 0
       pc8 = 0
       pc9 = 0
      pc10 = 0
      pc11 = 0
      pc12 = 0
      pc13 = 0
      pc14 = 0
      pc15 = 0
      pc16 = 0
      pc17 = 0
Constrained:
   Tgbecnw = 91269.4
     Tecnw = 24878.5
       Tnw = 14829.6
       Tec = 1041.01
     twoNb = 3.39339e+06
     twoNe = 1.53316e+06
     twoNc = 1.24816e+06
     twoNw = 1.31725e+06
    twoNec = 131716
    twoNnw = 46553.5
  twoNecnw = 60223.7
  twoNbecnw = 6069.76
  twoNgbecnw = 223019
         m = 0.127299
        m2 = 0.0208842
        m4 = 0.00131405
        m5 = 0.131065
        Tb = 12959.8
        Ta = 44079.9
        Td = 520.506
        Te = 260.253
DiffEv reached_goal. cost=1.99679e-03 spread=2.98143e-06
Fitted parameter values
Free:
       pc1 = -1.47095
       pc2 = -0.826867
       pc3 = 1.60989
       pc4 = 3.53351
       pc5 = 1.9672
       pc6 = 1.76912
       pc7 = 0.808105
       pc8 = -1.18468
       pc9 = -0.9
      pc10 = -1.71872
      pc11 = 1.35901
      pc12 = 0.516698
      pc13 = 0.0883221
      pc14 = 0.131745
      pc15 = 0.0589817
      pc16 = -0.0178465
      pc17 = 0.0201817
Constrained:
   Tgbecnw = 80241.6
     Tecnw = 24089.8
       Tnw = 15247.7
       Tec = 798.256
     twoNb = 1.25683e+07
     twoNe = 1.44663e+06
     twoNc = 4.21497e+06
     twoNw = 3.34827e+06
    twoNec = 126376
    twoNnw = 40602.2
  twoNecnw = 58739.5
  twoNbecnw = 1889.62
  twoNgbecnw = 266003
         m = 0.100917
        m2 = 0.0204508
        m4 = 0.00258197
        m5 = 0.135511
        Tb = 12444
        Ta = 43822
        Td = 399.128
        Te = 199.564
#       SitePat  BranchLen
              b 113898.1661482
              e 42531.5644282
              c 44427.9876311
              n 41853.8413169
              w 41830.4210757
            b:e 1160.4082898
            b:c 1307.5781198
            b:n 979.2307123
            b:w 978.2988003
            e:c 11341.6442634
            e:n 4405.7667664
            e:w 4429.1870076
            c:n 3925.8931591
            c:w 3921.0152807
            n:w 11649.6843974
          b:e:c 1191.1391370
          b:e:n 554.3733922
          b:e:w 555.3053042
          b:c:n 558.5219592
          b:c:w 557.5268396
          b:n:w 1208.1445462
          e:c:n 4101.4035661
          e:c:w 4106.2814445
          e:n:w 5443.8484192
          c:n:w 4637.5786636
        b:e:c:n 1079.0999427
        b:e:c:w 1080.0950623
        b:e:n:w 1838.3784649
        b:c:n:w 1582.7303653
        e:c:n:w 44710.5018096
