########################################
# legofit: estimate population history #
#       version 2.3.4-4-g53f8760       #
########################################

# Program was compiled: Sep 21 2021 14:36:42
# Program was run: Tue Oct 12 17:26:44 2021

# cmd: legofit -1 -d 0 -t 32 --ptsPerDim 3 --stateOut b1boot26.state --tol 3e-6 -S 5000 abde2.lgo ../../chrX/boot_chrX/boot26.opf
# Stage nOptItr nSimReps
#     0    5000        0
# algorithm          : deterministic
# ignoring probs <=  : 0
# Branch length floor: 0
# DE strategy        : 2
#    F               : 0.3
#    CR              : 0.8
#    tolerance       : 3e-06
# nthreads           : 32
# lgo input file     : abde2.lgo
# site pat input file: ../../chrX/boot_chrX/boot26.opf
# free parameters    : 17
# points in DE swarm : 51
# output state file  : b1boot26.state
# Including singleton site patterns.
# cost function      : KL
Initial parameter values
Fixed:
      zero = 0
       one = 1
    Tbecnw = 75200
Free:
       pc1 = 0
       pc2 = 0
       pc3 = 0
       pc4 = 0
       pc5 = 0
       pc6 = 0
       pc7 = 0
       pc8 = 0
       pc9 = 0
      pc10 = 0
      pc11 = 0
      pc12 = 0
      pc13 = 0
      pc14 = 0
      pc15 = 0
      pc16 = 0
      pc17 = 0
Constrained:
   Tgbecnw = 91269.4
     Tecnw = 24878.5
       Tnw = 14829.6
       Tec = 1041.01
     twoNb = 3.39339e+06
     twoNe = 1.53316e+06
     twoNc = 1.24816e+06
     twoNw = 1.31725e+06
    twoNec = 131716
    twoNnw = 46553.5
  twoNecnw = 60223.7
  twoNbecnw = 6069.76
  twoNgbecnw = 223019
         m = 0.127299
        m2 = 0.0208842
        m4 = 0.00131405
        m5 = 0.131065
        Tb = 12959.8
        Ta = 44079.9
        Td = 520.506
        Te = 260.253
DiffEv reached_goal. cost=2.16246e-03 spread=2.90099e-06
Fitted parameter values
Free:
       pc1 = -1.5001
       pc2 = -1.21362
       pc3 = -0.228535
       pc4 = 1.93642
       pc5 = 1.03469
       pc6 = 1.98871
       pc7 = -0.00593803
       pc8 = 0.051621
       pc9 = -0.233095
      pc10 = -1.95657
      pc11 = 1.58712
      pc12 = -0.190124
      pc13 = 0.247413
      pc14 = -0.187095
      pc15 = 0.103819
      pc16 = -0.0934183
      pc17 = 0.117382
Constrained:
   Tgbecnw = 80224.7
     Tecnw = 23915.8
       Tnw = 16183.9
       Tec = 138.029
     twoNb = 6.17316e+06
     twoNe = 2.27746e+06
     twoNc = 2.04553e+06
     twoNw = 2.83357e+06
    twoNec = 136627
    twoNnw = 35391.7
  twoNecnw = 58933.8
  twoNbecnw = 2039.69
  twoNgbecnw = 230310
         m = 0.115093
        m2 = 0.0217723
        m4 = 0.00174606
        m5 = 0.124278
        Tb = 12026.9
        Ta = 43613.5
        Td = 69.0146
        Te = 34.5073
#       SitePat  BranchLen
              b 114033.0931888
              e 42874.9008916
              c 44582.1691051
              n 41948.7346606
              w 41921.6969122
            b:e 1257.4247830
            b:c 1398.7145463
            b:n 1029.8294174
            b:w 1028.6867481
            e:c 11308.6339171
            e:n 4434.6080738
            e:w 4461.6458222
            c:n 4008.3881505
            c:w 4002.6254309
            n:w 11695.6008982
          b:e:c 1255.4453948
          b:e:n 588.0367114
          b:e:w 589.1793807
          b:c:n 592.1805270
          b:c:w 590.9615011
          b:n:w 1268.6395149
          e:c:n 4150.8480954
          e:c:w 4156.6108150
          e:n:w 5560.0114268
          c:n:w 4814.8952972
        b:e:c:n 1133.7962438
        b:e:c:w 1135.0152697
        b:e:n:w 1904.7155913
        b:c:n:w 1680.5880646
        e:c:n:w 44675.4347493
