########################################
# legofit: estimate population history #
#       version 2.3.4-4-g53f8760       #
########################################

# Program was compiled: Sep 21 2021 14:36:42
# Program was run: Tue Oct 12 17:11:45 2021

# cmd: legofit -1 -d 0 -t 32 --ptsPerDim 3 --stateOut b1boot1.state --tol 3e-6 -S 5000 abde2.lgo ../../chrX/boot_chrX/boot1.opf
# Stage nOptItr nSimReps
#     0    5000        0
# algorithm          : deterministic
# ignoring probs <=  : 0
# Branch length floor: 0
# DE strategy        : 2
#    F               : 0.3
#    CR              : 0.8
#    tolerance       : 3e-06
# nthreads           : 32
# lgo input file     : abde2.lgo
# site pat input file: ../../chrX/boot_chrX/boot1.opf
# free parameters    : 17
# points in DE swarm : 51
# output state file  : b1boot1.state
# Including singleton site patterns.
# cost function      : KL
Initial parameter values
Fixed:
      zero = 0
       one = 1
    Tbecnw = 75200
Free:
       pc1 = 0
       pc2 = 0
       pc3 = 0
       pc4 = 0
       pc5 = 0
       pc6 = 0
       pc7 = 0
       pc8 = 0
       pc9 = 0
      pc10 = 0
      pc11 = 0
      pc12 = 0
      pc13 = 0
      pc14 = 0
      pc15 = 0
      pc16 = 0
      pc17 = 0
Constrained:
   Tgbecnw = 91269.4
     Tecnw = 24878.5
       Tnw = 14829.6
       Tec = 1041.01
     twoNb = 3.39339e+06
     twoNe = 1.53316e+06
     twoNc = 1.24816e+06
     twoNw = 1.31725e+06
    twoNec = 131716
    twoNnw = 46553.5
  twoNecnw = 60223.7
  twoNbecnw = 6069.76
  twoNgbecnw = 223019
         m = 0.127299
        m2 = 0.0208842
        m4 = 0.00131405
        m5 = 0.131065
        Tb = 12959.8
        Ta = 44079.9
        Td = 520.506
        Te = 260.253
DiffEv reached_goal. cost=2.27731e-03 spread=2.71924e-06
Fitted parameter values
Free:
       pc1 = -2.83372
       pc2 = -0.918172
       pc3 = 0.246138
       pc4 = 3.57548
       pc5 = 1.96142
       pc6 = 1.97324
       pc7 = 0.485405
       pc8 = 0.348299
       pc9 = -0.296918
      pc10 = -0.996521
      pc11 = 0.510551
      pc12 = 0.574948
      pc13 = -0.112491
      pc14 = 0.0922735
      pc15 = 0.0812646
      pc16 = -0.0646828
      pc17 = 0.123883
Constrained:
   Tgbecnw = 77319.8
     Tecnw = 23735.6
       Tnw = 16842.6
       Tec = 602.376
     twoNb = 1.51915e+07
     twoNe = 1.60598e+06
     twoNc = 1.88487e+06
     twoNw = 2.83138e+06
    twoNec = 127006
    twoNnw = 29498.2
  twoNecnw = 61269.2
  twoNbecnw = 821.251
  twoNgbecnw = 258529
         m = 0.10678
        m2 = 0.0191513
        m4 = 0.00233538
        m5 = 0.134038
        Tb = 12169
        Ta = 43684.5
        Td = 301.188
        Te = 150.594
#       SitePat  BranchLen
              b 114039.7705884
              e 42732.2507298
              c 44667.8321640
              n 41841.8156340
              w 41812.0728457
            b:e 1214.9060635
            b:c 1370.7943203
            b:n 1011.7602564
            b:w 1010.5092430
            e:c 11504.3749002
            e:n 4397.0718132
            e:w 4426.8146015
            c:n 3918.5476570
            c:w 3912.2709988
            n:w 11947.3343342
          b:e:c 1268.6288541
          b:e:n 576.0661997
          b:e:w 577.3172131
          b:c:n 580.9668549
          b:c:w 579.6235111
          b:n:w 1280.5905121
          e:c:n 4047.9886850
          e:c:w 4054.2653432
          e:n:w 5539.0034896
          c:n:w 4689.9827559
        b:e:c:n 1124.0482310
        b:e:c:w 1125.3915748
        b:e:n:w 1889.5396748
        b:c:n:w 1632.9514678
        e:c:n:w 44805.1974153
