########################################
# legofit: estimate population history #
#       version 2.3.4-4-g53f8760       #
########################################

# Program was compiled: Sep 21 2021 14:36:42
# Program was run: Tue Oct 12 17:14:34 2021

# cmd: legofit -1 -d 0 -t 32 --ptsPerDim 3 --stateOut b1boot5.state --tol 3e-6 -S 5000 abde2.lgo ../../chrX/boot_chrX/boot5.opf
# Stage nOptItr nSimReps
#     0    5000        0
# algorithm          : deterministic
# ignoring probs <=  : 0
# Branch length floor: 0
# DE strategy        : 2
#    F               : 0.3
#    CR              : 0.8
#    tolerance       : 3e-06
# nthreads           : 32
# lgo input file     : abde2.lgo
# site pat input file: ../../chrX/boot_chrX/boot5.opf
# free parameters    : 17
# points in DE swarm : 51
# output state file  : b1boot5.state
# Including singleton site patterns.
# cost function      : KL
Initial parameter values
Fixed:
      zero = 0
       one = 1
    Tbecnw = 75200
Free:
       pc1 = 0
       pc2 = 0
       pc3 = 0
       pc4 = 0
       pc5 = 0
       pc6 = 0
       pc7 = 0
       pc8 = 0
       pc9 = 0
      pc10 = 0
      pc11 = 0
      pc12 = 0
      pc13 = 0
      pc14 = 0
      pc15 = 0
      pc16 = 0
      pc17 = 0
Constrained:
   Tgbecnw = 91269.4
     Tecnw = 24878.5
       Tnw = 14829.6
       Tec = 1041.01
     twoNb = 3.39339e+06
     twoNe = 1.53316e+06
     twoNc = 1.24816e+06
     twoNw = 1.31725e+06
    twoNec = 131716
    twoNnw = 46553.5
  twoNecnw = 60223.7
  twoNbecnw = 6069.76
  twoNgbecnw = 223019
         m = 0.127299
        m2 = 0.0208842
        m4 = 0.00131405
        m5 = 0.131065
        Tb = 12959.8
        Ta = 44079.9
        Td = 520.506
        Te = 260.253
DiffEv reached_goal. cost=2.24340e-03 spread=2.37126e-06
Fitted parameter values
Free:
       pc1 = -3.27381
       pc2 = -1.0302
       pc3 = 1.14473
       pc4 = 3.79439
       pc5 = 1.97198
       pc6 = 1.97247
       pc7 = 0.0862479
       pc8 = -0.481309
       pc9 = -1.27289
      pc10 = -1.15755
      pc11 = 0.680345
      pc12 = 0.53336
      pc13 = 0.559558
      pc14 = -0.197531
      pc15 = -0.0213445
      pc16 = -0.0589329
      pc17 = 0.118013
Constrained:
   Tgbecnw = 78872.1
     Tecnw = 23514.2
       Tnw = 16570.1
       Tec = 1301.91
     twoNb = 2.17126e+07
     twoNe = 77751
     twoNc = 2.93586e+06
     twoNw = 3.33704e+06
    twoNec = 120418
    twoNnw = 31397.9
  twoNecnw = 60578.6
  twoNbecnw = 1408.33
  twoNgbecnw = 253006
         m = 0.102733
        m2 = 0.0198951
        m4 = 0.00214674
        m5 = 0.139503
        Tb = 12408.1
        Ta = 43804
        Td = 650.953
        Te = 325.476
#       SitePat  BranchLen
              b 112597.9169784
              e 42415.6470159
              c 44332.4819847
              n 41787.6395754
              w 41762.0412550
            b:e 1162.8491402
            b:c 1311.0216949
            b:n 985.2730365
            b:w 984.2265758
            e:c 11382.6848470
            e:n 4439.9711087
            e:w 4465.5694291
            c:n 3958.2400418
            c:w 3952.7801165
            n:w 11661.6899496
          b:e:c 1205.3657154
          b:e:n 559.4375692
          b:e:w 560.4840299
          b:c:n 563.8801803
          b:c:w 562.7596553
          b:n:w 1219.8316295
          e:c:n 4101.3122497
          e:c:w 4106.7721751
          e:n:w 5476.8335949
          c:n:w 4645.0251807
        b:e:c:n 1090.1589922
        b:e:c:w 1091.2795172
        b:e:n:w 1814.4694775
        b:c:n:w 1569.0724597
        e:c:n:w 43405.1920024
