########################################
# legofit: estimate population history #
#       version 2.3.4-4-g53f8760       #
########################################

# Program was compiled: Sep 21 2021 14:36:42
# Program was run: Tue Oct 12 17:33:20 2021

# cmd: legofit -1 -d 0 -t 32 --ptsPerDim 3 --stateOut b1boot37.state --tol 3e-6 -S 5000 abde2.lgo ../../chrX/boot_chrX/boot37.opf
# Stage nOptItr nSimReps
#     0    5000        0
# algorithm          : deterministic
# ignoring probs <=  : 0
# Branch length floor: 0
# DE strategy        : 2
#    F               : 0.3
#    CR              : 0.8
#    tolerance       : 3e-06
# nthreads           : 32
# lgo input file     : abde2.lgo
# site pat input file: ../../chrX/boot_chrX/boot37.opf
# free parameters    : 17
# points in DE swarm : 51
# output state file  : b1boot37.state
# Including singleton site patterns.
# cost function      : KL
Initial parameter values
Fixed:
      zero = 0
       one = 1
    Tbecnw = 75200
Free:
       pc1 = 0
       pc2 = 0
       pc3 = 0
       pc4 = 0
       pc5 = 0
       pc6 = 0
       pc7 = 0
       pc8 = 0
       pc9 = 0
      pc10 = 0
      pc11 = 0
      pc12 = 0
      pc13 = 0
      pc14 = 0
      pc15 = 0
      pc16 = 0
      pc17 = 0
Constrained:
   Tgbecnw = 91269.4
     Tecnw = 24878.5
       Tnw = 14829.6
       Tec = 1041.01
     twoNb = 3.39339e+06
     twoNe = 1.53316e+06
     twoNc = 1.24816e+06
     twoNw = 1.31725e+06
    twoNec = 131716
    twoNnw = 46553.5
  twoNecnw = 60223.7
  twoNbecnw = 6069.76
  twoNgbecnw = 223019
         m = 0.127299
        m2 = 0.0208842
        m4 = 0.00131405
        m5 = 0.131065
        Tb = 12959.8
        Ta = 44079.9
        Td = 520.506
        Te = 260.253
DiffEv reached_goal. cost=2.10153e-03 spread=2.98364e-06
Fitted parameter values
Free:
       pc1 = -1.70633
       pc2 = -0.548695
       pc3 = 1.42672
       pc4 = 3.86173
       pc5 = 1.74058
       pc6 = 1.95862
       pc7 = 1.5897
       pc8 = 0.225896
       pc9 = -1.18492
      pc10 = -1.82984
      pc11 = 1.86522
      pc12 = 0.53318
      pc13 = 0.128976
      pc14 = 0.20138
      pc15 = 0.274336
      pc16 = 0.0033605
      pc17 = 0.0528446
Constrained:
   Tgbecnw = 78713.4
     Tecnw = 23943.4
       Tnw = 15910
       Tec = 1606.57
     twoNb = 1.5492e+07
     twoNe = 4.00616e+06
     twoNc = 3.77796e+06
     twoNw = 3.27102e+06
    twoNec = 126314
    twoNnw = 37961.7
  twoNecnw = 57989.3
  twoNbecnw = 1342.84
  twoNgbecnw = 270400
         m = 0.0976875
        m2 = 0.0195418
        m4 = 0.00235021
        m5 = 0.123648
        Tb = 12775
        Ta = 43987.5
        Td = 803.286
        Te = 401.643
#       SitePat  BranchLen
              b 113824.6276570
              e 42576.1971943
              c 44246.2005268
              n 41858.0439670
              w 41835.7555572
            b:e 1204.7404142
            b:c 1339.6771743
            b:n 1021.1595537
            b:w 1020.2231107
            e:c 11170.3854942
            e:n 4401.6517773
            e:w 4423.9401871
            c:n 3983.0904241
            c:w 3978.3286918
            n:w 11458.4833588
          b:e:c 1228.4386294
          b:e:n 580.0247386
          b:e:w 580.9611816
          b:c:n 583.9888964
          b:c:w 582.9892504
          b:n:w 1242.4510846
          e:c:n 4158.7946926
          e:c:w 4163.5564249
          e:n:w 5423.3634489
          c:n:w 4707.4349933
        b:e:c:n 1125.2635555
        b:e:c:w 1126.2632014
        b:e:n:w 1850.6616754
        b:c:n:w 1619.8306152
        e:c:n:w 44917.0583141
