########################################
# legofit: estimate population history #
#       version 2.3.4-4-g53f8760       #
########################################

# Program was compiled: Sep 21 2021 14:36:42
# Program was run: Tue Oct 12 17:13:27 2021

# cmd: legofit -1 -d 0 -t 32 --ptsPerDim 3 --stateOut b1boot3.state --tol 3e-6 -S 5000 abde2.lgo ../../chrX/boot_chrX/boot3.opf
# Stage nOptItr nSimReps
#     0    5000        0
# algorithm          : deterministic
# ignoring probs <=  : 0
# Branch length floor: 0
# DE strategy        : 2
#    F               : 0.3
#    CR              : 0.8
#    tolerance       : 3e-06
# nthreads           : 32
# lgo input file     : abde2.lgo
# site pat input file: ../../chrX/boot_chrX/boot3.opf
# free parameters    : 17
# points in DE swarm : 51
# output state file  : b1boot3.state
# Including singleton site patterns.
# cost function      : KL
Initial parameter values
Fixed:
      zero = 0
       one = 1
    Tbecnw = 75200
Free:
       pc1 = 0
       pc2 = 0
       pc3 = 0
       pc4 = 0
       pc5 = 0
       pc6 = 0
       pc7 = 0
       pc8 = 0
       pc9 = 0
      pc10 = 0
      pc11 = 0
      pc12 = 0
      pc13 = 0
      pc14 = 0
      pc15 = 0
      pc16 = 0
      pc17 = 0
Constrained:
   Tgbecnw = 91269.4
     Tecnw = 24878.5
       Tnw = 14829.6
       Tec = 1041.01
     twoNb = 3.39339e+06
     twoNe = 1.53316e+06
     twoNc = 1.24816e+06
     twoNw = 1.31725e+06
    twoNec = 131716
    twoNnw = 46553.5
  twoNecnw = 60223.7
  twoNbecnw = 6069.76
  twoNgbecnw = 223019
         m = 0.127299
        m2 = 0.0208842
        m4 = 0.00131405
        m5 = 0.131065
        Tb = 12959.8
        Ta = 44079.9
        Td = 520.506
        Te = 260.253
DiffEv reached_goal. cost=2.26017e-03 spread=2.77538e-06
Fitted parameter values
Free:
       pc1 = -2.02328
       pc2 = -1.40002
       pc3 = 0.468406
       pc4 = 3.60654
       pc5 = 1.60388
       pc6 = 1.93289
       pc7 = 1.17178
       pc8 = -0.894765
       pc9 = -1.38966
      pc10 = -1.41126
      pc11 = 0.693634
      pc12 = -0.24437
      pc13 = 0.090989
      pc14 = 0.0614127
      pc15 = 0.00932597
      pc16 = -0.0459825
      pc17 = 0.121537
Constrained:
   Tgbecnw = 78403
     Tecnw = 24029.7
       Tnw = 16265
       Tec = 513.272
     twoNb = 2.1461e+07
     twoNe = 2.95061e+06
     twoNc = 3.44879e+06
     twoNw = 3.1164e+06
    twoNec = 128520
    twoNnw = 35178.5
  twoNecnw = 58806.8
  twoNbecnw = 1249.69
  twoNgbecnw = 246586
         m = 0.109727
        m2 = 0.0204251
        m4 = 0.00323128
        m5 = 0.137429
        Tb = 12271.5
        Ta = 43735.7
        Td = 256.636
        Te = 128.318
#       SitePat  BranchLen
              b 113679.0486271
              e 42504.2574873
              c 44450.0253382
              n 41838.8390820
              w 41811.8356460
            b:e 1170.1673922
            b:c 1327.4806889
            b:n 980.2459809
            b:w 979.1549949
            e:c 11306.0833521
            e:n 4396.3642916
            e:w 4423.3677276
            c:n 3915.2242016
            c:w 3909.5504455
            n:w 11586.3330123
          b:e:c 1198.4092669
          b:e:n 556.8585642
          b:e:w 557.9495502
          b:c:n 561.3696763
          b:c:w 560.2036382
          b:n:w 1213.7938422
          e:c:n 4078.6057281
          e:c:w 4084.2794842
          e:n:w 5484.1866245
          c:n:w 4645.6564900
        b:e:c:n 1081.4767860
        b:e:c:w 1082.6428241
        b:e:n:w 1862.0539286
        b:c:n:w 1585.6950155
        e:c:n:w 44609.8480290
