########################################
# legofit: estimate population history #
#       version 2.3.4-4-g53f8760       #
########################################

# Program was compiled: Sep 21 2021 14:36:42
# Program was run: Tue Oct 12 17:23:57 2021

# cmd: legofit -1 -d 0 -t 32 --ptsPerDim 3 --stateOut b1boot21.state --tol 3e-6 -S 5000 abde2.lgo ../../chrX/boot_chrX/boot21.opf
# Stage nOptItr nSimReps
#     0    5000        0
# algorithm          : deterministic
# ignoring probs <=  : 0
# Branch length floor: 0
# DE strategy        : 2
#    F               : 0.3
#    CR              : 0.8
#    tolerance       : 3e-06
# nthreads           : 32
# lgo input file     : abde2.lgo
# site pat input file: ../../chrX/boot_chrX/boot21.opf
# free parameters    : 17
# points in DE swarm : 51
# output state file  : b1boot21.state
# Including singleton site patterns.
# cost function      : KL
Initial parameter values
Fixed:
      zero = 0
       one = 1
    Tbecnw = 75200
Free:
       pc1 = 0
       pc2 = 0
       pc3 = 0
       pc4 = 0
       pc5 = 0
       pc6 = 0
       pc7 = 0
       pc8 = 0
       pc9 = 0
      pc10 = 0
      pc11 = 0
      pc12 = 0
      pc13 = 0
      pc14 = 0
      pc15 = 0
      pc16 = 0
      pc17 = 0
Constrained:
   Tgbecnw = 91269.4
     Tecnw = 24878.5
       Tnw = 14829.6
       Tec = 1041.01
     twoNb = 3.39339e+06
     twoNe = 1.53316e+06
     twoNc = 1.24816e+06
     twoNw = 1.31725e+06
    twoNec = 131716
    twoNnw = 46553.5
  twoNecnw = 60223.7
  twoNbecnw = 6069.76
  twoNgbecnw = 223019
         m = 0.127299
        m2 = 0.0208842
        m4 = 0.00131405
        m5 = 0.131065
        Tb = 12959.8
        Ta = 44079.9
        Td = 520.506
        Te = 260.253
DiffEv reached_goal. cost=2.30157e-03 spread=2.96499e-06
Fitted parameter values
Free:
       pc1 = -2.88457
       pc2 = 0.0116461
       pc3 = -0.232005
       pc4 = 3.8836
       pc5 = 1.71923
       pc6 = 1.96813
       pc7 = 0.542011
       pc8 = 0.834607
       pc9 = -1.36631
      pc10 = -1.38786
      pc11 = 1.7506
      pc12 = 0.830866
      pc13 = 0.271627
      pc14 = 0.214963
      pc15 = 0.18591
      pc16 = -0.124659
      pc17 = 0.0167958
Constrained:
   Tgbecnw = 80134.9
     Tecnw = 23642
       Tnw = 17235.7
       Tec = 957.289
     twoNb = 2.10848e+07
     twoNe = 2.11144e+06
     twoNc = 2.41006e+06
     twoNw = 3.34647e+06
    twoNec = 131539
    twoNnw = 27376.3
  twoNecnw = 60440
  twoNbecnw = 1869.29
  twoNgbecnw = 258759
         m = 0.106822
        m2 = 0.0185148
        m4 = 0.00170367
        m5 = 0.118075
        Tb = 12299.7
        Ta = 43749.8
        Td = 478.645
        Te = 239.322
#       SitePat  BranchLen
              b 114523.0645618
              e 42873.9716765
              c 44540.7081500
              n 41700.3688538
              w 41678.0417187
            b:e 1187.1417112
            b:c 1316.6905824
            b:n 974.0719515
            b:w 973.1567952
            e:c 11336.2221753
            e:n 4355.5464234
            e:w 4377.8735585
            c:n 3943.2602824
            c:w 3938.4826901
            n:w 11903.1290008
          b:e:c 1219.3158635
          b:e:n 555.8485373
          b:e:w 556.7636937
          b:c:n 559.5953610
          b:c:w 558.6170700
          b:n:w 1231.1058601
          e:c:n 4043.7205858
          e:c:w 4048.4981781
          e:n:w 5508.2723923
          c:n:w 4768.9089283
        b:e:c:n 1075.8710629
        b:e:c:w 1076.8493539
        b:e:n:w 1807.0412772
        b:c:n:w 1596.1961619
        e:c:n:w 45188.3935654
