########################################
# legofit: estimate population history #
#       version 2.3.4-4-g53f8760       #
########################################

# Program was compiled: Sep 21 2021 14:36:42
# Program was run: Tue Oct 12 17:19:11 2021

# cmd: legofit -1 -d 0 -t 32 --ptsPerDim 3 --stateOut b1boot12.state --tol 3e-6 -S 5000 abde2.lgo ../../chrX/boot_chrX/boot12.opf
# Stage nOptItr nSimReps
#     0    5000        0
# algorithm          : deterministic
# ignoring probs <=  : 0
# Branch length floor: 0
# DE strategy        : 2
#    F               : 0.3
#    CR              : 0.8
#    tolerance       : 3e-06
# nthreads           : 32
# lgo input file     : abde2.lgo
# site pat input file: ../../chrX/boot_chrX/boot12.opf
# free parameters    : 17
# points in DE swarm : 51
# output state file  : b1boot12.state
# Including singleton site patterns.
# cost function      : KL
Initial parameter values
Fixed:
      zero = 0
       one = 1
    Tbecnw = 75200
Free:
       pc1 = 0
       pc2 = 0
       pc3 = 0
       pc4 = 0
       pc5 = 0
       pc6 = 0
       pc7 = 0
       pc8 = 0
       pc9 = 0
      pc10 = 0
      pc11 = 0
      pc12 = 0
      pc13 = 0
      pc14 = 0
      pc15 = 0
      pc16 = 0
      pc17 = 0
Constrained:
   Tgbecnw = 91269.4
     Tecnw = 24878.5
       Tnw = 14829.6
       Tec = 1041.01
     twoNb = 3.39339e+06
     twoNe = 1.53316e+06
     twoNc = 1.24816e+06
     twoNw = 1.31725e+06
    twoNec = 131716
    twoNnw = 46553.5
  twoNecnw = 60223.7
  twoNbecnw = 6069.76
  twoNgbecnw = 223019
         m = 0.127299
        m2 = 0.0208842
        m4 = 0.00131405
        m5 = 0.131065
        Tb = 12959.8
        Ta = 44079.9
        Td = 520.506
        Te = 260.253
DiffEv reached_goal. cost=2.26542e-03 spread=1.86729e-06
Fitted parameter values
Free:
       pc1 = -2.58444
       pc2 = -0.631781
       pc3 = 1.78216
       pc4 = 3.62384
       pc5 = 1.76585
       pc6 = 1.96467
       pc7 = 1.21806
       pc8 = -1.06591
       pc9 = -0.892827
      pc10 = -1.32443
      pc11 = 1.97864
      pc12 = 0.39479
      pc13 = -0.0194118
      pc14 = 0.208375
      pc15 = -0.198163
      pc16 = 0.0941384
      pc17 = 0.030731
Constrained:
   Tgbecnw = 79181.4
     Tecnw = 23926.1
       Tnw = 16717.7
       Tec = 1123.83
     twoNb = 1.37095e+07
     twoNe = 1.85513e+06
     twoNc = 4.99915e+06
     twoNw = 3.27781e+06
    twoNec = 119473
    twoNnw = 32576.7
  twoNecnw = 58524.5
  twoNbecnw = 1501.62
  twoNgbecnw = 268833
         m = 0.102037
        m2 = 0.0200197
        m4 = 0.00200637
        m5 = 0.13431
        Tb = 12525
        Ta = 43862.5
        Td = 561.915
        Te = 280.958
#       SitePat  BranchLen
              b 114451.9859563
              e 42231.6875587
              c 44063.4021365
              n 41789.9860619
              w 41764.6915263
            b:e 1164.0465869
            b:c 1308.1039673
            b:n 987.3906399
            b:w 986.3552272
            e:c 11510.4804946
            e:n 4353.1807767
            e:w 4378.4753122
            c:n 3897.2515268
            c:w 3891.8599760
            n:w 11586.4456082
          b:e:c 1211.1153774
          b:e:n 553.8117274
          b:e:w 554.8471401
          b:c:n 558.0066721
          b:c:w 556.9010919
          b:n:w 1229.2968143
          e:c:n 4128.0226699
          e:c:w 4133.4142207
          e:n:w 5437.9791251
          c:n:w 4639.9986229
        b:e:c:n 1087.6394294
        b:e:c:w 1088.7450096
        b:e:n:w 1825.9317525
        b:c:n:w 1584.4359375
        e:c:n:w 45489.2363570
