########################################
# legofit: estimate population history #
#       version 2.3.4-4-g53f8760       #
########################################

# Program was compiled: Sep 21 2021 14:36:42
# Program was run: Tue Oct 12 17:17:50 2021

# cmd: legofit -1 -d 0 -t 32 --ptsPerDim 3 --stateOut b1boot11.state --tol 3e-6 -S 5000 abde2.lgo ../../chrX/boot_chrX/boot11.opf
# Stage nOptItr nSimReps
#     0    5000        0
# algorithm          : deterministic
# ignoring probs <=  : 0
# Branch length floor: 0
# DE strategy        : 2
#    F               : 0.3
#    CR              : 0.8
#    tolerance       : 3e-06
# nthreads           : 32
# lgo input file     : abde2.lgo
# site pat input file: ../../chrX/boot_chrX/boot11.opf
# free parameters    : 17
# points in DE swarm : 51
# output state file  : b1boot11.state
# Including singleton site patterns.
# cost function      : KL
Initial parameter values
Fixed:
      zero = 0
       one = 1
    Tbecnw = 75200
Free:
       pc1 = 0
       pc2 = 0
       pc3 = 0
       pc4 = 0
       pc5 = 0
       pc6 = 0
       pc7 = 0
       pc8 = 0
       pc9 = 0
      pc10 = 0
      pc11 = 0
      pc12 = 0
      pc13 = 0
      pc14 = 0
      pc15 = 0
      pc16 = 0
      pc17 = 0
Constrained:
   Tgbecnw = 91269.4
     Tecnw = 24878.5
       Tnw = 14829.6
       Tec = 1041.01
     twoNb = 3.39339e+06
     twoNe = 1.53316e+06
     twoNc = 1.24816e+06
     twoNw = 1.31725e+06
    twoNec = 131716
    twoNnw = 46553.5
  twoNecnw = 60223.7
  twoNbecnw = 6069.76
  twoNgbecnw = 223019
         m = 0.127299
        m2 = 0.0208842
        m4 = 0.00131405
        m5 = 0.131065
        Tb = 12959.8
        Ta = 44079.9
        Td = 520.506
        Te = 260.253
DiffEv reached_goal. cost=2.19824e-03 spread=2.98361e-06
Fitted parameter values
Free:
       pc1 = -2.29518
       pc2 = -0.638345
       pc3 = 1.39383
       pc4 = 2.71897
       pc5 = 0.901435
       pc6 = 1.71634
       pc7 = 0.497426
       pc8 = 1.43655
       pc9 = -0.934928
      pc10 = -1.83024
      pc11 = 1.03637
      pc12 = 0.943557
      pc13 = 0.0214504
      pc14 = 0.223114
      pc15 = -0.156223
      pc16 = -0.0945636
      pc17 = -0.026659
Constrained:
   Tgbecnw = 79965.1
     Tecnw = 23670.9
       Tnw = 15284
       Tec = 2060.17
     twoNb = 1.41601e+07
     twoNe = 3.45689e+06
     twoNc = 1.8548e+06
     twoNw = 2.74824e+06
    twoNec = 116166
    twoNnw = 36505.3
  twoNecnw = 60473.1
  twoNbecnw = 1801.7
  twoNgbecnw = 263910
         m = 0.107143
        m2 = 0.0203846
        m4 = 0.00130141
        m5 = 0.120048
        Tb = 12865.5
        Ta = 44032.8
        Td = 1030.08
        Te = 515.042
#       SitePat  BranchLen
              b 115219.0471523
              e 42684.9641778
              c 44397.6231825
              n 41658.8903592
              w 41634.3634997
            b:e 1200.0030113
            b:c 1330.5291486
            b:n 996.3352605
            b:w 995.3339515
            e:c 11589.8634748
            e:n 4354.5294429
            e:w 4379.0563024
            c:n 3920.9501546
            c:w 3915.7866235
            n:w 12098.6783007
          b:e:c 1246.0960406
          b:e:n 559.9347321
          b:e:w 560.9360410
          b:c:n 563.8252797
          b:c:w 562.7541986
          b:n:w 1264.1129066
          e:c:n 4104.3934152
          e:c:w 4109.5569463
          e:n:w 5467.8321817
          c:n:w 4726.2907448
        b:e:c:n 1100.8869738
        b:e:c:w 1101.9580549
        b:e:n:w 1853.8547380
        b:c:n:w 1643.3512523
        e:c:n:w 45885.0934349
