########################################
# legofit: estimate population history #
#       version 2.3.4-4-g53f8760       #
########################################

# Program was compiled: Sep 21 2021 14:36:42
# Program was run: Tue Oct 12 17:32:46 2021

# cmd: legofit -1 -d 0 -t 32 --ptsPerDim 3 --stateOut b1boot35.state --tol 3e-6 -S 5000 abde2.lgo ../../chrX/boot_chrX/boot35.opf
# Stage nOptItr nSimReps
#     0    5000        0
# algorithm          : deterministic
# ignoring probs <=  : 0
# Branch length floor: 0
# DE strategy        : 2
#    F               : 0.3
#    CR              : 0.8
#    tolerance       : 3e-06
# nthreads           : 32
# lgo input file     : abde2.lgo
# site pat input file: ../../chrX/boot_chrX/boot35.opf
# free parameters    : 17
# points in DE swarm : 51
# output state file  : b1boot35.state
# Including singleton site patterns.
# cost function      : KL
Initial parameter values
Fixed:
      zero = 0
       one = 1
    Tbecnw = 75200
Free:
       pc1 = 0
       pc2 = 0
       pc3 = 0
       pc4 = 0
       pc5 = 0
       pc6 = 0
       pc7 = 0
       pc8 = 0
       pc9 = 0
      pc10 = 0
      pc11 = 0
      pc12 = 0
      pc13 = 0
      pc14 = 0
      pc15 = 0
      pc16 = 0
      pc17 = 0
Constrained:
   Tgbecnw = 91269.4
     Tecnw = 24878.5
       Tnw = 14829.6
       Tec = 1041.01
     twoNb = 3.39339e+06
     twoNe = 1.53316e+06
     twoNc = 1.24816e+06
     twoNw = 1.31725e+06
    twoNec = 131716
    twoNnw = 46553.5
  twoNecnw = 60223.7
  twoNbecnw = 6069.76
  twoNgbecnw = 223019
         m = 0.127299
        m2 = 0.0208842
        m4 = 0.00131405
        m5 = 0.131065
        Tb = 12959.8
        Ta = 44079.9
        Td = 520.506
        Te = 260.253
DiffEv reached_goal. cost=2.26581e-03 spread=2.67080e-06
Fitted parameter values
Free:
       pc1 = -1.73385
       pc2 = -1.34645
       pc3 = 0.579756
       pc4 = 3.8046
       pc5 = 1.63453
       pc6 = 1.99227
       pc7 = 0.843485
       pc8 = -1.14251
       pc9 = -0.108481
      pc10 = -1.31941
      pc11 = 1.49423
      pc12 = 0.942725
      pc13 = 0.133111
      pc14 = 0.521185
      pc15 = 0.284123
      pc16 = -0.0473684
      pc17 = 0.0830604
Constrained:
   Tgbecnw = 76235.9
     Tecnw = 23911
       Tnw = 15589.8
       Tec = 80.0881
     twoNb = 1.13086e+07
     twoNe = 1.03925e+06
     twoNc = 4.20758e+06
     twoNw = 3.02896e+06
    twoNec = 136861
    twoNnw = 38992.1
  twoNecnw = 59488.9
  twoNbecnw = 395.184
  twoNgbecnw = 263139
         m = 0.109387
        m2 = 0.0196245
        m4 = 0.00228529
        m5 = 0.13491
        Tb = 11995.5
        Ta = 43597.8
        Td = 40.0441
        Te = 20.022
#       SitePat  BranchLen
              b 114644.6423585
              e 42645.3134296
              c 44483.1443868
              n 41886.0348722
              w 41859.3927766
            b:e 1163.1529187
            b:c 1306.1452296
            b:n 973.3177890
            b:w 972.2579294
            e:c 11100.3861919
            e:n 4428.8833248
            e:w 4455.5254205
            c:n 3962.8918340
            c:w 3957.3517616
            n:w 11453.5673968
          b:e:c 1173.9886128
          b:e:n 558.9289937
          b:e:w 559.9888534
          b:c:n 563.2876762
          b:c:w 562.1517308
          b:n:w 1188.2311439
          e:c:n 4046.4309304
          e:c:w 4051.9710028
          e:n:w 5389.5456167
          c:n:w 4612.8320836
        b:e:c:n 1078.9568021
        b:e:c:w 1080.0927475
        b:e:n:w 1836.7227912
        b:c:n:w 1590.2565877
        e:c:n:w 45682.2347684
