########################################
# legofit: estimate population history #
#       version 2.3.4-4-g53f8760       #
########################################

# Program was compiled: Sep 21 2021 14:36:42
# Program was run: Tue Oct 12 17:20:53 2021

# cmd: legofit -1 -d 0 -t 32 --ptsPerDim 3 --stateOut b1boot17.state --tol 3e-6 -S 5000 abde2.lgo ../../chrX/boot_chrX/boot17.opf
# Stage nOptItr nSimReps
#     0    5000        0
# algorithm          : deterministic
# ignoring probs <=  : 0
# Branch length floor: 0
# DE strategy        : 2
#    F               : 0.3
#    CR              : 0.8
#    tolerance       : 3e-06
# nthreads           : 32
# lgo input file     : abde2.lgo
# site pat input file: ../../chrX/boot_chrX/boot17.opf
# free parameters    : 17
# points in DE swarm : 51
# output state file  : b1boot17.state
# Including singleton site patterns.
# cost function      : KL
Initial parameter values
Fixed:
      zero = 0
       one = 1
    Tbecnw = 75200
Free:
       pc1 = 0
       pc2 = 0
       pc3 = 0
       pc4 = 0
       pc5 = 0
       pc6 = 0
       pc7 = 0
       pc8 = 0
       pc9 = 0
      pc10 = 0
      pc11 = 0
      pc12 = 0
      pc13 = 0
      pc14 = 0
      pc15 = 0
      pc16 = 0
      pc17 = 0
Constrained:
   Tgbecnw = 91269.4
     Tecnw = 24878.5
       Tnw = 14829.6
       Tec = 1041.01
     twoNb = 3.39339e+06
     twoNe = 1.53316e+06
     twoNc = 1.24816e+06
     twoNw = 1.31725e+06
    twoNec = 131716
    twoNnw = 46553.5
  twoNecnw = 60223.7
  twoNbecnw = 6069.76
  twoNgbecnw = 223019
         m = 0.127299
        m2 = 0.0208842
        m4 = 0.00131405
        m5 = 0.131065
        Tb = 12959.8
        Ta = 44079.9
        Td = 520.506
        Te = 260.253
DiffEv reached_goal. cost=2.18617e-03 spread=2.36349e-06
Fitted parameter values
Free:
       pc1 = -3.79688
       pc2 = -1.15337
       pc3 = 1.58801
       pc4 = 3.78007
       pc5 = 1.11596
       pc6 = 1.9035
       pc7 = 1.0302
       pc8 = 0.426084
       pc9 = -1.69718
      pc10 = -1.50246
      pc11 = 1.37734
      pc12 = 0.616322
      pc13 = -0.162595
      pc14 = 0.308983
      pc15 = -0.116441
      pc16 = 0.0666143
      pc17 = 0.140948
Constrained:
   Tgbecnw = 76035.6
     Tecnw = 23544.2
       Tnw = 16987.1
       Tec = 2381.22
     twoNb = 2.33543e+07
     twoNe = 2.97661e+06
     twoNc = 3.66698e+06
     twoNw = 3.19555e+06
    twoNec = 109750
    twoNnw = 29704.8
  twoNecnw = 60570.8
  twoNbecnw = 318.079
  twoNgbecnw = 262044
         m = 0.108058
        m2 = 0.0199463
        m4 = 0.00183221
        m5 = 0.127426
        Tb = 12962.7
        Ta = 44081.4
        Td = 1190.61
        Te = 595.305
#       SitePat  BranchLen
              b 113999.3555718
              e 42312.0449463
              c 44044.7858492
              n 41867.1190145
              w 41842.7291028
            b:e 1143.7702619
            b:c 1277.4419330
            b:n 972.2771297
            b:w 971.2883445
            e:c 11549.7071073
            e:n 4326.6851710
            e:w 4351.0750827
            c:n 3893.1229906
            c:w 3887.9212587
            n:w 11625.3596754
          b:e:c 1199.8347087
          b:e:n 544.3362393
          b:e:w 545.3250244
          b:c:n 548.4641699
          b:c:w 547.4029759
          b:n:w 1218.8505908
          e:c:n 4085.3705303
          e:c:w 4090.5722622
          e:n:w 5322.0766931
          c:n:w 4572.0830031
        b:e:c:n 1079.2108840
        b:e:c:w 1080.2720779
        b:e:n:w 1801.2339164
        b:c:n:w 1575.3251041
        e:c:n:w 45072.8742577
