########################################
# legofit: estimate population history #
#       version 2.3.4-4-g53f8760       #
########################################

# Program was compiled: Sep 21 2021 14:36:42
# Program was run: Tue Oct 12 17:12:33 2021

# cmd: legofit -1 -d 0 -t 32 --ptsPerDim 3 --stateOut b1boot2.state --tol 3e-6 -S 5000 abde2.lgo ../../chrX/boot_chrX/boot2.opf
# Stage nOptItr nSimReps
#     0    5000        0
# algorithm          : deterministic
# ignoring probs <=  : 0
# Branch length floor: 0
# DE strategy        : 2
#    F               : 0.3
#    CR              : 0.8
#    tolerance       : 3e-06
# nthreads           : 32
# lgo input file     : abde2.lgo
# site pat input file: ../../chrX/boot_chrX/boot2.opf
# free parameters    : 17
# points in DE swarm : 51
# output state file  : b1boot2.state
# Including singleton site patterns.
# cost function      : KL
Initial parameter values
Fixed:
      zero = 0
       one = 1
    Tbecnw = 75200
Free:
       pc1 = 0
       pc2 = 0
       pc3 = 0
       pc4 = 0
       pc5 = 0
       pc6 = 0
       pc7 = 0
       pc8 = 0
       pc9 = 0
      pc10 = 0
      pc11 = 0
      pc12 = 0
      pc13 = 0
      pc14 = 0
      pc15 = 0
      pc16 = 0
      pc17 = 0
Constrained:
   Tgbecnw = 91269.4
     Tecnw = 24878.5
       Tnw = 14829.6
       Tec = 1041.01
     twoNb = 3.39339e+06
     twoNe = 1.53316e+06
     twoNc = 1.24816e+06
     twoNw = 1.31725e+06
    twoNec = 131716
    twoNnw = 46553.5
  twoNecnw = 60223.7
  twoNbecnw = 6069.76
  twoNgbecnw = 223019
         m = 0.127299
        m2 = 0.0208842
        m4 = 0.00131405
        m5 = 0.131065
        Tb = 12959.8
        Ta = 44079.9
        Td = 520.506
        Te = 260.253
DiffEv reached_goal. cost=2.19350e-03 spread=2.99586e-06
Fitted parameter values
Free:
       pc1 = -3.66585
       pc2 = -0.593526
       pc3 = 0.747205
       pc4 = 3.74029
       pc5 = 1.26273
       pc6 = 1.96091
       pc7 = 2.48109
       pc8 = -1.32783
       pc9 = -0.856499
      pc10 = -1.89159
      pc11 = 1.89092
      pc12 = 0.842884
      pc13 = -0.0512742
      pc14 = 0.187243
      pc15 = 0.282696
      pc16 = -0.135984
      pc17 = 0.103798
Constrained:
   Tgbecnw = 77582.6
     Tecnw = 23650.9
       Tnw = 17250.5
       Tec = 1021.02
     twoNb = 1.62557e+07
     twoNe = 5.46318e+06
     twoNc = 6.1293e+06
     twoNw = 3.28654e+06
    twoNec = 127051
    twoNnw = 26894.1
  twoNecnw = 61209.8
  twoNbecnw = 911.696
  twoNgbecnw = 257284
         m = 0.106932
        m2 = 0.019214
        m4 = 0.00213123
        m5 = 0.133178
        Tb = 12335.9
        Ta = 43768
        Td = 510.51
        Te = 255.255
#       SitePat  BranchLen
              b 113660.1632326
              e 42770.9978529
              c 44688.6357873
              n 41670.6157698
              w 41644.9952523
            b:e 1180.9883855
            b:c 1331.2366190
            b:n 970.8108911
            b:w 969.7625210
            e:c 11347.7952401
            e:n 4373.1880505
            e:w 4398.8085680
            c:n 3899.0630362
            c:w 3893.6426858
            n:w 11933.1423131
          b:e:c 1224.9205709
          b:e:n 555.4025709
          b:e:w 556.4509410
          b:c:n 559.9074619
          b:c:w 558.7823833
          b:n:w 1236.3371067
          e:c:n 3991.8643170
          e:c:w 3997.2846674
          e:n:w 5539.0928516
          c:n:w 4690.3450436
        b:e:c:n 1077.9781223
        b:e:c:w 1079.1032009
        b:e:n:w 1842.8118474
        b:c:n:w 1596.1279979
        e:c:n:w 44464.0968890
