########################################
# legofit: estimate population history #
#       version 2.3.4-4-g53f8760       #
########################################

# Program was compiled: Sep 21 2021 14:36:42
# Program was run: Tue Oct 12 17:26:38 2021

# cmd: legofit -1 -d 0 -t 32 --ptsPerDim 3 --stateOut b1boot25.state --tol 3e-6 -S 5000 abde2.lgo ../../chrX/boot_chrX/boot25.opf
# Stage nOptItr nSimReps
#     0    5000        0
# algorithm          : deterministic
# ignoring probs <=  : 0
# Branch length floor: 0
# DE strategy        : 2
#    F               : 0.3
#    CR              : 0.8
#    tolerance       : 3e-06
# nthreads           : 32
# lgo input file     : abde2.lgo
# site pat input file: ../../chrX/boot_chrX/boot25.opf
# free parameters    : 17
# points in DE swarm : 51
# output state file  : b1boot25.state
# Including singleton site patterns.
# cost function      : KL
Initial parameter values
Fixed:
      zero = 0
       one = 1
    Tbecnw = 75200
Free:
       pc1 = 0
       pc2 = 0
       pc3 = 0
       pc4 = 0
       pc5 = 0
       pc6 = 0
       pc7 = 0
       pc8 = 0
       pc9 = 0
      pc10 = 0
      pc11 = 0
      pc12 = 0
      pc13 = 0
      pc14 = 0
      pc15 = 0
      pc16 = 0
      pc17 = 0
Constrained:
   Tgbecnw = 91269.4
     Tecnw = 24878.5
       Tnw = 14829.6
       Tec = 1041.01
     twoNb = 3.39339e+06
     twoNe = 1.53316e+06
     twoNc = 1.24816e+06
     twoNw = 1.31725e+06
    twoNec = 131716
    twoNnw = 46553.5
  twoNecnw = 60223.7
  twoNbecnw = 6069.76
  twoNgbecnw = 223019
         m = 0.127299
        m2 = 0.0208842
        m4 = 0.00131405
        m5 = 0.131065
        Tb = 12959.8
        Ta = 44079.9
        Td = 520.506
        Te = 260.253
DiffEv reached_goal. cost=2.13659e-03 spread=2.58187e-06
Fitted parameter values
Free:
       pc1 = -3.66245
       pc2 = -0.309434
       pc3 = 0.242934
       pc4 = 3.51764
       pc5 = 1.79359
       pc6 = 1.95018
       pc7 = 1.84342
       pc8 = -0.445213
       pc9 = -0.289956
      pc10 = -1.82952
      pc11 = 1.10929
      pc12 = 0.814767
      pc13 = -0.0174051
      pc14 = 0.421376
      pc15 = 0.0914521
      pc16 = -0.0576632
      pc17 = 0.0334908
Constrained:
   Tgbecnw = 78879
     Tecnw = 23512.7
       Tnw = 17490.4
       Tec = 634.024
     twoNb = 1.30924e+07
     twoNe = 4.94028e+06
     twoNc = 4.06712e+06
     twoNw = 3.12966e+06
    twoNec = 128388
    twoNnw = 25436.1
  twoNecnw = 62163.7
  twoNbecnw = 1385.37
  twoNgbecnw = 265422
         m = 0.109168
        m2 = 0.0188699
        m4 = 0.00228546
        m5 = 0.13357
        Tb = 12073.3
        Ta = 43636.7
        Td = 317.012
        Te = 158.506
#       SitePat  BranchLen
              b 115342.8151791
              e 42855.8095302
              c 44791.3283381
              n 41823.8150549
              w 41796.2131057
            b:e 1195.5950486
            b:c 1349.3988598
            b:n 984.5937510
            b:w 983.4520570
            e:c 11453.6266643
            e:n 4410.9345448
            e:w 4438.5364940
            c:n 3935.8333304
            c:w 3929.9637480
            n:w 11972.1087422
          b:e:c 1239.1680668
          b:e:n 563.1324609
          b:e:w 564.2741550
          b:c:n 567.7831362
          b:c:w 566.5577787
          b:n:w 1251.7898904
          e:c:n 4021.2079510
          e:c:w 4027.0775334
          e:n:w 5566.7758128
          c:n:w 4711.3499812
        b:e:c:n 1093.3606806
        b:e:c:w 1094.5860382
        b:e:n:w 1878.5570247
        b:c:n:w 1621.3998420
        e:c:n:w 45893.8221944
