########################################
# legofit: estimate population history #
#       version 2.3.4-4-g53f8760       #
########################################

# Program was compiled: Sep 21 2021 14:36:42
# Program was run: Tue Oct 12 17:36:45 2021

# cmd: legofit -1 -d 0 -t 32 --ptsPerDim 3 --stateOut b1boot42.state --tol 3e-6 -S 5000 abde2.lgo ../../chrX/boot_chrX/boot42.opf
# Stage nOptItr nSimReps
#     0    5000        0
# algorithm          : deterministic
# ignoring probs <=  : 0
# Branch length floor: 0
# DE strategy        : 2
#    F               : 0.3
#    CR              : 0.8
#    tolerance       : 3e-06
# nthreads           : 32
# lgo input file     : abde2.lgo
# site pat input file: ../../chrX/boot_chrX/boot42.opf
# free parameters    : 17
# points in DE swarm : 51
# output state file  : b1boot42.state
# Including singleton site patterns.
# cost function      : KL
Initial parameter values
Fixed:
      zero = 0
       one = 1
    Tbecnw = 75200
Free:
       pc1 = 0
       pc2 = 0
       pc3 = 0
       pc4 = 0
       pc5 = 0
       pc6 = 0
       pc7 = 0
       pc8 = 0
       pc9 = 0
      pc10 = 0
      pc11 = 0
      pc12 = 0
      pc13 = 0
      pc14 = 0
      pc15 = 0
      pc16 = 0
      pc17 = 0
Constrained:
   Tgbecnw = 91269.4
     Tecnw = 24878.5
       Tnw = 14829.6
       Tec = 1041.01
     twoNb = 3.39339e+06
     twoNe = 1.53316e+06
     twoNc = 1.24816e+06
     twoNw = 1.31725e+06
    twoNec = 131716
    twoNnw = 46553.5
  twoNecnw = 60223.7
  twoNbecnw = 6069.76
  twoNgbecnw = 223019
         m = 0.127299
        m2 = 0.0208842
        m4 = 0.00131405
        m5 = 0.131065
        Tb = 12959.8
        Ta = 44079.9
        Td = 520.506
        Te = 260.253
DiffEv reached_goal. cost=2.19834e-03 spread=2.79665e-06
Fitted parameter values
Free:
       pc1 = -3.39189
       pc2 = -0.874861
       pc3 = -0.165242
       pc4 = 3.8865
       pc5 = 1.95659
       pc6 = 1.99109
       pc7 = 3.1777
       pc8 = -1.9484
       pc9 = -1.52272
      pc10 = -1.08002
      pc11 = 1.56407
      pc12 = 0.489458
      pc13 = 0.219547
      pc14 = 0.453347
      pc15 = 0.431615
      pc16 = -0.0881513
      pc17 = 0.140762
Constrained:
   Tgbecnw = 77677.9
     Tecnw = 23976.8
       Tnw = 17882.7
       Tec = 565.52
     twoNb = 2.27755e+07
     twoNe = 6.25702e+06
     twoNc = 6.08727e+06
     twoNw = 3.48937e+06
    twoNec = 135292
    twoNnw = 27222.1
  twoNecnw = 59777.9
  twoNbecnw = 966.491
  twoNgbecnw = 248613
         m = 0.113616
        m2 = 0.017996
        m4 = 0.0027063
        m5 = 0.142622
        Tb = 12271.2
        Ta = 43735.6
        Td = 282.76
        Te = 141.38
#       SitePat  BranchLen
              b 114573.6718787
              e 42794.1770479
              c 44751.1509553
              n 42013.6180863
              w 41986.5348427
            b:e 1176.1910187
            b:c 1334.6530191
            b:n 982.4744271
            b:w 981.3545175
            e:c 11079.4150952
            e:n 4434.6000725
            e:w 4461.6833161
            c:n 3952.8771439
            c:w 3947.0966755
            n:w 11452.8439138
          b:e:c 1199.7097366
          b:e:n 565.8463337
          b:e:w 566.9662434
          b:c:n 570.4951697
          b:c:w 569.2964874
          b:n:w 1210.2603072
          e:c:n 4038.8558731
          e:c:w 4044.6363415
          e:n:w 5520.2011928
          c:n:w 4660.8335006
        b:e:c:n 1086.7319196
        b:e:c:w 1087.9306019
        b:e:n:w 1834.0448488
        b:c:n:w 1567.3070551
        e:c:n:w 45415.9441687
