########################################
# legofit: estimate population history #
#       version 2.3.4-4-g53f8760       #
########################################

# Program was compiled: Sep 21 2021 14:36:42
# Program was run: Tue Oct 12 17:29:16 2021

# cmd: legofit -1 -d 0 -t 32 --ptsPerDim 3 --stateOut b1boot28.state --tol 3e-6 -S 5000 abde2.lgo ../../chrX/boot_chrX/boot28.opf
# Stage nOptItr nSimReps
#     0    5000        0
# algorithm          : deterministic
# ignoring probs <=  : 0
# Branch length floor: 0
# DE strategy        : 2
#    F               : 0.3
#    CR              : 0.8
#    tolerance       : 3e-06
# nthreads           : 32
# lgo input file     : abde2.lgo
# site pat input file: ../../chrX/boot_chrX/boot28.opf
# free parameters    : 17
# points in DE swarm : 51
# output state file  : b1boot28.state
# Including singleton site patterns.
# cost function      : KL
Initial parameter values
Fixed:
      zero = 0
       one = 1
    Tbecnw = 75200
Free:
       pc1 = 0
       pc2 = 0
       pc3 = 0
       pc4 = 0
       pc5 = 0
       pc6 = 0
       pc7 = 0
       pc8 = 0
       pc9 = 0
      pc10 = 0
      pc11 = 0
      pc12 = 0
      pc13 = 0
      pc14 = 0
      pc15 = 0
      pc16 = 0
      pc17 = 0
Constrained:
   Tgbecnw = 91269.4
     Tecnw = 24878.5
       Tnw = 14829.6
       Tec = 1041.01
     twoNb = 3.39339e+06
     twoNe = 1.53316e+06
     twoNc = 1.24816e+06
     twoNw = 1.31725e+06
    twoNec = 131716
    twoNnw = 46553.5
  twoNecnw = 60223.7
  twoNbecnw = 6069.76
  twoNgbecnw = 223019
         m = 0.127299
        m2 = 0.0208842
        m4 = 0.00131405
        m5 = 0.131065
        Tb = 12959.8
        Ta = 44079.9
        Td = 520.506
        Te = 260.253
DiffEv reached_goal. cost=2.15067e-03 spread=2.72365e-06
Fitted parameter values
Free:
       pc1 = -2.64774
       pc2 = -0.893397
       pc3 = -0.15648
       pc4 = 3.72185
       pc5 = 1.9414
       pc6 = 1.24204
       pc7 = 1.04953
       pc8 = -1.56738
       pc9 = -0.803767
      pc10 = -1.35489
      pc11 = 1.58953
      pc12 = 0.205351
      pc13 = 0.347462
      pc14 = 0.173333
      pc15 = 0.0424899
      pc16 = -0.13639
      pc17 = 0.0455284
Constrained:
   Tgbecnw = 80223.3
     Tecnw = 23840.3
       Tnw = 16908.3
       Tec = 202.216
     twoNb = 1.45685e+07
     twoNe = 1.2604e+06
     twoNc = 4.61899e+06
     twoNw = 3.35813e+06
    twoNec = 134205
    twoNnw = 30317.2
  twoNecnw = 59781.5
  twoNbecnw = 1945.41
  twoNgbecnw = 242582
         m = 0.114589
        m2 = 0.0191036
        m4 = 0.00306272
        m5 = 0.135737
        Tb = 12021.2
        Ta = 43610.6
        Td = 101.108
        Te = 50.554
#       SitePat  BranchLen
              b 114577.5272255
              e 42687.7443488
              c 44636.3579308
              n 41764.9762363
              w 41739.3457765
            b:e 1169.9814732
            b:c 1326.8081077
            b:n 965.6062161
            b:w 964.5745402
            e:c 11272.7860351
            e:n 4416.3573238
            e:w 4441.9877836
            c:n 3937.8336381
            c:w 3932.4029990
            n:w 11731.5024656
          b:e:c 1192.3649951
          b:e:n 552.2527636
          b:e:w 553.2844394
          b:c:n 556.5677047
          b:c:w 555.4660561
          b:n:w 1205.0763256
          e:c:n 4052.0251668
          e:c:w 4057.4558059
          e:n:w 5564.1015912
          c:n:w 4710.2039831
        b:e:c:n 1064.2390927
        b:e:c:w 1065.3407413
        b:e:n:w 1839.1100424
        b:c:n:w 1569.1792734
        e:c:n:w 45228.3476611
