########################################
# legofit: estimate population history #
#       version 2.3.4-4-g53f8760       #
########################################

# Program was compiled: Sep 21 2021 14:36:42
# Program was run: Tue Oct 12 17:20:48 2021

# cmd: legofit -1 -d 0 -t 32 --ptsPerDim 3 --stateOut b1boot16.state --tol 3e-6 -S 5000 abde2.lgo ../../chrX/boot_chrX/boot16.opf
# Stage nOptItr nSimReps
#     0    5000        0
# algorithm          : deterministic
# ignoring probs <=  : 0
# Branch length floor: 0
# DE strategy        : 2
#    F               : 0.3
#    CR              : 0.8
#    tolerance       : 3e-06
# nthreads           : 32
# lgo input file     : abde2.lgo
# site pat input file: ../../chrX/boot_chrX/boot16.opf
# free parameters    : 17
# points in DE swarm : 51
# output state file  : b1boot16.state
# Including singleton site patterns.
# cost function      : KL
Initial parameter values
Fixed:
      zero = 0
       one = 1
    Tbecnw = 75200
Free:
       pc1 = 0
       pc2 = 0
       pc3 = 0
       pc4 = 0
       pc5 = 0
       pc6 = 0
       pc7 = 0
       pc8 = 0
       pc9 = 0
      pc10 = 0
      pc11 = 0
      pc12 = 0
      pc13 = 0
      pc14 = 0
      pc15 = 0
      pc16 = 0
      pc17 = 0
Constrained:
   Tgbecnw = 91269.4
     Tecnw = 24878.5
       Tnw = 14829.6
       Tec = 1041.01
     twoNb = 3.39339e+06
     twoNe = 1.53316e+06
     twoNc = 1.24816e+06
     twoNw = 1.31725e+06
    twoNec = 131716
    twoNnw = 46553.5
  twoNecnw = 60223.7
  twoNbecnw = 6069.76
  twoNgbecnw = 223019
         m = 0.127299
        m2 = 0.0208842
        m4 = 0.00131405
        m5 = 0.131065
        Tb = 12959.8
        Ta = 44079.9
        Td = 520.506
        Te = 260.253
DiffEv reached_goal. cost=2.23617e-03 spread=2.22557e-06
Fitted parameter values
Free:
       pc1 = -3.97849
       pc2 = -1.28662
       pc3 = -0.0819551
       pc4 = 2.12593
       pc5 = 1.94794
       pc6 = 1.99909
       pc7 = 0.123996
       pc8 = -0.625669
       pc9 = 0.620561
      pc10 = -0.90817
      pc11 = 1.59949
      pc12 = 0.0970939
      pc13 = -0.111556
      pc14 = 0.107685
      pc15 = 0.109554
      pc16 = -0.0404645
      pc17 = 0.211694
Constrained:
   Tgbecnw = 77111.8
     Tecnw = 23647.6
       Tnw = 18683.4
       Tec = 500.867
     twoNb = 2.16487e+06
     twoNe = 659553
     twoNc = 2.87383e+06
     twoNw = 2.91919e+06
    twoNec = 128504
    twoNnw = 20847.8
  twoNecnw = 61473.8
  twoNbecnw = 758.529
  twoNgbecnw = 238211
         m = 0.1185
        m2 = 0.020222
        m4 = 0.00127134
        m5 = 0.139726
        Tb = 12074.2
        Ta = 43637.1
        Td = 250.434
        Te = 125.217
#       SitePat  BranchLen
              b 114125.2990345
              e 42764.9160831
              c 44700.4636433
              n 41884.5715046
              w 41851.9231453
            b:e 1219.2323020
            b:c 1379.1019234
            b:n 979.7674098
            b:w 978.4031253
            e:c 11407.7702604
            e:n 4381.3326098
            e:w 4413.9809692
            c:n 3907.0878689
            c:w 3900.0853442
            n:w 11795.5339581
          b:e:c 1239.3754357
          b:e:n 560.9877650
          b:e:w 562.3520495
          b:c:n 566.0094215
          b:c:w 564.5441108
          b:n:w 1247.7253198
          e:c:n 4001.2155998
          e:c:w 4008.2181246
          e:n:w 5587.4340127
          c:n:w 4709.0100305
        b:e:c:n 1088.8395985
        b:e:c:w 1090.3049092
        b:e:n:w 1852.5114729
        b:c:n:w 1616.4448653
        e:c:n:w 44892.4278224
