########################################
# legofit: estimate population history #
#       version 2.3.4-4-g53f8760       #
########################################

# Program was compiled: Sep 21 2021 14:36:42
# Program was run: Tue Oct 12 17:35:28 2021

# cmd: legofit -1 -d 0 -t 32 --ptsPerDim 3 --stateOut b1boot39.state --tol 3e-6 -S 5000 abde2.lgo ../../chrX/boot_chrX/boot39.opf
# Stage nOptItr nSimReps
#     0    5000        0
# algorithm          : deterministic
# ignoring probs <=  : 0
# Branch length floor: 0
# DE strategy        : 2
#    F               : 0.3
#    CR              : 0.8
#    tolerance       : 3e-06
# nthreads           : 32
# lgo input file     : abde2.lgo
# site pat input file: ../../chrX/boot_chrX/boot39.opf
# free parameters    : 17
# points in DE swarm : 51
# output state file  : b1boot39.state
# Including singleton site patterns.
# cost function      : KL
Initial parameter values
Fixed:
      zero = 0
       one = 1
    Tbecnw = 75200
Free:
       pc1 = 0
       pc2 = 0
       pc3 = 0
       pc4 = 0
       pc5 = 0
       pc6 = 0
       pc7 = 0
       pc8 = 0
       pc9 = 0
      pc10 = 0
      pc11 = 0
      pc12 = 0
      pc13 = 0
      pc14 = 0
      pc15 = 0
      pc16 = 0
      pc17 = 0
Constrained:
   Tgbecnw = 91269.4
     Tecnw = 24878.5
       Tnw = 14829.6
       Tec = 1041.01
     twoNb = 3.39339e+06
     twoNe = 1.53316e+06
     twoNc = 1.24816e+06
     twoNw = 1.31725e+06
    twoNec = 131716
    twoNnw = 46553.5
  twoNecnw = 60223.7
  twoNbecnw = 6069.76
  twoNgbecnw = 223019
         m = 0.127299
        m2 = 0.0208842
        m4 = 0.00131405
        m5 = 0.131065
        Tb = 12959.8
        Ta = 44079.9
        Td = 520.506
        Te = 260.253
DiffEv reached_goal. cost=2.15810e-03 spread=2.96396e-06
Fitted parameter values
Free:
       pc1 = -2.64171
       pc2 = -0.0388297
       pc3 = -0.540318
       pc4 = 3.28212
       pc5 = 1.85493
       pc6 = 1.98009
       pc7 = 0.307495
       pc8 = -0.336751
       pc9 = -0.953143
      pc10 = -1.1857
      pc11 = 1.54553
      pc12 = 0.694063
      pc13 = 0.122053
      pc14 = 0.416313
      pc15 = 0.232414
      pc16 = 8.94783e-05
      pc17 = 0.042971
Constrained:
   Tgbecnw = 81454.3
     Tecnw = 23901.7
       Tnw = 17475.9
       Tec = 103.801
     twoNb = 1.68848e+07
     twoNe = 1.23029e+06
     twoNc = 2.86344e+06
     twoNw = 3.32062e+06
    twoNec = 137239
    twoNnw = 28966.9
  twoNecnw = 60954.9
  twoNbecnw = 2360.68
  twoNgbecnw = 255351
         m = 0.113171
        m2 = 0.0191023
        m4 = 0.00167935
        m5 = 0.126905
        Tb = 12002.7
        Ta = 43601.4
        Td = 51.9004
        Te = 25.9502
#       SitePat  BranchLen
              b 115831.0107545
              e 43114.9641913
              c 44846.2848660
              n 42295.8288270
              w 42270.5662178
            b:e 1189.0176660
            b:c 1324.2548868
            b:n 987.0867456
            b:w 986.0548154
            e:c 11347.7518980
            e:n 4428.4409881
            e:w 4453.7035973
            c:n 3996.5152723
            c:w 3991.1429684
            n:w 11656.5374895
          b:e:c 1206.8768230
          b:e:n 564.3650922
          b:e:w 565.3970224
          b:c:n 568.3372192
          b:c:w 567.2341925
          b:n:w 1221.6817847
          e:c:n 4080.4561476
          e:c:w 4085.8284515
          e:n:w 5471.2299102
          c:n:w 4716.4744495
        b:e:c:n 1090.0044619
        b:e:c:w 1091.1074887
        b:e:n:w 1835.3110066
        b:c:n:w 1612.1855673
        e:c:n:w 46115.4710255
