########################################
# legofit: estimate population history #
#       version 2.3.4-4-g53f8760       #
########################################

# Program was compiled: Sep 21 2021 14:36:42
# Program was run: Tue Oct 12 17:32:23 2021

# cmd: legofit -1 -d 0 -t 32 --ptsPerDim 3 --stateOut b1boot34.state --tol 3e-6 -S 5000 abde2.lgo ../../chrX/boot_chrX/boot34.opf
# Stage nOptItr nSimReps
#     0    5000        0
# algorithm          : deterministic
# ignoring probs <=  : 0
# Branch length floor: 0
# DE strategy        : 2
#    F               : 0.3
#    CR              : 0.8
#    tolerance       : 3e-06
# nthreads           : 32
# lgo input file     : abde2.lgo
# site pat input file: ../../chrX/boot_chrX/boot34.opf
# free parameters    : 17
# points in DE swarm : 51
# output state file  : b1boot34.state
# Including singleton site patterns.
# cost function      : KL
Initial parameter values
Fixed:
      zero = 0
       one = 1
    Tbecnw = 75200
Free:
       pc1 = 0
       pc2 = 0
       pc3 = 0
       pc4 = 0
       pc5 = 0
       pc6 = 0
       pc7 = 0
       pc8 = 0
       pc9 = 0
      pc10 = 0
      pc11 = 0
      pc12 = 0
      pc13 = 0
      pc14 = 0
      pc15 = 0
      pc16 = 0
      pc17 = 0
Constrained:
   Tgbecnw = 91269.4
     Tecnw = 24878.5
       Tnw = 14829.6
       Tec = 1041.01
     twoNb = 3.39339e+06
     twoNe = 1.53316e+06
     twoNc = 1.24816e+06
     twoNw = 1.31725e+06
    twoNec = 131716
    twoNnw = 46553.5
  twoNecnw = 60223.7
  twoNbecnw = 6069.76
  twoNgbecnw = 223019
         m = 0.127299
        m2 = 0.0208842
        m4 = 0.00131405
        m5 = 0.131065
        Tb = 12959.8
        Ta = 44079.9
        Td = 520.506
        Te = 260.253
DiffEv reached_goal. cost=1.98670e-03 spread=2.74705e-06
Fitted parameter values
Free:
       pc1 = -0.447059
       pc2 = -1.41502
       pc3 = 1.99938
       pc4 = 3.44949
       pc5 = 1.91839
       pc6 = 1.87763
       pc7 = 3.63778
       pc8 = -1.52097
       pc9 = -1.5048
      pc10 = -0.248861
      pc11 = -0.103028
      pc12 = 0.568512
      pc13 = 0.137258
      pc14 = 0.339996
      pc15 = -0.122473
      pc16 = -0.00131122
      pc17 = 0.00738569
Constrained:
   Tgbecnw = 79189.1
     Tecnw = 24723.1
       Tnw = 14110
       Tec = 943.258
     twoNb = 2.24291e+07
     twoNe = 7.11742e+06
     twoNc = 4.78398e+06
     twoNw = 2.58971e+06
    twoNec = 123082
    twoNnw = 48267.8
  twoNecnw = 56271.2
  twoNbecnw = 1494.85
  twoNgbecnw = 269473
         m = 0.101839
        m2 = 0.0186275
        m4 = 0.00311077
        m5 = 0.153995
        Tb = 12833.2
        Ta = 44016.6
        Td = 471.629
        Te = 235.815
#       SitePat  BranchLen
              b 114457.3577210
              e 42075.6416601
              c 44254.0643222
              n 41602.2629551
              w 41570.3286939
            b:e 1110.9768810
            b:c 1275.9296266
            b:n 955.0778928
            b:w 953.8501365
            e:c 11250.8313942
            e:n 4375.6792739
            e:w 4407.6135351
            c:n 3822.3779868
            c:w 3815.8801846
            n:w 11550.9830626
          b:e:c 1158.1695623
          b:e:n 537.0724736
          b:e:w 538.3002299
          b:c:n 541.7773732
          b:c:w 540.4697878
          b:n:w 1175.1452887
          e:c:n 4074.7088567
          e:c:w 4081.2066588
          e:n:w 5443.5779747
          c:n:w 4527.3226768
        b:e:c:n 1047.3931248
        b:e:c:w 1048.7007102
        b:e:n:w 1785.4535528
        b:c:n:w 1496.4935618
        e:c:n:w 45686.8422412
