########################################
# legofit: estimate population history #
#       version 2.3.4-4-g53f8760       #
########################################

# Program was compiled: Sep 21 2021 14:36:42
# Program was run: Tue Oct 12 17:22:19 2021

# cmd: legofit -1 -d 0 -t 32 --ptsPerDim 3 --stateOut b1boot18.state --tol 3e-6 -S 5000 abde2.lgo ../../chrX/boot_chrX/boot18.opf
# Stage nOptItr nSimReps
#     0    5000        0
# algorithm          : deterministic
# ignoring probs <=  : 0
# Branch length floor: 0
# DE strategy        : 2
#    F               : 0.3
#    CR              : 0.8
#    tolerance       : 3e-06
# nthreads           : 32
# lgo input file     : abde2.lgo
# site pat input file: ../../chrX/boot_chrX/boot18.opf
# free parameters    : 17
# points in DE swarm : 51
# output state file  : b1boot18.state
# Including singleton site patterns.
# cost function      : KL
Initial parameter values
Fixed:
      zero = 0
       one = 1
    Tbecnw = 75200
Free:
       pc1 = 0
       pc2 = 0
       pc3 = 0
       pc4 = 0
       pc5 = 0
       pc6 = 0
       pc7 = 0
       pc8 = 0
       pc9 = 0
      pc10 = 0
      pc11 = 0
      pc12 = 0
      pc13 = 0
      pc14 = 0
      pc15 = 0
      pc16 = 0
      pc17 = 0
Constrained:
   Tgbecnw = 91269.4
     Tecnw = 24878.5
       Tnw = 14829.6
       Tec = 1041.01
     twoNb = 3.39339e+06
     twoNe = 1.53316e+06
     twoNc = 1.24816e+06
     twoNw = 1.31725e+06
    twoNec = 131716
    twoNnw = 46553.5
  twoNecnw = 60223.7
  twoNbecnw = 6069.76
  twoNgbecnw = 223019
         m = 0.127299
        m2 = 0.0208842
        m4 = 0.00131405
        m5 = 0.131065
        Tb = 12959.8
        Ta = 44079.9
        Td = 520.506
        Te = 260.253
DiffEv reached_goal. cost=2.28828e-03 spread=2.88646e-06
Fitted parameter values
Free:
       pc1 = -3.73373
       pc2 = -0.671042
       pc3 = -0.00984053
       pc4 = 2.70296
       pc5 = 1.98616
       pc6 = 1.99165
       pc7 = 2.1422
       pc8 = -1.94385
       pc9 = -0.763803
      pc10 = -1.5974
      pc11 = 1.63375
      pc12 = 0.246877
      pc13 = 0.509486
      pc14 = 0.442715
      pc15 = 0.383066
      pc16 = -0.0918738
      pc17 = 0.0690798
Constrained:
   Tgbecnw = 80428.7
     Tecnw = 23720
       Tnw = 18203.2
       Tec = 710.262
     twoNb = 1.25793e+07
     twoNe = 5.09651e+06
     twoNc = 5.3876e+06
     twoNw = 3.5104e+06
    twoNec = 135525
    twoNnw = 25214.2
  twoNecnw = 60608.1
  twoNbecnw = 2027.26
  twoNgbecnw = 244788
         m = 0.116868
        m2 = 0.0195048
        m4 = 0.00202148
        m5 = 0.143921
        Tb = 12215.1
        Ta = 43707.6
        Td = 355.131
        Te = 177.566
#       SitePat  BranchLen
              b 115472.8181211
              e 43005.6392143
              c 44930.9610444
              n 42175.6521364
              w 42148.0073672
            b:e 1198.8358419
            b:c 1354.2809210
            b:n 992.8231739
            b:w 991.6680977
            e:c 11052.3065415
            e:n 4510.1239891
            e:w 4537.7687583
            c:n 4034.9105008
            c:w 4028.9216870
            n:w 11425.0820294
          b:e:c 1199.8661136
          b:e:n 574.1611686
          b:e:w 575.3162449
          b:c:n 578.6790051
          b:c:w 577.4445921
          b:n:w 1212.5769106
          e:c:n 4089.5555269
          e:c:w 4095.5443407
          e:n:w 5578.2759923
          c:n:w 4730.1156561
        b:e:c:n 1095.9342278
        b:e:c:w 1097.1686408
        b:e:n:w 1867.7987776
        b:c:n:w 1612.6065154
        e:c:n:w 45923.6832435
