########################################
# legofit: estimate population history #
#       version 2.3.4-4-g53f8760       #
########################################

# Program was compiled: Sep 21 2021 14:36:42
# Program was run: Tue Oct 12 17:16:39 2021

# cmd: legofit -1 -d 0 -t 32 --ptsPerDim 3 --stateOut b1boot8.state --tol 3e-6 -S 5000 abde2.lgo ../../chrX/boot_chrX/boot8.opf
# Stage nOptItr nSimReps
#     0    5000        0
# algorithm          : deterministic
# ignoring probs <=  : 0
# Branch length floor: 0
# DE strategy        : 2
#    F               : 0.3
#    CR              : 0.8
#    tolerance       : 3e-06
# nthreads           : 32
# lgo input file     : abde2.lgo
# site pat input file: ../../chrX/boot_chrX/boot8.opf
# free parameters    : 17
# points in DE swarm : 51
# output state file  : b1boot8.state
# Including singleton site patterns.
# cost function      : KL
Initial parameter values
Fixed:
      zero = 0
       one = 1
    Tbecnw = 75200
Free:
       pc1 = 0
       pc2 = 0
       pc3 = 0
       pc4 = 0
       pc5 = 0
       pc6 = 0
       pc7 = 0
       pc8 = 0
       pc9 = 0
      pc10 = 0
      pc11 = 0
      pc12 = 0
      pc13 = 0
      pc14 = 0
      pc15 = 0
      pc16 = 0
      pc17 = 0
Constrained:
   Tgbecnw = 91269.4
     Tecnw = 24878.5
       Tnw = 14829.6
       Tec = 1041.01
     twoNb = 3.39339e+06
     twoNe = 1.53316e+06
     twoNc = 1.24816e+06
     twoNw = 1.31725e+06
    twoNec = 131716
    twoNnw = 46553.5
  twoNecnw = 60223.7
  twoNbecnw = 6069.76
  twoNgbecnw = 223019
         m = 0.127299
        m2 = 0.0208842
        m4 = 0.00131405
        m5 = 0.131065
        Tb = 12959.8
        Ta = 44079.9
        Td = 520.506
        Te = 260.253
DiffEv reached_goal. cost=2.20251e-03 spread=2.92847e-06
Fitted parameter values
Free:
       pc1 = -2.61789
       pc2 = 0.376352
       pc3 = -0.395562
       pc4 = 3.94077
       pc5 = 1.57135
       pc6 = 1.06903
       pc7 = 3.26191
       pc8 = -1.59548
       pc9 = -0.882756
      pc10 = -1.59241
      pc11 = 0.6301
      pc12 = 0.578062
      pc13 = 0.00649914
      pc14 = 0.254791
      pc15 = 0.201151
      pc16 = -0.0373387
      pc17 = 0.00602575
Constrained:
   Tgbecnw = 83580.2
     Tecnw = 24012.2
       Tnw = 16962.9
       Tec = 12.0513
     twoNb = 1.92683e+07
     twoNe = 6.99445e+06
     twoNc = 5.5971e+06
     twoNw = 2.92139e+06
    twoNec = 136280
    twoNnw = 30792.1
  twoNecnw = 61807.9
  twoNbecnw = 3210.15
  twoNgbecnw = 256991
         m = 0.109617
        m2 = 0.0176778
        m4 = 0.00373375
        m5 = 0.136252
        Tb = 12012.1
        Ta = 43606.1
        Td = 6.02563
        Te = 3.01282
#       SitePat  BranchLen
              b 116295.3393974
              e 43294.2687463
              c 45325.5957893
              n 42406.8596792
              w 42376.5335711
            b:e 1263.7037759
            b:c 1436.4275347
            b:n 1060.8878040
            b:w 1059.5725046
            e:c 11529.9009173
            e:n 4518.4318759
            e:w 4548.7579839
            c:n 4024.0653912
            c:w 4017.6227012
            n:w 11997.3496069
          b:e:c 1308.3174774
          b:e:n 606.7838788
          b:e:w 608.0991782
          b:c:n 611.8079971
          b:c:w 610.4016289
          b:n:w 1319.3465968
          e:c:n 4144.6389688
          e:c:w 4151.0816589
          e:n:w 5675.8384460
          c:n:w 4790.9729468
        b:e:c:n 1171.3300985
        b:e:c:w 1172.7364667
        b:e:n:w 1966.5865463
        b:c:n:w 1665.5763692
        e:c:n:w 46196.4414726
