########################################
# legofit: estimate population history #
#       version 2.3.4-4-g53f8760       #
########################################

# Program was compiled: Sep 21 2021 14:36:42
# Program was run: Tue Oct 12 17:17:46 2021

# cmd: legofit -1 -d 0 -t 32 --ptsPerDim 3 --stateOut b1boot10.state --tol 3e-6 -S 5000 abde2.lgo ../../chrX/boot_chrX/boot10.opf
# Stage nOptItr nSimReps
#     0    5000        0
# algorithm          : deterministic
# ignoring probs <=  : 0
# Branch length floor: 0
# DE strategy        : 2
#    F               : 0.3
#    CR              : 0.8
#    tolerance       : 3e-06
# nthreads           : 32
# lgo input file     : abde2.lgo
# site pat input file: ../../chrX/boot_chrX/boot10.opf
# free parameters    : 17
# points in DE swarm : 51
# output state file  : b1boot10.state
# Including singleton site patterns.
# cost function      : KL
Initial parameter values
Fixed:
      zero = 0
       one = 1
    Tbecnw = 75200
Free:
       pc1 = 0
       pc2 = 0
       pc3 = 0
       pc4 = 0
       pc5 = 0
       pc6 = 0
       pc7 = 0
       pc8 = 0
       pc9 = 0
      pc10 = 0
      pc11 = 0
      pc12 = 0
      pc13 = 0
      pc14 = 0
      pc15 = 0
      pc16 = 0
      pc17 = 0
Constrained:
   Tgbecnw = 91269.4
     Tecnw = 24878.5
       Tnw = 14829.6
       Tec = 1041.01
     twoNb = 3.39339e+06
     twoNe = 1.53316e+06
     twoNc = 1.24816e+06
     twoNw = 1.31725e+06
    twoNec = 131716
    twoNnw = 46553.5
  twoNecnw = 60223.7
  twoNbecnw = 6069.76
  twoNgbecnw = 223019
         m = 0.127299
        m2 = 0.0208842
        m4 = 0.00131405
        m5 = 0.131065
        Tb = 12959.8
        Ta = 44079.9
        Td = 520.506
        Te = 260.253
DiffEv reached_goal. cost=2.08447e-03 spread=2.79626e-06
Fitted parameter values
Free:
       pc1 = -0.300073
       pc2 = -1.02733
       pc3 = 0.204107
       pc4 = 3.69377
       pc5 = 1.96443
       pc6 = 1.83139
       pc7 = 1.43911
       pc8 = 0.421934
       pc9 = -1.38829
      pc10 = -1.10071
      pc11 = 0.494727
      pc12 = 0.984521
      pc13 = 0.613457
      pc14 = -0.0388048
      pc15 = -0.0540178
      pc16 = 0.0235099
      pc17 = 0.0783671
Constrained:
   Tgbecnw = 79895.7
     Tecnw = 24161.7
       Tnw = 14214.2
       Tec = 86.2371
     twoNb = 2.08922e+07
     twoNe = 3.98055e+06
     twoNc = 1.85222e+06
     twoNw = 2.95089e+06
    twoNec = 134086
    twoNnw = 47355.3
  twoNecnw = 57536.4
  twoNbecnw = 1836.19
  twoNgbecnw = 254833
         m = 0.10305
        m2 = 0.0184257
        m4 = 0.00265673
        m5 = 0.129938
        Tb = 12124
        Ta = 43662
        Td = 43.1185
        Te = 21.5593
#       SitePat  BranchLen
              b 114055.9504388
              e 42387.4151662
              c 44176.7364639
              n 41810.5047481
              w 41786.1030903
            b:e 1204.0929363
            b:c 1347.2229749
            b:n 1032.5609737
            b:w 1031.5528059
            e:c 11314.5669190
            e:n 4441.4691966
            e:w 4465.8708543
            c:n 3985.6053673
            c:w 3980.5043588
            n:w 11574.5309034
          b:e:c 1233.8475186
          b:e:n 584.5206737
          b:e:w 585.5288415
          b:c:n 588.6229135
          b:c:w 587.5488552
          b:n:w 1247.1501189
          e:c:n 4196.3133577
          e:c:w 4201.4143663
          e:n:w 5453.5780011
          c:n:w 4698.8227867
        b:e:c:n 1134.1458338
        b:e:c:w 1135.2198921
        b:e:n:w 1832.7469595
        b:c:n:w 1590.1588557
        e:c:n:w 45020.1402806
