########################################
# legofit: estimate population history #
#       version 2.3.4-4-g53f8760       #
########################################

# Program was compiled: Sep 21 2021 14:36:42
# Program was run: Tue Oct 12 17:37:17 2021

# cmd: legofit -1 -d 0 -t 32 --ptsPerDim 3 --stateOut b1boot43.state --tol 3e-6 -S 5000 abde2.lgo ../../chrX/boot_chrX/boot43.opf
# Stage nOptItr nSimReps
#     0    5000        0
# algorithm          : deterministic
# ignoring probs <=  : 0
# Branch length floor: 0
# DE strategy        : 2
#    F               : 0.3
#    CR              : 0.8
#    tolerance       : 3e-06
# nthreads           : 32
# lgo input file     : abde2.lgo
# site pat input file: ../../chrX/boot_chrX/boot43.opf
# free parameters    : 17
# points in DE swarm : 51
# output state file  : b1boot43.state
# Including singleton site patterns.
# cost function      : KL
Initial parameter values
Fixed:
      zero = 0
       one = 1
    Tbecnw = 75200
Free:
       pc1 = 0
       pc2 = 0
       pc3 = 0
       pc4 = 0
       pc5 = 0
       pc6 = 0
       pc7 = 0
       pc8 = 0
       pc9 = 0
      pc10 = 0
      pc11 = 0
      pc12 = 0
      pc13 = 0
      pc14 = 0
      pc15 = 0
      pc16 = 0
      pc17 = 0
Constrained:
   Tgbecnw = 91269.4
     Tecnw = 24878.5
       Tnw = 14829.6
       Tec = 1041.01
     twoNb = 3.39339e+06
     twoNe = 1.53316e+06
     twoNc = 1.24816e+06
     twoNw = 1.31725e+06
    twoNec = 131716
    twoNnw = 46553.5
  twoNecnw = 60223.7
  twoNbecnw = 6069.76
  twoNgbecnw = 223019
         m = 0.127299
        m2 = 0.0208842
        m4 = 0.00131405
        m5 = 0.131065
        Tb = 12959.8
        Ta = 44079.9
        Td = 520.506
        Te = 260.253
DiffEv reached_goal. cost=2.19776e-03 spread=2.89632e-06
Fitted parameter values
Free:
       pc1 = -3.20268
       pc2 = -0.191804
       pc3 = 1.11718
       pc4 = 3.92023
       pc5 = 1.91946
       pc6 = 1.98814
       pc7 = 0.757869
       pc8 = -1.62721
       pc9 = -0.0856904
      pc10 = -1.57484
      pc11 = 0.673806
      pc12 = 0.760703
      pc13 = 0.280197
      pc14 = 0.171604
      pc15 = 0.117015
      pc16 = -0.149939
      pc17 = -0.045596
Constrained:
   Tgbecnw = 80759.2
     Tecnw = 23543.1
       Tnw = 16591.4
       Tec = 395.807
     twoNb = 1.39316e+07
     twoNe = 1.00571e+06
     twoNc = 4.57925e+06
     twoNw = 3.13586e+06
    twoNec = 129551
    twoNnw = 29268.2
  twoNecnw = 62144.1
  twoNbecnw = 2055.86
  twoNgbecnw = 272070
         m = 0.100919
        m2 = 0.019834
        m4 = 0.00249672
        m5 = 0.143281
        Tb = 11969.4
        Ta = 43584.7
        Td = 197.903
        Te = 98.9517
#       SitePat  BranchLen
              b 114321.8779136
              e 42843.4316866
              c 44957.5805490
              n 41713.8776979
              w 41685.4351996
            b:e 1192.4843182
            b:c 1357.1368368
            b:n 983.4339722
            b:w 982.2705666
            e:c 11414.8810095
            e:n 4467.7800363
            e:w 4496.2225346
            c:n 3943.7569912
            c:w 3937.7701967
            n:w 12071.1475113
          b:e:c 1235.1683819
          b:e:n 564.5175012
          b:e:w 565.6809068
          b:c:n 569.4215693
          b:c:w 568.1739813
          b:n:w 1248.0312819
          e:c:n 4021.8807023
          e:c:w 4027.8674967
          e:n:w 5642.3840839
          c:n:w 4715.6297669
        b:e:c:n 1090.5374700
        b:e:c:w 1091.7850580
        b:e:n:w 1899.1916550
        b:c:n:w 1622.2227775
        e:c:n:w 44738.1215576
