########################################
# legofit: estimate population history #
#       version 2.3.4-4-g53f8760       #
########################################

# Program was compiled: Sep 21 2021 14:36:42
# Program was run: Tue Oct 12 17:40:55 2021

# cmd: legofit -1 -d 0 -t 32 --ptsPerDim 3 --stateOut b1boot48.state --tol 3e-6 -S 5000 abde2.lgo ../../chrX/boot_chrX/boot48.opf
# Stage nOptItr nSimReps
#     0    5000        0
# algorithm          : deterministic
# ignoring probs <=  : 0
# Branch length floor: 0
# DE strategy        : 2
#    F               : 0.3
#    CR              : 0.8
#    tolerance       : 3e-06
# nthreads           : 32
# lgo input file     : abde2.lgo
# site pat input file: ../../chrX/boot_chrX/boot48.opf
# free parameters    : 17
# points in DE swarm : 51
# output state file  : b1boot48.state
# Including singleton site patterns.
# cost function      : KL
Initial parameter values
Fixed:
      zero = 0
       one = 1
    Tbecnw = 75200
Free:
       pc1 = 0
       pc2 = 0
       pc3 = 0
       pc4 = 0
       pc5 = 0
       pc6 = 0
       pc7 = 0
       pc8 = 0
       pc9 = 0
      pc10 = 0
      pc11 = 0
      pc12 = 0
      pc13 = 0
      pc14 = 0
      pc15 = 0
      pc16 = 0
      pc17 = 0
Constrained:
   Tgbecnw = 91269.4
     Tecnw = 24878.5
       Tnw = 14829.6
       Tec = 1041.01
     twoNb = 3.39339e+06
     twoNe = 1.53316e+06
     twoNc = 1.24816e+06
     twoNw = 1.31725e+06
    twoNec = 131716
    twoNnw = 46553.5
  twoNecnw = 60223.7
  twoNbecnw = 6069.76
  twoNgbecnw = 223019
         m = 0.127299
        m2 = 0.0208842
        m4 = 0.00131405
        m5 = 0.131065
        Tb = 12959.8
        Ta = 44079.9
        Td = 520.506
        Te = 260.253
DiffEv reached_goal. cost=2.11752e-03 spread=2.99812e-06
Fitted parameter values
Free:
       pc1 = -1.74356
       pc2 = -0.312906
       pc3 = -0.427061
       pc4 = 1.83135
       pc5 = 1.96526
       pc6 = 1.99617
       pc7 = 0.622414
       pc8 = -0.430098
       pc9 = -0.514987
      pc10 = -1.51415
      pc11 = 1.83205
      pc12 = -0.453268
      pc13 = -0.039984
      pc14 = 0.0112962
      pc15 = 0.30671
      pc16 = 0.011556
      pc17 = 0.0938012
Constrained:
   Tgbecnw = 83003.8
     Tecnw = 24299
       Tnw = 17699.9
       Tec = 125.53
     twoNb = 5.77293e+06
     twoNe = 3.1279e+06
     twoNc = 2.50167e+06
     twoNw = 3.17238e+06
    twoNec = 139055
    twoNnw = 30173.9
  twoNecnw = 58781.8
  twoNbecnw = 3058.73
  twoNgbecnw = 238575
         m = 0.113271
        m2 = 0.0207517
        m4 = 0.00183461
        m5 = 0.128571
        Tb = 12212.3
        Ta = 43706.1
        Td = 62.7649
        Te = 31.3825
#       SitePat  BranchLen
              b 114976.0434177
              e 43144.0715256
              c 44878.1208602
              n 42379.4312158
              w 42352.3325964
            b:e 1231.9281697
            b:c 1375.4317343
            b:n 1014.2592891
            b:w 1013.1215706
            e:c 11280.4788853
            e:n 4426.9871205
            e:w 4454.0857399
            c:n 3999.0843728
            c:w 3993.2733161
            n:w 11528.8778221
          b:e:c 1231.7592421
          b:e:n 579.0056111
          b:e:w 580.1433295
          b:c:n 583.0879599
          b:c:w 581.8764474
          b:n:w 1245.7160594
          e:c:n 4138.7397132
          e:c:w 4144.5507698
          e:n:w 5550.0189415
          c:n:w 4785.6699108
        b:e:c:n 1113.5183964
        b:e:c:w 1114.7299089
        b:e:n:w 1875.9253969
        b:c:n:w 1645.6211762
        e:c:n:w 45296.2252226
