########################################
# legofit: estimate population history #
#       version 2.3.4-4-g53f8760       #
########################################

# Program was compiled: Sep 21 2021 14:36:42
# Program was run: Tue Oct 12 17:20:00 2021

# cmd: legofit -1 -d 0 -t 32 --ptsPerDim 3 --stateOut b1boot14.state --tol 3e-6 -S 5000 abde2.lgo ../../chrX/boot_chrX/boot14.opf
# Stage nOptItr nSimReps
#     0    5000        0
# algorithm          : deterministic
# ignoring probs <=  : 0
# Branch length floor: 0
# DE strategy        : 2
#    F               : 0.3
#    CR              : 0.8
#    tolerance       : 3e-06
# nthreads           : 32
# lgo input file     : abde2.lgo
# site pat input file: ../../chrX/boot_chrX/boot14.opf
# free parameters    : 17
# points in DE swarm : 51
# output state file  : b1boot14.state
# Including singleton site patterns.
# cost function      : KL
Initial parameter values
Fixed:
      zero = 0
       one = 1
    Tbecnw = 75200
Free:
       pc1 = 0
       pc2 = 0
       pc3 = 0
       pc4 = 0
       pc5 = 0
       pc6 = 0
       pc7 = 0
       pc8 = 0
       pc9 = 0
      pc10 = 0
      pc11 = 0
      pc12 = 0
      pc13 = 0
      pc14 = 0
      pc15 = 0
      pc16 = 0
      pc17 = 0
Constrained:
   Tgbecnw = 91269.4
     Tecnw = 24878.5
       Tnw = 14829.6
       Tec = 1041.01
     twoNb = 3.39339e+06
     twoNe = 1.53316e+06
     twoNc = 1.24816e+06
     twoNw = 1.31725e+06
    twoNec = 131716
    twoNnw = 46553.5
  twoNecnw = 60223.7
  twoNbecnw = 6069.76
  twoNgbecnw = 223019
         m = 0.127299
        m2 = 0.0208842
        m4 = 0.00131405
        m5 = 0.131065
        Tb = 12959.8
        Ta = 44079.9
        Td = 520.506
        Te = 260.253
DiffEv reached_goal. cost=2.03222e-03 spread=1.85809e-06
Fitted parameter values
Free:
       pc1 = -3.26355
       pc2 = -0.060343
       pc3 = 1.28128
       pc4 = 3.50399
       pc5 = 0.280749
       pc6 = 1.93702
       pc7 = 1.41656
       pc8 = 1.3193
       pc9 = -1.10098
      pc10 = -1.62675
      pc11 = 1.94686
      pc12 = 0.553895
      pc13 = 0.204969
      pc14 = 0.21481
      pc15 = 0.0821903
      pc16 = -0.0560016
      pc17 = 0.0202587
Constrained:
   Tgbecnw = 79393.8
     Tecnw = 23444.8
       Tnw = 17083.8
       Tec = 2538.32
     twoNb = 1.97457e+07
     twoNe = 4.55691e+06
     twoNc = 3.59623e+06
     twoNw = 2.62934e+06
    twoNec = 118801
    twoNnw = 28462.5
  twoNecnw = 59870.3
  twoNbecnw = 1569.39
  twoNgbecnw = 265271
         m = 0.103778
        m2 = 0.0197656
        m4 = 0.00122618
        m5 = 0.114359
        Tb = 12991.5
        Ta = 44095.8
        Td = 1269.16
        Te = 634.58
#       SitePat  BranchLen
              b 114158.8319069
              e 42668.1714076
              c 44214.1668108
              n 41663.9953525
              w 41637.4969384
            b:e 1160.7123049
            b:c 1277.5792826
            b:n 961.8876846
            b:w 960.8126519
            e:c 11246.0019089
            e:n 4340.7959411
            e:w 4367.2943551
            c:n 3957.3586980
            c:w 3951.6260886
            n:w 11676.2185283
          b:e:c 1185.9575816
          b:e:n 545.4451517
          b:e:w 546.5201843
          b:c:n 549.1168006
          b:c:w 547.9680139
          b:n:w 1201.5997580
          e:c:n 4080.4907089
          e:c:w 4086.2233183
          e:n:w 5402.7193125
          c:n:w 4724.1588162
        b:e:c:n 1061.6286966
        b:e:c:w 1062.7774833
        b:e:n:w 1779.6389883
        b:c:n:w 1589.3230976
        e:c:n:w 45055.4224496
