########################################
# legofit: estimate population history #
#       version 2.3.4-4-g53f8760       #
########################################

# Program was compiled: Sep 21 2021 14:36:42
# Program was run: Tue Oct 12 17:29:47 2021

# cmd: legofit -1 -d 0 -t 32 --ptsPerDim 3 --stateOut b1boot30.state --tol 3e-6 -S 5000 abde2.lgo ../../chrX/boot_chrX/boot30.opf
# Stage nOptItr nSimReps
#     0    5000        0
# algorithm          : deterministic
# ignoring probs <=  : 0
# Branch length floor: 0
# DE strategy        : 2
#    F               : 0.3
#    CR              : 0.8
#    tolerance       : 3e-06
# nthreads           : 32
# lgo input file     : abde2.lgo
# site pat input file: ../../chrX/boot_chrX/boot30.opf
# free parameters    : 17
# points in DE swarm : 51
# output state file  : b1boot30.state
# Including singleton site patterns.
# cost function      : KL
Initial parameter values
Fixed:
      zero = 0
       one = 1
    Tbecnw = 75200
Free:
       pc1 = 0
       pc2 = 0
       pc3 = 0
       pc4 = 0
       pc5 = 0
       pc6 = 0
       pc7 = 0
       pc8 = 0
       pc9 = 0
      pc10 = 0
      pc11 = 0
      pc12 = 0
      pc13 = 0
      pc14 = 0
      pc15 = 0
      pc16 = 0
      pc17 = 0
Constrained:
   Tgbecnw = 91269.4
     Tecnw = 24878.5
       Tnw = 14829.6
       Tec = 1041.01
     twoNb = 3.39339e+06
     twoNe = 1.53316e+06
     twoNc = 1.24816e+06
     twoNw = 1.31725e+06
    twoNec = 131716
    twoNnw = 46553.5
  twoNecnw = 60223.7
  twoNbecnw = 6069.76
  twoNgbecnw = 223019
         m = 0.127299
        m2 = 0.0208842
        m4 = 0.00131405
        m5 = 0.131065
        Tb = 12959.8
        Ta = 44079.9
        Td = 520.506
        Te = 260.253
DiffEv reached_goal. cost=2.23169e-03 spread=2.67468e-06
Fitted parameter values
Free:
       pc1 = -1.53766
       pc2 = -1.51845
       pc3 = 1.6765
       pc4 = 3.2398
       pc5 = 1.78502
       pc6 = 1.88486
       pc7 = 2.46345
       pc8 = -0.233281
       pc9 = -1.41428
      pc10 = -1.44267
      pc11 = 1.75443
      pc12 = 0.636722
      pc13 = 0.186718
      pc14 = 0.305666
      pc15 = -0.0663526
      pc16 = -0.0732252
      pc17 = 0.0451545
Constrained:
   Tgbecnw = 76984.2
     Tecnw = 24134
       Tnw = 15137.2
       Tec = 1682.85
     twoNb = 1.47573e+07
     twoNe = 5.79721e+06
     twoNc = 4.30403e+06
     twoNw = 3.22124e+06
    twoNec = 120712
    twoNnw = 40684.9
  twoNecnw = 56574.4
  twoNbecnw = 684.651
  twoNgbecnw = 260638
         m = 0.105322
        m2 = 0.0193682
        m4 = 0.00215766
        m5 = 0.132968
        Tb = 12908.4
        Ta = 44054.2
        Td = 841.424
        Te = 420.712
#       SitePat  BranchLen
              b 113986.9560109
              e 42043.0054477
              c 43870.5936231
              n 41324.8802254
              w 41301.9322421
            b:e 1130.4401035
            b:c 1270.4636506
            b:n 951.1635401
            b:w 950.2623913
            e:c 11192.1769330
            e:n 4310.9349645
            e:w 4333.8829479
            c:n 3848.9943068
            c:w 3844.1920277
            n:w 11537.0399717
          b:e:c 1163.5775265
          b:e:n 535.6644618
          b:e:w 536.5656105
          b:c:n 539.5577018
          b:c:w 538.5970920
          b:n:w 1179.6097731
          e:c:n 4074.4066335
          e:c:w 4079.2089126
          e:n:w 5398.8431202
          c:n:w 4613.2065359
        b:e:c:n 1045.3764847
        b:e:c:w 1046.3370944
        b:e:n:w 1767.0110443
        b:c:n:w 1530.7427106
        e:c:n:w 45514.8941286
