########################################
# legofit: estimate population history #
#       version 2.3.4-4-g53f8760       #
########################################

# Program was compiled: Sep 21 2021 14:36:42
# Program was run: Tue Oct 12 17:15:57 2021

# cmd: legofit -1 -d 0 -t 32 --ptsPerDim 3 --stateOut b1boot7.state --tol 3e-6 -S 5000 abde2.lgo ../../chrX/boot_chrX/boot7.opf
# Stage nOptItr nSimReps
#     0    5000        0
# algorithm          : deterministic
# ignoring probs <=  : 0
# Branch length floor: 0
# DE strategy        : 2
#    F               : 0.3
#    CR              : 0.8
#    tolerance       : 3e-06
# nthreads           : 32
# lgo input file     : abde2.lgo
# site pat input file: ../../chrX/boot_chrX/boot7.opf
# free parameters    : 17
# points in DE swarm : 51
# output state file  : b1boot7.state
# Including singleton site patterns.
# cost function      : KL
Initial parameter values
Fixed:
      zero = 0
       one = 1
    Tbecnw = 75200
Free:
       pc1 = 0
       pc2 = 0
       pc3 = 0
       pc4 = 0
       pc5 = 0
       pc6 = 0
       pc7 = 0
       pc8 = 0
       pc9 = 0
      pc10 = 0
      pc11 = 0
      pc12 = 0
      pc13 = 0
      pc14 = 0
      pc15 = 0
      pc16 = 0
      pc17 = 0
Constrained:
   Tgbecnw = 91269.4
     Tecnw = 24878.5
       Tnw = 14829.6
       Tec = 1041.01
     twoNb = 3.39339e+06
     twoNe = 1.53316e+06
     twoNc = 1.24816e+06
     twoNw = 1.31725e+06
    twoNec = 131716
    twoNnw = 46553.5
  twoNecnw = 60223.7
  twoNbecnw = 6069.76
  twoNgbecnw = 223019
         m = 0.127299
        m2 = 0.0208842
        m4 = 0.00131405
        m5 = 0.131065
        Tb = 12959.8
        Ta = 44079.9
        Td = 520.506
        Te = 260.253
DiffEv reached_goal. cost=2.27651e-03 spread=2.92033e-06
Fitted parameter values
Free:
       pc1 = -1.79835
       pc2 = -1.43842
       pc3 = 2.86659
       pc4 = 2.73246
       pc5 = 1.7416
       pc6 = 1.87101
       pc7 = -0.200359
       pc8 = 0.867465
       pc9 = -0.925675
      pc10 = -1.83305
      pc11 = 1.09747
      pc12 = 0.94189
      pc13 = 0.105566
      pc14 = 0.0238592
      pc15 = 0.0328347
      pc16 = 0.0195585
      pc17 = 0.0876798
Constrained:
   Tgbecnw = 77817.4
     Tecnw = 23799.6
       Tnw = 14452.9
       Tec = 2700.14
     twoNb = 9.62303e+06
     twoNe = 997931
     twoNc = 1.91105e+06
     twoNw = 3.16891e+06
    twoNec = 110098
    twoNnw = 44259.6
  twoNecnw = 59084.3
  twoNbecnw = 993.645
  twoNgbecnw = 269331
         m = 0.0978597
        m2 = 0.0213457
        m4 = 0.00130544
        m5 = 0.129863
        Tb = 13249.9
        Ta = 44224.9
        Td = 1350.07
        Te = 675.035
#       SitePat  BranchLen
              b 113120.8930938
              e 42346.8172630
              c 44086.0295964
              n 41795.1706941
              w 41773.4083636
            b:e 1177.7608988
            b:c 1309.4157306
            b:n 1008.3104604
            b:w 1007.4239994
            e:c 11424.8894123
            e:n 4390.9883586
            e:w 4412.7506892
            c:n 3938.9683073
            c:w 3934.4046609
            n:w 11653.1585379
          b:e:c 1220.8822252
          b:e:n 565.1190973
          b:e:w 566.0055583
          b:c:n 569.0751894
          b:c:w 568.1263822
          b:n:w 1240.0621924
          e:c:n 4161.3048672
          e:c:w 4165.8685136
          e:n:w 5345.1779620
          c:n:w 4612.5363485
        b:e:c:n 1115.0161683
        b:e:c:w 1115.9649755
        b:e:n:w 1827.5944132
        b:c:n:w 1613.6579865
        e:c:n:w 44189.1681649
