########################################
# legofit: estimate population history #
#       version 2.3.4-4-g53f8760       #
########################################

# Program was compiled: Sep 21 2021 14:36:42
# Program was run: Tue Oct 12 17:25:28 2021

# cmd: legofit -1 -d 0 -t 32 --ptsPerDim 3 --stateOut b1boot22.state --tol 3e-6 -S 5000 abde2.lgo ../../chrX/boot_chrX/boot22.opf
# Stage nOptItr nSimReps
#     0    5000        0
# algorithm          : deterministic
# ignoring probs <=  : 0
# Branch length floor: 0
# DE strategy        : 2
#    F               : 0.3
#    CR              : 0.8
#    tolerance       : 3e-06
# nthreads           : 32
# lgo input file     : abde2.lgo
# site pat input file: ../../chrX/boot_chrX/boot22.opf
# free parameters    : 17
# points in DE swarm : 51
# output state file  : b1boot22.state
# Including singleton site patterns.
# cost function      : KL
Initial parameter values
Fixed:
      zero = 0
       one = 1
    Tbecnw = 75200
Free:
       pc1 = 0
       pc2 = 0
       pc3 = 0
       pc4 = 0
       pc5 = 0
       pc6 = 0
       pc7 = 0
       pc8 = 0
       pc9 = 0
      pc10 = 0
      pc11 = 0
      pc12 = 0
      pc13 = 0
      pc14 = 0
      pc15 = 0
      pc16 = 0
      pc17 = 0
Constrained:
   Tgbecnw = 91269.4
     Tecnw = 24878.5
       Tnw = 14829.6
       Tec = 1041.01
     twoNb = 3.39339e+06
     twoNe = 1.53316e+06
     twoNc = 1.24816e+06
     twoNw = 1.31725e+06
    twoNec = 131716
    twoNnw = 46553.5
  twoNecnw = 60223.7
  twoNbecnw = 6069.76
  twoNgbecnw = 223019
         m = 0.127299
        m2 = 0.0208842
        m4 = 0.00131405
        m5 = 0.131065
        Tb = 12959.8
        Ta = 44079.9
        Td = 520.506
        Te = 260.253
DiffEv reached_goal. cost=2.22538e-03 spread=2.83525e-06
Fitted parameter values
Free:
       pc1 = -3.34474
       pc2 = -0.202539
       pc3 = -0.972982
       pc4 = 3.88527
       pc5 = 1.9942
       pc6 = 1.78773
       pc7 = 3.18217
       pc8 = 0.00472061
       pc9 = -0.825238
      pc10 = -1.65557
      pc11 = 1.49691
      pc12 = 0.919651
      pc13 = 0.173441
      pc14 = 0.094939
      pc15 = 0.158273
      pc16 = -0.0628684
      pc17 = 0.1432
Constrained:
   Tgbecnw = 78633.8
     Tecnw = 23633.1
       Tnw = 17811.6
       Tec = 125.273
     twoNb = 1.72895e+07
     twoNe = 7.97266e+06
     twoNc = 4.15845e+06
     twoNw = 3.22129e+06
    twoNec = 135129
    twoNnw = 24756.1
  twoNecnw = 60961
  twoNbecnw = 1333.46
  twoNgbecnw = 250150
         m = 0.109228
        m2 = 0.0168767
        m4 = 0.00266123
        m5 = 0.127242
        Tb = 11879.2
        Ta = 43539.6
        Td = 62.6366
        Te = 31.3183
#       SitePat  BranchLen
              b 113961.8810433
              e 42732.5405257
              c 44555.8434458
              n 41786.7870488
              w 41760.6903501
            b:e 1193.3278456
            b:c 1341.1655258
            b:n 991.2336722
            b:w 990.1424344
            e:c 11393.1797328
            e:n 4386.5649931
            e:w 4412.6616917
            c:n 3941.9446541
            c:w 3936.3518060
            n:w 11845.4616609
          b:e:c 1240.0435407
          b:e:n 566.8017294
          b:e:w 567.8929672
          b:c:n 571.2079518
          b:c:w 570.0392204
          b:n:w 1248.2052523
          e:c:n 4043.3502945
          e:c:w 4048.9431426
          e:n:w 5544.6327561
          c:n:w 4732.7101145
        b:e:c:n 1097.4705255
        b:e:c:w 1098.6392570
        b:e:n:w 1814.5187933
        b:c:n:w 1569.6785270
        e:c:n:w 44681.6807051
