########################################
# legofit: estimate population history #
#       version 2.3.4-4-g53f8760       #
########################################

# Program was compiled: Sep 21 2021 14:36:42
# Program was run: Tue Oct 12 17:17:08 2021

# cmd: legofit -1 -d 0 -t 32 --ptsPerDim 3 --stateOut b1boot9.state --tol 3e-6 -S 5000 abde2.lgo ../../chrX/boot_chrX/boot9.opf
# Stage nOptItr nSimReps
#     0    5000        0
# algorithm          : deterministic
# ignoring probs <=  : 0
# Branch length floor: 0
# DE strategy        : 2
#    F               : 0.3
#    CR              : 0.8
#    tolerance       : 3e-06
# nthreads           : 32
# lgo input file     : abde2.lgo
# site pat input file: ../../chrX/boot_chrX/boot9.opf
# free parameters    : 17
# points in DE swarm : 51
# output state file  : b1boot9.state
# Including singleton site patterns.
# cost function      : KL
Initial parameter values
Fixed:
      zero = 0
       one = 1
    Tbecnw = 75200
Free:
       pc1 = 0
       pc2 = 0
       pc3 = 0
       pc4 = 0
       pc5 = 0
       pc6 = 0
       pc7 = 0
       pc8 = 0
       pc9 = 0
      pc10 = 0
      pc11 = 0
      pc12 = 0
      pc13 = 0
      pc14 = 0
      pc15 = 0
      pc16 = 0
      pc17 = 0
Constrained:
   Tgbecnw = 91269.4
     Tecnw = 24878.5
       Tnw = 14829.6
       Tec = 1041.01
     twoNb = 3.39339e+06
     twoNe = 1.53316e+06
     twoNc = 1.24816e+06
     twoNw = 1.31725e+06
    twoNec = 131716
    twoNnw = 46553.5
  twoNecnw = 60223.7
  twoNbecnw = 6069.76
  twoNgbecnw = 223019
         m = 0.127299
        m2 = 0.0208842
        m4 = 0.00131405
        m5 = 0.131065
        Tb = 12959.8
        Ta = 44079.9
        Td = 520.506
        Te = 260.253
DiffEv reached_goal. cost=2.23117e-03 spread=2.52670e-06
Fitted parameter values
Free:
       pc1 = -2.01986
       pc2 = -0.0407432
       pc3 = 0.709146
       pc4 = 3.57015
       pc5 = 1.68793
       pc6 = 1.77889
       pc7 = 0.777904
       pc8 = 0.460491
       pc9 = -1.00846
      pc10 = -0.453999
      pc11 = 1.6041
      pc12 = 0.985647
      pc13 = 0.0477201
      pc14 = 0.1762
      pc15 = 0.0843388
      pc16 = -0.00100399
      pc17 = 0.0315105
Constrained:
   Tgbecnw = 80662.1
     Tecnw = 24093.1
       Tnw = 16486.6
       Tec = 1124.54
     twoNb = 1.76722e+07
     twoNe = 1.35151e+06
     twoNc = 2.81869e+06
     twoNw = 2.87782e+06
    twoNec = 126738
    twoNnw = 33660.1
  twoNecnw = 59209.7
  twoNbecnw = 2047.18
  twoNgbecnw = 265863
         m = 0.103051
        m2 = 0.0183112
        m4 = 0.00137668
        m5 = 0.125003
        Tb = 12608.8
        Ta = 43904.4
        Td = 562.271
        Te = 281.136
#       SitePat  BranchLen
              b 114561.5615134
              e 42698.0857781
              c 44410.5155503
              n 41921.1785501
              w 41894.5800449
            b:e 1167.5246719
            b:c 1297.3869844
            b:n 982.2107958
            b:w 981.1320605
            e:c 11417.5423282
            e:n 4348.1700108
            e:w 4374.7685159
            c:n 3917.2059625
            c:w 3911.5862944
            n:w 11748.0364736
          b:e:c 1211.2079244
          b:e:n 554.5893333
          b:e:w 555.6680686
          b:c:n 558.5092292
          b:c:w 557.3577507
          b:n:w 1225.6504008
          e:c:n 4088.7496465
          e:c:w 4094.3693147
          e:n:w 5428.7543434
          c:n:w 4682.1805680
        b:e:c:n 1081.9231787
        b:e:c:w 1083.0746572
        b:e:n:w 1774.4511079
        b:c:n:w 1567.2694518
        e:c:n:w 45280.6384396
