########################################
# legofit: estimate population history #
#       version 2.3.4-4-g53f8760       #
########################################

# Program was compiled: Sep 21 2021 14:36:42
# Program was run: Tue Oct 12 17:19:38 2021

# cmd: legofit -1 -d 0 -t 32 --ptsPerDim 3 --stateOut b1boot13.state --tol 3e-6 -S 5000 abde2.lgo ../../chrX/boot_chrX/boot13.opf
# Stage nOptItr nSimReps
#     0    5000        0
# algorithm          : deterministic
# ignoring probs <=  : 0
# Branch length floor: 0
# DE strategy        : 2
#    F               : 0.3
#    CR              : 0.8
#    tolerance       : 3e-06
# nthreads           : 32
# lgo input file     : abde2.lgo
# site pat input file: ../../chrX/boot_chrX/boot13.opf
# free parameters    : 17
# points in DE swarm : 51
# output state file  : b1boot13.state
# Including singleton site patterns.
# cost function      : KL
Initial parameter values
Fixed:
      zero = 0
       one = 1
    Tbecnw = 75200
Free:
       pc1 = 0
       pc2 = 0
       pc3 = 0
       pc4 = 0
       pc5 = 0
       pc6 = 0
       pc7 = 0
       pc8 = 0
       pc9 = 0
      pc10 = 0
      pc11 = 0
      pc12 = 0
      pc13 = 0
      pc14 = 0
      pc15 = 0
      pc16 = 0
      pc17 = 0
Constrained:
   Tgbecnw = 91269.4
     Tecnw = 24878.5
       Tnw = 14829.6
       Tec = 1041.01
     twoNb = 3.39339e+06
     twoNe = 1.53316e+06
     twoNc = 1.24816e+06
     twoNw = 1.31725e+06
    twoNec = 131716
    twoNnw = 46553.5
  twoNecnw = 60223.7
  twoNbecnw = 6069.76
  twoNgbecnw = 223019
         m = 0.127299
        m2 = 0.0208842
        m4 = 0.00131405
        m5 = 0.131065
        Tb = 12959.8
        Ta = 44079.9
        Td = 520.506
        Te = 260.253
DiffEv reached_goal. cost=2.26202e-03 spread=2.76194e-06
Fitted parameter values
Free:
       pc1 = -3.14731
       pc2 = -0.703743
       pc3 = 0.0767444
       pc4 = 2.11448
       pc5 = 1.98206
       pc6 = 1.95771
       pc7 = 2.7813
       pc8 = -1.69772
       pc9 = -1.61758
      pc10 = -1.20169
      pc11 = 0.60604
      pc12 = -0.216796
      pc13 = -0.0764567
      pc14 = 0.200862
      pc15 = 0.0471816
      pc16 = 0.0174629
      pc17 = 0.106148
Constrained:
   Tgbecnw = 82087.3
     Tecnw = 24275.7
       Tnw = 17908.1
       Tec = 631.552
     twoNb = 1.86166e+07
     twoNe = 7.53345e+06
     twoNc = 4.49608e+06
     twoNw = 3.27462e+06
    twoNec = 126718
    twoNnw = 27459.1
  twoNecnw = 60169.6
  twoNbecnw = 2685.67
  twoNgbecnw = 239087
         m = 0.117552
        m2 = 0.019745
        m4 = 0.00244972
        m5 = 0.148411
        Tb = 12453.6
        Ta = 43826.8
        Td = 315.776
        Te = 157.888
#       SitePat  BranchLen
              b 115489.9266044
              e 42918.4889428
              c 45022.4572089
              n 42267.7647393
              w 42237.5391465
            b:e 1199.4642278
            b:c 1370.6621223
            b:n 999.6633582
            b:w 998.4062372
            e:c 11498.9554809
            e:n 4431.4239723
            e:w 4461.6495651
            c:n 3915.7336404
            c:w 3909.3132812
            n:w 11770.2038201
          b:e:c 1240.3190891
          b:e:n 567.2557543
          b:e:w 568.5128753
          b:c:n 572.0682459
          b:c:w 570.7263130
          b:n:w 1255.9143457
          e:c:n 4086.8235859
          e:c:w 4093.2439450
          e:n:w 5627.8629795
          c:n:w 4694.4884398
        b:e:c:n 1100.5632085
        b:e:c:w 1101.9051414
        b:e:n:w 1887.4939222
        b:c:n:w 1606.7029143
        e:c:n:w 45745.6219496
