########################################
# legofit: estimate population history #
#       version 2.3.4-4-g53f8760       #
########################################

# Program was compiled: Sep 21 2021 14:36:42
# Program was run: Wed Oct 13 15:09:10 2021

# cmd: legofit -1 -d 0 -t 32 --ptsPerDim 3 --stateOut b1.state --tol 3e-6 -S 5000 efg2.lgo ../../pan.opf
# Stage nOptItr nSimReps
#     0    5000        0
# algorithm          : deterministic
# ignoring probs <=  : 0
# Branch length floor: 0
# DE strategy        : 2
#    F               : 0.3
#    CR              : 0.8
#    tolerance       : 3e-06
# nthreads           : 32
# lgo input file     : efg2.lgo
# site pat input file: ../../pan.opf
# free parameters    : 14
# points in DE swarm : 42
# output state file  : b1.state
# Including singleton site patterns.
# cost function      : KL
Initial parameter values
Fixed:
      zero = 0
       one = 1
    Tbecnw = 75200
Free:
       pc1 = 0
       pc2 = 0
       pc3 = 0
       pc4 = 0
       pc5 = 0
       pc6 = 0
       pc7 = 0
       pc8 = 0
       pc9 = 0
      pc10 = 0
      pc11 = 0
      pc12 = 0
      pc13 = 0
      pc14 = 0
Constrained:
     Tecnw = 58340.7
       Tnw = 6535.6
       Tec = 12758.6
     twoNb = 1.62612e+06
     twoNe = 228115
     twoNc = 226106
     twoNw = 1.10392e+06
    twoNec = 76681
    twoNnw = 139976
  twoNecnw = 16301.5
  twoNbecnw = 85729.8
        m5 = 0.485202
        m6 = 0.361108
        m7 = 0.00263959
        Te = 6379.28
        Tf = 3189.64
        Tg = 1594.82
DiffEv reached_goal. cost=2.33742e-03 spread=2.74811e-06
Fitted parameter values
Free:
       pc1 = 2.69557
       pc2 = -3.97324
       pc3 = -1.6692
       pc4 = 0.616
       pc5 = -0.624498
       pc6 = 1.53113
       pc7 = 0.214867
       pc8 = 0.0238121
       pc9 = -0.018338
      pc10 = 0.0738653
      pc11 = 0.0795466
      pc12 = 0.00651626
      pc13 = -0.00617669
      pc14 = -0.0155515
Constrained:
     Tecnw = 60121.6
       Tnw = 52.0449
       Tec = 27.5395
     twoNb = 2.2217e+06
     twoNe = 696756
     twoNc = 191433
     twoNw = 832747
    twoNec = 121987
    twoNnw = 177139
  twoNecnw = 14151.3
  twoNbecnw = 87906
        m5 = 0.466602
        m6 = 0.334197
        m7 = 0.00522892
        Te = 13.7697
        Tf = 6.88487
        Tg = 3.44243
#       SitePat  BranchLen
              b 147656.3058781
              e 57331.0757836
              c 60369.4316928
              n 54391.6268347
              w 54389.2394259
            b:e 2727.8482515
            b:c 2988.6435851
            b:n 2267.3363489
            b:w 2267.1944648
            e:c 12329.8796090
            e:n 6590.9683344
            e:w 6592.0516081
            c:n 5625.7862679
            c:w 5626.6385887
            n:w 14682.0181455
          b:e:c 2540.7306098
          b:e:n 1328.9624058
          b:e:w 1328.9739401
          b:c:n 1328.3481395
          b:c:w 1328.3365825
          b:n:w 2539.7683952
          e:c:n 5380.9108538
          e:c:w 5381.3626680
          e:n:w 8042.6992439
          c:n:w 6956.8154214
        b:e:c:n 2267.8202654
        b:e:c:w 2267.9621722
        b:e:n:w 2989.6057997
        b:c:n:w 2708.1850893
        e:c:n:w 61435.1703826
