########################################
# legofit: estimate population history #
#       version 2.3.4-4-g53f8760       #
########################################

# Program was compiled: Sep 21 2021 14:36:42
# Program was run: Wed Oct 13 15:09:31 2021

# cmd: legofit -1 -d 0 -t 32 --ptsPerDim 3 --stateOut b1boot15.state --tol 3e-6 -S 5000 efg2.lgo ../../boot/boot15.opf
# Stage nOptItr nSimReps
#     0    5000        0
# algorithm          : deterministic
# ignoring probs <=  : 0
# Branch length floor: 0
# DE strategy        : 2
#    F               : 0.3
#    CR              : 0.8
#    tolerance       : 3e-06
# nthreads           : 32
# lgo input file     : efg2.lgo
# site pat input file: ../../boot/boot15.opf
# free parameters    : 14
# points in DE swarm : 42
# output state file  : b1boot15.state
# Including singleton site patterns.
# cost function      : KL
Initial parameter values
Fixed:
      zero = 0
       one = 1
    Tbecnw = 75200
Free:
       pc1 = 0
       pc2 = 0
       pc3 = 0
       pc4 = 0
       pc5 = 0
       pc6 = 0
       pc7 = 0
       pc8 = 0
       pc9 = 0
      pc10 = 0
      pc11 = 0
      pc12 = 0
      pc13 = 0
      pc14 = 0
Constrained:
     Tecnw = 58340.7
       Tnw = 6535.6
       Tec = 12758.6
     twoNb = 1.62612e+06
     twoNe = 228115
     twoNc = 226106
     twoNw = 1.10392e+06
    twoNec = 76681
    twoNnw = 139976
  twoNecnw = 16301.5
  twoNbecnw = 85729.8
        m5 = 0.485202
        m6 = 0.361108
        m7 = 0.00263959
        Te = 6379.28
        Tf = 3189.64
        Tg = 1594.82
DiffEv reached_goal. cost=2.32333e-03 spread=2.95820e-06
Fitted parameter values
Free:
       pc1 = 2.54556
       pc2 = -3.96845
       pc3 = -1.68679
       pc4 = -0.568321
       pc5 = 1.10277
       pc6 = 1.06823
       pc7 = 0.682355
       pc8 = 0.252366
       pc9 = -0.0229556
      pc10 = 0.0651099
      pc11 = 0.0127459
      pc12 = -0.042021
      pc13 = -0.0424777
      pc14 = -0.0185039
Constrained:
     Tecnw = 60059.9
       Tnw = 27.2198
       Tec = 0.637662
     twoNb = 2.5158e+06
     twoNe = 142261
     twoNc = 350577
     twoNw = 968605
    twoNec = 121052
    twoNnw = 177795
  twoNecnw = 14183.5
  twoNbecnw = 87698.3
        m5 = 0.469399
        m6 = 0.332757
        m7 = 0.00577882
        Te = 0.318831
        Tf = 0.159415
        Tg = 0.0797077
#       SitePat  BranchLen
              b 147498.7935446
              e 57244.9735943
              c 60341.4491689
              n 54382.4476424
              w 54381.0999422
            b:e 2719.3536028
            b:c 2978.5651351
            b:n 2261.2152306
            b:w 2261.1354213
            e:c 12321.5264919
            e:n 6596.1036743
            e:w 6596.7825553
            c:n 5606.3277486
            c:w 5606.7429664
            n:w 14636.7325734
          b:e:c 2529.5158059
          b:e:n 1324.8321665
          b:e:w 1324.8453029
          b:c:n 1324.2350459
          b:c:w 1324.2218982
          b:n:w 2528.5784487
          e:c:n 5373.8535368
          e:c:w 5374.1071383
          e:n:w 8028.5418754
          c:n:w 6933.2367597
        b:e:c:n 2261.7456782
        b:e:c:w 2261.8254989
        b:e:n:w 2979.5024922
        b:c:n:w 2700.1565410
        e:c:n:w 61341.0123991
