########################################
# legofit: estimate population history #
#       version 2.3.4-4-g53f8760       #
########################################

# Program was compiled: Sep 21 2021 14:36:42
# Program was run: Wed Oct 13 15:09:26 2021

# cmd: legofit -1 -d 0 -t 32 --ptsPerDim 3 --stateOut b1boot9.state --tol 3e-6 -S 5000 efg2.lgo ../../boot/boot9.opf
# Stage nOptItr nSimReps
#     0    5000        0
# algorithm          : deterministic
# ignoring probs <=  : 0
# Branch length floor: 0
# DE strategy        : 2
#    F               : 0.3
#    CR              : 0.8
#    tolerance       : 3e-06
# nthreads           : 32
# lgo input file     : efg2.lgo
# site pat input file: ../../boot/boot9.opf
# free parameters    : 14
# points in DE swarm : 42
# output state file  : b1boot9.state
# Including singleton site patterns.
# cost function      : KL
Initial parameter values
Fixed:
      zero = 0
       one = 1
    Tbecnw = 75200
Free:
       pc1 = 0
       pc2 = 0
       pc3 = 0
       pc4 = 0
       pc5 = 0
       pc6 = 0
       pc7 = 0
       pc8 = 0
       pc9 = 0
      pc10 = 0
      pc11 = 0
      pc12 = 0
      pc13 = 0
      pc14 = 0
Constrained:
     Tecnw = 58340.7
       Tnw = 6535.6
       Tec = 12758.6
     twoNb = 1.62612e+06
     twoNe = 228115
     twoNc = 226106
     twoNw = 1.10392e+06
    twoNec = 76681
    twoNnw = 139976
  twoNecnw = 16301.5
  twoNbecnw = 85729.8
        m5 = 0.485202
        m6 = 0.361108
        m7 = 0.00263959
        Te = 6379.28
        Tf = 3189.64
        Tg = 1594.82
DiffEv reached_goal. cost=2.34775e-03 spread=2.79795e-06
Fitted parameter values
Free:
       pc1 = 2.44319
       pc2 = -3.99902
       pc3 = -1.42901
       pc4 = -0.611661
       pc5 = 1.7256
       pc6 = 1.468
       pc7 = 0.74942
       pc8 = 0.231981
       pc9 = 0.0430884
      pc10 = 0.0548091
      pc11 = 0.00751097
      pc12 = 0.0223289
      pc13 = -0.0414865
      pc14 = -0.0361527
Constrained:
     Tecnw = 60074.7
       Tnw = 35.1987
       Tec = 22.129
     twoNb = 2.33426e+06
     twoNe = 11258.5
     twoNc = 316049
     twoNw = 1.11467e+06
    twoNec = 121231
    twoNnw = 177703
  twoNecnw = 14198.3
  twoNbecnw = 87647.2
        m5 = 0.468385
        m6 = 0.332239
        m7 = 0.006436
        Te = 11.0645
        Tf = 5.53226
        Tg = 2.76613
#       SitePat  BranchLen
              b 147406.3728428
              e 57326.0916961
              c 60377.0528242
              n 54411.1110388
              w 54409.9661004
            b:e 2740.5476848
            b:c 2982.7306293
            b:n 2264.2566808
            b:w 2264.1887541
            e:c 12330.9337227
            e:n 6590.3811232
            e:w 6590.8897291
            c:n 5609.2621404
            c:w 5609.6820031
            n:w 14661.6529579
          b:e:c 2535.7749219
          b:e:n 1326.6741939
          b:e:w 1326.6786170
          b:c:n 1325.9459738
          b:c:w 1325.9415378
          b:n:w 2534.6489834
          e:c:n 5374.2009895
          e:c:w 5374.4174594
          e:n:w 8028.9408895
          c:n:w 6965.9015154
        b:e:c:n 2264.9213973
        b:e:c:w 2264.9893370
        b:e:n:w 2983.8565678
        b:c:n:w 2717.5438774
        e:c:n:w 61205.7736699
