########################################
# legofit: estimate population history #
#       version 2.3.4-4-g53f8760       #
########################################

# Program was compiled: Sep 21 2021 14:36:42
# Program was run: Wed Oct 13 15:09:50 2021

# cmd: legofit -1 -d 0 -t 32 --ptsPerDim 3 --stateOut b1boot32.state --tol 3e-6 -S 5000 efg2.lgo ../../boot/boot32.opf
# Stage nOptItr nSimReps
#     0    5000        0
# algorithm          : deterministic
# ignoring probs <=  : 0
# Branch length floor: 0
# DE strategy        : 2
#    F               : 0.3
#    CR              : 0.8
#    tolerance       : 3e-06
# nthreads           : 32
# lgo input file     : efg2.lgo
# site pat input file: ../../boot/boot32.opf
# free parameters    : 14
# points in DE swarm : 42
# output state file  : b1boot32.state
# Including singleton site patterns.
# cost function      : KL
Initial parameter values
Fixed:
      zero = 0
       one = 1
    Tbecnw = 75200
Free:
       pc1 = 0
       pc2 = 0
       pc3 = 0
       pc4 = 0
       pc5 = 0
       pc6 = 0
       pc7 = 0
       pc8 = 0
       pc9 = 0
      pc10 = 0
      pc11 = 0
      pc12 = 0
      pc13 = 0
      pc14 = 0
Constrained:
     Tecnw = 58340.7
       Tnw = 6535.6
       Tec = 12758.6
     twoNb = 1.62612e+06
     twoNe = 228115
     twoNc = 226106
     twoNw = 1.10392e+06
    twoNec = 76681
    twoNnw = 139976
  twoNecnw = 16301.5
  twoNbecnw = 85729.8
        m5 = 0.485202
        m6 = 0.361108
        m7 = 0.00263959
        Te = 6379.28
        Tf = 3189.64
        Tg = 1594.82
DiffEv reached_goal. cost=2.37890e-03 spread=2.68683e-06
Fitted parameter values
Free:
       pc1 = 2.53406
       pc2 = -3.94183
       pc3 = -1.84831
       pc4 = -1.6991
       pc5 = 1.09838
       pc6 = 1.19265
       pc7 = -0.0186393
       pc8 = -0.0675493
       pc9 = -0.144729
      pc10 = 0.102393
      pc11 = 0.0735452
      pc12 = -0.0753449
      pc13 = -0.0112328
      pc14 = 0.00509541
Constrained:
     Tecnw = 60047.6
       Tnw = 26.4565
       Tec = 29.6284
     twoNb = 2.12521e+06
     twoNe = 96052.4
     twoNc = 620770
     twoNw = 949503
    twoNec = 121983
    twoNnw = 177691
  twoNecnw = 14154.9
  twoNbecnw = 88098.9
        m5 = 0.470169
        m6 = 0.333311
        m7 = 0.0057339
        Te = 14.8142
        Tf = 7.40711
        Tg = 3.70355
#       SitePat  BranchLen
              b 147872.5764853
              e 57272.5837492
              c 60379.4506037
              n 54355.5858407
              w 54354.8355958
            b:e 2729.0355585
            b:c 2987.0454184
            b:n 2262.5565741
            b:w 2262.5119820
            e:c 12268.0602458
            e:n 6609.0764559
            e:w 6609.3456093
            c:n 5617.6403100
            c:w 5617.9782004
            n:w 14628.3947597
          b:e:c 2528.0985625
          b:e:n 1328.5396335
          b:e:w 1328.5361988
          b:c:n 1327.8203765
          b:c:w 1327.8238017
          b:n:w 2526.9992001
          e:c:n 5379.2256349
          e:c:w 5379.3688360
          e:n:w 8051.8008295
          c:n:w 6952.8375720
        b:e:c:n 2263.2278043
        b:e:c:w 2263.2724060
        b:e:n:w 2988.1447807
        b:c:n:w 2706.4665329
        e:c:n:w 61704.3390104
