########################################
# legofit: estimate population history #
#       version 2.3.4-4-g53f8760       #
########################################

# Program was compiled: Sep 21 2021 14:36:42
# Program was run: Wed Oct 13 15:09:44 2021

# cmd: legofit -1 -d 0 -t 32 --ptsPerDim 3 --stateOut b1boot24.state --tol 3e-6 -S 5000 efg2.lgo ../../boot/boot24.opf
# Stage nOptItr nSimReps
#     0    5000        0
# algorithm          : deterministic
# ignoring probs <=  : 0
# Branch length floor: 0
# DE strategy        : 2
#    F               : 0.3
#    CR              : 0.8
#    tolerance       : 3e-06
# nthreads           : 32
# lgo input file     : efg2.lgo
# site pat input file: ../../boot/boot24.opf
# free parameters    : 14
# points in DE swarm : 42
# output state file  : b1boot24.state
# Including singleton site patterns.
# cost function      : KL
Initial parameter values
Fixed:
      zero = 0
       one = 1
    Tbecnw = 75200
Free:
       pc1 = 0
       pc2 = 0
       pc3 = 0
       pc4 = 0
       pc5 = 0
       pc6 = 0
       pc7 = 0
       pc8 = 0
       pc9 = 0
      pc10 = 0
      pc11 = 0
      pc12 = 0
      pc13 = 0
      pc14 = 0
Constrained:
     Tecnw = 58340.7
       Tnw = 6535.6
       Tec = 12758.6
     twoNb = 1.62612e+06
     twoNe = 228115
     twoNc = 226106
     twoNw = 1.10392e+06
    twoNec = 76681
    twoNnw = 139976
  twoNecnw = 16301.5
  twoNbecnw = 85729.8
        m5 = 0.485202
        m6 = 0.361108
        m7 = 0.00263959
        Te = 6379.28
        Tf = 3189.64
        Tg = 1594.82
DiffEv reached_goal. cost=2.34503e-03 spread=2.89920e-06
Fitted parameter values
Free:
       pc1 = 2.17503
       pc2 = -3.98164
       pc3 = -0.664946
       pc4 = -1.06623
       pc5 = 0.336033
       pc6 = 1.45704
       pc7 = 0.460072
       pc8 = 0.232729
       pc9 = -0.25596
      pc10 = 0.0275186
      pc11 = 0.0626888
      pc12 = -0.179534
      pc13 = -0.0778439
      pc14 = -0.00710166
Constrained:
     Tecnw = 60446.3
       Tnw = 69.0395
       Tec = 98.7478
     twoNb = 1.72103e+06
     twoNe = 151346
     twoNc = 323633
     twoNw = 992063
    twoNec = 118577
    twoNnw = 178914
  twoNecnw = 13853
  twoNbecnw = 88085
        m5 = 0.475792
        m6 = 0.339814
        m7 = 0.00470669
        Te = 49.3739
        Tf = 24.6869
        Tg = 12.3435
#       SitePat  BranchLen
              b 147824.6257532
              e 57282.0581822
              c 60433.9589862
              n 54547.6544172
              w 54546.1667417
            b:e 2712.6826100
            b:c 2991.1130076
            b:n 2276.5243126
            b:w 2276.4355621
            e:c 12332.2468906
            e:n 6646.3940974
            e:w 6646.7850712
            c:n 5650.1467019
            c:w 5650.9568369
            n:w 14580.7991653
          b:e:c 2534.0294833
          b:e:n 1334.8052339
          b:e:w 1334.7842603
          b:c:n 1334.0576921
          b:c:w 1334.0786437
          b:n:w 2532.9178388
          e:c:n 5392.6135661
          e:c:w 5392.9001328
          e:n:w 8035.2151666
          c:n:w 6900.7313233
        b:e:c:n 2277.1621303
        b:e:c:w 2277.2509029
        b:e:n:w 2992.2246521
        b:c:n:w 2689.9060820
        e:c:n:w 61531.4457853
