########################################
# legofit: estimate population history #
#       version 2.3.4-4-g53f8760       #
########################################

# Program was compiled: Sep 21 2021 14:36:42
# Program was run: Wed Oct 13 15:09:44 2021

# cmd: legofit -1 -d 0 -t 32 --ptsPerDim 3 --stateOut b1boot25.state --tol 3e-6 -S 5000 efg2.lgo ../../boot/boot25.opf
# Stage nOptItr nSimReps
#     0    5000        0
# algorithm          : deterministic
# ignoring probs <=  : 0
# Branch length floor: 0
# DE strategy        : 2
#    F               : 0.3
#    CR              : 0.8
#    tolerance       : 3e-06
# nthreads           : 32
# lgo input file     : efg2.lgo
# site pat input file: ../../boot/boot25.opf
# free parameters    : 14
# points in DE swarm : 42
# output state file  : b1boot25.state
# Including singleton site patterns.
# cost function      : KL
Initial parameter values
Fixed:
      zero = 0
       one = 1
    Tbecnw = 75200
Free:
       pc1 = 0
       pc2 = 0
       pc3 = 0
       pc4 = 0
       pc5 = 0
       pc6 = 0
       pc7 = 0
       pc8 = 0
       pc9 = 0
      pc10 = 0
      pc11 = 0
      pc12 = 0
      pc13 = 0
      pc14 = 0
Constrained:
     Tecnw = 58340.7
       Tnw = 6535.6
       Tec = 12758.6
     twoNb = 1.62612e+06
     twoNe = 228115
     twoNc = 226106
     twoNw = 1.10392e+06
    twoNec = 76681
    twoNnw = 139976
  twoNecnw = 16301.5
  twoNbecnw = 85729.8
        m5 = 0.485202
        m6 = 0.361108
        m7 = 0.00263959
        Te = 6379.28
        Tf = 3189.64
        Tg = 1594.82
DiffEv reached_goal. cost=2.34115e-03 spread=2.76933e-06
Fitted parameter values
Free:
       pc1 = 2.45796
       pc2 = -3.81033
       pc3 = -1.89465
       pc4 = -1.26803
       pc5 = 1.83776
       pc6 = 1.45127
       pc7 = -0.200753
       pc8 = 0.123663
       pc9 = 0.0220454
      pc10 = 0.0240733
      pc11 = 0.00398141
      pc12 = 0.00708658
      pc13 = -0.0462279
      pc14 = -0.0349089
Constrained:
     Tecnw = 59979.4
       Tnw = 214.985
       Tec = 413.489
     twoNb = 2.18548e+06
     twoNe = 64293.1
     twoNc = 583625
     twoNw = 1.16892e+06
    twoNec = 119439
    twoNnw = 176700
  twoNecnw = 14288.1
  twoNbecnw = 87508.4
        m5 = 0.469979
        m6 = 0.332278
        m7 = 0.00666642
        Te = 206.745
        Tf = 103.372
        Tg = 51.6861
#       SitePat  BranchLen
              b 147291.4707309
              e 57273.2376634
              c 60344.2677026
              n 54371.4677517
              w 54369.3701961
            b:e 2738.7861412
            b:c 2978.5924879
            b:n 2260.0633519
            b:w 2259.9378766
            e:c 12309.2209690
            e:n 6589.6006216
            e:w 6589.4210498
            c:n 5601.1236981
            c:w 5602.9851989
            n:w 14636.3235849
          b:e:c 2531.5528997
          b:e:n 1324.0607057
          b:e:w 1323.9587703
          b:c:n 1323.1512109
          b:c:w 1323.2530950
          b:n:w 2530.3112987
          e:c:n 5372.4026855
          e:c:w 5372.8183121
          e:n:w 8031.9002244
          c:n:w 6964.0163355
        b:e:c:n 2260.7454360
        b:e:c:w 2260.8709626
        b:e:n:w 2979.8340889
        b:c:n:w 2713.4095362
        e:c:n:w 61141.5880624
