########################################
# legofit: estimate population history #
#       version 2.3.4-4-g53f8760       #
########################################

# Program was compiled: Sep 21 2021 14:36:42
# Program was run: Wed Oct 13 15:09:54 2021

# cmd: legofit -1 -d 0 -t 32 --ptsPerDim 3 --stateOut b1boot41.state --tol 3e-6 -S 5000 efg2.lgo ../../boot/boot41.opf
# Stage nOptItr nSimReps
#     0    5000        0
# algorithm          : deterministic
# ignoring probs <=  : 0
# Branch length floor: 0
# DE strategy        : 2
#    F               : 0.3
#    CR              : 0.8
#    tolerance       : 3e-06
# nthreads           : 32
# lgo input file     : efg2.lgo
# site pat input file: ../../boot/boot41.opf
# free parameters    : 14
# points in DE swarm : 42
# output state file  : b1boot41.state
# Including singleton site patterns.
# cost function      : KL
Initial parameter values
Fixed:
      zero = 0
       one = 1
    Tbecnw = 75200
Free:
       pc1 = 0
       pc2 = 0
       pc3 = 0
       pc4 = 0
       pc5 = 0
       pc6 = 0
       pc7 = 0
       pc8 = 0
       pc9 = 0
      pc10 = 0
      pc11 = 0
      pc12 = 0
      pc13 = 0
      pc14 = 0
Constrained:
     Tecnw = 58340.7
       Tnw = 6535.6
       Tec = 12758.6
     twoNb = 1.62612e+06
     twoNe = 228115
     twoNc = 226106
     twoNw = 1.10392e+06
    twoNec = 76681
    twoNnw = 139976
  twoNecnw = 16301.5
  twoNbecnw = 85729.8
        m5 = 0.485202
        m6 = 0.361108
        m7 = 0.00263959
        Te = 6379.28
        Tf = 3189.64
        Tg = 1594.82
DiffEv reached_goal. cost=2.34030e-03 spread=2.94000e-06
Fitted parameter values
Free:
       pc1 = 2.43874
       pc2 = -3.92127
       pc3 = -1.3428
       pc4 = -1.75172
       pc5 = 1.04921
       pc6 = 1.04774
       pc7 = -0.60714
       pc8 = 0.169519
       pc9 = -0.0973488
      pc10 = 0.039151
      pc11 = 0.0586962
      pc12 = 0.0010736
      pc13 = -0.0244744
      pc14 = -0.0536864
Constrained:
     Tecnw = 60354.1
       Tnw = 22.1281
       Tec = 25.9205
     twoNb = 1.92676e+06
     twoNe = 128273
     twoNc = 660940
     twoNw = 1.19378e+06
    twoNec = 120442
    twoNnw = 177370
  twoNecnw = 14012.6
  twoNbecnw = 87742.4
        m5 = 0.470377
        m6 = 0.338865
        m7 = 0.00522944
        Te = 12.9602
        Tf = 6.48011
        Tg = 3.24006
#       SitePat  BranchLen
              b 147449.6160119
              e 57374.5458956
              c 60408.4075992
              n 54442.5011142
              w 54442.0148368
            b:e 2737.4700332
            b:c 2996.2253224
            b:n 2273.6523926
            b:w 2273.6234081
            e:c 12343.7211462
            e:n 6623.5327978
            e:w 6623.6988406
            c:n 5660.4380773
            c:w 5660.6652936
            n:w 14681.5791649
          b:e:c 2543.9562082
          b:e:n 1333.9104530
          b:e:w 1333.9073894
          b:c:n 1333.1853020
          b:c:w 1333.1883592
          b:n:w 2542.8472792
          e:c:n 5383.2350905
          e:c:w 5383.3281088
          e:n:w 8048.5090709
          c:n:w 6965.9129290
        b:e:c:n 2274.3454956
        b:e:c:w 2274.3744865
        b:e:n:w 2997.3342514
        b:c:n:w 2714.8858491
        e:c:n:w 61136.6529743
