########################################
# legofit: estimate population history #
#       version 2.3.4-4-g53f8760       #
########################################

# Program was compiled: Sep 21 2021 14:36:42
# Program was run: Wed Oct 13 15:10:03 2021

# cmd: legofit -1 -d 0 -t 32 --ptsPerDim 3 --stateOut b1boot49.state --tol 3e-6 -S 5000 efg2.lgo ../../boot/boot49.opf
# Stage nOptItr nSimReps
#     0    5000        0
# algorithm          : deterministic
# ignoring probs <=  : 0
# Branch length floor: 0
# DE strategy        : 2
#    F               : 0.3
#    CR              : 0.8
#    tolerance       : 3e-06
# nthreads           : 32
# lgo input file     : efg2.lgo
# site pat input file: ../../boot/boot49.opf
# free parameters    : 14
# points in DE swarm : 42
# output state file  : b1boot49.state
# Including singleton site patterns.
# cost function      : KL
Initial parameter values
Fixed:
      zero = 0
       one = 1
    Tbecnw = 75200
Free:
       pc1 = 0
       pc2 = 0
       pc3 = 0
       pc4 = 0
       pc5 = 0
       pc6 = 0
       pc7 = 0
       pc8 = 0
       pc9 = 0
      pc10 = 0
      pc11 = 0
      pc12 = 0
      pc13 = 0
      pc14 = 0
Constrained:
     Tecnw = 58340.7
       Tnw = 6535.6
       Tec = 12758.6
     twoNb = 1.62612e+06
     twoNe = 228115
     twoNc = 226106
     twoNw = 1.10392e+06
    twoNec = 76681
    twoNnw = 139976
  twoNecnw = 16301.5
  twoNbecnw = 85729.8
        m5 = 0.485202
        m6 = 0.361108
        m7 = 0.00263959
        Te = 6379.28
        Tf = 3189.64
        Tg = 1594.82
DiffEv reached_goal. cost=2.34939e-03 spread=2.84620e-06
Fitted parameter values
Free:
       pc1 = 2.32769
       pc2 = -3.99638
       pc3 = -1.63897
       pc4 = -1.66777
       pc5 = 0.744679
       pc6 = 1.22897
       pc7 = -0.0160575
       pc8 = 0.0954946
       pc9 = -0.193101
      pc10 = 0.070701
      pc11 = 0.11673
      pc12 = -0.023414
      pc13 = -0.0206972
      pc14 = -0.0192709
Constrained:
     Tecnw = 60352.2
       Tnw = 48.1799
       Tec = 58.5612
     twoNb = 2.00326e+06
     twoNe = 135878
     twoNc = 582836
     twoNw = 918704
    twoNec = 119612
    twoNnw = 177856
  twoNecnw = 13966.3
  twoNbecnw = 88096.2
        m5 = 0.47226
        m6 = 0.33951
        m7 = 0.00539247
        Te = 29.2806
        Tf = 14.6403
        Tg = 7.32014
#       SitePat  BranchLen
              b 147792.6804512
              e 57352.8407361
              c 60396.5940541
              n 54469.6261533
              w 54468.2912175
            b:e 2738.7128958
            b:c 2996.3159293
            b:n 2277.0874200
            b:w 2277.0077402
            e:c 12342.4851134
            e:n 6631.4244296
            e:w 6631.8654045
            c:n 5662.9774911
            c:w 5663.6155654
            n:w 14647.5289033
          b:e:c 2542.7852821
          b:e:n 1335.7895971
          b:e:w 1335.7797189
          b:c:n 1335.0620170
          b:c:w 1335.0718774
          b:n:w 2541.6849064
          e:c:n 5393.4705183
          e:c:w 5393.7264049
          e:n:w 8047.8416515
          c:n:w 6965.8014028
        b:e:c:n 2277.7254421
        b:e:c:w 2277.8051397
        b:e:n:w 2997.4163050
        b:c:n:w 2716.2324016
        e:c:n:w 61477.4884847
