########################################
# legofit: estimate population history #
#       version 2.3.4-4-g53f8760       #
########################################

# Program was compiled: Sep 21 2021 14:36:42
# Program was run: Wed Oct 13 15:09:31 2021

# cmd: legofit -1 -d 0 -t 32 --ptsPerDim 3 --stateOut b1boot14.state --tol 3e-6 -S 5000 efg2.lgo ../../boot/boot14.opf
# Stage nOptItr nSimReps
#     0    5000        0
# algorithm          : deterministic
# ignoring probs <=  : 0
# Branch length floor: 0
# DE strategy        : 2
#    F               : 0.3
#    CR              : 0.8
#    tolerance       : 3e-06
# nthreads           : 32
# lgo input file     : efg2.lgo
# site pat input file: ../../boot/boot14.opf
# free parameters    : 14
# points in DE swarm : 42
# output state file  : b1boot14.state
# Including singleton site patterns.
# cost function      : KL
Initial parameter values
Fixed:
      zero = 0
       one = 1
    Tbecnw = 75200
Free:
       pc1 = 0
       pc2 = 0
       pc3 = 0
       pc4 = 0
       pc5 = 0
       pc6 = 0
       pc7 = 0
       pc8 = 0
       pc9 = 0
      pc10 = 0
      pc11 = 0
      pc12 = 0
      pc13 = 0
      pc14 = 0
Constrained:
     Tecnw = 58340.7
       Tnw = 6535.6
       Tec = 12758.6
     twoNb = 1.62612e+06
     twoNe = 228115
     twoNc = 226106
     twoNw = 1.10392e+06
    twoNec = 76681
    twoNnw = 139976
  twoNecnw = 16301.5
  twoNbecnw = 85729.8
        m5 = 0.485202
        m6 = 0.361108
        m7 = 0.00263959
        Te = 6379.28
        Tf = 3189.64
        Tg = 1594.82
DiffEv reached_goal. cost=2.31486e-03 spread=2.68172e-06
Fitted parameter values
Free:
       pc1 = 2.38898
       pc2 = -3.95948
       pc3 = -0.704151
       pc4 = -0.285402
       pc5 = 0.505544
       pc6 = 1.98795
       pc7 = 0.576217
       pc8 = -0.113045
       pc9 = -0.0158016
      pc10 = 0.101436
      pc11 = 0.0802489
      pc12 = -0.00762382
      pc13 = 0.0192193
      pc14 = -0.0301775
Constrained:
     Tecnw = 60169.3
       Tnw = 112.172
       Tec = 206.977
     twoNb = 1.68743e+06
     twoNe = 254738
     twoNc = 185430
     twoNw = 1.06021e+06
    twoNec = 122830
    twoNnw = 176372
  twoNecnw = 14128.3
  twoNbecnw = 88144.7
        m5 = 0.466763
        m6 = 0.333853
        m7 = 0.00558088
        Te = 103.488
        Tf = 51.7442
        Tg = 25.8721
#       SitePat  BranchLen
              b 147818.8989301
              e 57442.8800513
              c 60490.3066198
              n 54396.5491050
              w 54395.1768553
            b:e 2755.9202945
            b:c 3007.1843006
            b:n 2272.1150659
            b:w 2272.0327389
            e:c 12287.2232747
            e:n 6604.8717753
            e:w 6604.8751589
            c:n 5636.6183309
            c:w 5637.7171724
            n:w 14716.3289948
          b:e:c 2549.0120540
          b:e:n 1334.8090065
          b:e:w 1334.7540718
          b:c:n 1333.8770167
          b:c:w 1333.9319181
          b:n:w 2547.6609649
          e:c:n 5383.8753028
          e:c:w 5384.1453273
          e:n:w 8081.6425191
          c:n:w 7000.2691884
        b:e:c:n 2272.9097939
        b:e:c:w 2272.9921543
        b:e:n:w 3008.5353896
        b:c:n:w 2728.3837202
        e:c:n:w 61524.5712458
