########################################
# legofit: estimate population history #
#       version 2.3.4-4-g53f8760       #
########################################

# Program was compiled: Sep 21 2021 14:36:42
# Program was run: Wed Oct 13 15:09:20 2021

# cmd: legofit -1 -d 0 -t 32 --ptsPerDim 3 --stateOut b1boot2.state --tol 3e-6 -S 5000 efg2.lgo ../../boot/boot2.opf
# Stage nOptItr nSimReps
#     0    5000        0
# algorithm          : deterministic
# ignoring probs <=  : 0
# Branch length floor: 0
# DE strategy        : 2
#    F               : 0.3
#    CR              : 0.8
#    tolerance       : 3e-06
# nthreads           : 32
# lgo input file     : efg2.lgo
# site pat input file: ../../boot/boot2.opf
# free parameters    : 14
# points in DE swarm : 42
# output state file  : b1boot2.state
# Including singleton site patterns.
# cost function      : KL
Initial parameter values
Fixed:
      zero = 0
       one = 1
    Tbecnw = 75200
Free:
       pc1 = 0
       pc2 = 0
       pc3 = 0
       pc4 = 0
       pc5 = 0
       pc6 = 0
       pc7 = 0
       pc8 = 0
       pc9 = 0
      pc10 = 0
      pc11 = 0
      pc12 = 0
      pc13 = 0
      pc14 = 0
Constrained:
     Tecnw = 58340.7
       Tnw = 6535.6
       Tec = 12758.6
     twoNb = 1.62612e+06
     twoNe = 228115
     twoNc = 226106
     twoNw = 1.10392e+06
    twoNec = 76681
    twoNnw = 139976
  twoNecnw = 16301.5
  twoNbecnw = 85729.8
        m5 = 0.485202
        m6 = 0.361108
        m7 = 0.00263959
        Te = 6379.28
        Tf = 3189.64
        Tg = 1594.82
DiffEv reached_goal. cost=2.34990e-03 spread=1.46298e-06
Fitted parameter values
Free:
       pc1 = 2.74478
       pc2 = -3.88693
       pc3 = -1.8333
       pc4 = -0.593177
       pc5 = 1.21367
       pc6 = 0.986937
       pc7 = 0.143976
       pc8 = 0.0716727
       pc9 = -0.121794
      pc10 = 0.107483
      pc11 = 0.0642836
      pc12 = 0.0780658
      pc13 = -0.0380073
      pc14 = -0.0237237
Constrained:
     Tecnw = 59784.8
       Tnw = 29.4978
       Tec = 44.1647
     twoNb = 2.51667e+06
     twoNe = 213864
     twoNc = 451055
     twoNw = 1.09241e+06
    twoNec = 122663
    twoNnw = 178405
  twoNecnw = 14487.2
  twoNbecnw = 87696.3
        m5 = 0.466122
        m6 = 0.333798
        m7 = 0.00589733
        Te = 22.0824
        Tf = 11.0412
        Tg = 5.52059
#       SitePat  BranchLen
              b 147417.6764484
              e 57339.7394405
              c 60302.5791843
              n 54389.2385735
              w 54388.7084211
            b:e 2742.3777318
            b:c 2985.3730328
            b:n 2273.6627316
            b:w 2273.6310398
            e:c 12281.8918322
            e:n 6590.4147553
            e:w 6590.5388233
            c:n 5640.5299095
            c:w 5640.8335890
            n:w 14621.3780628
          b:e:c 2535.0787661
          b:e:n 1334.2471335
          b:e:w 1334.2381314
          b:c:n 1333.6118155
          b:c:w 1333.6208106
          b:n:w 2534.1204312
          e:c:n 5406.3167757
          e:c:w 5406.4191806
          e:n:w 8030.6923946
          c:n:w 6989.2258345
        b:e:c:n 2274.2573557
        b:e:c:w 2274.2890546
        b:e:n:w 2986.3313677
        b:c:n:w 2722.8056018
        e:c:n:w 61228.4887096
