########################################
# legofit: estimate population history #
#       version 2.3.4-4-g53f8760       #
########################################

# Program was compiled: Sep 21 2021 14:36:42
# Program was run: Wed Oct 13 15:09:51 2021

# cmd: legofit -1 -d 0 -t 32 --ptsPerDim 3 --stateOut b1boot34.state --tol 3e-6 -S 5000 efg2.lgo ../../boot/boot34.opf
# Stage nOptItr nSimReps
#     0    5000        0
# algorithm          : deterministic
# ignoring probs <=  : 0
# Branch length floor: 0
# DE strategy        : 2
#    F               : 0.3
#    CR              : 0.8
#    tolerance       : 3e-06
# nthreads           : 32
# lgo input file     : efg2.lgo
# site pat input file: ../../boot/boot34.opf
# free parameters    : 14
# points in DE swarm : 42
# output state file  : b1boot34.state
# Including singleton site patterns.
# cost function      : KL
Initial parameter values
Fixed:
      zero = 0
       one = 1
    Tbecnw = 75200
Free:
       pc1 = 0
       pc2 = 0
       pc3 = 0
       pc4 = 0
       pc5 = 0
       pc6 = 0
       pc7 = 0
       pc8 = 0
       pc9 = 0
      pc10 = 0
      pc11 = 0
      pc12 = 0
      pc13 = 0
      pc14 = 0
Constrained:
     Tecnw = 58340.7
       Tnw = 6535.6
       Tec = 12758.6
     twoNb = 1.62612e+06
     twoNe = 228115
     twoNc = 226106
     twoNw = 1.10392e+06
    twoNec = 76681
    twoNnw = 139976
  twoNecnw = 16301.5
  twoNbecnw = 85729.8
        m5 = 0.485202
        m6 = 0.361108
        m7 = 0.00263959
        Te = 6379.28
        Tf = 3189.64
        Tg = 1594.82
DiffEv reached_goal. cost=2.32161e-03 spread=2.99391e-06
Fitted parameter values
Free:
       pc1 = 2.48007
       pc2 = -3.89982
       pc3 = -1.22654
       pc4 = 0.288938
       pc5 = 1.52337
       pc6 = 1.71148
       pc7 = 0.528829
       pc8 = 0.12729
       pc9 = -0.0457281
      pc10 = 0.0709311
      pc11 = 0.0513102
      pc12 = -0.0109299
      pc13 = 0.000952164
      pc14 = -0.0155552
Constrained:
     Tecnw = 59748.2
       Tnw = 99.0669
       Tec = 181.984
     twoNb = 2.26887e+06
     twoNe = 204539
     twoNc = 184379
     twoNw = 1.26704e+06
    twoNec = 121045
    twoNnw = 176748
  twoNecnw = 14471.5
  twoNbecnw = 87574.7
        m5 = 0.469433
        m6 = 0.332675
        m7 = 0.00658102
        Te = 90.9918
        Tf = 45.4959
        Tg = 22.748
#       SitePat  BranchLen
              b 147376.8672148
              e 57191.1925152
              c 60237.6904242
              n 54233.3462346
              w 54232.3249473
            b:e 2738.0351543
            b:c 2976.3013818
            b:n 2256.1059298
            b:w 2256.0449376
            e:c 12262.8521696
            e:n 6595.6915050
            e:w 6595.7035750
            c:n 5615.7607783
            c:w 5616.5688795
            n:w 14623.5828825
          b:e:c 2522.4111470
          b:e:n 1324.4646968
          b:e:w 1324.4249663
          b:c:n 1323.6570113
          b:c:w 1323.6967202
          b:n:w 2521.2317589
          e:c:n 5379.4163727
          e:c:w 5379.6174888
          e:n:w 8044.1083400
          c:n:w 6983.5659477
        b:e:c:n 2256.8128926
        b:e:c:w 2256.8739064
        b:e:n:w 2977.4807699
        b:c:n:w 2713.8603796
        e:c:n:w 61299.1833675
