########################################
# legofit: estimate population history #
#       version 2.3.4-4-g53f8760       #
########################################

# Program was compiled: Sep 21 2021 14:36:42
# Program was run: Wed Oct 13 15:09:37 2021

# cmd: legofit -1 -d 0 -t 32 --ptsPerDim 3 --stateOut b1boot18.state --tol 3e-6 -S 5000 efg2.lgo ../../boot/boot18.opf
# Stage nOptItr nSimReps
#     0    5000        0
# algorithm          : deterministic
# ignoring probs <=  : 0
# Branch length floor: 0
# DE strategy        : 2
#    F               : 0.3
#    CR              : 0.8
#    tolerance       : 3e-06
# nthreads           : 32
# lgo input file     : efg2.lgo
# site pat input file: ../../boot/boot18.opf
# free parameters    : 14
# points in DE swarm : 42
# output state file  : b1boot18.state
# Including singleton site patterns.
# cost function      : KL
Initial parameter values
Fixed:
      zero = 0
       one = 1
    Tbecnw = 75200
Free:
       pc1 = 0
       pc2 = 0
       pc3 = 0
       pc4 = 0
       pc5 = 0
       pc6 = 0
       pc7 = 0
       pc8 = 0
       pc9 = 0
      pc10 = 0
      pc11 = 0
      pc12 = 0
      pc13 = 0
      pc14 = 0
Constrained:
     Tecnw = 58340.7
       Tnw = 6535.6
       Tec = 12758.6
     twoNb = 1.62612e+06
     twoNe = 228115
     twoNc = 226106
     twoNw = 1.10392e+06
    twoNec = 76681
    twoNnw = 139976
  twoNecnw = 16301.5
  twoNbecnw = 85729.8
        m5 = 0.485202
        m6 = 0.361108
        m7 = 0.00263959
        Te = 6379.28
        Tf = 3189.64
        Tg = 1594.82
DiffEv reached_goal. cost=2.36533e-03 spread=2.79770e-06
Fitted parameter values
Free:
       pc1 = 2.42196
       pc2 = -3.92511
       pc3 = -1.67759
       pc4 = -0.361739
       pc5 = 0.399286
       pc6 = 1.64518
       pc7 = 1.27675
       pc8 = 0.183468
       pc9 = -0.0923128
      pc10 = 0.125066
      pc11 = 0.104432
      pc12 = 0.0289214
      pc13 = -0.0243718
      pc14 = -0.00610082
Constrained:
     Tecnw = 60126.9
       Tnw = 53.5692
       Tec = 67.7114
     twoNb = 2.2577e+06
     twoNe = 220599
     twoNc = 202076
     twoNw = 644225
    twoNec = 121183
    twoNnw = 178134
  twoNecnw = 14142.3
  twoNbecnw = 88005.8
        m5 = 0.469133
        m6 = 0.335727
        m7 = 0.00580641
        Te = 33.8557
        Tf = 16.9279
        Tg = 8.46393
#       SitePat  BranchLen
              b 147726.0992683
              e 57366.3356996
              c 60381.5656343
              n 54451.4036504
              w 54449.3861775
            b:e 2740.5230832
            b:c 2989.1769446
            b:n 2272.8696313
            b:w 2272.7493260
            e:c 12310.5087303
            e:n 6604.2382403
            e:w 6604.8799198
            c:n 5639.4883208
            c:w 5640.4775870
            n:w 14634.9443231
          b:e:c 2538.1254059
          b:e:n 1333.1609290
          b:e:w 1333.1435264
          b:c:n 1332.4577062
          b:c:w 1332.4750827
          b:n:w 2537.0741447
          e:c:n 5392.0285023
          e:c:w 5392.4150294
          e:n:w 8034.3807672
          c:n:w 6972.2314814
        b:e:c:n 2273.4351462
        b:e:c:w 2273.5554776
        b:e:n:w 2990.2282058
        b:c:n:w 2719.0176142
        e:c:n:w 61477.1328290
