########################################
# legofit: estimate population history #
#       version 2.3.4-4-g53f8760       #
########################################

# Program was compiled: Sep 21 2021 14:36:42
# Program was run: Wed Oct 13 15:09:54 2021

# cmd: legofit -1 -d 0 -t 32 --ptsPerDim 3 --stateOut b1boot39.state --tol 3e-6 -S 5000 efg2.lgo ../../boot/boot39.opf
# Stage nOptItr nSimReps
#     0    5000        0
# algorithm          : deterministic
# ignoring probs <=  : 0
# Branch length floor: 0
# DE strategy        : 2
#    F               : 0.3
#    CR              : 0.8
#    tolerance       : 3e-06
# nthreads           : 32
# lgo input file     : efg2.lgo
# site pat input file: ../../boot/boot39.opf
# free parameters    : 14
# points in DE swarm : 42
# output state file  : b1boot39.state
# Including singleton site patterns.
# cost function      : KL
Initial parameter values
Fixed:
      zero = 0
       one = 1
    Tbecnw = 75200
Free:
       pc1 = 0
       pc2 = 0
       pc3 = 0
       pc4 = 0
       pc5 = 0
       pc6 = 0
       pc7 = 0
       pc8 = 0
       pc9 = 0
      pc10 = 0
      pc11 = 0
      pc12 = 0
      pc13 = 0
      pc14 = 0
Constrained:
     Tecnw = 58340.7
       Tnw = 6535.6
       Tec = 12758.6
     twoNb = 1.62612e+06
     twoNe = 228115
     twoNc = 226106
     twoNw = 1.10392e+06
    twoNec = 76681
    twoNnw = 139976
  twoNecnw = 16301.5
  twoNbecnw = 85729.8
        m5 = 0.485202
        m6 = 0.361108
        m7 = 0.00263959
        Te = 6379.28
        Tf = 3189.64
        Tg = 1594.82
DiffEv reached_goal. cost=2.30349e-03 spread=2.96984e-06
Fitted parameter values
Free:
       pc1 = 2.54407
       pc2 = -3.92803
       pc3 = -1.70577
       pc4 = -0.100949
       pc5 = 1.18241
       pc6 = 1.54689
       pc7 = 0.62823
       pc8 = 0.0993113
       pc9 = -0.0639097
      pc10 = 0.0716602
      pc11 = 0.0802872
      pc12 = 0.0550811
      pc13 = -0.0247482
      pc14 = -0.0496379
Constrained:
     Tecnw = 59900
       Tnw = 62.738
       Tec = 100.413
     twoNb = 2.38757e+06
     twoNe = 224505
     twoNc = 273727
     twoNw = 1.02044e+06
    twoNec = 120851
    twoNnw = 177675
  twoNecnw = 14431
  twoNbecnw = 87743.3
        m5 = 0.467854
        m6 = 0.333239
        m7 = 0.00642068
        Te = 50.2063
        Tf = 25.1032
        Tg = 12.5516
#       SitePat  BranchLen
              b 147402.6115391
              e 57334.5934157
              c 60343.4258094
              n 54412.0071787
              w 54410.9216728
            b:e 2758.0688403
            b:c 2998.1028954
            b:n 2280.7193779
            b:w 2280.6542843
            e:c 12359.0501079
            e:n 6606.6276520
            e:w 6606.8279600
            c:n 5639.7561190
            c:w 5640.4305254
            n:w 14678.5363398
          b:e:c 2550.3705266
          b:e:n 1336.3903053
          b:e:w 1336.3664912
          b:c:n 1335.6465436
          b:c:w 1335.6703400
          b:n:w 2549.2661343
          e:c:n 5411.2078351
          e:c:w 5411.4186265
          e:n:w 8057.1538989
          c:n:w 7006.5773716
        b:e:c:n 2281.3742319
        b:e:c:w 2281.4393432
        b:e:n:w 2999.2072878
        b:c:n:w 2735.6262467
        e:c:n:w 61131.4178652
