########################################
# legofit: estimate population history #
#       version 2.3.4-4-g53f8760       #
########################################

# Program was compiled: Sep 21 2021 14:36:42
# Program was run: Wed Oct 13 15:09:38 2021

# cmd: legofit -1 -d 0 -t 32 --ptsPerDim 3 --stateOut b1boot22.state --tol 3e-6 -S 5000 efg2.lgo ../../boot/boot22.opf
# Stage nOptItr nSimReps
#     0    5000        0
# algorithm          : deterministic
# ignoring probs <=  : 0
# Branch length floor: 0
# DE strategy        : 2
#    F               : 0.3
#    CR              : 0.8
#    tolerance       : 3e-06
# nthreads           : 32
# lgo input file     : efg2.lgo
# site pat input file: ../../boot/boot22.opf
# free parameters    : 14
# points in DE swarm : 42
# output state file  : b1boot22.state
# Including singleton site patterns.
# cost function      : KL
Initial parameter values
Fixed:
      zero = 0
       one = 1
    Tbecnw = 75200
Free:
       pc1 = 0
       pc2 = 0
       pc3 = 0
       pc4 = 0
       pc5 = 0
       pc6 = 0
       pc7 = 0
       pc8 = 0
       pc9 = 0
      pc10 = 0
      pc11 = 0
      pc12 = 0
      pc13 = 0
      pc14 = 0
Constrained:
     Tecnw = 58340.7
       Tnw = 6535.6
       Tec = 12758.6
     twoNb = 1.62612e+06
     twoNe = 228115
     twoNc = 226106
     twoNw = 1.10392e+06
    twoNec = 76681
    twoNnw = 139976
  twoNecnw = 16301.5
  twoNbecnw = 85729.8
        m5 = 0.485202
        m6 = 0.361108
        m7 = 0.00263959
        Te = 6379.28
        Tf = 3189.64
        Tg = 1594.82
DiffEv reached_goal. cost=2.32663e-03 spread=2.26422e-06
Fitted parameter values
Free:
       pc1 = 2.46331
       pc2 = -3.97062
       pc3 = -1.75271
       pc4 = -1.94916
       pc5 = 0.227824
       pc6 = 1.40075
       pc7 = 0.632793
       pc8 = -0.251745
       pc9 = -0.182137
      pc10 = 0.177783
      pc11 = 0.157108
      pc12 = 0.0168502
      pc13 = 0.00857319
      pc14 = -0.0187625
Constrained:
     Tecnw = 60288.3
       Tnw = 54.2029
       Tec = 99.4615
     twoNb = 1.90247e+06
     twoNe = 114227
     twoNc = 539616
     twoNw = 571576
    twoNec = 123381
    twoNnw = 177789
  twoNecnw = 14036.5
  twoNbecnw = 88662
        m5 = 0.466893
        m6 = 0.335565
        m7 = 0.00514741
        Te = 49.7308
        Tf = 24.8654
        Tg = 12.4327
#       SitePat  BranchLen
              b 148226.6452175
              e 57560.2140266
              c 60585.0835806
              n 54542.9252545
              w 54541.6668344
            b:e 2765.6210496
            b:c 3025.8748584
            b:n 2292.7389453
            b:w 2292.6630411
            e:c 12311.1943499
            e:n 6625.2860590
            e:w 6625.3007759
            c:n 5666.1143963
            c:w 5667.1104303
            n:w 14715.5140241
          b:e:c 2564.3075485
          b:e:n 1347.1049920
          b:e:w 1347.0555185
          b:c:n 1346.3295276
          b:c:w 1346.3789761
          b:n:w 2563.1925114
          e:c:n 5415.9762775
          e:c:w 5416.2239467
          e:n:w 8095.8869699
          c:n:w 7013.6122323
        b:e:c:n 2293.3890320
        b:e:c:w 2293.4649611
        b:e:n:w 3026.9898955
        b:c:n:w 2742.9552854
        e:c:n:w 61786.6959572
