########################################
# legofit: estimate population history #
#       version 2.3.4-4-g53f8760       #
########################################

# Program was compiled: Sep 21 2021 14:36:42
# Program was run: Wed Oct 13 15:09:20 2021

# cmd: legofit -1 -d 0 -t 32 --ptsPerDim 3 --stateOut b1boot0.state --tol 3e-6 -S 5000 efg2.lgo ../../boot/boot0.opf
# Stage nOptItr nSimReps
#     0    5000        0
# algorithm          : deterministic
# ignoring probs <=  : 0
# Branch length floor: 0
# DE strategy        : 2
#    F               : 0.3
#    CR              : 0.8
#    tolerance       : 3e-06
# nthreads           : 32
# lgo input file     : efg2.lgo
# site pat input file: ../../boot/boot0.opf
# free parameters    : 14
# points in DE swarm : 42
# output state file  : b1boot0.state
# Including singleton site patterns.
# cost function      : KL
Initial parameter values
Fixed:
      zero = 0
       one = 1
    Tbecnw = 75200
Free:
       pc1 = 0
       pc2 = 0
       pc3 = 0
       pc4 = 0
       pc5 = 0
       pc6 = 0
       pc7 = 0
       pc8 = 0
       pc9 = 0
      pc10 = 0
      pc11 = 0
      pc12 = 0
      pc13 = 0
      pc14 = 0
Constrained:
     Tecnw = 58340.7
       Tnw = 6535.6
       Tec = 12758.6
     twoNb = 1.62612e+06
     twoNe = 228115
     twoNc = 226106
     twoNw = 1.10392e+06
    twoNec = 76681
    twoNnw = 139976
  twoNecnw = 16301.5
  twoNbecnw = 85729.8
        m5 = 0.485202
        m6 = 0.361108
        m7 = 0.00263959
        Te = 6379.28
        Tf = 3189.64
        Tg = 1594.82
DiffEv reached_goal. cost=2.31821e-03 spread=2.72962e-06
Fitted parameter values
Free:
       pc1 = 2.26502
       pc2 = -3.99585
       pc3 = -1.46565
       pc4 = -1.25059
       pc5 = 0.693066
       pc6 = 1.85477
       pc7 = -0.224728
       pc8 = -0.0234148
       pc9 = -0.137641
      pc10 = 0.0371324
      pc11 = 0.0859278
      pc12 = -0.118007
      pc13 = -0.0157059
      pc14 = -0.0263767
Constrained:
     Tecnw = 60338.1
       Tnw = 84.4784
       Tec = 166.06
     twoNb = 1.69294e+06
     twoNe = 241724
     twoNc = 504527
     twoNw = 1.01066e+06
    twoNec = 119338
    twoNnw = 177237
  twoNecnw = 13961.6
  twoNbecnw = 88100.1
        m5 = 0.47408
        m6 = 0.336168
        m7 = 0.00590584
        Te = 83.0302
        Tf = 41.5151
        Tg = 20.7575
#       SitePat  BranchLen
              b 147803.8517117
              e 57307.2124640
              c 60458.6080784
              n 54435.2269413
              w 54434.3282252
            b:e 2744.0870860
            b:c 3000.9776318
            b:n 2271.8088921
            b:w 2271.7549575
            e:c 12330.9319879
            e:n 6640.1405377
            e:w 6640.0099183
            c:n 5636.0053113
            c:w 5636.8553983
            n:w 14661.5830679
          b:e:c 2541.5936036
          b:e:n 1333.0531135
          b:e:w 1333.0040212
          b:c:n 1332.0793072
          b:c:w 1332.1283731
          b:n:w 2540.1717906
          e:c:n 5382.5706726
          e:c:w 5382.7499210
          e:n:w 8072.1948388
          c:n:w 6960.4030120
        b:e:c:n 2272.6796715
        b:e:c:w 2272.7336325
        b:e:n:w 3002.3994448
        b:c:n:w 2715.0443122
        e:c:n:w 61512.0066358
