########################################
# legofit: estimate population history #
#       version 2.3.4-4-g53f8760       #
########################################

# Program was compiled: Sep 21 2021 14:36:42
# Program was run: Wed Oct 13 15:09:31 2021

# cmd: legofit -1 -d 0 -t 32 --ptsPerDim 3 --stateOut b1boot17.state --tol 3e-6 -S 5000 efg2.lgo ../../boot/boot17.opf
# Stage nOptItr nSimReps
#     0    5000        0
# algorithm          : deterministic
# ignoring probs <=  : 0
# Branch length floor: 0
# DE strategy        : 2
#    F               : 0.3
#    CR              : 0.8
#    tolerance       : 3e-06
# nthreads           : 32
# lgo input file     : efg2.lgo
# site pat input file: ../../boot/boot17.opf
# free parameters    : 14
# points in DE swarm : 42
# output state file  : b1boot17.state
# Including singleton site patterns.
# cost function      : KL
Initial parameter values
Fixed:
      zero = 0
       one = 1
    Tbecnw = 75200
Free:
       pc1 = 0
       pc2 = 0
       pc3 = 0
       pc4 = 0
       pc5 = 0
       pc6 = 0
       pc7 = 0
       pc8 = 0
       pc9 = 0
      pc10 = 0
      pc11 = 0
      pc12 = 0
      pc13 = 0
      pc14 = 0
Constrained:
     Tecnw = 58340.7
       Tnw = 6535.6
       Tec = 12758.6
     twoNb = 1.62612e+06
     twoNe = 228115
     twoNc = 226106
     twoNw = 1.10392e+06
    twoNec = 76681
    twoNnw = 139976
  twoNecnw = 16301.5
  twoNbecnw = 85729.8
        m5 = 0.485202
        m6 = 0.361108
        m7 = 0.00263959
        Te = 6379.28
        Tf = 3189.64
        Tg = 1594.82
DiffEv reached_goal. cost=2.35080e-03 spread=2.94994e-06
Fitted parameter values
Free:
       pc1 = 2.72471
       pc2 = -3.93139
       pc3 = -1.79564
       pc4 = -0.24907
       pc5 = 1.29719
       pc6 = 1.80804
       pc7 = -0.643757
       pc8 = -0.158439
       pc9 = -0.0944218
      pc10 = 0.0122046
      pc11 = 0.0535338
      pc12 = 0.00060396
      pc13 = -0.0569735
      pc14 = -0.0460006
Constrained:
     Tecnw = 59761.1
       Tnw = 28.3887
       Tec = 9.8132
     twoNb = 2.07379e+06
     twoNe = 388469
     twoNc = 467014
     twoNw = 1.31038e+06
    twoNec = 121427
    twoNnw = 178541
  twoNecnw = 14528.8
  twoNbecnw = 87707.2
        m5 = 0.467953
        m6 = 0.329972
        m7 = 0.0067955
        Te = 4.9066
        Tf = 2.4533
        Tg = 1.22665
#       SitePat  BranchLen
              b 147378.9981832
              e 57290.8046626
              c 60345.3087389
              n 54426.6583070
              w 54425.7581275
            b:e 2759.0794004
            b:c 2993.8524450
            b:n 2279.5679586
            b:w 2279.5142498
            e:c 12350.3150967
            e:n 6601.6752686
            e:w 6602.1049368
            c:n 5617.6549960
            c:w 5617.9551494
            n:w 14649.4084660
          b:e:c 2545.6238985
          b:e:n 1335.2818555
          b:e:w 1335.2883487
          b:c:n 1334.4135627
          b:c:w 1334.4070581
          b:n:w 2544.2833396
          e:c:n 5414.1075008
          e:c:w 5414.2778586
          e:n:w 8050.1148020
          c:n:w 6994.1600990
        b:e:c:n 2280.3890357
        b:e:c:w 2280.4427559
        b:e:n:w 2995.1930040
        b:c:n:w 2731.7902293
        e:c:n:w 61153.4269003
