########################################
# legofit: estimate population history #
#       version 2.3.4-4-g53f8760       #
########################################

# Program was compiled: Sep 21 2021 14:36:42
# Program was run: Wed Oct 13 15:09:26 2021

# cmd: legofit -1 -d 0 -t 32 --ptsPerDim 3 --stateOut b1boot7.state --tol 3e-6 -S 5000 efg2.lgo ../../boot/boot7.opf
# Stage nOptItr nSimReps
#     0    5000        0
# algorithm          : deterministic
# ignoring probs <=  : 0
# Branch length floor: 0
# DE strategy        : 2
#    F               : 0.3
#    CR              : 0.8
#    tolerance       : 3e-06
# nthreads           : 32
# lgo input file     : efg2.lgo
# site pat input file: ../../boot/boot7.opf
# free parameters    : 14
# points in DE swarm : 42
# output state file  : b1boot7.state
# Including singleton site patterns.
# cost function      : KL
Initial parameter values
Fixed:
      zero = 0
       one = 1
    Tbecnw = 75200
Free:
       pc1 = 0
       pc2 = 0
       pc3 = 0
       pc4 = 0
       pc5 = 0
       pc6 = 0
       pc7 = 0
       pc8 = 0
       pc9 = 0
      pc10 = 0
      pc11 = 0
      pc12 = 0
      pc13 = 0
      pc14 = 0
Constrained:
     Tecnw = 58340.7
       Tnw = 6535.6
       Tec = 12758.6
     twoNb = 1.62612e+06
     twoNe = 228115
     twoNc = 226106
     twoNw = 1.10392e+06
    twoNec = 76681
    twoNnw = 139976
  twoNecnw = 16301.5
  twoNbecnw = 85729.8
        m5 = 0.485202
        m6 = 0.361108
        m7 = 0.00263959
        Te = 6379.28
        Tf = 3189.64
        Tg = 1594.82
DiffEv reached_goal. cost=2.35373e-03 spread=2.44852e-06
Fitted parameter values
Free:
       pc1 = 2.54403
       pc2 = -3.99116
       pc3 = -0.769428
       pc4 = -0.207741
       pc5 = 1.38093
       pc6 = 1.83232
       pc7 = 0.313372
       pc8 = -0.190275
       pc9 = -0.195241
      pc10 = 0.0816355
      pc11 = 0.0899341
      pc12 = 0.0214511
      pc13 = -0.0335674
      pc14 = 0.0161819
Constrained:
     Tecnw = 59727.4
       Tnw = 26.823
       Tec = 51.591
     twoNb = 1.89365e+06
     twoNe = 164001
     twoNc = 242005
     twoNw = 1.33487e+06
    twoNec = 122926
    twoNnw = 178915
  twoNecnw = 14456.4
  twoNbecnw = 88068.5
        m5 = 0.466661
        m6 = 0.332982
        m7 = 0.00615612
        Te = 25.7955
        Tf = 12.8978
        Tg = 6.44888
#       SitePat  BranchLen
              b 147799.2641121
              e 57320.5468063
              c 60292.4083120
              n 54386.1379221
              w 54385.9077512
            b:e 2748.5826693
            b:c 2981.1324956
            b:n 2271.4838707
            b:w 2271.4700635
            e:c 12250.2712432
            e:n 6586.4856748
            e:w 6586.4657673
            c:n 5632.2840378
            c:w 5632.4885091
            n:w 14585.9215660
          b:e:c 2529.0883383
          b:e:n 1333.7393344
          b:e:w 1333.7280953
          b:c:n 1332.8640753
          b:c:w 1332.8753084
          b:n:w 2527.7677615
          e:c:n 5408.2834245
          e:c:w 5408.3290315
          e:n:w 8024.9519330
          c:n:w 6991.4458271
        b:e:c:n 2272.3340835
        b:e:c:w 2272.3478967
        b:e:n:w 2982.4530724
        b:c:n:w 2721.4547874
        e:c:n:w 61652.9785940
