########################################
# legofit: estimate population history #
#       version 2.3.4-4-g53f8760       #
########################################

# Program was compiled: Sep 21 2021 14:36:42
# Program was run: Wed Oct 13 15:09:21 2021

# cmd: legofit -1 -d 0 -t 32 --ptsPerDim 3 --stateOut b1boot4.state --tol 3e-6 -S 5000 efg2.lgo ../../boot/boot4.opf
# Stage nOptItr nSimReps
#     0    5000        0
# algorithm          : deterministic
# ignoring probs <=  : 0
# Branch length floor: 0
# DE strategy        : 2
#    F               : 0.3
#    CR              : 0.8
#    tolerance       : 3e-06
# nthreads           : 32
# lgo input file     : efg2.lgo
# site pat input file: ../../boot/boot4.opf
# free parameters    : 14
# points in DE swarm : 42
# output state file  : b1boot4.state
# Including singleton site patterns.
# cost function      : KL
Initial parameter values
Fixed:
      zero = 0
       one = 1
    Tbecnw = 75200
Free:
       pc1 = 0
       pc2 = 0
       pc3 = 0
       pc4 = 0
       pc5 = 0
       pc6 = 0
       pc7 = 0
       pc8 = 0
       pc9 = 0
      pc10 = 0
      pc11 = 0
      pc12 = 0
      pc13 = 0
      pc14 = 0
Constrained:
     Tecnw = 58340.7
       Tnw = 6535.6
       Tec = 12758.6
     twoNb = 1.62612e+06
     twoNe = 228115
     twoNc = 226106
     twoNw = 1.10392e+06
    twoNec = 76681
    twoNnw = 139976
  twoNecnw = 16301.5
  twoNbecnw = 85729.8
        m5 = 0.485202
        m6 = 0.361108
        m7 = 0.00263959
        Te = 6379.28
        Tf = 3189.64
        Tg = 1594.82
DiffEv reached_goal. cost=2.35937e-03 spread=2.22151e-06
Fitted parameter values
Free:
       pc1 = 2.3206
       pc2 = -3.98365
       pc3 = -1.686
       pc4 = -1.29918
       pc5 = 1.07562
       pc6 = 1.63697
       pc7 = -0.0331143
       pc8 = 0.171521
       pc9 = -0.113323
      pc10 = 0.0187075
      pc11 = 0.057668
      pc12 = -0.021433
      pc13 = -0.0598539
      pc14 = 0.00878423
Constrained:
     Tecnw = 60262.5
       Tnw = 54.8385
       Tec = 105.29
     twoNb = 1.95671e+06
     twoNe = 150738
     twoNc = 521233
     twoNw = 1.00054e+06
    twoNec = 118839
    twoNnw = 178558
  twoNecnw = 13959.4
  twoNbecnw = 87841.8
        m5 = 0.472806
        m6 = 0.33702
        m7 = 0.0061269
        Te = 52.6452
        Tf = 26.3226
        Tg = 13.1613
#       SitePat  BranchLen
              b 147658.7342406
              e 57269.4701729
              c 60322.3903990
              n 54455.5511397
              w 54454.9116541
            b:e 2724.9330390
            b:c 2967.5865177
            b:n 2260.1000250
            b:w 2260.0619151
            e:c 12318.3259506
            e:n 6601.0120623
            e:w 6600.9599326
            c:n 5620.7631853
            c:w 5621.3285142
            n:w 14580.5701310
          b:e:c 2522.2404989
          b:e:n 1324.0656629
          b:e:w 1324.0349210
          b:c:n 1323.2071323
          b:c:w 1323.2378583
          b:n:w 2520.9725597
          e:c:n 5368.2798856
          e:c:w 5368.4061720
          e:n:w 7993.3177029
          c:n:w 6929.3040843
        b:e:c:n 2260.8897038
        b:e:c:w 2260.9278296
        b:e:n:w 2968.8544569
        b:c:n:w 2698.8302593
        e:c:n:w 61492.9586291
