########################################
# legofit: estimate population history #
#       version 2.3.4-4-g53f8760       #
########################################

# Program was compiled: Sep 21 2021 14:36:42
# Program was run: Wed Oct 13 15:09:50 2021

# cmd: legofit -1 -d 0 -t 32 --ptsPerDim 3 --stateOut b1boot33.state --tol 3e-6 -S 5000 efg2.lgo ../../boot/boot33.opf
# Stage nOptItr nSimReps
#     0    5000        0
# algorithm          : deterministic
# ignoring probs <=  : 0
# Branch length floor: 0
# DE strategy        : 2
#    F               : 0.3
#    CR              : 0.8
#    tolerance       : 3e-06
# nthreads           : 32
# lgo input file     : efg2.lgo
# site pat input file: ../../boot/boot33.opf
# free parameters    : 14
# points in DE swarm : 42
# output state file  : b1boot33.state
# Including singleton site patterns.
# cost function      : KL
Initial parameter values
Fixed:
      zero = 0
       one = 1
    Tbecnw = 75200
Free:
       pc1 = 0
       pc2 = 0
       pc3 = 0
       pc4 = 0
       pc5 = 0
       pc6 = 0
       pc7 = 0
       pc8 = 0
       pc9 = 0
      pc10 = 0
      pc11 = 0
      pc12 = 0
      pc13 = 0
      pc14 = 0
Constrained:
     Tecnw = 58340.7
       Tnw = 6535.6
       Tec = 12758.6
     twoNb = 1.62612e+06
     twoNe = 228115
     twoNc = 226106
     twoNw = 1.10392e+06
    twoNec = 76681
    twoNnw = 139976
  twoNecnw = 16301.5
  twoNbecnw = 85729.8
        m5 = 0.485202
        m6 = 0.361108
        m7 = 0.00263959
        Te = 6379.28
        Tf = 3189.64
        Tg = 1594.82
DiffEv reached_goal. cost=2.30389e-03 spread=2.85812e-06
Fitted parameter values
Free:
       pc1 = 2.38317
       pc2 = -3.98335
       pc3 = -0.728409
       pc4 = -0.864826
       pc5 = 1.08339
       pc6 = 1.35502
       pc7 = -0.291556
       pc8 = 0.163725
       pc9 = -0.0984669
      pc10 = 0.0338921
      pc11 = 0.0410323
      pc12 = -0.0534103
      pc13 = -0.0127601
      pc14 = 0.00408155
Constrained:
     Tecnw = 60194.4
       Tnw = 17.9059
       Tec = 11.0277
     twoNb = 1.83665e+06
     twoNe = 171432
     twoNc = 420890
     twoNw = 1.36541e+06
    twoNec = 120842
    twoNnw = 177316
  twoNecnw = 14019.4
  twoNbecnw = 87735.1
        m5 = 0.470963
        m6 = 0.337901
        m7 = 0.00532309
        Te = 5.51387
        Tf = 2.75693
        Tg = 1.37847
#       SitePat  BranchLen
              b 147598.8280056
              e 57230.8235390
              c 60279.8433045
              n 54307.5482903
              w 54307.0647289
            b:e 2712.6197644
            b:c 2967.2780859
            b:n 2249.8650910
            b:w 2249.8365242
            e:c 12260.6478361
            e:n 6599.7388795
            e:w 6599.9529624
            c:n 5629.8349521
            c:w 5630.0129121
            n:w 14605.4819992
          b:e:c 2514.4180925
          b:e:n 1321.1395694
          b:e:w 1321.1413614
          b:c:n 1320.3788021
          b:c:w 1320.3770044
          b:n:w 2513.2475117
          e:c:n 5354.6414195
          e:c:w 5354.7329380
          e:n:w 8012.4678217
          c:n:w 6930.1111810
        b:e:c:n 2250.5990834
        b:e:c:w 2250.6276559
        b:e:n:w 2968.4486667
        b:c:n:w 2688.4963222
        e:c:n:w 61495.3019509
