########################################
# legofit: estimate population history #
#       version 2.3.4-4-g53f8760       #
########################################

# Program was compiled: Sep 21 2021 14:36:42
# Program was run: Wed Oct 13 15:09:50 2021

# cmd: legofit -1 -d 0 -t 32 --ptsPerDim 3 --stateOut b1boot31.state --tol 3e-6 -S 5000 efg2.lgo ../../boot/boot31.opf
# Stage nOptItr nSimReps
#     0    5000        0
# algorithm          : deterministic
# ignoring probs <=  : 0
# Branch length floor: 0
# DE strategy        : 2
#    F               : 0.3
#    CR              : 0.8
#    tolerance       : 3e-06
# nthreads           : 32
# lgo input file     : efg2.lgo
# site pat input file: ../../boot/boot31.opf
# free parameters    : 14
# points in DE swarm : 42
# output state file  : b1boot31.state
# Including singleton site patterns.
# cost function      : KL
Initial parameter values
Fixed:
      zero = 0
       one = 1
    Tbecnw = 75200
Free:
       pc1 = 0
       pc2 = 0
       pc3 = 0
       pc4 = 0
       pc5 = 0
       pc6 = 0
       pc7 = 0
       pc8 = 0
       pc9 = 0
      pc10 = 0
      pc11 = 0
      pc12 = 0
      pc13 = 0
      pc14 = 0
Constrained:
     Tecnw = 58340.7
       Tnw = 6535.6
       Tec = 12758.6
     twoNb = 1.62612e+06
     twoNe = 228115
     twoNc = 226106
     twoNw = 1.10392e+06
    twoNec = 76681
    twoNnw = 139976
  twoNecnw = 16301.5
  twoNbecnw = 85729.8
        m5 = 0.485202
        m6 = 0.361108
        m7 = 0.00263959
        Te = 6379.28
        Tf = 3189.64
        Tg = 1594.82
DiffEv reached_goal. cost=2.31835e-03 spread=2.72931e-06
Fitted parameter values
Free:
       pc1 = 2.52285
       pc2 = -3.92112
       pc3 = -0.768575
       pc4 = -0.355144
       pc5 = 1.05465
       pc6 = 1.41064
       pc7 = -0.0263815
       pc8 = -0.0813983
       pc9 = -0.184364
      pc10 = 0.0641596
      pc11 = 0.103977
      pc12 = 0.0234989
      pc13 = -0.00789361
      pc14 = -0.0411026
Constrained:
     Tecnw = 59902.7
       Tnw = 75.4286
       Tec = 145.859
     twoNb = 1.95509e+06
     twoNe = 228647
     twoNc = 319864
     twoNw = 1.35024e+06
    twoNec = 121599
    twoNnw = 177454
  twoNecnw = 14433.2
  twoNbecnw = 87926.7
        m5 = 0.467272
        m6 = 0.336183
        m7 = 0.00550092
        Te = 72.9293
        Tf = 36.4647
        Tg = 18.2323
#       SitePat  BranchLen
              b 147569.1253830
              e 57353.6808462
              c 60334.4512539
              n 54389.6155750
              w 54388.9810941
            b:e 2754.5569977
            b:c 3003.4343129
            b:n 2284.0387519
            b:w 2284.0004791
            e:c 12321.9698857
            e:n 6615.1806874
            e:w 6615.1163330
            c:n 5666.7514975
            c:w 5667.3240314
            n:w 14671.0097984
          b:e:c 2550.4550888
          b:e:n 1340.5647813
          b:e:w 1340.5327293
          b:c:n 1339.7805707
          b:c:w 1339.8126081
          b:n:w 2549.3025526
          e:c:n 5420.9216507
          e:c:w 5421.0479522
          e:n:w 8068.9870624
          c:n:w 7010.5353944
        b:e:c:n 2284.7526377
        b:e:c:w 2284.7909251
        b:e:n:w 3004.5868491
        b:c:n:w 2731.1166174
        e:c:n:w 61283.7068581
