########################################
# legofit: estimate population history #
#       version 2.3.4-4-g53f8760       #
########################################

# Program was compiled: Sep 21 2021 14:36:42
# Program was run: Wed Oct 13 15:09:37 2021

# cmd: legofit -1 -d 0 -t 32 --ptsPerDim 3 --stateOut b1boot19.state --tol 3e-6 -S 5000 efg2.lgo ../../boot/boot19.opf
# Stage nOptItr nSimReps
#     0    5000        0
# algorithm          : deterministic
# ignoring probs <=  : 0
# Branch length floor: 0
# DE strategy        : 2
#    F               : 0.3
#    CR              : 0.8
#    tolerance       : 3e-06
# nthreads           : 32
# lgo input file     : efg2.lgo
# site pat input file: ../../boot/boot19.opf
# free parameters    : 14
# points in DE swarm : 42
# output state file  : b1boot19.state
# Including singleton site patterns.
# cost function      : KL
Initial parameter values
Fixed:
      zero = 0
       one = 1
    Tbecnw = 75200
Free:
       pc1 = 0
       pc2 = 0
       pc3 = 0
       pc4 = 0
       pc5 = 0
       pc6 = 0
       pc7 = 0
       pc8 = 0
       pc9 = 0
      pc10 = 0
      pc11 = 0
      pc12 = 0
      pc13 = 0
      pc14 = 0
Constrained:
     Tecnw = 58340.7
       Tnw = 6535.6
       Tec = 12758.6
     twoNb = 1.62612e+06
     twoNe = 228115
     twoNc = 226106
     twoNw = 1.10392e+06
    twoNec = 76681
    twoNnw = 139976
  twoNecnw = 16301.5
  twoNbecnw = 85729.8
        m5 = 0.485202
        m6 = 0.361108
        m7 = 0.00263959
        Te = 6379.28
        Tf = 3189.64
        Tg = 1594.82
DiffEv reached_goal. cost=2.33345e-03 spread=2.64559e-06
Fitted parameter values
Free:
       pc1 = 2.52806
       pc2 = -3.97667
       pc3 = -1.84002
       pc4 = -0.692547
       pc5 = 1.03312
       pc6 = 1.92971
       pc7 = 0.203036
       pc8 = -0.181261
       pc9 = -0.020349
      pc10 = 0.029567
      pc11 = 0.0926479
      pc12 = 0.00117446
      pc13 = -0.00774536
      pc14 = -0.0135959
Constrained:
     Tecnw = 59977.7
       Tnw = 52.3729
       Tec = 22.819
     twoNb = 2.02004e+06
     twoNe = 249364
     twoNc = 410426
     twoNw = 966467
    twoNec = 120751
    twoNnw = 177259
  twoNecnw = 14253.9
  twoNbecnw = 88073.1
        m5 = 0.467413
        m6 = 0.330165
        m7 = 0.0066263
        Te = 11.4095
        Tf = 5.70474
        Tg = 2.85237
#       SitePat  BranchLen
              b 147788.6436254
              e 57270.2932755
              c 60340.8191344
              n 54383.7283303
              w 54381.5732516
            b:e 2751.4140717
            b:c 2989.5560075
            b:n 2270.0484404
            b:w 2269.9202838
            e:c 12385.8066386
            e:n 6587.9740095
            e:w 6588.9822852
            c:n 5601.3022278
            c:w 5602.0417408
            n:w 14697.5632001
          b:e:c 2547.3370185
          b:e:n 1328.0917221
          b:e:w 1328.1051544
          b:c:n 1327.2339546
          b:c:w 1327.2204946
          b:n:w 2545.9963554
          e:c:n 5390.0296324
          e:c:w 5390.4369224
          e:n:w 8049.8388964
          c:n:w 6983.4110758
        b:e:c:n 2270.7914836
        b:e:c:w 2270.9196680
        b:e:n:w 2990.8966706
        b:c:n:w 2724.0114498
        e:c:n:w 61579.2689513
