########################################
# legofit: estimate population history #
#       version 2.3.4-4-g53f8760       #
########################################

# Program was compiled: Sep 21 2021 14:36:42
# Program was run: Wed Oct 13 15:09:37 2021

# cmd: legofit -1 -d 0 -t 32 --ptsPerDim 3 --stateOut b1boot21.state --tol 3e-6 -S 5000 efg2.lgo ../../boot/boot21.opf
# Stage nOptItr nSimReps
#     0    5000        0
# algorithm          : deterministic
# ignoring probs <=  : 0
# Branch length floor: 0
# DE strategy        : 2
#    F               : 0.3
#    CR              : 0.8
#    tolerance       : 3e-06
# nthreads           : 32
# lgo input file     : efg2.lgo
# site pat input file: ../../boot/boot21.opf
# free parameters    : 14
# points in DE swarm : 42
# output state file  : b1boot21.state
# Including singleton site patterns.
# cost function      : KL
Initial parameter values
Fixed:
      zero = 0
       one = 1
    Tbecnw = 75200
Free:
       pc1 = 0
       pc2 = 0
       pc3 = 0
       pc4 = 0
       pc5 = 0
       pc6 = 0
       pc7 = 0
       pc8 = 0
       pc9 = 0
      pc10 = 0
      pc11 = 0
      pc12 = 0
      pc13 = 0
      pc14 = 0
Constrained:
     Tecnw = 58340.7
       Tnw = 6535.6
       Tec = 12758.6
     twoNb = 1.62612e+06
     twoNe = 228115
     twoNc = 226106
     twoNw = 1.10392e+06
    twoNec = 76681
    twoNnw = 139976
  twoNecnw = 16301.5
  twoNbecnw = 85729.8
        m5 = 0.485202
        m6 = 0.361108
        m7 = 0.00263959
        Te = 6379.28
        Tf = 3189.64
        Tg = 1594.82
DiffEv reached_goal. cost=2.32504e-03 spread=2.95292e-06
Fitted parameter values
Free:
       pc1 = 2.64023
       pc2 = -3.96049
       pc3 = -0.977812
       pc4 = -0.0849144
       pc5 = 1.27966
       pc6 = 1.3358
       pc7 = -0.266835
       pc8 = -0.210334
       pc9 = -0.144568
      pc10 = 0.0767897
      pc11 = 0.11648
      pc12 = -0.021648
      pc13 = 0.0574031
      pc14 = -0.033416
Constrained:
     Tecnw = 59700.6
       Tnw = 18.3681
       Tec = 0.380635
     twoNb = 2.11775e+06
     twoNe = 285878
     twoNc = 341774
     twoNw = 1.46265e+06
    twoNec = 122653
    twoNnw = 176006
  twoNecnw = 14569.9
  twoNbecnw = 87924.2
        m5 = 0.466672
        m6 = 0.333109
        m7 = 0.00583555
        Te = 0.190317
        Tf = 0.0951586
        Tg = 0.0475793
#       SitePat  BranchLen
              b 147623.8254523
              e 57212.0613500
              c 60245.5650670
              n 54181.2237476
              w 54180.6243400
            b:e 2750.7342250
            b:c 3000.4595293
            b:n 2269.8435441
            b:w 2269.8077764
            e:c 12303.3877651
            e:n 6612.2035683
            e:w 6612.5040305
            c:n 5646.1030445
            c:w 5646.2882541
            n:w 14709.8790082
          b:e:c 2542.7601186
          b:e:n 1333.3966488
          b:e:w 1333.4024267
          b:c:n 1332.6688822
          b:c:w 1332.6630981
          b:n:w 2541.6316254
          e:c:n 5405.4215080
          e:c:w 5405.5352438
          e:n:w 8097.4700058
          c:n:w 7021.8822112
        b:e:c:n 2270.5413209
        b:e:c:w 2270.5770947
        b:e:n:w 3001.5880225
        b:c:n:w 2727.7301912
        e:c:n:w 61450.0466277
