########################################
# legofit: estimate population history #
#       version 2.3.4-4-g53f8760       #
########################################

# Program was compiled: Sep 21 2021 14:36:42
# Program was run: Wed Oct 13 15:09:59 2021

# cmd: legofit -1 -d 0 -t 32 --ptsPerDim 3 --stateOut b1boot42.state --tol 3e-6 -S 5000 efg2.lgo ../../boot/boot42.opf
# Stage nOptItr nSimReps
#     0    5000        0
# algorithm          : deterministic
# ignoring probs <=  : 0
# Branch length floor: 0
# DE strategy        : 2
#    F               : 0.3
#    CR              : 0.8
#    tolerance       : 3e-06
# nthreads           : 32
# lgo input file     : efg2.lgo
# site pat input file: ../../boot/boot42.opf
# free parameters    : 14
# points in DE swarm : 42
# output state file  : b1boot42.state
# Including singleton site patterns.
# cost function      : KL
Initial parameter values
Fixed:
      zero = 0
       one = 1
    Tbecnw = 75200
Free:
       pc1 = 0
       pc2 = 0
       pc3 = 0
       pc4 = 0
       pc5 = 0
       pc6 = 0
       pc7 = 0
       pc8 = 0
       pc9 = 0
      pc10 = 0
      pc11 = 0
      pc12 = 0
      pc13 = 0
      pc14 = 0
Constrained:
     Tecnw = 58340.7
       Tnw = 6535.6
       Tec = 12758.6
     twoNb = 1.62612e+06
     twoNe = 228115
     twoNc = 226106
     twoNw = 1.10392e+06
    twoNec = 76681
    twoNnw = 139976
  twoNecnw = 16301.5
  twoNbecnw = 85729.8
        m5 = 0.485202
        m6 = 0.361108
        m7 = 0.00263959
        Te = 6379.28
        Tf = 3189.64
        Tg = 1594.82
DiffEv reached_goal. cost=2.33718e-03 spread=2.18701e-06
Fitted parameter values
Free:
       pc1 = 2.37941
       pc2 = -3.99559
       pc3 = -1.59355
       pc4 = -0.957555
       pc5 = 1.49632
       pc6 = 1.67739
       pc7 = -0.178689
       pc8 = 0.107908
       pc9 = 0.00277748
      pc10 = -0.0132132
      pc11 = 0.0600945
      pc12 = 0.0122819
      pc13 = -0.00555271
      pc14 = -0.0126581
Constrained:
     Tecnw = 60144.7
       Tnw = 25.7636
       Tec = 17.6232
     twoNb = 2.02341e+06
     twoNe = 149059
     twoNc = 489677
     twoNw = 1.19734e+06
    twoNec = 119014
    twoNnw = 176887
  twoNecnw = 14085.8
  twoNbecnw = 87706.5
        m5 = 0.47025
        m6 = 0.334631
        m7 = 0.00652646
        Te = 8.81162
        Tf = 4.40581
        Tg = 2.20291
#       SitePat  BranchLen
              b 147528.5348773
              e 57194.8455737
              c 60242.1900394
              n 54313.3629332
              w 54312.6026366
            b:e 2732.7332173
            b:c 2968.8221106
            b:n 2254.2608865
            b:w 2254.2159253
            e:c 12371.0422342
            e:n 6588.7806010
            e:w 6589.1119867
            c:n 5609.0256557
            c:w 5609.3106861
            n:w 14665.8021329
          b:e:c 2529.4402353
          b:e:n 1319.2317124
          b:e:w 1319.2340133
          b:c:n 1318.3831866
          b:c:w 1318.3808755
          b:n:w 2528.1311170
          e:c:n 5360.1482482
          e:c:w 5360.2921287
          e:n:w 8014.8894214
          c:n:w 6956.9914499
        b:e:c:n 2255.0667521
        b:e:c:w 2255.1117234
        b:e:n:w 2970.1312289
        b:c:n:w 2705.8537510
        e:c:n:w 61397.4725357
