########################################
# legofit: estimate population history #
#       version 2.3.4-4-g53f8760       #
########################################

# Program was compiled: Sep 21 2021 14:36:42
# Program was run: Wed Oct 13 15:09:55 2021

# cmd: legofit -1 -d 0 -t 32 --ptsPerDim 3 --stateOut b1boot40.state --tol 3e-6 -S 5000 efg2.lgo ../../boot/boot40.opf
# Stage nOptItr nSimReps
#     0    5000        0
# algorithm          : deterministic
# ignoring probs <=  : 0
# Branch length floor: 0
# DE strategy        : 2
#    F               : 0.3
#    CR              : 0.8
#    tolerance       : 3e-06
# nthreads           : 32
# lgo input file     : efg2.lgo
# site pat input file: ../../boot/boot40.opf
# free parameters    : 14
# points in DE swarm : 42
# output state file  : b1boot40.state
# Including singleton site patterns.
# cost function      : KL
Initial parameter values
Fixed:
      zero = 0
       one = 1
    Tbecnw = 75200
Free:
       pc1 = 0
       pc2 = 0
       pc3 = 0
       pc4 = 0
       pc5 = 0
       pc6 = 0
       pc7 = 0
       pc8 = 0
       pc9 = 0
      pc10 = 0
      pc11 = 0
      pc12 = 0
      pc13 = 0
      pc14 = 0
Constrained:
     Tecnw = 58340.7
       Tnw = 6535.6
       Tec = 12758.6
     twoNb = 1.62612e+06
     twoNe = 228115
     twoNc = 226106
     twoNw = 1.10392e+06
    twoNec = 76681
    twoNnw = 139976
  twoNecnw = 16301.5
  twoNbecnw = 85729.8
        m5 = 0.485202
        m6 = 0.361108
        m7 = 0.00263959
        Te = 6379.28
        Tf = 3189.64
        Tg = 1594.82
DiffEv reached_goal. cost=2.33695e-03 spread=2.18375e-06
Fitted parameter values
Free:
       pc1 = 2.61318
       pc2 = -3.9629
       pc3 = -1.37402
       pc4 = -0.771423
       pc5 = 0.103772
       pc6 = 1.47157
       pc7 = -0.643649
       pc8 = -0.193976
       pc9 = -0.188735
      pc10 = 0.0222656
      pc11 = 0.055587
      pc12 = -0.111197
      pc13 = -0.0798958
      pc14 = 0.00278512
Constrained:
     Tecnw = 60103.3
       Tnw = 123.368
       Tec = 124.851
     twoNb = 1.79963e+06
     twoNe = 467179
     twoNc = 497856
     twoNw = 1.10243e+06
    twoNec = 121035
    twoNnw = 178755
  twoNecnw = 14134.6
  twoNbecnw = 88123.8
        m5 = 0.469843
        m6 = 0.333588
        m7 = 0.00516255
        Te = 62.4253
        Tf = 31.2126
        Tg = 15.6063
#       SitePat  BranchLen
              b 147856.6870299
              e 57313.7068128
              c 60424.1372969
              n 54523.9510436
              w 54520.6992109
            b:e 2723.0852541
            b:c 2989.0204367
            b:n 2275.5793602
            b:w 2275.3855074
            e:c 12314.9709446
            e:n 6604.5622069
            e:w 6605.8044732
            c:n 5617.3417803
            c:w 5618.7319112
            n:w 14596.4509541
          b:e:c 2537.3922632
          b:e:n 1333.3251975
          b:e:w 1333.3177921
          b:c:n 1332.5555035
          b:c:w 1332.5628664
          b:n:w 2536.2248851
          e:c:n 5399.3834556
          e:c:w 5400.0028912
          e:n:w 8032.8788392
          c:n:w 6923.3523947
        b:e:c:n 2276.1477960
        b:e:c:w 2276.3416913
        b:e:n:w 2990.1878148
        b:c:n:w 2699.1662010
        e:c:n:w 61625.8721668
