########################################
# legofit: estimate population history #
#       version 2.3.4-4-g53f8760       #
########################################

# Program was compiled: Sep 21 2021 14:36:42
# Program was run: Wed Oct 13 15:09:44 2021

# cmd: legofit -1 -d 0 -t 32 --ptsPerDim 3 --stateOut b1boot26.state --tol 3e-6 -S 5000 efg2.lgo ../../boot/boot26.opf
# Stage nOptItr nSimReps
#     0    5000        0
# algorithm          : deterministic
# ignoring probs <=  : 0
# Branch length floor: 0
# DE strategy        : 2
#    F               : 0.3
#    CR              : 0.8
#    tolerance       : 3e-06
# nthreads           : 32
# lgo input file     : efg2.lgo
# site pat input file: ../../boot/boot26.opf
# free parameters    : 14
# points in DE swarm : 42
# output state file  : b1boot26.state
# Including singleton site patterns.
# cost function      : KL
Initial parameter values
Fixed:
      zero = 0
       one = 1
    Tbecnw = 75200
Free:
       pc1 = 0
       pc2 = 0
       pc3 = 0
       pc4 = 0
       pc5 = 0
       pc6 = 0
       pc7 = 0
       pc8 = 0
       pc9 = 0
      pc10 = 0
      pc11 = 0
      pc12 = 0
      pc13 = 0
      pc14 = 0
Constrained:
     Tecnw = 58340.7
       Tnw = 6535.6
       Tec = 12758.6
     twoNb = 1.62612e+06
     twoNe = 228115
     twoNc = 226106
     twoNw = 1.10392e+06
    twoNec = 76681
    twoNnw = 139976
  twoNecnw = 16301.5
  twoNbecnw = 85729.8
        m5 = 0.485202
        m6 = 0.361108
        m7 = 0.00263959
        Te = 6379.28
        Tf = 3189.64
        Tg = 1594.82
DiffEv reached_goal. cost=2.33806e-03 spread=2.81610e-06
Fitted parameter values
Free:
       pc1 = 2.71455
       pc2 = -3.9831
       pc3 = -1.08771
       pc4 = -1.12048
       pc5 = 0.960839
       pc6 = 0.868946
       pc7 = -0.201402
       pc8 = -0.125982
       pc9 = -0.206596
      pc10 = -0.0115892
      pc11 = 0.04374
      pc12 = 0.0322896
      pc13 = -0.106905
      pc14 = -0.0127942
Constrained:
     Tecnw = 59978
       Tnw = 9.38345
       Tec = 10.9171
     twoNb = 2.11959e+06
     twoNe = 171507
     twoNc = 509602
     twoNw = 1.24921e+06
    twoNec = 121178
    twoNnw = 180060
  twoNecnw = 14304.2
  twoNbecnw = 88057.5
        m5 = 0.464734
        m6 = 0.333788
        m7 = 0.00496384
        Te = 5.45856
        Tf = 2.72928
        Tg = 1.36464
#       SitePat  BranchLen
              b 147729.3510978
              e 57363.7184174
              c 60339.0826264
              n 54600.0546461
              w 54599.8586811
            b:e 2729.3354589
            b:c 2986.8498585
            b:n 2290.9229704
            b:w 2290.9112459
            e:c 12403.9352230
            e:n 6580.8336179
            e:w 6580.9011411
            c:n 5634.8006666
            c:w 5634.8916761
            n:w 14624.3368250
          b:e:c 2553.4898854
          b:e:n 1338.3098193
          b:e:w 1338.3086384
          b:c:n 1337.6807130
          b:c:w 1337.6818917
          b:n:w 2552.5312993
          e:c:n 5430.2787949
          e:c:w 5430.3162272
          e:n:w 8003.0006637
          c:n:w 6941.4583966
        b:e:c:n 2291.5391712
        b:e:c:w 2291.5508980
        b:e:n:w 2987.8084446
        b:c:n:w 2709.7703724
        e:c:n:w 61442.7153637
