########################################
# legofit: estimate population history #
#       version 2.3.4-4-g53f8760       #
########################################

# Program was compiled: Sep 21 2021 14:36:42
# Program was run: Wed Oct 13 15:09:31 2021

# cmd: legofit -1 -d 0 -t 32 --ptsPerDim 3 --stateOut b1boot12.state --tol 3e-6 -S 5000 efg2.lgo ../../boot/boot12.opf
# Stage nOptItr nSimReps
#     0    5000        0
# algorithm          : deterministic
# ignoring probs <=  : 0
# Branch length floor: 0
# DE strategy        : 2
#    F               : 0.3
#    CR              : 0.8
#    tolerance       : 3e-06
# nthreads           : 32
# lgo input file     : efg2.lgo
# site pat input file: ../../boot/boot12.opf
# free parameters    : 14
# points in DE swarm : 42
# output state file  : b1boot12.state
# Including singleton site patterns.
# cost function      : KL
Initial parameter values
Fixed:
      zero = 0
       one = 1
    Tbecnw = 75200
Free:
       pc1 = 0
       pc2 = 0
       pc3 = 0
       pc4 = 0
       pc5 = 0
       pc6 = 0
       pc7 = 0
       pc8 = 0
       pc9 = 0
      pc10 = 0
      pc11 = 0
      pc12 = 0
      pc13 = 0
      pc14 = 0
Constrained:
     Tecnw = 58340.7
       Tnw = 6535.6
       Tec = 12758.6
     twoNb = 1.62612e+06
     twoNe = 228115
     twoNc = 226106
     twoNw = 1.10392e+06
    twoNec = 76681
    twoNnw = 139976
  twoNecnw = 16301.5
  twoNbecnw = 85729.8
        m5 = 0.485202
        m6 = 0.361108
        m7 = 0.00263959
        Te = 6379.28
        Tf = 3189.64
        Tg = 1594.82
DiffEv reached_goal. cost=2.31838e-03 spread=2.72230e-06
Fitted parameter values
Free:
       pc1 = 2.47814
       pc2 = -3.95624
       pc3 = -1.70876
       pc4 = -0.802485
       pc5 = 0.391947
       pc6 = 1.35627
       pc7 = 0.170957
       pc8 = 0.0689013
       pc9 = -0.149872
      pc10 = 0.043779
      pc11 = 0.0546159
      pc12 = -0.105296
      pc13 = -0.0610484
      pc14 = -0.0461608
Constrained:
     Tecnw = 60221.4
       Tnw = 72.4391
       Tec = 137.504
     twoNb = 2.13396e+06
     twoNe = 311164
     twoNc = 429532
     twoNw = 883868
    twoNec = 119846
    twoNnw = 178271
  twoNecnw = 14126.5
  twoNbecnw = 87990
        m5 = 0.471977
        m6 = 0.334444
        m7 = 0.00547374
        Te = 68.7519
        Tf = 34.3759
        Tg = 17.188
#       SitePat  BranchLen
              b 147642.1316426
              e 57336.0938267
              c 60482.3065693
              n 54530.1486098
              w 54529.1632051
            b:e 2737.9706179
            b:c 3007.9759845
            b:n 2285.6358758
            b:w 2285.5765858
            e:c 12370.4799308
            e:n 6637.3938843
            e:w 6637.3400239
            c:n 5636.7781492
            c:w 5637.6222892
            n:w 14660.9054708
          b:e:c 2552.7535728
          b:e:n 1339.0172893
          b:e:w 1338.9721743
          b:c:n 1338.2853565
          b:c:w 1338.3304516
          b:n:w 2551.6998668
          e:c:n 5408.9134196
          e:c:w 5409.1085447
          e:n:w 8071.0693692
          c:n:w 6949.0284235
        b:e:c:n 2286.2634037
        b:e:c:w 2286.3227135
        b:e:n:w 3009.0296904
        b:c:n:w 2716.5596522
        e:c:n:w 61295.7964168
