########################################
# legofit: estimate population history #
#       version 2.3.4-4-g53f8760       #
########################################

# Program was compiled: Sep 21 2021 14:36:42
# Program was run: Wed Oct 13 15:09:20 2021

# cmd: legofit -1 -d 0 -t 32 --ptsPerDim 3 --stateOut b1boot5.state --tol 3e-6 -S 5000 efg2.lgo ../../boot/boot5.opf
# Stage nOptItr nSimReps
#     0    5000        0
# algorithm          : deterministic
# ignoring probs <=  : 0
# Branch length floor: 0
# DE strategy        : 2
#    F               : 0.3
#    CR              : 0.8
#    tolerance       : 3e-06
# nthreads           : 32
# lgo input file     : efg2.lgo
# site pat input file: ../../boot/boot5.opf
# free parameters    : 14
# points in DE swarm : 42
# output state file  : b1boot5.state
# Including singleton site patterns.
# cost function      : KL
Initial parameter values
Fixed:
      zero = 0
       one = 1
    Tbecnw = 75200
Free:
       pc1 = 0
       pc2 = 0
       pc3 = 0
       pc4 = 0
       pc5 = 0
       pc6 = 0
       pc7 = 0
       pc8 = 0
       pc9 = 0
      pc10 = 0
      pc11 = 0
      pc12 = 0
      pc13 = 0
      pc14 = 0
Constrained:
     Tecnw = 58340.7
       Tnw = 6535.6
       Tec = 12758.6
     twoNb = 1.62612e+06
     twoNe = 228115
     twoNc = 226106
     twoNw = 1.10392e+06
    twoNec = 76681
    twoNnw = 139976
  twoNecnw = 16301.5
  twoNbecnw = 85729.8
        m5 = 0.485202
        m6 = 0.361108
        m7 = 0.00263959
        Te = 6379.28
        Tf = 3189.64
        Tg = 1594.82
DiffEv reached_goal. cost=2.32556e-03 spread=2.95674e-06
Fitted parameter values
Free:
       pc1 = 2.41891
       pc2 = -3.91894
       pc3 = -1.37046
       pc4 = -0.790611
       pc5 = 1.82993
       pc6 = 1.89657
       pc7 = -0.861107
       pc8 = -0.0555374
       pc9 = -0.0234319
      pc10 = -0.00332238
      pc11 = 0.0946693
      pc12 = 0.0382123
      pc13 = 0.0281703
      pc14 = -0.00210638
Constrained:
     Tecnw = 59899.1
       Tnw = 105.847
       Tec = 98.2765
     twoNb = 1.8084e+06
     twoNe = 207491
     twoNc = 534764
     twoNw = 1.4941e+06
    twoNec = 119604
    twoNnw = 175885
  twoNecnw = 14294.6
  twoNbecnw = 87608.8
        m5 = 0.469575
        m6 = 0.334914
        m7 = 0.00688276
        Te = 49.1382
        Tf = 24.5691
        Tg = 12.2846
#       SitePat  BranchLen
              b 147456.9326907
              e 57147.6424998
              c 60146.5547578
              n 54182.6873092
              w 54180.5249959
            b:e 2741.8923569
            b:c 2963.0903338
            b:n 2246.4537985
            b:w 2246.3258191
            e:c 12308.9257873
            e:n 6580.5911039
            e:w 6581.4476797
            c:n 5614.5701955
            c:w 5615.4641752
            n:w 14645.8209793
          b:e:c 2519.6802311
          b:e:n 1317.2095775
          b:e:w 1317.2077104
          b:c:n 1316.2088651
          b:c:w 1316.2106958
          b:n:w 2518.1434307
          e:c:n 5358.4820048
          e:c:w 5358.8937626
          e:n:w 8020.7390904
          c:n:w 6988.9981031
        b:e:c:n 2247.3246644
        b:e:c:w 2247.4526802
        b:e:n:w 2964.6271342
        b:c:n:w 2710.2600265
        e:c:n:w 61416.9037319
