########################################
# legofit: estimate population history #
#       version 2.3.4-4-g53f8760       #
########################################

# Program was compiled: Sep 21 2021 14:36:42
# Program was run: Wed Oct 13 15:09:31 2021

# cmd: legofit -1 -d 0 -t 32 --ptsPerDim 3 --stateOut b1boot16.state --tol 3e-6 -S 5000 efg2.lgo ../../boot/boot16.opf
# Stage nOptItr nSimReps
#     0    5000        0
# algorithm          : deterministic
# ignoring probs <=  : 0
# Branch length floor: 0
# DE strategy        : 2
#    F               : 0.3
#    CR              : 0.8
#    tolerance       : 3e-06
# nthreads           : 32
# lgo input file     : efg2.lgo
# site pat input file: ../../boot/boot16.opf
# free parameters    : 14
# points in DE swarm : 42
# output state file  : b1boot16.state
# Including singleton site patterns.
# cost function      : KL
Initial parameter values
Fixed:
      zero = 0
       one = 1
    Tbecnw = 75200
Free:
       pc1 = 0
       pc2 = 0
       pc3 = 0
       pc4 = 0
       pc5 = 0
       pc6 = 0
       pc7 = 0
       pc8 = 0
       pc9 = 0
      pc10 = 0
      pc11 = 0
      pc12 = 0
      pc13 = 0
      pc14 = 0
Constrained:
     Tecnw = 58340.7
       Tnw = 6535.6
       Tec = 12758.6
     twoNb = 1.62612e+06
     twoNe = 228115
     twoNc = 226106
     twoNw = 1.10392e+06
    twoNec = 76681
    twoNnw = 139976
  twoNecnw = 16301.5
  twoNbecnw = 85729.8
        m5 = 0.485202
        m6 = 0.361108
        m7 = 0.00263959
        Te = 6379.28
        Tf = 3189.64
        Tg = 1594.82
DiffEv reached_goal. cost=2.28419e-03 spread=2.43442e-06
Fitted parameter values
Free:
       pc1 = 2.34618
       pc2 = -3.97962
       pc3 = -1.76024
       pc4 = -0.340504
       pc5 = 0.483632
       pc6 = 1.18603
       pc7 = 1.2518
       pc8 = 0.301092
       pc9 = -0.00759819
      pc10 = 0.124201
      pc11 = 0.0343093
      pc12 = -0.0332846
      pc13 = -0.0181107
      pc14 = -0.0189038
Constrained:
     Tecnw = 60262
       Tnw = 192.781
       Tec = 377.26
     twoNb = 2.52798e+06
     twoNe = 201779
     twoNc = 228296
     twoNw = 693050
    twoNec = 120389
    twoNnw = 176569
  twoNecnw = 14022.2
  twoNbecnw = 87882
        m5 = 0.470867
        m6 = 0.33555
        m7 = 0.00553878
        Te = 188.63
        Tf = 94.3149
        Tg = 47.1574
#       SitePat  BranchLen
              b 147644.7801974
              e 57360.4637311
              c 60453.5999081
              n 54414.9053234
              w 54411.8794606
            b:e 2726.9063405
            b:c 2991.7018553
            b:n 2263.6190531
            b:w 2263.4377723
            e:c 12278.5988485
            e:n 6610.5499267
            e:w 6610.1494798
            c:n 5624.1473603
            c:w 5626.9717603
            n:w 14649.7769579
          b:e:c 2534.5124576
          b:e:n 1328.5850439
          b:e:w 1328.4238574
          b:c:n 1327.8411286
          b:c:w 1328.0022596
          b:n:w 2533.6159074
          e:c:n 5368.9286454
          e:c:w 5369.5305551
          e:n:w 8053.4688640
          c:n:w 6950.2970291
        b:e:c:n 2264.0205011
        b:e:c:w 2264.2018375
        b:e:n:w 2992.5984055
        b:c:n:w 2708.5843475
        e:c:n:w 61409.8924707
