########################################
# legofit: estimate population history #
#       version 2.3.4-4-g53f8760       #
########################################

# Program was compiled: Sep 21 2021 14:36:42
# Program was run: Wed Oct 13 15:09:54 2021

# cmd: legofit -1 -d 0 -t 32 --ptsPerDim 3 --stateOut b1boot36.state --tol 3e-6 -S 5000 efg2.lgo ../../boot/boot36.opf
# Stage nOptItr nSimReps
#     0    5000        0
# algorithm          : deterministic
# ignoring probs <=  : 0
# Branch length floor: 0
# DE strategy        : 2
#    F               : 0.3
#    CR              : 0.8
#    tolerance       : 3e-06
# nthreads           : 32
# lgo input file     : efg2.lgo
# site pat input file: ../../boot/boot36.opf
# free parameters    : 14
# points in DE swarm : 42
# output state file  : b1boot36.state
# Including singleton site patterns.
# cost function      : KL
Initial parameter values
Fixed:
      zero = 0
       one = 1
    Tbecnw = 75200
Free:
       pc1 = 0
       pc2 = 0
       pc3 = 0
       pc4 = 0
       pc5 = 0
       pc6 = 0
       pc7 = 0
       pc8 = 0
       pc9 = 0
      pc10 = 0
      pc11 = 0
      pc12 = 0
      pc13 = 0
      pc14 = 0
Constrained:
     Tecnw = 58340.7
       Tnw = 6535.6
       Tec = 12758.6
     twoNb = 1.62612e+06
     twoNe = 228115
     twoNc = 226106
     twoNw = 1.10392e+06
    twoNec = 76681
    twoNnw = 139976
  twoNecnw = 16301.5
  twoNbecnw = 85729.8
        m5 = 0.485202
        m6 = 0.361108
        m7 = 0.00263959
        Te = 6379.28
        Tf = 3189.64
        Tg = 1594.82
DiffEv reached_goal. cost=2.35413e-03 spread=2.91226e-06
Fitted parameter values
Free:
       pc1 = 2.38282
       pc2 = -3.8686
       pc3 = -1.9281
       pc4 = -1.93331
       pc5 = 0.980927
       pc6 = 1.35174
       pc7 = -0.0840317
       pc8 = 0.274394
       pc9 = -0.0340074
      pc10 = 0.0443756
      pc11 = 0.0416777
      pc12 = 0.0406455
      pc13 = -0.0612457
      pc14 = -0.0248038
Constrained:
     Tecnw = 60403.6
       Tnw = 68.2075
       Tec = 132.261
     twoNb = 2.00193e+06
     twoNe = 87334.4
     twoNc = 653249
     twoNw = 857799
    twoNec = 119568
    twoNnw = 178150
  twoNecnw = 13900.5
  twoNbecnw = 87709.9
        m5 = 0.470882
        m6 = 0.33774
        m7 = 0.00578876
        Te = 66.1306
        Tf = 33.0653
        Tg = 16.5327
#       SitePat  BranchLen
              b 147479.1269535
              e 57387.6024185
              c 60410.8791242
              n 54511.8755126
              w 54510.9748457
            b:e 2731.4716629
            b:c 2978.6048685
            b:n 2265.9421581
            b:w 2265.8883741
            e:c 12333.3375390
            e:n 6600.5250574
            e:w 6600.4286602
            c:n 5633.0148491
            c:w 5633.8338543
            n:w 14629.5768864
          b:e:c 2533.5406694
          b:e:n 1327.6801150
          b:e:w 1327.6344563
          b:c:n 1326.8677131
          b:c:w 1326.9133506
          b:n:w 2532.3645532
          e:c:n 5367.3170487
          e:c:w 5367.4951076
          e:n:w 8003.5681687
          c:n:w 6941.1820526
        b:e:c:n 2266.6551174
        b:e:c:w 2266.7089225
        b:e:n:w 2979.7809846
        b:c:n:w 2707.3957113
        e:c:n:w 61222.8296824
