########################################
# legofit: estimate population history #
#       version 2.3.4-4-g53f8760       #
########################################

# Program was compiled: Sep 21 2021 14:36:42
# Program was run: Wed Oct 13 15:09:59 2021

# cmd: legofit -1 -d 0 -t 32 --ptsPerDim 3 --stateOut b1boot44.state --tol 3e-6 -S 5000 efg2.lgo ../../boot/boot44.opf
# Stage nOptItr nSimReps
#     0    5000        0
# algorithm          : deterministic
# ignoring probs <=  : 0
# Branch length floor: 0
# DE strategy        : 2
#    F               : 0.3
#    CR              : 0.8
#    tolerance       : 3e-06
# nthreads           : 32
# lgo input file     : efg2.lgo
# site pat input file: ../../boot/boot44.opf
# free parameters    : 14
# points in DE swarm : 42
# output state file  : b1boot44.state
# Including singleton site patterns.
# cost function      : KL
Initial parameter values
Fixed:
      zero = 0
       one = 1
    Tbecnw = 75200
Free:
       pc1 = 0
       pc2 = 0
       pc3 = 0
       pc4 = 0
       pc5 = 0
       pc6 = 0
       pc7 = 0
       pc8 = 0
       pc9 = 0
      pc10 = 0
      pc11 = 0
      pc12 = 0
      pc13 = 0
      pc14 = 0
Constrained:
     Tecnw = 58340.7
       Tnw = 6535.6
       Tec = 12758.6
     twoNb = 1.62612e+06
     twoNe = 228115
     twoNc = 226106
     twoNw = 1.10392e+06
    twoNec = 76681
    twoNnw = 139976
  twoNecnw = 16301.5
  twoNbecnw = 85729.8
        m5 = 0.485202
        m6 = 0.361108
        m7 = 0.00263959
        Te = 6379.28
        Tf = 3189.64
        Tg = 1594.82
DiffEv reached_goal. cost=2.33526e-03 spread=2.78739e-06
Fitted parameter values
Free:
       pc1 = 2.3468
       pc2 = -3.87184
       pc3 = -1.41973
       pc4 = -0.815814
       pc5 = 0.965369
       pc6 = 1.32533
       pc7 = 0.443107
       pc8 = 0.258547
       pc9 = -0.102036
      pc10 = 0.0776769
      pc11 = 0.0602276
      pc12 = -0.111585
      pc13 = -0.0264568
      pc14 = -0.0397189
Constrained:
     Tecnw = 60159
       Tnw = 137.579
       Tec = 125.989
     twoNb = 2.17097e+06
     twoNe = 141987
     twoNc = 377084
     twoNw = 995371
    twoNec = 119749
    twoNnw = 176877
  twoNecnw = 14158.6
  twoNbecnw = 87728.3
        m5 = 0.473441
        m6 = 0.336026
        m7 = 0.00564876
        Te = 62.9945
        Tf = 31.4973
        Tg = 15.7486
#       SitePat  BranchLen
              b 147468.8275557
              e 57245.3341828
              c 60386.8135171
              n 54378.5321991
              w 54374.2375783
            b:e 2729.5454522
            b:c 2995.5409830
            b:n 2268.4107344
            b:w 2268.1548851
            e:c 12314.3080896
            e:n 6634.8321324
            e:w 6636.5502759
            c:n 5635.3451228
            c:w 5637.1024023
            n:w 14640.1778874
          b:e:c 2535.1732002
          b:e:n 1331.3101091
          b:e:w 1331.3081541
          b:c:n 1330.6160602
          b:c:w 1330.6179656
          b:n:w 2534.1097711
          e:c:n 5383.9468556
          e:c:w 5384.7660535
          e:n:w 8069.4478435
          c:n:w 6951.0413404
        b:e:c:n 2268.8469790
        b:e:c:w 2269.1028779
        b:e:n:w 2996.6044121
        b:c:n:w 2707.8551708
        e:c:n:w 61234.9476926
