########################################
# legofit: estimate population history #
#       version 2.3.4-4-g53f8760       #
########################################

# Program was compiled: Sep 21 2021 14:36:42
# Program was run: Wed Oct 13 15:09:26 2021

# cmd: legofit -1 -d 0 -t 32 --ptsPerDim 3 --stateOut b1boot8.state --tol 3e-6 -S 5000 efg2.lgo ../../boot/boot8.opf
# Stage nOptItr nSimReps
#     0    5000        0
# algorithm          : deterministic
# ignoring probs <=  : 0
# Branch length floor: 0
# DE strategy        : 2
#    F               : 0.3
#    CR              : 0.8
#    tolerance       : 3e-06
# nthreads           : 32
# lgo input file     : efg2.lgo
# site pat input file: ../../boot/boot8.opf
# free parameters    : 14
# points in DE swarm : 42
# output state file  : b1boot8.state
# Including singleton site patterns.
# cost function      : KL
Initial parameter values
Fixed:
      zero = 0
       one = 1
    Tbecnw = 75200
Free:
       pc1 = 0
       pc2 = 0
       pc3 = 0
       pc4 = 0
       pc5 = 0
       pc6 = 0
       pc7 = 0
       pc8 = 0
       pc9 = 0
      pc10 = 0
      pc11 = 0
      pc12 = 0
      pc13 = 0
      pc14 = 0
Constrained:
     Tecnw = 58340.7
       Tnw = 6535.6
       Tec = 12758.6
     twoNb = 1.62612e+06
     twoNe = 228115
     twoNc = 226106
     twoNw = 1.10392e+06
    twoNec = 76681
    twoNnw = 139976
  twoNecnw = 16301.5
  twoNbecnw = 85729.8
        m5 = 0.485202
        m6 = 0.361108
        m7 = 0.00263959
        Te = 6379.28
        Tf = 3189.64
        Tg = 1594.82
DiffEv reached_goal. cost=2.32351e-03 spread=2.97540e-06
Fitted parameter values
Free:
       pc1 = 2.56549
       pc2 = -3.97661
       pc3 = -1.87682
       pc4 = -0.565594
       pc5 = 0.61679
       pc6 = 0.516774
       pc7 = -0.453771
       pc8 = 0.416857
       pc9 = -0.0348617
      pc10 = 0.0144735
      pc11 = 0.0235917
      pc12 = 0.00434615
      pc13 = -0.0195932
      pc14 = -0.0423939
Constrained:
     Tecnw = 60273.4
       Tnw = 45.3352
       Tec = 79.0872
     twoNb = 2.60551e+06
     twoNe = 380430
     twoNc = 530352
     twoNw = 1.13817e+06
    twoNec = 118929
    twoNnw = 176670
  twoNecnw = 14056.2
  twoNbecnw = 87388.4
        m5 = 0.470947
        m6 = 0.339164
        m7 = 0.00511074
        Te = 39.5436
        Tf = 19.7718
        Tg = 9.8859
#       SitePat  BranchLen
              b 147212.3146640
              e 57217.8915163
              c 60259.5639380
              n 54331.7008978
              w 54331.0991044
            b:e 2708.8341211
            b:c 2974.4340419
            b:n 2258.4806537
            b:w 2258.4448369
            e:c 12355.8058511
            e:n 6608.3021236
            e:w 6608.3561118
            c:n 5642.0191266
            c:w 5642.4494901
            n:w 14660.4814326
          b:e:c 2529.8718453
          b:e:n 1323.0156028
          b:e:w 1322.9968556
          b:c:n 1322.4761911
          b:c:w 1322.4949304
          b:n:w 2529.0716378
          e:c:n 5364.0574279
          e:c:w 5364.1748696
          e:n:w 8021.5096948
          c:n:w 6930.2230796
        b:e:c:n 2258.9655013
        b:e:c:w 2259.0013261
        b:e:n:w 2975.2342494
        b:c:n:w 2692.4794777
        e:c:n:w 61030.0988384
