########################################
# legofit: estimate population history #
#       version 2.3.4-4-g53f8760       #
########################################

# Program was compiled: Sep 21 2021 14:36:42
# Program was run: Wed Oct 13 15:09:20 2021

# cmd: legofit -1 -d 0 -t 32 --ptsPerDim 3 --stateOut b1boot3.state --tol 3e-6 -S 5000 efg2.lgo ../../boot/boot3.opf
# Stage nOptItr nSimReps
#     0    5000        0
# algorithm          : deterministic
# ignoring probs <=  : 0
# Branch length floor: 0
# DE strategy        : 2
#    F               : 0.3
#    CR              : 0.8
#    tolerance       : 3e-06
# nthreads           : 32
# lgo input file     : efg2.lgo
# site pat input file: ../../boot/boot3.opf
# free parameters    : 14
# points in DE swarm : 42
# output state file  : b1boot3.state
# Including singleton site patterns.
# cost function      : KL
Initial parameter values
Fixed:
      zero = 0
       one = 1
    Tbecnw = 75200
Free:
       pc1 = 0
       pc2 = 0
       pc3 = 0
       pc4 = 0
       pc5 = 0
       pc6 = 0
       pc7 = 0
       pc8 = 0
       pc9 = 0
      pc10 = 0
      pc11 = 0
      pc12 = 0
      pc13 = 0
      pc14 = 0
Constrained:
     Tecnw = 58340.7
       Tnw = 6535.6
       Tec = 12758.6
     twoNb = 1.62612e+06
     twoNe = 228115
     twoNc = 226106
     twoNw = 1.10392e+06
    twoNec = 76681
    twoNnw = 139976
  twoNecnw = 16301.5
  twoNbecnw = 85729.8
        m5 = 0.485202
        m6 = 0.361108
        m7 = 0.00263959
        Te = 6379.28
        Tf = 3189.64
        Tg = 1594.82
DiffEv reached_goal. cost=2.34070e-03 spread=2.36515e-06
Fitted parameter values
Free:
       pc1 = 2.58362
       pc2 = -3.99822
       pc3 = -1.06971
       pc4 = -0.584029
       pc5 = 0.031151
       pc6 = 1.38575
       pc7 = 1.41478
       pc8 = -0.237088
       pc9 = -0.140853
      pc10 = 0.137934
      pc11 = 0.110765
      pc12 = 0.031038
      pc13 = -0.0328806
      pc14 = -0.0326462
Constrained:
     Tecnw = 60114.9
       Tnw = 59.5741
       Tec = 108.735
     twoNb = 2.09086e+06
     twoNe = 191483
     twoNc = 176617
     twoNw = 678789
    twoNec = 123847
    twoNnw = 178549
  twoNecnw = 14233.7
  twoNbecnw = 88600.9
        m5 = 0.462921
        m6 = 0.332288
        m7 = 0.00482467
        Te = 54.3673
        Tf = 27.1836
        Tg = 13.5918
#       SitePat  BranchLen
              b 148120.2890050
              e 57571.6629880
              c 60579.5163468
              n 54623.5695346
              w 54622.3983092
            b:e 2762.6248103
            b:c 3028.9032005
            b:n 2304.9105187
            b:w 2304.8396517
            e:c 12373.4325149
            e:n 6605.7524720
            e:w 6605.7776262
            c:n 5654.0331941
            c:w 5654.9490390
            n:w 14731.8191161
          b:e:c 2578.2477595
          b:e:n 1350.5636059
          b:e:w 1350.5185543
          b:c:n 1349.8956435
          b:c:w 1349.9406753
          b:n:w 2577.2922431
          e:c:n 5441.2179227
          e:c:w 5441.4481491
          e:n:w 8088.2049270
          c:n:w 7004.4426037
        b:e:c:n 2305.4625625
        b:e:c:w 2305.5334492
        b:e:n:w 3029.8587168
        b:c:n:w 2743.2829975
        e:c:n:w 61651.8573355
