########################################
# legofit: estimate population history #
#       version 2.3.4-4-g53f8760       #
########################################

# Program was compiled: Sep 21 2021 14:36:42
# Program was run: Wed Oct 13 15:09:26 2021

# cmd: legofit -1 -d 0 -t 32 --ptsPerDim 3 --stateOut b1boot6.state --tol 3e-6 -S 5000 efg2.lgo ../../boot/boot6.opf
# Stage nOptItr nSimReps
#     0    5000        0
# algorithm          : deterministic
# ignoring probs <=  : 0
# Branch length floor: 0
# DE strategy        : 2
#    F               : 0.3
#    CR              : 0.8
#    tolerance       : 3e-06
# nthreads           : 32
# lgo input file     : efg2.lgo
# site pat input file: ../../boot/boot6.opf
# free parameters    : 14
# points in DE swarm : 42
# output state file  : b1boot6.state
# Including singleton site patterns.
# cost function      : KL
Initial parameter values
Fixed:
      zero = 0
       one = 1
    Tbecnw = 75200
Free:
       pc1 = 0
       pc2 = 0
       pc3 = 0
       pc4 = 0
       pc5 = 0
       pc6 = 0
       pc7 = 0
       pc8 = 0
       pc9 = 0
      pc10 = 0
      pc11 = 0
      pc12 = 0
      pc13 = 0
      pc14 = 0
Constrained:
     Tecnw = 58340.7
       Tnw = 6535.6
       Tec = 12758.6
     twoNb = 1.62612e+06
     twoNe = 228115
     twoNc = 226106
     twoNw = 1.10392e+06
    twoNec = 76681
    twoNnw = 139976
  twoNecnw = 16301.5
  twoNbecnw = 85729.8
        m5 = 0.485202
        m6 = 0.361108
        m7 = 0.00263959
        Te = 6379.28
        Tf = 3189.64
        Tg = 1594.82
DiffEv reached_goal. cost=2.30993e-03 spread=2.89138e-06
Fitted parameter values
Free:
       pc1 = 2.48424
       pc2 = -3.95049
       pc3 = -1.69889
       pc4 = -0.812705
       pc5 = -0.347489
       pc6 = 1.69085
       pc7 = -0.718281
       pc8 = -0.0301728
       pc9 = -0.156995
      pc10 = 0.0337006
      pc11 = 0.0896086
      pc12 = -0.112144
      pc13 = -0.0341728
      pc14 = -0.0174849
Constrained:
     Tecnw = 60350.6
       Tnw = 61.4327
       Tec = 70.0229
     twoNb = 1.71779e+06
     twoNe = 570645
     twoNc = 519322
     twoNw = 915281
    twoNec = 119963
    twoNnw = 177810
  twoNecnw = 13945.4
  twoNbecnw = 88033
        m5 = 0.472908
        m6 = 0.337007
        m7 = 0.00524886
        Te = 35.0115
        Tf = 17.5057
        Tg = 8.75287
#       SitePat  BranchLen
              b 147763.4001787
              e 57309.3153603
              c 60440.8277355
              n 54466.7072200
              w 54464.9067398
            b:e 2728.5421648
            b:c 2994.8911761
            b:n 2271.5969788
            b:w 2271.4897601
            e:c 12327.2470496
            e:n 6631.3279975
            e:w 6631.9626938
            c:n 5638.1875571
            c:w 5639.0093511
            n:w 14639.5272351
          b:e:c 2538.0439089
          b:e:n 1332.5164587
          b:e:w 1332.5070964
          b:c:n 1331.6969285
          b:c:w 1331.7062645
          b:n:w 2536.8001213
          e:c:n 5382.8172682
          e:c:w 5383.1612581
          e:n:w 8052.6829416
          c:n:w 6935.5669473
        b:e:c:n 2272.2999281
        b:e:c:w 2272.4071729
        b:e:n:w 2996.1349637
        b:c:n:w 2703.1037168
        e:c:n:w 61486.1705556
