########################################
# legofit: estimate population history #
#       version 2.3.4-4-g53f8760       #
########################################

# Program was compiled: Sep 21 2021 14:36:42
# Program was run: Wed Oct 13 15:09:44 2021

# cmd: legofit -1 -d 0 -t 32 --ptsPerDim 3 --stateOut b1boot28.state --tol 3e-6 -S 5000 efg2.lgo ../../boot/boot28.opf
# Stage nOptItr nSimReps
#     0    5000        0
# algorithm          : deterministic
# ignoring probs <=  : 0
# Branch length floor: 0
# DE strategy        : 2
#    F               : 0.3
#    CR              : 0.8
#    tolerance       : 3e-06
# nthreads           : 32
# lgo input file     : efg2.lgo
# site pat input file: ../../boot/boot28.opf
# free parameters    : 14
# points in DE swarm : 42
# output state file  : b1boot28.state
# Including singleton site patterns.
# cost function      : KL
Initial parameter values
Fixed:
      zero = 0
       one = 1
    Tbecnw = 75200
Free:
       pc1 = 0
       pc2 = 0
       pc3 = 0
       pc4 = 0
       pc5 = 0
       pc6 = 0
       pc7 = 0
       pc8 = 0
       pc9 = 0
      pc10 = 0
      pc11 = 0
      pc12 = 0
      pc13 = 0
      pc14 = 0
Constrained:
     Tecnw = 58340.7
       Tnw = 6535.6
       Tec = 12758.6
     twoNb = 1.62612e+06
     twoNe = 228115
     twoNc = 226106
     twoNw = 1.10392e+06
    twoNec = 76681
    twoNnw = 139976
  twoNecnw = 16301.5
  twoNbecnw = 85729.8
        m5 = 0.485202
        m6 = 0.361108
        m7 = 0.00263959
        Te = 6379.28
        Tf = 3189.64
        Tg = 1594.82
DiffEv reached_goal. cost=2.32167e-03 spread=2.11180e-06
Fitted parameter values
Free:
       pc1 = 2.57363
       pc2 = -3.98476
       pc3 = -1.69637
       pc4 = -0.922068
       pc5 = 0.469334
       pc6 = 0.754797
       pc7 = 1.38977
       pc8 = 0.21989
       pc9 = -0.117358
      pc10 = 0.178293
      pc11 = 0.0453566
      pc12 = -0.0226476
      pc13 = -0.0549555
      pc14 = -0.0352457
Constrained:
     Tecnw = 60199.5
       Tnw = 22.0575
       Tec = 3.50446
     twoNb = 2.60645e+06
     twoNe = 89409.1
     twoNc = 314533
     twoNw = 627587
    twoNec = 123471
    twoNnw = 178798
  twoNecnw = 14133
  twoNbecnw = 88089.6
        m5 = 0.46796
        m6 = 0.334499
        m7 = 0.00490975
        Te = 1.75223
        Tf = 0.876116
        Tg = 0.438058
#       SitePat  BranchLen
              b 147736.6667551
              e 57482.9223372
              c 60552.3086999
              n 54556.8099852
              w 54555.2089350
            b:e 2737.2494460
            b:c 3010.8054384
            b:n 2285.6499097
            b:w 2285.5543015
            e:c 12289.9399619
            e:n 6621.1601857
            e:w 6621.9459096
            c:n 5647.7373293
            c:w 5648.2503041
            n:w 14654.0729381
          b:e:c 2549.1521306
          b:e:n 1342.2709412
          b:e:w 1342.2846368
          b:c:n 1341.7780857
          b:c:w 1341.7643787
          b:n:w 2548.3757999
          e:c:n 5406.8354608
          e:c:w 5407.1378122
          e:n:w 8065.5936691
          c:n:w 6960.9008865
        b:e:c:n 2286.0608527
        b:e:c:w 2286.1564722
        b:e:n:w 3011.5817692
        b:c:n:w 2721.4637722
        e:c:n:w 61376.5231048
