########################################
# legofit: estimate population history #
#       version 2.3.4-4-g53f8760       #
########################################

# Program was compiled: Sep 21 2021 14:36:42
# Program was run: Wed Oct 13 15:09:37 2021

# cmd: legofit -1 -d 0 -t 32 --ptsPerDim 3 --stateOut b1boot23.state --tol 3e-6 -S 5000 efg2.lgo ../../boot/boot23.opf
# Stage nOptItr nSimReps
#     0    5000        0
# algorithm          : deterministic
# ignoring probs <=  : 0
# Branch length floor: 0
# DE strategy        : 2
#    F               : 0.3
#    CR              : 0.8
#    tolerance       : 3e-06
# nthreads           : 32
# lgo input file     : efg2.lgo
# site pat input file: ../../boot/boot23.opf
# free parameters    : 14
# points in DE swarm : 42
# output state file  : b1boot23.state
# Including singleton site patterns.
# cost function      : KL
Initial parameter values
Fixed:
      zero = 0
       one = 1
    Tbecnw = 75200
Free:
       pc1 = 0
       pc2 = 0
       pc3 = 0
       pc4 = 0
       pc5 = 0
       pc6 = 0
       pc7 = 0
       pc8 = 0
       pc9 = 0
      pc10 = 0
      pc11 = 0
      pc12 = 0
      pc13 = 0
      pc14 = 0
Constrained:
     Tecnw = 58340.7
       Tnw = 6535.6
       Tec = 12758.6
     twoNb = 1.62612e+06
     twoNe = 228115
     twoNc = 226106
     twoNw = 1.10392e+06
    twoNec = 76681
    twoNnw = 139976
  twoNecnw = 16301.5
  twoNbecnw = 85729.8
        m5 = 0.485202
        m6 = 0.361108
        m7 = 0.00263959
        Te = 6379.28
        Tf = 3189.64
        Tg = 1594.82
DiffEv reached_goal. cost=2.32014e-03 spread=2.94048e-06
Fitted parameter values
Free:
       pc1 = 2.57343
       pc2 = -3.79957
       pc3 = -1.50805
       pc4 = -1.55069
       pc5 = 0.306408
       pc6 = 1.62613
       pc7 = 0.0432307
       pc8 = -0.0888857
       pc9 = -0.0368956
      pc10 = 0.0681287
      pc11 = 0.0987581
      pc12 = 0.0857411
      pc13 = -0.0235554
      pc14 = -0.0403798
Constrained:
     Tecnw = 60253.3
       Tnw = 37.5951
       Tec = 67.4428
     twoNb = 1.71577e+06
     twoNe = 228744
     twoNc = 528286
     twoNw = 805438
    twoNec = 122096
    twoNnw = 177738
  twoNecnw = 14092.4
  twoNbecnw = 88079.6
        m5 = 0.464704
        m6 = 0.334813
        m7 = 0.00532287
        Te = 33.7214
        Tf = 16.8607
        Tg = 8.43036
#       SitePat  BranchLen
              b 147714.6308334
              e 57489.9092170
              c 60469.6698023
              n 54529.4018201
              w 54528.7476102
            b:e 2755.3064026
            b:c 3004.1128421
            b:n 2284.2682416
            b:w 2284.2289771
            e:c 12378.4460326
            e:n 6592.3276147
            e:w 6592.3600451
            c:n 5645.6054971
            c:w 5646.0993533
            n:w 14725.3377394
          b:e:c 2561.1899310
          b:e:n 1337.9190598
          b:e:w 1337.8958856
          b:c:n 1337.0692070
          b:c:w 1337.0923670
          b:n:w 2559.9197604
          e:c:n 5400.4607416
          e:c:w 5400.5886649
          e:n:w 8047.7366788
          c:n:w 6989.7044902
        b:e:c:n 2285.0556557
        b:e:c:w 2285.0949344
        b:e:n:w 3005.3830127
        b:c:n:w 2729.4843574
        e:c:n:w 61348.9775913
