########################################
# legofit: estimate population history #
#       version 2.3.4-4-g53f8760       #
########################################

# Program was compiled: Sep 21 2021 14:36:42
# Program was run: Wed Oct 13 15:10:09 2021

# cmd: legofit -1 -d 0 -t 32 --ptsPerDim 3 --stateOut b1boot48.state --tol 3e-6 -S 5000 efg2.lgo ../../boot/boot48.opf
# Stage nOptItr nSimReps
#     0    5000        0
# algorithm          : deterministic
# ignoring probs <=  : 0
# Branch length floor: 0
# DE strategy        : 2
#    F               : 0.3
#    CR              : 0.8
#    tolerance       : 3e-06
# nthreads           : 32
# lgo input file     : efg2.lgo
# site pat input file: ../../boot/boot48.opf
# free parameters    : 14
# points in DE swarm : 42
# output state file  : b1boot48.state
# Including singleton site patterns.
# cost function      : KL
Initial parameter values
Fixed:
      zero = 0
       one = 1
    Tbecnw = 75200
Free:
       pc1 = 0
       pc2 = 0
       pc3 = 0
       pc4 = 0
       pc5 = 0
       pc6 = 0
       pc7 = 0
       pc8 = 0
       pc9 = 0
      pc10 = 0
      pc11 = 0
      pc12 = 0
      pc13 = 0
      pc14 = 0
Constrained:
     Tecnw = 58340.7
       Tnw = 6535.6
       Tec = 12758.6
     twoNb = 1.62612e+06
     twoNe = 228115
     twoNc = 226106
     twoNw = 1.10392e+06
    twoNec = 76681
    twoNnw = 139976
  twoNecnw = 16301.5
  twoNbecnw = 85729.8
        m5 = 0.485202
        m6 = 0.361108
        m7 = 0.00263959
        Te = 6379.28
        Tf = 3189.64
        Tg = 1594.82
DiffEv reached_goal. cost=2.35679e-03 spread=2.91919e-06
Fitted parameter values
Free:
       pc1 = 2.58904
       pc2 = -3.94409
       pc3 = -1.39933
       pc4 = -0.557106
       pc5 = -0.208314
       pc6 = 1.95155
       pc7 = -0.258076
       pc8 = -0.223363
       pc9 = -0.106433
      pc10 = 0.0565841
      pc11 = 0.111754
      pc12 = 0.0139647
      pc13 = -0.0185477
      pc14 = -0.0173699
Constrained:
     Tecnw = 60188.1
       Tnw = 22.7528
       Tec = 44.1497
     twoNb = 1.63748e+06
     twoNe = 512476
     twoNc = 390607
     twoNw = 917896
    twoNec = 122098
    twoNnw = 178038
  twoNecnw = 14104.3
  twoNbecnw = 88211.6
        m5 = 0.466716
        m6 = 0.334521
        m7 = 0.00544394
        Te = 22.0749
        Tf = 11.0374
        Tg = 5.51872
#       SitePat  BranchLen
              b 147873.0416495
              e 57427.8602652
              c 60449.9560440
              n 54493.0363059
              w 54492.7586986
            b:e 2751.3589181
            b:c 3000.8588283
            b:n 2280.3148015
            b:w 2280.2981215
            e:c 12342.1056073
            e:n 6601.5511030
            e:w 6601.5207981
            c:n 5640.7148240
            c:w 5640.9677109
            n:w 14687.4094519
          b:e:c 2551.9370860
          b:e:n 1336.9015337
          b:e:w 1336.8873262
          b:c:n 1336.0035134
          b:c:w 1336.0177134
          b:n:w 2550.5803317
          e:c:n 5399.8341435
          e:c:w 5399.8891688
          e:n:w 8050.9216701
          c:n:w 6981.0253352
        b:e:c:n 2281.1819343
        b:e:c:w 2281.1986218
        b:e:n:w 3002.2155826
        b:c:n:w 2723.6732278
        e:c:n:w 61557.1054311
