########################################
# legofit: estimate population history #
#       version 2.3.4-4-g53f8760       #
########################################

# Program was compiled: Sep 21 2021 14:36:42
# Program was run: Wed Oct 13 15:09:54 2021

# cmd: legofit -1 -d 0 -t 32 --ptsPerDim 3 --stateOut b1boot38.state --tol 3e-6 -S 5000 efg2.lgo ../../boot/boot38.opf
# Stage nOptItr nSimReps
#     0    5000        0
# algorithm          : deterministic
# ignoring probs <=  : 0
# Branch length floor: 0
# DE strategy        : 2
#    F               : 0.3
#    CR              : 0.8
#    tolerance       : 3e-06
# nthreads           : 32
# lgo input file     : efg2.lgo
# site pat input file: ../../boot/boot38.opf
# free parameters    : 14
# points in DE swarm : 42
# output state file  : b1boot38.state
# Including singleton site patterns.
# cost function      : KL
Initial parameter values
Fixed:
      zero = 0
       one = 1
    Tbecnw = 75200
Free:
       pc1 = 0
       pc2 = 0
       pc3 = 0
       pc4 = 0
       pc5 = 0
       pc6 = 0
       pc7 = 0
       pc8 = 0
       pc9 = 0
      pc10 = 0
      pc11 = 0
      pc12 = 0
      pc13 = 0
      pc14 = 0
Constrained:
     Tecnw = 58340.7
       Tnw = 6535.6
       Tec = 12758.6
     twoNb = 1.62612e+06
     twoNe = 228115
     twoNc = 226106
     twoNw = 1.10392e+06
    twoNec = 76681
    twoNnw = 139976
  twoNecnw = 16301.5
  twoNbecnw = 85729.8
        m5 = 0.485202
        m6 = 0.361108
        m7 = 0.00263959
        Te = 6379.28
        Tf = 3189.64
        Tg = 1594.82
DiffEv reached_goal. cost=2.31765e-03 spread=2.74533e-06
Fitted parameter values
Free:
       pc1 = 2.26277
       pc2 = -3.98742
       pc3 = -1.79388
       pc4 = -0.798547
       pc5 = 1.3872
       pc6 = 1.41989
       pc7 = 0.63795
       pc8 = 0.303916
       pc9 = -0.0329991
      pc10 = 0.0393289
      pc11 = 0.0600513
      pc12 = -0.0129969
      pc13 = -0.0147102
      pc14 = -0.0099148
Constrained:
     Tecnw = 60183.9
       Tnw = 113.925
       Tec = 190.331
     twoNb = 2.36146e+06
     twoNe = 75547
     twoNc = 382469
     twoNw = 959941
    twoNec = 118201
    twoNnw = 176807
  twoNecnw = 14063
  twoNbecnw = 87707.3
        m5 = 0.472674
        m6 = 0.336332
        m7 = 0.00636123
        Te = 95.1655
        Tf = 47.5828
        Tg = 23.7914
#       SitePat  BranchLen
              b 147525.9964435
              e 57203.8691663
              c 60272.2975162
              n 54337.8609534
              w 54335.9108518
            b:e 2726.8430688
            b:c 2972.2911722
            b:n 2256.2677860
            b:w 2256.1518057
            e:c 12341.4355041
            e:n 6604.3369065
            e:w 6604.6171085
            c:n 5618.4175150
            c:w 5619.7084140
            n:w 14633.1544169
          b:e:c 2526.6931272
          b:e:n 1321.5332618
          b:e:w 1321.4829248
          b:c:n 1320.7698390
          b:c:w 1320.8201428
          b:n:w 2525.5970824
          e:c:n 5363.8532393
          e:c:w 5364.2322397
          e:n:w 8022.3213973
          c:n:w 6949.7344644
        b:e:c:n 2256.8648915
        b:e:c:w 2256.9809050
        b:e:n:w 2973.3872170
        b:c:n:w 2704.3519874
        e:c:n:w 61377.5806973
