########################################
# legofit: estimate population history #
#       version 2.3.4-4-g53f8760       #
########################################

# Program was compiled: Sep 21 2021 14:36:42
# Program was run: Wed Oct 13 15:09:59 2021

# cmd: legofit -1 -d 0 -t 32 --ptsPerDim 3 --stateOut b1boot45.state --tol 3e-6 -S 5000 efg2.lgo ../../boot/boot45.opf
# Stage nOptItr nSimReps
#     0    5000        0
# algorithm          : deterministic
# ignoring probs <=  : 0
# Branch length floor: 0
# DE strategy        : 2
#    F               : 0.3
#    CR              : 0.8
#    tolerance       : 3e-06
# nthreads           : 32
# lgo input file     : efg2.lgo
# site pat input file: ../../boot/boot45.opf
# free parameters    : 14
# points in DE swarm : 42
# output state file  : b1boot45.state
# Including singleton site patterns.
# cost function      : KL
Initial parameter values
Fixed:
      zero = 0
       one = 1
    Tbecnw = 75200
Free:
       pc1 = 0
       pc2 = 0
       pc3 = 0
       pc4 = 0
       pc5 = 0
       pc6 = 0
       pc7 = 0
       pc8 = 0
       pc9 = 0
      pc10 = 0
      pc11 = 0
      pc12 = 0
      pc13 = 0
      pc14 = 0
Constrained:
     Tecnw = 58340.7
       Tnw = 6535.6
       Tec = 12758.6
     twoNb = 1.62612e+06
     twoNe = 228115
     twoNc = 226106
     twoNw = 1.10392e+06
    twoNec = 76681
    twoNnw = 139976
  twoNecnw = 16301.5
  twoNbecnw = 85729.8
        m5 = 0.485202
        m6 = 0.361108
        m7 = 0.00263959
        Te = 6379.28
        Tf = 3189.64
        Tg = 1594.82
DiffEv reached_goal. cost=2.37045e-03 spread=2.92255e-06
Fitted parameter values
Free:
       pc1 = 2.46054
       pc2 = -3.96472
       pc3 = -1.44894
       pc4 = -1.9098
       pc5 = 0.738811
       pc6 = 0.876336
       pc7 = -0.532207
       pc8 = 0.120581
       pc9 = -0.10209
      pc10 = 0.0469222
      pc11 = 0.0792916
      pc12 = 0.0335217
      pc13 = -0.00445642
      pc14 = 0.00912621
Constrained:
     Tecnw = 60361.8
       Tnw = 10.8043
       Tec = 4.52108
     twoNb = 1.97774e+06
     twoNe = 151878
     twoNc = 686746
     twoNw = 1.07915e+06
    twoNec = 120570
    twoNnw = 177279
  twoNecnw = 13875.3
  twoNbecnw = 87916.6
        m5 = 0.46892
        m6 = 0.339886
        m7 = 0.00489131
        Te = 2.26054
        Tf = 1.13027
        Tg = 0.565135
#       SitePat  BranchLen
              b 147754.4899477
              e 57306.6272095
              c 60289.1218757
              n 54368.2197068
              w 54367.8117060
            b:e 2712.3401286
            b:c 2969.0654646
            b:n 2255.3760834
            b:w 2255.3519654
            e:c 12308.2736125
            e:n 6589.2986596
            e:w 6589.4874314
            c:n 5643.0246435
            c:w 5643.1668337
            n:w 14639.2890380
          b:e:c 2524.6625102
          b:e:n 1322.6373979
          b:e:w 1322.6397124
          b:c:n 1321.9867627
          b:c:w 1321.9844442
          b:n:w 2523.6599567
          e:c:n 5357.1644269
          e:c:w 5357.2414656
          e:n:w 8000.9963831
          c:n:w 6934.0453505
        b:e:c:n 2256.0049151
        b:e:c:w 2256.0290372
        b:e:n:w 2970.0680182
        b:c:n:w 2691.6995658
        e:c:n:w 61584.5250018
