########################################
# legofit: estimate population history #
#       version 2.3.4-4-g53f8760       #
########################################

# Program was compiled: Sep 21 2021 14:36:42
# Program was run: Wed Oct 13 15:09:59 2021

# cmd: legofit -1 -d 0 -t 32 --ptsPerDim 3 --stateOut b1boot46.state --tol 3e-6 -S 5000 efg2.lgo ../../boot/boot46.opf
# Stage nOptItr nSimReps
#     0    5000        0
# algorithm          : deterministic
# ignoring probs <=  : 0
# Branch length floor: 0
# DE strategy        : 2
#    F               : 0.3
#    CR              : 0.8
#    tolerance       : 3e-06
# nthreads           : 32
# lgo input file     : efg2.lgo
# site pat input file: ../../boot/boot46.opf
# free parameters    : 14
# points in DE swarm : 42
# output state file  : b1boot46.state
# Including singleton site patterns.
# cost function      : KL
Initial parameter values
Fixed:
      zero = 0
       one = 1
    Tbecnw = 75200
Free:
       pc1 = 0
       pc2 = 0
       pc3 = 0
       pc4 = 0
       pc5 = 0
       pc6 = 0
       pc7 = 0
       pc8 = 0
       pc9 = 0
      pc10 = 0
      pc11 = 0
      pc12 = 0
      pc13 = 0
      pc14 = 0
Constrained:
     Tecnw = 58340.7
       Tnw = 6535.6
       Tec = 12758.6
     twoNb = 1.62612e+06
     twoNe = 228115
     twoNc = 226106
     twoNw = 1.10392e+06
    twoNec = 76681
    twoNnw = 139976
  twoNecnw = 16301.5
  twoNbecnw = 85729.8
        m5 = 0.485202
        m6 = 0.361108
        m7 = 0.00263959
        Te = 6379.28
        Tf = 3189.64
        Tg = 1594.82
DiffEv reached_goal. cost=2.26848e-03 spread=2.77331e-06
Fitted parameter values
Free:
       pc1 = 2.48762
       pc2 = -3.96266
       pc3 = -0.910206
       pc4 = -0.818419
       pc5 = 1.36909
       pc6 = 1.22093
       pc7 = 0.0873521
       pc8 = -0.108419
       pc9 = -0.167362
      pc10 = 0.0460173
      pc11 = 0.0707875
      pc12 = -0.0136693
      pc13 = -0.0268849
      pc14 = -0.0217508
Constrained:
     Tecnw = 59924.1
       Tnw = 117.923
       Tec = 228.344
     twoNb = 2.05479e+06
     twoNe = 96189.4
     twoNc = 398803
     twoNw = 1.31888e+06
    twoNec = 121028
    twoNnw = 177544
  twoNecnw = 14357.7
  twoNbecnw = 88021.6
        m5 = 0.467652
        m6 = 0.334384
        m7 = 0.00554804
        Te = 114.172
        Tf = 57.0861
        Tg = 28.5431
#       SitePat  BranchLen
              b 147707.3815627
              e 57317.8176813
              c 60341.6528518
              n 54408.8810870
              w 54407.8756842
            b:e 2742.6792976
            b:c 2995.8918862
            b:n 2278.8488872
            b:w 2278.7883638
            e:c 12326.1923798
            e:n 6604.1496781
            e:w 6604.0448848
            c:n 5641.0173305
            c:w 5641.9275730
            n:w 14652.7530372
          b:e:c 2546.1626937
          b:e:n 1335.9354221
          b:e:w 1335.8844381
          b:c:n 1335.1640382
          b:c:w 1335.2150000
          b:n:w 2545.0581690
          e:c:n 5411.7432291
          e:c:w 5411.9431825
          e:n:w 8055.9321848
          c:n:w 6982.4257281
        b:e:c:n 2279.5087637
        b:e:c:w 2279.5693093
        b:e:n:w 2996.9964110
        b:c:n:w 2720.1455900
        e:c:n:w 61464.6702767
