########################################
# legofit: estimate population history #
#       version 2.3.4-4-g53f8760       #
########################################

# Program was compiled: Sep 21 2021 14:36:42
# Program was run: Wed Oct 13 15:09:31 2021

# cmd: legofit -1 -d 0 -t 32 --ptsPerDim 3 --stateOut b1boot13.state --tol 3e-6 -S 5000 efg2.lgo ../../boot/boot13.opf
# Stage nOptItr nSimReps
#     0    5000        0
# algorithm          : deterministic
# ignoring probs <=  : 0
# Branch length floor: 0
# DE strategy        : 2
#    F               : 0.3
#    CR              : 0.8
#    tolerance       : 3e-06
# nthreads           : 32
# lgo input file     : efg2.lgo
# site pat input file: ../../boot/boot13.opf
# free parameters    : 14
# points in DE swarm : 42
# output state file  : b1boot13.state
# Including singleton site patterns.
# cost function      : KL
Initial parameter values
Fixed:
      zero = 0
       one = 1
    Tbecnw = 75200
Free:
       pc1 = 0
       pc2 = 0
       pc3 = 0
       pc4 = 0
       pc5 = 0
       pc6 = 0
       pc7 = 0
       pc8 = 0
       pc9 = 0
      pc10 = 0
      pc11 = 0
      pc12 = 0
      pc13 = 0
      pc14 = 0
Constrained:
     Tecnw = 58340.7
       Tnw = 6535.6
       Tec = 12758.6
     twoNb = 1.62612e+06
     twoNe = 228115
     twoNc = 226106
     twoNw = 1.10392e+06
    twoNec = 76681
    twoNnw = 139976
  twoNecnw = 16301.5
  twoNbecnw = 85729.8
        m5 = 0.485202
        m6 = 0.361108
        m7 = 0.00263959
        Te = 6379.28
        Tf = 3189.64
        Tg = 1594.82
DiffEv reached_goal. cost=2.32063e-03 spread=2.96145e-06
Fitted parameter values
Free:
       pc1 = 2.39264
       pc2 = -3.98173
       pc3 = -1.17702
       pc4 = -0.33812
       pc5 = 0.276499
       pc6 = 1.95837
       pc7 = 0.866949
       pc8 = -0.0463014
       pc9 = -0.103535
      pc10 = 0.0822745
      pc11 = 0.0887174
      pc12 = -0.105482
      pc13 = -0.00578413
      pc14 = 0.00455414
Constrained:
     Tecnw = 60138.6
       Tnw = 21.3049
       Tec = 25.184
     twoNb = 1.86116e+06
     twoNe = 278624
     twoNc = 193473
     twoNw = 826183
    twoNec = 121467
    twoNnw = 177636
  twoNecnw = 14078.6
  twoNbecnw = 88230
        m5 = 0.470228
        m6 = 0.332934
        m7 = 0.0056652
        Te = 12.592
        Tf = 6.296
        Tg = 3.148
#       SitePat  BranchLen
              b 147975.4034450
              e 57279.7735121
              c 60411.6625698
              n 54391.7887712
              w 54391.1252034
            b:e 2732.8317064
            b:c 2992.5038220
            b:n 2266.7901033
            b:w 2266.7506225
            e:c 12309.2977376
            e:n 6612.4876860
            e:w 6612.7158578
            c:n 5615.1680482
            c:w 5615.4766693
            n:w 14655.2524223
          b:e:c 2536.3424712
          b:e:n 1329.6845147
          b:e:w 1329.6804914
          b:c:n 1328.8737047
          b:c:w 1328.8777182
          b:n:w 2535.1021861
          e:c:n 5382.1747340
          e:c:w 5382.3015089
          e:n:w 8059.2096061
          c:n:w 6950.1632336
        b:e:c:n 2267.5574092
        b:e:c:w 2267.5968998
        b:e:n:w 2993.7441070
        b:c:n:w 2707.4017157
        e:c:n:w 61763.7426750
