########################################
# legofit: estimate population history #
#       version 2.3.4-4-g53f8760       #
########################################

# Program was compiled: Sep 21 2021 14:36:42
# Program was run: Wed Oct 13 15:09:26 2021

# cmd: legofit -1 -d 0 -t 32 --ptsPerDim 3 --stateOut b1boot11.state --tol 3e-6 -S 5000 efg2.lgo ../../boot/boot11.opf
# Stage nOptItr nSimReps
#     0    5000        0
# algorithm          : deterministic
# ignoring probs <=  : 0
# Branch length floor: 0
# DE strategy        : 2
#    F               : 0.3
#    CR              : 0.8
#    tolerance       : 3e-06
# nthreads           : 32
# lgo input file     : efg2.lgo
# site pat input file: ../../boot/boot11.opf
# free parameters    : 14
# points in DE swarm : 42
# output state file  : b1boot11.state
# Including singleton site patterns.
# cost function      : KL
Initial parameter values
Fixed:
      zero = 0
       one = 1
    Tbecnw = 75200
Free:
       pc1 = 0
       pc2 = 0
       pc3 = 0
       pc4 = 0
       pc5 = 0
       pc6 = 0
       pc7 = 0
       pc8 = 0
       pc9 = 0
      pc10 = 0
      pc11 = 0
      pc12 = 0
      pc13 = 0
      pc14 = 0
Constrained:
     Tecnw = 58340.7
       Tnw = 6535.6
       Tec = 12758.6
     twoNb = 1.62612e+06
     twoNe = 228115
     twoNc = 226106
     twoNw = 1.10392e+06
    twoNec = 76681
    twoNnw = 139976
  twoNecnw = 16301.5
  twoNbecnw = 85729.8
        m5 = 0.485202
        m6 = 0.361108
        m7 = 0.00263959
        Te = 6379.28
        Tf = 3189.64
        Tg = 1594.82
DiffEv reached_goal. cost=2.34364e-03 spread=2.73363e-06
Fitted parameter values
Free:
       pc1 = 2.28071
       pc2 = -3.96315
       pc3 = -1.15293
       pc4 = -1.03957
       pc5 = 1.52813
       pc6 = 1.49275
       pc7 = -0.0469829
       pc8 = 0.114178
       pc9 = -0.28401
      pc10 = 0.0415641
      pc11 = 0.0620341
      pc12 = -0.140731
      pc13 = -0.0724617
      pc14 = -0.0270921
Constrained:
     Tecnw = 60048.9
       Tnw = 106.493
       Tec = 201.814
     twoNb = 1.96241e+06
     twoNe = 70540.4
     twoNc = 453625
     twoNw = 1.2752e+06
    twoNec = 118955
    twoNnw = 178796
  twoNecnw = 14253.2
  twoNbecnw = 87863.4
        m5 = 0.475937
        m6 = 0.336942
        m7 = 0.00600252
        Te = 100.907
        Tf = 50.4534
        Tg = 25.2267
#       SitePat  BranchLen
              b 147561.0834396
              e 57253.6938590
              c 60383.6589694
              n 54465.3210242
              w 54464.3056143
            b:e 2739.3242600
            b:c 2995.5737001
            b:n 2279.2606193
            b:w 2279.1995708
            e:c 12291.3614789
            e:n 6650.9226821
            e:w 6650.8705233
            c:n 5650.1480046
            c:w 5651.0140411
            n:w 14564.9215618
          b:e:c 2532.5267168
          b:e:n 1338.2462178
          b:e:w 1338.2001395
          b:c:n 1337.3840833
          b:c:w 1337.4301374
          b:n:w 2531.2796220
          e:c:n 5411.3289653
          e:c:w 5411.5304974
          e:n:w 8056.3997187
          c:n:w 6955.4205933
        b:e:c:n 2280.0156270
        b:e:c:w 2280.0766997
        b:e:n:w 2996.8207950
        b:c:n:w 2713.8486662
        e:c:n:w 61308.9521140
