########################################
# legofit: estimate population history #
#       version 2.3.4-4-g53f8760       #
########################################

# Program was compiled: Sep 21 2021 14:36:42
# Program was run: Wed Sep 22 15:58:18 2021

# cmd: legofit -1 -d 0 -t 32 --ptsPerDim 3 --stateOut b1boot44.state --tol 3e-6 -S 5000 bce2.lgo ../../boot/boot44.opf
# Stage nOptItr nSimReps
#     0    5000        0
# algorithm          : deterministic
# ignoring probs <=  : 0
# Branch length floor: 0
# DE strategy        : 2
#    F               : 0.3
#    CR              : 0.8
#    tolerance       : 3e-06
# nthreads           : 32
# lgo input file     : bce2.lgo
# site pat input file: ../../boot/boot44.opf
# free parameters    : 14
# points in DE swarm : 42
# output state file  : b1boot44.state
# Including singleton site patterns.
# cost function      : KL
Initial parameter values
Fixed:
      zero = 0
       one = 1
    Tbecnw = 75200
Free:
       pc1 = 0
       pc2 = 0
       pc3 = 0
       pc4 = 0
       pc5 = 0
       pc6 = 0
       pc7 = 0
       pc8 = 0
       pc9 = 0
      pc10 = 0
      pc11 = 0
      pc12 = 0
      pc13 = 0
      pc14 = 0
Constrained:
     Tecnw = 43859.4
       Tnw = 4390.9
       Tec = 8695.6
     twoNb = 1.16128e+06
     twoNe = 112678
     twoNn = 161205
     twoNw = 357474
    twoNec = 217470
    twoNnw = 116952
  twoNecnw = 27714.4
  twoNbecnw = 78896.3
        m2 = 0.0119841
        m3 = 0.271098
        m5 = 0.146345
        Tb = 26277.5
        Tc = 2195.45
        Te = 1097.73
DiffEv reached_goal. cost=2.50691e-03 spread=2.96460e-06
Fitted parameter values
Free:
       pc1 = 3.99324
       pc2 = 1.76715
       pc3 = 1.09303
       pc4 = 1.88232
       pc5 = 1.54409
       pc6 = -0.567669
       pc7 = 1.05934
       pc8 = -0.755652
       pc9 = 0.601183
      pc10 = -0.0091223
      pc11 = -0.317175
      pc12 = 0.0334424
      pc13 = -0.0306772
      pc14 = 0.0292002
Constrained:
     Tecnw = 44228
       Tnw = 370.952
       Tec = 808.56
     twoNb = 2.30522e+06
     twoNe = 14847
     twoNn = 176444
     twoNw = 150195
    twoNec = 262114
    twoNnw = 137110
  twoNecnw = 26581.5
  twoNbecnw = 78615.4
        m2 = 0.0247286
        m3 = 0.27831
        m5 = 0.149471
        Tb = 22518.3
        Tc = 185.476
        Te = 92.738
#       SitePat  BranchLen
              b 139348.1123303
              e 53677.0237005
              c 57094.9882871
              n 49688.1082477
              w 52650.9874453
            b:e 2573.6302956
            b:c 2946.2081866
            b:n 2029.4484116
            b:w 2220.5598494
            e:c 11142.7872155
            e:n 6305.5562741
            e:w 5454.0645083
            c:n 5440.8791918
            c:w 4251.1350513
            n:w 13784.0873319
          b:e:c 2253.0967031
          b:e:n 1201.6158137
          b:e:w 1236.5368980
          b:c:n 1238.3269168
          b:c:w 1200.1702586
          b:n:w 2245.4517973
          e:c:n 6347.4436625
          e:c:w 5442.1364355
          e:n:w 8195.6563541
          c:n:w 6836.5247701
        b:e:c:n 2224.9340966
        b:e:c:w 2020.7221684
        b:e:n:w 2901.3200758
        b:c:n:w 2537.1712576
        e:c:n:w 57200.7808579
