########################################
# legofit: estimate population history #
#       version 2.3.4-4-g53f8760       #
########################################

# Program was compiled: Sep 21 2021 14:36:42
# Program was run: Wed Sep 22 15:58:18 2021

# cmd: legofit -1 -d 0 -t 32 --ptsPerDim 3 --stateOut b1boot43.state --tol 3e-6 -S 5000 bce2.lgo ../../boot/boot43.opf
# Stage nOptItr nSimReps
#     0    5000        0
# algorithm          : deterministic
# ignoring probs <=  : 0
# Branch length floor: 0
# DE strategy        : 2
#    F               : 0.3
#    CR              : 0.8
#    tolerance       : 3e-06
# nthreads           : 32
# lgo input file     : bce2.lgo
# site pat input file: ../../boot/boot43.opf
# free parameters    : 14
# points in DE swarm : 42
# output state file  : b1boot43.state
# Including singleton site patterns.
# cost function      : KL
Initial parameter values
Fixed:
      zero = 0
       one = 1
    Tbecnw = 75200
Free:
       pc1 = 0
       pc2 = 0
       pc3 = 0
       pc4 = 0
       pc5 = 0
       pc6 = 0
       pc7 = 0
       pc8 = 0
       pc9 = 0
      pc10 = 0
      pc11 = 0
      pc12 = 0
      pc13 = 0
      pc14 = 0
Constrained:
     Tecnw = 43859.4
       Tnw = 4390.9
       Tec = 8695.6
     twoNb = 1.16128e+06
     twoNe = 112678
     twoNn = 161205
     twoNw = 357474
    twoNec = 217470
    twoNnw = 116952
  twoNecnw = 27714.4
  twoNbecnw = 78896.3
        m2 = 0.0119841
        m3 = 0.271098
        m5 = 0.146345
        Tb = 26277.5
        Tc = 2195.45
        Te = 1097.73
DiffEv reached_goal. cost=2.52286e-03 spread=2.91965e-06
Fitted parameter values
Free:
       pc1 = 3.95998
       pc2 = 2.5836
       pc3 = 1.91446
       pc4 = 1.896
       pc5 = 1.43829
       pc6 = -1.51408
       pc7 = 0.895335
       pc8 = -0.663736
       pc9 = 0.358619
      pc10 = 0.327428
      pc11 = -0.178843
      pc12 = 0.0188508
      pc13 = -0.0663426
      pc14 = 0.108065
Constrained:
     Tecnw = 44332.3
       Tnw = 149.65
       Tec = 578.502
     twoNb = 2.39968e+06
     twoNe = 10758.3
     twoNn = 285189
     twoNw = 6529.27
    twoNec = 268590
    twoNnw = 138532
  twoNecnw = 26419.3
  twoNbecnw = 78456
        m2 = 0.0248696
        m3 = 0.284537
        m5 = 0.13792
        Tb = 22455.4
        Tc = 74.825
        Te = 37.4125
#       SitePat  BranchLen
              b 139238.7191419
              e 53698.6538672
              c 57082.2638848
              n 49733.6602621
              w 52740.0394454
            b:e 2570.7761606
            b:c 2926.5306182
            b:n 2024.5569301
            b:w 2217.7598740
            e:c 11101.0140756
            e:n 6334.4427607
            e:w 5446.4354298
            c:n 5434.2263670
            c:w 4252.2336580
            n:w 13711.2199292
          b:e:c 2238.8384621
          b:e:n 1201.2787780
          b:e:w 1231.5801162
          b:c:n 1233.3004882
          b:c:w 1199.7702608
          b:n:w 2231.4598672
          e:c:n 6349.5903374
          e:c:w 5429.3528329
          e:n:w 8126.1293183
          c:n:w 6829.1133342
        b:e:c:n 2222.0260738
        b:e:c:w 2015.9103802
        b:e:n:w 2883.1663270
        b:c:n:w 2535.0241468
        e:c:n:w 57121.5027051
