########################################
# legofit: estimate population history #
#       version 2.3.4-4-g53f8760       #
########################################

# Program was compiled: Sep 21 2021 14:36:42
# Program was run: Wed Sep 22 15:56:30 2021

# cmd: legofit -1 -d 0 -t 32 --ptsPerDim 3 --stateOut b1boot10.state --tol 3e-6 -S 5000 bce2.lgo ../../boot/boot10.opf
# Stage nOptItr nSimReps
#     0    5000        0
# algorithm          : deterministic
# ignoring probs <=  : 0
# Branch length floor: 0
# DE strategy        : 2
#    F               : 0.3
#    CR              : 0.8
#    tolerance       : 3e-06
# nthreads           : 32
# lgo input file     : bce2.lgo
# site pat input file: ../../boot/boot10.opf
# free parameters    : 14
# points in DE swarm : 42
# output state file  : b1boot10.state
# Including singleton site patterns.
# cost function      : KL
Initial parameter values
Fixed:
      zero = 0
       one = 1
    Tbecnw = 75200
Free:
       pc1 = 0
       pc2 = 0
       pc3 = 0
       pc4 = 0
       pc5 = 0
       pc6 = 0
       pc7 = 0
       pc8 = 0
       pc9 = 0
      pc10 = 0
      pc11 = 0
      pc12 = 0
      pc13 = 0
      pc14 = 0
Constrained:
     Tecnw = 43859.4
       Tnw = 4390.9
       Tec = 8695.6
     twoNb = 1.16128e+06
     twoNe = 112678
     twoNn = 161205
     twoNw = 357474
    twoNec = 217470
    twoNnw = 116952
  twoNecnw = 27714.4
  twoNbecnw = 78896.3
        m2 = 0.0119841
        m3 = 0.271098
        m5 = 0.146345
        Tb = 26277.5
        Tc = 2195.45
        Te = 1097.73
DiffEv reached_goal. cost=2.51328e-03 spread=2.81215e-06
Fitted parameter values
Free:
       pc1 = 3.95308
       pc2 = 2.40637
       pc3 = 1.87501
       pc4 = 1.9832
       pc5 = 1.79072
       pc6 = -1.17498
       pc7 = 1.34141
       pc8 = -0.842783
       pc9 = 0.11303
      pc10 = 0.23288
      pc11 = -0.0675353
      pc12 = 0.0757369
      pc13 = -0.0824875
      pc14 = -0.0665959
Constrained:
     Tecnw = 44170.4
       Tnw = 239.284
       Tec = 544.907
     twoNb = 2.56457e+06
     twoNe = 9086.64
     twoNn = 216810
     twoNw = 13451.7
    twoNec = 265234
    twoNnw = 137352
  twoNecnw = 26391.1
  twoNbecnw = 78571.5
        m2 = 0.0262213
        m3 = 0.277894
        m5 = 0.138557
        Tb = 22357.7
        Tc = 119.642
        Te = 59.8209
#       SitePat  BranchLen
              b 139390.4371836
              e 53613.5096964
              c 56985.8261728
              n 49562.8614919
              w 52518.5249057
            b:e 2577.5395118
            b:c 2936.2277883
            b:n 2013.3023487
            b:w 2197.9565815
            e:c 11139.5171494
            e:n 6290.2544925
            e:w 5401.2230272
            c:n 5387.8236592
            c:w 4232.2854994
            n:w 13791.5908808
          b:e:c 2239.1777017
          b:e:n 1191.2151826
          b:e:w 1219.8007071
          b:c:n 1221.4781401
          b:c:w 1189.7545198
          b:n:w 2231.8199559
          e:c:n 6311.1028586
          e:c:w 5415.6250057
          e:n:w 8169.1249429
          c:n:w 6860.3907445
        b:e:c:n 2202.1257601
        b:e:c:w 2004.9936874
        b:e:n:w 2893.2382290
        b:c:n:w 2542.1192656
        e:c:n:w 57382.7386107
