########################################
# legofit: estimate population history #
#       version 2.3.4-4-g53f8760       #
########################################

# Program was compiled: Sep 21 2021 14:36:42
# Program was run: Wed Sep 22 15:58:11 2021

# cmd: legofit -1 -d 0 -t 32 --ptsPerDim 3 --stateOut b1boot37.state --tol 3e-6 -S 5000 bce2.lgo ../../boot/boot37.opf
# Stage nOptItr nSimReps
#     0    5000        0
# algorithm          : deterministic
# ignoring probs <=  : 0
# Branch length floor: 0
# DE strategy        : 2
#    F               : 0.3
#    CR              : 0.8
#    tolerance       : 3e-06
# nthreads           : 32
# lgo input file     : bce2.lgo
# site pat input file: ../../boot/boot37.opf
# free parameters    : 14
# points in DE swarm : 42
# output state file  : b1boot37.state
# Including singleton site patterns.
# cost function      : KL
Initial parameter values
Fixed:
      zero = 0
       one = 1
    Tbecnw = 75200
Free:
       pc1 = 0
       pc2 = 0
       pc3 = 0
       pc4 = 0
       pc5 = 0
       pc6 = 0
       pc7 = 0
       pc8 = 0
       pc9 = 0
      pc10 = 0
      pc11 = 0
      pc12 = 0
      pc13 = 0
      pc14 = 0
Constrained:
     Tecnw = 43859.4
       Tnw = 4390.9
       Tec = 8695.6
     twoNb = 1.16128e+06
     twoNe = 112678
     twoNn = 161205
     twoNw = 357474
    twoNec = 217470
    twoNnw = 116952
  twoNecnw = 27714.4
  twoNbecnw = 78896.3
        m2 = 0.0119841
        m3 = 0.271098
        m5 = 0.146345
        Tb = 26277.5
        Tc = 2195.45
        Te = 1097.73
DiffEv reached_goal. cost=2.52570e-03 spread=2.39707e-06
Fitted parameter values
Free:
       pc1 = 3.9912
       pc2 = 2.49395
       pc3 = 1.99802
       pc4 = 1.86781
       pc5 = 1.95034
       pc6 = -0.577472
       pc7 = 1.4337
       pc8 = -0.307298
       pc9 = 0.32388
      pc10 = 0.561326
      pc11 = -0.0695736
      pc12 = 0.16965
      pc13 = -0.0889144
      pc14 = -0.0900477
Constrained:
     Tecnw = 44280.4
       Tnw = 375.43
       Tec = 733.535
     twoNb = 2.76945e+06
     twoNe = 12761.8
     twoNn = 119793
     twoNw = 19277.2
    twoNec = 263255
    twoNnw = 135423
  twoNecnw = 26248.8
  twoNbecnw = 78357.2
        m2 = 0.02478
        m3 = 0.28266
        m5 = 0.140072
        Tb = 22507
        Tc = 187.715
        Te = 93.8575
#       SitePat  BranchLen
              b 139313.3837334
              e 53539.4732685
              c 56900.0533281
              n 49533.2720981
              w 52488.4772296
            b:e 2540.8881319
            b:c 2896.1456103
            b:n 1996.4057651
            b:w 2186.5909895
            e:c 11114.2561858
            e:n 6239.0391666
            e:w 5407.9554614
            c:n 5395.6511940
            c:w 4195.1186096
            n:w 13752.1849868
          b:e:c 2224.8575133
          b:e:n 1179.4529484
          b:e:w 1214.3395630
          b:c:n 1215.8265270
          b:c:w 1178.1922247
          b:n:w 2218.4792767
          e:c:n 6296.8570133
          e:c:w 5387.1009728
          e:n:w 8107.1379687
          c:n:w 6795.9279178
        b:e:c:n 2190.2176818
        b:e:c:w 1988.9473437
        b:e:n:w 2858.6995780
        b:c:n:w 2510.0706749
        e:c:n:w 57423.2747645
