########################################
# legofit: estimate population history #
#       version 2.3.4-4-g53f8760       #
########################################

# Program was compiled: Sep 21 2021 14:36:42
# Program was run: Wed Sep 22 15:58:05 2021

# cmd: legofit -1 -d 0 -t 32 --ptsPerDim 3 --stateOut b1boot35.state --tol 3e-6 -S 5000 bce2.lgo ../../boot/boot35.opf
# Stage nOptItr nSimReps
#     0    5000        0
# algorithm          : deterministic
# ignoring probs <=  : 0
# Branch length floor: 0
# DE strategy        : 2
#    F               : 0.3
#    CR              : 0.8
#    tolerance       : 3e-06
# nthreads           : 32
# lgo input file     : bce2.lgo
# site pat input file: ../../boot/boot35.opf
# free parameters    : 14
# points in DE swarm : 42
# output state file  : b1boot35.state
# Including singleton site patterns.
# cost function      : KL
Initial parameter values
Fixed:
      zero = 0
       one = 1
    Tbecnw = 75200
Free:
       pc1 = 0
       pc2 = 0
       pc3 = 0
       pc4 = 0
       pc5 = 0
       pc6 = 0
       pc7 = 0
       pc8 = 0
       pc9 = 0
      pc10 = 0
      pc11 = 0
      pc12 = 0
      pc13 = 0
      pc14 = 0
Constrained:
     Tecnw = 43859.4
       Tnw = 4390.9
       Tec = 8695.6
     twoNb = 1.16128e+06
     twoNe = 112678
     twoNn = 161205
     twoNw = 357474
    twoNec = 217470
    twoNnw = 116952
  twoNecnw = 27714.4
  twoNbecnw = 78896.3
        m2 = 0.0119841
        m3 = 0.271098
        m5 = 0.146345
        Tb = 26277.5
        Tc = 2195.45
        Te = 1097.73
DiffEv reached_goal. cost=2.50995e-03 spread=2.98621e-06
Fitted parameter values
Free:
       pc1 = 3.99541
       pc2 = 2.53809
       pc3 = 1.88945
       pc4 = 1.97388
       pc5 = 1.81664
       pc6 = -0.966145
       pc7 = 1.34333
       pc8 = -0.545756
       pc9 = 0.265256
      pc10 = 0.40602
      pc11 = -0.0775301
      pc12 = -0.0076703
      pc13 = 0.000494452
      pc14 = 0.0377233
Constrained:
     Tecnw = 44312.9
       Tnw = 322.556
       Tec = 609.997
     twoNb = 2.65162e+06
     twoNe = 9124.54
     twoNn = 184381
     twoNw = 15754.6
    twoNec = 268354
    twoNnw = 136962
  twoNecnw = 26417.7
  twoNbecnw = 78412.7
        m2 = 0.0254705
        m3 = 0.280773
        m5 = 0.139229
        Tb = 22461.4
        Tc = 161.278
        Te = 80.639
#       SitePat  BranchLen
              b 139205.7050569
              e 53705.8232187
              c 57147.2711772
              n 49657.9736218
              w 52643.7930937
            b:e 2574.1981232
            b:c 2936.9103378
            b:n 2017.1306228
            b:w 2207.2241830
            e:c 11097.0074680
            e:n 6337.7327902
            e:w 5431.3399754
            c:n 5400.4754377
            c:w 4243.3924727
            n:w 13774.7064177
          b:e:c 2241.1913742
          b:e:n 1198.3518535
          b:e:w 1226.4814488
          b:c:n 1228.0597505
          b:c:w 1196.9569161
          b:n:w 2234.3372648
          e:c:n 6318.9722288
          e:c:w 5411.3974035
          e:n:w 8166.4876314
          c:n:w 6842.9209574
        b:e:c:n 2211.1564848
        b:e:c:w 2009.2672970
        b:e:n:w 2896.6742443
        b:c:n:w 2541.1022361
        e:c:n:w 57098.6656519
