########################################
# legofit: estimate population history #
#       version 2.3.4-4-g53f8760       #
########################################

# Program was compiled: Sep 21 2021 14:36:42
# Program was run: Wed Sep 22 15:58:24 2021

# cmd: legofit -1 -d 0 -t 32 --ptsPerDim 3 --stateOut b1boot48.state --tol 3e-6 -S 5000 bce2.lgo ../../boot/boot48.opf
# Stage nOptItr nSimReps
#     0    5000        0
# algorithm          : deterministic
# ignoring probs <=  : 0
# Branch length floor: 0
# DE strategy        : 2
#    F               : 0.3
#    CR              : 0.8
#    tolerance       : 3e-06
# nthreads           : 32
# lgo input file     : bce2.lgo
# site pat input file: ../../boot/boot48.opf
# free parameters    : 14
# points in DE swarm : 42
# output state file  : b1boot48.state
# Including singleton site patterns.
# cost function      : KL
Initial parameter values
Fixed:
      zero = 0
       one = 1
    Tbecnw = 75200
Free:
       pc1 = 0
       pc2 = 0
       pc3 = 0
       pc4 = 0
       pc5 = 0
       pc6 = 0
       pc7 = 0
       pc8 = 0
       pc9 = 0
      pc10 = 0
      pc11 = 0
      pc12 = 0
      pc13 = 0
      pc14 = 0
Constrained:
     Tecnw = 43859.4
       Tnw = 4390.9
       Tec = 8695.6
     twoNb = 1.16128e+06
     twoNe = 112678
     twoNn = 161205
     twoNw = 357474
    twoNec = 217470
    twoNnw = 116952
  twoNecnw = 27714.4
  twoNbecnw = 78896.3
        m2 = 0.0119841
        m3 = 0.271098
        m5 = 0.146345
        Tb = 26277.5
        Tc = 2195.45
        Te = 1097.73
DiffEv reached_goal. cost=2.53483e-03 spread=2.30921e-06
Fitted parameter values
Free:
       pc1 = 3.9716
       pc2 = 2.4574
       pc3 = 1.85241
       pc4 = 1.9351
       pc5 = 1.61949
       pc6 = -1.51937
       pc7 = 1.01857
       pc8 = -0.822187
       pc9 = 0.241913
      pc10 = 0.494305
      pc11 = -0.0901197
      pc12 = -0.0336062
      pc13 = -0.112165
      pc14 = 0.0568177
Constrained:
     Tecnw = 44356
       Tnw = 142.446
       Tec = 552.047
     twoNb = 2.4195e+06
     twoNe = 10025.7
     twoNn = 272709
     twoNw = 5768.33
    twoNec = 265173
    twoNnw = 139140
  twoNecnw = 26350.4
  twoNbecnw = 78422.4
        m2 = 0.0253752
        m3 = 0.27953
        m5 = 0.137469
        Tb = 22454
        Tc = 71.2231
        Te = 35.6116
#       SitePat  BranchLen
              b 139228.2226321
              e 53651.5304147
              c 57040.8908811
              n 49717.7270502
              w 52709.9695756
            b:e 2568.8468835
            b:c 2925.0672210
            b:n 2020.1477578
            b:w 2211.8312232
            e:c 11159.7887788
            e:n 6312.3131922
            e:w 5424.2743183
            c:n 5403.9887552
            c:w 4233.4721170
            n:w 13746.7152998
          b:e:c 2241.8101899
          b:e:n 1195.6230775
          b:e:w 1224.8476257
          b:c:n 1226.5688171
          b:c:w 1194.1081606
          b:n:w 2234.2841034
          e:c:n 6339.0785632
          e:c:w 5421.4356704
          e:n:w 8120.1846315
          c:n:w 6822.0605371
        b:e:c:n 2216.1264946
        b:e:c:w 2011.6350170
        b:e:n:w 2881.2129234
        b:c:n:w 2532.6765777
        e:c:n:w 57144.3009239
