########################################
# legofit: estimate population history #
#       version 2.3.4-4-g53f8760       #
########################################

# Program was compiled: Sep 21 2021 14:36:42
# Program was run: Wed Sep 22 15:58:04 2021

# cmd: legofit -1 -d 0 -t 32 --ptsPerDim 3 --stateOut b1boot31.state --tol 3e-6 -S 5000 bce2.lgo ../../boot/boot31.opf
# Stage nOptItr nSimReps
#     0    5000        0
# algorithm          : deterministic
# ignoring probs <=  : 0
# Branch length floor: 0
# DE strategy        : 2
#    F               : 0.3
#    CR              : 0.8
#    tolerance       : 3e-06
# nthreads           : 32
# lgo input file     : bce2.lgo
# site pat input file: ../../boot/boot31.opf
# free parameters    : 14
# points in DE swarm : 42
# output state file  : b1boot31.state
# Including singleton site patterns.
# cost function      : KL
Initial parameter values
Fixed:
      zero = 0
       one = 1
    Tbecnw = 75200
Free:
       pc1 = 0
       pc2 = 0
       pc3 = 0
       pc4 = 0
       pc5 = 0
       pc6 = 0
       pc7 = 0
       pc8 = 0
       pc9 = 0
      pc10 = 0
      pc11 = 0
      pc12 = 0
      pc13 = 0
      pc14 = 0
Constrained:
     Tecnw = 43859.4
       Tnw = 4390.9
       Tec = 8695.6
     twoNb = 1.16128e+06
     twoNe = 112678
     twoNn = 161205
     twoNw = 357474
    twoNec = 217470
    twoNnw = 116952
  twoNecnw = 27714.4
  twoNbecnw = 78896.3
        m2 = 0.0119841
        m3 = 0.271098
        m5 = 0.146345
        Tb = 26277.5
        Tc = 2195.45
        Te = 1097.73
DiffEv reached_goal. cost=2.50685e-03 spread=2.50993e-06
Fitted parameter values
Free:
       pc1 = 3.9984
       pc2 = 1.91088
       pc3 = 1.96554
       pc4 = 1.91937
       pc5 = 1.67744
       pc6 = -1.01299
       pc7 = 1.58696
       pc8 = -0.358245
       pc9 = 0.453772
      pc10 = 0.0914164
      pc11 = -0.232304
      pc12 = -0.000328099
      pc13 = -0.063258
      pc14 = 0.0638631
Constrained:
     Tecnw = 44278.8
       Tnw = 69.1585
       Tec = 1198.91
     twoNb = 2.76798e+06
     twoNe = 25724.1
     twoNn = 203223
     twoNw = 3187.35
    twoNec = 260410
    twoNnw = 138590
  twoNecnw = 26552.7
  twoNbecnw = 78661.2
        m2 = 0.0250139
        m3 = 0.280835
        m5 = 0.144056
        Tb = 22738.9
        Tc = 34.5792
        Te = 17.2896
#       SitePat  BranchLen
              b 139376.5040230
              e 53678.3911707
              c 57153.9255619
              n 49735.4930028
              w 52665.7128866
            b:e 2574.5338585
            b:c 2943.5748399
            b:n 2035.0183147
            b:w 2228.1155230
            e:c 11130.1750640
            e:n 6323.9917965
            e:w 5508.2269000
            c:n 5443.7767876
            c:w 4255.0270569
            n:w 13781.2126370
          b:e:c 2254.0620351
          b:e:n 1204.3061024
          b:e:w 1239.8600286
          b:c:n 1241.3641912
          b:c:w 1203.0377985
          b:n:w 2247.6188980
          e:c:n 6364.5121115
          e:c:w 5452.6515503
          e:n:w 8186.5353474
          c:n:w 6837.3141228
        b:e:c:n 2231.8195184
        b:e:c:w 2027.6500814
        b:e:n:w 2905.9278891
        b:c:n:w 2543.7527345
        e:c:n:w 57174.5023823
