########################################
# legofit: estimate population history #
#       version 2.3.4-4-g53f8760       #
########################################

# Program was compiled: Sep 21 2021 14:36:42
# Program was run: Wed Sep 22 15:56:30 2021

# cmd: legofit -1 -d 0 -t 32 --ptsPerDim 3 --stateOut b1boot9.state --tol 3e-6 -S 5000 bce2.lgo ../../boot/boot9.opf
# Stage nOptItr nSimReps
#     0    5000        0
# algorithm          : deterministic
# ignoring probs <=  : 0
# Branch length floor: 0
# DE strategy        : 2
#    F               : 0.3
#    CR              : 0.8
#    tolerance       : 3e-06
# nthreads           : 32
# lgo input file     : bce2.lgo
# site pat input file: ../../boot/boot9.opf
# free parameters    : 14
# points in DE swarm : 42
# output state file  : b1boot9.state
# Including singleton site patterns.
# cost function      : KL
Initial parameter values
Fixed:
      zero = 0
       one = 1
    Tbecnw = 75200
Free:
       pc1 = 0
       pc2 = 0
       pc3 = 0
       pc4 = 0
       pc5 = 0
       pc6 = 0
       pc7 = 0
       pc8 = 0
       pc9 = 0
      pc10 = 0
      pc11 = 0
      pc12 = 0
      pc13 = 0
      pc14 = 0
Constrained:
     Tecnw = 43859.4
       Tnw = 4390.9
       Tec = 8695.6
     twoNb = 1.16128e+06
     twoNe = 112678
     twoNn = 161205
     twoNw = 357474
    twoNec = 217470
    twoNnw = 116952
  twoNecnw = 27714.4
  twoNbecnw = 78896.3
        m2 = 0.0119841
        m3 = 0.271098
        m5 = 0.146345
        Tb = 26277.5
        Tc = 2195.45
        Te = 1097.73
DiffEv reached_goal. cost=2.54153e-03 spread=2.95920e-06
Fitted parameter values
Free:
       pc1 = 3.99374
       pc2 = 2.11468
       pc3 = 1.69758
       pc4 = 1.91573
       pc5 = 1.94189
       pc6 = -0.831955
       pc7 = 1.55399
       pc8 = -0.501648
       pc9 = 0.452399
      pc10 = 0.383152
      pc11 = -0.169428
      pc12 = -0.0577623
      pc13 = -0.0854706
      pc14 = 0.00318541
Constrained:
     Tecnw = 44316.9
       Tnw = 175.417
       Tec = 729.582
     twoNb = 2.68193e+06
     twoNe = 15327.4
     twoNn = 157107
     twoNw = 11391.9
    twoNec = 261082
    twoNnw = 137944
  twoNecnw = 26481.6
  twoNbecnw = 78446.9
        m2 = 0.0250518
        m3 = 0.277399
        m5 = 0.143558
        Tb = 22523.2
        Tc = 87.7086
        Te = 43.8543
#       SitePat  BranchLen
              b 139224.3156160
              e 53673.7016005
              c 57057.8822805
              n 49714.1590123
              w 52644.0556610
            b:e 2567.7268145
            b:c 2930.3565578
            b:n 2024.5924166
            b:w 2215.5627853
            e:c 11203.9545546
            e:n 6262.8181492
            e:w 5448.9159214
            c:n 5422.9545390
            c:w 4226.4793225
            n:w 13825.3843322
          b:e:c 2254.2338964
          b:e:n 1194.3237181
          b:e:w 1230.4156606
          b:c:n 1231.9627787
          b:c:w 1193.0498229
          b:n:w 2247.5198269
          e:c:n 6337.2070612
          e:c:w 5431.8625759
          e:n:w 8154.7411609
          c:n:w 6825.5250713
        b:e:c:n 2219.3756509
        b:e:c:w 2017.0515763
        b:e:n:w 2891.3319708
        b:c:n:w 2535.7646234
        e:c:n:w 57089.9234039
