########################################
# legofit: estimate population history #
#       version 2.3.4-4-g53f8760       #
########################################

# Program was compiled: Sep 21 2021 14:36:42
# Program was run: Wed Sep 22 15:56:39 2021

# cmd: legofit -1 -d 0 -t 32 --ptsPerDim 3 --stateOut b1boot13.state --tol 3e-6 -S 5000 bce2.lgo ../../boot/boot13.opf
# Stage nOptItr nSimReps
#     0    5000        0
# algorithm          : deterministic
# ignoring probs <=  : 0
# Branch length floor: 0
# DE strategy        : 2
#    F               : 0.3
#    CR              : 0.8
#    tolerance       : 3e-06
# nthreads           : 32
# lgo input file     : bce2.lgo
# site pat input file: ../../boot/boot13.opf
# free parameters    : 14
# points in DE swarm : 42
# output state file  : b1boot13.state
# Including singleton site patterns.
# cost function      : KL
Initial parameter values
Fixed:
      zero = 0
       one = 1
    Tbecnw = 75200
Free:
       pc1 = 0
       pc2 = 0
       pc3 = 0
       pc4 = 0
       pc5 = 0
       pc6 = 0
       pc7 = 0
       pc8 = 0
       pc9 = 0
      pc10 = 0
      pc11 = 0
      pc12 = 0
      pc13 = 0
      pc14 = 0
Constrained:
     Tecnw = 43859.4
       Tnw = 4390.9
       Tec = 8695.6
     twoNb = 1.16128e+06
     twoNe = 112678
     twoNn = 161205
     twoNw = 357474
    twoNec = 217470
    twoNnw = 116952
  twoNecnw = 27714.4
  twoNbecnw = 78896.3
        m2 = 0.0119841
        m3 = 0.271098
        m5 = 0.146345
        Tb = 26277.5
        Tc = 2195.45
        Te = 1097.73
DiffEv reached_goal. cost=2.50047e-03 spread=2.79969e-06
Fitted parameter values
Free:
       pc1 = 3.97903
       pc2 = 2.22556
       pc3 = 1.99857
       pc4 = 1.99689
       pc5 = 1.86192
       pc6 = -0.735715
       pc7 = 1.31966
       pc8 = -0.601011
       pc9 = 0.472732
      pc10 = 0.417546
      pc11 = -0.184196
      pc12 = 0.0450281
      pc13 = -0.111278
      pc14 = -0.0230673
Constrained:
     Tecnw = 44291
       Tnw = 403.696
       Tec = 822.116
     twoNb = 2.67632e+06
     twoNe = 13496.1
     twoNn = 174277
     twoNw = 25714.2
    twoNec = 258257
    twoNnw = 136450
  twoNecnw = 26340.6
  twoNbecnw = 78397.2
        m2 = 0.0259497
        m3 = 0.28168
        m5 = 0.142434
        Tb = 22556.6
        Tc = 201.848
        Te = 100.924
#       SitePat  BranchLen
              b 139248.9785464
              e 53534.7228339
              c 56955.7641994
              n 49588.4585244
              w 52620.6865821
            b:e 2558.5312391
            b:c 2923.3983235
            b:n 2010.7268917
            b:w 2204.4831004
            e:c 11172.2651150
            e:n 6302.7272803
            e:w 5416.3658377
            c:n 5412.4519072
            c:w 4211.7204273
            n:w 13749.7982962
          b:e:c 2237.2303077
          b:e:n 1187.9982599
          b:e:w 1220.2988657
          b:c:n 1221.9218033
          b:c:w 1186.6098916
          b:n:w 2230.2704557
          e:c:n 6336.5851621
          e:c:w 5406.3715333
          e:n:w 8143.1890063
          c:n:w 6809.5232213
        b:e:c:n 2208.4347718
        b:e:c:w 2002.7683626
        b:e:n:w 2882.9594458
        b:c:n:w 2525.4029951
        e:c:n:w 57239.5652391
