########################################
# legofit: estimate population history #
#       version 2.3.4-4-g53f8760       #
########################################

# Program was compiled: Sep 21 2021 14:36:42
# Program was run: Wed Sep 22 15:56:22 2021

# cmd: legofit -1 -d 0 -t 32 --ptsPerDim 3 --stateOut b1boot6.state --tol 3e-6 -S 5000 bce2.lgo ../../boot/boot6.opf
# Stage nOptItr nSimReps
#     0    5000        0
# algorithm          : deterministic
# ignoring probs <=  : 0
# Branch length floor: 0
# DE strategy        : 2
#    F               : 0.3
#    CR              : 0.8
#    tolerance       : 3e-06
# nthreads           : 32
# lgo input file     : bce2.lgo
# site pat input file: ../../boot/boot6.opf
# free parameters    : 14
# points in DE swarm : 42
# output state file  : b1boot6.state
# Including singleton site patterns.
# cost function      : KL
Initial parameter values
Fixed:
      zero = 0
       one = 1
    Tbecnw = 75200
Free:
       pc1 = 0
       pc2 = 0
       pc3 = 0
       pc4 = 0
       pc5 = 0
       pc6 = 0
       pc7 = 0
       pc8 = 0
       pc9 = 0
      pc10 = 0
      pc11 = 0
      pc12 = 0
      pc13 = 0
      pc14 = 0
Constrained:
     Tecnw = 43859.4
       Tnw = 4390.9
       Tec = 8695.6
     twoNb = 1.16128e+06
     twoNe = 112678
     twoNn = 161205
     twoNw = 357474
    twoNec = 217470
    twoNnw = 116952
  twoNecnw = 27714.4
  twoNbecnw = 78896.3
        m2 = 0.0119841
        m3 = 0.271098
        m5 = 0.146345
        Tb = 26277.5
        Tc = 2195.45
        Te = 1097.73
DiffEv reached_goal. cost=2.50597e-03 spread=2.57382e-06
Fitted parameter values
Free:
       pc1 = 3.98751
       pc2 = 2.50143
       pc3 = 1.99865
       pc4 = 1.83668
       pc5 = 1.65671
       pc6 = -1.15682
       pc7 = 1.00356
       pc8 = -0.54948
       pc9 = 0.396077
      pc10 = 0.262192
      pc11 = -0.230721
      pc12 = 0.117011
      pc13 = -0.116418
      pc14 = 0.0418781
Constrained:
     Tecnw = 44254.3
       Tnw = 132.027
       Tec = 645.467
     twoNb = 2.49151e+06
     twoNe = 13239.4
     twoNn = 223120
     twoNw = 8638.39
    twoNec = 264533
    twoNnw = 137953
  twoNecnw = 26380.1
  twoNbecnw = 78465
        m2 = 0.0252138
        m3 = 0.28588
        m5 = 0.139414
        Tb = 22449.9
        Tc = 66.0137
        Te = 33.0069
#       SitePat  BranchLen
              b 139302.2390668
              e 53612.5130547
              c 56942.5390247
              n 49639.3247856
              w 52670.2832603
            b:e 2562.2374581
            b:c 2915.9479799
            b:n 2016.9305800
            b:w 2210.3556497
            e:c 11117.5206599
            e:n 6303.8446531
            e:w 5417.1789675
            c:n 5439.1121553
            c:w 4236.5442273
            n:w 13701.0592955
          b:e:c 2231.7187269
          b:e:n 1193.8478893
          b:e:w 1225.9043924
          b:c:n 1227.6040371
          b:c:w 1192.3919335
          b:n:w 2224.4990074
          e:c:n 6348.4262422
          e:c:w 5422.5468333
          e:n:w 8114.5035499
          c:n:w 6822.1175412
        b:e:c:n 2214.5089141
        b:e:c:w 2008.3939927
        b:e:n:w 2873.5936172
        b:c:n:w 2527.3666834
        e:c:n:w 57280.8009772
