########################################
# legofit: estimate population history #
#       version 2.3.4-4-g53f8760       #
########################################

# Program was compiled: Sep 21 2021 14:36:42
# Program was run: Wed Sep 22 15:57:56 2021

# cmd: legofit -1 -d 0 -t 32 --ptsPerDim 3 --stateOut b1boot26.state --tol 3e-6 -S 5000 bce2.lgo ../../boot/boot26.opf
# Stage nOptItr nSimReps
#     0    5000        0
# algorithm          : deterministic
# ignoring probs <=  : 0
# Branch length floor: 0
# DE strategy        : 2
#    F               : 0.3
#    CR              : 0.8
#    tolerance       : 3e-06
# nthreads           : 32
# lgo input file     : bce2.lgo
# site pat input file: ../../boot/boot26.opf
# free parameters    : 14
# points in DE swarm : 42
# output state file  : b1boot26.state
# Including singleton site patterns.
# cost function      : KL
Initial parameter values
Fixed:
      zero = 0
       one = 1
    Tbecnw = 75200
Free:
       pc1 = 0
       pc2 = 0
       pc3 = 0
       pc4 = 0
       pc5 = 0
       pc6 = 0
       pc7 = 0
       pc8 = 0
       pc9 = 0
      pc10 = 0
      pc11 = 0
      pc12 = 0
      pc13 = 0
      pc14 = 0
Constrained:
     Tecnw = 43859.4
       Tnw = 4390.9
       Tec = 8695.6
     twoNb = 1.16128e+06
     twoNe = 112678
     twoNn = 161205
     twoNw = 357474
    twoNec = 217470
    twoNnw = 116952
  twoNecnw = 27714.4
  twoNbecnw = 78896.3
        m2 = 0.0119841
        m3 = 0.271098
        m5 = 0.146345
        Tb = 26277.5
        Tc = 2195.45
        Te = 1097.73
DiffEv reached_goal. cost=2.52402e-03 spread=2.51738e-06
Fitted parameter values
Free:
       pc1 = 3.98926
       pc2 = 2.65473
       pc3 = 1.97109
       pc4 = 1.99325
       pc5 = 1.95927
       pc6 = -0.843461
       pc7 = 1.23155
       pc8 = -0.235352
       pc9 = 0.245778
      pc10 = 0.333537
      pc11 = -0.257555
      pc12 = 0.0375684
      pc13 = -0.129575
      pc14 = 0.0936759
Constrained:
     Tecnw = 44233.7
       Tnw = 122.674
       Tec = 468.383
     twoNb = 2.71116e+06
     twoNe = 9636.59
     twoNn = 152873
     twoNw = 30865.1
    twoNec = 265868
    twoNnw = 138461
  twoNecnw = 26507.6
  twoNbecnw = 78337.4
        m2 = 0.0250586
        m3 = 0.285522
        m5 = 0.138535
        Tb = 22351.1
        Tc = 61.337
        Te = 30.6685
#       SitePat  BranchLen
              b 139140.3616444
              e 53712.8266818
              c 56942.3652770
              n 49694.7974943
              w 52781.4773850
            b:e 2567.6245717
            b:c 2913.5325434
            b:n 2022.5119977
            b:w 2220.7959312
            e:c 11158.5648728
            e:n 6308.9810868
            e:w 5370.2755191
            c:n 5450.9854182
            c:w 4253.3869403
            n:w 13721.1093135
          b:e:c 2239.8375179
          b:e:n 1198.8978968
          b:e:w 1228.4746815
          b:c:n 1230.0257485
          b:c:w 1197.5806181
          b:n:w 2233.2184342
          e:c:n 6367.5594161
          e:c:w 5431.6649738
          e:n:w 8097.3318275
          c:n:w 6835.6511051
        b:e:c:n 2224.6139005
        b:e:c:w 2014.7169101
        b:e:n:w 2874.8016025
        b:c:n:w 2535.6862171
        e:c:n:w 57046.5087566
