########################################
# legofit: estimate population history #
#       version 2.3.4-4-g53f8760       #
########################################

# Program was compiled: Sep 21 2021 14:36:42
# Program was run: Wed Sep 22 15:58:09 2021

# cmd: legofit -1 -d 0 -t 32 --ptsPerDim 3 --stateOut b1boot36.state --tol 3e-6 -S 5000 bce2.lgo ../../boot/boot36.opf
# Stage nOptItr nSimReps
#     0    5000        0
# algorithm          : deterministic
# ignoring probs <=  : 0
# Branch length floor: 0
# DE strategy        : 2
#    F               : 0.3
#    CR              : 0.8
#    tolerance       : 3e-06
# nthreads           : 32
# lgo input file     : bce2.lgo
# site pat input file: ../../boot/boot36.opf
# free parameters    : 14
# points in DE swarm : 42
# output state file  : b1boot36.state
# Including singleton site patterns.
# cost function      : KL
Initial parameter values
Fixed:
      zero = 0
       one = 1
    Tbecnw = 75200
Free:
       pc1 = 0
       pc2 = 0
       pc3 = 0
       pc4 = 0
       pc5 = 0
       pc6 = 0
       pc7 = 0
       pc8 = 0
       pc9 = 0
      pc10 = 0
      pc11 = 0
      pc12 = 0
      pc13 = 0
      pc14 = 0
Constrained:
     Tecnw = 43859.4
       Tnw = 4390.9
       Tec = 8695.6
     twoNb = 1.16128e+06
     twoNe = 112678
     twoNn = 161205
     twoNw = 357474
    twoNec = 217470
    twoNnw = 116952
  twoNecnw = 27714.4
  twoNbecnw = 78896.3
        m2 = 0.0119841
        m3 = 0.271098
        m5 = 0.146345
        Tb = 26277.5
        Tc = 2195.45
        Te = 1097.73
DiffEv reached_goal. cost=2.55026e-03 spread=2.67198e-06
Fitted parameter values
Free:
       pc1 = 3.99661
       pc2 = 2.20472
       pc3 = 1.87422
       pc4 = 1.91644
       pc5 = 1.91425
       pc6 = -0.954795
       pc7 = 1.00359
       pc8 = -0.730073
       pc9 = 0.654109
      pc10 = 0.446153
      pc11 = -0.199796
      pc12 = -0.0396152
      pc13 = -0.0667829
      pc14 = 0.0377431
Constrained:
     Tecnw = 44353.3
       Tnw = 186.898
       Tec = 772.56
     twoNb = 2.46132e+06
     twoNe = 15892.5
     twoNn = 200888
     twoNw = 14543.8
    twoNec = 259244
    twoNnw = 137803
  twoNecnw = 26354.1
  twoNbecnw = 78280.4
        m2 = 0.0262356
        m3 = 0.282001
        m5 = 0.143063
        Tb = 22562.9
        Tc = 93.4491
        Te = 46.7245
#       SitePat  BranchLen
              b 139093.2642909
              e 53646.4248973
              c 57023.8240392
              n 49684.4966468
              w 52690.2372258
            b:e 2568.6186152
            b:c 2931.8277358
            b:n 2017.9860502
            b:w 2208.0073818
            e:c 11172.7818030
            e:n 6280.3295971
            e:w 5421.2012073
            c:n 5426.3253920
            c:w 4214.1528240
            n:w 13759.5918919
          b:e:c 2240.2360915
          b:e:n 1189.9537605
          b:e:w 1224.3746309
          b:c:n 1226.1637718
          b:c:w 1188.4603137
          b:n:w 2232.5946775
          e:c:n 6331.4957584
          e:c:w 5413.4448479
          e:n:w 8141.5125542
          c:n:w 6816.8517428
        b:e:c:n 2212.3522003
        b:e:c:w 2009.2247456
        b:e:n:w 2887.4872227
        b:c:n:w 2532.2966657
        e:c:n:w 57023.4102224
