########################################
# legofit: estimate population history #
#       version 2.3.4-4-g53f8760       #
########################################

# Program was compiled: Sep 21 2021 14:36:42
# Program was run: Wed Sep 22 15:56:30 2021

# cmd: legofit -1 -d 0 -t 32 --ptsPerDim 3 --stateOut b1boot8.state --tol 3e-6 -S 5000 bce2.lgo ../../boot/boot8.opf
# Stage nOptItr nSimReps
#     0    5000        0
# algorithm          : deterministic
# ignoring probs <=  : 0
# Branch length floor: 0
# DE strategy        : 2
#    F               : 0.3
#    CR              : 0.8
#    tolerance       : 3e-06
# nthreads           : 32
# lgo input file     : bce2.lgo
# site pat input file: ../../boot/boot8.opf
# free parameters    : 14
# points in DE swarm : 42
# output state file  : b1boot8.state
# Including singleton site patterns.
# cost function      : KL
Initial parameter values
Fixed:
      zero = 0
       one = 1
    Tbecnw = 75200
Free:
       pc1 = 0
       pc2 = 0
       pc3 = 0
       pc4 = 0
       pc5 = 0
       pc6 = 0
       pc7 = 0
       pc8 = 0
       pc9 = 0
      pc10 = 0
      pc11 = 0
      pc12 = 0
      pc13 = 0
      pc14 = 0
Constrained:
     Tecnw = 43859.4
       Tnw = 4390.9
       Tec = 8695.6
     twoNb = 1.16128e+06
     twoNe = 112678
     twoNn = 161205
     twoNw = 357474
    twoNec = 217470
    twoNnw = 116952
  twoNecnw = 27714.4
  twoNbecnw = 78896.3
        m2 = 0.0119841
        m3 = 0.271098
        m5 = 0.146345
        Tb = 26277.5
        Tc = 2195.45
        Te = 1097.73
DiffEv reached_goal. cost=2.52347e-03 spread=2.61103e-06
Fitted parameter values
Free:
       pc1 = 3.96497
       pc2 = 2.45676
       pc3 = 1.86466
       pc4 = 1.93624
       pc5 = 1.72378
       pc6 = -0.604731
       pc7 = 1.06489
       pc8 = -0.232173
       pc9 = 0.645049
      pc10 = 0.580524
      pc11 = -0.180919
      pc12 = 0.0336083
      pc13 = 0.0130623
      pc14 = 0.019967
Constrained:
     Tecnw = 44406
       Tnw = 363.728
       Tec = 831.175
     twoNb = 2.62939e+06
     twoNe = 14492
     twoNn = 159574
     twoNw = 55855.1
    twoNec = 264902
    twoNnw = 135082
  twoNecnw = 26355.2
  twoNbecnw = 78208
        m2 = 0.0242599
        m3 = 0.286329
        m5 = 0.142621
        Tb = 22618.6
        Tc = 181.864
        Te = 90.9321
#       SitePat  BranchLen
              b 139085.0849999
              e 53690.0474391
              c 57078.8648449
              n 49607.1438803
              w 52683.0638411
            b:e 2548.7343213
            b:c 2909.0628634
            b:n 2005.0414248
            b:w 2205.1592251
            e:c 11093.4677801
            e:n 6317.0440386
            e:w 5394.5668161
            c:n 5419.3604232
            c:w 4219.3039240
            n:w 13772.2662258
          b:e:c 2234.7940413
          b:e:n 1191.7535551
          b:e:w 1223.0487986
          b:c:n 1224.5928828
          b:c:w 1190.4360884
          b:n:w 2228.2686084
          e:c:n 6324.8393812
          e:c:w 5385.8368803
          e:n:w 8116.8705816
          c:n:w 6793.8351110
        b:e:c:n 2208.9232712
        b:e:c:w 1997.2832837
        b:e:n:w 2870.6613913
        b:c:n:w 2517.2708041
        e:c:n:w 57042.2439799
