########################################
# legofit: estimate population history #
#       version 2.3.4-4-g53f8760       #
########################################

# Program was compiled: Sep 21 2021 14:36:42
# Program was run: Wed Sep 22 15:56:30 2021

# cmd: legofit -1 -d 0 -t 32 --ptsPerDim 3 --stateOut b1boot11.state --tol 3e-6 -S 5000 bce2.lgo ../../boot/boot11.opf
# Stage nOptItr nSimReps
#     0    5000        0
# algorithm          : deterministic
# ignoring probs <=  : 0
# Branch length floor: 0
# DE strategy        : 2
#    F               : 0.3
#    CR              : 0.8
#    tolerance       : 3e-06
# nthreads           : 32
# lgo input file     : bce2.lgo
# site pat input file: ../../boot/boot11.opf
# free parameters    : 14
# points in DE swarm : 42
# output state file  : b1boot11.state
# Including singleton site patterns.
# cost function      : KL
Initial parameter values
Fixed:
      zero = 0
       one = 1
    Tbecnw = 75200
Free:
       pc1 = 0
       pc2 = 0
       pc3 = 0
       pc4 = 0
       pc5 = 0
       pc6 = 0
       pc7 = 0
       pc8 = 0
       pc9 = 0
      pc10 = 0
      pc11 = 0
      pc12 = 0
      pc13 = 0
      pc14 = 0
Constrained:
     Tecnw = 43859.4
       Tnw = 4390.9
       Tec = 8695.6
     twoNb = 1.16128e+06
     twoNe = 112678
     twoNn = 161205
     twoNw = 357474
    twoNec = 217470
    twoNnw = 116952
  twoNecnw = 27714.4
  twoNbecnw = 78896.3
        m2 = 0.0119841
        m3 = 0.271098
        m5 = 0.146345
        Tb = 26277.5
        Tc = 2195.45
        Te = 1097.73
DiffEv reached_goal. cost=2.50571e-03 spread=2.77351e-06
Fitted parameter values
Free:
       pc1 = 3.97953
       pc2 = 2.65598
       pc3 = 1.936
       pc4 = 1.99293
       pc5 = 1.59781
       pc6 = -1.15446
       pc7 = 1.12658
       pc8 = -0.674747
       pc9 = 0.286565
      pc10 = 0.173252
      pc11 = -0.278933
      pc12 = -0.0332686
      pc13 = -0.105099
      pc14 = 0.0959691
Constrained:
     Tecnw = 44261.4
       Tnw = 327.125
       Tec = 306.951
     twoNb = 2.53069e+06
     twoNe = 3232.25
     twoNn = 233454
     twoNw = 19318.1
    twoNec = 267018
    twoNnw = 137658
  twoNecnw = 26534.1
  twoNbecnw = 78506
        m2 = 0.0257093
        m3 = 0.284558
        m5 = 0.138765
        Tb = 22284.2
        Tc = 163.562
        Te = 81.7812
#       SitePat  BranchLen
              b 139223.7796704
              e 53704.0792309
              c 57040.1163298
              n 49741.5308146
              w 52775.2143273
            b:e 2585.8055484
            b:c 2942.1538853
            b:n 2033.2527279
            b:w 2226.2227489
            e:c 11178.2434726
            e:n 6329.9374316
            e:w 5436.7302294
            c:n 5459.9535726
            c:w 4258.5602849
            n:w 13737.1085293
          b:e:c 2250.1302104
          b:e:n 1203.5786237
          b:e:w 1235.1720003
          b:c:n 1236.8809805
          b:c:w 1202.1108176
          b:n:w 2242.8187698
          e:c:n 6367.9383934
          e:c:w 5444.7590412
          e:n:w 8153.0877025
          c:n:w 6857.4489949
        b:e:c:n 2230.4337855
        b:e:c:w 2024.7368803
        b:e:n:w 2899.4963225
        b:c:n:w 2550.6622238
        e:c:n:w 57043.1063226
