########################################
# legofit: estimate population history #
#       version 2.3.4-4-g53f8760       #
########################################

# Program was compiled: Sep 21 2021 14:36:42
# Program was run: Wed Sep 22 15:58:24 2021

# cmd: legofit -1 -d 0 -t 32 --ptsPerDim 3 --stateOut b1boot49.state --tol 3e-6 -S 5000 bce2.lgo ../../boot/boot49.opf
# Stage nOptItr nSimReps
#     0    5000        0
# algorithm          : deterministic
# ignoring probs <=  : 0
# Branch length floor: 0
# DE strategy        : 2
#    F               : 0.3
#    CR              : 0.8
#    tolerance       : 3e-06
# nthreads           : 32
# lgo input file     : bce2.lgo
# site pat input file: ../../boot/boot49.opf
# free parameters    : 14
# points in DE swarm : 42
# output state file  : b1boot49.state
# Including singleton site patterns.
# cost function      : KL
Initial parameter values
Fixed:
      zero = 0
       one = 1
    Tbecnw = 75200
Free:
       pc1 = 0
       pc2 = 0
       pc3 = 0
       pc4 = 0
       pc5 = 0
       pc6 = 0
       pc7 = 0
       pc8 = 0
       pc9 = 0
      pc10 = 0
      pc11 = 0
      pc12 = 0
      pc13 = 0
      pc14 = 0
Constrained:
     Tecnw = 43859.4
       Tnw = 4390.9
       Tec = 8695.6
     twoNb = 1.16128e+06
     twoNe = 112678
     twoNn = 161205
     twoNw = 357474
    twoNec = 217470
    twoNnw = 116952
  twoNecnw = 27714.4
  twoNbecnw = 78896.3
        m2 = 0.0119841
        m3 = 0.271098
        m5 = 0.146345
        Tb = 26277.5
        Tc = 2195.45
        Te = 1097.73
DiffEv reached_goal. cost=2.53063e-03 spread=2.94814e-06
Fitted parameter values
Free:
       pc1 = 3.97005
       pc2 = 2.1605
       pc3 = 1.82915
       pc4 = 1.98584
       pc5 = 1.50662
       pc6 = -1.06578
       pc7 = 1.11842
       pc8 = -0.515889
       pc9 = 0.703976
      pc10 = 0.338916
      pc11 = -0.261373
      pc12 = 0.0134395
      pc13 = -0.06089
      pc14 = 0.0191167
Constrained:
     Tecnw = 44346.1
       Tnw = 172.498
       Tec = 803.061
     twoNb = 2.54513e+06
     twoNe = 16908
     twoNn = 243092
     twoNw = 29212.8
    twoNec = 261750
    twoNnw = 136948
  twoNecnw = 26428.1
  twoNbecnw = 78414.9
        m2 = 0.0246299
        m3 = 0.283583
        m5 = 0.144149
        Tb = 22574.6
        Tc = 86.2492
        Te = 43.1246
#       SitePat  BranchLen
              b 139226.1893547
              e 53669.4249091
              c 57034.0638975
              n 49652.7299590
              w 52695.5814482
            b:e 2559.4973139
            b:c 2920.7102525
            b:n 2018.0795010
            b:w 2216.1213933
            e:c 11154.8937080
            e:n 6300.6147968
            e:w 5415.1567685
            c:n 5437.8830050
            c:w 4228.4284290
            n:w 13785.4416755
          b:e:c 2244.9454216
          b:e:n 1195.0181514
          b:e:w 1228.8038561
          b:c:n 1230.4291454
          b:c:w 1193.6673931
          b:n:w 2238.0465311
          e:c:n 6349.0142416
          e:c:w 5416.0579033
          e:n:w 8132.5079070
          c:n:w 6809.7132198
        b:e:c:n 2220.0795133
        b:e:c:w 2010.0311219
        b:e:n:w 2880.3596051
        b:c:n:w 2526.4879657
        e:c:n:w 57132.0613024
