########################################
# legofit: estimate population history #
#       version 2.3.4-4-g53f8760       #
########################################

# Program was compiled: Sep 21 2021 14:36:42
# Program was run: Wed Sep 22 15:56:39 2021

# cmd: legofit -1 -d 0 -t 32 --ptsPerDim 3 --stateOut b1boot18.state --tol 3e-6 -S 5000 bce2.lgo ../../boot/boot18.opf
# Stage nOptItr nSimReps
#     0    5000        0
# algorithm          : deterministic
# ignoring probs <=  : 0
# Branch length floor: 0
# DE strategy        : 2
#    F               : 0.3
#    CR              : 0.8
#    tolerance       : 3e-06
# nthreads           : 32
# lgo input file     : bce2.lgo
# site pat input file: ../../boot/boot18.opf
# free parameters    : 14
# points in DE swarm : 42
# output state file  : b1boot18.state
# Including singleton site patterns.
# cost function      : KL
Initial parameter values
Fixed:
      zero = 0
       one = 1
    Tbecnw = 75200
Free:
       pc1 = 0
       pc2 = 0
       pc3 = 0
       pc4 = 0
       pc5 = 0
       pc6 = 0
       pc7 = 0
       pc8 = 0
       pc9 = 0
      pc10 = 0
      pc11 = 0
      pc12 = 0
      pc13 = 0
      pc14 = 0
Constrained:
     Tecnw = 43859.4
       Tnw = 4390.9
       Tec = 8695.6
     twoNb = 1.16128e+06
     twoNe = 112678
     twoNn = 161205
     twoNw = 357474
    twoNec = 217470
    twoNnw = 116952
  twoNecnw = 27714.4
  twoNbecnw = 78896.3
        m2 = 0.0119841
        m3 = 0.271098
        m5 = 0.146345
        Tb = 26277.5
        Tc = 2195.45
        Te = 1097.73
DiffEv reached_goal. cost=2.54463e-03 spread=2.39846e-06
Fitted parameter values
Free:
       pc1 = 3.99454
       pc2 = 2.7988
       pc3 = 1.90273
       pc4 = 1.95418
       pc5 = 1.98902
       pc6 = -0.916786
       pc7 = 1.33297
       pc8 = -0.23946
       pc9 = 0.24002
      pc10 = 0.495337
      pc11 = -0.147384
      pc12 = 0.0114543
      pc13 = -0.0506824
      pc14 = 0.0469782
Constrained:
     Tecnw = 44291.1
       Tnw = 93.6657
       Tec = 362.086
     twoNb = 2.71822e+06
     twoNe = 6737.3
     twoNn = 148479
     twoNw = 4629.83
    twoNec = 270072
    twoNnw = 137674
  twoNecnw = 26458.4
  twoNbecnw = 78277.2
        m2 = 0.0246526
        m3 = 0.283432
        m5 = 0.137533
        Tb = 22326.6
        Tc = 46.8328
        Te = 23.4164
#       SitePat  BranchLen
              b 139110.3935512
              e 53660.8825708
              c 57036.6258543
              n 49635.4490484
              w 52649.0648024
            b:e 2561.6982607
            b:c 2915.3184535
            b:n 2014.9809245
            b:w 2209.4359519
            e:c 11118.4895737
            e:n 6326.5892860
            e:w 5424.8761554
            c:n 5421.2314797
            c:w 4243.6319884
            n:w 13764.8090055
          b:e:c 2237.1060119
          b:e:n 1196.7156295
          b:e:w 1226.2722901
          b:c:n 1227.7725900
          b:c:w 1195.3987030
          b:n:w 2230.6330169
          e:c:n 6333.7149540
          e:c:w 5413.5179201
          e:n:w 8121.0808297
          c:n:w 6825.0946589
        b:e:c:n 2213.1673327
        b:e:c:w 2007.4234334
        b:e:n:w 2877.2541977
        b:c:n:w 2530.2954923
        e:c:n:w 57035.0773935
