########################################
# legofit: estimate population history #
#       version 2.3.4-4-g53f8760       #
########################################

# Program was compiled: Sep 21 2021 14:36:42
# Program was run: Wed Sep 22 15:58:11 2021

# cmd: legofit -1 -d 0 -t 32 --ptsPerDim 3 --stateOut b1boot40.state --tol 3e-6 -S 5000 bce2.lgo ../../boot/boot40.opf
# Stage nOptItr nSimReps
#     0    5000        0
# algorithm          : deterministic
# ignoring probs <=  : 0
# Branch length floor: 0
# DE strategy        : 2
#    F               : 0.3
#    CR              : 0.8
#    tolerance       : 3e-06
# nthreads           : 32
# lgo input file     : bce2.lgo
# site pat input file: ../../boot/boot40.opf
# free parameters    : 14
# points in DE swarm : 42
# output state file  : b1boot40.state
# Including singleton site patterns.
# cost function      : KL
Initial parameter values
Fixed:
      zero = 0
       one = 1
    Tbecnw = 75200
Free:
       pc1 = 0
       pc2 = 0
       pc3 = 0
       pc4 = 0
       pc5 = 0
       pc6 = 0
       pc7 = 0
       pc8 = 0
       pc9 = 0
      pc10 = 0
      pc11 = 0
      pc12 = 0
      pc13 = 0
      pc14 = 0
Constrained:
     Tecnw = 43859.4
       Tnw = 4390.9
       Tec = 8695.6
     twoNb = 1.16128e+06
     twoNe = 112678
     twoNn = 161205
     twoNw = 357474
    twoNec = 217470
    twoNnw = 116952
  twoNecnw = 27714.4
  twoNbecnw = 78896.3
        m2 = 0.0119841
        m3 = 0.271098
        m5 = 0.146345
        Tb = 26277.5
        Tc = 2195.45
        Te = 1097.73
DiffEv reached_goal. cost=2.51581e-03 spread=1.91163e-06
Fitted parameter values
Free:
       pc1 = 3.98956
       pc2 = 2.20461
       pc3 = 1.85763
       pc4 = 1.96379
       pc5 = 1.29582
       pc6 = -1.47336
       pc7 = 1.12087
       pc8 = -0.642578
       pc9 = 0.557054
      pc10 = 0.272837
      pc11 = -0.217841
      pc12 = 0.111702
      pc13 = -0.126988
      pc14 = 0.0385399
Constrained:
     Tecnw = 44297.9
       Tnw = 135.344
       Tec = 702.115
     twoNb = 2.49212e+06
     twoNe = 15788.7
     twoNn = 301217
     twoNw = 8044.32
    twoNec = 263955
    twoNnw = 138427
  twoNecnw = 26377.1
  twoNbecnw = 78562.8
        m2 = 0.0243038
        m3 = 0.282677
        m5 = 0.142021
        Tb = 22500
        Tc = 67.6721
        Te = 33.836
#       SitePat  BranchLen
              b 139400.2209910
              e 53634.6798942
              c 56959.8143287
              n 49715.0470639
              w 52657.4788065
            b:e 2555.0590785
            b:c 2909.6087518
            b:n 2020.3742046
            b:w 2212.0348979
            e:c 11134.5152218
            e:n 6253.6503360
            e:w 5448.0781992
            c:n 5441.2373040
            c:w 4229.2414956
            n:w 13716.6396013
          b:e:c 2237.3197200
          b:e:n 1192.6917494
          b:e:w 1229.8964548
          b:c:n 1231.5271350
          b:c:w 1191.3469076
          b:n:w 2230.3673208
          e:c:n 6342.8576849
          e:c:w 5433.0889254
          e:n:w 8109.6283146
          c:n:w 6808.1596352
        b:e:c:n 2216.0213708
        b:e:c:w 2012.2411618
        b:e:n:w 2868.7779218
        b:c:n:w 2521.5263908
        e:c:n:w 57360.5080234
