########################################
# legofit: estimate population history #
#       version 2.3.4-4-g53f8760       #
########################################

# Program was compiled: Sep 21 2021 14:36:42
# Program was run: Wed Sep 22 15:58:11 2021

# cmd: legofit -1 -d 0 -t 32 --ptsPerDim 3 --stateOut b1boot39.state --tol 3e-6 -S 5000 bce2.lgo ../../boot/boot39.opf
# Stage nOptItr nSimReps
#     0    5000        0
# algorithm          : deterministic
# ignoring probs <=  : 0
# Branch length floor: 0
# DE strategy        : 2
#    F               : 0.3
#    CR              : 0.8
#    tolerance       : 3e-06
# nthreads           : 32
# lgo input file     : bce2.lgo
# site pat input file: ../../boot/boot39.opf
# free parameters    : 14
# points in DE swarm : 42
# output state file  : b1boot39.state
# Including singleton site patterns.
# cost function      : KL
Initial parameter values
Fixed:
      zero = 0
       one = 1
    Tbecnw = 75200
Free:
       pc1 = 0
       pc2 = 0
       pc3 = 0
       pc4 = 0
       pc5 = 0
       pc6 = 0
       pc7 = 0
       pc8 = 0
       pc9 = 0
      pc10 = 0
      pc11 = 0
      pc12 = 0
      pc13 = 0
      pc14 = 0
Constrained:
     Tecnw = 43859.4
       Tnw = 4390.9
       Tec = 8695.6
     twoNb = 1.16128e+06
     twoNe = 112678
     twoNn = 161205
     twoNw = 357474
    twoNec = 217470
    twoNnw = 116952
  twoNecnw = 27714.4
  twoNbecnw = 78896.3
        m2 = 0.0119841
        m3 = 0.271098
        m5 = 0.146345
        Tb = 26277.5
        Tc = 2195.45
        Te = 1097.73
DiffEv reached_goal. cost=2.43478e-03 spread=2.60096e-06
Fitted parameter values
Free:
       pc1 = 3.95218
       pc2 = 2.74566
       pc3 = 1.91581
       pc4 = 1.98302
       pc5 = 1.9546
       pc6 = -0.861445
       pc7 = 1.31425
       pc8 = -0.467551
       pc9 = 0.191006
      pc10 = 0.310266
      pc11 = -0.216792
      pc12 = -0.0590805
      pc13 = -0.0832823
      pc14 = 0.0456049
Constrained:
     Tecnw = 44247.3
       Tnw = 267.494
       Tec = 294.978
     twoNb = 2.66453e+06
     twoNe = 3575.65
     twoNn = 156586
     twoNw = 16623.9
    twoNec = 267169
    twoNnw = 137135
  twoNecnw = 26546.1
  twoNbecnw = 78378.4
        m2 = 0.0256575
        m3 = 0.28304
        m5 = 0.13799
        Tb = 22271.2
        Tc = 133.747
        Te = 66.8736
#       SitePat  BranchLen
              b 139128.1686429
              e 53693.4317054
              c 57032.0645172
              n 49674.9068590
              w 52707.2222698
            b:e 2581.5681795
            b:c 2936.8476039
            b:n 2026.1001219
            b:w 2219.4146441
            e:c 11186.4995801
            e:n 6323.3905059
            e:w 5418.2806418
            c:n 5440.6813901
            c:w 4250.5149103
            n:w 13788.0970129
          b:e:c 2250.1696810
          b:e:n 1200.1328304
          b:e:w 1230.4062556
          b:c:n 1232.0140390
          b:c:w 1198.7427357
          b:n:w 2243.2331904
          e:c:n 6352.9534978
          e:c:w 5430.9019309
          e:n:w 8151.5509538
          c:n:w 6856.0861799
        b:e:c:n 2223.3954894
        b:e:c:w 2018.0913454
        b:e:n:w 2896.4208302
        b:c:n:w 2548.2305267
        e:c:n:w 56975.7426887
