########################################
# legofit: estimate population history #
#       version 2.3.4-4-g53f8760       #
########################################

# Program was compiled: Sep 21 2021 14:36:42
# Program was run: Wed Sep 22 15:56:20 2021

# cmd: legofit -1 -d 0 -t 32 --ptsPerDim 3 --stateOut b1boot5.state --tol 3e-6 -S 5000 bce2.lgo ../../boot/boot5.opf
# Stage nOptItr nSimReps
#     0    5000        0
# algorithm          : deterministic
# ignoring probs <=  : 0
# Branch length floor: 0
# DE strategy        : 2
#    F               : 0.3
#    CR              : 0.8
#    tolerance       : 3e-06
# nthreads           : 32
# lgo input file     : bce2.lgo
# site pat input file: ../../boot/boot5.opf
# free parameters    : 14
# points in DE swarm : 42
# output state file  : b1boot5.state
# Including singleton site patterns.
# cost function      : KL
Initial parameter values
Fixed:
      zero = 0
       one = 1
    Tbecnw = 75200
Free:
       pc1 = 0
       pc2 = 0
       pc3 = 0
       pc4 = 0
       pc5 = 0
       pc6 = 0
       pc7 = 0
       pc8 = 0
       pc9 = 0
      pc10 = 0
      pc11 = 0
      pc12 = 0
      pc13 = 0
      pc14 = 0
Constrained:
     Tecnw = 43859.4
       Tnw = 4390.9
       Tec = 8695.6
     twoNb = 1.16128e+06
     twoNe = 112678
     twoNn = 161205
     twoNw = 357474
    twoNec = 217470
    twoNnw = 116952
  twoNecnw = 27714.4
  twoNbecnw = 78896.3
        m2 = 0.0119841
        m3 = 0.271098
        m5 = 0.146345
        Tb = 26277.5
        Tc = 2195.45
        Te = 1097.73
DiffEv reached_goal. cost=2.52247e-03 spread=2.85948e-06
Fitted parameter values
Free:
       pc1 = 3.94617
       pc2 = 2.33489
       pc3 = 1.81532
       pc4 = 1.94839
       pc5 = 1.99498
       pc6 = -0.643494
       pc7 = 1.1502
       pc8 = -0.659929
       pc9 = 0.567159
      pc10 = 0.312151
      pc11 = -0.17429
      pc12 = 0.116127
      pc13 = -0.0334671
      pc14 = -0.0496215
Constrained:
     Tecnw = 44193.3
       Tnw = 352.633
       Tec = 683.084
     twoNb = 2.53905e+06
     twoNe = 12135.6
     twoNn = 152339
     twoNw = 34284.1
    twoNec = 262266
    twoNnw = 135850
  twoNecnw = 26359.9
  twoNbecnw = 78323.1
        m2 = 0.0261965
        m3 = 0.282288
        m5 = 0.143288
        Tb = 22438.2
        Tc = 176.317
        Te = 88.1583
#       SitePat  BranchLen
              b 139202.7563522
              e 53582.6262956
              c 56943.8703163
              n 49541.0964838
              w 52504.7000463
            b:e 2563.1471365
            b:c 2925.5567859
            b:n 2005.6780327
            b:w 2189.9088074
            e:c 11112.1330966
            e:n 6257.0988383
            e:w 5407.7465853
            c:n 5411.8535817
            c:w 4211.1597724
            n:w 13751.5283005
          b:e:c 2227.9463145
          b:e:n 1183.9227209
          b:e:w 1218.2888182
          b:c:n 1220.0182186
          b:c:w 1182.4845982
          b:n:w 2220.5767590
          e:c:n 6298.1273115
          e:c:w 5400.5074139
          e:n:w 8158.4679479
          c:n:w 6830.9661660
        b:e:c:n 2194.0944465
        b:e:c:w 1997.0935922
        b:e:n:w 2882.3828069
        b:c:n:w 2527.7717107
        e:c:n:w 57258.0437755
