########################################
# legofit: estimate population history #
#       version 2.3.4-4-g53f8760       #
########################################

# Program was compiled: Sep 21 2021 14:36:42
# Program was run: Wed Sep 22 15:57:45 2021

# cmd: legofit -1 -d 0 -t 32 --ptsPerDim 3 --stateOut b1boot23.state --tol 3e-6 -S 5000 bce2.lgo ../../boot/boot23.opf
# Stage nOptItr nSimReps
#     0    5000        0
# algorithm          : deterministic
# ignoring probs <=  : 0
# Branch length floor: 0
# DE strategy        : 2
#    F               : 0.3
#    CR              : 0.8
#    tolerance       : 3e-06
# nthreads           : 32
# lgo input file     : bce2.lgo
# site pat input file: ../../boot/boot23.opf
# free parameters    : 14
# points in DE swarm : 42
# output state file  : b1boot23.state
# Including singleton site patterns.
# cost function      : KL
Initial parameter values
Fixed:
      zero = 0
       one = 1
    Tbecnw = 75200
Free:
       pc1 = 0
       pc2 = 0
       pc3 = 0
       pc4 = 0
       pc5 = 0
       pc6 = 0
       pc7 = 0
       pc8 = 0
       pc9 = 0
      pc10 = 0
      pc11 = 0
      pc12 = 0
      pc13 = 0
      pc14 = 0
Constrained:
     Tecnw = 43859.4
       Tnw = 4390.9
       Tec = 8695.6
     twoNb = 1.16128e+06
     twoNe = 112678
     twoNn = 161205
     twoNw = 357474
    twoNec = 217470
    twoNnw = 116952
  twoNecnw = 27714.4
  twoNbecnw = 78896.3
        m2 = 0.0119841
        m3 = 0.271098
        m5 = 0.146345
        Tb = 26277.5
        Tc = 2195.45
        Te = 1097.73
DiffEv reached_goal. cost=2.50758e-03 spread=2.79482e-06
Fitted parameter values
Free:
       pc1 = 3.98291
       pc2 = 1.72903
       pc3 = 1.71039
       pc4 = 1.96455
       pc5 = 1.81114
       pc6 = -0.774689
       pc7 = 1.37927
       pc8 = -0.48745
       pc9 = 0.314781
      pc10 = 0.245778
      pc11 = -0.166765
      pc12 = -0.0955002
      pc13 = -0.0858695
      pc14 = -0.00342701
Constrained:
     Tecnw = 44324.4
       Tnw = 92.1064
       Tec = 1188.71
     twoNb = 2.65561e+06
     twoNe = 26486.6
     twoNn = 173000
     twoNw = 84148.5
    twoNec = 256309
    twoNnw = 138233
  twoNecnw = 26516.2
  twoNbecnw = 78565.8
        m2 = 0.0254078
        m3 = 0.27721
        m5 = 0.144436
        Tb = 22756.5
        Tc = 46.0532
        Te = 23.0266
#       SitePat  BranchLen
              b 139287.1184341
              e 53762.0885232
              c 57110.0506650
              n 49712.0423769
              w 52735.7457615
            b:e 2578.6452790
            b:c 2941.6361924
            b:n 2029.5303184
            b:w 2227.2806281
            e:c 11219.2144629
            e:n 6295.4248714
            e:w 5393.0249812
            c:n 5417.2165320
            c:w 4238.3646644
            n:w 13868.8290230
          b:e:c 2264.8455187
          b:e:n 1200.0575197
          b:e:w 1231.2343178
          b:c:n 1232.8162352
          b:c:w 1198.7495661
          b:n:w 2257.9687974
          e:c:n 6362.8949019
          e:c:w 5434.8872766
          e:n:w 8163.8817286
          c:n:w 6841.2623936
        b:e:c:n 2231.1856313
        b:e:c:w 2021.8811911
        b:e:n:w 2901.8949017
        b:c:n:w 2546.1558740
        e:c:n:w 57089.8393000
