########################################
# legofit: estimate population history #
#       version 2.3.4-4-g53f8760       #
########################################

# Program was compiled: Sep 21 2021 14:36:42
# Program was run: Wed Sep 22 15:56:20 2021

# cmd: legofit -1 -d 0 -t 32 --ptsPerDim 3 --stateOut b1boot2.state --tol 3e-6 -S 5000 bce2.lgo ../../boot/boot2.opf
# Stage nOptItr nSimReps
#     0    5000        0
# algorithm          : deterministic
# ignoring probs <=  : 0
# Branch length floor: 0
# DE strategy        : 2
#    F               : 0.3
#    CR              : 0.8
#    tolerance       : 3e-06
# nthreads           : 32
# lgo input file     : bce2.lgo
# site pat input file: ../../boot/boot2.opf
# free parameters    : 14
# points in DE swarm : 42
# output state file  : b1boot2.state
# Including singleton site patterns.
# cost function      : KL
Initial parameter values
Fixed:
      zero = 0
       one = 1
    Tbecnw = 75200
Free:
       pc1 = 0
       pc2 = 0
       pc3 = 0
       pc4 = 0
       pc5 = 0
       pc6 = 0
       pc7 = 0
       pc8 = 0
       pc9 = 0
      pc10 = 0
      pc11 = 0
      pc12 = 0
      pc13 = 0
      pc14 = 0
Constrained:
     Tecnw = 43859.4
       Tnw = 4390.9
       Tec = 8695.6
     twoNb = 1.16128e+06
     twoNe = 112678
     twoNn = 161205
     twoNw = 357474
    twoNec = 217470
    twoNnw = 116952
  twoNecnw = 27714.4
  twoNbecnw = 78896.3
        m2 = 0.0119841
        m3 = 0.271098
        m5 = 0.146345
        Tb = 26277.5
        Tc = 2195.45
        Te = 1097.73
DiffEv reached_goal. cost=2.52684e-03 spread=2.63011e-06
Fitted parameter values
Free:
       pc1 = 3.97546
       pc2 = 2.17325
       pc3 = 1.97711
       pc4 = 1.96335
       pc5 = 1.53686
       pc6 = -1.30293
       pc7 = 1.17323
       pc8 = -0.660873
       pc9 = 0.309534
      pc10 = 0.196022
      pc11 = -0.126484
      pc12 = 0.0125261
      pc13 = -0.0542358
      pc14 = 0.0668812
Constrained:
     Tecnw = 44293
       Tnw = 184.138
       Tec = 960.393
     twoNb = 2.55368e+06
     twoNe = 19848.6
     twoNn = 260043
     twoNw = 23015.6
    twoNec = 263791
    twoNnw = 138403
  twoNecnw = 26437.5
  twoNbecnw = 78589.8
        m2 = 0.0256234
        m3 = 0.281371
        m5 = 0.140361
        Tb = 22626.7
        Tc = 92.0688
        Te = 46.0344
#       SitePat  BranchLen
              b 139336.1558323
              e 53808.0147023
              c 57118.3748788
              n 49749.6624360
              w 52745.0150985
            b:e 2583.0121480
            b:c 2938.8966520
            b:n 2027.5222165
            b:w 2218.6523799
            e:c 11119.4132893
            e:n 6298.2810281
            e:w 5398.4202670
            c:n 5421.6474937
            c:w 4251.2604085
            n:w 13763.3911684
          b:e:c 2247.7992949
          b:e:n 1201.0536842
          b:e:w 1230.9321980
          b:c:n 1232.5926957
          b:c:w 1199.6447371
          b:n:w 2240.6353322
          e:c:n 6343.6995565
          e:c:w 5434.0153803
          e:n:w 8151.1140823
          c:n:w 6856.8547728
        b:e:c:n 2222.7605187
        b:e:c:w 2019.2791601
        b:e:n:w 2897.0238532
        b:c:n:w 2548.5803246
        e:c:n:w 57189.7218644
