########################################
# legofit: estimate population history #
#       version 2.3.4-4-g53f8760       #
########################################

# Program was compiled: Sep 21 2021 14:36:42
# Program was run: Wed Sep 22 15:57:45 2021

# cmd: legofit -1 -d 0 -t 32 --ptsPerDim 3 --stateOut b1boot24.state --tol 3e-6 -S 5000 bce2.lgo ../../boot/boot24.opf
# Stage nOptItr nSimReps
#     0    5000        0
# algorithm          : deterministic
# ignoring probs <=  : 0
# Branch length floor: 0
# DE strategy        : 2
#    F               : 0.3
#    CR              : 0.8
#    tolerance       : 3e-06
# nthreads           : 32
# lgo input file     : bce2.lgo
# site pat input file: ../../boot/boot24.opf
# free parameters    : 14
# points in DE swarm : 42
# output state file  : b1boot24.state
# Including singleton site patterns.
# cost function      : KL
Initial parameter values
Fixed:
      zero = 0
       one = 1
    Tbecnw = 75200
Free:
       pc1 = 0
       pc2 = 0
       pc3 = 0
       pc4 = 0
       pc5 = 0
       pc6 = 0
       pc7 = 0
       pc8 = 0
       pc9 = 0
      pc10 = 0
      pc11 = 0
      pc12 = 0
      pc13 = 0
      pc14 = 0
Constrained:
     Tecnw = 43859.4
       Tnw = 4390.9
       Tec = 8695.6
     twoNb = 1.16128e+06
     twoNe = 112678
     twoNn = 161205
     twoNw = 357474
    twoNec = 217470
    twoNnw = 116952
  twoNecnw = 27714.4
  twoNbecnw = 78896.3
        m2 = 0.0119841
        m3 = 0.271098
        m5 = 0.146345
        Tb = 26277.5
        Tc = 2195.45
        Te = 1097.73
DiffEv reached_goal. cost=2.54349e-03 spread=2.52385e-06
Fitted parameter values
Free:
       pc1 = 3.96416
       pc2 = 2.32226
       pc3 = 1.60394
       pc4 = 1.99784
       pc5 = 1.89154
       pc6 = -1.12017
       pc7 = 1.47662
       pc8 = -0.422357
       pc9 = 0.422051
      pc10 = 0.350029
      pc11 = -0.15451
      pc12 = 0.0388697
      pc13 = -0.0518363
      pc14 = 0.0677879
Constrained:
     Tecnw = 44229.5
       Tnw = 41.7696
       Tec = 587.476
     twoNb = 2.64683e+06
     twoNe = 12860.9
     twoNn = 189333
     twoNw = 3308.79
    twoNec = 267991
    twoNnw = 139285
  twoNecnw = 26518.4
  twoNbecnw = 78395.4
        m2 = 0.0243838
        m3 = 0.278039
        m5 = 0.141966
        Tb = 22408.5
        Tc = 20.8848
        Te = 10.4424
#       SitePat  BranchLen
              b 139209.6076368
              e 53695.8027662
              c 57051.0084617
              n 49696.0505010
              w 52631.1168990
            b:e 2562.1931522
            b:c 2918.5391229
            b:n 2020.7777921
            b:w 2210.9536823
            e:c 11108.9508453
            e:n 6292.5578178
            e:w 5431.6609971
            c:n 5415.0314852
            c:w 4252.2029459
            n:w 13758.1731611
          b:e:c 2240.0037821
          b:e:n 1198.2925416
          b:e:w 1229.7321611
          b:c:n 1231.2412533
          b:c:w 1197.0204012
          b:n:w 2233.4419790
          e:c:n 6329.9509711
          e:c:w 5432.6513040
          e:n:w 8134.4921687
          c:n:w 6829.1013502
        b:e:c:n 2214.7182923
        b:e:c:w 2013.2822638
        b:e:n:w 2879.8731657
        b:c:n:w 2530.4597499
        e:c:n:w 57125.9747472
