########################################
# legofit: estimate population history #
#       version 2.3.4-4-g53f8760       #
########################################

# Program was compiled: Sep 21 2021 14:36:42
# Program was run: Wed Sep 22 15:58:24 2021

# cmd: legofit -1 -d 0 -t 32 --ptsPerDim 3 --stateOut b1boot47.state --tol 3e-6 -S 5000 bce2.lgo ../../boot/boot47.opf
# Stage nOptItr nSimReps
#     0    5000        0
# algorithm          : deterministic
# ignoring probs <=  : 0
# Branch length floor: 0
# DE strategy        : 2
#    F               : 0.3
#    CR              : 0.8
#    tolerance       : 3e-06
# nthreads           : 32
# lgo input file     : bce2.lgo
# site pat input file: ../../boot/boot47.opf
# free parameters    : 14
# points in DE swarm : 42
# output state file  : b1boot47.state
# Including singleton site patterns.
# cost function      : KL
Initial parameter values
Fixed:
      zero = 0
       one = 1
    Tbecnw = 75200
Free:
       pc1 = 0
       pc2 = 0
       pc3 = 0
       pc4 = 0
       pc5 = 0
       pc6 = 0
       pc7 = 0
       pc8 = 0
       pc9 = 0
      pc10 = 0
      pc11 = 0
      pc12 = 0
      pc13 = 0
      pc14 = 0
Constrained:
     Tecnw = 43859.4
       Tnw = 4390.9
       Tec = 8695.6
     twoNb = 1.16128e+06
     twoNe = 112678
     twoNn = 161205
     twoNw = 357474
    twoNec = 217470
    twoNnw = 116952
  twoNecnw = 27714.4
  twoNbecnw = 78896.3
        m2 = 0.0119841
        m3 = 0.271098
        m5 = 0.146345
        Tb = 26277.5
        Tc = 2195.45
        Te = 1097.73
DiffEv reached_goal. cost=2.51639e-03 spread=2.47698e-06
Fitted parameter values
Free:
       pc1 = 3.98606
       pc2 = 2.55353
       pc3 = 1.93977
       pc4 = 1.98515
       pc5 = 1.9874
       pc6 = -0.76932
       pc7 = 1.02668
       pc8 = -0.373
       pc9 = 0.733643
      pc10 = 0.395014
      pc11 = -0.267432
      pc12 = 0.0448665
      pc13 = -0.00366615
      pc14 = 0.0125395
Constrained:
     Tecnw = 44273
       Tnw = 59.0364
       Tec = 530.737
     twoNb = 2.58481e+06
     twoNe = 12307.5
     twoNn = 165396
     twoNw = 9999.81
    twoNec = 265089
    twoNnw = 136463
  twoNecnw = 26417.9
  twoNbecnw = 78163.6
        m2 = 0.0255643
        m3 = 0.286932
        m5 = 0.142533
        Tb = 22401.9
        Tc = 29.5182
        Te = 14.7591
#       SitePat  BranchLen
              b 139021.1257757
              e 53658.4497447
              c 56987.1702677
              n 49575.1504128
              w 52607.9893331
            b:e 2562.1117719
            b:c 2919.8366265
            b:n 2010.0633277
            b:w 2201.1132145
            e:c 11113.9479874
            e:n 6284.5243202
            e:w 5404.7079075
            c:n 5442.1588353
            c:w 4222.1607377
            n:w 13769.0781491
          b:e:c 2230.7949196
          b:e:n 1189.2574984
          b:e:w 1223.5781473
          b:c:n 1225.2535683
          b:c:w 1187.8653712
          b:n:w 2223.7534648
          e:c:n 6318.9124086
          e:c:w 5401.4091754
          e:n:w 8134.5077042
          c:n:w 6822.9897328
        b:e:c:n 2205.1583906
        b:e:c:w 2001.6548751
        b:e:n:w 2878.5050835
        b:c:n:w 2528.2070382
        e:c:n:w 57000.7591388
