########################################
# legofit: estimate population history #
#       version 2.3.4-4-g53f8760       #
########################################

# Program was compiled: Sep 21 2021 14:36:42
# Program was run: Wed Sep 22 15:58:18 2021

# cmd: legofit -1 -d 0 -t 32 --ptsPerDim 3 --stateOut b1boot42.state --tol 3e-6 -S 5000 bce2.lgo ../../boot/boot42.opf
# Stage nOptItr nSimReps
#     0    5000        0
# algorithm          : deterministic
# ignoring probs <=  : 0
# Branch length floor: 0
# DE strategy        : 2
#    F               : 0.3
#    CR              : 0.8
#    tolerance       : 3e-06
# nthreads           : 32
# lgo input file     : bce2.lgo
# site pat input file: ../../boot/boot42.opf
# free parameters    : 14
# points in DE swarm : 42
# output state file  : b1boot42.state
# Including singleton site patterns.
# cost function      : KL
Initial parameter values
Fixed:
      zero = 0
       one = 1
    Tbecnw = 75200
Free:
       pc1 = 0
       pc2 = 0
       pc3 = 0
       pc4 = 0
       pc5 = 0
       pc6 = 0
       pc7 = 0
       pc8 = 0
       pc9 = 0
      pc10 = 0
      pc11 = 0
      pc12 = 0
      pc13 = 0
      pc14 = 0
Constrained:
     Tecnw = 43859.4
       Tnw = 4390.9
       Tec = 8695.6
     twoNb = 1.16128e+06
     twoNe = 112678
     twoNn = 161205
     twoNw = 357474
    twoNec = 217470
    twoNnw = 116952
  twoNecnw = 27714.4
  twoNbecnw = 78896.3
        m2 = 0.0119841
        m3 = 0.271098
        m5 = 0.146345
        Tb = 26277.5
        Tc = 2195.45
        Te = 1097.73
DiffEv reached_goal. cost=2.49175e-03 spread=2.71886e-06
Fitted parameter values
Free:
       pc1 = 3.9938
       pc2 = 2.54227
       pc3 = 1.96904
       pc4 = 1.99999
       pc5 = 1.93445
       pc6 = -1.03594
       pc7 = 1.02268
       pc8 = -0.580543
       pc9 = 0.441055
      pc10 = 0.587768
      pc11 = -0.125715
      pc12 = 0.0168234
      pc13 = -0.0647734
      pc14 = -0.021138
Constrained:
     Tecnw = 44327.9
       Tnw = 86.1281
       Tec = 527.748
     twoNb = 2.55236e+06
     twoNe = 10800.9
     twoNn = 198413
     twoNw = 13180.3
    twoNec = 263714
    twoNnw = 137289
  twoNecnw = 26297.5
  twoNbecnw = 78206.6
        m2 = 0.0257647
        m3 = 0.282821
        m5 = 0.139179
        Tb = 22427.8
        Tc = 43.064
        Te = 21.532
#       SitePat  BranchLen
              b 139091.1901053
              e 53645.0385250
              c 56959.4020751
              n 49567.1366071
              w 52643.6894510
            b:e 2560.0839306
            b:c 2913.4631183
            b:n 2004.0837038
            b:w 2197.9047537
            e:c 11151.1134097
            e:n 6294.0635758
            e:w 5348.9164200
            c:n 5399.5235734
            c:w 4212.6447526
            n:w 13782.7589260
          b:e:c 2232.1959368
          b:e:n 1186.8330215
          b:e:w 1215.0954352
          b:c:n 1216.7739887
          b:c:w 1185.3864020
          b:n:w 2224.9662594
          e:c:n 6317.6226021
          e:c:w 5388.7054789
          e:n:w 8107.4898729
          c:n:w 6816.2562645
        b:e:c:n 2202.0219025
        b:e:c:w 1995.7162813
        b:e:n:w 2871.2954882
        b:c:n:w 2525.3660945
        e:c:n:w 57106.1845415
