########################################
# legofit: estimate population history #
#       version 2.3.4-4-g53f8760       #
########################################

# Program was compiled: Sep 21 2021 14:36:42
# Program was run: Wed Sep 22 15:57:45 2021

# cmd: legofit -1 -d 0 -t 32 --ptsPerDim 3 --stateOut b1boot22.state --tol 3e-6 -S 5000 bce2.lgo ../../boot/boot22.opf
# Stage nOptItr nSimReps
#     0    5000        0
# algorithm          : deterministic
# ignoring probs <=  : 0
# Branch length floor: 0
# DE strategy        : 2
#    F               : 0.3
#    CR              : 0.8
#    tolerance       : 3e-06
# nthreads           : 32
# lgo input file     : bce2.lgo
# site pat input file: ../../boot/boot22.opf
# free parameters    : 14
# points in DE swarm : 42
# output state file  : b1boot22.state
# Including singleton site patterns.
# cost function      : KL
Initial parameter values
Fixed:
      zero = 0
       one = 1
    Tbecnw = 75200
Free:
       pc1 = 0
       pc2 = 0
       pc3 = 0
       pc4 = 0
       pc5 = 0
       pc6 = 0
       pc7 = 0
       pc8 = 0
       pc9 = 0
      pc10 = 0
      pc11 = 0
      pc12 = 0
      pc13 = 0
      pc14 = 0
Constrained:
     Tecnw = 43859.4
       Tnw = 4390.9
       Tec = 8695.6
     twoNb = 1.16128e+06
     twoNe = 112678
     twoNn = 161205
     twoNw = 357474
    twoNec = 217470
    twoNnw = 116952
  twoNecnw = 27714.4
  twoNbecnw = 78896.3
        m2 = 0.0119841
        m3 = 0.271098
        m5 = 0.146345
        Tb = 26277.5
        Tc = 2195.45
        Te = 1097.73
DiffEv reached_goal. cost=2.51209e-03 spread=2.98888e-06
Fitted parameter values
Free:
       pc1 = 3.99996
       pc2 = 2.62434
       pc3 = 1.92887
       pc4 = 1.9661
       pc5 = 1.57691
       pc6 = -1.24475
       pc7 = 1.02883
       pc8 = -0.592969
       pc9 = 0.44483
      pc10 = 0.118536
      pc11 = -0.303447
      pc12 = 0.0505322
      pc13 = -0.0636333
      pc14 = 0.0645372
Constrained:
     Tecnw = 44224.2
       Tnw = 76.426
       Tec = 356.074
     twoNb = 2.49145e+06
     twoNe = 7268.25
     twoNn = 246299
     twoNw = 8128.35
    twoNec = 268506
    twoNnw = 137795
  twoNecnw = 26509.3
  twoNbecnw = 78479.3
        m2 = 0.0253993
        m3 = 0.286298
        m5 = 0.139864
        Tb = 22290.1
        Tc = 38.213
        Te = 19.1065
#       SitePat  BranchLen
              b 139242.1781561
              e 53693.8971319
              c 57016.2587069
              n 49648.8943918
              w 52702.0307792
            b:e 2578.6963296
            b:c 2933.9547581
            b:n 2025.5194530
            b:w 2218.6717867
            e:c 11125.1771495
            e:n 6333.5182612
            e:w 5416.5157591
            c:n 5455.7466507
            c:w 4258.3875675
            n:w 13743.0597673
          b:e:c 2240.8176729
          b:e:n 1201.5018277
          b:e:w 1232.0266448
          b:c:n 1233.7447511
          b:c:w 1200.0328844
          b:n:w 2233.5288620
          e:c:n 6355.5218052
          e:c:w 5432.7951356
          e:n:w 8147.1520172
          c:n:w 6852.8503001
        b:e:c:n 2222.8846494
        b:e:c:w 2016.8712330
        b:e:n:w 2891.1205277
        b:c:n:w 2543.4528802
        e:c:n:w 57126.5062720
