########################################
# legofit: estimate population history #
#       version 2.3.4-4-g53f8760       #
########################################

# Program was compiled: Sep 21 2021 14:36:42
# Program was run: Wed Sep 22 15:56:23 2021

# cmd: legofit -1 -d 0 -t 32 --ptsPerDim 3 --stateOut b1boot7.state --tol 3e-6 -S 5000 bce2.lgo ../../boot/boot7.opf
# Stage nOptItr nSimReps
#     0    5000        0
# algorithm          : deterministic
# ignoring probs <=  : 0
# Branch length floor: 0
# DE strategy        : 2
#    F               : 0.3
#    CR              : 0.8
#    tolerance       : 3e-06
# nthreads           : 32
# lgo input file     : bce2.lgo
# site pat input file: ../../boot/boot7.opf
# free parameters    : 14
# points in DE swarm : 42
# output state file  : b1boot7.state
# Including singleton site patterns.
# cost function      : KL
Initial parameter values
Fixed:
      zero = 0
       one = 1
    Tbecnw = 75200
Free:
       pc1 = 0
       pc2 = 0
       pc3 = 0
       pc4 = 0
       pc5 = 0
       pc6 = 0
       pc7 = 0
       pc8 = 0
       pc9 = 0
      pc10 = 0
      pc11 = 0
      pc12 = 0
      pc13 = 0
      pc14 = 0
Constrained:
     Tecnw = 43859.4
       Tnw = 4390.9
       Tec = 8695.6
     twoNb = 1.16128e+06
     twoNe = 112678
     twoNn = 161205
     twoNw = 357474
    twoNec = 217470
    twoNnw = 116952
  twoNecnw = 27714.4
  twoNbecnw = 78896.3
        m2 = 0.0119841
        m3 = 0.271098
        m5 = 0.146345
        Tb = 26277.5
        Tc = 2195.45
        Te = 1097.73
DiffEv reached_goal. cost=2.51549e-03 spread=2.68994e-06
Fitted parameter values
Free:
       pc1 = 3.98922
       pc2 = 2.9736
       pc3 = 1.89663
       pc4 = 1.92843
       pc5 = 1.94029
       pc6 = -0.545325
       pc7 = 0.868648
       pc8 = -0.296982
       pc9 = 0.31413
      pc10 = 0.227462
      pc11 = -0.318926
      pc12 = 0.215224
      pc13 = -0.0816574
      pc14 = -0.00652404
Constrained:
     Tecnw = 44119.8
       Tnw = 205.915
       Tec = 176.644
     twoNb = 2.542e+06
     twoNe = 1659.72
     twoNn = 123799
     twoNw = 71161.7
    twoNec = 269584
    twoNnw = 135804
  twoNecnw = 26428.3
  twoNbecnw = 78273.5
        m2 = 0.0252942
        m3 = 0.290677
        m5 = 0.13856
        Tb = 22148.2
        Tc = 102.958
        Te = 51.4788
#       SitePat  BranchLen
              b 139176.6981977
              e 53542.3152438
              c 56822.6759307
              n 49448.2907516
              w 52588.8334107
            b:e 2556.4955285
            b:c 2906.0472890
            b:n 2002.8056558
            b:w 2198.6718839
            e:c 11083.3273404
            e:n 6338.7424785
            e:w 5356.9115664
            c:n 5444.4802121
            c:w 4241.4892553
            n:w 13689.7150072
          b:e:c 2217.9063282
          b:e:n 1190.7707350
          b:e:w 1218.3603519
          b:c:n 1220.0506886
          b:c:w 1189.3005527
          b:n:w 2210.8211409
          e:c:n 6338.3456141
          e:c:w 5398.5532455
          e:n:w 8108.1668605
          c:n:w 6829.8979764
        b:e:c:n 2202.7727731
        b:e:c:w 1994.1386423
        b:e:n:w 2864.1259545
        b:c:n:w 2521.9468143
        e:c:n:w 57259.9798737
