########################################
# legofit: estimate population history #
#       version 2.3.4-4-g53f8760       #
########################################

# Program was compiled: Sep 21 2021 14:36:42
# Program was run: Wed Sep 22 15:58:04 2021

# cmd: legofit -1 -d 0 -t 32 --ptsPerDim 3 --stateOut b1boot33.state --tol 3e-6 -S 5000 bce2.lgo ../../boot/boot33.opf
# Stage nOptItr nSimReps
#     0    5000        0
# algorithm          : deterministic
# ignoring probs <=  : 0
# Branch length floor: 0
# DE strategy        : 2
#    F               : 0.3
#    CR              : 0.8
#    tolerance       : 3e-06
# nthreads           : 32
# lgo input file     : bce2.lgo
# site pat input file: ../../boot/boot33.opf
# free parameters    : 14
# points in DE swarm : 42
# output state file  : b1boot33.state
# Including singleton site patterns.
# cost function      : KL
Initial parameter values
Fixed:
      zero = 0
       one = 1
    Tbecnw = 75200
Free:
       pc1 = 0
       pc2 = 0
       pc3 = 0
       pc4 = 0
       pc5 = 0
       pc6 = 0
       pc7 = 0
       pc8 = 0
       pc9 = 0
      pc10 = 0
      pc11 = 0
      pc12 = 0
      pc13 = 0
      pc14 = 0
Constrained:
     Tecnw = 43859.4
       Tnw = 4390.9
       Tec = 8695.6
     twoNb = 1.16128e+06
     twoNe = 112678
     twoNn = 161205
     twoNw = 357474
    twoNec = 217470
    twoNnw = 116952
  twoNecnw = 27714.4
  twoNbecnw = 78896.3
        m2 = 0.0119841
        m3 = 0.271098
        m5 = 0.146345
        Tb = 26277.5
        Tc = 2195.45
        Te = 1097.73
DiffEv reached_goal. cost=2.49894e-03 spread=2.04921e-06
Fitted parameter values
Free:
       pc1 = 3.99387
       pc2 = 2.73845
       pc3 = 1.9051
       pc4 = 1.96059
       pc5 = 1.821
       pc6 = -0.887753
       pc7 = 0.859757
       pc8 = -0.543253
       pc9 = 0.721635
      pc10 = 0.586306
      pc11 = -0.213317
      pc12 = 0.156484
      pc13 = -0.0502864
      pc14 = -0.0555154
Constrained:
     Tecnw = 44290.1
       Tnw = 199.436
       Tec = 296.133
     twoNb = 2.47171e+06
     twoNe = 5027.27
     twoNn = 194639
     twoNw = 12388.6
    twoNec = 266138
    twoNnw = 135555
  twoNecnw = 26234.4
  twoNbecnw = 78121.2
        m2 = 0.025139
        m3 = 0.287119
        m5 = 0.14098
        Tb = 22293.1
        Tc = 99.7182
        Te = 49.8591
#       SitePat  BranchLen
              b 139098.8010590
              e 53524.6735563
              c 56845.2508220
              n 49514.9026147
              w 52490.4862163
            b:e 2541.0832060
            b:c 2894.7546218
            b:n 1994.4411373
            b:w 2181.0721805
            e:c 11107.5047369
            e:n 6225.7383171
            e:w 5410.9336659
            c:n 5425.8294989
            c:w 4187.8073821
            n:w 13724.6702914
          b:e:c 2215.2162391
          b:e:n 1176.0119598
          b:e:w 1213.9748008
          b:c:n 1215.6972924
          b:c:w 1174.5854501
          b:n:w 2207.9760825
          e:c:n 6286.9611134
          e:c:w 5380.2036337
          e:n:w 8095.1797127
          c:n:w 6789.7816351
        b:e:c:n 2185.2050020
        b:e:c:w 1985.7236063
        b:e:n:w 2852.1263764
        b:c:n:w 2506.0148926
        e:c:n:w 57242.1479802
