########################################
# legofit: estimate population history #
#       version 2.3.4-4-g53f8760       #
########################################

# Program was compiled: Sep 21 2021 14:36:42
# Program was run: Wed Sep 22 15:57:57 2021

# cmd: legofit -1 -d 0 -t 32 --ptsPerDim 3 --stateOut b1boot28.state --tol 3e-6 -S 5000 bce2.lgo ../../boot/boot28.opf
# Stage nOptItr nSimReps
#     0    5000        0
# algorithm          : deterministic
# ignoring probs <=  : 0
# Branch length floor: 0
# DE strategy        : 2
#    F               : 0.3
#    CR              : 0.8
#    tolerance       : 3e-06
# nthreads           : 32
# lgo input file     : bce2.lgo
# site pat input file: ../../boot/boot28.opf
# free parameters    : 14
# points in DE swarm : 42
# output state file  : b1boot28.state
# Including singleton site patterns.
# cost function      : KL
Initial parameter values
Fixed:
      zero = 0
       one = 1
    Tbecnw = 75200
Free:
       pc1 = 0
       pc2 = 0
       pc3 = 0
       pc4 = 0
       pc5 = 0
       pc6 = 0
       pc7 = 0
       pc8 = 0
       pc9 = 0
      pc10 = 0
      pc11 = 0
      pc12 = 0
      pc13 = 0
      pc14 = 0
Constrained:
     Tecnw = 43859.4
       Tnw = 4390.9
       Tec = 8695.6
     twoNb = 1.16128e+06
     twoNe = 112678
     twoNn = 161205
     twoNw = 357474
    twoNec = 217470
    twoNnw = 116952
  twoNecnw = 27714.4
  twoNbecnw = 78896.3
        m2 = 0.0119841
        m3 = 0.271098
        m5 = 0.146345
        Tb = 26277.5
        Tc = 2195.45
        Te = 1097.73
DiffEv reached_goal. cost=2.48774e-03 spread=2.20302e-06
Fitted parameter values
Free:
       pc1 = 3.98852
       pc2 = 2.74566
       pc3 = 1.97777
       pc4 = 1.91909
       pc5 = 1.70839
       pc6 = -0.958779
       pc7 = 0.848659
       pc8 = -0.665029
       pc9 = 0.616303
      pc10 = 0.240804
      pc11 = -0.348182
      pc12 = -0.0403083
      pc13 = -0.0314429
      pc14 = 0.0306779
Constrained:
     Tecnw = 44302.8
       Tnw = 211.81
       Tec = 260.851
     twoNb = 2.42408e+06
     twoNe = 3403.65
     twoNn = 213128
     twoNw = 11065.7
    twoNec = 266076
    twoNnw = 135849
  twoNecnw = 26474.9
  twoNbecnw = 78314.7
        m2 = 0.0260968
        m3 = 0.288605
        m5 = 0.140613
        Tb = 22281.8
        Tc = 105.905
        Te = 52.9524
#       SitePat  BranchLen
              b 139076.1034027
              e 53601.7615245
              c 57038.9367290
              n 49594.2138170
              w 52667.3052526
            b:e 2579.1030118
            b:c 2944.7687199
            b:n 2022.3534506
            b:w 2215.4473717
            e:c 11160.6422308
            e:n 6353.5045639
            e:w 5458.5487240
            c:n 5463.5951050
            c:w 4236.3704869
            n:w 13773.8501467
          b:e:c 2242.5866775
          b:e:n 1197.4487930
          b:e:w 1230.6215842
          b:c:n 1232.4593663
          b:c:w 1195.8610415
          b:n:w 2234.8645303
          e:c:n 6349.9758365
          e:c:w 5416.1205203
          e:n:w 8172.5426570
          c:n:w 6839.1453427
        b:e:c:n 2219.8983774
        b:e:c:w 2013.1743285
        b:e:n:w 2899.6827760
        b:c:n:w 2542.0768429
        e:c:n:w 56950.8386690
