########################################
# legofit: estimate population history #
#       version 2.3.4-4-g53f8760       #
########################################

# Program was compiled: Sep 21 2021 14:36:42
# Program was run: Wed Sep 22 15:57:45 2021

# cmd: legofit -1 -d 0 -t 32 --ptsPerDim 3 --stateOut b1boot21.state --tol 3e-6 -S 5000 bce2.lgo ../../boot/boot21.opf
# Stage nOptItr nSimReps
#     0    5000        0
# algorithm          : deterministic
# ignoring probs <=  : 0
# Branch length floor: 0
# DE strategy        : 2
#    F               : 0.3
#    CR              : 0.8
#    tolerance       : 3e-06
# nthreads           : 32
# lgo input file     : bce2.lgo
# site pat input file: ../../boot/boot21.opf
# free parameters    : 14
# points in DE swarm : 42
# output state file  : b1boot21.state
# Including singleton site patterns.
# cost function      : KL
Initial parameter values
Fixed:
      zero = 0
       one = 1
    Tbecnw = 75200
Free:
       pc1 = 0
       pc2 = 0
       pc3 = 0
       pc4 = 0
       pc5 = 0
       pc6 = 0
       pc7 = 0
       pc8 = 0
       pc9 = 0
      pc10 = 0
      pc11 = 0
      pc12 = 0
      pc13 = 0
      pc14 = 0
Constrained:
     Tecnw = 43859.4
       Tnw = 4390.9
       Tec = 8695.6
     twoNb = 1.16128e+06
     twoNe = 112678
     twoNn = 161205
     twoNw = 357474
    twoNec = 217470
    twoNnw = 116952
  twoNecnw = 27714.4
  twoNbecnw = 78896.3
        m2 = 0.0119841
        m3 = 0.271098
        m5 = 0.146345
        Tb = 26277.5
        Tc = 2195.45
        Te = 1097.73
DiffEv reached_goal. cost=2.49845e-03 spread=2.80558e-06
Fitted parameter values
Free:
       pc1 = 3.99462
       pc2 = 1.67295
       pc3 = 1.73192
       pc4 = 1.97237
       pc5 = 1.98857
       pc6 = -1.04419
       pc7 = 1.27964
       pc8 = -1.04363
       pc9 = 0.643382
      pc10 = 0.063518
      pc11 = -0.191858
      pc12 = 0.0500071
      pc13 = -0.0858566
      pc14 = -0.0670283
Constrained:
     Tecnw = 44147.5
       Tnw = 19.3737
       Tec = 956.464
     twoNb = 2.45406e+06
     twoNe = 22998.2
     twoNn = 216573
     twoNw = 10778.6
    twoNec = 254898
    twoNnw = 138785
  twoNecnw = 26407.2
  twoNbecnw = 78549.7
        m2 = 0.0274093
        m3 = 0.275686
        m5 = 0.146817
        Tb = 22552
        Tc = 9.68686
        Te = 4.84343
#       SitePat  BranchLen
              b 139341.2257156
              e 53597.1707341
              c 56955.9377519
              n 49572.9397823
              w 52525.8385788
            b:e 2581.5165415
            b:c 2950.1543110
            b:n 2018.6995678
            b:w 2200.5789427
            e:c 11183.6651622
            e:n 6254.2123245
            e:w 5395.3501370
            c:n 5403.5823241
            c:w 4218.3864719
            n:w 13806.0983186
          b:e:c 2242.5411428
          b:e:n 1187.6346098
          b:e:w 1220.9292468
          b:c:n 1222.7904238
          b:c:w 1186.1263876
          b:n:w 2234.4854803
          e:c:n 6318.1954555
          e:c:w 5426.1897313
          e:n:w 8195.1596702
          c:n:w 6855.0207981
        b:e:c:n 2205.0948996
        b:e:c:w 2009.7498912
        b:e:n:w 2903.5210963
        b:c:n:w 2543.4958919
        e:c:n:w 57327.6135058
