########################################
# legofit: estimate population history #
#       version 2.3.4-4-g53f8760       #
########################################

# Program was compiled: Sep 21 2021 14:36:42
# Program was run: Wed Sep 22 15:57:57 2021

# cmd: legofit -1 -d 0 -t 32 --ptsPerDim 3 --stateOut b1boot30.state --tol 3e-6 -S 5000 bce2.lgo ../../boot/boot30.opf
# Stage nOptItr nSimReps
#     0    5000        0
# algorithm          : deterministic
# ignoring probs <=  : 0
# Branch length floor: 0
# DE strategy        : 2
#    F               : 0.3
#    CR              : 0.8
#    tolerance       : 3e-06
# nthreads           : 32
# lgo input file     : bce2.lgo
# site pat input file: ../../boot/boot30.opf
# free parameters    : 14
# points in DE swarm : 42
# output state file  : b1boot30.state
# Including singleton site patterns.
# cost function      : KL
Initial parameter values
Fixed:
      zero = 0
       one = 1
    Tbecnw = 75200
Free:
       pc1 = 0
       pc2 = 0
       pc3 = 0
       pc4 = 0
       pc5 = 0
       pc6 = 0
       pc7 = 0
       pc8 = 0
       pc9 = 0
      pc10 = 0
      pc11 = 0
      pc12 = 0
      pc13 = 0
      pc14 = 0
Constrained:
     Tecnw = 43859.4
       Tnw = 4390.9
       Tec = 8695.6
     twoNb = 1.16128e+06
     twoNe = 112678
     twoNn = 161205
     twoNw = 357474
    twoNec = 217470
    twoNnw = 116952
  twoNecnw = 27714.4
  twoNbecnw = 78896.3
        m2 = 0.0119841
        m3 = 0.271098
        m5 = 0.146345
        Tb = 26277.5
        Tc = 2195.45
        Te = 1097.73
DiffEv reached_goal. cost=2.53073e-03 spread=2.41690e-06
Fitted parameter values
Free:
       pc1 = 3.99469
       pc2 = 2.6819
       pc3 = 1.86453
       pc4 = 1.99673
       pc5 = 1.91576
       pc6 = -0.741719
       pc7 = 1.46735
       pc8 = -0.404417
       pc9 = 0.311763
      pc10 = 0.396111
      pc11 = -0.171488
      pc12 = 0.070447
      pc13 = -0.0606708
      pc14 = -0.079942
Constrained:
     Tecnw = 44227.1
       Tnw = 230.071
       Tec = 272.879
     twoNb = 2.7377e+06
     twoNe = 3523.83
     twoNn = 144506
     twoNw = 13249.6
    twoNec = 267574
    twoNnw = 135701
  twoNecnw = 26422.8
  twoNbecnw = 78376
        m2 = 0.0250241
        m3 = 0.282119
        m5 = 0.1398
        Tb = 22250
        Tc = 115.035
        Te = 57.5177
#       SitePat  BranchLen
              b 139241.0648857
              e 53564.9990587
              c 56953.4067885
              n 49510.5847622
              w 52502.0422251
            b:e 2559.4385742
            b:c 2917.8978224
            b:n 2007.0646642
            b:w 2198.1454893
            e:c 11151.0084121
            e:n 6292.7832663
            e:w 5419.2853181
            c:n 5413.0337204
            c:w 4221.8014540
            n:w 13813.5376337
          b:e:c 2237.3851897
          b:e:n 1188.8040319
          b:e:w 1220.9821274
          b:c:n 1222.5038193
          b:c:w 1187.4968729
          b:n:w 2230.8282150
          e:c:n 6314.3885295
          e:c:w 5401.8519551
          e:n:w 8147.2725651
          c:n:w 6829.0662497
        b:e:c:n 2201.8878835
        b:e:c:w 1999.4452355
        b:e:n:w 2879.4185918
        b:c:n:w 2527.7768064
        e:c:n:w 57241.1894703
