########################################
# legofit: estimate population history #
#       version 2.3.4-4-g53f8760       #
########################################

# Program was compiled: Sep 21 2021 14:36:42
# Program was run: Wed Sep 22 15:56:39 2021

# cmd: legofit -1 -d 0 -t 32 --ptsPerDim 3 --stateOut b1boot17.state --tol 3e-6 -S 5000 bce2.lgo ../../boot/boot17.opf
# Stage nOptItr nSimReps
#     0    5000        0
# algorithm          : deterministic
# ignoring probs <=  : 0
# Branch length floor: 0
# DE strategy        : 2
#    F               : 0.3
#    CR              : 0.8
#    tolerance       : 3e-06
# nthreads           : 32
# lgo input file     : bce2.lgo
# site pat input file: ../../boot/boot17.opf
# free parameters    : 14
# points in DE swarm : 42
# output state file  : b1boot17.state
# Including singleton site patterns.
# cost function      : KL
Initial parameter values
Fixed:
      zero = 0
       one = 1
    Tbecnw = 75200
Free:
       pc1 = 0
       pc2 = 0
       pc3 = 0
       pc4 = 0
       pc5 = 0
       pc6 = 0
       pc7 = 0
       pc8 = 0
       pc9 = 0
      pc10 = 0
      pc11 = 0
      pc12 = 0
      pc13 = 0
      pc14 = 0
Constrained:
     Tecnw = 43859.4
       Tnw = 4390.9
       Tec = 8695.6
     twoNb = 1.16128e+06
     twoNe = 112678
     twoNn = 161205
     twoNw = 357474
    twoNec = 217470
    twoNnw = 116952
  twoNecnw = 27714.4
  twoNbecnw = 78896.3
        m2 = 0.0119841
        m3 = 0.271098
        m5 = 0.146345
        Tb = 26277.5
        Tc = 2195.45
        Te = 1097.73
DiffEv reached_goal. cost=2.49181e-03 spread=2.10321e-06
Fitted parameter values
Free:
       pc1 = 3.99641
       pc2 = 2.50535
       pc3 = 1.94137
       pc4 = 1.95786
       pc5 = 1.90475
       pc6 = -1.08228
       pc7 = 0.966698
       pc8 = -0.791084
       pc9 = 0.385936
      pc10 = 0.353901
      pc11 = -0.214724
      pc12 = -0.137373
      pc13 = -0.0595859
      pc14 = 0.0208848
Constrained:
     Tecnw = 44334.4
       Tnw = 92.2238
       Tec = 431.496
     twoNb = 2.45205e+06
     twoNe = 8557.63
     twoNn = 210441
     twoNw = 16071.4
    twoNec = 262723
    twoNnw = 137587
  twoNecnw = 26450.4
  twoNbecnw = 78329.2
        m2 = 0.026762
        m3 = 0.282582
        m5 = 0.139403
        Tb = 22382.9
        Tc = 46.1119
        Te = 23.056
#       SitePat  BranchLen
              b 139060.5424699
              e 53739.9529852
              c 57065.8430719
              n 49658.6234087
              w 52757.3422867
            b:e 2591.2406123
            b:c 2949.7807840
            b:n 2024.8477916
            b:w 2218.5625904
            e:c 11219.3166629
            e:n 6327.2718516
            e:w 5371.3368046
            c:n 5428.9153082
            c:w 4235.5727978
            n:w 13835.6881829
          b:e:c 2253.9970939
          b:e:n 1197.9163293
          b:e:w 1226.0108517
          b:c:n 1227.8399261
          b:c:w 1196.3449728
          b:n:w 2246.1102368
          e:c:n 6349.2974379
          e:c:w 5416.7501954
          e:n:w 8158.7899812
          c:n:w 6858.6862497
        b:e:c:n 2223.0569624
        b:e:c:w 2015.8485165
        b:e:n:w 2904.2063132
        b:c:n:w 2553.7426185
        e:c:n:w 56895.0554712
