########################################
# legofit: estimate population history #
#       version 2.3.4-4-g53f8760       #
########################################

# Program was compiled: Sep 21 2021 14:36:42
# Program was run: Wed Sep 22 15:56:39 2021

# cmd: legofit -1 -d 0 -t 32 --ptsPerDim 3 --stateOut b1boot14.state --tol 3e-6 -S 5000 bce2.lgo ../../boot/boot14.opf
# Stage nOptItr nSimReps
#     0    5000        0
# algorithm          : deterministic
# ignoring probs <=  : 0
# Branch length floor: 0
# DE strategy        : 2
#    F               : 0.3
#    CR              : 0.8
#    tolerance       : 3e-06
# nthreads           : 32
# lgo input file     : bce2.lgo
# site pat input file: ../../boot/boot14.opf
# free parameters    : 14
# points in DE swarm : 42
# output state file  : b1boot14.state
# Including singleton site patterns.
# cost function      : KL
Initial parameter values
Fixed:
      zero = 0
       one = 1
    Tbecnw = 75200
Free:
       pc1 = 0
       pc2 = 0
       pc3 = 0
       pc4 = 0
       pc5 = 0
       pc6 = 0
       pc7 = 0
       pc8 = 0
       pc9 = 0
      pc10 = 0
      pc11 = 0
      pc12 = 0
      pc13 = 0
      pc14 = 0
Constrained:
     Tecnw = 43859.4
       Tnw = 4390.9
       Tec = 8695.6
     twoNb = 1.16128e+06
     twoNe = 112678
     twoNn = 161205
     twoNw = 357474
    twoNec = 217470
    twoNnw = 116952
  twoNecnw = 27714.4
  twoNbecnw = 78896.3
        m2 = 0.0119841
        m3 = 0.271098
        m5 = 0.146345
        Tb = 26277.5
        Tc = 2195.45
        Te = 1097.73
DiffEv reached_goal. cost=2.49792e-03 spread=2.75200e-06
Fitted parameter values
Free:
       pc1 = 3.996
       pc2 = 2.50243
       pc3 = 1.93692
       pc4 = 1.93412
       pc5 = 1.88726
       pc6 = -0.66243
       pc7 = 1.38785
       pc8 = -0.316875
       pc9 = 0.303005
      pc10 = 0.0991334
      pc11 = -0.246168
      pc12 = 0.111438
      pc13 = -0.0496249
      pc14 = -0.0561831
Constrained:
     Tecnw = 44151.7
       Tnw = 112.557
       Tec = 551.88
     twoNb = 2.72528e+06
     twoNe = 11732.3
     twoNn = 138199
     twoNw = 33041.6
    twoNec = 266095
    twoNnw = 136078
  twoNecnw = 26509.4
  twoNbecnw = 78511.8
        m2 = 0.0253763
        m3 = 0.284753
        m5 = 0.141014
        Tb = 22351.8
        Tc = 56.2785
        Te = 28.1393
#       SitePat  BranchLen
              b 139319.1158748
              e 53663.8400572
              c 56972.0466362
              n 49524.9839530
              w 52559.3680598
            b:e 2573.0078338
            b:c 2928.8275105
            b:n 2015.4140528
            b:w 2207.9061885
            e:c 11128.3992223
            e:n 6301.1083947
            e:w 5390.1041139
            c:n 5435.3823940
            c:w 4243.4134609
            n:w 13810.9675895
          b:e:c 2241.1179398
          b:e:n 1194.9874583
          b:e:w 1226.0476440
          b:c:n 1227.6123439
          b:c:w 1193.6689263
          b:n:w 2234.4569956
          e:c:n 6334.6797595
          e:c:w 5417.8432214
          e:n:w 8161.2506870
          c:n:w 6858.2433194
        b:e:c:n 2211.7297187
        b:e:c:w 2007.5464603
        b:e:n:w 2889.6942467
        b:c:n:w 2540.8458445
        e:c:n:w 57270.6222808
