########################################
# legofit: estimate population history #
#       version 2.3.4-4-g53f8760       #
########################################

# Program was compiled: Sep 21 2021 14:36:42
# Program was run: Wed Sep 22 15:58:18 2021

# cmd: legofit -1 -d 0 -t 32 --ptsPerDim 3 --stateOut b1boot45.state --tol 3e-6 -S 5000 bce2.lgo ../../boot/boot45.opf
# Stage nOptItr nSimReps
#     0    5000        0
# algorithm          : deterministic
# ignoring probs <=  : 0
# Branch length floor: 0
# DE strategy        : 2
#    F               : 0.3
#    CR              : 0.8
#    tolerance       : 3e-06
# nthreads           : 32
# lgo input file     : bce2.lgo
# site pat input file: ../../boot/boot45.opf
# free parameters    : 14
# points in DE swarm : 42
# output state file  : b1boot45.state
# Including singleton site patterns.
# cost function      : KL
Initial parameter values
Fixed:
      zero = 0
       one = 1
    Tbecnw = 75200
Free:
       pc1 = 0
       pc2 = 0
       pc3 = 0
       pc4 = 0
       pc5 = 0
       pc6 = 0
       pc7 = 0
       pc8 = 0
       pc9 = 0
      pc10 = 0
      pc11 = 0
      pc12 = 0
      pc13 = 0
      pc14 = 0
Constrained:
     Tecnw = 43859.4
       Tnw = 4390.9
       Tec = 8695.6
     twoNb = 1.16128e+06
     twoNe = 112678
     twoNn = 161205
     twoNw = 357474
    twoNec = 217470
    twoNnw = 116952
  twoNecnw = 27714.4
  twoNbecnw = 78896.3
        m2 = 0.0119841
        m3 = 0.271098
        m5 = 0.146345
        Tb = 26277.5
        Tc = 2195.45
        Te = 1097.73
DiffEv reached_goal. cost=2.55968e-03 spread=2.58087e-06
Fitted parameter values
Free:
       pc1 = 3.99609
       pc2 = 2.39743
       pc3 = 1.97997
       pc4 = 1.97839
       pc5 = 1.98467
       pc6 = -0.698466
       pc7 = 1.28015
       pc8 = -0.555909
       pc9 = 0.391299
      pc10 = 0.347789
      pc11 = -0.154269
      pc12 = 0.127174
      pc13 = -0.0831978
      pc14 = -0.0338218
Constrained:
     Tecnw = 44206.9
       Tnw = 321.087
       Tec = 674.571
     twoNb = 2.66391e+06
     twoNe = 11880.2
     twoNn = 152086
     twoNw = 26433.7
    twoNec = 262159
    twoNnw = 136560
  twoNecnw = 26335.2
  twoNbecnw = 78378.4
        m2 = 0.0261104
        m3 = 0.2826
        m5 = 0.141244
        Tb = 22440.8
        Tc = 160.544
        Te = 80.2718
#       SitePat  BranchLen
              b 139259.6043959
              e 53575.2747841
              c 56920.6904875
              n 49559.9048929
              w 52554.1659467
            b:e 2561.2054919
            b:c 2919.5884520
            b:n 2006.7335159
            b:w 2194.3169618
            e:c 11123.6943250
            e:n 6271.4409187
            e:w 5396.2372489
            c:n 5410.6703093
            c:w 4215.4844581
            n:w 13731.8870471
          b:e:c 2227.9456884
          b:e:n 1185.4865965
          b:e:w 1217.9112157
          b:c:n 1219.5508869
          b:c:w 1184.0987083
          b:n:w 2220.9299987
          e:c:n 6312.8958301
          e:c:w 5404.1954528
          e:n:w 8139.3449833
          c:n:w 6827.8701244
        b:e:c:n 2198.3062521
        b:e:c:w 1998.5792101
        b:e:n:w 2878.5488291
        b:c:n:w 2527.4966418
        e:c:n:w 57309.2360183
