########################################
# legofit: estimate population history #
#       version 2.3.4-4-g53f8760       #
########################################

# Program was compiled: Sep 21 2021 14:36:42
# Program was run: Wed Sep 22 15:56:39 2021

# cmd: legofit -1 -d 0 -t 32 --ptsPerDim 3 --stateOut b1boot15.state --tol 3e-6 -S 5000 bce2.lgo ../../boot/boot15.opf
# Stage nOptItr nSimReps
#     0    5000        0
# algorithm          : deterministic
# ignoring probs <=  : 0
# Branch length floor: 0
# DE strategy        : 2
#    F               : 0.3
#    CR              : 0.8
#    tolerance       : 3e-06
# nthreads           : 32
# lgo input file     : bce2.lgo
# site pat input file: ../../boot/boot15.opf
# free parameters    : 14
# points in DE swarm : 42
# output state file  : b1boot15.state
# Including singleton site patterns.
# cost function      : KL
Initial parameter values
Fixed:
      zero = 0
       one = 1
    Tbecnw = 75200
Free:
       pc1 = 0
       pc2 = 0
       pc3 = 0
       pc4 = 0
       pc5 = 0
       pc6 = 0
       pc7 = 0
       pc8 = 0
       pc9 = 0
      pc10 = 0
      pc11 = 0
      pc12 = 0
      pc13 = 0
      pc14 = 0
Constrained:
     Tecnw = 43859.4
       Tnw = 4390.9
       Tec = 8695.6
     twoNb = 1.16128e+06
     twoNe = 112678
     twoNn = 161205
     twoNw = 357474
    twoNec = 217470
    twoNnw = 116952
  twoNecnw = 27714.4
  twoNbecnw = 78896.3
        m2 = 0.0119841
        m3 = 0.271098
        m5 = 0.146345
        Tb = 26277.5
        Tc = 2195.45
        Te = 1097.73
DiffEv reached_goal. cost=2.49471e-03 spread=2.71788e-06
Fitted parameter values
Free:
       pc1 = 3.9859
       pc2 = 2.95336
       pc3 = 1.96613
       pc4 = 1.96494
       pc5 = 1.63542
       pc6 = -0.61618
       pc7 = 0.119169
       pc8 = -0.215947
       pc9 = 0.81932
      pc10 = 0.641474
      pc11 = -0.28216
      pc12 = 0.111733
      pc13 = 0.0662969
      pc14 = -0.0601682
Constrained:
     Tecnw = 44400.1
       Tnw = 48.9912
       Tec = 388.543
     twoNb = 2.3202e+06
     twoNe = 9792.05
     twoNn = 190055
     twoNw = 111545
    twoNec = 268626
    twoNnw = 133155
  twoNecnw = 26232.2
  twoNbecnw = 77899.3
        m2 = 0.0246618
        m3 = 0.296788
        m5 = 0.140159
        Tb = 22394.3
        Tc = 24.4956
        Te = 12.2478
#       SitePat  BranchLen
              b 138877.7271420
              e 53668.9714035
              c 56920.8675513
              n 49454.3497259
              w 52570.5272022
            b:e 2542.9349534
            b:c 2891.7885267
            b:n 1988.8286725
            b:w 2184.2209798
            e:c 11067.9266123
            e:n 6252.3477962
            e:w 5356.5462324
            c:n 5451.3089201
            c:w 4186.3915764
            n:w 13783.5532179
          b:e:c 2215.5073639
          b:e:n 1177.8716991
          b:e:w 1214.2357550
          b:c:n 1216.0700397
          b:c:w 1176.3535280
          b:n:w 2208.0185310
          e:c:n 6289.9925504
          e:c:w 5351.7290653
          e:n:w 8077.4061481
          c:n:w 6788.5830959
        b:e:c:n 2188.5595166
        b:e:c:w 1979.3245814
        b:e:n:w 2847.5130144
        b:c:n:w 2506.4637641
        e:c:n:w 56984.5513756
