########################################
# legofit: estimate population history #
#       version 2.3.4-4-g53f8760       #
########################################

# Program was compiled: Sep 21 2021 14:36:42
# Program was run: Wed Sep 22 15:57:56 2021

# cmd: legofit -1 -d 0 -t 32 --ptsPerDim 3 --stateOut b1boot25.state --tol 3e-6 -S 5000 bce2.lgo ../../boot/boot25.opf
# Stage nOptItr nSimReps
#     0    5000        0
# algorithm          : deterministic
# ignoring probs <=  : 0
# Branch length floor: 0
# DE strategy        : 2
#    F               : 0.3
#    CR              : 0.8
#    tolerance       : 3e-06
# nthreads           : 32
# lgo input file     : bce2.lgo
# site pat input file: ../../boot/boot25.opf
# free parameters    : 14
# points in DE swarm : 42
# output state file  : b1boot25.state
# Including singleton site patterns.
# cost function      : KL
Initial parameter values
Fixed:
      zero = 0
       one = 1
    Tbecnw = 75200
Free:
       pc1 = 0
       pc2 = 0
       pc3 = 0
       pc4 = 0
       pc5 = 0
       pc6 = 0
       pc7 = 0
       pc8 = 0
       pc9 = 0
      pc10 = 0
      pc11 = 0
      pc12 = 0
      pc13 = 0
      pc14 = 0
Constrained:
     Tecnw = 43859.4
       Tnw = 4390.9
       Tec = 8695.6
     twoNb = 1.16128e+06
     twoNe = 112678
     twoNn = 161205
     twoNw = 357474
    twoNec = 217470
    twoNnw = 116952
  twoNecnw = 27714.4
  twoNbecnw = 78896.3
        m2 = 0.0119841
        m3 = 0.271098
        m5 = 0.146345
        Tb = 26277.5
        Tc = 2195.45
        Te = 1097.73
DiffEv reached_goal. cost=2.52733e-03 spread=2.80041e-06
Fitted parameter values
Free:
       pc1 = 3.98539
       pc2 = 2.14345
       pc3 = 1.69808
       pc4 = 1.94876
       pc5 = 1.80157
       pc6 = -1.20431
       pc7 = 1.27751
       pc8 = -0.623345
       pc9 = 0.517188
      pc10 = 0.478578
      pc11 = -0.0410709
      pc12 = -0.0338519
      pc13 = 0.00805242
      pc14 = 0.0394198
Constrained:
     Tecnw = 44360.4
       Tnw = 95.7032
       Tec = 842.831
     twoNb = 2.54141e+06
     twoNe = 19017
     twoNn = 221438
     twoNw = 5055.59
    twoNec = 265349
    twoNnw = 138496
  twoNecnw = 26388.5
  twoNbecnw = 78366.3
        m2 = 0.0250747
        m3 = 0.277332
        m5 = 0.142381
        Tb = 22601.6
        Tc = 47.8516
        Te = 23.9258
#       SitePat  BranchLen
              b 139175.3079269
              e 53771.1001538
              c 57153.2101146
              n 49756.5951486
              w 52614.5800779
            b:e 2568.7134084
            b:c 2929.3652864
            b:n 2019.7456463
            b:w 2203.2852026
            e:c 11110.5654797
            e:n 6240.8804945
            e:w 5452.9432333
            c:n 5401.8154338
            c:w 4224.7978468
            n:w 13798.7895994
          b:e:c 2243.3392878
          b:e:n 1192.5817812
          b:e:w 1228.3885663
          b:c:n 1230.0043387
          b:c:w 1191.2443210
          b:n:w 2236.3138180
          e:c:n 6298.3875521
          e:c:w 5420.2794417
          e:n:w 8151.4710727
          c:n:w 6828.9106683
        b:e:c:n 2207.2867544
        b:e:c:w 2011.7784598
        b:e:n:w 2888.2026771
        b:c:n:w 2534.9333777
        e:c:n:w 57074.5724898
