########################################
# legofit: estimate population history #
#       version 2.3.4-4-g53f8760       #
########################################

# Program was compiled: Sep 21 2021 14:36:42
# Program was run: Wed Sep 22 15:56:20 2021

# cmd: legofit -1 -d 0 -t 32 --ptsPerDim 3 --stateOut b1boot3.state --tol 3e-6 -S 5000 bce2.lgo ../../boot/boot3.opf
# Stage nOptItr nSimReps
#     0    5000        0
# algorithm          : deterministic
# ignoring probs <=  : 0
# Branch length floor: 0
# DE strategy        : 2
#    F               : 0.3
#    CR              : 0.8
#    tolerance       : 3e-06
# nthreads           : 32
# lgo input file     : bce2.lgo
# site pat input file: ../../boot/boot3.opf
# free parameters    : 14
# points in DE swarm : 42
# output state file  : b1boot3.state
# Including singleton site patterns.
# cost function      : KL
Initial parameter values
Fixed:
      zero = 0
       one = 1
    Tbecnw = 75200
Free:
       pc1 = 0
       pc2 = 0
       pc3 = 0
       pc4 = 0
       pc5 = 0
       pc6 = 0
       pc7 = 0
       pc8 = 0
       pc9 = 0
      pc10 = 0
      pc11 = 0
      pc12 = 0
      pc13 = 0
      pc14 = 0
Constrained:
     Tecnw = 43859.4
       Tnw = 4390.9
       Tec = 8695.6
     twoNb = 1.16128e+06
     twoNe = 112678
     twoNn = 161205
     twoNw = 357474
    twoNec = 217470
    twoNnw = 116952
  twoNecnw = 27714.4
  twoNbecnw = 78896.3
        m2 = 0.0119841
        m3 = 0.271098
        m5 = 0.146345
        Tb = 26277.5
        Tc = 2195.45
        Te = 1097.73
DiffEv reached_goal. cost=2.52901e-03 spread=2.95747e-06
Fitted parameter values
Free:
       pc1 = 3.99093
       pc2 = 1.84458
       pc3 = 1.94278
       pc4 = 1.97655
       pc5 = 1.65945
       pc6 = -0.996578
       pc7 = 1.7952
       pc8 = -0.314413
       pc9 = 0.305102
      pc10 = -0.00867942
      pc11 = -0.200289
      pc12 = 0.0298126
      pc13 = -0.110758
      pc14 = 0.0147648
Constrained:
     Tecnw = 44207.3
       Tnw = 68.4494
       Tec = 1100.78
     twoNb = 2.8667e+06
     twoNe = 26519.3
     twoNn = 197144
     twoNw = 11964.9
    twoNec = 260244
    twoNnw = 138597
  twoNecnw = 26591.1
  twoNbecnw = 78777.6
        m2 = 0.0248404
        m3 = 0.278871
        m5 = 0.143823
        Tb = 22654
        Tc = 34.2247
        Te = 17.1124
#       SitePat  BranchLen
              b 139488.3943356
              e 53762.8232371
              c 57074.2544641
              n 49735.5724073
              w 52681.5323072
            b:e 2579.2512638
            b:c 2937.5567795
            b:n 2035.6804091
            b:w 2229.4975194
            e:c 11174.8795246
            e:n 6274.1140996
            e:w 5434.1907079
            c:n 5442.5541669
            c:w 4257.7547562
            n:w 13821.2590581
          b:e:c 2260.9272184
          b:e:n 1203.2911048
          b:e:w 1238.0199056
          b:c:n 1239.4593623
          b:c:w 1202.1190268
          b:n:w 2254.7157340
          e:c:n 6367.1801396
          e:c:w 5459.1704671
          e:n:w 8169.3182475
          c:n:w 6859.0610963
        b:e:c:n 2233.0501611
        b:e:c:w 2028.6171605
        b:e:n:w 2901.3283367
        b:c:n:w 2549.5772511
        e:c:n:w 57295.3239943
